66 74 67 54 32 53 123 153 69 17 63 8 0 66 71 40 66 128 43 105 55 92 52 23 72 84 102 29 76 140 68 101 25 65 48 37 84 183 255 107 25 71 91 39 37 36 39 29 57 32 111 185 115 35 81 137 38 80 122 10 56 43 60 26 21 34 82 47 49 153 211 96 50 0 0 12 18 35 1 60 70 61 119 63 23 73 174 145 0 33 29 0 6 0 39 44 33 92 133 127
39 80 82 55 12 79 151 126 57 9 61 93 53 103 138 78 43 21 53 31 156 132 97 41 0 39 18 52 52 24 92 109 50 27 42 38 67 173 175 56 85 0 60 77 19 47 78 64 79 25 118 124 80 64 74 53 58 106 111 104 125 88 64 81 79 14 116 105 46 134 123 44 56 6 33 49 23 36 35 50 59 121 152 100 26 41 116 65 51 59 13 43 40 103 160 83 37 81 123 84
43 44 37 31 24 128 199 162 51 34 46 106 35 38 102 74 39 46 97 148 200 183 90 95 90 71 98 52 7 36 52 72 61 48 19 65 135 92 65 22 101 116 43 25 79 78 60 120 104 6 68 69 77 5 85 39 120 147 163 136 92 126 125 93 52 20 103 134 87 66 0 45 0 2 7 6 19 10 22 54 73 40 45 20 12 47 23 15 22 43 46 76 68 151 201 130 39 35 49 13
8 5 41 41 81 163 182 153 110 99 48 92 82 38 35 5 25 35 62 107 151 142 94 42 96 62 62 113 93 43 54 50 15 36 40 97 173 43 24 13 55 39 83 34 33 112 37 54 62 32 80 102 47 50 28 23 64 91 59 35 30 50 166 96 54 58 83 118 115 162 171 113 10 38 26 24 57 18 35 70 54 33 64 50 31 8 0 73 52 22 50 14 62 130 134 134 103 58 19 41
46 36 67 51 180 254 198 137 127 116 70 59 69 28 30 24 60 45 70 3 37 65 115 30 51 72 14 115 115 0 32 8 75 35 68 34 16 19 41 41 70 83 102 86 80 105 56 84 21 41 37 82 112 0 43 17 76 131 16 89 158 19 120 63 42 66 65 80 112 147 180 91 56 35 40 60 46 0 27 13 24 59 48 93 123 29 48 22 78 40 92 80 103 97 54 72 94 72 9 73
93 67 53 57 198 222 152 108 88 83 84 43 19 8 66 86 8 25 123 105 39 32 26 13 40 45 14 51 79 34 21 30 58 48 52 63 14 27 20 18 71 134 37 71 69 13 84 76 76 40 20 85 131 58 20 73 25 53 10 68 128 97 106 64 15 24 58 69 119 103 100 138 88 50 31 50 39 6 30 25 8 37 53 101 126 27 59 37 94 58 61 107 59 32 32 44 31 60 25 64
41 77 45 90 118 65 51 48 84 87 75 85 104 98 93 67 64 37 84 114 92 50 54 100 106 70 9 86 114 26 17 27 23 39 25 92 107 45 39 67 25 59 25 30 51 16 31 36 29 41 37 41 97 41 12 0 84 64 97 37 12 134 130 105 84 29 79 53 41 107 104 90 76 47 13 24 27 28 34 46 30 8 44 60 61 28 35 35 59 29 4 59 50 26 5 0 60 88 101 74
52 119 25 92 88 76 121 81 76 117 53 90 151 130 71 49 74 95 23 97 82 73 83 121 171 139 67 98 102 54 73 60 36 3 95 113 149 72 51 67 73 51 30 52 64 7 20 10 7 7 31 57 35 72 0 49 85 99 124 74 10 18 27 26 32 39 80 72 58 100 63 83 84 32 39 67 21 48 57 16 40 65 71 92 88 111 130 51 68 66 54 12 50 29 10 64 91 75 118 43
160 127 55 33 33 17 89 120 149 122 69 19 51 44 41 41 80 135 32 1 14 34 76 131 227 176 76 20 42 77 90 89 25 26 71 122 42 35 34 63 70 65 149 152 92 41 4 54 47 6 31 88 70 38 38 50 103 117 77 42 67 60 51 101 56 32 57 75 15 46 55 3 57 36 13 18 70 94 111 52 32 75 58 66 67 145 154 29 98 54 63 26 51 71 23 103 80 55 47 63
137 131 40 7 33 15 25 119 193 227 226 100 85 39 37 0 6 27 59 19 69 59 33 75 141 110 5 49 55 0 25 7 88 28 57 52 109 135 51 42 20 99 179 147 101 14 46 79 45 7 43 100 62 7 34 93 84 135 113 112 104 49 90 123 54 62 48 70 37 31 43 25 52 20 45 93 92 59 120 154 107 76 56 59 43 113 126 46 59 37 59 32 41 126 40 90 96 35 27 56
27 34 29 21 77 26 28 140 175 169 179 129 136 84 64 17 29 0 49 24 76 43 3 34 69 13 43 33 48 79 38 59 100 74 27 34 173 136 73 20 45 50 136 151 83 9 71 79 84 45 39 37 17 21 80 126 12 71 86 102 124 90 119 109 30 79 48 82 100 61 25 0 1 51 81 30 9 101 208 179 88 36 66 102 80 116 120 87 41 32 55 36 22 87 37 68 119 33 21 52
58 39 18 15 60 121 131 104 38 58 76 96 91 93 53 9 47 41 48 71 72 24 41 50 54 35 2 48 41 3 40 25 57 32 25 5 99 84 20 65 17 0 60 74 21 62 61 34 24 34 57 48 49 50 49 17 112 130 127 70 123 148 121 102 87 125 72 33 32 29 55 96 22 7 25 17 0 73 178 191 56 19 45 103 120 138 152 151 58 15 31 24 18 19 78 143 142 79 56 64
117 74 0 8 3 126 193 163 120 42 8 82 75 39 0 16 51 119 134 138 95 39 92 57 46 38 90 71 42 55 40 57 74 48 33 53 100 120 16 21 33 32 33 61 73 69 4 25 68 83 108 86 77 57 62 47 38 83 93 43 97 103 37 31 96 49 23 6 27 35 19 34 4 28 65 53 22 75 126 118 54 39 16 73 132 133 157 159 112 16 41 43 41 19 51 126 114 109 88 77
104 111 71 23 32 31 124 123 103 102 100 85 41 10 30 78 77 126 147 73 52 38 97 42 40 83 137 60 8 37 17 17 29 78 68 111 106 136 81 31 86 41 20 116 153 51 28 41 14 45 77 42 45 29 37 16 51 89 57 54 77 49 36 72 75 2 44 66 59 25 0 9 10 37 60 47 9 9 2 15 66 54 14 56 104 80 125 147 128 2 29 32 53 112 71 141 52 75 50 15
22 76 101 0 80 54 109 61 79 57 59 120 117 60 27 74 49 59 66 19 15 21 71 51 46 40 60 36 15 10 3 50 60 108 177 88 12 42 13 47 53 16 9 80 87 71 102 45 42 55 70 33 63 61 75 52 4 40 67 122 94 60 51 96 106 40 88 128 129 77 31 11 1 31 26 15 22 53 68 147 143 61 26 58 71 30 77 114 146 44 32 5 33 102 86 129 55 69 61 47
35 15 20 14 26 3 29 93 134 95 37 126 126 106 23 56 24 59 70 130 77 25 41 60 36 3 27 1 31 74 38 85 101 122 149 90 103 83 72 38 69 41 18 46 13 58 60 73 68 36 40 33 65 26 46 69 61 87 186 213 99 71 27 79 74 62 90 86 62 19 29 20 91 97 50 16 7 15 51 209 218 56 46 106 108 38 15 5 17 8 16 14 55 29 65 49 72 54 48 41
50 72 34 59 31 77 138 150 184 86 27 86 36 57 112 155 82 93 118 117 85 29 13 48 55 51 30 31 84 85 15 68 60 59 38 58 80 31 64 56 111 64 44 55 50 34 71 136 85 7 40 55 50 0 43 30 5 41 166 193 73 127 59 35 18 8 75 48 54 80 75 76 170 187 82 46 54 19 126 197 135 61 13 53 93 69 99 40 0 4 37 17 57 38 30 24 14 50 25 24
50 84 62 54 40 43 94 107 127 49 27 72 42 48 104 215 204 117 31 44 7 55 41 36 103 65 69 64 89 67 16 33 38 21 0 78 72 70 74 48 31 55 58 17 21 47 147 183 105 21 35 139 78 5 26 35 105 116 32 54 75 111 54 0 24 19 95 66 96 139 98 91 111 83 11 19 66 37 78 111 85 27 54 41 51 72 125 106 62 0 10 24 36 43 75 68 60 30 28 87
14 5 20 65 87 7 25 54 52 18 107 150 82 65 93 128 126 123 100 112 39 72 50 24 36 98 136 53 12 41 79 121 89 84 48 79 49 131 164 119 66 37 16 63 59 57 109 163 82 55 32 71 48 29 32 113 107 86 29 63 19 8 60 7 20 37 67 24 45 72 40 33 23 19 44 60 85 53 40 55 57 11 117 192 118 32 77 118 69 18 57 70 32 37 91 116 117 63 39 95
27 28 43 60 81 62 70 33 36 37 80 142 181 95 35 62 43 24 79 64 0 20 103 37 7 66 79 70 18 49 62 143 139 70 48 118 154 181 154 93 91 91 68 39 45 113 95 32 44 49 78 24 44 40 18 89 11 35 65 81 91 52 20 0 29 71 54 33 53 49 41 37 63 27 58 44 83 107 60 33 47 34 141 211 77 59 44 61 51 35 34 28 38 71 79 86 75 73 19 19
4 47 90 100 57 79 69 0 34 67 105 152 159 61 43 23 7 5 29 26 49 39 96 85 73 64 24 95 15 74 30 59 99 38 4 47 94 116 62 24 109 80 117 72 53 69 73 80 58 12 55 42 37 18 23 32 40 34 69 35 79 95 56 27 71 122 128 86 58 34 26 85 51 81 171 116 65 61 61 98 47 23 87 156 32 121 36 29 30 38 48 40 50 68 39 16 44 70 37 35
48 84 109 118 33 84 121 127 63 53 141 227 133 27 84 28 30 28 0 50 85 41 36 78 105 80 45 116 10 104 79 49 112 117 69 30 4 78 49 55 74 40 34 40 15 95 51 29 129 99 10 25 18 36 61 81 77 52 47 49 140 111 37 10 10 37 105 98 103 104 21 76 73 101 181 151 93 45 40 77 41 32 24 187 90 64 21 17 13 25 89 84 35 17 36 45 40 22 17 56
0 76 109 125 75 125 119 123 89 26 40 181 196 49 35 87 72 7 13 130 71 59 59 1 85 70 56 108 78 104 94 93 104 77 89 92 47 53 6 24 37 60 62 88 22 69 69 54 153 191 56 27 29 95 58 134 99 38 95 105 81 51 61 48 100 52 18 18 74 125 59 64 96 86 85 63 50 22 42 62 50 60 26 123 85 0 38 33 48 16 40 29 33 23 58 89 71 34 16 61
1 33 59 141 146 105 19 43 17 24 46 121 147 54 0 19 26 57 32 77 46 38 48 55 43 134 106 14 45 46 73 120 76 44 117 79 25 12 28 47 59 34 56 46 86 32 110 40 97 118 78 23 6 110 37 161 94 67 90 37 88 123 60 41 26 71 24 45 47 49 70 66 66 68 32 9 25 26 77 84 96 15 58 30 80 42 49 107 89 73 57 30 98 56 17 33 89 90 48 67
49 0 75 101 102 54 67 129 29 9 29 119 72 53 116 44 95 101 26 57 65 1 38 62 68 86 151 45 56 50 46 53 54 67 21 76 30 5 39 59 45 46 57 70 119 11 82 60 72 78 30 63 46 90 17 109 82 98 189 126 79 66 65 33 33 57 23 96 81 23 36 94 95 77 101 44 26 42 109 70 126 86 16 40 108 19 101 104 49 75 51 57 61 25 73 50 74 49 39 42
88 33 71 57 83 28 67 80 38 23 30 32 35 21 48 17 56 12 70 91 57 61 59 56 61 41 46 91 170 80 56 67 90 67 33 19 2 59 40 48 17 17 64 76 55 27 67 68 0 16 13 80 108 55 69 65 65 48 122 134 67 75 78 49 4 23 0 13 24 18 44 62 52 64 93 46 47 36 58 106 137 71 38 99 81 0 72 43 27 25 4 57 60 30 33 53 98 49 4 0
86 11 12 51 108 52 68 57 105 111 47 7 34 99 66 100 96 87 16 61 92 58 70 26 46 43 34 47 166 163 61 11 50 37 11 61 57 47 19 14 63 18 73 62 11 20 24 57 127 108 0 66 49 95 117 60 39 20 78 68 48 10 36 13 52 118 106 104 17 56 66 113 64 47 44 35 61 24 6 140 56 60 80 39 33 74 94 0 78 40 4 23 25 65 22 70 69 83 97 86
49 37 61 116 108 67 54 79 113 129 92 4 97 115 75 74 89 39 16 45 56 63 85 68 16 34 37 16 67 99 52 52 36 47 22 60 37 17 33 39 52 48 55 41 133 95 26 134 160 97 123 18 68 19 116 89 27 44 39 7 53 22 34 37 125 89 72 22 12 38 64 84 78 84 41 6 40 103 103 145 140 8 118 145 150 170 134 62 104 120 15 87 104 78 69 26 44 34 30 23
18 29 65 74 88 102 42 16 107 156 90 63 66 90 36 28 61 52 13 12 45 65 73 69 102 115 47 44 27 25 90 88 40 67 91 47 12 62 47 19 78 33 11 23 74 41 13 51 117 87 137 143 150 91 77 126 148 145 58 59 54 78 49 69 116 70 31 46 28 79 26 24 59 30 5 43 36 96 153 143 145 71 54 61 146 203 127 93 111 54 23 76 138 132 95 93 119 66 31 34
4 19 105 81 126 105 63 43 53 84 73 38 40 0 27 13 34 79 58 11 90 114 18 24 57 68 18 7 1 49 142 130 97 65 48 65 41 47 72 32 57 14 4 64 13 27 69 19 2 67 110 177 163 103 73 121 138 76 47 53 4 19 41 53 80 78 108 29 21 4 47 78 30 51 74 101 36 98 177 95 115 84 12 106 140 155 97 31 63 30 35 66 131 116 91 37 38 11 12 35
46 10 55 60 151 102 62 28 21 62 78 128 86 36 29 33 37 67 18 15 18 37 108 81 54 54 55 59 63 74 136 179 76 36 10 128 113 56 136 76 8 65 54 105 89 42 44 14 61 85 33 44 85 124 164 168 126 44 101 67 37 2 36 7 43 68 84 36 31 21 53 92 42 36 69 107 48 54 103 64 99 148 60 63 97 75 38 16 16 0 51 30 88 154 138 96 37 13 15 39
43 32 27 36 109 97 93 68 92 97 131 176 156 70 42 45 41 17 25 14 35 41 0 20 77 97 34 87 164 144 188 150 65 50 53 81 61 125 247 190 77 63 101 138 90 14 84 19 46 80 102 99 118 122 142 128 80 34 97 85 104 101 65 3 126 80 51 0 56 22 62 77 40 39 51 46 42 79 93 61 46 108 125 2 26 27 39 13 12 28 74 117 144 146 165 89 23 25 46 67
26 107 62 16 110 76 89 115 97 34 16 108 128 49 27 42 13 20 39 14 0 17 31 64 94 77 59 75 134 102 104 38 7 84 22 0 32 93 236 254 196 245 243 125 118 11 34 12 47 83 85 104 51 23 14 10 0 30 108 133 135 115 119 20 130 77 77 12 25 69 84 90 21 20 92 27 32 75 87 54 29 114 116 46 76 63 69 46 38 65 83 186 183 135 104 46 3 0 88 68
82 76 63 30 20 41 117 69 60 69 63 33 30 48 35 8 30 11 13 11 30 51 28 17 41 63 57 61 56 23 46 30 5 66 29 91 139 50 144 127 149 237 247 163 54 58 25 68 69 124 191 129 3 47 43 60 8 76 153 166 129 28 111 26 59 83 45 0 45 52 85 54 34 54 89 25 36 28 30 48 69 107 157 86 100 72 93 103 84 20 58 127 175 99 70 60 121 103 49 104
94 34 6 49 53 33 60 50 42 19 30 17 12 21 12 40 21 7 10 14 32 42 15 0 6 33 24 31 8 0 16 21 57 0 97 174 159 118 89 100 184 252 252 244 183 132 61 47 160 180 169 62 36 93 56 32 40 64 91 113 30 43 60 22 0 48 46 97 73 97 77 13 21 34 52 65 115 57 48 102 50 55 76 57 51 17 103 105 30 23 45 101 90 55 81 144 147 125 11 57
192 186 93 70 81 62 44 76 26 16 22 13 15 23 9 11 5 6 11 10 10 11 5 4 2 10 2 8 10 2 18 13 14 0 37 76 87 92 84 93 220 233 245 255 255 130 81 148 144 153 102 47 80 71 122 73 35 19 60 61 33 85 65 4 65 59 153 101 90 46 36 47 40 66 38 0 35 55 68 23 57 33 51 109 5 82 11 10 65 64 3 77 72 34 33 17 70 51 64 57
203 180 107 104 110 112 64 38 2 30 19 8 11 25 29 0 10 6 0 4 9 8 9 5 1 4 18 5 19 0 14 6 33 5 21 38 0 84 111 47 26 119 26 135 238 254 215 166 103 83 76 113 87 56 167 78 45 77 57 103 22 58 46 6 107 71 85 15 127 107 16 66 56 32 24 26 20 47 104 49 50 110 156 170 20 32 74 61 29 31 43 80 86 25 92 120 46 13 122 143
146 96 44 58 54 55 16 0 5 22 6 13 7 0 24 21 8 11 4 15 18 10 15 10 3 0 23 3 27 0 14 2 17 37 27 0 63 36 79 2 39 164 148 199 245 250 134 46 49 76 116 141 57 26 81 49 87 66 113 69 82 46 62 47 84 109 60 55 79 85 0 16 42 61 83 58 10 51 105 26 0 1 133 93 57 75 67 16 34 23 86 71 42 54 70 114 80 21 57 132
0 64 89 60 29 39 29 23 18 43 37 6 0 0 8 0 0 14 12 24 17 0 15 16 8 0 13 3 23 14 15 6 25 19 32 83 8 104 16 72 122 57 254 245 255 236 83 158 79 81 79 55 83 56 34 9 14 23 92 57 55 89 18 39 93 62 39 31 68 45 58 28 61 51 31 23 15 15 29 30 26 34 48 73 13 77 69 44 63 64 150 137 57 97 36 38 70 51 30 82
87 74 83 58 7 4 20 24 19 18 36 16 8 17 0 5 3 11 0 15 15 0 13 8 7 9 17 12 3 5 2 12 6 22 38 35 51 16 58 142 141 109 244 249 255 255 253 239 135 98 103 26 84 16 64 29 48 150 164 98 30 57 24 38 91 58 36 35 62 30 51 81 116 129 63 35 93 93 29 23 40 0 53 17 16 32 47 51 90 46 130 131 92 75 69 57 27 93 126 125
106 113 43 4 7 0 10 1 11 8 8 9 10 9 8 8 1 0 5 9 6 1 4 12 8 6 16 14 13 6 0 21 14 24 14 14 28 26 50 110 11 195 254 255 228 217 255 249 87 62 104 55 109 39 96 15 3 104 153 119 60 27 42 69 101 56 40 93 114 41 61 82 110 120 109 55 58 31 66 29 62 60 2 35 55 53 16 73 113 128 59 6 8 11 39 86 55 140 254 245
153 70 57 43 60 35 8 10 11 7 4 4 6 7 5 4 12 20 21 13 7 8 8 4 11 5 11 10 16 14 4 25 7 12 2 7 27 28 49 101 114 204 252 255 248 148 248 244 118 82 94 115 86 90 76 115 114 52 69 53 24 40 26 20 75 40 16 89 156 80 27 47 12 50 79 53 33 41 56 6 46 84 106 122 127 86 48 26 38 13 13 112 117 56 35 92 119 166 216 255
129 32 57 64 71 19 3 3 14 8 2 1 5 7 5 2 6 20 21 9 7 18 18 7 11 2 4 3 13 15 3 20 23 19 4 6 20 11 13 44 23 68 224 252 255 181 250 255 255 239 244 71 53 31 97 108 173 149 25 32 64 24 44 41 71 64 50 62 88 82 45 62 103 37 21 45 42 64 65 61 65 85 140 74 77 124 42 0 52 50 72 159 102 35 16 63 58 59 34 95
21 4 5 34 44 15 40 21 19 14 6 3 6 11 9 4 0 7 9 3 5 15 15 7 6 0 3 0 8 9 0 9 8 2 0 10 30 26 23 39 4 112 89 115 228 240 255 252 217 255 255 246 91 80 119 120 122 92 54 52 42 49 96 104 83 53 76 67 7 25 19 38 59 47 53 36 29 74 94 124 14 112 25 32 77 106 75 41 26 49 47 69 51 36 18 9 14 81 123 160
35 50 0 7 13 17 11 0 19 17 10 5 7 13 12 6 11 6 4 6 7 3 0 0 0 0 10 7 11 10 0 8 19 6 0 5 18 16 15 24 61 84 82 29 87 255 255 243 253 234 248 255 43 7 40 0 39 34 29 48 43 49 98 110 33 24 55 35 19 106 99 78 40 49 47 0 10 46 83 145 71 49 14 90 26 29 75 20 30 43 27 25 62 31 28 42 0 56 130 118
48 40 6 0 1 35 0 36 14 16 12 5 5 12 12 6 18 7 3 10 12 6 1 1 0 3 17 14 20 20 5 16 16 6 6 22 40 58 79 97 58 21 44 95 92 48 70 143 235 255 239 56 44 9 16 44 9 48 0 37 64 20 61 86 10 26 30 8 52 106 55 44 68 33 14 24 75 62 35 50 12 0 44 49 59 57 8 10 45 64 62 55 99 35 38 73 76 48 67 36
92 47 21 21 9 20 0 25 7 15 15 7 4 10 12 7 8 5 2 5 13 17 13 7 1 4 14 11 21 25 8 15 13 5 8 12 10 16 34 48 62 12 146 170 166 219 226 236 242 240 255 240 85 74 32 34 25 0 28 28 7 36 45 58 20 21 51 86 123 67 10 56 51 39 18 33 34 55 56 35 64 69 35 40 29 16 54 16 6 33 47 65 121 100 87 67 37 25 28 27
116 50 0 33 44 34 40 4 5 16 19 10 5 11 14 10 2 7 4 0 7 21 17 0 6 3 7 2 16 22 3 5 13 12 23 25 9 3 13 20 30 9 57 41 16 26 1 53 109 147 245 249 202 38 56 52 32 50 25 0 14 32 32 19 48 82 117 71 57 47 41 23 47 19 26 114 51 34 42 39 21 41 70 167 84 27 30 4 71 92 95 94 95 112 141 135 51 52 10 24
40 17 63 80 72 54 79 74 57 7 4 5 5 11 0 5 11 6 14 5 5 12 0 0 9 5 3 8 15 14 5 0 0 3 8 2 36 20 8 0 15 25 40 24 60 174 183 15 100 112 207 99 255 222 64 0 64 47 102 123 56 2 48 68 36 60 125 83 103 137 89 35 37 27 39 111 25 12 54 73 26 44 53 119 53 59 148 42 66 82 78 26 98 137 61 92 79 59 60 35
41 107 96 54 26 49 129 128 79 15 10 9 0 5 12 18 14 9 15 5 6 15 6 8 10 7 8 14 21 22 14 6 14 11 10 12 36 35 27 17 2 14 43 53 96 115 94 94 117 132 56 104 234 236 255 117 46 72 211 209 86 42 118 111 33 18 25 36 126 101 80 24 39 56 52 77 36 66 85 31 5 42 70 57 87 74 59 97 48 17 18 71 93 106 34 87 185 149 129 84
39 121 112 60 46 82 120 120 43 0 5 24 11 11 14 11 15 8 13 2 2 12 4 6 11 9 10 16 22 24 19 13 20 7 0 12 14 27 22 12 17 33 0 90 155 186 44 120 241 255 252 206 255 241 255 244 99 37 190 112 25 43 76 118 55 10 18 21 42 56 85 45 0 12 25 59 39 24 54 44 29 29 66 23 132 209 111 36 49 61 60 59 29 86 65 50 212 149 100 45
79 61 87 40 49 88 92 139 90 50 27 27 26 17 14 26 15 10 15 4 4 12 2 3 9 8 7 10 14 17 17 15 29 15 8 26 7 22 17 8 0 12 25 63 142 102 25 102 235 245 121 127 252 245 248 238 167 62 53 46 89 55 89 96 11 50 18 72 83 86 44 7 50 43 14 3 19 27 82 78 32 75 107 115 42 157 154 123 22 55 90 82 54 55 77 60 143 112 95 54
98 41 83 37 31 56 95 142 82 72 24 11 34 14 0 16 14 11 20 13 14 22 10 9 6 5 3 4 7 12 17 20 16 8 10 31 7 15 10 5 37 38 36 46 32 0 28 112 79 22 158 249 96 238 253 255 238 90 36 31 93 36 38 44 67 48 0 76 26 32 79 35 64 73 61 48 57 36 78 76 76 100 121 38 127 195 198 37 20 39 36 26 11 1 41 71 26 65 113 84
7 8 34 41 56 97 174 152 55 77 40 35 67 45 16 24 6 5 17 13 16 25 13 13 5 6 7 8 10 14 21 25 0 0 2 20 12 11 7 8 7 26 0 60 0 40 11 0 37 43 141 247 166 255 242 240 179 39 94 17 2 29 44 119 76 46 53 22 13 31 18 41 60 54 40 35 29 3 77 120 104 75 46 33 53 119 73 59 28 84 61 60 38 62 30 18 58 98 142 106
51 53 6 35 46 87 110 68 49 66 38 25 28 20 19 7 4 2 13 7 10 20 9 10 10 14 18 19 17 16 18 21 13 7 9 14 31 18 14 18 26 29 31 1 8 46 61 45 2 60 124 207 216 229 255 230 177 169 177 92 16 10 106 155 98 9 62 15 3 67 38 20 35 32 20 40 64 68 91 59 24 4 25 33 81 167 128 99 49 46 36 81 69 69 22 30 98 93 102 67
71 49 0 49 46 69 6 14 12 35 46 53 32 30 42 0 14 10 17 8 9 17 7 8 16 22 28 28 22 15 12 11 24 11 3 0 28 7 0 4 0 1 31 13 31 29 20 89 133 66 46 81 64 160 226 174 224 255 203 77 14 9 87 159 41 30 0 55 25 23 87 94 66 22 24 108 115 54 51 48 43 63 65 39 62 60 48 58 55 25 74 128 129 81 35 26 27 14 29 11
91 53 24 56 21 67 37 100 95 33 4 38 75 46 0 4 19 17 24 8 3 12 3 8 13 18 38 0 18 1 17 0 28 14 3 4 7 5 4 6 0 13 3 7 62 95 96 230 210 19 44 60 74 48 126 157 252 234 254 255 88 76 32 43 50 8 16 10 8 36 75 40 4 26 60 26 39 53 0 12 40 101 86 26 32 12 33 54 14 51 1 61 84 104 103 89 50 18 34 65
150 50 54 60 35 10 2 112 158 101 29 38 40 25 11 0 27 18 16 11 7 2 0 0 15 14 20 9 16 7 10 2 19 9 2 4 7 8 11 16 2 22 13 20 2 61 60 122 86 25 14 0 140 205 252 246 255 254 255 241 164 22 77 0 88 14 58 53 37 4 31 62 45 23 31 65 51 53 25 83 117 101 57 19 31 20 39 39 29 76 10 4 14 57 41 10 18 0 27 71
125 25 56 59 89 84 34 64 99 86 42 68 25 9 37 19 16 6 0 6 10 1 5 7 17 12 7 22 16 16 8 14 14 9 7 7 8 10 16 23 18 43 29 22 0 26 27 45 50 37 21 62 169 235 245 255 227 229 242 255 73 151 63 52 135 51 22 43 63 58 99 121 42 62 69 65 61 105 94 48 65 89 97 70 47 37 63 47 68 66 35 46 18 20 40 110 68 37 47 79
65 25 33 24 45 104 83 71 43 55 71 128 76 54 60 29 27 22 2 6 9 6 15 7 9 9 8 19 13 14 11 18 11 11 11 9 7 7 11 16 22 38 18 0 32 0 2 28 17 97 98 47 232 251 248 247 112 236 255 244 157 251 72 20 82 81 13 75 66 50 134 147 38 47 77 56 69 76 144 111 78 115 135 131 99 56 57 58 67 36 56 79 30 29 41 92 104 71 56 60
31 13 7 20 25 35 45 10 9 84 171 174 75 54 81 107 59 61 38 13 4 11 12 0 0 7 18 7 7 4 15 16 10 12 14 14 13 12 10 8 15 18 7 0 40 10 10 15 85 188 252 240 230 255 255 246 153 246 217 255 202 27 98 11 83 70 15 50 47 21 137 175 80 35 24 37 87 76 120 77 51 82 98 127 90 9 45 168 156 49 52 72 24 30 21 11 83 82 78 68
114 78 56 44 55 26 85 40 57 92 120 75 48 68 78 80 51 57 54 12 1 24 18 9 0 15 30 13 9 5 20 22 17 21 25 30 36 35 24 12 34 33 42 62 35 84 72 25 22 139 245 255 29 225 255 232 221 114 173 255 255 230 65 51 63 13 50 21 79 83 103 67 0 49 39 27 9 28 52 46 48 43 8 53 81 43 46 129 124 42 66 86 37 44 66 72 52 71 76 58
72 71 88 79 58 25 74 39 48 75 64 20 43 27 45 58 30 31 58 15 4 36 19 32 14 24 25 30 12 14 15 30 24 27 31 42 55 55 34 11 40 51 75 86 46 141 119 65 46 101 241 210 224 246 241 237 234 255 206 176 253 255 66 39 48 14 84 12 35 90 69 13 121 142 77 51 30 28 16 57 88 105 59 49 38 34 28 45 51 96 136 96 37 28 23 3 41 39 25 12
108 49 25 59 35 48 56 45 0 29 23 44 117 49 73 104 43 34 75 30 11 35 4 33 20 23 8 40 6 15 1 30 22 23 28 41 57 56 29 0 10 36 65 41 54 135 112 94 87 102 226 67 255 236 255 255 255 234 136 97 75 15 30 8 23 12 68 84 63 127 88 44 66 82 37 15 65 63 44 87 103 90 36 21 2 35 61 66 58 81 78 75 86 54 34 53 81 49 19 26
133 133 29 72 73 80 41 55 0 39 14 82 79 26 98 99 65 16 65 51 19 6 5 11 7 12 8 3 15 15 16 21 28 55 48 28 41 36 21 51 73 58 48 72 61 84 86 60 58 34 154 214 245 255 244 212 255 252 56 49 36 29 20 31 71 101 141 146 118 117 133 106 48 97 60 6 56 44 5 10 37 42 17 19 41 40 128 124 55 22 13 15 62 71 53 112 105 32 1 17
22 102 67 14 28 60 79 54 40 1 4 80 77 11 26 63 62 24 65 44 20 15 14 12 1 6 3 0 8 16 22 27 25 47 52 45 36 7 2 48 108 121 77 43 4 25 28 35 33 49 107 42 255 204 234 255 21 137 69 66 89 15 10 4 61 86 94 99 109 83 66 70 46 107 80 15 13 38 19 0 35 25 26 50 65 121 142 113 61 71 58 28 37 81 61 40 18 44 46 50
78 11 81 52 48 22 29 0 39 13 34 97 101 79 103 128 145 65 58 38 36 28 22 26 44 27 7 8 17 26 16 7 32 20 6 8 7 0 24 75 111 83 26 1 58 76 54 35 140 227 165 137 255 255 208 194 51 141 67 77 44 12 27 31 18 46 31 11 19 57 67 77 14 40 40 31 6 29 25 14 14 7 50 10 78 139 151 139 110 148 67 17 26 63 43 41 58 28 24 47
103 51 118 54 114 105 23 75 21 54 52 86 91 109 181 159 133 71 49 20 34 44 53 61 0 20 42 51 10 0 2 28 11 17 19 37 47 42 38 24 75 29 26 0 56 46 91 125 188 204 214 111 51 62 6 87 23 69 96 145 29 7 24 28 20 58 86 101 45 103 102 87 84 52 39 40 26 21 29 32 47 71 104 57 123 130 95 111 110 111 45 48 22 80 121 101 88 81 111 116
34 59 131 114 126 138 30 28 48 63 30 19 29 65 95 40 39 51 55 10 13 26 51 65 61 58 65 92 62 55 36 33 62 74 40 26 56 94 91 32 44 31 80 59 42 34 101 165 127 117 85 7 79 100 83 107 42 37 140 154 89 43 34 7 23 29 27 65 0 50 42 89 71 47 55 39 64 42 54 40 12 28 38 159 166 152 39 42 41 111 42 32 14 31 52 72 15 78 110 72
46 60 111 157 30 39 86 51 42 37 36 8 89 208 178 119 42 35 32 24 41 15 33 77 113 110 92 85 37 63 68 67 31 73 60 94 189 240 179 43 56 37 49 69 33 70 33 18 0 39 38 57 110 85 39 28 58 34 48 29 43 72 46 46 96 115 44 18 11 66 31 110 81 36 54 34 54 3 23 12 8 36 97 238 124 45 12 61 128 74 3 45 45 73 96 63 81 65 112 139
6 27 8 40 43 81 92 11 59 53 55 26 112 215 169 142 81 36 8 38 92 48 43 87 78 68 23 7 0 88 87 34 26 74 60 118 237 255 194 55 84 55 54 95 131 195 127 92 57 0 102 108 132 73 19 54 64 74 41 41 30 52 23 36 0 74 68 22 95 140 77 96 117 23 22 12 17 14 78 70 38 47 58 111 77 40 31 49 115 98 53 60 42 14 43 91 96 22 117 203
26 25 78 48 16 22 45 28 79 66 40 55 100 94 86 129 84 77 45 42 94 64 32 23 39 77 60 38 18 119 104 19 63 97 40 44 108 118 83 15 50 8 26 53 148 143 47 0 51 100 20 17 50 48 103 0 82 41 20 48 81 61 90 53 57 85 103 26 93 107 81 80 132 47 47 31 10 61 110 25 50 148 84 50 40 75 8 33 40 50 60 65 56 52 59 31 117 58 87 97
10 7 45 52 31 13 52 48 71 22 27 27 101 36 70 43 19 21 40 38 118 117 39 28 81 104 100 48 45 44 96 25 78 73 40 57 76 113 45 28 52 31 61 11 140 140 63 38 34 38 75 42 33 69 116 103 42 0 34 79 146 65 89 119 66 113 119 70 54 34 14 64 88 34 35 24 65 121 68 14 63 154 150 56 95 118 81 59 43 58 37 100 79 82 196 109 28 38 44 49
26 35 19 59 87 50 20 84 135 111 17 76 129 23 10 41 31 43 66 37 77 84 50 59 79 50 18 78 93 122 60 54 156 84 39 84 71 76 53 15 95 100 83 77 129 144 63 45 51 20 30 62 52 58 70 55 37 32 17 49 115 94 69 118 41 150 202 158 86 17 20 33 17 15 21 99 111 65 27 37 27 74 74 32 60 67 36 37 37 19 12 28 28 96 197 176 117 132 92 48
26 54 12 52 88 92 44 125 204 161 59 89 114 64 39 30 29 40 73 37 42 51 46 51 74 39 85 100 117 65 2 67 85 29 41 104 46 14 39 0 120 146 86 71 42 54 63 88 7 61 40 82 90 41 18 79 75 37 14 34 55 48 46 146 75 51 114 182 113 27 82 45 16 52 61 33 25 77 101 31 20 1 0 6 24 34 23 54 31 58 51 56 96 132 119 97 96 159 123 61
82 70 33 45 23 53 67 128 150 113 106 44 77 64 49 36 29 21 56 31 17 21 31 26 31 7 106 55 109 45 45 83 39 105 70 10 50 101 110 102 252 148 27 59 86 21 49 52 30 96 23 23 66 38 36 99 51 12 41 7 10 39 38 27 32 23 45 85 72 15 70 68 0 51 82 3 90 153 91 15 37 16 36 89 83 71 36 51 16 60 23 40 83 113 101 44 39 85 39 4
115 57 22 28 8 27 125 201 170 103 68 26 159 120 62 46 8 13 78 77 40 12 21 7 71 70 111 68 55 52 69 67 41 82 151 105 49 51 29 14 81 94 52 48 63 19 64 9 26 47 29 29 39 26 57 29 45 14 74 60 24 0 3 38 40 9 65 110 61 15 64 61 43 30 67 32 31 67 43 16 34 40 68 90 50 33 11 34 10 66 63 65 47 97 120 74 42 60 33 33
25 55 47 48 61 13 58 66 129 101 42 38 83 29 63 60 37 46 103 96 51 30 65 60 53 65 82 69 24 38 87 97 44 16 165 180 28 5 28 53 83 67 38 111 110 40 23 7 64 50 22 0 9 18 74 60 79 83 48 21 64 105 43 25 58 60 64 119 124 44 11 58 77 97 26 47 58 61 0 2 86 105 105 70 33 43 83 159 30 156 152 61 18 49 33 97 108 75 51 50
16 101 59 28 62 40 122 113 119 90 35 36 17 5 103 76 20 43 111 139 141 128 110 36 42 21 27 22 34 20 47 58 42 94 140 108 55 77 33 39 55 53 36 109 121 107 48 31 69 65 24 5 51 76 62 38 39 54 33 36 92 77 30 38 47 90 75 99 47 19 22 3 22 43 38 64 19 0 5 56 16 48 55 29 40 32 53 134 2 194 195 109 70 60 0 59 124 50 31 23
24 100 47 39 46 25 151 158 102 91 76 51 59 37 116 150 75 51 56 81 148 194 172 59 40 31 30 37 51 35 17 59 72 75 110 131 50 70 48 8 10 39 72 122 137 120 43 26 43 65 71 48 17 64 51 9 6 29 57 13 50 22 63 52 53 90 21 82 52 21 40 31 44 56 85 18 72 75 38 31 0 24 38 40 94 47 11 63 11 137 106 71 0 22 61 25 10 35 148 170
84 59 18 0 23 36 46 57 64 90 104 127 65 24 95 128 95 54 0 0 95 156 136 54 53 29 21 103 0 102 77 94 103 61 65 47 21 104 49 22 50 104 105 182 183 101 42 35 80 129 126 79 69 83 19 13 25 44 41 30 29 28 63 15 22 71 54 28 48 60 6 23 76 81 18 2 15 3 0 71 51 59 140 45 109 19 69 36 0 64 63 46 11 34 43 16 48 13 163 222
101 99 56 57 3 77 53 6 50 118 151 72 33 22 34 21 17 0 25 61 127 161 92 48 77 84 46 89 13 90 75 58 96 81 67 77 60 116 69 3 47 77 50 129 111 29 30 32 78 99 116 92 89 119 58 43 56 130 155 79 27 37 81 45 7 20 16 50 30 39 33 42 84 61 26 28 43 83 52 0 10 71 101 121 116 16 79 31 15 73 92 59 31 23 15 61 98 89 37 85
33 44 15 65 33 131 103 69 125 158 124 21 48 74 131 132 147 27 38 9 90 162 77 47 42 76 29 43 16 40 34 11 20 50 30 13 12 92 90 56 101 128 75 120 73 0 50 58 89 129 179 115 65 136 117 96 126 104 136 144 133 84 61 57 38 18 36 81 36 18 0 36 125 95 55 45 43 89 77 32 81 47 13 128 123 18 63 21 59 9 51 54 53 60 52 82 107 88 1 79
7 28 29 85 116 121 94 129 99 165 76 0 53 132 221 130 67 40 19 35 61 0 78 71 81 129 93 77 130 162 132 83 151 72 24 10 0 69 79 47 105 144 83 84 81 61 92 65 32 87 195 150 63 116 99 76 46 55 128 130 123 90 49 47 88 78 136 152 131 80 3 72 94 138 83 36 48 67 43 65 54 18 45 41 31 0 49 10 37 43 64 3 80 216 199 94 97 10 18 55
5 38 61 95 121 74 33 58 54 105 53 30 65 139 186 70 53 90 76 9 25 79 144 111 52 88 59 12 122 191 124 48 91 93 39 111 163 90 37 60 10 116 104 38 39 57 65 43 28 11 102 125 51 49 11 1 14 71 153 103 89 99 76 74 38 49 117 139 143 92 55 77 60 205 171 48 4 28 68 170 134 56 91 49 49 17 63 63 54 137 105 13 126 218 166 90 41 11 87 51
43 57 51 83 92 132 86 37 21 4 22 27 29 75 75 49 46 85 60 81 47 33 53 85 72 64 43 22 94 114 45 31 75 77 46 125 67 9 107 61 7 122 144 55 41 63 72 62 69 27 62 92 52 55 27 10 34 32 69 52 86 93 47 30 50 41 59 98 88 85 142 80 69 141 125 77 56 68 57 76 9 73 127 84 59 40 79 50 63 166 140 26 70 140 84 0 10 38 58 52
72 67 12 30 37 111 74 38 17 25 79 50 56 77 46 31 57 51 71 26 29 52 0 50 71 50 30 63 75 41 0 24 38 90 57 78 70 51 101 52 56 61 45 19 39 61 88 46 3 9 17 39 36 66 50 10 12 48 79 42 70 85 46 7 68 39 33 71 61 128 150 65 58 57 41 37 10 10 8 24 37 44 35 53 90 62 122 168 129 75 95 95 75 84 45 39 120 74 12 52
81 95 31 22 23 24 0 60 51 54 92 104 144 83 64 78 103 91 79 0 82 83 65 55 24 35 1 54 63 56 19 0 8 116 134 116 170 103 6 65 132 70 36 50 37 23 104 78 63 52 9 28 45 73 69 38 4 67 104 54 49 44 32 23 27 8 39 78 101 219 114 58 47 70 54 38 18 30 31 49 66 83 117 112 152 79 126 217 183 75 95 118 93 82 23 96 108 57 67 87
122 119 60 18 20 22 38 71 49 31 34 74 145 68 40 64 122 39 34 22 82 55 48 94 103 93 121 95 83 65 49 30 1 66 168 183 202 160 75 16 64 93 43 27 20 20 57 32 53 95 72 45 101 104 59 105 85 60 58 57 54 67 35 32 17 27 41 92 176 219 113 35 71 90 64 21 38 8 28 60 68 101 58 92 106 39 81 130 114 62 70 91 18 49 52 97 24 83 78 61
168 149 32 0 52 30 36 52 59 13 52 27 74 66 8 2 5 35 91 86 110 122 89 120 123 140 148 145 72 14 74 83 35 26 61 100 82 47 90 64 59 70 72 90 48 43 69 34 88 110 88 43 80 101 51 118 147 81 33 24 56 46 17 42 16 5 14 57 160 145 87 34 55 57 33 53 37 80 47 27 117 61 28 120 75 32 94 130 124 68 95 122 44 7 39 50 62 141 131 87
127 99 37 11 35 33 26 73 75 41 45 13 33 37 58 30 5 49 111 136 118 113 44 102 103 70 89 165 121 36 13 2 56 40 90 61 40 28 10 49 26 44 78 80 42 136 172 89 115 87 104 56 23 111 104 96 89 55 53 25 75 51 68 100 68 41 39 98 71 94 101 78 34 46 15 77 128 176 53 33 49 65 34 67 44 41 73 81 57 63 66 54 52 3 91 148 105 143 110 93
55 4 75 77 10 54 26 104 163 107 68 43 47 17 70 75 75 106 120 92 68 97 28 50 61 8 46 48 28 59 47 148 130 91 56 27 40 37 18 41 31 17 66 84 34 103 124 87 99 53 37 77 98 106 58 86 46 47 24 74 0 116 133 121 92 73 13 32 16 84 28 20 23 27 29 60 139 125 13 33 24 0 65 155 77 8 38 23 34 105 143 104 94 22 64 80 124 229 204 118
87 12 104 103 43 54 18 64 106 52 95 86 118 81 52 98 81 52 53 47 37 26 3 48 60 106 180 91 41 84 33 143 94 14 70 85 46 35 0 33 2 47 119 94 19 47 39 19 12 53 87 120 77 74 79 28 78 154 90 54 44 105 63 57 94 39 95 78 56 125 97 70 46 21 48 17 19 24 36 88 42 13 113 248 148 48 22 29 31 39 110 92 43 39 97 69 74 170 149 70
66 22 50 58 96 52 71 89 39 46 95 78 95 61 68 112 37 65 84 40 19 30 53 28 35 80 101 69 64 53 0 43 28 59 33 90 54 12 89 100 36 11 65 92 52 2 10 73 59 33 91 150 48 36 125 25 87 78 41 96 63 133 89 12 50 0 17 22 91 156 50 85 64 93 99 57 22 41 19 30 0 60 77 128 75 81 8 27 3 0 42 57 37 35 61 39 37 48 24 29
100 69 41 57 73 19 51 56 22 38 39 8 21 45 164 195 110 92 92 105 71 40 89 68 38 36 16 46 72 40 52 59 0 19 1 6 28 62 59 81 44 7 30 20 22 20 60 70 77 85 41 23 79 107 137 51 71 39 64 60 36 0 51 42 61 11 29 53 65 111 19 87 60 95 43 10 18 88 75 77 43 59 71 68 34 77 56 63 18 47 37 30 55 28 59 75 46 84 86 73
119 63 39 91 36 45 49 49 47 3 51 13 36 103 156 146 116 59 17 61 37 23 87 49 16 8 9 37 77 93 133 82 88 55 100 87 29 50 23 59 32 3 42 29 36 39 93 62 28 57 38 10 89 80 114 132 105 26 0 40 79 49 46 18 37 16 36 24 111 94 19 81 73 70 53 40 13 62 81 30 42 97 109 21 84 68 40 72 35 82 62 31 37 12 113 113 18 28 36 54
64 31 36 59 18 66 97 29 52 0 40 85 38 64 95 0 39 70 65 56 36 36 100 58 17 45 6 118 145 122 93 71 72 59 89 80 38 47 27 67 58 52 111 50 65 53 86 90 31 8 45 22 56 114 136 107 85 75 84 52 10 55 48 82 102 38 47 24 59 85 54 47 83 113 141 36 65 41 74 30 77 53 93 32 54 35 65 35 85 126 82 144 80 30 90 107 53 48 5 17
20 35 73 101 51 74 96 46 45 82 64 38 31 30 63 101 52 66 70 73 63 29 51 25 20 49 16 29 68 133 122 99 71 22 27 55 104 161 85 36 72 0 18 17 52 29 67 123 86 0 0 23 37 37 31 41 61 67 126 100 29 42 74 144 80 11 130 151 60 18 45 86 37 71 96 36 34 10 34 29 100 102 122 62 32 28 37 13 43 107 80 105 53 72 125 92 73 103 62 36
28 62 85 91 38 50 74 53 110 91 41 15 14 22 37 27 9 9 38 68 99 54 47 62 32 36 60 54 96 137 85 80 106 57 56 69 101 157 102 77 55 57 67 9 53 129 118 52 36 65 90 40 11 91 92 51 60 45 139 133 71 63 115 185 137 31 118 120 45 36 31 1 19 39 46 41 28 21 36 69 111 127 125 92 43 86 84 71 53 65 33 59 68 161 151 28 52 105 74 39
70 88 63 43 5 24 46 43 77 12 22 47 14 56 106 34 41 26 49 57 99 36 3 47 82 18 16 0 32 44 24 75 150 113 121 102 60 76 75 136 123 77 91 117 157 164 88 31 8 22 75 90 12 23 29 77 66 25 135 139 99 88 146 190 73 12 48 6 30 96 68 33 51 38 20 36 43 53 68 107 69 67 48 49 28 110 111 106 15 44 86 106 55 123 123 51 21 64 43 35
