57 30 165 62 0 22 16 29 10 0 67 69 77 45 17 72 147 162 67 14 0 73 97 131 141 107 64 60 43 41 48 100 84 119 139 233 195 87 61 101 65 12 24 11 23 87 101 108 105 100 62 0 23 41 46 57 79 27 82 78 31 113 49 30 45 68 43 118 106 20 121 92 24 82 42 31 35 7 68 29 66 32 102 35 35 44 115 141 112 43 16 38 77 50 95 41 63 68 79 108
9 117 102 36 66 17 26 28 54 60 5 27 80 89 58 95 128 162 103 55 53 53 50 49 54 130 111 124 58 19 34 96 145 118 121 163 141 47 51 76 58 32 20 24 21 61 78 84 107 87 50 74 66 37 19 11 7 0 21 31 65 91 85 90 11 45 8 36 63 63 138 62 69 96 62 49 68 59 125 95 52 30 40 42 33 52 63 109 80 37 22 59 46 49 77 101 114 90 54 47
76 71 90 51 9 0 52 6 84 79 9 67 75 61 99 101 163 160 110 26 35 113 81 74 167 169 18 119 113 99 40 65 54 40 39 45 36 27 23 8 73 63 59 95 49 0 29 97 90 82 19 46 113 127 129 75 45 86 32 13 29 47 103 84 28 68 53 28 16 24 81 51 141 113 41 39 50 83 110 82 28 37 52 60 74 35 6 11 68 63 34 42 29 27 31 137 168 110 34 11
18 23 80 75 88 59 29 52 52 40 18 62 71 39 121 90 111 190 118 98 4 57 114 96 117 171 61 65 97 93 44 17 13 38 40 86 87 110 31 2 0 50 110 113 83 33 18 22 39 111 91 19 141 200 227 131 82 115 35 51 13 53 118 73 87 71 61 45 63 98 106 90 142 132 69 65 0 33 33 47 32 63 80 73 73 46 41 23 101 89 58 34 26 10 40 115 134 82 23 28
127 80 45 68 44 27 111 82 80 63 16 0 29 11 27 4 78 91 79 95 8 61 79 43 19 81 110 16 93 49 59 48 69 38 13 117 191 172 49 38 84 123 183 108 69 32 41 75 54 90 119 43 119 181 196 86 81 81 22 70 30 16 46 57 97 52 50 25 40 100 79 66 87 83 58 62 36 60 57 66 32 61 58 90 25 54 46 34 118 111 82 68 31 28 88 87 55 48 15 14
151 150 38 31 39 17 74 30 106 64 74 92 41 33 31 72 34 58 21 34 19 39 127 23 41 24 52 21 95 109 89 112 96 65 44 63 118 51 29 71 80 47 102 72 58 31 61 144 56 4 66 91 43 55 67 12 108 139 100 67 48 0 33 140 139 19 10 25 56 115 63 47 99 64 35 10 70 66 68 40 33 19 35 66 18 31 29 21 32 104 33 15 1 3 13 29 72 106 72 26
46 79 35 29 65 65 53 32 80 41 136 161 34 3 9 57 63 40 46 21 77 105 93 35 47 82 96 69 42 149 96 88 90 46 28 41 114 79 102 82 79 30 16 6 9 48 62 73 44 26 92 146 47 5 44 57 54 116 96 52 41 7 53 174 143 45 80 89 33 43 7 33 21 51 43 16 62 45 75 83 38 7 37 17 26 36 65 85 44 119 50 0 22 24 8 37 48 94 64 17
19 36 68 111 80 62 68 5 31 53 152 112 63 46 26 17 40 48 87 109 117 67 50 149 164 134 124 70 61 140 92 27 50 53 94 143 106 14 31 7 11 17 31 85 21 7 7 23 17 21 0 0 28 30 96 102 72 89 76 129 94 52 27 79 108 60 128 124 56 97 67 58 20 107 88 89 74 45 27 41 8 33 52 29 16 59 42 81 118 83 92 26 26 47 87 48 21 54 33 17
82 51 71 90 52 24 23 22 29 140 122 61 37 54 29 22 31 0 54 132 99 71 109 135 105 107 117 45 118 67 62 24 43 87 136 141 102 47 46 29 0 18 28 47 21 57 36 25 57 72 23 29 14 26 34 101 170 166 217 232 174 100 37 1 11 60 106 72 27 53 89 93 22 92 73 136 75 79 72 48 44 112 95 28 38 35 12 73 109 66 24 18 21 12 53 7 33 56 51 14
50 21 55 39 15 33 48 18 71 155 151 88 13 0 4 41 29 15 94 75 35 69 61 64 0 90 93 35 85 43 94 53 35 74 127 111 93 61 76 31 52 24 20 36 23 24 15 29 72 116 50 37 31 23 40 110 100 95 152 173 160 104 52 50 4 76 45 75 42 20 125 84 15 72 170 172 58 36 69 43 133 154 94 18 26 49 70 124 146 64 42 53 69 72 68 55 114 86 71 81
41 64 141 124 18 29 51 101 21 65 55 32 12 1 9 71 56 21 68 47 20 41 30 61 86 110 71 72 57 99 131 24 47 88 123 122 39 138 162 40 25 59 100 69 43 50 51 42 54 139 136 71 55 44 26 98 32 55 114 92 111 107 64 50 24 73 36 3 26 19 3 12 74 82 159 125 84 71 38 5 95 122 137 47 20 64 57 87 117 35 40 49 59 77 28 45 68 63 74 98
56 91 161 97 37 41 33 70 93 62 51 40 24 37 47 57 128 80 60 70 50 24 56 117 86 72 121 133 95 110 112 32 13 59 68 16 22 69 94 16 42 73 121 93 40 35 36 60 36 125 162 69 27 35 42 113 55 53 89 27 36 68 62 52 22 91 109 71 35 30 54 71 99 65 79 72 80 96 31 5 57 71 70 36 63 139 122 47 42 14 37 36 35 69 23 53 4 12 23 30
64 51 107 37 99 63 62 118 127 58 71 57 21 61 81 30 101 129 140 110 63 36 42 61 39 55 101 47 75 9 34 30 56 29 32 130 52 17 3 36 49 74 99 84 44 83 47 41 17 73 103 143 92 12 60 90 45 18 81 81 57 38 22 21 26 117 124 98 107 63 37 102 69 37 81 102 55 29 31 15 16 53 12 24 39 68 116 28 27 33 30 23 12 26 6 42 52 26 13 22
102 66 28 1 95 112 39 41 77 50 40 41 130 168 104 57 42 104 178 97 28 41 19 42 34 63 30 69 109 95 95 31 42 96 71 17 39 2 13 52 41 84 108 80 51 134 79 39 32 28 89 54 15 61 32 23 67 47 68 70 26 17 38 66 58 35 74 136 159 123 70 59 30 29 73 105 121 33 34 24 52 40 37 29 27 36 30 20 45 53 25 25 32 22 28 75 35 43 47 45
34 117 101 26 36 130 108 74 49 48 20 18 157 156 48 47 58 62 112 50 0 31 57 126 104 87 0 60 20 89 110 47 96 86 70 119 119 69 41 65 84 75 99 74 33 62 34 60 85 76 10 134 115 26 49 11 60 97 72 66 28 32 66 125 86 84 38 105 129 57 46 10 2 29 38 77 160 84 45 64 9 28 77 38 12 14 1 70 119 133 102 63 65 32 25 61 21 61 82 68
120 132 165 56 62 38 111 107 33 8 45 39 61 50 45 88 31 21 40 50 25 24 70 112 93 52 15 6 17 65 100 102 126 78 28 33 104 71 48 30 47 57 110 63 31 49 25 33 87 90 38 89 85 77 48 19 77 125 53 64 43 36 87 213 166 61 47 25 38 94 69 56 16 56 75 102 77 38 20 77 3 93 63 94 118 75 79 35 31 84 93 35 54 46 41 72 18 11 15 33
113 177 88 57 67 6 52 66 28 0 129 101 71 49 108 161 87 10 85 62 36 16 34 46 65 69 68 5 29 7 77 64 40 13 1 36 42 9 73 38 42 1 34 39 52 44 59 40 0 98 165 77 45 50 30 0 50 48 19 84 34 26 98 163 161 92 3 51 35 55 39 96 97 76 79 82 60 69 147 84 22 88 70 30 51 113 185 115 47 37 45 20 15 25 76 84 94 61 99 160
107 161 107 9 12 43 25 52 38 13 98 90 73 47 65 112 70 34 97 64 45 44 30 13 26 18 10 11 37 34 78 85 76 111 53 35 56 83 90 38 46 19 85 117 91 49 69 36 14 124 184 87 33 2 66 97 10 16 49 110 53 21 28 107 104 35 54 97 98 74 64 50 97 46 129 127 64 107 172 86 53 62 37 34 84 177 241 167 68 75 67 32 18 52 70 74 51 51 74 94
37 78 85 78 110 20 66 111 38 19 66 59 24 51 61 10 97 67 52 44 91 70 5 54 20 38 23 40 41 68 71 60 60 6 2 54 42 58 70 15 9 25 30 113 190 87 2 0 71 168 145 115 36 23 15 14 19 12 39 31 3 36 9 75 49 27 52 5 13 54 94 83 25 70 67 40 19 48 7 61 11 87 53 57 94 185 246 104 96 103 72 26 5 42 19 33 53 88 84 51
19 27 28 81 67 117 83 100 46 67 48 25 67 99 82 32 67 35 46 57 46 58 42 84 37 45 17 21 5 38 38 39 73 50 15 28 101 145 103 26 99 134 58 137 116 96 25 34 78 158 116 98 26 59 39 38 39 33 54 27 22 62 5 42 57 45 36 56 75 91 46 88 58 80 9 34 26 21 46 60 23 66 37 31 26 46 80 45 9 33 38 21 35 54 8 27 80 124 93 31
0 17 28 83 62 163 163 96 128 66 50 60 87 86 105 50 35 40 42 67 66 41 0 54 45 34 53 101 98 61 14 12 11 68 27 11 60 166 147 103 149 181 126 19 78 17 36 0 3 24 57 13 12 22 47 61 21 7 34 54 57 46 0 45 55 94 80 78 46 84 36 57 116 0 48 12 42 114 99 98 39 28 41 43 85 75 5 26 107 117 86 10 20 25 13 37 82 110 76 27
22 49 89 119 117 64 131 27 105 78 33 21 88 62 53 60 36 38 81 100 53 68 52 30 8 0 7 30 53 48 18 7 43 89 32 59 2 63 57 77 99 150 59 50 128 107 24 18 33 0 47 56 51 26 23 37 57 15 0 5 22 31 15 41 55 37 71 116 57 43 54 53 100 86 19 11 12 39 41 44 75 125 109 100 115 40 29 35 101 151 138 61 59 33 24 19 25 33 22 13
28 30 63 43 51 103 54 9 53 33 24 28 50 60 62 70 69 78 29 3 87 181 114 10 1 27 51 40 58 108 92 67 60 132 2 3 49 54 1 44 53 45 40 104 114 102 64 72 60 21 59 112 38 10 31 72 119 58 31 5 29 71 47 29 38 26 32 48 34 77 106 0 53 69 31 74 28 37 67 106 132 94 14 31 78 6 81 79 45 109 102 80 55 7 16 28 37 23 35 56
45 72 73 34 73 90 63 50 54 41 21 46 48 29 0 61 114 77 48 54 63 37 21 55 50 74 77 43 14 60 56 67 118 140 47 21 72 10 33 76 6 47 43 61 67 54 0 23 47 9 56 102 52 1 69 70 104 28 38 31 57 105 90 102 44 104 99 109 76 98 115 33 75 50 82 89 117 4 22 70 75 74 165 85 52 15 30 36 0 61 71 132 92 14 25 67 47 17 34 58
10 13 0 106 155 82 45 88 97 133 48 93 46 56 32 73 40 38 60 42 10 27 38 37 21 86 77 58 63 60 62 50 138 93 18 33 67 39 26 29 104 156 50 65 41 79 137 99 56 10 28 59 39 29 28 32 118 70 45 69 66 97 83 52 24 41 99 93 91 24 33 49 85 87 87 105 118 23 48 35 10 65 146 121 109 63 20 52 53 50 177 218 202 104 25 35 98 55 50 108
68 71 63 23 45 116 19 53 10 74 50 39 26 98 116 67 49 38 7 90 185 186 87 53 0 18 31 16 62 51 92 86 102 45 1 10 8 0 31 67 87 109 107 49 47 87 90 87 94 45 35 90 137 140 104 55 93 128 89 44 48 9 44 71 49 85 75 96 158 129 68 52 19 98 93 32 50 67 100 53 0 47 66 25 80 67 36 70 48 90 176 251 231 146 26 43 73 42 38 85
33 96 0 93 112 0 51 54 17 34 19 35 10 49 110 112 84 74 17 106 231 255 122 26 98 88 72 25 36 42 101 99 24 51 101 79 15 8 31 40 3 15 72 30 32 62 23 66 51 67 56 96 130 77 59 75 86 81 45 18 18 69 81 126 101 149 154 94 60 73 91 6 60 50 31 8 28 83 97 47 3 36 88 123 87 44 22 43 36 138 132 191 212 69 9 19 52 35 31 55
122 143 100 46 118 57 55 3 125 129 0 10 37 105 119 87 139 42 20 69 91 119 72 34 125 146 130 87 39 96 152 158 62 25 57 76 54 32 28 66 86 102 110 108 63 49 44 131 81 58 49 109 147 116 100 26 64 117 68 91 62 32 57 53 67 142 145 35 47 25 64 5 0 52 46 8 35 94 44 9 73 54 65 152 88 84 56 35 47 78 115 93 0 87 25 42 64 61 54 49
43 63 79 42 107 42 27 23 153 250 107 45 48 58 90 119 86 52 132 88 52 101 85 14 64 113 141 109 18 40 63 64 50 23 29 39 53 48 45 106 62 93 137 131 104 25 24 58 31 0 16 41 20 77 200 125 36 86 104 36 87 15 33 109 66 67 68 27 52 13 78 98 85 72 74 36 7 118 126 68 45 63 38 41 20 53 55 41 37 43 114 57 55 72 0 49 85 93 85 58
60 55 24 20 78 95 49 64 126 144 45 2 76 30 45 92 126 69 115 63 62 78 79 76 37 65 131 111 43 10 24 34 71 104 83 14 0 20 50 100 72 84 45 78 10 100 17 26 43 21 38 45 38 26 109 117 44 114 81 70 94 0 42 53 89 33 34 48 5 30 107 155 134 46 44 67 38 87 83 43 27 1 26 12 49 78 108 56 106 82 22 65 37 20 31 70 66 84 82 48
0 49 34 67 80 85 41 76 71 39 65 49 142 163 122 89 98 97 91 37 56 79 83 54 49 42 77 65 23 3 0 12 71 70 65 78 70 31 14 12 28 0 41 7 85 175 178 119 76 60 46 33 70 16 48 125 86 128 90 80 15 24 52 81 169 121 57 34 30 55 1 21 106 144 59 3 58 56 5 65 60 16 82 50 2 0 45 27 87 86 68 0 37 41 76 79 32 57 65 34
0 50 45 23 39 61 14 35 25 0 152 171 159 199 98 35 33 37 9 15 7 4 43 24 27 20 12 23 0 34 3 7 19 21 38 84 85 73 79 41 58 62 67 58 58 163 201 170 132 76 73 35 50 41 49 13 32 118 53 49 62 70 102 112 180 64 38 24 29 69 40 26 109 112 41 4 52 62 25 22 48 54 75 50 24 73 51 56 132 85 75 48 29 4 123 90 19 49 64 37
18 25 44 29 58 73 37 49 27 51 116 218 72 81 57 8 19 20 15 9 11 20 24 22 12 39 27 11 6 9 26 27 2 4 25 80 84 70 83 54 96 99 81 139 129 83 164 169 145 139 152 140 44 31 82 34 4 15 73 109 122 29 21 30 32 37 58 12 31 11 30 53 50 31 26 32 88 68 30 57 77 26 106 111 22 37 130 141 47 69 23 0 36 20 43 35 73 87 0 56
52 62 30 65 101 69 28 52 78 55 64 63 53 38 10 17 6 9 8 6 12 22 28 28 6 28 16 7 4 2 17 21 12 21 32 40 60 75 68 64 52 35 24 31 34 133 185 255 241 246 105 97 75 39 88 45 42 33 55 75 101 99 96 87 72 66 46 14 57 35 21 64 143 112 60 51 98 95 5 112 127 99 123 94 56 31 85 89 40 123 80 0 46 99 93 70 89 84 39 52
103 102 65 68 107 104 34 73 109 58 53 4 57 24 0 37 1 4 5 5 9 17 22 23 2 20 12 14 14 3 12 16 16 9 16 4 18 29 44 129 152 35 52 105 110 77 170 92 242 251 102 138 38 23 61 29 47 83 53 22 89 128 95 140 171 93 49 12 26 56 64 37 141 150 66 47 65 90 6 76 64 135 106 105 81 59 10 54 93 69 64 63 105 140 70 38 14 3 46 45
111 111 81 183 186 61 62 116 139 60 42 29 34 24 2 21 8 9 8 6 5 6 8 9 1 14 10 22 26 7 9 13 3 8 27 25 14 0 4 68 182 131 87 60 140 115 212 99 255 255 242 255 0 65 92 30 46 40 23 20 97 92 56 158 194 47 46 72 59 20 36 27 163 178 74 47 46 63 90 81 94 111 127 72 63 62 85 134 106 48 21 38 98 104 20 107 112 27 37 55
11 16 131 209 161 52 61 152 158 70 16 30 20 25 23 7 13 12 11 8 4 1 2 5 8 13 2 14 21 5 9 15 3 22 22 17 8 23 39 2 65 35 46 66 4 72 44 197 252 212 255 241 53 83 108 24 57 58 98 20 38 116 128 67 81 51 71 27 38 9 25 22 84 93 57 40 99 73 158 151 73 33 100 134 30 99 76 62 75 70 129 95 21 53 47 101 41 26 67 118
99 66 39 69 56 46 87 42 66 41 16 20 48 26 30 16 12 11 11 10 6 4 8 14 23 21 0 4 13 6 16 24 17 21 6 9 3 31 76 37 49 41 70 177 189 47 86 108 102 255 253 251 57 78 50 20 55 37 99 40 16 51 101 53 62 20 36 13 22 0 16 34 47 86 110 22 106 52 67 78 73 5 51 37 51 56 20 4 30 97 193 190 125 73 11 23 20 37 45 63
29 30 81 117 58 71 44 70 0 11 30 9 36 17 9 10 18 15 14 13 9 5 11 20 24 24 1 3 14 11 18 18 16 16 20 30 26 22 33 37 54 48 92 255 255 133 45 232 237 250 245 255 255 56 65 21 24 60 125 86 42 64 122 100 50 42 58 50 31 43 30 9 56 112 130 18 63 45 57 74 66 68 25 39 89 64 3 54 48 26 121 203 155 91 72 12 12 84 142 124
36 93 91 92 0 54 48 102 74 45 48 3 0 25 7 5 28 23 20 17 9 3 8 18 9 17 1 5 17 12 10 0 6 11 10 0 17 44 22 37 34 15 48 147 167 118 48 56 248 255 254 248 171 104 151 29 48 43 116 137 43 46 100 51 67 91 66 90 70 44 2 96 35 78 85 55 35 11 58 62 35 51 48 76 103 23 42 73 40 37 82 116 90 75 121 47 10 45 100 51
74 78 2 42 47 126 211 224 182 120 52 20 16 15 14 14 19 7 2 9 11 7 9 16 4 9 11 9 9 11 8 2 3 8 8 11 14 4 0 6 13 41 66 115 27 122 247 254 221 243 255 247 93 54 57 81 15 30 89 89 56 46 40 30 76 74 56 54 72 22 70 181 71 3 64 78 29 20 96 144 68 20 24 68 103 71 59 46 29 41 3 35 83 36 55 61 40 34 70 45
99 56 9 31 60 70 195 177 120 76 30 14 18 20 14 7 0 5 10 10 11 12 12 11 7 7 7 7 9 12 18 22 6 8 7 14 26 22 17 24 21 17 35 46 0 120 255 236 248 223 74 232 98 102 118 158 72 41 34 69 62 60 4 77 98 96 71 17 46 19 79 153 80 23 82 101 62 59 74 73 47 7 25 26 78 93 46 19 84 62 19 55 150 101 27 3 28 30 77 72
106 25 24 71 49 68 112 81 53 40 22 9 3 3 7 11 0 12 17 9 5 11 11 4 9 5 6 12 12 11 19 31 10 10 5 12 28 30 25 29 34 11 30 47 61 93 63 9 218 255 255 157 244 96 166 217 133 3 46 94 43 64 5 58 47 66 82 41 100 62 37 0 1 27 102 86 51 109 88 26 30 33 105 79 88 74 12 37 73 26 37 47 73 60 39 30 14 9 39 37
96 11 78 99 19 81 35 17 45 40 27 10 0 0 3 7 16 20 16 6 2 5 6 2 9 4 9 19 16 5 7 19 11 12 5 5 17 18 13 18 10 54 59 87 121 154 0 201 221 255 234 255 255 251 160 49 7 73 68 51 18 6 51 14 24 39 49 0 36 58 97 111 65 44 65 51 7 51 44 39 20 8 57 45 57 27 1 73 140 33 28 76 99 46 22 32 22 10 19 21
72 18 92 58 8 73 66 36 42 30 17 13 15 13 5 0 26 14 8 11 12 8 4 5 11 4 6 15 11 0 0 10 6 11 6 1 7 8 7 14 13 19 40 97 136 42 128 147 134 100 243 251 248 225 159 94 87 36 34 35 47 55 26 0 36 17 15 9 32 68 76 92 79 59 60 70 55 86 69 55 31 51 56 37 43 10 21 59 115 128 67 35 90 51 29 61 12 7 17 44
105 103 45 30 16 62 95 28 9 4 4 10 10 4 4 10 15 3 2 17 25 17 8 8 14 5 0 3 3 1 5 14 0 9 6 1 7 12 14 22 0 23 27 38 17 52 59 83 231 239 135 253 242 255 228 100 44 49 65 79 23 108 118 28 14 12 46 60 31 49 55 99 81 94 52 14 7 59 91 64 75 151 133 86 72 46 63 16 9 102 97 64 118 103 64 30 52 51 56 100
152 190 48 37 44 43 112 75 84 48 16 7 2 0 3 19 10 7 8 15 20 17 9 4 14 7 1 1 7 13 17 18 2 10 5 1 10 17 17 21 18 8 0 8 41 103 77 10 249 241 151 255 241 241 255 111 57 81 107 84 34 77 18 11 36 0 17 14 1 25 12 16 53 64 33 54 67 49 102 105 71 110 70 48 67 67 92 17 130 46 29 70 139 121 64 27 44 50 57 115
109 168 93 22 90 33 200 255 249 144 41 9 18 17 7 1 17 22 18 7 4 9 7 0 10 10 7 8 16 25 23 15 9 13 4 0 10 16 11 8 10 17 12 29 95 116 134 115 174 209 36 255 247 129 47 20 15 70 116 110 14 0 67 29 20 0 33 18 28 65 69 57 54 68 17 34 62 21 60 22 1 24 32 63 70 34 74 56 81 51 68 32 44 28 0 45 7 31 60 145
27 68 93 10 50 50 191 246 244 233 28 1 31 4 9 0 10 4 1 6 9 6 2 1 10 8 7 11 16 18 16 12 7 6 5 3 2 5 10 13 0 41 28 60 45 87 211 168 139 82 200 255 227 105 62 0 1 97 30 67 58 73 61 59 14 45 17 20 38 41 20 61 61 68 79 27 42 7 10 36 16 47 93 42 60 14 81 137 83 56 47 57 60 53 40 25 16 14 50 58
46 15 94 38 1 58 127 79 140 224 162 77 12 12 27 8 5 5 7 9 5 0 0 4 4 6 8 9 9 9 9 10 1 2 2 1 1 5 12 18 21 25 47 43 41 76 140 129 54 186 203 243 246 143 98 76 54 11 92 58 93 123 33 32 25 63 48 25 17 11 37 116 133 99 99 51 57 35 25 54 77 52 31 31 73 40 51 104 39 77 86 56 41 51 46 24 42 54 72 32
82 27 56 66 20 7 12 35 83 121 118 96 71 32 0 20 9 7 9 13 13 9 6 8 0 3 7 7 3 1 3 7 13 15 16 13 11 15 24 32 20 20 32 57 44 62 36 24 28 120 192 164 228 253 230 94 77 63 83 138 148 119 50 39 56 77 88 78 58 13 55 156 147 75 58 26 18 22 32 79 160 131 71 76 79 56 21 57 69 62 25 0 16 29 21 16 80 70 69 24
126 100 0 1 36 26 33 57 17 8 59 68 41 54 32 0 14 5 2 12 22 22 13 6 2 6 10 11 10 9 9 11 11 13 13 8 3 4 12 19 41 43 16 35 56 39 42 13 49 202 245 142 255 255 230 245 112 47 129 62 99 83 43 35 16 42 68 50 41 18 82 165 166 91 60 56 20 2 21 53 119 87 25 27 50 121 109 81 65 63 55 73 91 57 29 51 84 41 37 27
124 124 73 60 46 31 73 47 32 31 0 0 77 116 72 10 8 3 4 12 17 14 7 3 10 10 12 17 21 22 19 16 9 10 10 5 0 0 6 11 0 13 43 29 89 25 56 18 72 100 91 143 221 244 250 255 255 0 106 67 56 30 10 92 74 96 93 24 5 26 92 122 125 64 31 69 50 23 56 58 61 63 83 89 86 155 150 55 109 124 134 154 151 81 17 18 49 30 37 16
60 28 36 33 59 82 79 10 39 26 55 128 160 109 67 6 3 10 19 22 12 2 2 8 9 7 8 13 19 20 16 11 7 8 9 9 9 10 13 16 22 35 55 34 35 34 61 98 93 64 135 139 245 255 244 251 228 115 75 38 46 28 1 79 106 78 66 55 59 67 83 76 50 16 29 98 114 74 68 27 52 38 70 59 20 66 115 67 57 47 60 107 124 75 41 62 74 106 120 48
82 103 67 10 47 91 76 9 87 91 60 82 166 115 42 21 5 10 19 24 19 9 7 10 6 8 11 14 15 13 9 7 0 0 0 2 7 11 11 9 2 17 20 54 40 53 89 136 89 24 180 50 254 255 234 241 255 78 108 75 47 34 68 49 49 12 29 98 121 130 129 125 137 67 66 54 70 60 65 63 86 32 19 29 13 36 56 37 24 25 54 93 90 53 48 76 134 150 155 87
61 59 0 55 118 95 73 0 61 76 87 99 149 76 3 16 8 0 0 13 26 25 13 2 13 18 23 23 18 14 12 12 5 4 5 11 19 22 20 16 42 28 27 65 152 105 251 255 218 103 189 63 255 242 255 255 240 98 18 14 28 62 26 33 27 36 52 62 26 58 83 85 53 0 57 21 46 57 51 80 76 37 0 17 11 37 62 101 82 82 76 69 85 113 97 47 127 80 70 54
22 33 3 5 82 77 16 64 63 45 89 175 121 39 5 39 9 15 12 12 18 11 0 0 5 8 12 12 11 12 15 18 2 6 13 8 0 1 9 4 40 36 32 20 118 86 249 252 184 47 41 130 232 251 244 253 247 190 25 18 0 31 71 34 25 4 27 51 45 44 23 14 42 28 33 37 36 29 35 70 29 33 44 71 46 23 63 74 98 76 64 88 87 147 228 170 113 78 54 59
30 23 45 76 67 22 33 60 38 35 24 14 24 27 7 7 15 15 4 0 5 6 5 11 2 4 6 6 4 5 7 10 12 15 19 13 3 7 13 10 0 21 34 43 42 4 46 77 55 23 38 162 195 146 244 251 92 87 39 19 19 26 24 8 96 102 92 22 36 30 32 38 58 52 45 24 72 92 39 60 71 65 44 26 40 104 139 94 41 3 55 75 21 62 139 213 110 99 88 86
41 0 77 80 70 41 18 29 7 64 121 110 53 28 0 11 0 2 0 0 8 9 7 12 7 8 7 6 4 4 7 9 6 10 13 11 11 17 24 26 30 22 19 36 52 77 31 49 30 55 11 119 134 153 249 255 250 219 90 56 26 74 54 59 135 100 50 90 63 79 26 59 6 24 36 23 103 122 41 90 190 209 176 67 49 159 182 97 9 96 77 101 129 65 14 66 40 89 100 57
70 67 62 76 105 8 18 61 47 14 20 43 0 24 0 21 2 8 5 5 12 11 6 11 11 10 9 7 6 6 7 8 0 3 3 4 12 17 21 28 0 34 86 44 30 26 14 57 58 35 44 52 81 200 249 254 247 248 114 69 82 95 1 31 52 31 72 119 53 56 35 18 36 71 105 107 119 58 0 82 163 162 137 34 6 94 110 59 40 89 54 95 160 105 57 14 11 62 86 60
13 89 120 0 17 39 47 119 48 61 77 56 35 26 0 5 26 26 12 2 4 5 7 18 5 5 5 5 4 3 1 0 1 7 2 2 13 11 5 13 42 31 31 0 12 9 28 50 56 16 246 245 222 255 255 226 244 118 135 20 35 58 32 64 44 34 61 146 38 49 4 15 55 25 17 91 144 87 22 15 30 48 86 59 35 57 70 88 5 0 59 104 158 85 23 26 14 19 44 79
42 59 49 36 55 20 68 121 26 41 30 0 70 25 9 9 12 16 10 4 8 6 6 14 0 2 5 9 11 8 2 0 1 10 4 7 24 17 3 12 15 9 19 50 48 25 27 39 98 139 251 251 255 229 162 255 255 228 124 82 193 108 75 94 67 17 61 83 125 39 27 54 20 20 24 80 91 47 30 3 24 79 104 76 81 113 115 115 52 35 37 55 100 36 26 54 26 46 69 79
55 19 29 22 50 54 13 17 81 69 43 28 68 6 24 22 3 14 16 16 18 10 0 3 0 4 12 19 23 19 9 2 0 13 8 16 39 29 9 18 25 14 29 42 6 3 18 30 158 207 255 253 241 255 240 255 240 108 121 114 153 133 0 28 0 24 47 53 71 74 45 56 32 42 48 69 79 73 67 50 73 105 54 21 77 117 93 53 59 36 12 52 35 61 127 51 22 47 54 32
32 57 53 51 84 96 68 69 49 63 90 143 54 20 55 7 39 43 34 22 16 5 0 2 0 4 14 24 29 24 12 3 9 23 17 24 48 31 5 14 5 15 79 54 32 65 107 105 1 200 247 98 255 250 238 251 246 90 147 178 99 30 85 55 33 9 11 55 58 89 46 19 29 28 30 26 48 60 44 58 74 128 123 149 160 71 13 24 22 43 37 37 10 75 63 45 70 27 10 36
65 26 33 53 89 85 16 11 22 48 106 115 63 56 16 15 42 58 56 17 26 8 9 9 3 0 8 27 24 22 15 7 13 18 9 11 18 49 31 13 2 23 80 79 95 131 112 161 188 252 237 252 255 255 215 252 243 155 255 142 31 69 63 51 31 69 7 33 100 89 94 63 41 103 77 40 66 62 89 61 145 148 84 162 136 31 33 15 0 53 43 37 26 21 15 36 65 92 92 38
73 0 68 95 98 30 93 98 91 22 59 32 43 52 32 0 19 37 46 23 25 0 5 20 20 10 11 21 23 22 18 12 13 3 19 9 31 20 33 49 38 44 28 86 118 116 179 179 242 245 252 254 241 255 255 243 255 225 255 140 93 94 11 0 20 48 13 85 137 117 123 67 47 7 6 36 51 118 155 95 193 95 0 8 40 52 76 25 35 65 12 68 45 25 0 18 101 185 93 39
115 104 34 35 98 22 20 76 144 41 44 7 43 29 9 16 11 66 82 28 10 12 23 14 0 0 6 8 10 8 18 26 20 25 21 40 42 60 10 3 0 46 29 90 96 64 129 63 255 255 230 255 219 234 103 73 176 155 241 85 30 19 78 68 19 0 33 137 183 80 112 89 47 55 8 34 71 140 146 88 91 28 76 117 113 78 58 21 77 98 82 67 36 56 104 56 72 173 96 31
160 65 0 34 24 23 30 4 139 87 26 0 49 63 42 76 21 49 90 99 63 6 0 22 11 13 18 11 21 11 14 15 41 31 7 10 9 59 21 26 58 129 60 92 0 49 104 170 79 242 255 223 255 244 117 26 35 70 84 39 58 123 93 48 34 11 64 137 120 19 43 99 120 101 19 114 185 134 115 114 50 52 96 70 17 26 30 19 36 56 59 73 102 71 134 135 17 0 31 46
84 43 37 83 127 74 47 72 154 134 50 3 18 65 98 101 22 33 63 84 48 8 12 48 28 20 13 0 33 23 18 8 21 4 57 29 59 54 45 27 32 30 22 67 102 108 126 176 254 64 177 113 74 160 129 73 81 86 81 0 26 83 110 46 14 51 80 97 30 47 26 116 183 66 57 150 170 107 97 64 91 32 2 88 109 94 23 4 31 8 16 81 37 74 126 76 53 29 68 31
49 29 29 67 97 118 115 119 201 103 52 41 40 50 99 77 18 41 48 34 5 28 45 46 24 33 37 7 32 11 20 29 49 29 71 54 90 164 127 46 11 33 72 38 83 0 75 89 93 100 118 139 108 55 77 67 46 37 29 39 0 113 142 98 29 56 100 82 65 85 43 87 132 49 129 108 43 30 31 21 19 60 43 99 68 68 38 44 70 40 38 92 86 83 100 115 107 62 0 25
15 31 50 98 107 168 187 96 82 42 82 98 46 16 46 149 45 24 32 75 51 35 25 37 45 71 88 49 65 28 37 50 31 25 62 112 85 217 151 81 50 75 45 44 7 44 112 99 67 66 41 35 122 4 51 108 27 46 38 3 44 51 58 106 84 65 79 86 82 81 37 11 54 43 92 83 43 7 2 73 79 50 18 63 19 13 20 58 37 43 115 116 103 153 163 87 0 59 86 107
36 47 59 26 63 52 179 117 38 27 13 37 65 112 6 111 84 45 29 61 43 47 44 52 26 45 65 53 112 88 79 68 70 22 74 109 0 50 81 154 77 12 32 19 23 57 115 53 50 51 39 0 50 89 63 79 49 27 26 26 50 32 20 73 71 67 0 67 0 104 56 0 13 52 0 44 85 75 54 36 19 3 37 69 24 35 42 39 66 47 57 98 68 131 64 28 82 32 115 113
51 43 51 54 57 21 75 157 112 83 26 33 5 76 123 133 96 83 57 78 39 3 31 9 30 74 99 71 91 66 56 87 66 25 42 43 16 61 81 140 141 95 97 66 26 91 96 132 76 81 133 20 74 87 56 66 42 33 35 9 9 21 61 79 101 97 30 13 41 78 99 33 22 20 35 26 12 24 34 13 19 44 87 35 4 0 57 47 172 102 26 85 42 36 42 19 62 100 138 95
66 70 90 52 18 124 92 128 113 60 31 45 53 101 112 123 130 105 58 12 18 34 17 20 34 45 60 50 70 55 0 28 24 17 7 29 30 19 27 60 113 18 0 58 61 14 42 97 66 18 86 116 116 59 33 81 1 34 0 40 75 124 92 41 111 82 70 22 87 15 62 58 62 56 43 55 80 130 122 0 20 73 88 55 26 65 83 51 83 31 33 69 86 6 0 14 49 121 99 89
103 97 80 65 38 57 78 64 81 33 37 58 50 81 45 92 119 87 54 31 71 102 72 37 24 6 6 3 13 34 19 150 127 33 5 12 40 84 86 27 29 36 48 35 39 10 40 36 53 81 27 81 73 36 48 8 31 44 12 58 139 125 90 10 61 38 91 142 14 66 109 55 64 37 22 71 68 80 113 47 41 79 81 56 75 111 92 42 27 67 145 75 37 22 49 15 9 88 85 93
68 54 76 22 40 57 91 104 79 52 62 67 19 67 37 145 103 53 30 76 107 113 131 37 67 40 26 29 37 18 0 97 74 30 103 60 61 116 64 0 35 48 93 63 101 120 98 79 0 18 25 44 91 115 20 53 5 0 4 28 122 133 150 90 57 22 110 150 49 55 90 49 40 33 16 28 11 42 91 86 73 50 65 33 132 107 88 41 26 69 101 78 30 50 78 81 47 54 82 45
84 72 36 35 65 68 86 109 6 17 83 96 73 78 33 94 86 40 15 49 87 101 148 79 32 20 9 51 134 119 70 36 25 68 123 45 69 113 88 110 16 9 40 54 86 93 75 87 11 15 58 55 83 83 0 59 60 58 69 38 31 106 97 35 39 50 120 39 51 50 89 12 0 18 61 86 60 58 45 95 90 36 50 18 142 102 83 52 74 104 26 65 102 87 66 123 155 93 60 0
112 88 20 57 107 40 50 7 56 37 84 73 101 70 58 51 34 41 43 11 73 88 83 80 16 26 18 39 111 119 111 35 28 57 64 68 88 99 126 120 22 44 36 62 67 49 90 86 10 36 34 46 36 41 92 66 17 30 109 58 23 44 47 25 36 35 33 39 60 41 34 36 29 34 85 123 98 90 48 110 87 55 44 22 91 102 61 46 97 135 76 65 75 52 79 102 162 129 52 57
90 46 89 30 53 97 60 4 58 41 51 72 83 34 37 0 0 42 66 27 75 50 34 54 21 15 29 49 42 33 47 31 37 20 35 76 11 14 87 44 42 28 19 53 89 62 109 70 40 27 73 88 47 52 64 64 75 98 194 136 111 9 10 27 14 75 35 0 62 26 6 13 97 85 64 44 49 173 161 105 66 62 39 31 39 92 39 43 63 40 62 62 13 0 70 70 70 84 60 87
159 102 103 93 0 73 70 76 54 60 26 95 49 30 58 45 1 34 53 69 95 48 114 133 82 0 7 68 35 14 9 48 50 30 58 86 27 63 104 77 6 22 79 22 47 58 86 15 16 84 100 103 39 13 22 30 0 69 113 109 109 37 9 33 44 28 27 41 0 0 51 0 29 42 52 67 50 180 195 89 43 43 34 37 27 82 39 63 59 12 30 47 38 69 68 19 12 16 56 13
59 16 47 0 72 46 29 68 72 139 96 48 47 70 105 79 28 47 37 80 96 73 60 94 43 11 32 32 66 31 45 76 61 53 58 116 23 28 39 93 78 38 23 93 45 3 26 13 6 66 44 99 119 103 45 59 94 119 25 45 26 0 58 69 56 43 5 0 30 49 38 24 58 117 87 127 73 81 116 76 8 40 89 84 1 56 41 10 46 36 57 58 33 98 85 18 28 54 0 98
72 63 28 45 72 66 46 51 55 78 32 14 39 55 72 66 62 67 26 50 112 126 94 74 33 35 73 34 16 1 33 78 60 44 64 33 22 38 25 94 56 48 36 149 130 40 21 32 7 30 46 55 71 41 4 60 105 99 71 15 60 38 68 97 47 32 68 23 9 34 40 0 12 6 10 45 60 55 6 6 83 132 50 36 31 44 72 81 116 101 80 74 76 30 26 93 89 29 13 56
14 76 60 49 22 62 52 20 0 28 18 11 29 31 33 55 135 105 50 80 158 139 79 44 40 83 155 92 19 18 43 82 86 58 89 99 54 42 118 113 73 45 45 156 152 35 70 96 73 13 72 77 116 102 41 8 74 74 97 80 61 95 50 148 93 40 87 43 30 27 30 19 21 78 107 55 59 44 25 50 66 134 10 20 52 8 68 71 37 51 32 39 106 59 44 84 68 35 29 49
9 22 59 31 77 154 124 48 50 71 56 13 13 32 49 88 91 74 38 64 118 84 45 35 45 80 151 92 9 21 31 55 40 19 66 162 77 28 126 113 64 14 55 136 120 10 118 108 59 51 168 128 43 29 62 36 61 0 11 75 6 121 40 29 48 21 25 13 39 32 40 85 101 112 82 83 113 31 45 16 44 84 28 44 53 21 114 101 74 77 50 29 56 72 85 55 43 120 69 106
32 3 52 63 118 141 127 80 45 35 13 0 7 41 47 56 11 38 18 4 12 13 17 16 59 67 130 118 70 65 36 24 5 13 49 107 138 73 40 113 35 24 52 105 70 0 64 18 59 96 137 110 31 12 66 60 142 125 33 0 31 88 54 46 44 67 27 18 5 18 50 80 75 97 92 101 77 0 95 73 30 40 57 38 35 43 106 104 160 136 106 85 26 20 52 77 6 67 21 51
35 89 105 126 78 57 99 93 66 38 22 25 24 22 13 0 50 71 59 64 32 36 43 44 72 54 92 114 109 76 41 16 54 76 53 62 194 116 42 75 23 60 14 44 35 61 86 94 138 203 124 115 101 44 59 100 185 145 134 89 21 0 76 75 0 23 39 123 85 75 76 34 14 21 76 83 60 90 159 120 61 71 77 8 20 34 30 58 92 74 52 68 57 44 30 107 96 45 77 90
19 84 56 68 29 55 81 49 36 24 15 20 0 26 83 59 25 25 24 81 36 48 43 35 77 48 45 58 72 22 35 37 71 73 50 77 162 116 80 29 95 125 60 33 14 52 75 119 204 237 96 81 113 59 57 93 102 80 137 172 77 36 39 53 54 30 24 88 62 50 52 28 15 0 62 123 100 139 133 119 122 149 115 47 64 63 57 100 44 36 24 11 64 87 51 119 73 8 49 57
71 59 27 27 46 98 74 42 71 83 74 58 19 65 146 91 13 22 15 65 12 67 61 18 104 105 116 136 149 64 83 87 54 30 82 121 128 157 87 70 25 47 80 41 12 0 34 54 79 121 56 64 95 71 90 85 28 15 83 74 32 78 53 67 28 50 52 45 49 43 25 27 47 21 37 49 9 86 72 44 66 136 131 134 142 113 123 136 41 52 94 35 56 66 44 105 64 76 39 41
42 63 17 42 115 115 98 99 132 55 43 80 9 68 155 122 67 36 38 17 49 91 73 103 205 144 43 39 104 80 41 59 60 93 135 150 170 186 113 121 122 86 167 122 69 35 52 50 23 60 18 32 38 40 48 36 77 95 21 43 31 84 115 85 19 52 46 56 61 73 40 27 39 20 73 67 56 111 95 29 52 87 77 116 111 57 72 76 16 92 101 128 37 22 0 29 17 64 81 102
26 38 24 61 70 79 77 98 172 133 113 182 33 35 102 141 82 91 95 10 31 93 58 102 190 133 18 48 54 87 27 29 31 86 110 113 179 164 82 32 89 141 211 80 95 5 33 10 5 32 7 29 35 34 28 18 146 196 103 10 33 61 48 55 34 62 36 0 29 40 9 46 33 79 105 60 29 38 38 43 97 110 32 108 129 52 96 142 89 91 121 120 24 51 16 42 25 23 88 65
39 5 3 63 64 90 54 43 121 89 75 105 23 50 77 148 83 109 30 24 51 13 26 58 133 78 27 96 38 53 19 46 107 98 93 77 117 59 47 15 67 83 108 81 62 77 120 64 89 84 50 43 37 61 58 55 157 210 52 36 15 25 41 43 31 48 135 132 59 19 82 99 60 12 11 43 26 17 44 36 66 73 0 81 121 68 97 181 117 77 105 107 21 57 32 27 76 29 62 48
28 14 31 42 25 44 29 50 60 78 112 4 25 44 19 66 79 71 48 36 81 91 51 65 85 21 36 72 30 28 30 21 37 0 35 45 50 13 47 42 68 39 48 125 13 79 96 80 87 66 42 27 9 36 23 10 38 119 2 41 65 79 77 54 55 93 141 194 135 4 10 19 55 119 40 9 73 72 59 68 32 18 0 41 95 125 100 157 72 51 39 62 12 27 44 25 75 52 25 66
5 39 71 34 42 26 9 37 39 110 148 42 165 134 87 87 76 29 50 55 67 69 28 47 43 31 76 34 8 42 63 6 56 43 66 54 57 63 18 0 22 45 31 23 27 93 50 63 100 54 43 56 35 57 65 74 98 8 52 49 77 59 76 65 18 46 78 131 107 62 71 126 33 129 82 70 129 120 103 91 116 72 52 62 95 144 102 85 45 45 19 26 31 45 75 98 49 51 39 67
49 76 67 22 94 71 29 21 69 116 77 62 184 107 105 102 93 45 48 91 55 0 19 62 13 24 57 39 41 95 72 22 42 127 166 123 69 54 9 97 150 134 90 88 154 115 0 45 57 9 11 55 24 36 84 119 126 31 60 38 44 8 45 55 20 52 78 78 117 137 20 27 88 84 24 41 72 45 47 50 53 44 37 77 85 70 84 45 10 13 26 3 45 65 53 121 112 66 79 28
88 105 54 7 62 51 50 65 74 74 57 58 95 28 94 129 53 31 55 31 17 39 42 91 35 21 19 37 84 114 41 27 38 81 97 104 76 70 18 45 0 87 95 91 129 166 70 48 42 57 89 122 53 49 97 90 0 94 25 0 59 49 46 57 31 25 82 64 46 132 129 54 48 32 94 140 82 92 124 25 52 71 89 126 116 19 31 13 33 35 57 31 78 75 46 99 126 62 59 9
57 79 32 22 49 32 29 38 68 2 55 16 24 0 28 20 63 57 0 22 52 30 71 92 63 103 115 59 61 49 20 81 13 30 55 67 22 77 100 35 48 61 19 34 87 66 22 27 65 135 159 131 21 29 83 29 81 6 15 24 45 27 87 88 38 63 29 26 80 117 134 7 36 43 57 93 105 84 65 42 39 44 87 107 141 50 23 30 41 45 26 13 49 14 19 31 18 13 0 29
33 27 38 58 41 37 23 53 119 23 20 25 24 31 51 34 39 71 54 91 35 0 43 45 53 113 139 51 46 72 79 49 14 47 76 85 80 103 70 51 78 99 63 33 51 33 5 27 32 86 95 93 46 72 34 44 17 29 57 32 0 24 69 99 58 30 9 12 88 189 121 41 26 34 94 90 31 25 68 7 20 59 24 9 51 22 42 28 54 50 36 31 35 33 40 57 18 27 40 48
34 34 16 3 29 108 109 95 161 125 65 19 68 56 7 0 22 21 46 104 75 38 17 12 35 92 124 57 13 23 71 123 18 13 32 42 13 42 80 130 174 52 56 64 0 59 133 54 29 53 56 23 11 30 23 28 63 44 53 42 29 46 54 54 18 41 48 40 42 90 81 78 89 45 56 110 115 39 45 76 0 106 116 81 56 24 41 15 0 36 37 34 40 53 80 75 27 51 82 105
9 13 43 66 23 12 52 153 173 184 108 25 94 96 32 24 27 17 65 65 15 26 25 79 121 121 103 78 59 68 47 56 11 15 77 109 51 59 92 126 106 77 17 5 62 102 107 118 41 54 82 39 69 63 59 37 14 22 65 59 12 0 17 46 121 79 5 6 20 40 37 37 19 79 41 7 76 58 29 37 33 99 75 74 76 96 86 8 40 60 43 99 97 33 57 67 27 54 89 110
70 61 78 107 83 64 50 93 113 121 81 0 25 61 50 27 31 0 26 46 72 125 44 0 44 119 149 132 78 98 85 109 30 40 111 128 56 83 104 80 32 15 16 35 62 96 109 95 28 53 110 85 130 109 86 43 31 28 75 91 60 40 45 69 40 65 66 139 137 83 71 89 68 10 27 75 61 8 43 61 44 109 94 97 30 36 74 67 107 72 25 154 166 34 54 79 4 19 36 42
