47 18 31 45 39 20 45 29 34 81 65 58 46 56 69 7 115 135 69 60 53 59 124 133 53 25 84 41 0 59 165 247 132 18 95 30 119 92 23 42 45 32 75 100 62 49 53 31 30 26 45 67 101 72 24 99 164 128 75 108 101 79 128 232 200 152 88 32 30 36 108 55 59 105 44 70 87 90 82 0 10 36 17 59 60 95 235 113 0 57 78 89 77 145 24 52 32 68 53 115
59 42 58 116 85 54 31 62 85 98 136 118 68 0 28 42 47 20 66 127 90 17 122 159 59 49 17 40 60 49 74 133 102 78 128 131 82 98 35 2 43 37 61 60 57 98 78 51 86 64 44 98 184 114 6 98 96 104 20 87 163 132 110 194 165 116 8 58 21 46 54 111 46 1 12 143 140 112 75 17 53 5 5 61 43 36 63 133 43 88 80 89 29 84 72 83 100 156 145 81
139 50 56 52 79 64 46 18 38 45 94 74 67 43 70 37 18 97 127 192 187 50 198 174 68 86 44 20 0 31 82 125 150 180 148 200 86 65 39 69 115 64 46 36 74 95 25 122 150 95 13 71 144 110 4 97 19 63 16 97 108 51 9 19 15 70 73 0 35 32 50 39 62 114 50 109 113 79 70 44 76 79 46 28 15 44 48 73 42 36 48 9 34 32 56 25 123 189 197 65
79 67 92 0 45 46 40 19 21 16 47 55 34 56 74 69 46 120 134 186 192 27 106 44 77 47 67 52 47 71 91 164 178 183 140 151 60 59 74 7 61 114 23 26 22 4 53 111 171 92 0 14 59 108 35 51 98 104 22 70 56 77 105 66 26 163 182 45 39 116 119 58 75 86 94 56 27 83 91 63 66 57 45 28 66 105 134 81 46 60 58 27 52 75 0 15 66 161 218 139
25 87 92 13 37 58 32 84 40 53 95 103 83 101 114 111 68 30 96 84 75 61 79 38 18 19 51 21 76 59 55 135 168 169 84 34 43 13 31 78 136 148 111 54 23 62 71 73 36 71 79 47 55 46 28 33 51 118 46 43 30 72 80 0 54 129 144 108 30 79 64 47 49 15 5 50 43 0 61 78 45 4 21 12 65 97 88 86 43 68 107 33 88 77 68 93 44 87 86 55
101 47 80 76 56 36 38 40 93 81 89 57 76 59 79 54 99 70 74 26 27 53 71 72 62 34 45 72 180 156 108 0 70 122 106 35 24 89 89 65 131 201 128 23 19 21 20 26 99 114 96 7 106 71 92 113 76 31 13 101 68 13 51 49 33 72 159 139 70 14 41 21 2 115 187 71 24 40 30 50 67 90 21 3 20 29 27 76 61 88 61 72 69 113 136 113 84 92 70 45
98 16 113 143 70 0 35 0 63 68 120 189 228 128 125 139 68 88 44 90 128 38 86 139 116 21 50 100 116 88 117 48 83 80 20 16 59 126 64 61 48 192 206 38 35 70 80 120 75 86 59 16 105 75 76 97 116 68 79 135 112 72 96 54 66 118 153 133 53 39 83 60 32 144 248 220 74 50 64 52 80 105 16 34 44 19 48 98 110 125 114 69 92 80 118 56 33 75 156 121
45 58 83 119 61 40 44 47 25 58 57 131 177 146 147 155 41 55 42 64 79 15 94 119 54 16 76 52 24 48 81 98 79 55 32 52 42 82 37 13 7 46 77 77 79 69 154 81 105 79 8 34 57 108 91 89 74 54 80 148 150 5 0 88 116 110 76 81 51 41 80 61 46 107 136 121 49 85 26 44 15 4 35 6 37 69 53 27 42 123 154 49 33 8 15 47 30 6 92 21
0 21 46 36 71 113 115 59 69 68 32 0 85 155 119 93 43 39 19 49 8 57 83 68 48 55 43 56 21 32 12 70 94 44 44 22 85 85 57 62 35 11 19 2 53 103 42 6 103 206 43 62 77 140 79 63 66 51 36 129 105 11 58 30 62 106 134 89 81 44 114 134 35 28 0 36 42 95 37 117 126 37 54 42 23 41 70 47 44 63 49 8 40 62 23 26 55 23 37 70
73 60 11 40 72 165 111 27 76 95 67 16 21 128 126 80 44 36 32 31 3 51 49 32 15 57 60 89 56 57 54 30 98 84 78 124 196 175 110 76 12 47 40 8 23 58 18 68 206 157 88 74 51 40 38 71 95 54 13 24 90 16 50 40 57 68 89 37 18 61 131 146 75 45 56 74 39 36 62 72 59 88 83 21 28 49 32 25 13 79 60 50 90 89 35 75 84 44 43 59
38 36 39 12 34 83 117 85 43 35 50 41 12 42 166 60 29 0 17 30 50 82 61 54 51 177 137 57 85 68 9 33 15 29 89 143 219 99 137 188 136 54 6 36 18 46 48 126 178 54 114 120 76 65 51 0 7 28 82 112 11 0 24 29 43 41 16 54 9 7 53 31 24 56 24 3 27 0 27 18 52 72 54 17 36 92 75 46 30 89 85 86 114 76 44 67 92 68 87 123
75 76 62 75 32 73 71 61 21 38 41 94 33 46 105 46 43 18 17 16 55 60 33 0 23 71 208 137 52 73 56 23 34 27 11 95 121 45 38 113 144 75 44 72 42 68 61 55 57 142 173 93 39 73 50 14 7 40 77 70 73 60 76 63 72 67 86 117 32 34 14 69 111 72 35 62 67 24 21 0 67 58 45 37 2 26 40 53 9 35 64 47 36 9 87 105 61 52 86 140
108 53 18 49 36 72 60 33 46 87 132 76 108 53 44 31 12 37 27 25 71 83 109 49 70 24 60 26 74 106 76 100 53 77 71 41 33 22 85 185 206 139 49 36 54 46 47 72 82 52 18 97 83 75 77 21 6 39 40 23 21 33 81 74 134 147 29 47 13 32 38 44 26 36 58 42 73 63 48 38 56 95 106 124 97 62 21 25 5 23 45 76 89 89 108 69 48 23 22 46
73 11 25 20 43 46 93 68 2 62 59 107 86 33 67 40 23 36 30 66 79 46 110 97 80 84 77 83 107 35 44 135 147 110 110 8 54 23 133 191 186 121 76 118 117 28 19 48 113 122 45 59 78 74 108 38 28 22 13 58 5 60 72 26 0 79 116 150 127 119 48 84 103 85 86 0 111 101 45 28 39 72 94 119 115 114 88 35 74 77 5 38 77 111 46 22 99 65 31 20
70 41 44 56 33 59 63 19 16 46 66 137 167 78 173 101 51 36 55 122 110 56 104 116 69 116 128 129 99 25 45 96 91 68 34 83 78 65 80 96 53 95 111 136 66 6 20 16 46 41 78 114 79 47 74 34 24 11 18 12 65 72 49 45 66 90 37 41 31 35 85 133 99 0 82 60 49 0 18 31 46 30 19 19 14 31 92 94 79 92 55 60 78 79 21 41 84 67 36 16
130 86 104 50 70 93 158 103 18 71 107 90 181 169 98 86 36 37 76 114 96 82 86 50 20 90 139 87 38 42 44 52 47 56 12 117 104 95 79 28 25 91 40 66 45 13 9 47 83 63 99 133 97 41 2 92 107 34 46 78 72 127 56 35 57 86 85 53 39 67 99 91 44 4 68 80 95 116 86 27 89 58 3 39 126 79 89 155 119 54 56 31 75 55 42 36 92 89 66 44
112 86 95 62 91 117 168 131 93 108 64 25 61 118 27 68 133 93 49 54 47 58 36 27 19 51 87 13 31 28 27 41 51 78 95 35 40 35 86 107 89 77 39 114 37 26 46 53 39 47 92 124 78 139 61 59 79 45 15 29 53 151 190 165 66 25 46 34 13 74 177 142 108 24 0 88 56 67 36 0 83 76 48 67 83 62 64 210 136 18 52 7 8 28 0 29 37 30 70 31
52 46 16 45 6 18 28 33 41 92 38 41 6 12 65 128 191 162 37 18 5 22 97 60 58 28 0 17 60 53 106 36 56 88 93 17 17 14 65 92 101 49 63 31 20 36 22 24 56 64 83 67 42 113 57 0 31 55 26 44 112 143 113 89 86 93 111 64 33 112 172 181 101 45 73 88 131 68 27 27 51 91 98 71 41 24 11 106 122 71 36 41 35 59 44 59 37 80 132 157
40 87 23 49 15 83 100 87 71 64 50 69 34 57 83 109 117 74 59 37 45 54 73 117 156 108 30 23 37 32 120 63 41 120 118 13 29 66 80 38 124 106 96 23 15 16 46 69 15 107 124 73 55 57 52 65 21 65 58 77 55 43 104 28 23 65 83 41 39 118 92 100 58 45 61 163 136 29 14 53 39 118 152 64 2 33 32 64 9 26 66 129 122 92 39 40 0 111 198 255
10 43 5 43 48 45 77 71 147 92 81 67 54 107 80 81 95 35 155 85 25 100 120 135 134 71 59 82 118 59 12 4 64 103 95 40 65 68 61 46 30 118 130 83 43 64 43 58 41 50 81 88 42 66 116 34 74 15 59 93 46 46 120 58 10 65 87 43 27 54 28 52 6 45 85 96 113 75 6 71 37 109 190 131 37 33 44 76 92 4 57 54 112 148 65 27 37 81 102 108
65 66 11 0 19 9 88 98 132 81 31 23 36 58 29 24 66 43 85 103 74 26 71 117 78 56 101 96 128 142 93 89 17 86 102 57 75 88 67 25 56 110 120 40 31 137 17 19 27 86 107 85 0 20 97 31 10 60 133 27 39 133 98 46 40 57 66 53 55 35 32 29 98 60 2 148 54 52 30 57 35 72 203 242 135 35 42 97 98 12 83 20 37 137 104 75 25 29 59 18
77 78 26 19 55 97 147 115 93 34 37 19 23 25 0 57 104 106 47 65 82 50 107 128 100 42 61 98 155 228 188 61 19 13 41 89 106 63 36 42 49 97 125 73 54 70 12 74 69 152 101 70 64 19 33 50 12 101 86 41 65 66 75 86 91 64 40 31 59 40 47 20 90 44 44 25 30 45 39 65 1 15 110 181 135 72 103 107 45 22 87 112 70 111 94 79 0 27 121 102
103 41 1 24 63 87 132 130 90 53 123 73 20 20 21 165 194 49 45 129 89 53 66 58 122 45 62 133 140 142 129 68 40 35 71 107 83 43 36 49 94 65 18 45 100 79 64 108 78 86 94 116 110 15 35 32 65 125 19 45 53 42 135 93 51 122 170 147 116 68 14 0 31 11 1 33 23 61 107 84 24 32 54 95 108 127 203 146 63 89 113 130 54 28 63 115 47 43 69 71
15 1 33 12 33 39 91 68 62 69 106 111 65 31 64 107 206 102 10 48 73 29 0 42 9 25 59 46 43 72 37 0 67 96 197 255 154 31 16 62 85 71 79 91 126 131 36 57 13 50 106 124 156 37 36 12 97 110 53 55 14 5 56 71 57 160 199 130 85 92 34 59 40 72 61 10 64 146 124 32 28 35 32 69 72 72 168 113 52 76 65 22 50 56 62 52 28 27 4 25
9 38 17 10 25 61 37 37 50 34 25 33 63 63 94 96 128 120 55 43 36 25 59 57 12 57 89 55 18 44 37 114 218 201 184 233 125 101 71 32 82 31 38 101 60 133 67 119 87 57 52 84 131 51 0 54 111 90 104 124 97 55 31 5 57 167 105 103 72 1 43 102 119 92 21 28 119 144 72 26 41 81 23 63 70 47 72 80 114 155 133 41 53 91 34 10 13 19 124 109
1 37 14 30 76 138 114 43 45 64 49 37 59 80 161 78 44 104 101 94 4 8 18 10 21 52 192 100 6 0 57 148 241 144 36 85 115 94 89 95 60 45 54 82 22 30 43 80 45 38 47 68 0 51 16 48 94 151 110 119 53 35 47 18 37 59 23 29 30 34 53 90 169 148 90 27 18 56 52 6 25 69 29 66 60 81 46 22 102 108 116 68 10 0 10 48 53 64 134 137
65 83 56 33 64 137 112 36 4 1 18 57 70 111 96 51 27 81 177 112 25 27 44 59 64 38 102 99 53 25 45 52 43 45 11 52 46 93 72 128 86 40 28 49 107 12 154 105 24 26 73 27 58 68 24 36 54 100 72 41 49 56 31 42 94 93 77 102 64 16 45 137 154 160 150 100 55 39 44 35 10 45 34 20 14 67 54 29 80 114 75 29 29 29 35 50 47 80 113 125
39 60 125 20 17 117 75 128 123 102 71 68 36 32 50 131 23 36 127 63 36 49 18 47 23 66 56 102 78 0 41 50 47 23 94 47 112 166 127 85 100 44 6 42 82 93 167 119 109 44 69 28 29 74 91 49 103 214 157 33 9 73 57 41 44 82 60 127 95 8 46 117 61 74 54 38 71 39 7 17 50 6 20 28 58 32 76 103 59 52 7 13 27 32 51 20 0 42 61 76
45 173 146 58 21 3 34 48 151 134 30 29 50 23 111 93 45 96 46 52 45 91 50 73 41 82 69 55 87 4 90 62 66 73 113 72 112 123 99 85 87 46 86 31 4 87 65 73 89 70 79 40 40 98 174 127 90 218 103 94 55 79 113 53 32 43 33 103 95 77 74 5 40 54 44 46 127 112 49 6 45 18 21 32 78 46 86 65 31 145 73 10 43 34 45 74 45 45 67 102
50 99 102 4 38 83 41 52 58 77 30 54 34 59 97 63 43 184 87 79 72 41 74 65 41 63 87 31 20 31 71 32 81 175 72 79 91 94 49 65 136 103 131 118 116 88 103 113 86 87 39 10 54 81 168 209 101 41 23 92 82 55 130 36 33 0 81 142 79 108 115 47 66 21 18 17 52 47 73 75 36 59 25 14 20 36 62 34 44 157 111 12 0 19 61 42 87 40 71 113
149 111 73 13 44 67 56 56 164 166 125 34 41 85 43 85 46 174 159 98 104 0 38 9 35 40 37 17 10 71 39 25 69 181 126 26 81 25 28 29 162 161 62 201 147 83 83 110 68 40 2 72 22 51 56 92 149 166 105 0 83 87 45 40 38 16 108 152 46 26 55 73 60 7 31 64 93 40 64 96 56 47 24 32 28 23 38 91 57 89 42 22 39 21 22 43 117 92 135 129
163 111 84 81 56 24 116 168 90 213 227 0 96 11 15 86 45 56 69 9 40 16 14 31 28 48 22 8 75 68 70 118 1 90 162 66 108 60 34 34 223 232 154 215 116 60 15 70 19 29 22 0 41 23 9 59 143 154 76 71 56 194 132 15 31 60 62 114 96 66 87 110 49 17 10 40 135 78 29 24 0 22 52 9 55 83 63 63 10 5 20 49 45 39 49 32 121 154 209 137
111 179 127 120 108 40 210 255 88 74 73 43 43 33 0 36 49 0 22 9 22 47 6 35 7 26 3 8 72 15 119 170 50 80 78 81 22 88 94 18 155 148 184 242 108 110 94 98 124 130 14 57 67 37 58 0 131 139 62 33 26 166 42 33 29 52 98 93 130 66 79 65 84 91 17 17 134 82 11 7 0 17 19 41 126 120 46 39 96 97 63 47 6 55 47 30 113 169 134 48
78 173 151 71 85 117 237 242 211 44 14 34 23 39 32 15 37 4 19 2 12 36 8 22 2 28 8 17 47 20 76 99 114 88 53 33 42 104 136 104 49 96 207 147 89 82 125 186 135 59 72 78 54 105 90 14 48 93 54 87 43 38 23 66 45 46 27 53 106 38 102 82 117 97 70 44 12 45 8 30 32 41 42 25 127 192 86 28 131 141 106 76 23 30 63 50 47 39 35 104
51 114 138 151 153 76 152 242 131 67 41 10 0 14 12 28 29 19 19 5 10 27 14 12 2 24 7 14 3 11 18 14 20 41 79 38 40 52 128 181 74 183 240 145 15 213 222 244 88 69 0 12 27 5 61 36 58 72 21 68 68 17 27 11 34 59 112 107 119 19 41 134 85 42 51 42 59 115 101 50 4 32 7 43 117 109 64 66 37 88 96 53 0 17 88 15 35 52 74 99
130 90 151 255 178 19 70 26 15 86 66 0 18 24 0 17 22 22 14 15 17 17 18 10 21 22 22 19 0 22 19 9 11 0 28 16 60 82 101 81 120 206 203 122 85 255 236 255 76 60 76 22 143 175 34 60 80 83 59 63 45 3 37 49 93 35 94 104 129 63 21 59 93 99 41 26 81 94 111 66 4 43 85 20 45 102 15 60 106 40 40 97 80 77 89 28 29 25 79 77
95 85 102 188 157 39 48 21 22 52 65 44 32 22 4 12 10 8 1 21 26 13 19 18 19 1 24 12 7 22 36 31 20 10 35 25 24 81 109 59 97 141 140 77 8 171 255 241 135 89 64 33 92 119 132 192 127 58 0 57 77 38 68 104 152 91 86 87 75 62 113 58 111 152 38 43 46 67 57 69 28 2 32 33 46 127 90 81 123 30 3 97 127 94 30 83 115 53 44 42
21 6 60 107 96 49 20 22 18 21 55 63 27 12 20 15 8 1 0 22 31 21 25 31 15 0 21 3 11 3 28 21 18 32 47 53 13 65 98 34 50 24 53 108 255 220 255 242 238 131 78 48 51 73 98 130 71 49 0 77 77 14 80 150 178 144 71 19 78 116 102 22 72 72 15 15 15 42 7 14 40 40 10 70 38 90 148 33 75 68 33 88 151 117 7 127 182 158 63 27
156 149 86 27 68 76 9 12 3 13 16 23 29 27 15 0 19 8 8 15 25 29 27 32 31 20 29 9 22 10 35 20 4 53 65 82 22 10 47 11 70 111 106 183 255 255 255 241 101 76 60 35 21 46 42 48 25 44 47 74 69 13 47 118 135 129 92 52 124 136 64 17 113 113 70 24 9 9 18 30 51 0 33 121 121 119 71 120 92 72 47 93 139 94 5 75 110 157 73 55
70 70 45 68 78 59 43 13 11 8 12 22 7 0 9 11 28 16 16 3 10 27 18 18 24 27 15 0 16 19 45 27 0 43 33 64 41 2 59 60 64 108 49 62 238 253 241 248 255 129 46 127 95 20 29 59 37 19 78 61 81 36 0 79 46 26 41 112 90 43 86 11 85 146 25 30 10 26 35 48 31 51 48 106 205 189 26 112 34 70 106 73 15 28 59 29 96 195 115 38
34 33 55 33 55 36 3 10 8 0 4 14 14 14 13 5 21 14 7 6 10 13 11 7 19 24 15 26 8 15 3 10 11 22 41 41 44 43 29 43 62 180 251 255 217 255 255 255 255 231 34 22 80 86 29 38 65 24 21 12 35 50 6 31 42 42 93 104 25 86 117 32 141 97 44 40 30 40 21 20 58 68 48 87 137 100 44 169 65 34 118 59 75 69 29 126 100 56 97 39
85 82 51 28 30 58 56 24 21 7 8 16 17 19 20 12 6 10 13 13 10 9 11 14 12 17 13 29 19 24 12 15 20 21 20 2 7 21 17 30 70 164 246 172 147 30 169 247 242 248 255 186 53 31 72 97 107 63 59 83 90 56 34 13 49 56 47 87 75 64 72 79 161 153 68 5 28 47 69 97 53 72 38 17 61 82 109 106 71 77 42 69 38 32 106 54 116 50 18 6
174 190 97 44 19 51 63 39 31 14 10 14 12 15 17 11 0 11 23 23 14 8 12 19 2 4 4 22 19 22 10 11 24 26 23 2 4 13 3 10 72 89 200 211 250 229 114 246 255 249 226 250 104 76 14 53 65 39 50 119 95 8 61 16 44 35 56 19 79 146 61 120 204 117 40 28 68 79 123 102 56 21 37 51 111 54 31 0 4 4 48 40 53 78 11 70 63 99 79 67
161 162 63 13 16 15 1 13 31 17 15 15 7 6 11 9 3 12 20 21 14 8 8 10 7 0 0 10 13 12 6 7 15 21 31 20 17 17 12 34 49 36 64 28 57 131 98 138 255 241 255 255 155 0 29 63 134 18 130 131 82 33 1 5 54 105 107 55 34 25 26 98 181 166 136 91 54 70 115 44 27 18 67 20 98 103 86 125 66 1 116 101 86 111 93 122 81 47 16 15
229 114 33 0 23 17 15 41 23 16 20 20 7 4 11 13 8 7 7 9 12 11 5 1 21 6 2 6 14 9 12 16 6 5 16 12 7 10 31 85 73 46 53 25 0 155 200 125 232 255 235 221 241 75 37 55 81 44 165 183 104 14 29 39 67 125 62 13 54 80 84 51 109 116 84 88 65 41 44 61 98 60 46 0 77 118 71 62 37 0 84 62 85 86 176 115 99 21 32 9
224 62 43 36 14 3 29 35 15 10 17 18 6 3 10 13 14 9 6 10 17 18 13 6 24 6 5 4 16 7 16 24 5 5 16 9 3 4 25 79 88 50 4 18 75 79 175 87 238 255 218 161 250 120 5 73 1 30 166 182 126 60 70 113 44 148 102 0 35 88 86 34 66 123 133 100 36 46 49 61 100 49 6 35 36 24 83 111 111 15 114 74 51 13 119 49 20 26 130 93
81 28 52 75 43 28 41 32 24 13 14 14 5 2 5 3 15 16 18 19 19 17 14 13 16 1 8 7 20 1 12 19 12 19 29 15 12 15 11 31 30 48 37 87 60 85 95 171 255 247 171 185 60 83 6 28 53 112 89 126 135 80 119 107 42 103 42 53 59 26 111 44 63 24 53 67 54 63 44 43 63 56 18 66 87 70 123 115 89 82 52 54 82 0 72 96 32 32 99 109
18 54 6 6 17 32 44 61 44 26 18 17 9 6 4 0 8 18 26 23 12 4 5 9 14 2 15 14 26 0 7 12 16 27 29 6 12 29 13 7 18 72 49 99 62 97 200 100 230 255 232 225 151 165 143 10 22 86 38 19 40 46 101 160 107 37 35 73 83 119 171 38 40 34 50 5 38 35 0 31 46 62 39 53 108 56 30 45 17 17 12 66 77 64 80 60 6 58 66 63
20 81 115 87 58 48 144 221 130 38 14 11 13 27 1 2 8 9 12 5 0 8 13 1 7 9 24 40 33 12 7 17 0 25 20 4 8 6 0 8 30 75 23 46 24 134 238 163 254 244 194 87 255 255 178 94 101 18 98 120 17 57 69 155 89 12 70 22 34 46 24 45 34 43 5 4 0 9 6 5 36 83 50 47 42 12 91 30 67 70 23 98 129 102 82 62 41 20 55 41
74 92 95 73 35 38 127 226 176 35 42 4 34 22 13 23 9 9 9 3 0 13 21 14 6 2 7 20 24 17 13 16 15 22 11 7 24 27 16 17 0 46 49 19 45 160 126 112 104 70 2 131 245 255 249 112 122 5 129 135 54 35 33 92 91 58 64 88 96 61 89 64 135 89 26 50 95 100 57 10 85 184 57 24 87 69 47 97 84 69 23 100 154 151 119 158 96 39 102 103
5 60 69 36 60 19 41 154 75 0 61 8 25 20 7 0 8 10 6 0 0 9 16 13 11 3 0 3 16 24 20 13 6 12 9 7 12 10 18 38 32 27 8 1 34 121 79 58 58 28 135 255 252 110 243 255 200 39 92 94 97 15 112 106 75 64 20 70 92 55 76 10 79 91 69 58 94 111 97 47 31 56 77 120 92 79 59 61 91 38 51 89 69 137 161 153 106 50 131 137
44 0 51 37 54 48 103 102 79 46 99 58 13 8 10 6 9 15 9 2 4 6 4 4 15 9 0 0 11 23 18 3 11 13 16 17 11 5 22 51 0 3 13 44 40 51 57 100 0 48 105 236 244 248 255 237 253 118 125 94 0 88 87 69 45 40 0 7 63 81 57 30 14 61 67 27 32 30 45 17 52 49 102 61 13 46 77 74 71 63 43 20 58 111 114 105 126 80 79 57
28 4 56 47 6 3 100 154 115 74 89 116 77 11 12 2 6 18 14 10 18 13 4 7 10 12 8 4 11 19 12 0 19 4 5 20 22 15 15 21 18 17 15 21 61 56 5 96 53 50 2 255 255 241 177 199 167 157 60 28 124 123 23 57 45 51 21 23 100 110 47 68 30 58 77 64 45 0 21 48 86 18 23 41 60 54 31 85 97 67 23 34 170 185 162 114 76 135 134 129
84 94 38 69 87 80 94 184 160 85 30 46 82 37 66 28 0 14 10 8 23 17 6 16 13 18 19 16 18 21 17 8 11 3 16 32 26 14 9 4 0 21 19 25 24 18 51 104 89 54 40 96 160 228 255 254 250 255 63 104 139 84 60 28 53 56 35 87 183 133 46 31 35 61 76 82 71 37 61 92 95 64 22 58 103 210 132 45 14 55 93 68 98 83 116 82 24 115 158 182
54 38 5 33 12 18 85 86 160 127 74 89 134 114 82 9 9 21 8 1 17 11 3 20 22 22 21 19 18 19 19 18 21 16 32 39 22 15 22 20 42 37 20 54 26 21 95 55 14 103 168 146 133 255 248 241 244 255 215 22 28 14 48 25 51 32 38 88 171 138 91 40 29 46 27 33 42 56 69 74 6 31 0 88 182 255 164 89 38 122 131 53 66 71 49 54 90 26 41 33
11 27 28 6 33 13 93 12 134 131 94 150 151 139 51 23 31 39 15 0 13 6 0 21 26 20 13 10 9 8 11 15 29 3 0 2 0 11 20 7 26 0 21 21 29 82 153 222 9 166 157 162 51 80 124 229 255 234 237 70 55 44 58 45 71 30 62 24 48 81 106 78 0 33 31 44 13 17 74 151 93 84 63 140 156 137 114 58 53 91 167 128 48 100 136 191 129 0 49 13
65 49 12 10 31 49 61 46 55 67 115 86 40 63 52 5 11 43 28 8 22 6 0 22 19 14 0 11 10 27 8 0 17 12 19 24 13 7 7 3 10 13 6 18 34 48 229 253 82 122 97 52 94 105 50 187 253 255 194 105 71 13 130 162 96 23 55 41 63 69 48 62 37 39 13 91 53 56 120 152 45 47 61 114 242 155 54 34 78 50 97 149 122 133 105 85 74 24 52 53
48 50 41 17 80 107 37 46 70 83 7 38 27 37 25 7 24 29 15 15 13 0 4 18 0 6 5 12 8 17 17 21 43 19 7 12 20 24 19 6 0 17 21 18 16 35 102 79 96 97 31 50 64 100 79 201 179 239 255 197 37 24 175 255 175 70 5 22 102 96 31 80 61 52 13 82 46 32 91 141 91 59 40 43 142 181 136 34 17 14 64 105 107 107 37 27 61 14 56 76
19 37 34 9 98 161 74 32 80 97 24 17 62 24 40 43 21 8 0 20 8 0 19 11 13 12 16 14 23 25 39 45 32 14 5 19 36 37 20 1 3 28 37 26 6 19 4 0 35 9 32 7 143 248 251 246 250 255 241 237 70 50 97 202 160 107 25 35 71 91 28 51 53 67 56 120 84 62 89 102 64 73 112 80 14 42 86 42 12 51 105 58 0 35 36 23 33 8 79 125
102 82 41 32 58 95 88 20 57 65 81 26 64 41 45 32 7 6 0 17 12 0 21 7 21 0 0 0 21 20 29 20 5 7 10 22 33 27 14 9 39 16 0 1 25 38 17 25 35 88 133 185 237 253 254 229 115 166 255 248 235 169 102 63 72 65 55 76 0 44 27 0 22 23 54 140 91 43 39 13 9 98 110 76 34 11 9 68 37 81 88 110 134 88 24 24 30 0 48 89
56 24 16 42 36 24 40 33 31 8 33 31 19 65 48 8 22 33 8 9 15 5 11 8 34 12 12 14 45 36 31 14 8 13 8 9 18 15 13 27 6 11 4 10 29 1 0 18 40 246 254 243 81 237 216 255 255 229 236 248 231 243 108 36 101 52 60 117 18 44 49 40 80 40 85 182 131 80 87 60 66 61 27 25 43 116 95 32 45 93 117 148 108 55 110 126 58 15 13 24
28 12 21 10 49 83 60 99 59 10 22 53 60 94 126 107 67 56 27 10 18 13 1 12 6 1 12 23 35 19 8 0 15 20 8 9 27 22 11 23 12 41 39 13 34 52 84 102 46 219 255 228 147 240 255 236 219 255 199 254 255 239 43 144 123 64 33 49 9 22 15 52 109 102 127 149 105 100 112 62 77 57 59 49 15 120 165 92 60 139 85 32 34 12 53 53 31 49 55 45
15 26 59 48 76 92 26 13 33 0 16 13 66 69 83 149 101 39 32 29 28 28 4 15 13 13 15 32 27 20 9 13 7 18 9 11 32 24 10 23 27 40 47 33 68 127 59 3 87 124 217 255 211 6 201 252 147 135 215 235 255 231 135 72 109 89 62 11 28 46 16 54 109 158 146 87 61 70 64 24 70 101 32 11 111 175 132 115 96 76 53 30 41 56 112 117 7 85 100 69
61 23 22 48 22 16 70 92 39 29 36 16 62 105 0 144 109 4 27 50 40 42 12 15 23 12 0 11 2 10 1 11 2 17 4 0 13 11 13 45 18 24 43 20 32 152 96 92 145 84 255 244 204 255 251 253 245 255 254 251 231 194 80 97 78 65 80 29 77 89 40 52 95 148 114 65 78 62 57 98 14 97 94 39 51 90 88 78 78 87 101 32 30 48 56 67 68 138 108 45
77 76 4 66 96 48 56 108 21 87 16 55 102 125 59 105 72 25 28 32 17 21 20 16 0 22 0 7 0 0 8 5 15 3 8 0 26 34 8 32 4 33 46 13 12 105 78 55 106 66 30 240 235 246 255 234 246 249 147 142 19 72 1 32 20 76 121 115 103 58 16 28 36 74 36 103 147 69 0 49 31 88 127 77 45 32 13 39 2 39 59 23 60 76 51 10 63 84 64 19
77 99 96 37 95 74 90 86 113 160 88 39 69 100 90 65 0 78 61 25 58 64 1 20 13 6 17 36 19 25 6 9 29 36 29 33 49 58 3 34 57 58 33 30 59 46 66 32 7 35 197 253 255 243 234 99 243 131 39 19 34 53 17 23 40 34 101 94 125 179 117 93 16 56 33 35 60 27 44 142 97 36 4 30 17 63 65 10 19 49 72 71 35 92 94 23 0 35 48 20
30 92 165 26 42 40 71 74 210 219 114 41 42 108 143 85 24 50 32 11 30 60 21 15 6 0 10 21 7 21 20 23 65 53 23 32 16 31 9 99 62 68 0 28 16 104 158 133 112 63 246 252 240 255 244 211 117 60 51 4 75 52 10 11 43 75 123 119 85 60 31 52 61 86 51 18 35 66 58 95 110 155 104 92 23 8 19 51 46 60 49 89 95 115 81 0 76 59 31 0
34 63 125 75 67 75 57 59 139 193 143 52 43 85 158 105 15 13 67 52 3 18 49 32 0 31 15 15 24 22 20 8 26 18 18 22 15 70 58 79 70 64 45 30 15 106 173 147 83 16 229 231 255 252 157 105 57 13 84 89 34 17 8 21 40 44 138 132 63 51 22 82 66 49 21 54 89 134 54 32 107 194 177 107 26 70 73 15 52 25 10 52 78 34 63 51 41 37 51 35
27 19 51 113 106 108 77 65 40 114 109 12 48 40 84 20 5 26 62 18 40 54 66 43 61 69 35 12 67 69 23 38 40 1 65 96 51 45 50 63 67 64 42 85 106 122 101 89 128 0 114 30 144 121 99 55 18 56 76 51 0 34 22 63 36 77 76 114 41 30 93 50 48 15 42 80 84 50 9 36 28 63 98 95 80 60 44 82 107 22 17 66 37 0 73 72 21 15 55 55
63 37 43 114 123 156 177 144 112 129 71 50 45 37 25 53 0 38 86 49 63 51 74 108 99 60 54 33 129 149 61 99 89 23 98 138 78 42 54 72 20 90 17 102 89 96 68 102 108 44 59 77 104 192 153 133 14 115 160 129 60 37 9 38 11 61 35 49 32 22 7 20 47 7 32 17 78 53 63 46 58 100 73 0 37 58 32 83 115 74 43 79 38 32 68 81 79 38 50 29
87 42 10 59 91 204 233 152 101 95 55 65 13 11 0 94 34 31 78 105 90 92 88 87 14 9 17 16 93 104 53 35 50 24 68 102 103 136 86 24 78 79 57 76 62 89 90 5 10 44 16 93 0 209 162 116 81 80 197 251 103 0 16 0 46 87 9 69 86 54 30 13 42 83 100 24 19 13 75 74 75 100 137 118 50 60 61 30 31 70 56 42 12 25 62 134 31 21 75 57
62 56 40 78 65 222 238 160 40 18 67 23 86 76 60 24 38 57 66 65 16 75 75 70 57 99 39 15 36 45 114 39 44 12 39 116 101 80 12 39 21 47 210 252 32 103 116 33 36 0 55 109 28 94 103 39 27 90 93 83 63 46 71 57 27 8 44 107 55 136 178 108 54 79 35 23 7 37 82 106 25 98 104 105 54 113 146 111 17 26 74 54 33 28 64 76 44 26 82 75
55 52 54 61 152 110 59 30 39 93 29 79 31 42 53 35 82 58 69 46 34 19 76 61 91 101 27 23 58 9 45 49 69 76 42 20 132 43 28 74 67 159 255 178 62 54 90 56 33 31 15 63 101 7 35 28 34 121 137 51 4 7 18 57 78 59 24 48 149 181 139 10 20 37 31 20 37 19 11 91 47 70 158 58 26 95 166 159 99 47 61 40 148 138 47 35 78 96 34 47
38 17 30 31 85 49 75 111 25 55 101 67 71 45 29 92 65 15 42 50 43 33 86 42 28 62 25 48 57 18 35 58 101 77 52 40 52 77 98 83 67 88 98 56 24 65 157 68 24 2 73 109 99 11 78 26 55 89 127 93 35 18 31 64 118 58 22 85 112 119 71 45 40 32 28 19 64 23 141 104 58 109 197 143 47 53 84 96 103 86 87 58 201 235 130 76 134 98 24 107
15 47 98 119 72 8 38 124 89 9 101 66 80 52 14 24 58 49 114 105 57 49 118 65 24 65 60 85 63 41 42 81 36 29 88 113 39 60 95 89 61 30 56 82 79 67 139 65 55 53 95 88 86 52 79 27 25 0 21 31 13 43 87 108 103 15 25 35 87 91 61 34 5 14 29 78 72 0 98 77 44 29 30 79 83 125 74 1 59 50 66 37 116 151 81 20 69 92 105 48
33 64 57 104 65 46 15 76 85 4 53 55 29 80 92 5 73 91 170 163 104 57 103 66 22 77 115 108 56 30 20 48 87 35 46 47 24 18 26 30 33 54 129 81 66 75 106 58 41 68 70 66 31 22 19 63 54 19 19 12 21 79 112 107 94 12 41 0 51 84 69 27 57 42 28 61 88 42 38 91 108 86 18 27 31 97 101 55 25 0 55 63 33 28 37 38 64 66 81 83
98 110 47 47 65 75 26 47 23 118 34 4 137 177 76 57 29 22 63 76 69 15 52 60 31 67 107 56 15 13 35 49 142 112 89 63 29 11 4 11 45 68 91 14 2 2 21 12 72 28 17 72 73 69 44 91 40 48 44 27 55 89 68 50 104 58 56 28 6 45 33 59 31 23 23 0 54 43 12 57 60 48 0 7 55 105 119 69 50 27 64 102 50 15 38 83 112 58 59 104
156 151 96 28 59 39 19 18 83 40 21 31 95 108 47 16 27 77 122 92 68 12 39 40 65 57 75 41 55 91 122 94 158 102 58 113 73 81 93 106 123 119 72 66 71 45 95 107 13 43 42 18 66 58 56 101 123 114 72 50 98 101 32 9 47 54 50 33 8 15 24 52 24 30 34 46 31 21 4 4 12 29 43 103 189 182 137 57 72 78 56 88 86 78 54 59 70 57 61 34
154 101 47 6 18 19 26 17 58 0 110 189 119 67 48 2 29 72 107 55 32 31 109 113 62 64 92 109 111 128 130 77 21 20 41 157 117 71 104 135 189 192 124 89 62 94 128 64 37 116 75 0 63 85 67 52 85 75 42 37 101 120 63 45 11 63 37 18 26 11 35 22 80 44 14 59 16 40 38 6 47 47 43 96 217 242 169 73 50 81 62 87 82 147 138 59 26 44 0 58
112 74 59 90 19 35 50 70 80 57 121 177 79 81 102 25 28 0 40 82 94 52 62 9 61 89 115 123 41 26 52 48 33 37 14 67 105 49 82 68 107 75 79 83 59 127 96 0 64 119 100 49 25 47 50 6 0 37 63 61 88 99 57 35 69 137 34 56 13 6 16 29 53 42 75 29 35 70 117 83 64 77 42 36 125 183 118 31 21 50 79 100 21 137 188 48 5 56 35 70
30 13 21 54 53 12 44 38 48 18 53 94 50 79 89 48 99 44 32 123 57 5 76 126 105 38 61 70 60 52 53 5 36 60 30 40 71 17 73 13 34 10 67 85 70 90 75 44 48 40 104 116 50 77 66 22 34 39 75 92 70 62 31 6 109 154 40 35 8 38 26 7 10 39 90 54 17 37 104 125 93 87 72 47 56 110 161 58 67 71 22 42 52 124 97 21 32 58 73 62
80 54 27 8 60 36 81 64 50 37 51 108 146 104 37 71 118 81 95 116 91 44 45 119 87 38 5 105 69 54 66 4 50 70 117 59 38 46 71 77 81 44 27 55 51 7 42 55 51 51 30 15 9 36 14 3 5 55 111 80 79 27 0 29 82 102 20 0 6 57 25 23 27 60 56 17 31 25 31 61 119 141 84 80 55 123 192 202 143 83 24 30 21 59 135 125 64 62 54 44
73 23 18 54 16 64 121 52 52 61 51 47 131 102 10 56 67 136 107 33 76 142 68 37 19 38 82 88 40 1 31 56 53 84 180 123 77 117 89 82 54 61 43 42 50 11 20 7 70 81 47 86 95 22 0 80 28 118 188 111 3 14 24 67 1 36 36 54 39 19 2 36 50 46 64 6 46 20 75 84 51 71 11 72 118 79 147 165 88 28 61 29 79 160 177 130 72 58 53 60
85 66 16 43 34 59 84 77 36 41 56 0 44 55 2 22 57 154 92 60 93 137 67 45 4 80 118 29 19 10 20 52 40 82 124 86 11 43 57 38 41 3 19 41 41 35 14 47 71 134 83 43 19 23 83 173 113 114 147 57 12 54 61 40 66 70 60 65 38 17 33 14 87 103 119 49 34 1 67 83 99 51 29 56 85 13 60 144 78 117 67 0 87 130 121 56 61 55 55 66
113 71 37 22 93 48 115 152 108 15 4 6 92 114 40 18 69 84 60 68 135 141 76 66 51 141 89 60 32 68 84 33 26 54 63 77 23 38 49 9 24 23 52 56 4 48 31 23 76 137 113 54 0 63 153 167 58 36 114 13 102 13 33 33 64 58 78 23 9 98 118 32 10 121 117 90 65 54 75 140 167 58 68 60 26 47 0 73 113 56 127 87 11 28 29 34 47 47 40 26
112 52 26 18 44 22 150 228 89 44 38 32 72 77 67 139 74 22 65 5 121 158 73 26 81 78 82 88 52 80 104 30 41 38 54 63 19 30 26 23 36 27 59 150 71 13 22 33 71 71 110 145 69 48 72 71 74 43 85 0 48 0 71 79 103 77 140 65 45 144 96 19 49 54 28 35 115 110 96 39 84 89 131 112 41 42 75 115 142 84 24 95 126 67 11 12 27 31 26 10
27 63 34 67 78 35 41 106 45 39 28 20 24 35 54 131 122 50 98 39 87 78 13 54 92 9 51 68 97 84 68 29 31 68 128 142 84 38 3 5 10 24 58 105 82 43 70 64 95 98 107 96 45 51 48 52 29 100 143 83 0 4 76 67 83 49 55 41 59 99 41 9 54 32 58 88 132 101 127 55 50 69 49 46 49 35 155 142 195 125 54 49 57 43 13 50 42 33 26 26
81 38 19 40 52 37 58 13 34 14 30 78 53 40 35 55 138 86 61 62 63 51 8 98 92 86 43 123 151 98 72 92 60 68 72 129 153 115 71 12 21 0 51 47 83 49 32 40 67 95 70 22 32 80 42 38 68 137 101 46 15 20 52 44 24 95 51 69 70 33 34 33 12 31 0 113 122 120 52 21 22 19 35 72 66 73 59 81 128 95 29 25 24 16 41 29 94 56 28 29
102 13 47 1 21 56 29 70 38 0 79 140 65 76 79 124 147 102 11 32 30 86 85 42 85 89 44 98 101 68 133 121 141 141 13 60 130 132 113 47 53 38 52 86 107 18 20 63 84 133 121 84 49 18 66 26 57 58 80 18 13 0 26 40 79 69 39 147 95 42 91 49 16 48 19 42 43 28 39 91 25 11 28 44 117 121 31 65 65 34 30 36 93 73 40 42 46 91 41 57
12 18 60 36 60 61 19 10 41 28 25 101 30 0 45 28 95 99 49 39 26 29 128 22 80 72 46 96 77 32 89 95 128 103 4 8 72 80 61 27 35 88 108 125 113 49 106 59 9 20 72 70 80 104 75 23 23 19 28 14 40 37 59 57 37 2 86 94 58 61 47 9 28 52 34 23 37 54 104 132 62 43 5 64 131 150 98 90 52 33 28 43 26 36 27 55 29 19 55 110
58 61 38 6 1 0 16 2 20 70 0 31 41 58 121 54 51 58 37 17 66 30 81 96 75 70 74 102 66 31 65 61 70 104 77 8 40 17 73 69 50 34 126 199 58 73 129 139 49 29 42 63 69 114 108 57 47 18 28 55 52 24 43 61 46 27 45 114 74 24 0 10 0 23 43 21 51 93 132 84 54 47 43 52 92 192 120 60 55 41 66 73 9 25 40 50 90 68 92 59
0 25 13 56 115 70 27 26 64 40 2 29 30 45 73 44 48 83 79 53 40 48 41 51 61 56 56 44 23 52 90 71 87 140 119 14 51 11 96 52 22 7 120 127 131 91 62 54 32 0 60 74 38 73 17 10 34 0 45 63 21 28 46 54 22 75 63 76 115 0 60 59 74 12 3 16 19 15 26 0 32 25 28 11 26 133 128 67 70 45 100 75 25 38 81 49 55 96 95 41
42 74 22 31 110 63 0 64 44 32 59 54 7 73 91 34 15 116 63 75 55 38 57 85 137 103 70 42 42 76 63 0 39 39 31 9 43 30 55 57 30 43 76 87 78 13 43 38 73 47 20 76 30 17 73 65 70 22 86 66 26 89 68 7 72 38 11 62 93 86 44 42 65 47 46 49 42 96 99 53 112 87 44 125 126 60 144 98 21 33 116 101 59 63 76 20 26 49 35 78
56 68 72 45 11 13 25 91 85 72 19 52 45 38 12 42 40 17 75 138 73 49 89 44 61 80 81 52 14 6 21 21 22 62 73 37 32 125 39 0 88 140 44 76 97 90 7 74 106 62 58 98 72 58 80 81 30 50 165 131 49 53 67 90 44 93 186 80 37 92 122 42 54 35 72 136 103 70 49 87 169 116 100 205 209 60 103 85 5 58 121 129 68 67 43 32 30 15 50 195
71 70 108 101 15 33 63 61 63 99 11 27 47 74 21 71 54 20 48 18 29 82 102 90 141 140 84 50 45 37 35 17 52 10 1 63 104 113 45 22 70 107 84 16 30 74 52 43 83 108 99 146 126 67 113 78 0 28 76 76 99 67 68 98 20 88 113 84 0 52 86 52 27 99 147 115 89 97 89 107 124 71 74 107 116 44 39 61 65 103 109 97 59 48 50 126 163 74 54 120
79 89 52 76 104 106 53 30 28 14 29 83 13 64 37 90 59 69 38 50 52 18 24 28 129 200 175 129 99 65 51 23 51 74 42 41 100 61 143 76 1 62 39 107 150 145 130 58 9 75 137 153 128 79 109 99 22 120 87 24 78 24 12 10 63 88 51 13 16 36 22 37 13 172 229 103 108 185 192 152 110 104 67 85 77 17 17 30 71 94 104 83 103 49 63 174 210 79 9 5
53 78 37 48 90 109 27 35 21 45 16 37 96 85 78 119 108 85 90 75 33 4 39 72 79 81 61 77 52 13 58 65 68 115 28 76 24 49 99 58 11 28 28 83 125 78 21 58 85 25 63 129 70 15 34 19 14 201 175 69 82 70 88 93 139 46 28 33 38 61 66 82 42 145 184 104 62 140 192 154 130 99 81 84 106 113 73 38 34 49 22 103 141 65 127 157 103 86 30 23
85 33 23 74 54 54 12 14 57 74 32 44 100 79 46 60 138 167 144 113 66 93 72 46 9 59 81 94 47 25 86 81 37 85 72 146 63 17 32 0 39 4 26 3 112 91 101 47 44 112 92 62 64 32 32 82 92 95 115 42 33 66 91 127 121 75 51 21 57 133 123 87 27 47 75 66 39 60 111 134 105 34 9 45 91 115 95 61 18 37 65 108 58 47 198 190 71 110 74 26
22 30 34 26 0 73 55 0 52 77 33 31 79 59 21 25 111 146 67 58 68 185 122 55 74 73 46 56 52 96 139 59 35 57 86 149 80 53 101 86 56 46 11 37 19 120 113 68 19 78 54 13 34 73 103 110 87 22 77 60 37 32 22 46 0 0 31 66 128 155 84 33 11 81 94 20 2 88 122 61 95 46 54 68 27 36 120 177 59 27 37 79 46 71 181 72 59 131 115 58
70 48 17 57 65 52 3 58 20 64 29 11 45 32 16 35 56 104 20 19 27 145 103 89 151 114 48 39 32 113 167 67 35 24 52 76 49 107 206 186 46 43 26 37 0 63 80 64 56 17 14 19 7 72 128 65 39 39 14 6 26 19 86 143 86 55 63 89 121 90 20 30 38 40 50 40 23 37 48 31 104 19 17 54 19 25 90 97 67 99 127 144 87 49 124 73 27 82 70 41
