96 45 2 25 69 87 51 62 82 105 90 68 39 38 180 232 86 35 78 70 57 26 57 33 24 64 16 56 241 209 92 98 89 46 13 75 122 128 47 129 127 33 59 63 86 79 89 60 31 94 77 122 98 136 179 172 193 155 59 2 54 123 118 53 54 93 47 35 44 38 78 119 106 47 33 35 63 56 13 48 47 53 62 74 43 64 74 79 49 50 49 117 148 113 44 46 77 58 37 59
65 46 33 65 101 114 72 79 110 104 78 75 68 69 162 159 33 14 60 77 81 36 36 47 55 87 67 54 128 88 43 96 122 74 75 38 73 64 35 88 64 2 51 69 70 22 20 16 11 47 50 110 108 109 117 122 161 161 81 5 57 156 148 57 52 73 89 128 131 37 1 26 45 14 23 39 76 81 38 56 41 37 39 67 40 46 73 99 55 28 33 106 159 136 96 130 94 42 53 69
52 67 67 79 78 87 58 82 80 61 36 96 124 44 39 47 36 100 151 101 55 66 75 70 44 97 115 51 72 90 70 66 56 61 113 0 20 78 63 12 23 1 53 69 77 36 41 54 34 40 36 54 71 64 56 73 131 100 40 11 31 61 44 20 44 34 45 39 83 82 107 150 103 74 70 67 90 95 53 53 42 40 26 54 44 51 92 112 73 57 65 70 117 137 136 170 106 42 72 55
21 67 73 58 18 29 11 48 42 58 14 59 113 33 18 88 92 79 99 84 26 50 99 171 139 78 76 67 76 44 55 136 180 42 74 58 64 37 11 46 48 40 45 27 47 42 53 54 58 64 53 0 23 40 37 52 57 50 30 23 22 37 24 36 64 53 76 17 52 74 77 74 73 49 48 44 53 55 33 37 65 70 38 48 65 90 124 107 87 89 104 55 69 89 99 125 85 47 68 42
0 59 70 59 21 46 14 31 54 132 90 36 39 48 58 68 71 42 40 79 102 112 77 141 70 135 178 124 116 96 53 31 94 6 59 28 33 43 36 37 53 43 17 0 17 20 27 24 35 57 66 0 19 41 36 45 32 34 46 70 66 72 46 76 95 30 41 0 9 16 23 40 24 34 71 87 73 56 57 82 90 81 42 46 88 115 121 82 73 57 74 51 56 42 49 79 80 76 95 136
3 62 56 49 32 87 41 30 23 113 124 71 39 109 129 56 73 126 71 0 67 139 68 97 49 101 130 130 167 136 68 6 67 60 128 49 40 34 40 9 23 15 0 14 28 7 11 18 18 29 50 12 28 30 26 41 40 26 38 77 68 62 12 46 72 3 26 8 12 2 0 7 10 41 91 100 51 16 38 75 80 50 29 34 86 94 71 46 44 26 16 14 31 40 64 74 31 44 92 204
25 78 49 27 10 85 39 20 12 62 55 33 16 59 53 9 28 101 114 45 52 79 34 89 44 24 31 111 177 124 75 9 92 103 111 45 29 31 37 23 22 14 3 28 26 0 0 0 19 11 20 14 24 20 21 29 6 25 32 30 18 68 32 50 73 26 44 36 20 23 19 7 6 28 59 58 15 0 28 48 42 24 37 21 63 68 32 26 39 41 7 18 21 39 72 62 12 41 128 204
50 114 86 53 19 92 48 32 13 75 33 23 60 66 16 32 38 78 183 158 78 61 62 116 55 45 65 144 155 80 70 8 84 79 30 60 44 47 4 14 32 27 5 20 19 16 28 9 7 0 1 12 22 29 29 14 18 1 6 31 11 41 38 127 153 77 50 33 0 8 36 49 16 23 33 35 20 26 41 22 14 27 68 20 48 67 29 26 57 59 31 85 54 12 31 34 12 58 168 153
34 100 145 125 76 103 51 104 98 133 123 43 116 96 54 74 54 56 171 170 125 147 151 181 60 50 85 208 170 30 66 15 89 74 6 38 61 33 0 15 31 31 22 8 5 14 19 17 18 12 11 18 23 20 15 13 4 9 25 20 0 11 41 175 211 86 21 63 15 19 44 83 51 42 53 31 47 40 29 33 15 14 45 68 75 68 49 60 80 87 77 61 72 36 42 42 24 63 168 148
18 103 130 123 136 106 28 149 124 112 118 39 56 49 36 49 35 36 57 71 111 187 173 214 91 54 40 123 125 51 83 22 63 123 76 30 9 16 8 6 28 27 22 14 11 12 12 10 12 11 13 17 22 21 15 9 15 8 19 14 14 14 6 81 141 79 91 155 103 65 59 72 49 48 73 37 51 61 48 57 69 42 36 60 60 55 50 70 84 69 56 51 71 64 81 62 56 31 79 75
8 56 57 53 118 78 3 117 71 13 47 6 29 89 70 10 17 40 27 56 93 167 137 151 73 63 49 84 94 69 93 45 58 103 63 16 0 4 3 9 23 21 20 21 17 9 4 3 5 11 14 13 17 22 16 5 15 8 21 9 30 23 0 14 60 91 179 251 188 128 78 45 0 21 107 75 65 72 78 140 143 77 21 51 42 34 33 51 46 61 82 92 93 75 74 39 31 10 37 33
34 24 31 9 50 48 24 63 46 82 192 122 42 89 83 32 29 42 34 45 12 46 37 2 38 60 62 67 61 48 60 38 59 54 18 8 15 6 0 16 18 14 16 22 19 7 1 4 2 12 13 7 10 20 17 5 8 12 32 7 26 18 3 3 21 100 186 244 168 143 77 23 44 0 49 72 155 186 114 107 166 86 18 57 43 30 26 36 66 67 29 3 11 17 33 29 4 25 42 7
43 31 64 32 31 31 39 39 25 64 152 116 66 122 89 31 57 43 25 19 9 48 88 61 43 48 30 27 21 19 25 21 48 52 37 9 14 15 10 14 14 9 10 17 16 7 5 10 5 13 11 1 3 15 17 8 8 17 34 6 15 9 8 4 14 70 107 169 94 106 50 25 45 11 69 82 166 207 132 111 115 64 43 77 53 39 44 56 94 89 19 14 72 78 31 0 58 74 62 20
37 41 67 54 70 45 24 27 17 27 61 65 33 76 60 47 97 87 57 30 26 25 43 46 51 51 27 42 30 28 50 65 57 48 42 12 19 20 13 14 11 8 7 9 10 9 12 16 10 12 8 0 0 9 14 11 10 14 23 15 19 17 19 11 9 26 43 127 70 72 30 44 55 45 79 49 106 156 103 69 55 41 82 81 42 34 52 70 96 85 6 10 72 85 36 12 79 81 82 94
46 49 49 45 75 60 32 36 14 11 15 47 5 40 61 75 75 68 82 93 54 37 25 29 40 58 50 86 54 42 84 108 76 31 24 5 23 14 5 15 9 10 7 4 5 12 16 17 13 11 7 4 3 5 9 12 11 11 13 29 21 23 26 26 14 14 33 89 56 44 39 71 93 88 94 34 41 56 34 24 46 36 106 56 22 33 52 57 64 62 22 29 32 53 65 76 48 48 75 136
43 41 35 15 13 33 47 51 63 76 77 104 22 45 85 90 69 18 65 130 54 70 63 40 36 54 40 84 45 31 78 92 75 39 35 0 4 4 4 11 7 12 9 1 3 14 18 15 14 9 7 8 6 3 5 11 15 16 13 37 10 8 17 32 31 27 35 26 7 9 56 94 101 85 83 43 36 20 26 55 65 38 109 28 15 49 62 47 47 39 30 43 2 42 115 149 71 53 63 125
46 22 9 33 20 40 37 31 62 113 115 110 44 74 85 114 82 17 100 158 93 54 80 32 34 44 62 124 89 51 41 35 29 19 12 9 6 3 8 16 17 17 12 4 2 7 14 16 6 15 20 15 6 4 11 17 26 18 17 20 10 0 3 23 21 25 29 27 37 12 55 91 67 91 33 58 23 38 31 89 87 22 37 44 28 52 63 50 42 48 41 26 26 53 93 121 113 76 27 49
52 34 24 45 42 69 56 28 52 87 67 61 69 80 60 78 87 50 123 133 95 58 82 21 18 53 79 138 136 115 70 19 1 2 8 17 19 16 17 20 13 16 14 6 0 1 5 6 13 18 20 16 10 10 16 22 24 22 26 29 20 7 7 15 7 11 24 37 51 27 68 102 48 73 36 74 71 76 37 44 41 6 46 32 24 42 68 45 18 50 37 25 51 47 32 51 84 61 19 36
82 89 62 20 11 81 91 41 56 69 36 13 82 54 15 27 61 38 59 67 69 91 120 96 41 36 20 79 148 168 100 19 7 11 19 28 29 25 23 24 17 24 25 16 7 4 6 7 20 19 17 14 12 14 18 23 20 22 25 24 20 17 15 15 16 7 1 7 16 5 47 75 67 97 74 88 93 90 53 30 45 27 72 37 25 30 68 44 40 51 37 29 47 48 30 26 80 66 29 43
75 57 53 53 33 40 56 57 22 27 26 4 90 43 34 53 38 42 26 78 65 86 38 29 3 30 39 57 69 57 38 40 10 10 9 7 4 4 8 12 22 31 35 27 17 14 18 21 24 17 11 10 11 12 14 16 14 16 12 5 7 18 23 21 17 23 25 36 40 33 40 24 61 134 147 106 55 36 63 86 70 44 66 52 28 21 51 46 41 14 32 46 36 78 112 80 55 41 10 34
108 135 144 102 78 104 110 63 14 8 49 39 94 40 59 69 9 48 57 108 103 105 43 31 35 41 44 58 95 88 44 19 12 10 5 0 0 0 10 18 12 23 28 22 15 15 21 26 26 15 8 9 11 9 8 9 9 12 6 0 2 17 23 19 14 31 35 50 60 82 79 30 73 102 89 56 53 67 99 96 74 38 37 79 47 25 22 32 22 5 42 59 38 76 113 78 63 53 39 85
116 108 118 105 99 100 103 71 44 27 74 73 85 30 46 40 9 44 76 39 51 30 31 7 22 35 46 20 41 56 40 16 21 23 20 11 5 9 17 23 0 7 13 10 6 9 15 18 24 14 9 14 16 10 6 6 7 12 13 10 12 18 17 11 9 21 15 28 40 90 100 49 34 60 54 32 26 59 126 153 99 68 54 124 85 48 13 15 15 34 45 39 37 49 53 45 46 50 50 101
40 58 88 71 79 95 98 45 43 35 67 77 73 42 56 67 22 33 89 34 60 21 49 5 53 46 59 17 21 36 37 20 16 21 20 10 2 4 9 11 0 8 14 14 13 14 15 14 17 9 8 17 19 11 5 6 8 14 20 23 24 21 16 12 2 16 22 52 49 83 79 27 37 50 42 42 32 60 112 135 110 97 80 124 99 72 51 37 30 46 42 29 39 59 66 64 44 63 55 73
105 71 78 66 52 25 48 53 45 54 65 74 64 53 71 112 75 44 84 63 84 44 60 17 37 1 35 46 77 79 55 21 16 22 22 12 6 12 20 24 11 20 28 29 28 28 24 19 10 3 6 18 20 10 4 6 10 13 21 27 27 22 20 22 19 20 18 49 31 54 57 22 27 65 84 95 46 33 59 84 75 79 66 77 77 82 102 84 86 67 70 62 46 77 97 62 58 83 55 33
33 0 9 47 37 24 29 34 48 42 35 84 61 76 77 128 100 38 59 55 58 50 47 40 33 0 27 39 82 87 50 37 24 11 18 30 20 9 15 23 22 24 44 20 30 31 27 17 14 11 12 16 17 15 11 10 17 21 23 23 26 30 26 17 22 26 43 68 20 22 29 4 42 65 78 178 88 36 30 54 37 34 44 6 44 88 106 118 119 115 84 63 47 62 78 58 40 36 20 28
49 21 40 55 33 18 19 26 45 47 46 56 62 118 105 106 88 16 47 3 6 22 33 55 35 29 23 36 58 73 41 6 15 16 28 33 26 28 37 38 15 12 27 5 20 27 24 14 9 13 17 17 17 17 16 16 9 13 14 13 17 21 18 12 26 38 37 115 64 41 39 16 26 78 86 139 94 47 32 40 25 13 20 28 62 74 71 76 86 105 91 62 31 33 53 42 38 37 18 18
42 13 15 13 13 26 21 19 35 49 81 59 89 166 133 86 91 28 71 12 5 32 42 85 17 25 15 56 77 92 66 31 5 13 25 26 20 29 37 30 11 4 15 0 11 21 20 11 6 18 25 19 15 18 21 21 18 18 15 11 11 15 15 12 14 42 41 162 111 71 80 90 78 92 73 60 26 30 63 41 28 26 22 55 67 62 50 41 58 89 83 45 11 7 48 62 71 78 55 45
30 26 41 34 50 74 54 49 15 20 78 30 48 127 150 160 108 75 108 85 52 57 41 79 79 52 56 86 97 67 21 6 10 8 14 17 13 17 19 8 16 10 21 0 9 17 18 10 8 23 30 20 11 14 19 19 26 22 16 12 14 20 27 31 4 34 56 148 101 53 78 133 131 99 100 95 32 72 116 36 45 81 78 99 71 61 54 31 36 76 94 76 50 11 24 30 47 68 46 28
38 52 67 30 37 73 78 118 86 0 20 32 109 157 119 82 54 55 64 108 69 61 37 66 58 0 42 35 70 46 10 26 28 8 7 21 23 18 14 7 20 20 35 6 12 15 15 11 11 22 26 16 7 7 10 10 16 11 6 6 11 22 35 46 36 45 84 108 81 30 37 102 81 48 59 95 46 87 96 24 56 108 119 124 60 36 42 30 46 56 50 29 31 1 30 51 42 80 62 41
35 40 45 10 39 88 92 151 158 31 28 51 103 115 87 68 56 71 61 123 96 91 73 94 94 27 80 26 64 57 36 61 33 7 6 25 30 24 21 18 19 23 41 13 16 17 19 16 16 17 17 14 9 6 7 8 14 9 5 4 5 9 19 29 45 35 70 71 86 43 13 51 57 51 38 82 90 107 87 93 58 75 86 77 13 0 25 43 53 66 60 35 56 27 49 57 44 96 82 56
20 24 47 48 107 131 75 106 112 24 30 72 103 104 72 32 54 62 63 77 69 64 43 49 67 16 62 28 51 34 17 44 27 11 10 19 19 20 22 17 14 16 35 11 20 27 30 27 24 15 12 19 23 18 16 20 25 22 20 20 15 9 10 16 17 11 22 54 98 62 9 18 44 53 60 96 126 92 58 98 52 36 50 28 6 26 65 76 133 151 118 39 48 35 74 80 53 113 95 59
19 15 31 23 72 76 6 42 96 63 76 85 62 63 66 40 11 19 58 37 62 71 51 51 48 11 49 66 69 17 0 18 23 20 20 14 6 13 17 7 11 10 28 7 25 37 42 39 33 15 11 27 37 32 30 35 30 30 35 40 36 27 23 27 25 35 16 80 122 82 22 19 63 47 78 94 103 40 31 63 42 28 63 36 58 115 136 104 96 146 126 28 34 30 72 67 38 100 76 30
7 6 57 54 9 15 0 54 135 110 63 106 55 51 64 46 25 15 64 79 97 111 62 72 63 3 31 23 35 48 75 115 78 25 6 1 17 7 17 11 6 14 18 17 22 36 43 42 37 28 10 34 18 37 40 24 17 31 38 16 48 35 20 21 25 33 14 94 122 93 16 25 41 34 51 34 62 41 63 128 107 52 72 74 143 211 177 74 32 58 48 73 73 55 87 79 15 85 58 10
16 32 50 126 58 119 76 33 76 75 14 90 66 75 48 49 54 85 95 27 50 92 50 26 41 0 20 4 29 80 137 187 119 39 2 20 11 37 43 15 26 19 32 51 37 4 5 32 38 29 42 24 29 37 34 22 30 39 30 38 47 41 45 9 31 23 29 66 103 92 21 27 9 47 28 16 35 62 107 113 93 42 81 116 195 254 207 105 33 53 63 79 83 68 91 78 62 94 90 61
64 51 18 97 6 91 109 25 92 111 59 100 85 55 8 14 55 78 77 8 44 56 35 37 70 40 82 89 71 43 55 108 93 34 11 28 42 32 29 26 30 34 43 45 32 15 14 23 48 50 73 26 23 53 23 34 17 21 43 52 82 81 28 51 12 56 39 39 57 46 57 37 42 23 24 33 36 18 24 26 17 30 70 32 69 174 162 56 52 36 34 19 19 2 61 121 90 114 195 82
43 30 45 88 17 36 99 37 14 55 75 70 76 43 60 62 37 35 59 43 71 29 38 73 19 73 128 93 52 44 31 26 35 13 28 54 152 49 15 52 10 19 21 18 24 31 17 0 0 32 65 47 29 102 36 68 64 28 30 76 53 13 63 49 32 52 68 34 64 111 47 8 11 43 169 137 134 146 83 32 32 44 90 52 33 91 95 49 9 8 57 104 136 52 33 102 116 128 234 125
68 72 120 104 57 16 38 6 26 58 102 61 30 34 88 57 26 32 74 77 82 30 68 93 93 139 152 102 61 57 31 8 35 0 38 119 235 98 31 62 22 18 22 35 43 31 10 0 18 38 50 14 0 51 0 26 58 12 49 51 88 57 10 12 80 142 97 100 82 81 67 44 159 166 227 170 97 125 59 31 67 61 95 64 25 68 78 62 59 41 55 113 179 99 31 70 99 65 97 137
73 78 88 51 47 54 53 66 48 57 80 64 16 107 159 97 9 17 49 90 101 43 91 132 140 111 63 51 39 31 15 28 63 4 45 155 172 81 26 34 37 47 48 36 27 29 33 34 19 28 62 33 54 52 37 26 65 55 80 75 12 0 91 69 0 67 96 86 36 47 46 164 192 111 50 152 78 58 0 22 56 61 92 55 5 59 75 64 77 61 38 64 98 91 73 83 68 29 23 83
99 88 68 38 45 45 40 78 60 38 36 36 21 151 186 105 12 21 17 100 141 48 55 126 148 137 56 8 12 62 63 53 80 30 50 109 74 42 29 22 29 48 50 24 4 15 41 57 92 58 30 0 19 0 56 40 119 80 81 80 35 57 47 46 158 195 100 30 0 5 72 188 255 162 34 98 43 42 0 0 30 5 53 82 36 38 22 31 77 59 43 67 29 100 188 185 77 68 71 52
97 67 53 36 44 0 24 85 106 56 41 13 32 132 155 59 42 77 36 112 167 47 0 52 82 105 71 70 84 114 99 89 96 62 51 40 60 61 69 49 43 35 48 66 46 14 27 70 85 70 38 63 72 33 73 28 89 66 76 135 16 14 33 59 197 255 195 67 41 33 35 97 170 122 81 59 38 64 47 46 67 34 55 73 58 101 66 27 75 44 62 125 27 100 204 154 64 60 46 34
65 49 33 20 51 21 48 156 198 95 63 31 55 95 77 23 36 72 60 38 107 48 14 27 32 66 54 97 98 115 73 71 94 70 86 114 84 95 26 25 33 55 173 196 121 51 23 84 105 79 59 116 165 76 58 34 37 66 61 0 44 113 25 62 251 230 62 152 110 91 25 0 41 13 26 26 25 95 90 82 85 64 76 77 74 149 139 89 80 55 86 73 44 67 63 38 31 30 6 61
88 64 36 30 74 34 63 202 195 102 68 54 63 91 53 40 43 55 64 19 89 45 54 47 19 34 35 63 77 97 48 44 100 88 96 125 157 121 73 58 64 74 255 247 163 61 46 82 110 100 55 45 77 47 57 57 0 103 84 47 55 136 246 250 211 144 179 49 114 135 60 42 79 61 73 26 30 92 82 66 83 51 66 79 82 172 171 104 64 31 55 61 29 41 57 40 48 54 39 91
53 24 10 37 90 18 8 131 153 116 48 45 30 40 76 127 59 59 89 86 133 89 57 15 10 66 115 74 73 115 76 59 84 55 57 111 201 255 203 196 132 68 253 190 83 47 41 77 122 51 16 138 172 174 150 140 47 63 45 50 112 255 250 252 249 214 255 41 92 133 72 21 68 63 97 27 42 69 60 65 83 47 71 92 81 164 161 70 15 14 31 38 14 32 75 66 18 31 23 69
0 44 57 18 59 62 17 0 78 113 33 33 23 1 103 142 75 60 48 91 121 121 52 31 34 42 94 46 95 174 141 117 217 98 216 125 204 247 255 232 249 255 240 255 171 86 95 170 110 44 51 195 235 243 243 132 44 170 78 194 250 153 198 255 172 242 254 98 55 108 125 111 40 40 96 44 72 50 37 74 87 53 78 95 54 113 121 36 37 84 69 39 24 35 68 58 29 34 17 45
31 33 58 42 54 48 31 12 45 97 90 76 95 59 113 88 80 80 36 36 67 95 34 44 37 37 128 70 33 44 100 224 249 145 151 54 251 250 165 121 168 250 233 253 254 173 49 247 229 146 97 164 255 240 255 96 39 207 182 180 255 164 184 245 232 239 253 106 69 132 102 54 65 62 93 63 98 62 36 62 56 34 51 66 10 43 71 30 73 122 73 38 53 46 45 47 83 73 36 37
20 27 59 34 29 35 52 55 75 92 170 129 146 139 163 144 83 118 110 34 63 80 59 72 115 67 116 59 10 0 35 145 169 176 194 255 255 246 227 189 143 248 245 218 247 240 173 251 255 208 64 154 242 221 146 16 98 127 72 218 252 134 141 251 245 253 255 169 92 154 121 50 98 93 62 54 88 81 52 43 32 28 41 75 32 24 43 45 56 57 13 14 53 35 17 42 91 79 39 26
39 27 55 73 85 31 28 93 89 70 140 125 108 111 187 195 69 96 124 46 54 82 112 148 132 53 54 20 19 46 51 89 73 180 227 255 194 116 171 150 98 134 198 124 150 255 248 249 247 252 151 255 236 255 156 86 152 155 84 255 255 199 188 232 252 255 225 226 113 157 156 59 93 88 11 45 60 75 64 55 57 54 45 99 89 48 44 79 70 28 21 32 28 8 4 33 74 75 55 49
44 80 90 73 113 71 30 67 61 28 36 90 51 22 140 122 36 37 81 63 30 58 84 136 132 40 30 23 28 63 95 158 142 245 230 255 237 253 255 216 193 255 255 243 247 239 242 255 231 101 95 248 228 237 201 198 123 215 255 253 252 213 248 255 244 238 255 241 86 68 117 77 79 74 0 59 47 56 67 87 71 51 7 65 85 39 33 95 101 52 89 86 24 19 43 65 64 79 79 81
52 75 131 38 95 92 49 24 12 16 40 93 82 34 48 42 41 85 53 24 19 48 65 114 109 25 39 59 36 69 87 136 226 255 234 255 244 232 255 253 236 254 233 205 255 220 231 185 248 222 232 252 222 255 72 179 145 248 255 245 238 244 250 245 236 249 253 255 56 37 86 63 76 66 49 98 62 81 87 92 74 50 0 39 67 32 18 64 69 105 143 95 48 29 56 67 46 46 81 92
35 79 113 125 64 62 63 17 12 45 62 112 107 44 39 40 74 103 74 19 10 40 50 78 67 27 102 97 26 62 27 53 239 253 255 237 247 213 238 253 239 209 178 255 249 239 255 97 222 234 233 247 255 224 60 191 192 254 185 240 235 255 247 255 255 239 246 233 104 59 49 70 113 66 84 124 65 84 124 83 52 59 16 44 67 51 25 34 48 67 116 99 62 26 43 66 46 41 63 75
51 93 143 225 82 28 62 86 27 47 19 52 68 30 32 48 50 63 64 12 21 51 38 28 13 31 121 131 12 37 29 45 255 225 148 142 253 255 250 220 255 255 233 237 241 219 224 254 237 255 255 247 232 167 215 255 91 237 251 240 253 230 250 227 246 244 241 157 111 103 43 68 97 67 67 109 45 82 109 74 91 102 44 26 46 83 74 55 37 22 62 80 98 82 65 55 69 62 67 86
78 59 113 188 143 63 17 25 74 76 31 46 51 43 57 83 65 53 67 25 50 77 64 45 54 74 81 135 14 24 82 68 128 215 124 205 255 240 234 216 214 245 236 255 253 255 221 245 250 215 225 242 250 242 255 255 145 255 255 254 251 238 237 255 255 255 213 99 77 95 24 40 70 106 37 77 40 94 62 90 12 63 69 80 111 161 126 66 46 16 45 59 105 120 87 50 76 76 71 99
99 60 71 75 54 11 24 45 54 57 52 70 59 73 76 101 36 26 44 21 44 62 78 89 98 82 29 81 0 16 60 0 73 174 74 187 233 255 249 245 255 255 243 232 160 255 67 58 206 29 250 217 255 208 248 255 150 212 254 214 255 255 244 252 255 199 121 94 80 77 32 70 51 104 20 36 34 74 35 82 60 94 98 81 69 116 109 77 51 41 98 99 108 96 64 54 93 103 86 123
72 33 26 88 51 7 54 65 81 57 45 42 48 93 51 81 2 37 68 75 77 58 66 85 93 80 71 88 26 85 85 16 31 85 51 106 154 196 186 204 225 224 162 15 182 122 217 255 107 132 49 196 234 131 210 175 92 129 213 102 156 154 140 119 138 70 0 35 40 39 28 63 31 35 16 5 28 32 54 51 83 103 121 97 46 75 86 86 48 47 145 171 154 89 32 42 82 94 58 96
29 29 35 70 37 3 46 107 159 135 100 51 72 119 16 78 22 77 66 75 65 30 21 22 44 45 59 75 46 108 118 67 71 63 19 5 26 72 103 127 141 108 83 28 67 24 5 45 31 44 54 119 101 19 53 17 10 26 102 156 152 131 35 33 74 60 28 18 25 35 48 71 44 12 44 32 56 37 91 47 128 118 130 104 38 52 52 51 53 32 121 148 141 84 20 30 50 53 0 23
30 48 46 0 72 98 22 30 94 135 142 81 105 132 0 103 86 117 31 24 35 44 65 70 56 35 0 43 52 87 130 73 28 58 21 31 5 22 82 88 48 54 41 55 48 127 65 77 79 3 107 110 147 55 70 50 111 128 188 209 172 116 47 25 31 57 69 13 20 21 55 106 68 41 71 70 84 57 91 48 108 78 91 89 49 73 57 37 67 24 68 51 49 40 13 34 85 78 0 21
50 55 30 52 96 92 16 11 63 89 75 35 91 110 13 131 176 153 51 82 28 38 64 132 116 54 3 51 30 41 67 54 48 65 90 82 30 41 77 76 33 48 52 35 118 29 82 114 24 51 51 28 90 49 25 23 78 77 77 92 71 35 36 29 24 8 27 21 36 18 38 86 85 37 74 81 87 78 65 48 85 71 55 63 61 74 47 39 68 43 57 9 35 56 42 80 119 105 52 41
35 80 59 62 23 26 35 54 103 105 79 7 37 53 33 138 176 161 99 81 75 88 93 87 59 37 9 52 22 55 78 43 28 84 135 105 75 58 50 53 46 52 42 98 50 91 83 185 174 52 72 62 102 87 24 67 59 43 34 46 30 6 32 66 68 69 21 71 107 3 24 76 85 0 45 104 111 71 19 47 68 92 83 52 15 37 41 49 51 21 59 42 76 67 53 104 144 113 67 114
19 71 69 108 55 51 84 77 50 26 54 60 69 4 9 74 109 103 111 69 159 218 229 163 61 25 13 79 64 77 88 42 33 68 109 56 100 95 33 11 66 51 40 76 0 40 9 51 100 2 84 70 42 59 20 61 29 22 42 69 56 21 27 67 135 106 57 131 146 20 28 67 109 23 72 91 65 57 8 51 81 124 112 64 14 34 41 36 10 0 47 30 70 52 49 95 139 115 81 141
29 38 14 21 0 0 53 68 32 24 30 28 35 35 92 66 51 48 107 61 173 245 255 188 95 49 41 64 59 47 84 42 36 103 198 82 65 46 36 73 40 24 29 60 48 36 61 55 46 46 102 94 41 64 94 97 87 45 34 21 15 31 69 132 136 47 70 107 73 26 22 51 39 8 40 33 5 61 58 85 85 117 100 72 30 37 40 35 5 18 63 12 47 49 58 80 66 69 55 58
30 74 96 49 28 8 18 28 34 32 16 43 52 72 120 40 50 67 160 119 145 153 143 113 75 70 75 12 9 0 73 37 44 45 134 28 27 41 43 43 40 28 26 53 55 26 49 96 104 79 36 36 35 43 83 94 56 29 57 47 45 81 86 104 120 39 95 114 68 59 43 80 44 37 51 61 16 24 25 24 54 66 47 59 32 20 31 43 36 64 99 44 66 69 72 79 62 66 79 40
58 101 105 31 38 67 58 34 90 73 25 58 62 44 87 36 55 99 213 188 121 63 45 60 45 40 61 29 65 7 66 46 70 20 90 7 10 44 64 47 32 37 72 17 47 63 39 76 97 70 35 10 38 36 41 95 66 52 128 117 93 128 93 60 48 44 65 121 102 38 5 37 24 57 91 102 47 30 50 40 49 35 5 58 67 50 34 18 34 52 79 66 74 53 37 56 56 31 64 43
52 95 90 79 67 110 86 21 84 169 148 91 86 59 88 5 46 78 169 148 64 6 15 48 57 22 32 89 160 61 54 52 99 41 90 26 19 32 41 24 30 53 112 12 45 59 23 7 28 48 77 42 71 53 57 134 122 100 197 168 99 119 69 15 25 48 32 107 102 35 20 30 23 50 91 69 41 62 95 79 82 56 3 60 103 109 80 24 20 22 30 53 51 23 0 37 47 5 39 44
34 116 152 211 107 88 60 0 73 207 224 131 122 49 76 11 29 31 82 61 15 0 50 84 79 54 36 104 166 75 35 42 54 33 98 65 57 41 33 27 30 68 105 90 65 52 51 64 46 49 69 69 118 76 108 183 175 124 202 138 33 60 37 2 63 42 15 71 57 64 101 96 67 21 45 30 63 117 132 110 103 87 18 48 91 134 137 86 37 32 18 45 37 25 6 53 45 10 35 41
35 63 115 230 98 34 52 47 88 138 100 109 91 42 60 16 47 31 76 44 35 42 70 95 88 85 41 35 119 50 68 14 42 16 82 110 72 55 34 16 26 56 89 130 54 19 67 109 83 47 43 57 65 54 118 168 130 57 78 98 21 35 7 32 84 66 29 38 61 64 79 105 67 13 37 33 65 103 113 73 91 95 69 0 68 115 121 87 45 14 10 80 68 43 46 64 46 39 33 44
56 10 79 84 94 53 36 77 110 77 10 31 38 0 36 18 55 51 81 84 91 77 58 69 97 56 10 23 64 34 77 28 43 48 86 83 54 63 61 29 37 45 67 94 53 24 40 59 83 51 42 25 34 40 66 72 41 8 20 69 60 80 38 57 105 44 56 74 38 6 43 79 48 19 46 49 54 69 62 38 79 91 70 42 42 49 70 94 48 0 18 70 88 52 41 78 78 34 36 41
59 29 89 49 61 56 0 20 73 81 48 28 37 21 43 0 10 53 59 70 87 86 53 67 97 58 23 41 20 37 73 1 36 57 88 104 75 47 59 63 34 0 14 57 103 88 37 3 52 80 110 38 12 33 35 14 8 26 28 88 122 130 83 93 89 22 52 54 56 55 87 106 75 41 26 31 22 41 37 44 77 91 61 73 24 9 36 76 83 82 95 43 56 54 40 51 53 43 67 71
99 110 115 85 56 89 83 47 23 46 58 63 96 52 33 16 33 108 69 33 26 51 23 47 2 32 33 57 28 103 116 34 21 43 57 85 56 10 61 124 134 89 80 37 22 0 7 66 29 34 86 53 54 66 36 13 5 40 23 59 75 77 69 80 103 82 85 16 71 107 97 83 73 48 27 71 72 84 46 44 67 73 32 52 22 15 42 39 45 107 103 18 24 74 106 110 31 54 82 126
72 85 58 53 64 63 89 25 26 34 27 26 102 97 46 40 89 129 63 26 24 60 15 39 18 83 67 51 21 90 66 17 34 42 18 22 13 8 90 169 153 80 64 54 75 49 44 87 64 15 67 89 91 46 9 33 46 60 37 49 36 54 100 108 84 84 98 13 40 53 29 8 20 14 6 78 78 81 35 29 53 47 21 28 34 11 46 24 43 90 52 34 14 33 82 91 49 51 56 101
73 104 72 137 129 81 43 68 95 86 66 31 71 104 38 26 87 53 8 30 64 97 23 43 40 98 64 20 23 68 36 47 82 45 21 52 69 55 88 144 134 77 62 65 65 50 77 133 120 93 129 122 105 66 49 65 50 54 56 70 48 65 114 104 63 25 74 68 59 45 45 27 36 41 39 95 65 68 71 92 68 52 55 50 65 0 36 44 24 51 25 74 60 79 124 87 66 92 92 39
93 129 98 216 141 86 89 208 172 80 83 91 44 49 16 73 111 29 22 53 70 85 3 28 42 98 85 31 67 89 41 55 91 30 32 92 122 89 57 74 59 42 42 70 51 51 92 127 106 103 108 87 109 127 120 71 39 54 81 89 65 63 87 81 49 5 23 44 36 29 38 21 23 49 74 115 51 37 69 96 69 49 69 65 96 25 39 67 35 55 74 103 96 153 193 84 67 132 147 74
76 85 88 200 117 20 142 233 185 61 75 81 0 60 90 160 159 75 95 88 57 64 1 42 19 95 126 72 128 138 66 39 53 8 18 42 74 87 46 26 4 7 15 75 63 69 81 58 40 46 55 50 64 65 77 46 21 45 71 56 27 15 37 60 73 82 40 10 16 31 38 35 25 54 88 116 36 14 64 89 35 16 37 45 108 69 56 74 21 21 80 78 70 145 194 66 49 95 116 150
74 87 70 74 63 33 50 101 104 75 73 70 55 66 130 215 154 52 105 95 39 67 26 65 36 93 143 57 78 123 78 32 46 32 43 88 129 95 16 17 26 20 74 103 64 83 79 39 12 48 48 109 75 47 19 20 44 47 25 28 31 9 23 54 87 73 50 75 43 54 71 51 34 85 166 131 51 20 67 72 24 6 26 35 98 96 128 109 29 53 81 59 35 89 120 70 64 57 43 143
83 89 62 63 38 45 55 29 40 79 80 35 114 86 106 141 83 14 50 49 83 125 81 87 33 91 122 60 22 78 54 15 50 68 77 130 160 129 29 26 70 101 79 147 76 97 111 34 17 64 83 147 123 72 12 27 69 65 34 38 55 48 50 57 70 59 44 45 29 53 75 27 1 34 110 132 72 24 53 60 29 18 48 16 55 90 157 117 66 92 103 44 44 73 86 84 48 54 59 70
83 89 70 64 23 71 167 155 75 83 47 30 120 56 45 52 8 38 68 48 136 204 157 87 71 89 92 88 0 53 57 26 59 84 16 87 123 84 62 90 122 106 56 158 87 79 110 43 41 18 0 70 112 100 23 35 78 84 55 43 51 60 78 83 16 43 70 57 26 56 102 69 8 18 46 90 51 23 49 50 37 15 60 32 19 27 95 76 68 148 145 48 68 97 84 90 59 59 50 95
84 78 61 42 14 39 193 236 116 68 1 58 68 63 51 11 28 74 45 0 38 123 149 101 92 46 31 83 0 46 88 58 117 141 18 99 135 14 48 76 20 68 20 55 92 47 46 110 77 54 57 67 29 3 0 45 82 94 68 44 37 44 58 48 91 117 141 116 31 23 45 36 19 24 4 34 24 54 89 71 18 9 83 133 82 30 63 130 5 91 63 7 26 61 72 95 115 87 37 55
60 45 33 13 52 23 109 123 70 63 14 75 63 152 144 35 31 59 57 109 63 67 86 62 127 53 39 89 33 88 172 133 79 101 42 96 166 41 75 104 86 139 96 61 16 25 109 163 88 28 35 66 61 71 46 46 47 54 45 53 75 96 102 71 62 53 59 87 44 51 53 75 72 63 23 34 32 72 87 58 24 39 86 164 115 64 25 108 60 88 48 89 55 23 38 75 129 115 95 15
26 32 38 13 93 51 47 15 23 53 24 38 69 143 130 38 20 29 33 131 59 54 68 27 101 41 35 44 0 58 152 105 66 67 80 39 110 41 30 56 49 120 37 65 14 40 125 157 107 52 36 52 74 114 105 69 66 59 43 43 42 50 62 41 44 18 13 46 46 55 59 112 138 93 57 57 55 62 52 46 53 59 32 70 90 133 36 27 8 9 3 79 32 5 43 71 72 62 63 20
21 43 62 25 62 44 16 3 24 27 9 5 45 49 31 13 25 36 33 110 73 96 103 21 76 25 29 39 0 36 91 53 44 54 84 24 79 42 21 26 21 38 37 144 75 70 82 25 116 111 60 34 76 128 139 110 92 76 62 62 43 40 69 71 62 59 67 38 53 34 52 118 107 49 53 58 75 70 54 77 76 66 28 19 83 197 131 70 79 56 77 70 24 22 71 96 84 51 31 29
22 37 63 36 29 42 25 53 45 30 30 41 48 39 19 32 48 45 37 107 109 118 116 35 77 17 31 83 51 64 73 52 40 61 42 18 64 32 68 66 27 61 104 129 118 110 62 35 85 150 95 42 82 108 110 91 79 51 39 58 48 31 40 28 29 51 79 3 44 9 37 93 49 5 52 59 89 81 52 76 124 110 103 41 43 120 109 75 109 67 145 105 64 17 21 52 52 44 71 13
27 40 41 89 29 17 47 61 70 27 58 41 94 76 57 67 57 27 71 137 111 82 84 40 110 29 26 63 7 29 85 101 38 7 39 31 22 19 57 59 27 10 99 43 49 69 104 59 51 81 68 15 48 51 59 63 60 34 21 22 22 33 43 43 29 26 61 69 50 45 64 80 22 30 67 45 59 51 39 48 97 173 171 75 57 18 45 29 95 39 46 110 59 0 40 55 80 72 75 27
28 42 80 101 24 79 43 70 62 50 73 36 82 73 63 88 60 24 45 94 78 63 67 23 132 66 37 25 0 0 30 55 16 7 21 24 23 7 26 62 33 7 51 6 45 45 71 90 39 36 17 22 53 70 52 37 34 45 33 34 24 73 105 76 42 76 111 89 57 74 93 83 65 55 50 35 48 47 37 39 64 93 109 138 143 58 21 24 57 81 47 63 84 77 89 117 138 117 66 43
20 44 110 126 51 83 45 69 88 31 37 66 106 20 0 80 95 37 6 20 16 29 62 49 138 90 57 45 78 40 16 8 20 35 27 43 40 23 32 99 145 102 71 28 111 84 33 39 99 55 27 85 96 94 56 59 46 19 9 43 21 41 65 32 8 34 70 79 50 49 53 41 77 79 46 52 85 110 88 48 15 25 74 0 137 73 87 0 64 95 38 29 51 59 50 92 110 53 0 50
68 89 120 147 87 22 70 84 17 71 82 62 130 151 97 80 41 26 34 80 88 63 55 40 28 32 49 68 82 26 0 15 50 61 32 54 39 56 74 125 132 104 56 34 147 150 69 34 32 20 0 47 78 100 78 91 96 45 85 103 52 29 44 25 11 11 26 69 58 55 52 38 51 52 25 87 131 137 96 50 86 58 0 67 76 82 29 68 43 55 38 20 4 67 86 84 101 125 127 115
108 107 83 113 57 0 64 73 57 86 82 87 124 123 55 34 17 12 11 50 63 31 35 61 37 22 28 65 50 36 48 92 95 69 19 42 21 93 127 109 88 75 46 31 85 97 56 32 68 94 51 30 83 124 84 53 48 55 166 105 24 21 55 35 43 47 35 63 53 79 87 61 44 31 16 98 113 71 40 43 61 74 67 96 114 102 50 56 77 17 40 69 23 34 70 127 152 99 106 59
67 62 40 73 16 36 37 34 67 81 73 86 77 88 52 31 53 59 39 55 65 22 21 66 105 47 10 36 19 44 75 114 144 92 32 52 34 140 188 112 39 17 15 42 47 47 46 60 69 64 24 37 109 135 87 56 38 47 153 93 21 28 63 42 29 37 18 57 33 46 57 41 64 84 77 79 61 44 45 58 36 17 32 95 143 100 30 38 63 60 56 0 52 155 120 49 13 58 156 60
31 37 52 80 32 99 43 21 68 48 47 91 44 56 48 34 80 96 51 36 49 15 6 43 95 82 69 52 21 24 66 111 134 106 65 76 50 149 219 145 58 19 7 55 36 13 10 38 60 27 14 79 85 91 59 59 60 21 55 97 49 26 41 26 19 27 2 53 29 43 56 41 65 104 109 50 43 69 77 68 81 53 47 57 96 69 20 31 65 143 207 97 95 131 90 55 37 19 64 15
34 44 71 82 46 87 51 18 75 24 33 115 56 61 59 41 80 109 57 30 57 37 17 38 59 77 79 41 41 25 44 63 74 88 76 77 37 112 203 164 95 61 28 61 28 1 0 42 56 59 74 119 28 53 50 45 63 23 7 126 82 44 54 39 36 62 14 30 23 96 122 74 44 43 63 30 54 64 52 48 78 115 124 41 38 42 44 61 61 132 255 185 168 155 114 89 77 58 67 54
23 31 40 60 25 54 38 33 52 54 50 68 46 39 29 59 85 88 67 28 81 101 87 90 53 52 63 36 46 41 40 48 31 18 35 52 34 56 119 167 140 86 83 82 52 13 0 28 93 139 178 126 42 51 36 31 48 69 87 100 55 43 36 47 48 77 41 52 44 96 92 58 11 32 66 33 76 105 65 42 76 122 112 22 52 76 57 79 45 98 189 148 144 155 124 58 51 37 116 75
3 4 40 79 75 50 64 60 51 95 44 41 13 0 12 79 82 81 80 48 88 125 137 137 63 12 44 39 17 34 77 66 54 28 22 11 56 22 55 104 83 75 115 90 57 33 15 31 84 139 134 95 30 66 56 8 37 81 115 87 45 28 29 14 72 73 46 62 25 41 48 3 21 50 86 40 52 69 63 82 64 58 63 57 123 97 50 55 53 67 104 130 57 56 29 61 94 27 35 13
29 79 145 118 95 46 99 81 28 99 31 39 45 11 13 79 76 40 51 39 54 81 108 104 30 23 72 58 22 12 54 82 79 69 39 22 92 21 0 57 50 29 101 90 81 52 8 18 42 37 0 32 6 22 35 17 21 71 104 46 24 34 66 45 71 64 60 80 23 14 65 43 42 59 82 33 24 8 0 21 32 82 143 125 133 62 22 0 78 63 40 84 31 75 51 72 51 30 34 40
43 55 128 116 81 5 45 69 35 66 25 28 61 18 23 91 81 24 71 105 106 109 128 113 53 20 36 36 59 68 59 29 69 75 16 5 43 13 0 67 32 3 82 69 87 91 46 52 83 74 46 46 34 54 64 31 50 74 81 32 16 37 65 48 30 28 28 49 20 0 33 14 20 16 31 20 51 44 29 42 45 54 70 42 94 90 77 14 51 84 114 148 125 125 81 25 48 61 40 54
39 18 53 69 75 89 76 69 43 25 60 51 69 3 2 65 55 27 107 144 122 105 108 73 34 37 118 88 13 35 107 96 21 45 37 43 66 58 38 60 36 44 114 58 61 104 64 45 61 37 56 34 26 24 25 13 32 32 32 47 45 65 64 56 18 21 14 45 84 68 33 0 61 51 48 33 59 46 36 48 71 52 68 39 43 18 39 53 86 67 53 88 97 94 92 50 13 48 31 63
40 32 3 21 33 138 107 56 62 10 75 75 88 25 4 40 55 57 120 106 62 48 52 16 28 69 140 82 7 17 79 86 49 32 35 0 39 57 96 79 81 83 138 123 116 133 60 28 37 0 25 41 47 41 53 89 63 42 29 62 53 60 44 44 20 28 24 39 83 92 30 15 30 61 80 54 49 24 38 67 58 23 50 48 50 28 11 42 51 37 0 74 81 106 94 51 32 59 54 99
91 63 2 112 85 100 82 81 85 30 38 43 57 43 43 81 54 46 77 54 35 26 27 12 13 58 89 35 20 13 12 15 47 39 64 41 77 95 127 90 46 19 55 114 109 97 19 12 13 13 27 58 60 99 92 73 42 32 35 54 65 90 117 132 113 103 106 78 47 63 12 48 14 77 106 65 38 8 35 66 52 18 36 22 25 46 2 42 38 92 62 132 70 85 87 63 84 58 10 20
71 79 28 203 157 99 78 64 42 41 18 32 28 33 48 101 96 60 77 88 104 71 43 37 28 23 61 40 28 38 44 10 0 20 49 66 78 112 119 99 51 33 38 84 50 50 7 26 64 69 67 183 174 177 124 85 24 36 65 60 85 119 180 198 190 151 163 122 39 58 7 56 18 76 87 35 14 1 39 66 41 11 45 52 58 87 21 83 61 98 59 120 52 41 62 55 62 70 48 22
70 74 39 166 184 72 86 53 30 103 88 55 28 38 66 109 128 117 115 121 114 85 53 36 40 70 70 17 162 148 71 49 39 36 35 10 0 43 79 56 71 106 99 72 42 66 65 107 149 105 80 250 195 120 86 82 44 43 69 49 61 93 136 156 128 111 80 103 107 87 32 27 91 73 61 25 20 28 30 84 61 39 60 90 75 103 64 113 134 80 26 41 47 40 49 13 18 65 114 90
49 27 50 102 116 82 58 73 103 99 103 102 30 42 88 83 97 108 110 94 73 56 41 31 43 60 68 57 206 202 103 57 121 48 12 26 48 75 73 34 0 48 56 78 57 102 92 142 188 110 55 118 85 46 46 28 32 26 48 25 21 27 51 65 52 21 25 22 109 113 96 30 58 59 81 71 62 51 54 124 118 75 54 34 47 30 75 107 173 151 89 51 22 26 51 12 11 61 118 106
45 19 58 45 45 62 32 68 129 63 48 84 38 42 53 7 39 68 70 40 28 45 49 32 41 51 61 56 147 149 80 65 50 32 23 20 46 110 114 47 32 44 35 30 24 54 71 133 164 91 63 33 35 53 96 71 22 13 45 37 31 17 29 44 55 42 63 19 85 122 144 50 42 65 104 94 86 78 71 124 182 116 42 60 120 63 69 1 105 123 97 60 12 10 47 23 35 61 90 59
52 50 49 30 19 26 34 49 112 114 100 125 101 66 51 64 47 81 76 41 56 111 118 78 14 18 25 7 24 30 4 35 53 122 148 83 51 116 125 40 0 8 64 50 84 29 27 45 66 56 118 67 67 84 97 50 14 6 54 70 75 59 71 93 30 46 53 15 3 98 137 62 26 61 86 52 55 78 59 70 25 65 56 149 146 90 79 43 36 62 77 87 44 18 64 72 82 83 79 24
