60 44 27 40 68 47 14 58 130 59 27 79 118 187 111 76 62 7 24 31 25 30 30 40 88 81 20 96 71 27 12 16 70 115 71 22 42 37 61 33 71 90 41 59 121 88 35 53 15 34 61 39 68 47 58 18 13 20 28 113 125 56 48 28 61 55 47 20 20 70 42 56 42 26 31 36 63 57 22 84 62 116 105 75 55 93 36 44 57 93 59 44 127 203 209 85 29 64 98 39
42 57 43 23 49 51 20 36 74 44 100 131 121 146 146 96 13 7 49 67 51 36 54 25 58 60 57 146 74 6 30 66 78 102 50 21 36 27 42 27 65 100 92 91 82 40 34 63 16 27 46 8 20 36 58 32 62 50 16 117 48 30 9 33 72 83 58 31 0 59 21 35 52 40 38 44 68 19 34 68 100 89 78 56 29 83 28 5 9 71 49 29 98 187 205 102 59 55 44 10
45 120 126 52 44 54 28 23 19 37 91 102 58 42 63 21 19 29 28 59 82 58 68 44 11 19 54 144 75 25 64 77 79 74 15 23 46 45 42 32 78 74 48 26 28 47 71 50 81 42 51 35 17 24 34 56 96 56 27 55 0 35 40 30 47 86 74 71 3 72 43 77 85 93 72 80 68 2 38 17 13 0 63 63 0 27 12 20 54 32 3 49 65 29 30 39 19 47 51 65
81 183 192 65 19 20 12 11 96 130 87 99 73 44 22 10 54 53 11 81 148 117 39 29 28 29 21 43 18 37 98 88 19 39 13 27 16 13 21 40 34 104 127 72 43 66 122 113 63 26 60 75 39 40 24 61 92 52 80 76 38 72 79 41 16 61 92 122 43 54 27 72 58 57 31 69 81 83 120 55 64 31 89 81 31 91 65 40 29 56 18 0 4 31 49 40 36 79 58 61
59 134 141 45 57 95 117 128 145 155 86 112 121 82 63 60 81 46 9 86 121 154 70 68 53 76 54 23 24 49 98 85 59 61 23 14 0 21 41 63 90 114 71 0 17 30 57 49 16 42 94 84 30 50 26 46 61 23 66 104 51 84 105 141 69 47 62 86 42 26 55 127 107 34 14 37 95 136 197 146 10 49 139 107 25 42 31 44 28 36 13 10 22 5 0 12 20 59 46 71
34 54 50 8 88 126 122 110 99 87 87 111 133 76 107 94 63 44 79 136 71 113 42 0 23 44 45 25 46 32 44 23 13 27 28 28 19 25 17 8 19 41 21 3 58 29 39 65 38 63 80 53 3 16 19 68 62 32 71 83 90 111 147 180 123 37 17 21 27 20 102 175 151 42 51 23 62 70 186 211 50 15 61 101 70 30 10 50 29 66 66 29 54 39 17 0 39 51 43 56
21 18 21 11 109 121 96 77 22 27 48 59 87 34 64 67 19 23 50 74 22 61 60 27 80 52 49 25 46 37 73 54 21 34 50 20 0 0 35 68 42 44 24 9 65 34 61 96 48 38 13 16 20 16 20 72 22 26 59 47 105 92 75 41 95 36 36 31 33 9 60 76 65 13 39 27 16 28 143 199 131 22 0 57 60 29 43 69 76 98 88 7 36 18 20 13 11 42 85 89
42 36 36 6 70 51 32 35 12 54 27 30 72 44 23 63 33 54 25 23 34 14 19 19 101 57 65 23 16 19 86 63 28 8 28 26 40 29 27 14 0 12 18 13 77 72 106 109 58 55 13 28 81 71 27 7 19 43 21 65 89 96 41 49 74 58 73 51 27 5 41 27 47 50 41 73 15 56 89 93 55 21 22 41 30 53 92 41 44 61 79 19 61 14 20 34 58 71 91 40
94 66 42 26 74 71 47 53 36 106 95 32 49 68 40 50 45 63 42 13 39 20 27 45 11 35 37 22 24 40 37 21 32 18 51 85 59 49 37 72 66 29 0 25 32 102 161 70 25 56 11 36 87 48 36 63 48 19 72 76 117 115 11 53 11 37 106 74 49 12 34 1 12 25 8 42 62 73 128 94 41 40 29 6 67 79 169 157 129 36 23 92 54 7 47 39 27 15 38 13
36 14 31 73 126 118 87 93 50 65 68 70 101 90 35 27 0 33 40 66 83 21 58 57 28 50 60 100 116 72 22 43 57 80 111 90 87 78 19 52 37 14 7 20 30 114 169 80 18 53 16 12 75 56 30 99 90 35 50 41 65 74 20 60 23 0 18 36 53 57 53 11 31 72 70 23 16 69 108 92 27 66 53 57 94 50 56 97 103 78 53 80 61 47 59 47 15 32 7 47
31 11 54 110 109 69 39 60 39 30 63 92 94 64 17 2 37 50 40 91 106 0 42 12 62 65 58 136 170 98 17 65 46 17 56 29 11 21 17 81 65 16 22 27 3 28 63 19 2 35 24 28 124 115 30 80 60 19 39 43 28 20 4 24 33 21 23 39 26 40 40 26 45 57 61 11 65 189 152 71 13 74 56 25 73 38 135 86 54 57 37 39 13 39 54 42 15 48 24 48
22 10 78 149 129 81 39 38 9 5 44 44 17 34 54 52 9 48 61 92 98 0 44 59 53 45 12 64 102 81 25 57 41 46 88 83 63 31 29 86 82 19 29 34 24 23 27 0 18 30 12 16 100 98 10 18 114 39 6 9 0 20 53 50 15 55 89 81 27 20 40 58 75 51 51 21 58 186 151 61 16 18 26 49 55 111 83 64 14 40 31 29 13 26 16 44 79 82 87 10
66 14 38 79 86 83 60 34 30 53 113 102 57 77 98 83 25 29 26 36 96 42 23 25 55 68 33 6 4 32 13 0 98 172 94 40 65 22 2 56 41 19 32 30 76 95 69 6 4 13 6 19 65 74 39 19 56 24 9 27 23 55 124 127 80 75 78 54 25 11 50 87 89 52 54 72 51 109 98 28 33 129 121 103 87 51 29 35 8 64 82 76 78 61 8 52 121 101 89 13
9 0 44 79 112 111 84 30 18 74 153 136 66 44 40 32 49 46 51 24 58 52 11 30 82 132 126 51 22 51 54 12 73 135 57 79 113 70 29 19 9 29 50 58 113 81 49 21 23 20 16 32 70 99 86 44 41 51 43 45 40 61 114 115 106 51 23 25 33 9 26 59 59 30 22 86 64 70 51 0 85 115 178 30 35 0 10 28 21 26 107 99 63 76 57 35 49 53 17 59
26 11 57 36 57 40 41 4 41 97 135 83 25 21 33 53 52 23 37 35 49 93 59 52 14 67 79 18 30 32 42 31 38 32 5 106 106 111 90 38 16 54 64 87 143 49 31 65 91 67 48 20 54 95 56 27 0 23 26 52 106 128 105 59 35 21 13 45 47 30 3 12 27 46 13 42 33 38 16 20 117 76 18 76 68 28 51 39 25 0 81 59 35 63 63 21 1 19 1 53
47 20 52 10 50 39 61 36 74 121 117 44 20 41 31 21 19 9 59 67 0 23 7 0 26 47 37 0 44 8 9 33 51 48 5 61 49 110 91 49 41 87 58 65 145 53 34 58 72 80 103 55 81 104 18 13 10 61 41 6 27 46 44 45 65 78 34 25 0 21 1 9 9 68 24 32 73 99 31 43 50 77 3 76 84 32 38 63 22 28 66 15 87 67 3 35 53 50 59 0
31 32 69 32 15 7 18 32 63 68 54 85 63 61 26 75 82 68 17 21 53 88 67 30 66 74 49 26 29 59 32 31 51 49 0 51 11 68 86 33 37 71 66 8 127 134 62 68 37 58 64 119 125 90 26 0 17 40 12 29 56 108 117 74 44 102 85 40 35 12 49 75 44 17 56 53 66 61 10 50 37 9 30 36 30 0 38 70 70 56 86 30 111 102 11 35 44 56 54 92
72 40 47 62 74 30 38 77 60 138 145 151 90 37 24 62 98 78 57 69 37 35 23 43 121 63 0 0 5 39 23 53 5 49 10 78 61 35 72 26 4 60 114 38 115 137 46 29 34 38 20 71 70 38 14 43 42 111 86 61 10 109 108 53 59 82 65 12 0 39 60 62 31 1 28 106 126 97 49 21 0 34 46 31 21 5 17 59 50 50 53 52 85 80 53 20 14 49 68 107
17 64 95 96 83 20 14 49 64 101 36 13 10 0 46 83 32 51 87 105 41 69 52 69 94 54 25 51 40 51 21 45 9 39 24 48 61 21 98 122 38 42 81 20 147 236 109 18 0 61 53 11 17 16 41 63 81 113 117 94 4 69 62 22 85 77 70 37 34 111 82 34 66 4 46 109 126 75 49 7 60 70 39 27 89 73 49 71 29 19 2 48 60 38 50 63 25 42 32 51
3 96 173 186 192 145 69 47 75 87 44 39 77 48 75 105 32 48 93 112 48 115 73 50 83 90 90 66 41 51 24 8 16 12 68 64 66 43 76 127 100 139 157 45 81 131 57 20 41 128 169 105 114 35 38 38 56 29 82 81 37 53 50 11 47 86 78 3 22 120 105 19 70 5 109 125 171 120 67 36 64 89 77 29 91 78 72 70 70 58 36 53 101 72 37 80 50 51 18 19
28 49 115 148 158 125 47 57 83 56 51 66 110 57 40 74 92 56 69 95 43 110 61 28 76 106 114 49 52 75 60 17 24 9 85 97 58 31 31 46 29 80 74 9 47 66 29 24 38 147 146 47 58 58 55 14 1 0 58 58 51 92 86 25 11 35 67 90 126 55 46 49 58 23 78 81 134 131 57 38 21 86 87 26 36 94 87 23 33 51 47 34 111 94 45 3 44 63 53 66
52 22 65 109 92 73 40 62 36 22 71 113 132 53 1 18 80 53 55 68 32 101 64 11 50 94 106 50 60 73 57 42 30 24 49 95 42 9 62 63 17 57 70 71 90 67 40 47 28 73 45 74 79 82 41 48 19 47 72 79 53 96 77 41 8 48 56 37 92 29 38 21 70 72 11 19 19 70 41 46 44 58 22 37 29 130 94 22 35 54 72 93 115 63 89 19 46 52 39 66
29 14 56 151 126 107 100 50 27 53 99 115 79 23 41 74 58 55 55 59 32 82 64 3 75 109 74 30 20 34 4 33 16 35 69 135 97 29 87 113 88 54 85 111 89 58 28 25 59 94 49 44 32 58 41 36 47 85 82 91 67 56 40 46 45 41 57 53 92 42 37 26 71 72 24 39 23 92 81 78 47 26 15 74 51 72 48 46 54 47 75 121 95 10 47 56 66 42 1 27
20 27 62 169 82 33 108 80 34 47 33 45 37 50 126 132 66 36 27 60 47 58 66 48 88 115 46 37 39 76 4 29 39 61 138 182 152 48 58 125 158 68 120 137 66 53 50 64 76 97 87 42 29 2 22 19 14 69 74 59 80 35 43 46 41 16 49 31 23 22 44 73 86 17 37 23 46 118 88 56 39 27 67 99 97 26 2 4 3 0 37 74 81 37 1 70 72 50 13 34
0 10 44 89 44 42 32 113 75 2 75 29 54 95 147 147 44 15 21 8 20 49 83 51 105 110 31 36 26 44 35 35 44 49 91 123 63 33 130 93 123 46 98 124 36 69 92 45 50 82 119 39 75 41 43 66 9 34 19 79 53 46 37 51 80 56 0 28 26 58 110 89 89 95 96 63 63 109 98 44 45 36 83 46 56 67 52 41 46 44 43 40 74 92 48 9 43 58 17 51
13 7 37 51 41 65 91 107 55 79 163 124 95 69 74 93 50 16 16 11 29 93 116 45 28 41 7 42 43 36 30 49 58 10 60 41 15 87 127 90 75 33 65 87 24 83 83 24 2 43 44 32 104 68 22 1 38 74 58 65 46 38 28 52 84 83 20 27 26 118 82 33 77 129 85 62 39 57 18 22 40 12 9 27 64 78 76 80 90 36 39 45 53 55 45 23 32 41 43 97
3 22 42 12 46 85 111 33 28 81 121 127 114 53 16 31 70 31 21 23 16 81 108 57 82 53 35 57 61 30 1 35 45 1 49 79 101 117 37 24 32 27 42 52 5 57 55 26 73 116 75 81 132 89 43 25 54 84 74 48 47 47 14 22 36 51 31 9 10 124 82 63 88 111 33 25 25 45 37 48 48 118 106 54 15 30 73 98 77 58 62 37 58 55 33 4 22 16 38 89
20 82 62 25 78 31 24 31 2 32 46 92 94 17 22 59 59 40 34 49 11 18 34 53 9 0 75 94 100 69 5 67 21 14 37 79 92 195 191 46 41 25 13 8 0 10 17 22 91 112 78 41 31 6 36 80 45 53 57 40 31 51 14 13 28 19 51 29 17 57 67 74 33 57 54 41 20 5 72 63 99 107 65 21 16 25 50 93 76 114 102 57 123 107 47 34 17 7 8 26
2 56 114 106 35 26 90 69 42 18 30 108 124 30 61 71 14 31 35 62 43 12 0 31 46 3 94 82 106 120 16 75 37 47 5 48 105 209 241 138 70 52 47 57 97 93 89 72 40 36 69 30 11 8 65 115 48 27 38 49 23 57 38 33 47 29 83 128 89 46 48 7 75 104 103 70 38 15 93 91 4 39 82 59 58 44 23 64 71 82 65 47 115 101 47 50 12 31 9 0
27 100 80 47 46 80 120 175 63 32 52 132 146 59 71 25 4 30 24 38 70 79 50 47 43 22 122 119 142 165 32 60 31 5 17 17 13 140 225 166 66 56 36 21 41 52 82 74 62 15 32 0 2 32 82 115 79 29 28 60 72 89 59 20 37 38 51 139 106 114 166 142 92 119 58 27 29 38 70 106 73 63 55 15 28 72 29 34 37 21 27 25 43 92 71 16 10 55 36 23
22 19 8 44 80 60 12 48 31 66 81 108 83 51 71 27 22 29 25 15 62 122 132 87 42 71 128 104 60 68 12 77 35 11 35 55 66 36 32 95 53 86 107 131 70 38 30 16 34 41 40 32 46 50 46 56 108 65 42 39 109 82 61 12 72 70 12 27 0 21 105 127 66 84 58 43 54 53 67 116 131 82 41 95 86 112 51 71 37 34 46 40 27 132 123 30 17 45 38 65
44 56 49 15 57 113 73 32 54 104 60 43 32 84 98 43 22 17 39 21 44 114 161 103 42 70 63 67 32 38 11 49 55 48 20 4 55 48 55 81 26 44 59 136 46 23 19 34 30 84 26 8 6 18 49 113 116 108 71 2 88 25 53 46 34 61 52 55 80 31 49 46 117 40 35 19 58 48 73 69 26 43 5 100 55 103 41 34 42 38 21 27 21 122 108 62 27 18 18 90
58 66 93 56 30 62 97 12 57 124 69 51 46 96 65 40 28 33 24 51 48 91 156 88 40 68 47 22 73 81 37 45 48 65 1 3 57 59 69 65 22 34 66 52 48 32 0 36 14 59 34 33 86 97 121 68 12 20 9 11 92 18 37 41 27 24 51 31 69 73 32 97 133 22 22 3 48 70 69 44 35 35 43 15 20 106 78 48 37 35 30 24 11 55 113 64 29 53 24 116
76 74 63 42 79 72 54 42 22 58 84 89 71 20 59 60 32 54 44 84 76 91 108 93 76 111 71 18 69 76 76 11 42 49 4 11 28 59 101 94 42 23 58 48 25 38 47 79 40 109 111 29 41 62 100 106 108 103 84 91 116 57 46 22 34 43 11 48 22 43 40 74 51 53 55 65 76 105 84 92 107 67 75 115 100 108 90 74 71 37 28 48 21 38 49 69 37 53 43 106
81 112 69 2 55 46 14 86 48 16 41 82 93 12 85 63 3 45 50 85 56 38 28 92 116 71 13 74 85 26 71 62 23 27 11 40 23 72 108 73 41 12 71 78 26 28 32 20 24 119 100 20 77 90 105 72 26 82 106 139 174 109 55 69 15 15 28 47 107 90 57 80 114 68 22 59 64 11 0 105 73 52 57 94 68 71 83 54 105 76 26 11 3 58 21 45 35 26 36 55
34 108 103 14 39 53 8 57 57 44 34 67 72 11 85 54 24 8 7 37 47 32 0 46 106 98 37 112 83 124 141 69 1 9 0 32 12 62 60 8 30 0 34 41 0 9 21 5 21 23 48 126 139 98 193 87 89 219 36 252 255 57 80 36 0 13 9 85 35 0 14 20 28 73 101 15 41 22 15 31 30 43 48 38 26 54 63 33 78 59 22 49 74 77 28 76 85 40 58 46
34 52 80 49 49 76 33 25 25 57 35 44 71 12 62 34 21 1 53 54 41 10 10 49 37 48 94 191 72 46 53 73 11 30 0 14 5 48 29 2 28 1 4 1 0 4 13 11 14 43 12 50 85 40 95 5 145 255 223 246 255 253 117 89 136 20 23 8 33 26 29 82 86 45 90 10 54 27 20 28 58 44 51 36 62 73 35 37 47 78 51 57 72 38 42 99 103 33 46 26
64 7 43 86 56 49 31 30 10 47 36 35 105 44 94 99 39 0 54 57 60 28 25 11 35 45 139 186 108 69 29 0 13 45 21 15 13 38 19 22 29 23 16 15 18 14 1 0 5 22 21 9 19 46 86 42 195 218 250 104 255 253 79 141 211 110 14 69 0 34 59 93 102 48 57 4 21 50 61 71 67 25 31 21 73 90 40 43 81 130 90 47 43 34 80 114 115 50 51 34
42 14 52 117 68 24 12 33 2 33 17 21 57 24 69 114 28 7 49 53 36 1 13 19 31 61 140 145 86 69 36 3 0 17 13 5 6 17 1 2 25 16 7 7 10 18 29 25 9 30 35 57 40 0 36 154 228 190 141 12 200 253 195 201 255 69 65 85 47 76 123 31 42 88 111 105 59 36 35 32 65 29 50 47 70 84 73 42 45 47 42 62 38 12 31 91 80 53 48 38
37 57 59 83 50 30 33 63 131 115 38 73 84 103 71 74 60 24 9 26 31 15 16 28 46 70 83 96 41 66 44 32 19 5 4 0 1 13 7 0 13 1 3 9 0 8 34 20 20 30 23 75 24 23 105 139 116 58 46 121 61 238 255 248 255 225 124 60 144 54 63 22 18 71 45 78 95 67 74 33 84 50 98 125 90 51 70 24 45 58 78 77 8 18 16 77 33 44 43 41
89 46 6 68 37 54 37 108 206 189 102 80 92 91 121 111 129 74 61 30 3 22 33 49 57 58 48 38 48 58 35 0 15 29 6 0 25 18 0 14 0 7 3 17 0 7 3 17 42 58 15 6 41 37 97 128 179 227 136 138 69 125 255 246 255 242 123 19 46 65 54 17 20 71 90 11 52 39 21 42 113 84 135 151 62 44 25 34 23 33 43 67 7 0 32 72 80 40 30 53
55 81 21 37 37 36 36 94 123 129 78 37 92 77 60 58 93 107 57 26 10 37 29 25 4 30 47 37 15 4 6 11 0 13 3 7 40 33 8 17 15 14 8 13 6 9 9 17 32 43 4 42 71 14 175 67 240 249 245 157 92 104 133 239 212 255 253 180 104 41 80 65 22 69 53 24 41 37 58 114 106 75 45 64 56 2 29 27 35 52 51 36 17 20 12 15 43 76 32 27
0 58 30 28 37 6 32 46 59 95 81 28 104 61 0 9 49 89 17 24 27 27 4 17 10 23 36 33 15 2 9 25 0 15 10 18 49 41 12 14 24 13 10 6 14 11 18 21 40 19 26 0 25 86 130 201 250 255 255 194 151 173 36 204 255 254 244 253 232 0 125 68 24 90 94 76 72 28 53 73 68 23 31 59 58 0 75 52 81 32 36 21 31 46 56 67 92 96 56 92
77 72 70 47 43 20 89 80 139 154 97 40 82 50 24 68 34 53 7 16 31 19 0 10 25 18 12 10 10 12 13 15 10 19 10 15 40 35 11 11 16 4 9 0 18 10 25 27 0 50 27 32 5 74 23 255 255 239 242 142 163 255 143 203 249 233 255 255 226 98 41 22 4 104 173 85 56 4 81 97 58 10 15 6 53 13 33 33 79 0 35 31 45 62 91 98 47 52 29 62
53 52 93 73 101 90 114 90 138 124 27 14 13 0 9 43 47 39 45 5 15 27 17 0 10 18 18 7 3 10 15 13 6 10 2 7 28 28 14 14 7 0 11 3 18 9 25 29 1 49 32 12 45 175 110 150 219 255 255 240 133 146 0 250 255 227 236 243 255 171 32 33 32 84 151 49 16 1 46 38 22 0 68 64 7 0 58 45 36 2 50 27 68 63 39 20 28 116 95 50
43 82 79 28 98 108 84 88 111 97 16 53 38 30 32 30 56 5 40 7 11 12 22 3 1 17 24 16 14 20 19 10 8 11 8 12 26 25 16 13 8 6 12 11 16 11 19 24 15 32 59 43 0 225 150 237 255 254 234 255 145 139 244 236 246 253 250 251 252 53 54 74 14 12 57 49 17 47 37 22 11 39 18 16 28 28 59 70 75 49 30 6 92 48 0 15 77 127 123 98
87 151 113 81 126 100 37 33 49 49 1 9 0 3 7 15 46 0 6 18 16 0 14 19 3 4 6 9 12 11 5 0 18 18 14 15 19 18 14 13 14 11 5 14 11 15 13 18 46 0 34 36 97 58 125 225 255 204 255 252 191 255 243 245 250 255 255 238 102 93 53 28 62 43 59 77 6 28 55 71 105 109 63 19 36 48 76 132 155 79 16 13 79 30 14 65 86 55 57 110
104 138 80 95 98 61 37 34 28 61 64 30 20 18 9 34 34 24 7 23 15 0 23 13 17 12 12 15 6 0 0 15 16 11 6 3 4 9 15 19 17 11 0 11 6 20 10 15 0 25 19 55 46 40 118 141 205 255 255 184 254 248 255 249 253 246 247 238 34 103 189 153 84 34 21 52 29 46 100 73 108 110 82 16 123 123 26 120 175 83 43 45 43 21 49 41 38 43 16 69
53 127 42 47 106 98 62 56 69 79 111 102 40 10 23 25 9 13 16 16 14 13 11 10 0 15 14 2 2 4 2 4 16 9 9 9 6 16 28 26 22 36 8 3 4 40 0 5 5 0 28 31 44 29 156 255 139 164 143 255 230 245 254 231 178 48 61 15 135 86 188 154 60 3 18 5 6 59 98 39 39 55 78 93 56 102 71 65 130 161 128 61 82 66 37 34 17 31 95 135
39 37 20 87 141 137 93 26 51 39 47 51 35 31 35 26 24 26 22 14 10 10 7 1 0 13 14 13 20 20 16 19 31 18 11 5 0 12 28 29 33 31 24 20 13 41 6 0 23 54 53 90 83 47 74 218 241 255 235 215 255 255 255 168 100 21 143 134 131 140 107 146 64 47 25 31 65 27 26 0 34 59 91 112 55 29 6 35 101 220 177 80 93 90 70 0 21 94 115 67
55 62 63 67 104 112 74 13 42 25 16 23 32 33 23 13 22 24 16 4 3 13 12 3 5 13 16 22 29 22 15 20 19 9 9 11 9 16 24 22 36 38 29 23 18 24 4 24 24 108 91 126 108 59 28 204 248 255 239 255 236 224 152 62 99 69 84 133 172 125 92 134 114 20 64 37 53 33 15 66 51 71 59 57 54 42 40 48 7 164 176 73 81 115 99 19 24 65 57 0
162 44 6 22 72 57 21 5 39 47 48 44 36 15 1 4 22 24 13 0 2 17 19 8 5 11 15 23 28 17 11 23 17 5 5 9 7 12 19 17 42 43 0 1 14 27 7 56 60 110 76 117 207 255 218 255 252 243 235 254 250 255 40 27 95 41 82 163 157 92 76 112 101 35 48 96 126 42 40 18 19 48 22 9 42 19 18 7 63 27 55 22 42 71 72 115 104 27 13 21
147 7 24 40 24 33 56 33 37 63 77 66 37 4 0 12 35 33 20 4 4 14 13 3 0 6 12 20 24 16 18 36 41 17 3 0 0 6 23 29 42 39 5 39 28 71 43 24 80 70 41 107 159 242 255 255 255 166 255 244 255 97 67 11 0 35 33 121 136 106 50 125 86 82 24 53 96 10 55 66 23 45 23 7 33 0 54 117 51 5 87 90 65 70 104 168 151 57 53 93
91 43 54 24 13 66 74 17 47 58 68 58 27 4 3 12 26 22 14 5 4 7 6 1 0 8 10 11 14 10 11 26 35 13 5 10 11 18 31 35 27 18 38 74 19 111 170 120 118 120 63 96 58 165 247 221 250 221 238 244 102 5 68 52 16 7 0 27 51 74 81 59 65 55 37 56 52 30 87 82 37 61 48 26 52 22 22 38 25 52 98 82 20 0 81 106 119 109 116 121
57 74 72 45 18 20 19 39 51 37 40 38 17 10 15 9 8 4 4 8 8 6 6 10 9 15 10 4 10 11 5 6 14 1 7 25 28 25 24 19 17 3 46 79 55 112 231 234 164 101 31 143 155 150 245 255 245 255 203 32 23 48 18 42 36 36 83 8 39 45 3 19 97 66 4 80 45 44 136 10 51 57 34 4 58 89 62 34 15 17 21 75 98 38 74 106 74 65 64 49
83 80 68 64 42 85 74 15 37 13 20 28 13 19 31 16 8 3 7 18 18 9 9 17 11 17 9 5 19 26 16 7 21 5 7 19 17 10 6 0 18 22 86 150 188 95 103 109 29 205 240 189 147 98 246 246 248 255 87 175 66 68 56 11 15 74 64 108 75 51 62 34 61 53 51 81 25 51 84 28 40 45 56 49 79 95 62 66 77 110 86 38 67 49 54 109 130 39 34 49
18 27 75 119 30 80 102 78 62 46 0 51 37 10 28 20 24 12 11 20 11 8 8 12 1 16 10 0 25 50 44 26 15 7 42 63 55 46 13 14 42 0 43 166 246 225 114 127 78 194 247 245 230 207 255 208 169 33 122 62 40 13 55 41 4 1 33 61 64 72 109 8 89 108 87 66 37 34 84 109 40 63 46 17 36 8 10 20 77 145 102 32 50 51 35 69 48 35 15 0
105 81 105 119 90 85 146 111 39 40 56 79 59 34 24 22 15 33 7 0 16 8 0 9 0 11 23 4 33 34 39 24 25 12 39 18 42 34 24 11 30 25 51 112 227 163 127 133 141 186 255 255 255 111 224 132 29 56 69 56 0 43 33 0 81 98 85 45 12 37 41 53 78 49 32 49 62 34 85 129 44 51 20 41 19 4 20 5 27 102 123 51 37 63 66 18 39 32 28 27
52 86 81 76 47 69 132 91 32 32 84 73 63 71 39 39 18 24 1 0 23 9 0 22 2 12 30 3 32 22 47 49 20 29 39 4 19 28 29 24 52 11 42 165 153 20 130 45 208 61 216 247 140 123 120 96 57 59 36 40 40 34 41 90 107 100 85 63 21 54 0 63 81 57 28 49 62 47 51 66 59 29 0 35 0 36 38 3 72 54 62 69 82 69 92 118 85 50 24 25
69 30 40 13 47 0 79 99 37 23 43 32 43 97 63 48 34 0 5 21 18 1 19 24 9 19 29 14 28 21 41 56 1 41 35 26 0 22 18 40 40 64 149 178 150 129 149 254 243 254 255 255 117 37 51 0 24 67 97 4 50 84 50 35 92 68 102 130 61 69 27 104 110 98 38 40 32 61 51 71 68 27 26 42 26 107 77 34 45 77 43 41 83 63 35 94 114 73 32 19
93 50 20 41 32 46 20 62 28 23 10 32 47 104 73 36 31 0 20 20 11 0 18 7 8 24 19 30 23 31 26 44 7 31 27 30 3 7 15 38 61 70 126 180 251 255 118 255 249 191 195 243 114 57 34 47 28 15 17 39 53 103 73 115 81 22 4 42 48 55 12 23 46 48 31 34 48 55 50 80 66 55 50 59 66 76 60 25 21 100 51 35 60 64 9 59 103 98 79 51
54 48 65 11 31 58 32 26 25 38 32 74 80 94 82 46 15 27 32 0 22 11 17 7 15 27 3 21 10 42 39 63 41 16 26 13 30 0 42 35 61 54 104 206 243 255 251 249 233 226 59 12 0 39 32 31 93 79 18 49 9 39 67 89 40 56 26 28 68 56 25 34 0 39 77 31 74 50 34 17 33 54 20 41 59 0 61 58 56 29 0 32 40 48 29 62 77 77 58 27
51 45 39 46 18 41 25 73 53 45 56 69 81 64 103 109 33 27 31 3 36 20 28 17 19 27 4 5 3 35 40 59 52 5 25 10 42 10 76 46 73 70 60 49 129 252 255 196 223 201 162 99 86 11 77 0 58 90 110 131 91 40 63 57 4 13 0 4 47 48 19 24 77 113 106 20 50 72 54 35 12 28 15 19 42 21 110 130 83 19 28 65 60 60 62 25 94 81 57 40
28 46 68 75 73 46 27 9 88 36 48 16 49 30 123 174 77 4 24 31 35 5 34 11 9 25 21 10 11 14 8 5 31 0 18 23 29 22 89 58 54 89 62 180 254 250 217 143 115 82 92 83 45 35 93 69 17 51 121 125 71 23 21 75 67 27 33 52 21 38 68 117 106 114 55 28 35 96 63 94 46 32 68 16 20 64 86 92 56 0 48 66 51 3 39 23 54 55 58 61
71 96 64 92 57 42 70 51 90 49 65 45 0 122 166 67 55 30 33 73 73 55 15 25 85 59 20 16 9 4 31 25 53 69 31 33 74 85 72 47 7 24 6 125 202 255 255 101 35 65 45 82 57 6 82 130 101 62 32 104 0 43 52 107 126 100 0 62 33 44 121 161 31 2 57 89 25 41 66 99 49 13 31 11 42 103 51 15 4 11 52 41 33 38 17 36 10 6 20 0
171 103 50 51 26 48 57 41 64 26 45 57 49 110 102 24 44 0 47 98 77 65 23 70 158 119 39 24 22 55 66 43 73 43 30 40 78 142 132 106 117 75 120 187 143 112 126 72 7 0 20 85 73 45 90 129 63 42 11 51 19 54 47 113 108 56 35 30 17 15 58 121 109 71 65 107 38 16 43 96 49 15 7 25 36 86 47 12 6 12 45 47 101 93 0 25 46 45 37 0
115 40 50 62 55 95 67 48 0 21 43 34 44 19 3 36 12 8 37 51 38 56 55 116 188 161 88 30 19 31 30 0 47 50 57 46 61 105 80 136 157 89 132 198 154 69 61 26 31 13 15 72 33 1 77 79 16 0 43 73 34 62 64 29 73 81 130 16 7 19 36 41 86 65 0 16 13 28 45 54 32 15 6 49 34 77 77 67 20 32 60 31 89 114 10 20 76 86 56 7
59 33 63 57 61 88 34 0 26 45 92 85 73 20 2 22 0 58 15 20 33 47 96 146 97 117 123 63 62 41 54 30 52 37 79 88 43 61 32 47 73 129 92 112 12 7 61 62 28 32 53 0 0 125 191 185 127 93 66 21 39 83 72 37 8 75 116 16 19 56 65 22 70 73 57 83 93 40 45 97 66 45 52 60 33 66 75 71 40 36 68 50 49 61 20 21 73 92 46 2
33 47 34 8 49 97 87 60 53 37 108 98 42 30 55 23 5 41 20 53 47 44 83 106 43 80 99 71 57 41 37 44 48 84 107 76 29 59 76 98 112 46 67 28 82 7 121 44 39 38 14 66 105 105 131 106 55 84 100 79 45 42 64 91 89 80 53 43 38 67 22 24 47 82 117 70 80 31 35 85 86 58 94 46 36 60 44 26 52 33 49 110 103 27 2 21 92 110 49 17
49 82 60 30 49 57 72 51 39 64 95 73 74 97 119 135 46 32 81 76 22 63 57 29 58 71 39 41 17 47 15 45 0 67 131 73 15 76 150 150 111 17 52 35 14 51 110 41 63 58 48 32 58 87 64 46 40 6 24 100 72 48 103 120 134 64 5 41 41 91 11 65 40 96 132 22 32 43 42 29 56 57 118 39 36 47 20 5 52 65 35 111 158 62 13 27 53 68 9 1
76 62 67 63 41 6 30 19 6 46 40 49 114 134 91 116 67 77 116 59 11 78 50 21 136 128 79 42 23 41 10 39 71 48 179 155 84 135 176 90 52 75 126 60 30 89 97 1 49 50 8 38 31 4 48 23 67 76 47 122 137 36 72 135 107 97 36 49 26 43 0 33 70 89 117 89 55 12 7 17 44 64 93 33 45 53 20 0 42 67 24 51 105 69 38 41 24 47 13 40
184 65 50 58 26 0 42 44 19 13 36 57 26 38 33 46 27 87 66 25 29 50 24 51 76 81 89 15 39 29 44 72 97 116 155 58 89 52 0 68 50 70 47 67 80 15 41 99 102 64 28 54 37 37 95 62 83 67 44 112 103 0 64 67 35 119 75 97 60 0 35 48 134 101 55 81 60 51 58 46 34 39 8 3 70 107 65 20 28 15 3 13 19 17 33 53 13 46 38 91
148 67 18 40 40 19 40 76 37 11 36 72 17 18 49 78 52 41 46 61 59 20 107 101 34 33 0 29 40 67 41 52 92 233 199 79 34 35 111 92 69 90 79 12 27 26 84 101 80 44 84 63 23 24 61 51 51 47 26 57 126 118 107 37 34 160 48 78 83 0 27 41 67 10 23 84 99 59 0 22 29 82 62 37 58 77 77 58 51 21 37 29 23 94 64 64 0 60 140 115
72 61 24 8 81 50 34 54 36 23 12 41 75 46 6 72 62 22 57 66 38 39 119 105 61 65 22 67 47 70 31 3 69 218 248 108 29 22 123 102 52 56 73 60 20 25 31 13 46 71 45 72 46 17 73 69 68 0 13 38 53 70 95 56 69 70 9 129 69 29 20 12 0 2 88 97 77 29 19 45 87 98 69 28 4 4 55 120 74 19 44 45 22 41 35 80 22 65 137 131
3 21 23 22 65 51 18 3 45 27 43 37 60 55 84 215 146 73 61 37 13 21 26 5 36 56 69 133 78 44 48 22 64 33 104 29 39 65 81 75 50 15 31 39 33 57 75 110 27 54 0 26 29 11 52 83 85 39 93 86 44 46 61 56 0 4 89 122 37 0 43 15 60 29 92 21 68 39 68 41 0 26 52 32 16 25 55 101 42 7 67 66 48 33 11 14 41 68 123 135
81 71 27 43 40 66 16 21 35 17 71 45 49 48 57 132 93 63 23 29 82 86 45 58 25 38 70 115 75 30 82 30 92 74 60 12 34 55 82 14 59 14 38 44 123 88 47 86 27 41 63 75 55 28 13 87 82 67 73 51 62 77 42 22 51 51 90 139 61 43 23 23 23 65 72 56 13 45 16 57 31 22 13 5 43 79 48 15 13 7 99 88 65 36 33 22 2 20 49 57
125 126 42 34 73 91 3 34 51 97 171 117 103 77 27 51 38 46 13 43 93 60 24 48 30 22 7 49 38 59 106 28 24 47 77 45 46 77 45 28 28 44 111 80 89 30 10 65 69 25 87 92 83 54 18 61 81 93 66 30 25 42 52 68 76 90 90 128 113 118 72 15 20 25 12 8 66 64 1 26 12 23 19 3 10 32 62 105 85 5 39 29 31 7 24 15 12 31 32 25
68 66 53 16 57 60 25 45 29 90 187 129 46 44 57 76 43 17 0 22 44 17 17 11 27 25 9 95 44 41 57 57 58 70 0 39 47 31 51 24 49 100 187 148 32 20 67 117 89 27 50 94 116 92 113 109 101 65 31 38 39 60 61 50 26 48 63 11 0 38 115 58 59 63 16 34 60 77 7 76 32 73 44 12 14 19 46 73 88 10 38 40 60 65 91 60 14 35 23 21
64 19 50 25 37 42 67 99 29 30 95 91 17 36 58 38 71 31 31 17 50 45 37 23 31 42 70 144 87 7 0 52 49 59 70 89 97 117 98 37 77 68 118 125 43 23 41 27 30 19 25 103 114 81 127 124 26 19 21 31 45 67 24 36 51 41 49 90 38 56 69 67 85 67 70 49 89 74 46 76 44 124 76 40 44 27 50 63 50 50 136 133 76 31 43 15 13 30 16 42
73 29 39 73 111 86 36 93 35 35 30 55 53 52 26 33 12 25 62 10 65 53 4 19 6 18 67 79 118 49 36 30 80 18 25 72 85 86 126 87 114 43 38 43 52 16 93 141 110 59 0 79 121 122 116 98 64 70 35 1 76 122 6 28 80 44 45 30 58 65 66 69 64 39 29 40 41 91 61 67 64 107 34 60 105 43 26 26 47 23 121 180 127 44 30 10 11 19 5 52
78 62 28 49 87 67 0 45 0 39 21 52 59 52 61 84 48 0 26 84 108 58 27 24 37 40 23 18 70 53 50 61 55 15 7 34 13 1 25 33 46 66 47 51 27 95 162 117 69 21 28 4 70 72 60 49 47 95 93 41 38 94 51 11 47 33 23 37 84 84 48 47 61 39 27 56 2 56 33 48 54 54 20 51 107 54 4 31 31 1 36 56 44 49 47 19 0 3 25 56
0 27 47 31 62 93 75 65 12 43 89 32 62 24 43 0 15 20 9 41 79 44 0 37 59 23 7 47 51 55 177 191 120 73 0 32 54 71 84 44 35 21 19 58 71 132 82 56 39 14 5 22 96 95 74 27 50 60 94 71 8 50 56 28 43 18 23 7 15 61 41 43 76 28 9 17 24 59 47 45 14 35 44 46 45 51 35 31 47 50 71 92 45 2 32 43 11 9 0 0
69 14 33 29 55 90 84 0 37 65 98 77 98 0 56 4 0 52 60 24 38 34 12 39 34 24 34 0 46 81 75 150 152 103 10 55 71 38 60 58 134 97 25 15 11 74 20 36 10 25 0 23 86 123 140 100 68 25 23 49 63 124 100 34 61 26 29 53 10 17 13 27 36 40 34 16 16 39 26 26 86 42 62 72 5 27 36 49 22 55 109 180 120 47 48 0 3 21 28 17
113 70 28 33 76 30 8 58 54 68 68 28 32 36 28 3 53 83 95 16 83 69 55 32 49 73 90 57 17 0 17 58 83 45 12 70 119 39 24 28 141 121 42 39 11 16 20 46 0 26 9 21 47 85 74 36 125 94 23 65 194 247 135 49 106 61 0 43 6 0 3 17 48 115 108 102 78 104 50 36 68 65 120 113 20 70 55 27 78 94 61 68 47 27 26 8 14 25 42 54
75 18 16 78 69 48 36 32 85 105 0 51 86 125 86 36 19 82 91 34 138 79 19 31 43 21 28 66 71 34 18 64 71 42 43 12 72 27 39 65 81 59 62 82 52 10 28 54 96 63 19 13 20 58 37 51 102 99 20 51 161 168 66 38 82 59 0 7 14 49 21 31 45 93 76 94 97 98 25 0 44 36 106 152 88 100 71 90 89 113 48 15 26 23 0 59 68 39 12 8
3 48 66 90 76 114 121 91 74 36 32 102 136 155 34 45 25 71 49 7 67 101 69 74 56 2 49 74 52 57 25 57 48 33 72 25 63 8 13 53 59 49 107 45 7 22 36 74 95 42 26 46 44 51 43 116 148 85 6 32 52 40 27 51 16 6 26 10 25 80 27 90 56 73 78 85 95 33 20 37 12 27 56 70 61 105 64 32 86 47 34 56 20 23 18 64 94 70 33 5
29 11 7 30 51 133 177 103 53 58 104 131 90 80 27 21 41 29 24 40 88 152 96 12 61 82 0 40 140 153 121 90 71 33 27 12 49 20 21 45 22 46 96 30 18 57 37 66 36 20 14 28 13 4 34 112 171 73 8 41 10 1 46 78 32 8 23 6 13 57 53 107 63 72 78 86 93 36 63 101 67 22 45 124 129 81 33 28 91 43 59 135 65 43 38 28 64 63 63 64
37 45 41 78 140 104 100 105 89 15 98 114 21 29 27 108 58 15 5 13 62 40 15 29 82 36 19 106 168 192 119 32 63 91 70 44 25 16 24 21 22 31 22 59 94 71 5 22 2 56 79 107 105 78 80 74 63 35 34 88 53 50 116 161 91 81 35 36 58 93 115 31 54 43 4 50 92 112 105 92 66 10 49 144 122 32 36 81 33 75 32 84 68 28 15 54 31 15 33 84
103 71 18 47 26 31 14 20 88 58 36 26 52 50 71 81 100 34 15 4 13 17 103 95 85 23 40 22 91 117 6 92 107 63 32 22 30 3 61 95 50 1 27 78 63 14 56 53 60 101 182 205 134 74 67 68 73 53 76 55 12 28 131 148 46 24 17 3 30 103 104 48 134 111 30 14 98 75 94 84 9 62 47 80 126 42 54 102 106 107 68 25 43 35 43 81 101 58 25 75
43 53 32 72 44 40 46 17 18 54 44 40 82 48 20 2 51 87 26 1 108 96 72 84 61 0 6 25 40 32 9 124 135 54 19 58 72 11 77 90 29 68 96 83 49 46 93 85 52 85 146 149 74 32 54 75 105 93 28 35 50 44 59 40 39 48 49 6 11 62 70 73 169 124 30 65 3 46 38 77 31 76 33 83 121 68 28 77 168 88 4 43 76 49 60 104 135 133 70 48
61 56 43 44 32 60 80 53 41 146 129 85 87 32 51 85 56 62 7 12 92 76 52 79 82 69 72 108 84 48 32 63 115 55 41 83 57 18 114 102 16 81 68 36 49 99 95 46 32 10 28 55 52 52 44 13 112 88 0 45 68 43 55 66 48 1 42 46 20 39 48 69 151 114 81 59 28 48 23 8 22 57 46 51 56 77 43 20 89 56 13 42 72 50 18 60 53 72 29 15
74 62 59 19 28 62 49 56 26 173 143 39 14 18 101 118 52 12 9 35 23 24 54 71 84 87 59 77 83 74 50 22 31 5 58 139 72 52 73 14 23 67 25 14 65 113 58 10 24 69 137 138 64 23 31 33 39 28 20 82 64 29 43 40 15 21 69 71 60 28 9 102 112 120 63 6 0 22 35 72 43 31 93 50 11 63 91 5 44 27 60 16 15 51 58 81 26 32 27 45
71 86 41 10 40 37 25 48 35 78 92 126 115 44 87 94 58 60 62 47 27 28 21 10 28 40 16 3 41 53 58 76 95 18 54 134 38 71 55 40 0 37 14 5 28 42 0 8 37 81 146 141 69 30 30 18 0 0 37 47 49 40 36 17 13 0 39 54 25 15 2 20 38 80 83 61 40 0 65 135 75 35 103 77 31 58 89 43 49 8 64 27 25 25 73 21 99 66 62 65
78 106 2 32 93 67 61 36 57 120 157 137 88 74 136 97 98 73 57 29 36 35 12 0 47 118 133 38 37 40 78 109 50 54 144 180 40 92 63 71 9 34 25 14 37 51 26 45 0 17 53 55 28 41 64 50 36 12 24 5 39 31 38 94 51 22 7 47 101 65 1 18 0 32 95 109 101 41 101 52 11 36 38 22 15 49 25 39 33 81 50 0 63 18 86 49 116 44 43 56
41 60 3 70 122 118 72 10 48 151 237 190 96 67 120 98 83 27 29 5 21 32 49 44 95 178 206 64 34 23 95 81 0 68 170 154 33 94 81 68 31 7 5 2 42 58 37 35 52 34 31 26 30 77 106 82 36 36 57 58 42 17 39 103 66 57 49 73 74 55 66 72 46 56 30 40 13 82 86 9 22 98 61 17 45 78 48 87 78 220 190 45 106 28 22 16 75 35 48 46
6 0 20 48 46 102 45 28 38 133 192 110 34 40 91 73 44 56 79 10 24 31 41 35 46 87 136 61 59 17 95 39 73 76 97 82 51 114 108 62 43 5 28 26 41 28 22 33 53 40 34 12 0 39 75 58 4 59 109 114 36 63 114 91 91 155 95 23 31 86 137 119 53 64 72 4 29 40 48 17 64 107 80 22 54 37 52 108 111 181 233 64 35 16 12 35 31 70 81 0
18 45 2 22 40 87 69 56 34 97 97 65 3 33 67 71 65 79 96 89 50 17 31 69 33 24 25 11 47 9 24 10 67 84 55 3 53 50 77 29 15 20 47 85 63 60 80 22 17 18 45 58 59 47 24 27 16 96 101 50 30 93 83 26 55 84 52 45 34 26 78 94 70 45 29 46 12 54 43 57 72 43 32 24 29 24 31 72 61 77 88 43 14 93 56 42 36 60 30 41
47 20 10 44 119 94 74 43 26 20 10 40 52 65 67 47 36 47 71 89 81 54 34 30 26 41 53 44 55 24 52 65 106 89 35 26 31 20 36 23 17 21 65 116 67 30 73 68 23 42 70 61 48 40 12 0 33 33 41 87 99 90 31 0 0 51 113 50 35 101 85 68 83 58 17 28 8 37 44 29 53 98 84 101 82 140 65 30 79 64 55 0 8 44 41 44 41 47 48 54
22 5 31 71 129 66 56 42 14 22 49 67 54 19 46 59 21 44 66 62 37 13 5 7 27 51 53 50 33 6 28 54 92 66 11 50 22 34 50 54 32 18 50 107 64 26 65 60 9 51 85 60 47 64 52 36 74 99 128 153 106 56 20 30 68 13 93 100 54 29 0 66 97 75 31 39 49 72 91 45 46 124 137 156 81 114 67 93 73 73 93 69 135 76 52 33 49 22 64 64
0 39 64 110 91 70 59 69 100 61 46 42 84 65 58 1 78 113 124 81 23 3 24 50 65 74 50 54 29 9 6 23 42 39 8 57 25 71 96 78 39 24 36 71 46 38 65 20 36 79 104 61 40 67 71 65 36 85 106 93 36 18 10 20 5 20 62 50 4 30 78 74 52 28 18 15 50 79 84 25 52 54 59 54 19 7 21 90 93 82 62 33 136 60 64 64 58 0 67 62
