34 56 90 34 39 25 0 27 27 41 118 107 137 156 54 64 88 133 120 86 77 83 40 88 92 0 46 113 100 66 75 30 71 54 32 0 23 28 43 41 61 84 98 98 38 64 28 11 57 50 7 7 54 66 51 47 73 80 79 27 23 46 68 21 37 40 16 14 17 30 76 109 56 25 45 18 55 89 21 25 26 33 28 14 45 12 33 9 31 90 71 76 180 159 101 54 21 12 75 46
8 86 115 25 47 59 53 33 39 38 124 165 113 74 43 66 101 76 70 28 21 52 79 63 20 46 76 85 79 41 42 74 100 67 49 66 100 79 39 14 81 132 76 66 71 47 49 22 52 89 46 40 52 24 36 49 26 50 102 97 108 76 4 9 58 73 117 19 69 122 124 91 90 74 56 37 14 29 34 33 27 32 15 13 25 81 73 53 13 22 55 69 110 104 80 110 37 19 49 39
30 51 72 43 3 33 85 25 32 20 119 118 23 14 1 85 111 112 91 30 77 57 63 28 1 70 75 58 50 26 26 94 132 69 32 84 126 98 31 5 63 108 101 85 66 22 93 52 19 5 31 16 81 116 40 80 121 60 23 50 100 107 54 53 32 65 101 85 57 68 90 41 13 50 43 40 21 53 78 119 98 21 35 11 68 72 61 24 24 21 96 86 57 96 71 112 19 35 39 29
86 81 77 106 16 36 103 71 69 54 56 191 169 51 46 118 147 102 101 64 59 42 100 33 40 44 37 44 16 19 25 51 86 55 34 74 67 37 11 43 34 20 45 28 22 22 72 24 59 72 37 33 86 87 61 79 99 83 32 57 13 24 100 96 58 41 0 45 45 15 29 22 49 12 32 76 60 73 31 96 75 13 12 46 47 56 27 9 46 18 52 46 36 126 91 106 42 46 20 37
111 129 62 46 56 65 63 40 42 19 62 186 164 52 21 90 61 19 22 33 30 37 108 80 75 81 105 118 55 40 17 0 43 31 19 52 44 27 10 40 88 82 52 25 36 48 58 48 31 51 8 50 131 114 57 0 30 33 0 50 43 64 107 66 0 18 47 24 91 38 0 10 20 20 20 9 15 117 71 24 36 33 21 36 6 26 49 33 47 43 39 30 0 31 32 105 99 49 0 21
57 61 45 4 69 86 121 162 127 34 161 131 61 69 10 70 57 58 36 38 42 7 0 15 48 111 143 117 73 84 100 103 35 20 7 30 49 49 34 41 38 50 26 53 45 75 126 105 84 72 43 36 92 119 67 32 27 35 25 33 80 101 72 100 66 33 14 19 66 77 77 0 35 83 8 19 71 86 87 147 107 73 37 21 29 22 79 65 31 25 0 39 73 109 55 49 93 78 56 40
41 31 81 47 13 16 80 234 245 90 113 134 119 73 43 34 64 49 72 63 22 4 20 37 12 85 135 110 84 68 61 44 28 27 29 30 45 44 63 90 84 34 29 59 38 81 103 33 125 113 38 61 132 163 151 54 67 68 56 24 82 85 25 54 62 47 14 85 45 32 91 31 53 134 57 18 40 4 7 84 118 77 7 48 36 78 68 89 30 47 69 116 121 120 49 23 8 25 68 34
37 28 35 50 39 86 42 220 209 83 71 66 101 52 24 26 13 64 93 42 37 0 0 74 41 23 42 33 35 44 68 38 60 22 5 18 81 90 93 88 84 36 59 21 15 61 34 40 98 70 69 27 50 119 89 57 32 37 21 0 44 51 38 6 26 28 17 8 54 0 21 74 44 25 60 54 24 29 34 28 49 42 40 23 37 70 49 52 31 28 98 145 88 45 27 89 38 0 36 37
42 24 41 67 74 68 39 123 120 11 52 90 77 54 60 47 27 55 43 13 111 97 46 15 60 10 48 70 14 72 96 38 81 157 86 78 150 133 97 67 78 37 75 18 56 41 48 15 56 98 69 37 33 82 93 102 80 67 31 21 34 75 58 41 56 43 24 18 75 37 26 104 67 38 106 109 71 26 27 30 25 36 70 44 35 40 76 61 67 103 78 66 93 64 51 117 71 34 14 14
40 30 36 24 65 53 40 29 86 27 56 77 38 8 46 30 96 66 45 76 94 50 63 80 128 63 71 134 72 102 95 89 71 132 107 29 83 111 92 9 4 59 46 31 64 31 25 56 64 80 58 25 38 91 110 128 101 49 49 28 32 60 72 42 50 39 27 23 60 46 21 50 46 70 143 67 62 92 0 103 137 79 45 79 21 8 12 12 39 83 80 103 113 102 14 85 48 21 16 30
67 68 57 39 29 36 101 130 84 53 57 78 49 28 72 37 127 154 105 72 71 18 0 88 90 41 89 139 132 76 57 65 85 69 50 47 27 73 48 30 65 114 16 48 61 43 25 56 85 57 44 19 48 85 105 142 114 36 35 69 20 0 31 14 35 31 78 66 11 69 103 59 58 36 78 91 7 55 47 90 127 115 119 110 16 39 5 0 35 0 90 121 148 112 19 32 36 21 29 53
82 126 137 166 61 64 41 52 93 42 28 55 53 60 104 97 96 105 123 60 37 45 23 57 97 43 45 63 110 76 52 57 78 52 38 55 0 27 29 56 102 96 15 76 29 40 41 43 48 24 54 39 44 30 40 87 105 25 93 79 51 26 32 31 15 2 16 37 29 74 76 70 38 101 22 60 41 11 0 30 23 0 32 15 7 60 11 33 48 4 9 26 74 31 90 110 38 29 40 58
55 109 128 131 9 91 74 105 138 32 11 48 41 30 65 144 21 25 46 15 35 26 38 46 40 60 38 62 16 34 18 103 52 59 44 0 79 154 175 64 57 61 78 119 29 28 28 40 26 52 115 97 75 43 39 52 92 37 69 131 177 17 60 37 41 53 103 96 26 83 117 91 86 106 128 109 30 40 25 0 59 71 69 48 46 53 1 20 34 63 50 95 33 18 110 58 55 51 63 73
73 83 131 121 39 59 28 48 83 75 68 28 25 92 92 90 29 110 84 46 79 25 86 107 27 25 14 69 61 69 22 63 0 77 98 29 36 68 111 61 56 66 88 90 66 66 15 34 56 81 96 71 59 61 51 5 37 40 29 204 232 86 49 25 71 100 78 26 37 86 72 60 51 68 123 72 10 30 31 42 22 122 73 103 73 57 51 48 77 201 186 49 124 145 13 82 49 49 65 77
222 101 45 17 19 7 6 16 6 6 18 53 44 33 17 45 41 94 110 67 31 36 114 89 66 39 62 83 103 82 67 75 19 50 97 110 27 25 58 131 112 97 54 25 68 99 30 38 10 24 14 45 64 102 137 107 31 12 17 43 18 126 28 87 76 30 36 29 12 10 29 45 33 73 58 34 52 60 60 105 40 53 0 63 59 42 72 77 80 146 208 41 130 195 33 86 42 32 35 45
177 91 32 22 49 32 38 16 53 138 144 127 62 35 33 29 37 47 60 6 19 62 18 33 74 49 55 78 69 80 44 23 63 42 128 121 42 38 85 169 196 177 101 39 44 78 37 44 20 37 27 80 40 14 66 85 47 43 66 108 82 57 32 54 44 49 60 15 36 70 56 0 25 62 28 0 59 111 42 36 12 15 50 17 7 29 62 29 19 63 95 101 22 75 78 14 79 52 34 30
58 8 34 98 79 45 42 14 83 98 112 131 35 14 7 34 61 61 33 56 66 71 72 74 67 72 73 31 49 119 127 115 106 75 129 100 37 33 76 83 103 71 51 63 23 46 33 31 0 16 4 34 62 16 48 71 46 24 56 113 42 30 23 42 46 5 73 99 31 45 89 49 64 9 8 110 143 122 103 22 61 30 28 36 32 56 68 31 44 33 26 92 28 73 152 104 46 20 41 0
38 39 78 72 22 25 39 10 76 74 68 53 25 46 17 39 59 52 108 34 72 35 93 88 68 35 78 101 0 62 126 113 55 31 112 71 55 52 95 44 45 38 44 53 37 53 70 88 89 24 47 60 88 90 58 91 74 10 4 68 23 33 4 78 30 52 35 64 95 53 84 62 78 6 55 54 129 80 73 47 55 84 38 27 49 71 63 49 64 85 98 101 47 128 255 229 9 0 0 21
57 41 73 51 14 43 55 42 45 120 85 43 34 41 65 54 70 39 67 48 39 52 49 39 5 37 80 107 18 35 56 31 71 96 69 0 77 58 30 39 82 77 26 14 67 79 75 110 84 10 54 60 52 53 5 55 9 15 43 60 90 73 86 84 75 163 31 110 136 18 57 39 59 21 50 44 119 97 58 42 77 128 50 22 45 62 47 10 49 57 117 146 93 78 130 109 27 76 31 29
37 71 166 149 83 84 89 108 72 61 57 5 20 37 34 53 93 56 81 110 70 61 66 64 33 80 92 98 111 59 42 20 74 68 73 49 11 17 47 60 68 91 55 55 65 61 42 61 113 81 48 50 47 37 51 107 85 67 59 136 145 8 64 39 63 112 4 133 119 84 83 91 24 46 33 25 26 14 34 42 34 84 47 28 36 47 83 25 24 40 90 123 111 127 126 75 51 38 0 14
26 63 137 98 45 62 54 51 72 33 14 78 96 23 66 55 118 96 70 126 50 44 68 57 40 32 86 140 118 24 28 13 44 60 17 0 17 42 75 137 91 128 85 75 18 62 38 0 142 124 19 12 70 40 10 13 24 109 68 92 50 135 216 97 69 31 3 49 48 130 35 52 43 40 71 75 74 30 46 37 26 85 79 44 42 13 70 31 10 26 47 107 113 147 124 92 58 42 80 86
111 48 23 5 19 52 27 0 39 3 40 66 74 54 55 37 72 74 13 61 0 20 68 44 19 43 121 165 69 6 18 23 17 62 178 174 83 60 151 140 119 105 0 45 48 43 2 64 88 78 30 39 180 169 75 60 11 79 120 107 53 195 246 152 68 71 42 17 70 131 77 54 110 24 30 43 44 62 15 34 36 95 70 32 69 38 56 40 42 53 29 79 59 57 35 40 27 43 116 79
88 50 41 51 42 25 11 4 68 88 29 11 41 73 114 39 4 16 43 28 24 20 131 120 75 119 147 103 46 44 62 85 53 48 150 168 61 40 128 78 149 242 113 54 50 91 57 72 49 31 31 21 158 149 87 105 75 51 111 100 78 128 131 84 38 77 44 31 85 76 74 24 72 49 52 49 41 94 27 59 108 136 85 45 48 46 24 0 91 136 56 17 24 84 113 83 23 8 21 37
46 96 127 107 50 22 38 40 60 121 88 48 55 77 105 90 19 11 20 60 48 76 107 106 60 42 62 0 18 22 39 34 19 61 14 42 64 41 35 110 196 189 93 59 28 110 157 111 38 25 40 31 134 94 84 107 163 71 5 34 35 89 63 30 31 0 42 69 103 119 62 43 20 55 46 0 99 164 180 161 117 131 107 80 3 46 46 11 80 128 65 58 114 136 136 62 0 72 62 58
57 78 72 55 27 30 55 27 12 112 119 72 24 65 66 44 15 48 0 12 60 116 57 44 27 23 77 60 38 32 34 42 62 78 41 88 81 51 6 136 210 146 109 67 56 113 80 92 40 14 22 90 108 55 23 22 128 111 2 53 71 33 57 69 27 38 64 46 54 92 71 33 61 56 95 28 124 128 140 100 99 129 72 55 2 33 49 25 53 44 69 26 88 128 71 45 24 73 131 103
16 120 111 46 24 8 46 50 20 76 93 86 28 71 37 40 24 33 9 28 68 39 41 59 31 13 43 90 73 0 59 111 66 25 0 50 0 65 76 104 84 89 70 160 71 33 25 16 85 48 40 73 52 52 37 47 95 85 44 61 51 13 29 75 42 69 44 59 23 46 57 28 25 37 47 35 33 79 79 81 129 59 0 30 47 80 52 40 77 107 162 132 99 43 7 12 64 91 99 62
48 107 69 22 44 39 44 9 1 2 70 109 129 62 109 119 40 17 33 23 75 38 43 41 43 21 26 95 77 14 28 57 28 99 63 47 35 93 27 30 48 7 35 86 98 48 42 134 169 88 53 34 26 74 20 82 157 66 56 28 9 46 59 28 111 126 23 69 16 21 54 47 31 10 4 59 43 127 124 123 50 69 82 83 31 32 19 52 89 115 133 141 139 62 44 99 99 98 55 35
70 46 36 40 37 58 56 38 22 51 51 191 188 107 164 134 56 60 93 11 13 56 67 68 65 34 22 48 25 54 25 63 114 185 144 30 31 53 26 32 76 18 95 53 59 12 19 161 224 111 71 53 125 159 28 93 121 73 52 0 16 45 47 68 86 102 2 70 57 33 47 91 82 9 21 73 87 106 90 26 2 79 79 48 36 93 81 31 55 52 28 61 139 89 33 108 110 81 12 25
138 74 55 43 0 25 0 23 65 57 0 130 132 89 153 127 64 67 40 21 29 115 96 43 29 45 80 68 42 42 29 63 39 99 80 6 39 52 28 43 48 43 73 108 40 26 107 120 121 73 57 50 104 93 67 104 71 31 51 41 28 19 41 41 103 85 2 11 47 34 48 174 110 14 18 28 58 52 90 42 77 136 68 29 25 55 67 2 41 31 65 99 136 101 14 56 115 73 21 69
160 114 60 27 39 87 32 85 65 86 80 29 25 40 75 19 57 76 12 67 39 45 50 17 64 123 145 58 56 14 87 79 73 39 32 46 9 63 51 18 24 43 15 43 35 18 103 55 6 23 5 20 38 16 110 63 67 100 80 60 104 106 75 46 70 44 43 24 92 84 30 127 173 83 24 8 8 22 74 66 96 89 6 53 80 32 40 14 42 17 101 121 76 78 28 29 103 65 53 104
116 100 54 11 36 48 36 63 38 29 62 105 69 35 0 44 115 77 14 42 46 18 11 0 62 132 167 90 101 48 99 73 12 24 3 33 35 67 19 36 24 52 48 15 72 32 52 84 42 52 12 31 93 88 97 11 74 91 108 89 70 130 140 79 25 13 85 36 66 98 33 81 115 79 6 20 11 35 42 41 60 53 9 69 90 14 16 29 23 0 32 33 0 28 14 8 61 33 51 60
109 65 40 31 64 41 74 30 34 51 66 9 53 41 59 12 31 10 75 50 91 77 35 35 71 82 122 92 66 17 10 71 69 69 89 81 37 35 28 32 106 81 25 32 53 43 9 54 95 112 75 11 67 75 5 61 64 18 27 32 0 27 24 10 17 52 184 102 34 68 16 36 81 83 12 25 17 46 54 75 70 69 16 12 43 30 30 27 26 47 19 21 49 82 62 77 26 11 49 26
39 112 117 34 17 48 0 63 39 74 90 17 0 46 47 28 38 54 104 90 111 77 52 157 159 95 82 63 0 29 6 69 102 5 58 45 34 57 61 68 96 85 138 121 53 34 0 45 132 199 149 96 64 12 66 30 71 84 43 47 80 89 18 9 30 70 160 92 35 46 55 94 117 28 33 62 22 69 34 73 76 56 8 9 94 54 52 13 35 17 69 73 46 63 60 56 24 76 62 13
56 119 121 95 54 47 58 54 57 13 49 0 62 49 24 39 38 45 67 57 39 78 112 194 221 78 78 48 61 133 0 50 74 18 62 69 61 59 58 42 58 81 122 107 144 154 66 32 77 174 218 181 148 26 79 49 85 47 76 60 82 76 40 38 34 10 132 59 19 2 43 111 97 58 111 99 47 41 7 16 38 12 43 29 34 0 16 27 30 83 87 46 15 31 36 43 84 158 126 20
46 53 37 51 40 19 91 125 58 18 36 15 1 58 26 78 32 105 77 54 53 61 30 140 175 99 47 66 86 83 22 87 37 20 41 56 55 37 36 9 48 73 98 104 175 140 61 37 60 69 0 26 107 250 255 90 0 111 95 100 112 74 65 136 132 1 31 10 0 30 40 110 164 83 98 46 39 34 49 56 36 13 111 79 30 32 36 34 28 32 2 27 44 71 70 62 95 137 120 82
96 75 45 14 34 15 54 130 68 32 101 85 80 104 81 45 5 70 18 11 171 244 94 77 207 191 16 34 69 24 14 0 17 9 12 12 14 12 8 0 7 18 27 52 83 32 20 57 152 198 185 129 135 231 255 102 122 63 100 137 140 88 32 161 121 24 27 22 24 31 49 114 149 45 34 4 38 38 79 95 98 19 59 40 32 92 90 65 50 29 42 64 17 46 72 82 64 51 16 23
103 84 59 28 58 47 28 12 61 56 86 83 48 7 23 57 58 14 56 42 106 154 93 64 107 172 83 15 14 25 28 23 15 3 11 0 0 14 0 8 20 29 13 27 20 25 40 52 175 255 224 118 121 158 125 8 76 118 255 243 255 93 44 57 92 59 71 22 92 15 67 61 38 33 84 91 87 47 58 61 71 55 85 74 16 15 18 28 52 76 116 53 7 90 93 88 64 81 44 16
32 37 62 96 62 40 93 63 46 53 0 24 48 66 60 139 141 32 92 54 66 82 112 97 84 107 71 24 23 27 5 13 11 3 22 19 11 26 0 10 19 21 3 18 0 12 10 1 72 72 37 139 204 108 25 146 160 252 239 254 255 51 86 86 8 81 121 92 113 20 76 49 23 90 143 122 78 42 59 50 83 83 56 59 60 120 116 70 82 99 95 18 104 193 81 21 53 92 83 76
78 9 0 41 62 107 115 34 19 45 58 48 79 54 40 52 65 82 91 7 79 98 126 81 77 47 14 33 35 1 1 7 7 8 15 39 18 19 5 2 3 1 5 23 29 15 4 32 55 74 117 97 151 73 125 248 160 120 103 140 189 246 239 158 77 79 32 40 38 62 119 85 39 89 98 53 38 36 86 70 50 60 56 81 72 136 100 19 24 44 57 30 161 190 77 42 79 74 59 99
116 92 76 29 63 178 103 16 57 16 34 52 0 47 30 18 22 72 54 49 161 98 108 103 73 28 21 11 6 12 13 12 9 17 1 42 14 1 15 0 0 5 10 0 38 16 1 43 35 99 136 19 12 164 255 201 29 50 119 174 249 255 251 238 102 61 54 55 27 26 63 0 0 33 53 41 73 64 112 82 109 54 65 130 85 101 62 33 29 55 91 55 111 84 38 24 56 48 41 102
203 163 150 93 40 121 98 10 21 32 36 83 111 113 41 74 82 20 44 62 107 52 37 41 27 8 0 16 33 18 4 13 16 0 8 5 8 13 0 13 26 28 9 24 23 17 6 37 39 91 70 21 39 211 255 130 124 79 101 99 244 248 221 255 255 139 122 89 89 15 47 51 34 30 1 45 104 76 43 48 110 70 51 59 97 189 93 52 53 68 117 104 21 23 63 24 44 53 31 95
168 177 101 37 56 74 110 70 51 66 33 64 96 67 24 120 197 106 29 40 47 61 18 20 9 15 10 10 26 29 12 0 20 18 30 14 6 14 6 17 29 39 29 42 32 20 1 22 64 92 39 16 125 239 255 220 144 168 160 231 255 254 239 251 234 252 161 72 74 24 49 25 0 30 45 40 43 11 0 42 35 26 1 24 104 163 97 39 30 42 66 24 63 149 146 79 41 12 22 71
30 194 212 115 85 33 86 81 99 74 44 0 66 5 33 71 117 82 30 32 0 18 0 17 0 15 13 9 23 29 11 0 8 15 24 8 3 16 12 13 32 36 16 15 4 14 17 44 72 52 37 45 107 148 229 255 84 234 243 241 246 248 103 247 255 255 155 24 2 40 43 35 17 49 53 16 36 49 9 27 17 38 9 18 98 129 117 57 71 12 33 70 107 85 68 96 34 23 71 60
56 180 218 131 75 67 77 77 68 59 26 23 26 79 129 95 47 16 14 14 32 29 12 8 4 7 5 11 22 16 3 2 11 9 11 10 14 20 13 7 0 8 1 10 2 16 15 27 55 16 24 33 5 15 151 246 251 255 242 254 204 220 255 230 245 247 78 7 46 71 18 58 23 75 78 48 69 90 65 49 30 37 23 6 10 18 39 10 73 69 0 60 65 34 106 105 51 45 85 67
11 68 59 64 32 53 36 92 28 10 26 13 40 64 151 109 75 17 10 0 41 27 18 3 6 8 3 3 11 8 4 10 11 5 5 18 17 2 0 2 11 12 5 14 1 14 9 11 3 5 9 49 46 69 158 252 243 251 238 196 205 102 253 248 187 211 59 111 79 30 49 0 48 71 56 87 105 85 78 41 72 28 71 91 33 24 33 56 138 105 40 0 50 155 96 117 115 62 55 100
76 116 20 37 45 51 17 70 91 66 10 52 34 46 32 63 43 17 14 9 12 9 0 4 1 17 11 0 1 12 13 11 8 10 14 35 28 4 17 34 40 30 18 26 5 16 18 24 45 33 20 62 60 104 156 185 131 10 255 200 204 148 160 229 17 162 97 109 74 30 93 119 126 54 0 86 112 62 65 17 78 2 94 153 95 65 39 89 172 158 1 38 114 90 76 152 126 75 54 89
67 111 81 16 0 1 60 162 90 42 14 6 26 11 0 3 19 7 1 13 23 48 14 0 2 17 15 7 9 13 12 16 19 23 19 42 48 39 59 66 18 18 33 60 30 23 16 18 50 77 129 207 244 255 255 234 170 255 236 248 250 40 28 49 33 128 143 84 25 22 91 158 120 37 22 103 83 30 54 27 64 21 106 110 83 55 20 56 106 102 17 35 65 27 125 254 144 106 116 82
68 23 129 65 45 12 27 82 39 28 47 20 0 50 53 22 33 21 11 0 10 45 32 9 9 7 11 25 27 6 3 26 15 11 0 9 32 40 54 37 16 13 28 52 14 7 12 27 50 103 97 128 249 243 229 255 214 186 147 255 249 253 161 52 35 92 46 23 65 26 54 100 59 9 57 123 78 45 52 6 13 35 98 23 39 49 47 65 66 48 76 55 25 18 169 242 136 56 92 39
57 49 80 54 52 85 118 96 6 57 106 44 26 41 42 6 32 9 11 20 20 41 40 0 0 18 0 25 23 18 9 3 0 9 14 18 21 2 5 39 30 20 22 33 18 11 20 1 2 71 91 179 255 249 255 97 131 255 232 255 253 139 166 41 42 68 14 96 114 53 41 33 0 29 83 82 19 18 18 52 0 20 21 16 94 63 83 119 109 80 102 89 46 104 157 123 115 25 8 18
3 85 100 80 28 48 141 69 9 49 141 89 32 19 0 53 38 14 9 6 0 18 26 0 1 15 0 16 20 11 8 4 14 0 0 18 43 21 32 74 40 25 29 7 11 55 70 73 69 39 54 48 129 243 240 229 245 255 247 255 233 24 5 74 80 20 128 169 84 78 46 60 42 62 6 32 0 10 51 75 66 37 12 22 58 105 82 87 129 79 77 67 76 126 161 58 69 24 42 60
76 71 83 106 43 28 77 64 34 54 93 53 37 42 8 61 40 22 16 8 0 14 25 8 10 14 5 7 19 2 6 5 23 13 15 20 71 68 53 27 27 0 29 31 0 13 25 54 72 42 89 73 42 62 171 255 251 237 246 220 30 44 16 13 19 48 149 135 18 20 29 11 129 117 67 32 56 82 63 61 115 22 39 36 48 49 34 42 25 29 71 0 29 37 20 49 42 35 72 91
43 74 87 81 22 28 43 41 34 41 38 93 144 69 17 20 26 18 19 18 14 25 32 20 15 11 12 3 20 0 5 9 23 23 22 2 48 70 75 40 19 24 45 10 11 55 36 10 96 84 85 123 97 96 255 151 253 255 246 93 98 61 27 21 35 40 5 31 28 22 67 50 99 104 117 32 127 142 95 39 21 13 68 34 57 92 101 65 40 67 53 43 104 47 35 78 11 5 25 42
50 114 60 99 125 125 121 52 21 148 151 86 104 74 60 1 10 7 9 11 13 20 22 14 8 2 11 2 19 1 6 19 23 21 38 34 35 21 36 44 0 61 56 27 56 79 68 62 118 53 65 173 130 174 254 253 190 167 86 115 40 32 0 10 7 81 115 65 59 90 72 39 12 54 46 7 97 82 95 22 55 61 39 70 72 93 60 52 80 0 32 56 83 93 38 47 76 52 44 66
54 62 47 97 123 89 73 96 44 195 235 112 56 25 11 3 9 7 3 0 2 5 6 8 0 0 5 2 13 6 7 32 27 29 44 53 33 18 8 0 43 18 18 26 7 45 107 83 178 135 74 0 79 87 242 255 253 252 204 174 111 46 60 51 5 69 78 44 94 84 43 79 11 22 21 35 40 40 46 51 45 91 37 8 36 90 72 33 42 24 0 34 24 14 52 50 89 62 36 57
84 30 45 21 61 110 62 46 92 211 173 54 0 23 22 7 8 13 11 5 4 1 5 16 7 0 5 7 5 12 5 42 32 27 15 27 2 35 44 48 38 3 43 43 48 179 187 6 100 180 255 243 231 243 99 148 157 142 195 88 82 17 96 82 0 116 80 41 82 46 47 27 38 14 65 104 40 48 31 87 77 60 32 0 37 50 53 61 56 42 22 21 42 23 45 84 85 80 50 56
74 47 53 24 52 118 123 28 105 158 49 82 49 42 27 5 0 13 19 16 13 6 11 28 22 13 11 13 1 14 3 46 31 19 17 59 1 9 36 98 49 65 70 8 76 252 255 172 31 237 247 219 255 210 245 128 81 40 142 49 0 59 139 102 109 101 59 74 104 106 147 48 48 48 87 142 52 4 38 48 69 40 9 0 0 71 33 47 62 33 31 81 97 23 79 65 29 47 21 11
38 23 43 29 129 144 102 67 64 120 118 121 91 57 9 0 17 0 41 21 6 0 7 20 26 31 19 5 13 28 44 59 61 43 21 20 14 57 7 29 0 55 60 35 254 242 249 254 254 225 255 91 145 239 255 178 92 64 59 71 4 11 51 67 141 107 76 82 67 99 156 106 141 96 82 130 92 2 4 30 44 83 30 15 1 101 89 72 79 69 69 101 28 51 119 77 0 24 53 60
42 44 33 34 87 69 62 185 246 103 53 58 85 51 31 40 1 9 15 22 5 0 8 10 12 13 10 17 32 42 57 80 75 60 35 47 0 32 52 44 15 43 18 84 160 250 246 233 190 255 217 240 250 255 224 71 37 63 34 40 18 17 141 162 157 151 80 39 55 40 53 134 189 116 85 85 82 49 12 29 0 60 65 35 59 53 46 70 55 67 77 25 108 148 86 67 45 90 106 72
62 52 41 56 56 97 120 229 216 67 46 27 30 36 22 9 0 25 0 19 5 4 10 7 12 7 7 26 45 42 47 69 79 55 24 65 13 84 204 177 47 1 40 85 53 113 239 250 254 52 191 255 221 250 112 72 84 79 60 38 59 112 176 205 173 123 54 35 59 100 136 131 211 168 122 53 1 32 78 81 44 55 66 35 81 115 95 0 17 33 106 37 135 102 19 29 37 42 38 26
16 34 54 52 27 112 158 221 175 58 28 55 32 40 12 21 5 31 6 9 8 8 8 13 18 13 11 26 45 40 32 38 74 36 0 41 11 94 218 179 45 62 24 27 59 83 92 107 253 247 255 249 255 182 85 149 52 41 60 44 43 109 110 135 63 86 34 27 62 95 125 86 180 138 85 76 18 34 121 56 35 0 21 90 33 16 33 57 31 36 71 23 71 5 43 80 32 20 18 28
22 29 25 5 28 67 76 140 111 72 37 66 51 29 7 29 8 14 24 0 15 10 0 15 11 13 8 15 38 45 34 27 47 21 1 20 7 48 88 51 29 35 64 95 99 60 108 167 232 255 250 233 124 137 43 74 63 42 52 85 122 141 144 82 0 14 25 25 64 77 29 3 76 48 25 74 56 22 61 38 6 65 72 83 20 45 23 29 0 32 50 58 96 32 41 28 3 25 32 16
47 17 38 29 58 78 71 71 59 74 73 83 113 55 38 44 12 0 27 1 17 8 0 11 4 10 4 2 21 34 32 29 35 26 21 19 18 27 15 4 65 20 15 34 103 72 143 207 255 192 241 255 112 136 53 76 113 45 73 64 153 163 120 40 76 68 110 67 138 202 67 38 8 65 103 82 89 74 40 95 120 51 0 0 1 45 47 30 71 38 73 100 70 59 74 92 46 40 32 23
16 7 90 97 79 107 118 81 61 9 15 74 139 73 30 60 41 14 12 11 8 3 6 13 11 15 10 5 11 16 28 48 63 45 20 8 14 10 1 5 28 13 30 62 37 166 255 206 255 93 236 115 0 42 41 78 89 80 126 43 70 104 34 68 75 138 126 22 112 169 63 128 25 82 124 69 96 127 47 45 56 7 30 63 31 26 56 53 53 3 43 70 14 33 64 132 95 50 21 34
56 42 77 91 99 102 58 38 13 21 73 117 121 113 45 70 78 44 0 20 0 0 20 21 21 23 20 19 15 12 37 80 83 49 5 3 16 9 16 9 37 20 98 88 72 100 244 234 232 28 255 171 94 124 76 6 39 134 97 42 16 73 25 110 59 74 51 14 27 70 128 197 148 114 106 84 84 118 98 54 46 83 80 66 40 47 29 26 35 72 42 37 62 75 39 89 86 67 43 29
22 23 20 102 153 101 122 80 72 56 38 102 97 45 89 115 20 80 66 31 27 2 33 32 30 7 17 13 15 25 25 58 51 20 17 17 33 10 24 38 44 50 103 133 170 81 241 241 100 239 202 74 21 117 107 66 100 92 130 86 29 64 59 115 72 52 2 84 35 34 107 130 133 138 87 46 45 87 62 21 0 91 111 113 71 30 8 6 18 83 68 41 67 57 0 59 52 60 54 2
50 64 45 103 185 153 153 135 93 32 18 35 42 41 180 254 94 119 116 52 15 27 44 26 14 7 7 2 18 41 26 3 0 19 42 53 36 17 6 9 24 90 86 78 80 119 88 255 232 172 187 124 45 54 84 97 149 115 184 141 11 46 78 91 71 1 64 137 141 84 53 47 30 39 71 40 20 65 35 59 35 69 112 43 49 34 75 64 35 32 92 189 154 73 1 26 21 65 55 55
50 87 61 65 121 87 76 114 141 72 44 45 41 38 142 255 198 59 22 30 9 3 1 33 20 9 4 21 23 17 22 15 0 32 35 33 5 26 27 34 12 117 130 74 58 98 255 141 243 213 32 0 9 82 74 37 54 92 176 136 29 55 64 62 103 82 100 95 90 98 160 148 73 40 2 31 19 20 52 81 48 130 88 35 50 81 50 13 33 30 77 175 121 81 38 10 40 72 16 32
6 48 57 56 75 36 24 97 177 170 148 154 84 40 31 163 180 45 0 27 43 54 20 7 43 27 9 24 10 0 38 47 0 24 27 32 35 63 56 40 38 131 236 197 101 85 228 97 255 187 31 43 0 60 87 34 1 36 79 77 38 42 38 81 82 119 89 68 28 109 137 65 76 80 29 64 33 12 70 78 76 69 0 79 22 23 15 19 0 51 15 35 36 84 71 41 95 112 64 68
44 36 47 54 34 0 0 70 140 180 213 184 52 19 24 131 150 73 14 8 26 41 54 63 62 61 36 22 10 37 78 46 4 10 26 33 66 73 62 31 54 93 255 252 136 137 97 86 207 65 81 91 48 65 55 52 65 23 25 87 75 34 17 65 64 58 68 49 0 98 59 27 61 77 69 33 0 30 33 36 28 83 96 109 116 48 0 23 28 60 0 17 57 93 80 87 20 74 104 81
28 21 64 108 63 21 28 87 103 108 173 107 3 18 99 124 128 52 40 74 90 32 54 110 24 25 25 14 0 27 52 14 20 13 21 9 37 39 53 40 65 72 222 209 149 184 155 76 42 64 51 6 32 51 8 55 84 82 35 76 117 76 12 31 88 71 76 46 6 23 38 6 114 103 61 49 36 48 62 99 78 0 61 64 87 89 85 160 112 68 11 33 44 26 10 29 75 140 171 91
55 80 133 190 130 56 30 57 98 65 84 41 21 41 110 112 109 33 60 39 50 35 66 80 29 14 37 39 32 66 71 36 26 31 29 16 24 41 55 52 49 54 119 139 83 101 87 101 82 67 11 50 49 50 42 8 49 104 26 25 97 96 37 36 62 53 26 14 22 10 117 66 34 44 18 75 76 29 58 141 136 94 30 12 59 166 124 170 94 34 21 47 83 74 84 127 138 153 108 44
92 92 77 111 83 45 38 67 69 47 0 5 39 29 38 101 110 40 128 68 57 64 76 44 23 3 17 1 27 115 100 18 58 64 36 21 16 68 87 94 100 77 64 134 96 53 160 116 75 11 114 161 102 17 57 32 16 37 13 60 86 79 53 20 26 41 115 118 89 49 128 144 26 7 16 42 85 91 30 101 124 101 1 61 93 150 119 90 88 42 47 65 121 77 63 135 122 95 10 44
107 117 68 84 39 44 38 42 59 51 12 44 38 0 43 85 77 92 127 63 10 18 59 50 28 17 38 43 53 88 33 4 46 87 45 28 33 87 133 146 86 67 35 83 125 64 173 88 44 19 63 72 64 39 46 59 39 48 37 18 115 84 17 73 18 14 104 130 145 150 163 180 115 58 34 33 63 72 20 124 60 21 3 38 48 57 66 1 68 93 50 9 40 24 0 49 43 31 49 42
126 109 52 77 71 108 111 104 85 73 15 49 61 32 84 106 72 100 36 20 4 34 34 39 36 37 29 16 13 0 41 65 76 75 56 62 45 56 119 85 5 67 14 11 90 39 117 67 6 4 41 0 25 43 20 31 51 53 51 72 117 112 10 94 60 15 106 153 114 56 57 75 112 107 143 97 38 47 62 64 44 65 43 18 49 15 0 37 66 116 85 26 33 48 32 79 119 42 25 36
122 104 42 39 62 136 136 84 117 76 6 49 89 72 93 87 85 80 30 19 8 0 49 41 5 24 39 99 54 39 67 136 127 84 27 74 117 89 40 86 96 78 94 32 32 50 93 86 45 60 41 61 52 36 64 103 66 47 32 32 43 89 30 139 112 57 91 88 39 36 59 25 61 105 142 129 130 77 53 41 87 83 73 13 50 70 42 34 55 73 68 66 42 22 8 80 99 51 47 23
66 90 73 34 13 51 68 47 66 58 57 71 70 48 57 95 138 96 30 15 49 0 23 35 33 15 132 110 101 71 55 35 42 85 64 21 36 79 117 70 85 98 105 139 146 92 36 37 98 129 121 123 43 66 54 79 85 62 32 0 10 47 17 57 38 10 38 64 40 35 48 11 0 41 89 62 40 59 89 66 48 37 69 78 106 67 61 102 61 44 14 13 14 45 24 35 64 71 97 36
56 76 75 33 19 17 24 28 40 34 68 46 57 82 43 61 129 63 37 79 40 29 24 49 24 13 128 99 83 148 149 91 33 21 7 42 101 9 121 140 76 1 52 106 120 148 37 106 134 190 101 152 105 0 14 13 104 110 67 50 32 33 33 41 69 112 106 82 45 44 60 32 51 37 44 46 33 43 51 121 115 53 83 121 79 51 113 105 13 37 74 84 44 39 35 62 81 84 102 44
67 110 100 15 39 60 51 30 21 48 103 39 22 62 28 50 90 75 94 113 85 41 12 45 40 32 47 110 15 80 75 79 50 21 29 92 154 102 40 146 123 64 68 107 59 63 38 60 35 145 122 30 77 46 43 60 121 101 11 59 52 57 49 48 107 196 157 93 52 67 77 21 21 84 63 20 45 68 0 30 48 123 93 54 26 0 36 98 73 13 10 25 20 4 17 60 80 112 130 61
64 149 148 20 47 70 70 69 68 59 69 40 40 51 16 23 105 148 83 34 135 69 5 37 67 32 59 70 60 27 16 39 45 5 84 120 69 110 5 105 114 114 89 23 79 72 7 91 48 121 113 29 39 3 20 54 28 59 41 81 45 11 16 50 79 95 38 44 14 17 71 71 42 45 72 82 44 27 29 28 18 52 53 106 106 60 27 91 75 44 53 31 46 36 38 33 1 70 104 47
115 133 104 21 100 92 62 79 83 60 53 78 66 12 8 48 104 90 25 22 10 73 136 100 27 24 67 11 88 137 77 92 44 40 34 19 66 36 29 99 143 121 66 8 132 102 55 53 53 59 139 100 51 124 90 104 44 30 29 52 122 106 80 48 22 68 69 113 59 45 93 63 22 23 18 44 75 41 47 11 6 59 82 126 121 92 26 114 85 22 42 58 108 60 38 29 7 47 81 82
81 113 147 39 34 99 96 101 96 40 111 193 87 35 45 35 73 39 16 58 62 61 84 179 46 0 38 1 88 98 40 114 18 37 49 2 21 39 65 79 114 24 69 46 255 222 43 16 43 75 93 102 84 156 133 92 88 40 5 67 97 108 100 113 118 144 157 129 53 32 28 24 47 143 92 57 106 142 132 41 60 38 52 55 88 119 19 0 50 46 28 57 131 122 72 78 60 72 105 120
32 98 85 61 30 22 102 134 101 56 122 165 146 102 13 26 51 19 63 18 114 155 25 81 58 74 28 19 33 51 31 18 29 99 75 81 133 159 100 34 44 76 29 51 193 113 63 14 44 43 34 109 109 131 144 84 105 83 25 37 50 98 88 79 148 201 120 114 47 73 86 50 75 207 130 53 69 109 99 46 151 194 34 43 77 100 75 93 109 41 12 28 59 115 79 62 15 54 98 117
31 75 55 14 0 9 76 105 21 31 64 67 147 147 58 89 44 86 93 87 212 223 71 73 58 96 58 18 14 12 61 5 58 99 72 120 255 248 176 69 19 53 18 52 96 26 21 71 16 55 68 96 81 113 148 74 74 76 41 46 56 93 54 23 110 105 0 48 27 27 39 58 62 105 46 11 20 33 95 121 82 151 31 36 80 41 81 75 116 61 48 55 24 103 67 45 3 61 94 94
41 58 72 27 34 29 29 19 52 79 52 33 124 120 48 0 6 71 8 67 107 103 64 85 15 0 51 29 57 79 71 22 72 106 48 113 171 211 163 132 74 34 32 50 25 27 1 85 74 58 52 16 2 25 38 37 13 26 69 119 152 113 44 22 66 75 36 22 37 54 61 104 114 42 51 92 83 31 117 138 33 16 104 127 76 40 82 25 35 68 10 31 62 116 28 28 29 85 81 43
30 21 33 58 93 12 61 81 16 35 58 30 27 25 42 26 5 24 34 46 9 48 43 58 54 29 86 81 33 73 0 7 33 85 132 70 63 55 81 59 77 49 19 62 17 66 82 64 4 76 101 42 10 0 0 18 61 64 141 175 191 71 0 4 94 135 89 37 45 88 101 130 122 46 38 80 56 46 125 144 55 66 116 120 101 99 36 123 195 124 1 31 22 87 76 0 55 100 67 5
50 2 9 14 60 16 77 135 127 24 53 45 29 57 53 61 33 44 101 42 25 78 94 19 55 69 96 109 82 84 56 60 55 91 123 80 4 7 7 5 49 46 31 96 33 46 87 57 43 122 61 23 50 82 73 12 36 36 106 116 145 52 10 47 143 183 43 25 28 92 95 66 29 41 14 66 47 59 68 117 120 78 81 72 47 50 36 109 193 190 34 32 67 55 68 77 125 165 130 67
73 60 47 6 22 40 42 46 104 20 56 70 37 38 8 40 75 108 95 31 63 86 139 46 68 87 53 108 160 91 76 23 54 26 33 0 57 53 119 112 50 46 44 100 55 9 25 40 55 116 95 106 61 36 31 6 37 20 50 75 128 88 16 31 110 187 66 31 26 110 101 24 48 62 19 24 14 9 14 74 133 111 80 47 33 0 0 42 88 116 84 103 100 0 7 16 92 134 116 68
62 130 39 32 18 36 84 29 39 27 14 38 19 8 6 43 55 102 70 50 94 76 76 46 54 94 0 80 78 12 22 48 88 98 55 11 81 66 89 29 19 46 0 58 91 39 60 38 45 134 203 169 33 35 40 53 65 28 31 106 188 176 38 12 12 73 84 62 32 28 25 47 53 58 72 36 56 44 81 75 99 114 78 86 19 33 22 65 97 50 70 111 117 24 48 24 20 66 67 33
67 61 88 42 10 21 80 122 0 60 54 79 63 56 70 88 86 111 114 95 123 53 39 34 33 64 23 62 61 17 33 97 49 61 56 113 171 133 7 109 24 120 14 28 64 69 44 28 49 107 166 101 31 55 79 99 15 44 59 116 170 164 70 60 29 44 85 40 12 19 12 79 68 73 45 68 22 67 0 32 57 0 64 29 12 10 37 66 104 93 69 76 70 26 45 1 36 114 38 6
36 8 82 31 29 44 221 235 100 49 25 5 28 50 37 86 146 151 169 118 67 44 36 12 1 57 66 90 97 97 105 100 64 129 100 143 145 83 48 60 101 192 68 27 95 132 83 35 64 97 55 44 5 14 57 77 14 16 91 55 62 36 10 32 20 39 35 64 22 56 84 114 113 116 93 72 121 32 55 64 61 95 83 59 65 32 73 11 43 60 19 19 60 16 77 44 72 73 45 7
62 70 14 53 29 133 172 153 74 37 14 3 79 159 63 7 28 76 138 92 16 21 9 0 19 48 94 94 46 0 12 34 110 156 114 130 66 0 37 26 69 116 35 2 78 89 53 68 80 66 22 7 15 84 55 58 35 2 39 19 58 0 58 19 25 38 50 80 15 35 80 98 121 132 74 84 125 136 61 71 123 41 39 47 34 6 36 0 53 85 78 1 38 16 45 47 40 31 88 30
109 42 17 4 35 13 47 50 55 54 4 22 37 77 34 24 18 74 100 66 45 31 23 37 40 68 100 61 48 32 28 20 65 62 68 104 39 14 37 76 6 61 60 3 41 53 36 51 47 14 38 24 22 75 26 28 38 20 47 46 69 6 73 37 27 0 45 52 59 59 43 31 64 49 35 57 134 148 55 26 67 61 64 107 71 7 69 4 3 65 52 70 100 13 42 24 42 69 135 57
69 12 33 63 0 55 54 57 33 73 74 63 46 23 14 24 48 50 42 56 83 19 26 8 29 59 75 52 80 58 33 40 0 9 28 75 31 42 15 38 50 44 68 10 4 12 35 76 147 34 6 31 46 42 75 68 109 85 127 66 40 59 13 17 46 13 29 18 51 42 34 46 70 31 0 46 91 19 46 19 21 50 24 44 84 41 33 18 111 64 72 129 139 55 0 47 87 110 90 36
42 3 51 61 34 98 69 61 57 77 119 37 55 29 41 50 59 21 41 104 109 28 79 34 14 34 33 49 81 40 33 90 13 45 0 19 0 35 52 17 94 49 86 66 34 0 27 106 155 23 21 16 48 63 90 88 65 62 68 41 41 148 113 95 48 70 31 48 36 4 36 66 51 33 0 72 47 45 54 55 30 15 51 57 101 111 31 11 68 74 26 110 137 65 44 78 123 129 69 80
54 12 44 45 26 6 9 82 57 62 98 79 73 0 13 70 94 42 47 89 67 20 81 66 38 60 12 5 27 42 46 37 0 25 28 92 97 77 113 32 22 41 82 66 62 38 7 28 36 12 95 28 6 21 0 43 37 49 49 58 24 84 154 137 58 55 25 72 77 42 55 35 0 0 32 54 100 109 84 47 44 91 107 90 42 88 146 48 13 61 59 104 201 158 43 64 83 76 48 92
49 64 114 94 26 62 93 65 69 117 70 126 114 63 89 90 82 44 15 39 47 27 20 18 4 26 6 48 45 66 121 139 171 68 43 72 64 12 113 103 42 22 4 30 106 105 61 102 150 147 122 52 19 2 1 72 73 18 81 91 35 50 139 162 138 57 56 33 41 24 70 69 61 62 14 16 81 28 57 15 76 74 108 112 83 116 122 62 31 56 0 75 255 180 34 43 72 40 32 58
26 45 63 73 77 110 166 104 25 60 61 100 125 95 7 35 13 1 55 78 73 115 78 61 20 35 27 55 29 43 89 195 187 65 20 36 49 119 133 89 45 0 80 111 111 62 32 107 159 115 73 67 37 4 21 38 62 15 48 35 42 6 68 133 92 40 45 29 91 47 18 59 41 28 0 44 9 33 1 35 46 28 47 107 55 55 78 77 41 8 70 19 126 104 42 119 85 57 53 43
74 54 66 111 134 91 106 126 57 75 59 34 80 67 36 68 40 32 64 87 70 89 50 13 0 50 69 76 10 18 72 169 65 51 58 19 43 48 44 18 43 46 52 9 27 80 105 71 96 83 35 0 0 34 60 30 64 18 10 15 36 51 47 44 24 64 99 120 62 14 1 92 137 96 67 10 33 11 37 56 28 69 47 16 33 13 24 53 21 33 45 14 39 8 83 151 85 67 77 80
58 92 88 50 109 110 60 25 41 111 141 41 52 15 57 126 98 64 24 27 14 57 86 67 35 30 15 38 17 55 49 44 31 98 129 42 125 88 50 19 66 42 22 43 62 70 119 63 7 80 91 37 4 36 58 12 68 90 80 55 1 36 13 5 51 98 120 163 75 30 39 118 112 108 112 23 87 26 42 24 63 116 89 11 73 29 53 97 96 54 0 26 60 66 126 83 28 12 26 32
29 44 55 32 158 205 129 69 43 73 79 0 54 27 26 34 55 49 13 54 53 75 104 57 24 42 58 69 1 25 38 41 14 95 110 8 131 99 44 5 71 50 28 38 36 51 124 56 10 16 0 10 72 142 136 53 32 82 81 58 13 90 80 68 82 63 56 94 78 22 51 58 48 101 83 29 73 55 39 22 50 49 56 17 58 0 47 80 78 48 48 70 61 91 92 55 38 18 26 24
