27 18 49 31 15 14 55 92 71 21 36 22 54 57 31 31 62 43 25 33 33 20 14 1 5 35 34 43 54 46 28 23 7 29 0 22 37 0 20 44 26 35 37 33 21 0 53 89 37 35 27 11 21 24 11 29 10 62 58 83 102 86 25 8 25 42 37 30 19 23 60 77 73 16 50 39 24 32 14 73 95 39 17 6 0 65 70 71 30 0 11 0 34 33 39 6 30 4 49 62
71 23 39 26 16 35 80 86 53 4 32 28 33 22 28 67 63 49 35 15 9 58 87 48 24 30 14 19 43 44 25 13 13 51 27 4 19 24 77 115 78 39 3 13 13 13 21 19 55 55 52 26 13 6 0 15 14 25 18 63 108 86 24 7 9 48 77 95 74 42 47 51 46 11 31 6 0 16 25 72 65 16 12 20 16 61 47 40 25 21 35 28 59 39 38 42 66 12 26 28
58 16 49 41 18 29 60 42 57 23 43 24 20 33 38 44 36 25 53 49 8 24 44 8 27 30 26 18 30 29 24 24 16 64 63 14 42 66 101 115 34 16 15 28 0 9 6 20 26 9 12 20 43 59 39 29 28 40 37 35 72 69 35 10 8 25 40 68 66 34 18 1 18 7 34 46 42 37 21 23 46 4 15 30 24 49 37 47 35 30 18 22 37 20 28 67 92 27 19 11
37 36 75 48 17 14 45 55 39 9 23 22 27 47 38 17 21 10 45 54 22 15 17 11 10 30 58 34 19 6 23 49 37 59 63 26 73 79 53 27 68 35 44 47 30 53 36 33 63 21 5 13 49 73 44 18 46 42 42 12 33 38 35 23 30 24 9 24 39 35 28 6 20 6 19 55 56 37 42 51 65 22 29 24 8 20 30 72 87 55 13 23 8 3 13 37 61 22 24 5
37 58 60 6 7 12 40 85 62 13 17 54 53 33 13 19 10 19 34 25 33 41 21 26 20 24 60 31 19 8 28 53 48 36 27 29 95 95 51 28 73 53 72 37 17 14 10 10 37 18 10 6 30 61 69 85 59 7 19 24 39 18 16 33 23 34 27 33 43 49 53 33 29 19 11 24 17 17 56 75 89 41 36 13 0 5 15 57 77 46 24 61 28 34 49 38 30 30 48 14
48 78 66 16 51 50 33 57 76 42 17 45 59 54 24 19 11 16 28 19 31 26 11 65 66 24 42 16 35 37 40 37 68 53 19 34 72 60 21 16 3 0 22 21 65 65 42 7 26 38 38 21 28 30 25 56 63 34 72 70 44 26 20 34 22 28 19 32 49 57 58 35 31 31 15 6 23 66 92 70 75 37 39 16 27 29 16 28 24 13 13 67 37 39 68 59 31 45 63 21
10 47 56 14 39 29 0 0 33 48 12 14 46 81 56 38 34 6 22 28 43 52 59 128 93 29 45 17 47 50 38 19 8 32 0 19 40 51 40 46 28 88 112 111 112 75 38 15 9 39 42 32 53 38 0 24 51 62 111 80 21 46 52 58 55 33 7 26 48 50 56 48 55 51 34 5 27 93 110 80 38 30 53 30 51 51 23 13 26 26 8 55 48 14 32 50 47 45 55 24
30 64 84 29 20 24 39 56 46 87 56 50 54 64 49 69 31 3 35 49 84 127 91 64 84 29 63 30 45 34 23 8 56 98 26 35 29 52 50 48 23 92 81 107 124 110 65 41 9 47 45 31 62 47 10 47 34 18 54 46 1 55 74 97 63 37 14 32 34 18 41 66 88 97 101 51 15 29 29 20 18 35 73 37 48 43 16 5 34 43 11 64 97 35 30 69 80 59 63 53
56 32 76 130 114 44 47 41 6 23 14 39 53 31 31 31 20 24 33 75 68 81 17 5 16 40 51 4 48 21 25 47 137 126 54 16 44 90 61 72 22 58 64 56 54 66 27 57 55 45 10 27 41 36 70 43 4 18 29 31 0 42 70 74 47 23 27 26 28 31 73 69 53 123 166 79 36 45 4 23 20 38 32 45 41 23 26 2 6 16 4 68 57 27 37 56 50 28 27 54
59 49 84 116 102 45 42 20 57 90 49 28 46 34 17 8 0 47 49 60 44 36 38 28 13 7 30 17 28 17 59 96 119 74 21 39 116 140 80 67 45 44 69 87 59 50 11 13 17 49 46 2 14 78 107 49 20 43 18 27 18 25 32 28 19 57 77 55 58 42 55 62 21 65 84 61 44 77 44 58 26 15 39 53 19 47 60 39 12 52 43 42 79 82 48 52 49 33 25 34
59 56 64 63 61 41 61 47 7 64 41 19 47 45 33 43 6 47 62 57 75 69 55 41 29 4 22 32 13 30 83 96 33 61 66 49 95 107 54 17 21 40 109 118 35 20 33 41 142 58 38 0 34 43 65 43 0 23 14 17 31 34 14 32 3 90 124 87 94 61 39 49 19 32 20 42 32 65 46 50 22 7 33 33 21 73 67 57 93 88 88 56 56 41 6 40 45 41 30 17
18 34 39 26 28 8 23 11 22 43 32 22 27 11 0 6 5 0 44 48 100 135 46 42 70 48 22 20 0 49 83 61 43 49 69 47 49 10 3 40 20 33 76 75 33 57 79 53 66 60 14 54 0 48 11 13 24 16 33 13 31 56 10 23 38 94 107 51 50 31 23 42 35 33 6 25 14 23 31 19 12 26 18 0 43 65 35 32 54 14 45 61 26 39 54 87 25 35 31 11
19 38 29 8 15 0 18 31 28 10 22 29 20 27 27 8 14 10 43 55 90 162 76 74 78 72 10 2 2 54 76 66 15 0 20 32 62 33 25 54 54 67 73 56 39 38 40 15 16 32 7 21 35 45 56 21 44 22 23 15 29 59 51 16 26 55 109 82 55 23 8 7 38 30 10 11 30 23 49 14 9 35 20 0 50 40 47 29 18 28 36 45 11 63 69 38 21 36 39 28
75 86 50 10 23 9 41 74 32 30 79 75 26 35 38 2 21 37 5 17 19 87 68 34 26 48 3 18 31 52 71 88 51 56 69 52 54 43 15 4 5 54 89 87 61 11 33 67 26 38 9 96 127 73 23 0 3 18 2 20 18 18 89 48 43 30 84 58 17 12 39 60 46 34 22 18 72 59 68 17 16 22 37 29 37 39 107 76 15 76 55 23 19 55 43 37 29 30 30 30
81 109 74 31 47 20 20 33 13 17 76 78 37 41 42 28 54 46 15 34 16 38 50 17 0 36 17 35 43 48 76 80 78 61 54 49 37 45 52 90 40 53 69 81 73 14 19 22 17 73 91 58 98 24 26 32 6 18 14 18 18 0 58 68 29 7 58 34 8 13 31 47 41 37 34 46 106 92 65 26 40 28 42 46 17 46 93 81 52 76 82 17 28 14 4 48 55 31 13 18
57 94 60 18 56 48 51 57 36 0 4 24 35 44 34 44 45 3 47 75 43 18 21 36 26 59 34 22 19 42 88 62 39 44 23 2 13 80 62 33 18 3 6 29 57 42 54 11 24 106 109 68 62 40 7 60 42 0 19 1 47 50 29 85 68 36 58 20 16 26 22 28 12 24 34 69 121 109 62 49 67 55 35 31 0 36 8 28 43 9 77 8 40 29 24 41 118 72 38 42
26 41 69 55 70 51 45 17 24 27 22 29 62 48 16 50 39 19 72 47 4 15 21 49 17 26 67 28 0 61 70 48 58 75 38 78 18 73 32 29 50 8 3 41 70 93 45 52 1 90 71 72 55 36 19 95 104 46 19 0 8 10 32 22 37 44 19 14 12 32 63 41 34 39 38 35 51 42 52 32 67 67 44 45 0 32 34 38 33 85 54 24 58 80 67 44 98 113 34 34
33 20 26 52 45 49 18 32 79 42 8 0 30 25 17 53 54 4 44 38 53 90 42 12 25 0 7 14 41 49 32 19 44 43 28 2 17 77 86 32 38 63 62 49 56 34 14 27 19 54 90 69 54 38 61 85 116 30 29 25 16 15 52 17 28 20 14 5 10 30 54 25 35 43 42 42 38 22 28 14 35 48 27 30 32 77 61 41 72 80 35 29 74 83 64 48 48 61 43 36
53 10 4 44 30 26 12 70 85 50 32 23 53 30 7 23 11 0 37 38 39 84 48 31 16 19 16 20 71 54 51 36 30 13 39 17 49 57 66 0 59 64 25 29 71 17 29 49 22 12 65 81 17 26 25 27 59 81 93 29 35 35 73 66 66 18 25 14 39 61 78 46 6 13 13 24 13 12 35 40 11 48 47 48 63 63 31 23 34 50 41 69 111 94 46 4 11 4 15 0
61 32 41 79 76 24 40 84 95 64 47 46 43 33 11 32 73 56 14 27 1 48 34 27 13 26 19 13 60 53 107 90 12 12 45 52 44 57 71 40 36 37 3 45 75 16 24 2 42 3 36 44 2 11 0 28 7 88 105 11 24 17 54 76 96 37 69 50 57 45 53 38 20 22 23 38 18 17 43 47 15 20 17 55 113 82 19 8 3 28 22 29 51 61 52 20 23 24 47 41
76 66 31 62 57 21 60 77 93 63 37 47 17 35 13 30 71 92 21 82 28 39 35 29 34 11 10 36 65 30 69 18 6 40 67 59 30 67 93 81 65 81 53 58 17 31 85 52 15 6 53 0 55 23 11 29 65 60 76 40 37 18 52 56 50 24 88 76 61 18 30 44 25 23 33 47 30 24 46 34 3 29 48 74 92 48 16 40 52 57 38 20 9 20 40 22 46 50 39 58
78 84 8 41 17 46 56 50 63 42 36 52 19 41 13 2 0 71 38 101 28 7 47 80 55 35 30 36 39 23 54 0 45 44 60 42 36 30 72 98 62 37 43 66 15 48 71 34 14 60 68 12 51 60 22 18 46 42 34 17 30 19 20 23 6 0 30 22 26 3 16 27 28 15 29 27 26 30 78 59 51 52 43 49 47 43 19 8 6 15 38 67 55 41 45 19 62 55 25 45
47 77 55 73 45 95 45 19 42 28 52 36 7 22 32 16 23 53 32 33 8 0 53 91 45 50 25 0 0 28 86 69 70 26 13 8 24 0 61 152 129 38 52 61 33 45 37 45 70 102 50 51 0 78 51 47 13 62 47 27 39 39 16 34 48 67 48 23 37 42 47 31 62 42 58 29 34 35 102 74 39 42 49 53 0 13 28 30 23 33 60 77 42 24 31 0 20 11 38 55
37 55 83 42 27 81 36 26 3 10 80 38 11 1 42 24 0 19 69 41 58 29 58 73 16 26 12 20 25 15 26 49 39 35 21 24 26 8 47 137 81 39 117 80 44 32 13 56 41 36 26 84 0 63 64 30 26 29 42 69 29 25 15 18 0 73 62 30 33 49 58 37 37 28 68 34 46 35 101 57 60 30 34 66 0 11 26 25 23 53 84 76 39 64 111 85 44 10 65 43
65 39 75 40 27 58 64 32 21 48 85 37 48 6 51 35 6 17 44 60 48 35 31 28 2 34 13 19 40 41 10 61 47 22 20 10 0 34 68 47 18 58 94 102 60 8 21 44 11 34 57 14 23 30 25 42 25 34 74 60 19 13 37 89 77 81 27 47 14 39 51 17 16 12 25 71 61 34 55 50 55 40 51 35 38 48 10 26 0 82 95 72 31 28 87 91 39 9 31 71
105 20 44 38 28 25 28 47 18 15 45 39 55 17 60 60 61 56 49 48 51 43 22 4 7 71 87 72 47 47 15 14 3 9 36 41 22 36 57 46 33 61 77 91 62 44 30 1 51 52 35 14 15 30 33 61 67 90 113 69 31 46 53 57 96 79 0 45 4 41 39 27 40 45 54 58 50 59 56 3 23 38 57 33 52 79 40 38 5 94 124 106 40 0 16 12 34 6 15 34
68 0 27 61 67 38 20 31 26 10 32 55 59 25 40 25 45 48 28 19 44 57 40 26 32 95 110 64 11 37 51 35 15 40 74 72 38 27 50 69 77 58 47 83 36 21 26 31 28 33 13 37 36 33 21 29 25 82 104 33 0 50 75 58 66 78 42 75 39 54 60 56 7 10 58 85 86 98 78 35 20 28 44 29 45 41 24 66 43 92 106 106 67 25 36 32 34 13 20 32
32 33 68 82 52 2 22 20 9 3 12 39 39 37 43 12 25 54 38 14 33 48 39 40 66 71 45 29 34 60 56 19 20 38 55 46 16 3 32 69 39 62 57 60 0 34 59 41 62 59 27 31 29 14 27 23 7 19 45 45 22 16 25 35 29 68 87 64 52 30 50 24 41 42 106 124 94 75 47 37 30 14 18 24 63 37 4 30 38 39 24 28 15 0 21 34 52 26 22 34
19 17 6 75 102 48 73 22 53 37 17 30 27 37 50 34 6 48 41 12 22 31 21 20 70 55 17 33 62 37 28 31 83 65 47 35 21 11 18 32 0 25 43 75 18 46 62 44 53 59 53 22 32 16 65 50 26 24 18 18 30 52 52 20 11 34 49 24 37 22 38 19 0 10 62 59 36 36 28 41 40 53 60 32 58 53 54 68 12 11 11 24 24 26 64 99 64 29 13 23
31 33 25 113 111 4 52 53 75 48 12 20 19 0 0 0 6 37 35 20 38 52 34 14 37 35 20 56 81 22 28 58 129 81 42 29 24 26 25 12 21 12 25 80 27 6 36 78 32 67 116 73 81 58 102 74 10 36 27 10 27 77 89 34 4 13 9 32 27 23 16 42 23 23 43 63 67 38 22 54 23 29 47 23 37 21 47 61 36 22 11 9 6 3 13 27 38 27 30 50
62 26 0 51 73 16 59 74 64 59 31 36 63 37 24 23 35 46 46 44 62 79 56 19 16 13 14 57 90 47 45 10 52 29 29 27 6 14 32 24 27 49 44 34 4 18 51 54 44 72 122 58 30 14 48 40 6 17 37 75 67 35 36 27 22 20 7 38 28 19 0 22 22 19 12 65 100 41 10 51 41 6 25 43 82 53 49 12 51 35 24 22 33 43 36 29 8 33 54 64
55 32 13 7 33 27 28 4 34 53 22 4 53 49 38 23 3 10 20 31 52 76 64 26 25 41 50 35 4 0 47 12 15 41 99 100 36 16 39 36 18 31 27 35 55 62 50 7 58 79 129 70 20 19 44 57 14 48 47 41 34 47 64 27 42 18 1 11 58 63 37 35 15 45 12 35 78 35 6 23 18 11 33 1 7 11 60 30 0 5 18 12 10 16 4 0 5 43 51 25
32 65 49 35 1 25 33 14 35 30 9 39 43 42 78 53 18 47 55 33 21 33 33 18 32 36 52 55 34 18 20 22 17 23 59 52 50 53 90 88 103 91 63 106 57 60 39 0 53 48 17 162 255 173 60 121 93 9 59 16 15 23 19 25 28 46 26 8 81 111 105 66 45 34 24 23 35 35 59 15 21 39 13 25 50 62 60 25 10 10 0 18 27 43 42 41 18 0 4 27
30 34 35 48 21 59 76 30 12 36 45 60 52 52 66 30 17 36 59 70 59 36 19 13 12 8 18 23 12 5 8 8 23 20 32 23 16 30 66 71 50 72 39 65 50 157 141 40 0 31 46 175 245 184 98 135 102 15 22 6 22 30 35 39 39 31 0 21 70 89 91 75 71 16 16 8 45 7 60 45 21 32 41 26 8 12 19 28 0 30 21 11 31 30 31 23 30 22 36 57
23 95 76 38 27 44 51 56 54 53 54 48 27 22 34 33 17 24 42 57 49 24 12 14 6 0 0 3 0 2 6 2 12 13 17 22 8 21 28 27 39 90 29 36 50 110 93 108 85 94 64 15 1 173 242 121 70 50 24 2 12 32 39 0 0 15 18 54 19 10 37 73 90 35 38 28 46 0 48 48 0 2 65 61 30 25 30 59 11 20 26 43 73 10 6 32 26 22 34 45
7 101 58 1 38 56 32 29 59 42 32 12 9 32 50 66 9 17 23 19 14 12 12 11 15 4 3 6 4 9 14 8 1 9 10 29 16 24 6 0 83 159 131 0 33 39 92 124 95 100 42 45 0 220 254 122 32 18 0 34 33 0 24 42 55 19 25 36 15 35 42 58 50 31 23 19 7 21 50 51 49 33 87 99 77 51 47 45 48 25 38 90 98 22 18 51 55 44 42 39
21 65 58 38 48 50 40 9 53 57 54 36 42 54 29 6 9 14 19 19 15 10 6 4 12 7 9 10 5 11 19 16 8 12 1 18 15 29 17 22 38 73 51 72 0 49 45 78 36 99 98 11 194 255 245 88 20 35 12 23 15 6 47 53 9 0 94 68 5 0 12 80 87 57 30 14 11 59 79 68 88 49 48 58 54 21 36 6 34 44 57 79 43 41 58 51 61 40 30 30
54 61 53 53 56 13 15 31 4 10 33 81 103 66 26 17 26 12 12 24 20 2 0 9 3 3 9 9 5 14 26 25 13 16 7 16 27 37 35 49 0 14 46 41 42 76 99 110 0 154 118 80 252 255 169 142 82 22 15 55 54 7 23 58 53 8 103 91 55 24 16 74 101 35 18 0 30 49 59 33 62 33 15 16 33 10 46 14 11 48 59 62 14 50 93 93 45 18 12 27
59 31 0 16 66 28 15 23 35 48 51 95 91 21 2 14 24 10 4 10 9 0 0 9 3 1 6 6 5 20 34 32 11 17 17 16 36 29 31 46 38 22 0 27 37 50 94 255 255 35 31 183 251 235 255 205 78 10 38 32 50 52 47 41 92 31 40 39 27 22 23 53 65 11 20 20 51 71 80 70 78 62 58 26 47 32 49 27 20 45 47 61 58 52 84 123 65 31 24 46
55 19 42 66 61 40 55 3 52 119 98 70 40 8 21 5 0 7 8 1 4 12 7 0 6 1 2 1 3 21 35 31 15 16 14 0 20 4 15 34 10 31 20 46 2 71 117 252 245 147 103 143 244 247 255 234 112 3 41 14 30 38 31 39 44 47 33 50 26 31 34 28 38 21 25 32 15 70 81 103 91 70 75 9 32 31 27 18 8 29 18 25 73 27 25 66 66 23 9 27
39 17 26 78 47 14 53 32 37 45 45 65 48 13 24 25 26 16 4 0 6 12 11 6 10 9 7 18 11 4 18 11 1 9 5 12 15 23 29 2 22 16 34 0 27 34 97 131 153 50 218 255 216 255 241 179 41 13 29 24 13 29 36 39 40 84 83 61 42 52 61 10 7 46 7 26 10 28 34 52 22 36 72 54 37 24 43 27 1 32 8 68 66 24 81 31 37 72 94 52
49 42 21 73 94 45 25 5 49 66 92 95 34 8 52 59 27 20 11 7 9 13 11 7 18 15 9 17 7 0 12 6 0 3 0 18 32 29 32 21 29 10 0 19 0 68 143 250 236 72 255 230 239 237 237 134 20 49 59 12 24 41 75 79 68 64 33 13 15 50 69 18 12 18 7 29 27 38 28 65 36 44 88 102 74 42 51 55 34 33 30 88 29 56 91 48 37 59 66 35
41 35 25 78 91 32 22 37 26 25 53 57 8 12 55 33 17 14 10 9 10 9 8 7 17 14 7 16 9 5 22 18 9 14 1 19 35 14 4 8 27 21 33 40 42 3 43 174 86 8 199 255 255 255 246 105 54 38 26 36 73 22 68 105 26 31 21 5 8 58 75 10 31 5 20 49 72 72 27 47 39 42 76 107 76 48 35 31 16 18 47 76 34 93 90 64 20 32 34 34
40 18 40 89 51 1 27 46 28 14 17 22 19 42 50 9 1 1 3 7 6 4 4 6 11 8 2 13 9 8 28 25 0 10 0 8 32 14 5 17 0 32 2 15 31 28 15 178 114 64 70 239 252 236 255 206 88 28 16 72 69 29 64 1 37 37 54 54 30 47 76 60 20 7 21 34 61 67 38 29 24 18 20 43 29 50 39 19 30 53 67 35 54 81 54 40 25 37 50 89
20 22 44 67 57 54 65 47 42 38 17 0 15 27 11 0 0 0 3 8 6 1 2 6 10 7 1 10 5 2 21 17 0 23 6 7 26 16 13 23 51 166 194 130 85 84 67 168 241 203 67 127 255 255 242 134 55 94 5 45 100 51 6 2 34 11 50 90 56 9 9 32 6 29 16 5 27 71 100 70 48 31 11 17 3 36 36 19 50 67 43 5 23 46 37 10 10 21 42 95
22 77 62 32 77 120 101 74 77 66 33 8 29 31 5 21 13 8 9 13 10 2 2 7 7 6 3 15 10 7 25 20 13 37 23 16 17 6 11 17 64 154 243 130 65 47 32 18 244 232 255 254 233 255 245 47 113 119 46 71 34 21 33 23 19 26 68 91 79 48 13 6 24 41 1 2 47 129 155 83 45 38 47 59 36 32 27 16 59 54 28 48 4 53 62 5 23 27 41 74
59 102 72 28 74 117 88 62 58 24 7 2 18 18 0 18 21 12 8 12 10 2 1 8 3 4 5 19 15 11 26 20 2 17 18 26 18 4 22 34 26 34 21 26 0 74 43 110 209 255 221 238 255 248 148 112 124 166 98 56 20 33 38 1 11 46 64 28 24 46 42 54 67 49 4 21 64 151 121 34 0 10 49 59 52 46 50 29 70 52 50 84 26 65 68 13 17 15 20 18
48 29 27 40 78 111 84 39 44 4 23 36 25 17 12 35 19 7 2 6 6 0 0 7 5 6 5 17 9 0 10 1 19 20 27 43 21 0 13 29 46 60 57 77 55 15 0 218 107 254 253 253 241 242 226 194 62 85 54 80 116 75 38 29 16 52 78 46 25 20 41 122 126 86 53 56 57 125 69 18 8 21 40 8 13 36 57 17 20 5 22 24 23 41 49 36 24 21 23 0
64 77 86 62 48 88 95 39 56 72 30 37 27 16 8 15 18 6 2 9 8 0 1 11 10 0 15 5 16 8 10 14 6 21 15 17 11 10 20 13 3 15 18 47 106 45 82 125 232 244 255 253 231 248 77 253 252 59 25 45 84 105 75 12 1 0 36 61 33 31 17 86 119 104 80 57 76 74 29 25 34 12 34 51 0 23 60 42 55 25 48 60 35 64 38 45 57 20 31 26
11 31 59 50 21 33 55 44 45 69 33 12 0 0 4 6 1 2 10 18 14 4 0 5 8 8 8 9 10 3 11 15 0 0 1 6 13 14 28 4 17 0 12 22 23 63 95 102 254 255 214 41 212 255 255 253 249 59 40 34 42 108 141 28 27 29 44 8 10 48 43 24 76 63 34 29 16 16 36 8 35 32 21 31 16 25 19 23 40 52 63 60 95 156 86 31 33 15 40 46
12 14 31 40 24 13 14 12 24 54 43 14 19 21 27 8 0 7 18 21 16 8 4 4 2 11 0 11 11 0 20 17 18 8 23 15 15 3 28 0 19 24 41 19 0 41 48 83 148 242 255 44 252 236 251 179 253 88 44 0 0 42 65 47 20 45 85 45 16 13 56 58 21 39 99 103 32 21 46 17 10 28 19 20 25 36 18 12 47 68 46 21 93 177 106 39 22 21 49 58
6 5 5 10 22 29 29 27 4 18 24 3 26 29 31 2 9 16 18 14 10 11 12 10 6 13 1 10 31 2 39 20 2 0 40 29 26 14 62 27 26 27 26 25 35 64 162 225 204 99 150 67 123 251 247 255 247 172 44 38 51 19 35 42 24 15 34 40 18 0 43 61 33 33 143 110 29 44 37 52 0 20 38 30 17 40 38 0 38 37 22 10 60 114 81 52 9 12 22 22
50 82 69 26 10 14 20 29 19 8 16 0 10 7 17 11 14 13 10 6 9 16 16 12 18 15 12 8 51 7 48 16 27 23 56 35 22 5 49 9 48 7 6 53 85 71 255 238 230 237 112 255 225 255 240 238 255 249 22 73 59 4 74 19 74 61 36 39 25 50 75 76 47 29 92 59 26 50 19 38 24 34 40 39 50 47 26 2 26 7 24 31 29 28 17 1 26 32 24 17
14 78 84 46 36 28 15 22 25 11 32 25 10 0 9 25 8 3 1 6 14 17 15 10 21 10 12 2 42 4 35 8 9 6 23 15 23 26 59 20 36 29 17 54 91 27 174 115 245 222 255 189 201 140 255 255 253 236 60 85 76 35 54 90 35 50 38 35 17 46 47 63 20 32 42 51 46 28 16 10 26 35 7 30 121 81 19 44 32 9 29 35 33 44 74 66 6 23 8 1
54 102 106 98 108 76 32 37 21 4 25 31 4 5 0 12 12 4 3 11 15 12 10 13 17 8 7 5 18 10 19 17 30 33 27 17 21 29 45 14 23 29 4 32 62 37 91 92 29 112 239 253 255 243 226 246 185 140 82 83 97 56 6 82 15 13 18 27 63 75 29 33 28 28 18 36 25 3 23 24 12 27 0 31 154 114 43 69 81 58 37 3 2 2 33 33 4 34 18 10
40 66 62 76 106 73 45 84 54 19 15 18 0 18 1 5 26 14 9 14 12 3 7 20 16 14 8 18 5 26 19 40 25 47 37 30 27 41 58 47 57 0 1 65 40 67 29 26 158 90 255 250 248 251 236 254 255 171 90 86 75 42 70 0 20 26 45 21 88 106 49 39 62 14 25 39 30 31 28 30 17 34 32 48 136 117 65 46 74 77 57 29 47 21 28 38 0 38 18 5
26 5 13 67 69 26 40 77 67 37 27 0 15 46 12 11 9 12 14 10 3 0 5 10 15 10 5 16 18 29 40 9 12 22 33 28 21 34 45 38 37 17 0 43 18 0 199 227 190 7 161 80 238 255 244 238 255 201 121 70 46 40 43 72 12 21 20 56 50 106 35 61 64 20 66 78 64 26 36 80 19 65 41 49 94 124 77 40 46 42 46 3 18 36 39 45 20 30 19 0
54 34 48 98 78 16 18 44 36 53 8 24 22 41 29 12 3 5 6 4 2 3 6 10 0 1 0 8 10 14 28 15 20 25 29 19 9 21 29 20 0 23 40 23 50 38 220 246 96 114 255 89 255 235 248 255 213 255 115 0 71 58 13 104 74 19 16 38 15 59 39 59 49 50 32 12 32 58 83 80 42 45 43 62 43 93 60 42 34 0 22 24 69 79 32 3 21 10 14 29
28 18 34 67 44 12 33 47 51 69 27 29 26 27 28 9 4 3 1 3 5 8 10 10 0 7 2 10 13 6 20 30 26 26 24 12 2 13 19 6 42 35 25 40 28 60 130 150 22 117 186 89 238 187 249 240 255 223 36 46 60 17 26 51 47 68 39 35 15 12 74 51 55 61 35 87 98 35 26 67 50 38 25 46 12 56 11 21 53 0 24 20 34 38 27 28 68 25 17 38
22 28 37 41 13 6 28 17 54 58 85 23 28 0 4 6 17 12 6 7 12 15 13 9 1 19 8 15 20 5 16 37 21 20 19 10 5 17 20 4 15 41 31 43 17 82 65 87 97 163 255 220 90 249 252 236 243 79 64 27 41 14 90 74 27 62 86 14 41 35 34 59 99 106 36 35 41 14 8 73 52 74 22 37 62 72 16 32 25 22 61 64 38 17 55 64 52 21 23 32
37 49 62 75 51 25 22 2 35 58 95 42 40 1 10 12 30 21 13 12 16 17 11 4 2 15 1 9 19 4 11 28 9 10 13 9 8 21 22 4 77 37 37 42 49 18 37 149 100 210 223 255 217 251 253 255 251 234 81 15 18 80 69 0 31 36 21 4 50 0 15 15 74 77 27 17 62 84 25 40 11 66 1 11 68 49 45 28 41 67 85 107 88 48 83 37 11 7 37 59
34 40 51 87 84 44 37 46 78 104 45 59 58 45 55 19 30 21 12 10 14 15 9 1 2 8 0 5 14 8 16 17 2 5 11 8 8 20 22 4 44 5 18 2 0 93 163 114 5 154 157 201 81 255 248 255 237 255 245 109 19 58 36 37 54 12 75 41 37 55 46 24 66 24 11 44 97 91 25 50 15 70 19 20 42 18 81 38 61 78 63 81 93 68 88 14 57 24 30 59
30 47 37 49 56 28 30 58 102 122 37 60 55 54 58 18 19 11 5 6 12 16 12 7 8 10 3 11 12 14 25 9 5 9 16 13 11 26 31 16 38 0 4 43 20 87 168 85 81 135 91 85 117 199 243 245 254 247 243 227 34 26 68 17 0 34 59 51 9 42 90 3 15 10 29 44 60 41 22 18 22 82 27 17 16 0 61 46 27 30 30 38 76 78 73 24 79 43 22 30
7 56 36 14 24 21 27 45 45 82 85 61 34 11 10 11 8 3 0 4 13 18 18 15 14 14 12 17 8 13 27 1 12 16 23 20 18 35 44 32 27 34 29 6 56 3 170 255 17 40 181 89 235 253 255 255 242 253 255 146 59 29 94 0 5 57 40 41 18 55 84 27 17 13 22 33 27 0 40 35 41 120 44 28 49 37 53 93 70 32 22 0 39 64 43 32 28 53 59 45
11 29 0 23 27 10 52 53 31 74 77 105 99 54 46 24 57 55 15 0 28 31 0 0 3 7 0 14 20 13 18 8 10 28 0 16 20 25 20 9 23 46 13 28 25 21 189 248 125 58 158 39 170 255 215 255 251 243 104 0 75 53 40 60 73 23 84 73 43 74 41 24 28 41 30 24 6 60 36 50 30 116 49 24 24 44 70 167 116 64 11 45 21 35 14 28 49 67 59 103
93 167 112 23 0 21 56 48 63 47 16 68 110 94 91 67 117 43 11 11 18 12 18 21 13 9 2 11 23 26 20 6 0 34 18 19 5 6 15 30 34 44 36 52 28 26 149 195 31 244 121 38 255 240 251 247 255 49 50 46 53 69 51 49 50 26 77 66 14 37 21 14 45 38 42 49 8 46 36 43 0 54 30 14 5 0 12 44 30 57 60 55 7 22 23 28 69 78 56 43
205 220 136 36 17 12 12 42 6 20 12 38 52 50 76 74 31 51 42 2 38 39 41 29 40 30 25 20 36 57 54 48 21 68 46 34 24 26 24 40 48 39 37 44 18 26 46 42 86 132 55 63 85 17 94 29 0 45 31 74 104 40 49 34 0 6 53 68 12 32 43 50 65 85 122 118 26 27 23 20 8 20 47 71 54 11 14 16 24 61 73 35 0 9 21 10 30 37 47 22
111 102 57 0 0 28 23 49 23 22 13 30 32 28 44 36 40 30 14 12 71 13 15 53 77 45 29 31 70 102 71 40 92 113 59 17 3 14 9 29 7 7 6 9 17 56 29 29 47 44 97 37 0 74 95 16 18 7 40 0 38 74 4 38 17 22 46 82 30 28 45 55 101 130 132 86 0 5 21 30 15 15 34 60 44 28 32 39 49 46 53 32 29 30 52 46 39 18 37 11
73 51 61 29 3 18 29 61 101 72 55 64 50 34 43 43 96 32 0 6 74 63 60 0 0 30 66 66 53 52 56 66 68 100 83 58 41 46 26 40 68 66 40 21 13 22 0 49 43 45 51 39 30 26 0 17 41 72 116 63 14 5 34 37 25 6 7 53 30 23 45 56 73 86 44 13 3 19 27 47 32 42 12 13 13 53 40 50 31 21 45 39 39 16 43 53 49 20 34 8
52 22 46 37 6 21 39 56 84 107 118 75 21 22 43 31 67 78 59 35 38 0 24 20 55 63 52 51 38 17 16 3 11 30 44 52 45 49 9 0 65 49 23 36 34 16 25 64 51 43 39 63 30 33 54 51 55 58 86 14 13 4 37 91 122 78 56 62 47 26 39 39 27 43 8 15 48 47 48 78 49 38 2 37 53 73 24 54 29 20 39 27 18 0 33 53 82 58 42 13
55 77 67 12 24 102 101 33 53 70 78 33 0 31 46 12 106 180 102 11 39 66 65 15 24 45 24 43 34 11 55 61 85 53 39 31 9 30 12 10 42 30 21 56 54 58 117 66 15 5 16 25 15 53 87 110 98 0 62 41 78 38 54 138 83 54 55 25 30 23 41 31 33 58 32 21 38 45 68 79 26 5 5 44 51 42 2 39 56 38 43 40 29 26 78 125 184 126 41 14
5 33 14 1 72 156 159 113 60 15 17 22 5 22 62 89 16 56 39 38 28 24 44 14 12 42 20 57 48 7 55 53 76 48 57 50 5 25 31 51 47 63 72 86 60 112 241 121 35 29 30 25 9 19 40 68 64 42 65 0 90 41 17 53 45 41 71 16 28 28 46 26 17 58 47 19 21 45 52 0 25 36 58 21 3 27 37 47 79 58 67 74 37 15 76 159 204 125 25 44
35 45 76 36 63 114 124 90 63 38 45 12 13 33 31 100 118 100 19 42 19 8 39 5 12 10 43 70 54 14 3 33 33 19 15 24 25 17 31 59 70 53 76 44 7 91 207 118 17 36 42 46 18 47 52 42 69 43 41 76 82 19 27 37 55 84 61 48 77 66 27 23 11 26 44 24 6 38 49 30 46 23 9 16 37 59 51 23 24 26 58 56 43 8 30 41 85 45 36 66
23 25 61 34 35 51 50 20 32 33 80 53 9 32 35 24 90 68 3 12 50 27 42 74 50 43 29 19 0 15 29 55 73 51 13 1 14 16 29 66 47 0 30 16 20 99 149 93 13 39 28 15 7 43 43 36 17 10 14 26 34 14 40 28 34 26 31 41 61 68 44 28 42 46 67 50 30 28 43 37 10 6 7 19 34 37 25 9 12 0 34 20 25 22 12 9 22 12 20 33
16 0 29 20 8 19 41 36 34 24 46 43 8 14 34 22 40 20 22 46 98 44 18 47 66 46 34 50 23 13 18 41 47 36 22 38 57 30 8 27 37 24 25 0 3 66 123 112 37 27 11 29 37 35 26 48 41 13 44 83 72 30 69 90 76 7 11 28 41 69 46 6 70 33 34 31 50 34 49 41 47 35 18 15 23 24 29 46 18 0 26 0 11 47 40 43 7 8 16 14
79 51 57 43 9 10 33 31 14 24 6 24 48 39 43 44 45 13 30 56 59 26 17 3 9 4 38 78 62 15 19 27 49 30 40 67 60 29 14 17 32 39 13 70 77 21 91 151 83 31 12 36 34 22 27 46 83 22 58 115 100 47 83 116 63 25 48 34 5 25 31 34 44 31 48 36 42 0 36 51 87 58 21 11 24 30 48 81 17 13 32 7 1 31 48 62 44 24 17 19
11 12 29 42 24 29 39 24 7 39 11 12 42 57 69 45 32 37 17 32 15 19 27 0 25 46 93 91 76 35 70 49 78 64 90 90 43 42 57 26 55 102 43 32 46 42 87 109 73 32 35 35 14 26 41 4 41 6 29 31 23 25 50 32 15 16 38 30 31 47 44 57 72 54 51 46 73 23 29 6 35 10 0 14 33 28 22 30 11 34 36 41 17 10 38 38 51 18 11 34
17 34 33 47 31 28 22 5 33 22 20 31 9 15 53 26 0 56 14 17 25 32 15 0 20 33 76 82 58 7 52 35 18 30 68 49 0 23 49 0 1 36 49 33 47 65 29 64 83 25 20 12 0 18 66 56 46 71 114 67 32 44 64 40 22 20 11 41 96 99 63 43 58 73 70 61 63 14 40 46 29 20 44 80 82 61 37 17 5 30 9 37 23 20 53 38 24 4 18 55
30 43 5 9 1 4 14 31 44 14 30 62 31 4 17 11 25 48 19 0 16 23 13 29 5 4 26 82 49 16 56 56 28 27 36 24 8 39 76 73 88 140 154 58 24 81 30 35 22 0 27 58 67 26 30 44 39 87 145 87 37 33 59 73 43 47 32 71 88 52 51 53 53 51 20 41 66 34 44 41 16 17 64 93 63 43 41 23 14 27 1 14 8 35 55 35 13 9 32 62
70 77 19 24 26 37 67 116 73 65 41 29 39 39 36 52 52 8 34 10 10 15 20 34 30 32 2 41 0 15 56 44 44 20 7 32 54 50 73 129 74 111 107 63 23 42 15 19 28 31 23 7 32 1 8 47 27 65 97 26 4 34 69 87 68 45 11 58 50 0 37 51 26 37 14 56 67 16 7 7 2 13 76 98 46 35 63 58 56 68 54 40 20 56 43 16 20 20 35 49
85 134 101 17 48 17 57 109 59 20 41 17 14 7 15 65 79 4 30 9 12 21 12 18 20 65 58 44 10 24 41 41 61 27 0 30 101 77 44 107 46 35 97 36 28 49 25 19 31 60 67 20 34 45 51 30 3 62 46 27 11 41 62 77 44 12 18 40 65 46 12 48 30 3 45 104 104 62 17 0 0 12 39 31 31 50 45 21 21 43 50 40 50 97 54 34 19 35 38 25
82 130 106 45 64 38 52 71 41 30 72 46 23 2 18 78 83 13 12 6 8 7 0 10 35 83 75 53 15 27 36 26 10 33 28 83 127 70 18 17 13 24 118 96 33 21 17 27 75 48 60 25 15 24 29 8 39 76 70 37 18 18 54 68 27 22 44 82 98 60 20 39 73 29 51 104 101 58 28 23 6 0 1 31 20 35 29 40 30 53 50 18 57 118 108 63 49 38 23 11
24 51 28 13 37 46 53 49 26 17 53 29 12 0 23 80 94 62 36 41 34 26 7 6 33 61 51 47 12 8 15 20 13 41 29 87 118 67 50 29 26 9 60 79 18 26 49 63 57 32 67 31 0 0 15 60 19 36 46 24 37 47 85 65 30 0 2 71 92 35 14 41 35 38 59 70 62 65 63 39 23 21 0 21 0 38 31 34 22 44 38 3 50 95 120 71 78 49 26 23
30 36 24 55 63 71 56 33 4 0 37 43 55 36 26 37 51 83 59 56 22 12 19 30 65 55 36 62 35 10 22 58 78 57 17 47 67 43 44 29 13 35 51 75 10 9 16 29 25 26 78 59 45 30 0 51 72 77 64 28 26 57 100 70 2 33 29 41 55 56 59 28 22 44 53 44 42 66 62 1 31 33 4 18 3 38 39 27 14 34 27 18 31 39 68 36 40 22 12 18
76 48 14 37 11 19 38 52 43 33 53 44 43 11 0 0 30 78 67 73 27 12 54 98 90 66 36 63 44 27 42 78 87 52 26 30 52 60 31 0 17 46 4 38 54 86 48 31 61 20 56 54 54 80 33 28 5 44 69 80 38 35 44 30 30 20 11 43 34 2 32 57 60 46 36 62 78 82 71 14 29 10 0 29 32 21 35 35 17 37 23 33 19 31 39 4 0 4 8 7
47 40 42 79 37 14 18 28 23 27 41 20 11 0 30 57 27 22 14 56 50 26 49 75 61 58 24 32 26 43 55 58 42 28 20 8 40 76 43 2 23 66 9 3 9 35 17 53 88 42 87 74 9 53 58 31 63 64 50 71 25 5 13 38 57 45 42 57 51 40 46 38 25 19 9 35 35 30 46 15 20 22 14 31 34 20 41 23 12 25 11 22 21 76 72 19 9 27 32 17
77 56 35 50 28 16 22 16 41 55 73 56 42 13 27 33 42 7 10 45 68 65 78 67 43 54 26 30 34 64 63 38 19 23 8 10 29 32 25 12 38 41 10 40 67 75 41 77 73 92 126 100 17 23 25 24 30 24 6 26 33 20 26 39 38 0 32 89 83 35 8 20 58 56 39 50 24 3 37 26 19 53 32 32 14 27 47 14 18 6 13 14 34 97 96 47 24 42 45 28
108 64 14 18 40 60 67 36 33 34 41 43 61 45 48 31 13 4 26 10 17 52 107 101 49 55 30 45 50 65 48 16 7 26 19 71 78 19 27 46 38 10 15 66 70 45 11 60 74 112 61 28 43 61 41 84 40 56 36 4 25 19 37 32 26 18 60 55 20 21 41 82 96 39 5 60 53 4 31 42 25 49 14 46 9 19 39 35 46 6 34 25 48 78 82 55 32 46 52 43
39 32 55 71 86 110 99 66 42 51 22 49 73 65 33 36 20 13 23 28 3 71 125 116 64 58 65 42 24 38 35 27 41 79 46 44 77 42 18 54 8 27 108 78 21 1 20 17 32 0 26 6 41 0 64 104 77 51 23 0 26 0 21 25 10 6 35 28 44 33 24 18 39 41 32 42 26 9 35 37 32 14 18 26 51 20 31 64 19 21 40 13 32 71 45 48 36 24 41 54
52 88 122 86 29 32 62 72 69 52 34 67 69 35 4 51 16 28 33 31 10 57 78 63 34 34 71 60 19 21 29 24 75 97 46 3 14 27 32 29 8 47 142 94 20 12 46 69 57 34 22 36 32 20 31 67 32 18 23 43 60 44 33 46 39 18 17 5 23 34 22 13 69 40 10 21 20 16 40 36 36 9 15 16 32 29 44 35 6 3 14 11 50 94 71 57 36 19 24 39
92 120 134 93 38 39 61 53 23 4 12 42 42 22 0 42 7 27 21 18 3 22 30 50 88 39 33 21 0 15 28 23 16 45 42 24 2 0 22 25 40 37 35 12 6 37 77 37 15 20 1 28 3 23 39 101 68 25 2 24 29 75 47 55 86 78 49 9 10 56 43 18 43 11 0 26 23 7 10 0 33 10 22 26 42 71 87 46 29 24 17 20 52 84 80 62 87 62 48 59
25 46 64 59 30 25 37 15 10 23 50 49 54 80 29 38 13 32 20 29 21 14 19 75 102 46 19 24 47 53 25 13 47 65 49 31 13 3 24 36 23 65 28 25 17 44 142 106 13 30 21 26 11 22 47 107 67 34 24 19 12 84 41 19 76 71 49 27 13 49 39 41 55 27 31 45 19 2 18 23 43 37 35 29 41 63 64 34 37 36 22 22 30 54 86 87 92 65 29 31
14 10 18 52 53 46 54 28 35 75 104 66 48 89 37 15 12 33 19 29 33 34 22 54 56 39 16 20 59 44 2 25 34 99 84 35 18 15 35 56 72 75 27 17 16 38 57 0 12 31 17 24 24 29 18 45 36 30 63 41 21 54 30 20 23 0 0 29 20 19 6 44 32 24 68 92 50 19 15 10 39 54 32 21 37 39 32 55 54 47 35 26 10 19 57 66 88 71 20 11
31 9 0 35 40 31 55 41 32 72 97 61 19 41 18 16 23 32 9 4 17 61 54 38 70 56 15 0 18 7 0 39 0 57 66 68 70 37 29 53 53 43 66 35 13 49 18 26 35 71 47 60 54 75 50 77 56 30 56 42 33 16 11 29 20 15 24 32 31 37 17 21 45 11 37 42 7 7 20 18 9 32 5 3 19 10 6 70 76 54 56 49 21 16 25 24 56 65 13 0
20 29 28 45 15 0 59 76 21 50 67 63 21 26 34 52 49 34 17 18 13 68 86 65 76 50 30 16 22 19 11 41 59 33 25 80 105 57 24 19 47 41 69 56 27 44 10 37 52 86 67 45 53 54 43 63 41 22 33 51 62 20 6 22 44 62 79 47 45 61 56 41 36 0 33 41 14 28 32 14 46 62 47 59 53 35 25 78 55 32 68 73 48 43 31 32 41 80 40 21
20 21 6 30 25 24 70 58 0 15 22 38 7 8 23 34 44 13 23 48 11 34 63 62 25 0 12 15 1 19 46 67 16 19 56 99 68 21 18 6 1 18 7 58 50 29 15 0 53 62 66 10 78 40 33 11 0 15 19 44 56 34 40 69 35 33 66 55 54 40 65 102 44 6 35 33 6 36 52 38 19 29 39 74 57 43 29 55 48 28 87 89 52 43 22 32 31 92 63 45
15 27 44 39 19 26 59 83 48 22 12 22 4 8 11 56 64 83 40 29 23 43 42 24 16 23 25 16 14 67 62 46 42 41 87 96 25 28 79 44 48 26 62 75 53 27 69 96 113 53 41 42 58 25 28 26 24 53 60 5 33 43 24 44 33 37 25 46 36 54 72 74 59 46 31 48 12 48 84 75 19 13 53 75 36 17 25 14 7 16 35 62 31 16 8 22 31 84 84 22
40 37 38 27 9 16 42 58 66 38 16 16 11 31 23 43 74 73 29 50 65 68 48 20 31 34 55 65 28 28 28 59 70 12 1 49 47 18 28 30 48 21 53 74 52 13 82 165 106 48 19 18 26 21 37 49 66 22 59 34 17 48 58 16 14 30 32 57 40 41 43 36 43 41 24 26 27 76 108 78 43 16 16 20 2 7 35 45 31 31 40 61 28 13 7 21 18 85 105 60
68 50 34 20 10 21 42 49 48 40 22 8 1 34 16 11 68 55 12 61 84 70 46 21 4 16 62 91 43 21 27 83 93 54 0 21 79 73 42 23 31 8 31 63 69 13 26 77 86 40 0 7 10 42 71 97 87 11 62 52 11 42 65 8 38 40 20 24 0 11 37 48 25 46 33 1 26 68 98 58 41 23 17 26 28 19 14 14 50 42 39 54 21 11 7 22 10 81 108 67
75 51 31 20 17 35 55 59 28 59 63 32 10 45 25 6 53 48 5 55 69 49 42 32 1 26 70 85 38 24 15 44 71 86 30 13 76 104 62 5 34 19 8 14 62 48 39 47 103 67 16 23 5 48 66 92 69 30 67 45 22 26 36 29 23 35 25 32 1 8 31 43 30 76 74 12 36 51 88 63 60 43 20 21 35 23 5 10 52 39 31 45 16 11 10 25 14 74 88 39
