4 19 16 9 46 41 51 43 79 78 53 113 99 27 86 126 41 56 42 22 71 32 19 93 77 96 70 55 62 72 43 95 187 152 144 63 38 67 50 101 28 28 58 25 7 38 42 59 76 94 14 72 44 67 17 10 25 27 35 40 117 40 43 149 118 65 92 77 147 70 17 86 140 153 102 188 162 64 17 69 35 48 77 84 140 147 81 17 56 64 50 145 102 67 18 10 26 29 25 30
80 88 18 5 81 39 0 49 151 146 82 36 40 48 152 183 85 36 34 27 58 53 14 44 94 0 5 39 81 24 18 126 232 184 99 37 120 89 100 104 41 74 65 49 13 12 85 115 189 139 16 20 97 43 0 32 39 0 53 90 100 37 67 63 25 92 137 96 93 21 51 95 152 151 25 38 40 70 113 103 96 17 6 143 153 142 93 20 52 46 59 183 160 49 24 49 53 28 0 29
79 116 41 78 78 11 39 40 142 126 86 22 24 13 94 136 114 20 35 33 11 31 8 35 10 29 14 81 57 29 31 9 146 140 54 50 107 20 65 40 86 74 64 96 73 26 73 130 113 76 108 73 32 25 73 13 31 41 85 96 173 51 37 95 52 69 136 94 34 39 153 138 137 88 14 22 7 35 78 107 97 49 70 21 89 113 64 56 106 78 28 56 75 22 54 61 19 64 34 52
85 86 74 74 98 80 0 19 7 43 69 50 95 123 95 30 61 20 72 99 25 12 21 80 132 89 8 90 20 4 62 79 24 37 0 67 30 0 39 20 75 27 66 78 75 56 25 95 107 24 53 92 44 74 105 41 63 28 9 46 30 64 67 34 67 51 120 24 75 32 116 179 126 81 90 27 0 38 30 106 51 94 38 73 139 103 43 64 18 46 35 22 62 82 104 78 88 115 24 2
31 21 64 96 108 112 23 26 62 40 12 16 69 157 115 41 33 75 145 209 139 72 85 155 133 51 65 21 3 62 112 136 42 32 23 100 64 80 33 12 60 63 105 41 24 61 35 85 65 19 29 71 0 15 49 32 26 0 50 81 93 0 26 44 6 41 65 131 68 66 21 106 93 81 101 16 26 68 36 104 86 45 8 110 101 39 84 120 100 57 42 83 127 129 54 11 10 48 21 52
97 107 79 68 5 35 108 23 6 0 14 59 39 91 92 86 42 94 113 153 127 65 85 145 82 0 28 28 7 31 102 218 85 78 75 93 117 116 39 67 99 129 93 45 19 8 29 46 61 138 69 23 64 98 72 27 4 44 54 113 13 76 84 26 49 30 77 192 187 151 123 9 4 54 62 22 66 60 48 56 76 9 86 126 81 20 74 80 79 43 52 112 71 40 13 56 62 49 5 0
56 92 103 32 48 91 49 10 0 35 78 69 0 39 87 60 17 49 39 19 25 11 36 75 48 15 38 80 44 14 68 174 144 126 86 71 96 48 12 60 150 158 59 95 92 7 50 51 135 147 66 51 59 94 131 62 0 42 104 133 79 54 95 50 43 88 45 93 160 149 85 0 0 55 52 11 50 44 68 30 53 41 26 99 40 4 19 28 46 33 28 101 61 41 59 59 48 60 86 42
42 33 84 59 43 26 21 37 31 1 28 62 37 69 111 47 15 59 88 41 54 67 75 87 72 31 92 30 60 33 26 59 55 32 8 98 147 97 74 55 76 84 0 54 77 0 48 52 127 156 39 47 28 35 67 52 28 47 84 33 168 3 39 46 55 157 144 69 33 42 32 73 100 26 34 55 90 31 47 68 79 77 140 60 17 53 74 126 124 86 11 70 63 88 188 163 77 27 65 47
82 100 24 9 26 53 18 41 26 31 58 41 82 89 41 84 72 75 96 53 41 80 105 71 73 61 87 77 81 88 85 26 39 31 37 84 170 115 89 46 18 54 43 93 69 16 100 0 56 87 0 111 127 107 62 8 21 32 21 40 120 71 21 48 80 69 68 138 137 53 84 40 69 38 107 121 81 88 95 107 129 84 73 44 39 55 140 198 136 121 110 86 61 109 163 135 91 78 24 35
108 90 104 39 36 0 0 12 20 45 90 70 21 104 51 21 73 86 62 43 19 80 69 5 13 12 33 132 108 74 60 67 44 37 53 144 184 142 61 46 39 99 98 68 81 49 98 38 71 76 44 127 138 128 57 64 1 27 24 32 43 8 43 119 131 74 14 23 53 17 59 112 31 49 13 1 67 29 40 118 169 105 27 81 84 0 106 188 97 108 111 100 67 122 94 44 106 96 45 42
60 27 46 26 0 42 35 47 64 70 75 48 108 94 8 135 72 28 55 24 53 152 114 91 69 22 45 137 93 97 74 53 47 25 34 118 179 115 0 58 71 111 135 43 26 1 36 27 80 75 44 56 19 21 2 56 51 86 97 72 57 44 48 146 183 84 65 30 39 28 1 66 93 154 143 96 78 33 110 107 60 43 20 114 107 64 51 102 90 6 86 46 60 102 74 85 119 106 74 84
32 14 48 23 55 90 88 33 87 105 29 118 72 38 54 42 56 12 61 39 111 81 91 45 89 44 151 163 80 127 171 157 57 69 69 27 161 121 20 74 104 62 95 81 67 58 50 10 17 38 38 86 59 56 48 0 45 83 113 86 128 164 53 82 90 99 19 20 57 25 33 37 63 98 131 184 147 40 64 57 30 9 15 17 15 85 68 83 93 72 76 3 80 68 30 105 76 53 31 41
42 67 47 38 51 56 55 19 98 127 102 48 124 89 89 57 91 20 130 19 67 34 64 114 64 19 77 107 69 83 118 94 81 69 92 50 186 149 89 108 102 77 79 94 36 23 17 16 28 72 131 150 52 35 100 80 21 19 7 19 112 221 127 18 28 0 40 31 4 98 114 46 56 49 101 175 78 0 29 83 56 22 55 26 12 26 86 82 45 103 76 82 52 125 137 66 94 89 71 31
66 100 23 66 39 42 40 76 113 126 62 54 81 67 66 34 134 93 94 39 82 45 55 23 33 51 4 47 42 21 39 16 9 0 36 81 143 133 103 52 93 110 55 72 59 76 39 53 31 46 149 165 78 52 103 124 100 103 56 42 23 125 221 103 26 5 96 109 40 141 166 24 68 19 25 85 50 85 105 122 81 58 107 92 3 38 90 171 141 141 147 90 50 157 133 79 103 131 135 61
96 101 100 102 114 37 56 83 39 14 63 38 67 66 62 15 44 44 81 34 22 18 16 54 92 71 21 35 79 107 125 70 14 57 64 103 122 146 130 18 39 102 99 97 62 60 7 26 49 87 147 140 76 17 75 126 163 119 45 29 24 82 161 42 20 74 106 60 82 152 79 70 41 77 49 69 108 99 48 91 36 82 151 135 35 69 77 183 148 14 113 50 14 66 59 92 64 62 68 14
76 87 108 97 51 0 9 53 21 17 0 56 52 4 28 18 11 24 61 98 127 90 77 77 112 25 107 45 25 43 101 85 107 115 48 110 142 64 51 29 27 29 60 63 32 60 34 38 15 72 33 48 80 28 97 98 73 80 101 92 117 103 71 27 21 75 54 64 52 78 90 42 15 67 48 6 27 87 76 0 19 117 158 115 101 0 76 113 47 17 66 112 110 54 36 143 136 57 31 6
64 103 101 76 0 51 13 4 50 82 55 92 116 42 70 31 38 57 126 171 166 96 70 71 69 39 28 46 38 25 43 37 84 158 186 116 67 44 23 57 37 5 26 46 65 60 28 34 17 38 77 161 148 78 71 58 34 34 73 122 83 111 77 34 56 51 37 14 50 25 22 72 56 24 53 80 3 92 93 83 82 65 22 107 76 120 113 31 54 0 104 54 78 35 64 155 177 92 9 33
38 89 150 142 27 21 28 35 103 87 46 113 108 96 69 12 55 59 118 69 46 67 58 43 68 63 29 82 61 11 0 58 124 186 247 160 36 38 82 94 32 40 39 72 75 37 27 72 69 52 69 70 119 123 176 93 51 9 0 22 35 101 27 0 63 59 54 59 16 37 68 88 121 120 102 13 76 101 81 76 64 4 141 255 187 105 65 39 35 77 100 42 43 31 8 79 129 117 69 43
36 34 120 185 79 0 16 52 1 48 17 45 37 56 45 92 64 25 114 73 37 64 85 158 105 84 49 108 53 51 46 80 44 76 129 89 23 55 87 59 24 86 112 96 8 70 141 84 62 30 27 56 75 109 146 74 60 54 65 38 71 103 30 40 105 92 14 28 53 64 68 93 67 83 86 39 27 50 50 85 61 21 87 176 129 28 27 11 32 63 65 43 39 68 66 77 36 50 62 73
35 50 77 101 33 4 48 54 40 101 73 54 49 37 16 26 96 60 100 45 81 156 128 122 86 80 96 135 73 53 40 3 17 83 101 67 53 47 37 48 69 114 91 117 136 187 136 58 77 52 30 57 49 67 99 95 0 34 62 16 89 78 39 64 118 104 55 24 73 148 176 33 144 87 62 97 0 13 0 33 21 11 34 119 83 72 101 56 24 2 25 0 55 81 88 44 42 27 54 86
35 50 40 81 38 5 26 72 83 116 104 101 48 62 89 20 55 69 79 46 117 156 82 13 0 29 72 78 84 31 43 43 24 86 57 19 51 51 20 24 2 44 20 53 153 242 130 48 40 46 39 6 82 91 119 100 8 59 38 14 66 68 78 123 122 105 55 5 19 83 140 27 86 80 51 19 14 48 75 116 173 30 90 143 52 103 153 136 48 0 26 7 130 98 59 72 15 0 50 78
27 71 42 34 20 41 25 23 104 109 26 58 66 128 110 22 53 67 87 104 123 72 71 109 86 86 90 42 50 68 133 103 31 90 89 49 27 31 37 18 27 15 13 35 59 90 21 6 87 96 63 42 125 118 62 18 126 146 54 56 24 38 32 64 79 54 0 1 0 15 58 104 86 82 79 72 59 16 76 200 216 60 83 127 90 79 83 27 63 52 81 40 112 138 110 107 69 9 54 95
135 54 1 6 19 15 9 40 32 99 52 65 115 127 67 65 71 50 46 36 35 35 92 120 78 65 46 25 0 98 143 52 25 21 28 58 67 80 85 32 0 78 64 28 65 73 9 0 110 104 69 90 124 122 76 93 131 90 26 73 63 97 63 39 102 73 67 69 14 49 70 35 68 98 93 71 0 28 49 46 24 82 110 106 42 6 47 75 110 28 49 98 102 44 51 106 137 37 51 62
176 50 28 29 42 14 11 28 67 83 76 43 100 65 3 10 52 22 64 76 77 103 129 85 88 102 39 61 12 88 60 20 44 16 16 73 74 37 44 41 8 54 90 104 61 22 61 79 67 71 101 69 69 23 51 95 124 66 87 100 75 61 39 5 66 62 58 16 44 73 88 79 99 57 56 99 44 7 11 25 59 74 80 77 40 114 45 35 53 97 97 68 105 61 55 40 58 35 98 83
145 83 72 7 92 40 25 46 76 72 27 22 84 90 74 98 103 61 56 73 86 149 105 29 34 53 67 77 80 59 51 70 71 29 62 93 142 82 42 116 69 118 189 148 45 39 134 94 15 43 120 89 73 41 140 162 78 56 141 140 81 28 63 69 28 45 0 31 97 123 71 23 35 0 89 110 96 43 23 52 60 80 54 48 5 132 110 2 2 93 117 106 31 24 52 54 58 20 83 42
9 24 118 51 21 41 16 21 3 35 36 30 53 57 33 20 27 43 42 67 32 18 57 56 61 16 20 43 50 40 67 91 53 55 63 108 63 42 0 108 99 100 133 103 73 40 60 114 101 40 22 31 27 41 57 108 116 59 84 73 83 47 68 79 3 58 51 27 5 67 90 37 43 74 96 108 77 20 33 83 88 3 23 64 64 174 201 58 48 113 147 76 24 52 106 90 60 19 67 66
55 77 0 61 50 42 11 62 67 48 21 43 69 40 17 55 84 88 55 38 35 34 90 112 110 82 69 18 16 69 122 81 96 106 57 65 17 83 16 36 78 22 26 16 4 55 144 165 133 70 73 66 19 62 36 31 98 25 0 5 31 73 68 39 5 84 62 34 40 44 49 92 25 38 74 132 1 27 4 177 148 66 52 38 77 125 207 202 136 114 115 64 53 68 45 79 91 32 17 31
62 129 120 25 23 5 26 49 15 5 42 62 0 0 19 10 120 65 41 6 62 82 69 107 115 83 65 15 21 59 108 82 7 55 122 161 97 73 44 82 56 22 19 62 42 84 161 47 92 109 91 13 60 67 41 67 77 20 48 0 87 40 50 15 80 45 28 57 55 22 18 47 73 112 215 195 44 14 54 97 134 97 38 4 59 66 106 168 92 111 0 104 133 75 75 106 85 50 18 61
89 253 189 67 52 81 24 6 49 85 28 11 41 50 30 94 111 50 55 61 112 67 20 98 97 62 37 36 83 83 55 15 88 118 195 195 105 44 50 74 59 53 0 20 55 54 63 22 93 171 167 50 115 162 156 59 22 35 32 59 76 49 3 58 154 100 71 74 78 46 26 37 58 86 239 213 101 67 57 65 10 35 64 69 0 0 29 56 72 65 22 79 73 56 34 55 116 90 19 26
155 173 187 204 113 16 64 21 136 125 32 34 90 111 77 132 133 91 39 49 96 47 10 46 60 61 31 10 8 9 15 42 79 84 118 117 51 58 65 28 0 41 42 25 60 71 22 73 48 185 132 5 69 126 119 85 67 35 35 41 46 93 98 78 104 110 89 63 87 41 9 60 1 78 41 138 71 29 70 88 91 99 106 97 6 39 73 77 74 28 29 61 52 43 117 59 33 55 40 73
70 60 148 229 112 48 0 50 131 209 154 81 47 90 95 142 164 122 37 27 97 117 49 21 69 25 2 63 80 83 48 45 24 14 114 205 126 52 53 51 38 84 130 82 67 125 76 78 15 26 45 43 40 50 63 78 79 48 12 28 24 125 95 37 65 29 54 45 31 8 9 18 65 134 122 47 22 31 55 34 90 123 101 35 15 13 56 118 69 0 34 32 42 42 94 50 7 21 9 14
9 54 162 213 129 47 81 104 105 164 255 255 67 54 77 38 111 66 51 59 132 173 46 29 64 76 60 54 11 90 103 72 108 5 53 138 133 74 84 43 37 57 67 64 82 154 104 30 91 37 40 0 30 97 91 46 10 45 43 35 170 121 53 84 157 135 102 47 88 88 55 54 25 104 177 106 34 84 69 30 27 51 59 31 135 83 61 67 20 75 38 52 63 21 80 30 15 30 46 64
89 71 198 212 77 33 103 98 64 130 203 127 21 14 42 59 155 38 56 71 55 100 18 16 103 151 157 136 74 83 132 50 72 150 108 47 52 41 103 107 149 74 18 32 24 52 45 23 79 70 27 95 85 43 6 36 49 51 102 158 172 150 27 114 206 151 58 35 57 9 92 57 23 81 155 154 84 119 92 19 54 58 93 107 123 121 68 43 73 54 0 34 88 8 103 53 13 18 85 62
148 81 75 4 12 63 17 10 19 37 37 30 47 40 40 94 118 65 44 48 6 75 60 16 75 113 82 139 2 70 10 79 127 162 116 16 18 46 98 129 149 83 26 26 26 76 78 45 8 103 116 76 117 73 110 123 29 50 94 195 164 61 33 110 88 108 86 25 0 55 156 34 82 16 89 138 146 118 81 0 48 101 89 48 62 130 101 29 88 21 50 33 82 92 59 64 56 23 40 30
48 43 58 88 62 38 42 27 33 30 11 23 29 25 40 63 58 17 51 33 26 103 92 42 19 29 42 66 113 52 91 148 119 65 49 23 47 35 14 76 80 41 19 27 23 70 102 101 20 145 236 62 49 51 123 117 54 25 45 78 54 0 67 140 82 97 136 88 68 49 1 85 87 35 91 140 184 82 36 39 97 74 49 89 123 131 70 6 38 28 6 72 122 83 54 4 31 6 28 67
25 75 101 45 24 26 0 67 137 164 117 70 27 33 38 4 13 52 10 91 6 54 32 49 29 67 22 60 57 22 26 68 96 57 50 28 53 58 19 50 49 11 14 35 17 22 55 76 60 87 111 29 80 74 104 251 114 129 79 158 118 88 198 220 72 73 120 106 47 95 68 57 76 26 20 46 88 40 12 57 29 9 62 70 36 55 87 67 13 60 68 95 116 89 83 47 36 33 57 82
14 23 57 28 27 40 26 82 90 136 43 0 22 68 77 89 88 29 38 14 39 59 14 105 95 27 26 12 100 109 47 10 52 63 60 45 33 24 18 43 45 1 6 24 13 5 21 19 7 13 28 62 38 12 106 240 184 118 84 136 147 252 241 241 131 0 37 50 3 108 38 62 67 10 57 99 106 96 85 48 60 108 85 20 155 163 63 58 48 67 50 25 84 112 114 34 36 60 74 29
77 15 34 55 16 0 51 54 47 91 94 131 117 105 99 144 177 132 45 28 48 53 28 89 52 24 76 73 126 83 48 8 0 22 19 43 22 0 0 11 10 0 19 12 0 6 30 12 25 8 42 0 50 155 120 233 219 118 156 167 157 131 231 255 61 70 5 10 39 78 31 113 76 44 89 71 90 72 97 84 39 44 52 48 164 162 79 45 34 0 99 55 53 60 11 38 27 88 128 87
91 59 103 33 77 89 45 46 70 69 116 169 90 73 98 169 99 75 76 33 40 39 36 90 39 46 78 95 142 58 42 1 16 53 26 7 0 32 40 17 10 20 54 29 0 0 23 5 20 42 25 87 48 32 46 47 232 143 244 151 148 255 255 80 57 99 43 7 21 75 12 38 67 82 72 25 81 66 38 45 71 94 31 21 71 72 49 40 51 13 72 148 118 40 22 36 44 90 98 76
78 29 63 37 68 43 60 21 46 50 64 95 56 38 0 29 46 43 0 67 30 71 41 30 34 35 56 50 63 58 0 27 44 50 30 20 0 18 23 35 28 21 56 48 28 7 24 4 15 23 31 93 50 138 147 255 90 133 255 255 0 173 255 246 102 152 34 19 101 229 182 34 81 116 79 31 27 69 43 53 89 140 61 132 135 65 26 29 54 0 67 125 77 72 42 76 31 57 42 57
187 109 21 47 27 1 64 44 58 89 20 37 18 23 14 12 8 67 99 103 34 77 59 8 27 66 57 23 16 11 12 36 15 11 7 22 5 16 15 20 30 17 41 4 26 23 14 47 18 0 35 57 121 181 212 246 248 146 247 255 243 229 252 50 245 255 112 22 41 238 193 61 128 97 95 47 17 43 48 38 14 116 101 48 68 79 91 7 5 19 104 127 134 99 33 54 25 61 40 63
147 131 98 111 75 38 76 63 133 160 40 36 45 15 41 37 56 97 76 49 15 31 19 31 15 42 31 7 9 7 7 29 8 16 22 31 0 0 5 17 14 12 9 36 33 49 15 38 39 54 72 52 85 31 72 168 96 139 185 254 245 255 250 236 241 235 210 110 52 114 44 62 146 63 6 54 24 46 16 33 46 95 124 66 33 123 60 18 52 113 83 180 190 86 0 64 10 36 39 57
65 48 32 50 45 22 38 51 96 137 84 123 107 31 92 39 28 59 77 84 71 33 0 0 10 22 10 0 9 6 6 26 33 21 9 22 7 16 9 5 0 8 0 30 0 27 31 82 99 85 0 79 75 102 87 83 142 254 255 214 237 178 255 254 255 42 61 36 89 47 29 36 40 51 55 37 9 85 137 86 82 104 62 6 59 73 37 66 81 94 74 140 115 43 38 25 5 9 42 48
70 49 49 62 49 9 24 98 61 246 238 191 129 41 80 55 49 16 42 54 38 19 37 23 10 12 5 6 13 7 6 24 19 24 24 28 0 8 23 44 33 29 25 3 2 59 59 68 93 86 0 105 64 171 170 171 134 255 150 7 255 146 239 200 255 216 72 6 41 47 40 91 13 80 52 2 36 70 97 72 67 0 50 23 26 85 99 43 46 80 72 65 61 48 39 10 25 6 51 43
63 30 27 54 78 62 61 126 28 62 105 180 135 67 71 52 28 0 20 29 29 12 25 0 4 5 7 14 16 7 9 24 36 12 0 11 15 39 32 23 0 0 53 61 25 22 12 104 61 46 123 28 186 140 251 248 243 129 12 39 233 252 255 49 63 131 33 7 46 73 57 47 4 45 44 85 27 36 37 29 94 103 22 32 39 34 27 58 169 193 98 102 40 46 25 52 40 12 44 28
142 81 19 10 52 71 64 80 82 108 74 27 10 22 16 35 27 18 8 0 24 12 10 9 2 4 13 20 17 12 17 28 25 23 18 26 0 4 5 12 21 51 69 67 17 31 0 60 44 34 29 38 168 0 255 252 255 230 173 5 248 235 254 250 160 57 56 14 33 29 59 17 41 71 101 99 0 6 73 112 59 37 98 70 53 74 19 77 133 193 131 191 116 37 14 0 59 47 54 39
90 70 29 6 6 21 64 106 86 33 26 12 18 34 40 19 13 17 13 9 31 21 14 18 7 6 12 15 9 11 19 21 39 22 5 15 2 14 7 3 64 230 231 125 31 35 12 4 47 51 35 57 12 171 100 16 239 255 245 156 184 255 242 244 205 120 78 48 89 140 68 66 62 99 105 97 126 45 9 92 53 49 107 50 15 57 122 65 11 96 89 152 130 29 8 16 59 79 65 59
20 29 34 51 34 8 43 82 83 45 55 43 70 27 24 6 11 0 13 29 9 10 26 11 9 4 5 2 0 2 9 4 16 12 5 13 0 15 34 54 111 240 255 249 190 23 3 16 1 0 50 28 110 233 244 253 245 252 255 215 163 181 246 232 183 104 107 84 81 47 3 38 69 34 47 96 80 116 92 104 55 46 13 68 69 54 86 135 62 28 110 240 81 49 31 26 8 55 29 32
92 39 18 27 37 90 85 3 32 25 52 47 12 28 5 31 0 19 24 15 12 8 7 14 14 12 4 0 4 15 10 0 0 7 4 19 15 0 24 31 20 72 37 255 239 107 31 39 74 0 186 145 249 247 252 246 231 253 172 255 240 255 165 47 162 102 83 121 35 11 63 31 145 134 24 11 45 64 139 98 31 28 33 82 54 161 136 86 43 9 143 196 52 59 0 11 51 36 65 38
119 22 111 117 142 85 53 71 42 18 41 23 12 17 1 12 2 15 14 3 2 2 4 13 15 19 18 15 19 22 12 0 12 0 27 7 22 36 29 3 51 93 252 237 251 12 46 61 101 105 73 157 255 232 255 249 205 86 246 244 254 181 141 54 96 112 45 76 29 90 119 64 139 137 29 60 84 75 163 192 122 29 37 46 120 252 247 85 33 9 84 108 72 71 30 0 32 39 52 34
122 146 166 25 178 201 102 62 42 8 32 12 25 20 10 4 3 12 7 0 1 1 2 10 10 16 18 17 20 24 17 4 7 1 19 39 26 34 70 83 73 10 247 250 255 161 42 55 127 147 143 68 233 255 234 246 254 188 217 255 157 42 141 114 76 44 31 86 90 119 45 58 89 111 37 87 100 31 109 150 138 13 40 69 144 144 125 4 40 45 56 61 66 58 71 49 49 84 74 69
113 156 146 34 119 102 41 17 23 0 22 18 28 28 17 10 6 12 7 3 9 7 4 10 19 19 14 8 9 14 15 11 4 17 38 21 108 191 164 99 103 77 159 202 239 229 38 196 255 121 110 144 18 232 255 241 247 206 82 152 158 141 55 42 46 20 24 112 150 83 36 30 97 118 11 58 9 0 42 67 28 17 21 38 47 6 65 112 0 54 57 58 34 67 87 55 4 58 30 31
14 31 121 48 21 70 123 34 8 2 9 21 7 18 10 16 14 15 7 3 10 10 9 17 31 26 16 7 4 6 7 6 0 37 29 98 247 245 198 102 31 29 107 134 240 255 188 148 253 155 155 79 94 233 236 255 136 29 64 66 81 123 116 46 39 19 79 47 53 89 32 11 86 56 43 28 81 23 144 102 39 98 67 34 19 7 38 2 24 49 58 33 16 115 132 51 4 54 20 17
67 80 97 17 129 109 14 0 16 14 6 18 0 4 5 16 19 16 4 0 4 6 11 25 15 12 8 7 9 10 8 5 14 34 52 18 252 245 220 74 19 0 92 114 223 255 238 244 240 255 167 46 96 148 198 200 83 80 39 34 40 55 126 98 38 50 56 82 51 78 85 61 87 85 53 126 88 86 78 46 96 62 63 50 61 84 170 139 75 27 66 59 50 103 123 59 47 67 37 18
41 36 106 160 248 254 152 44 21 14 9 14 3 4 11 10 13 13 6 4 8 5 7 22 4 0 0 7 16 19 15 10 39 10 33 60 82 222 135 226 231 222 209 131 96 255 224 111 255 226 186 118 49 71 35 59 64 120 95 94 25 49 39 42 81 34 83 157 119 51 0 11 40 52 29 61 48 53 30 42 100 9 89 84 56 34 109 191 86 68 143 187 130 109 112 98 127 105 81 38
5 36 51 207 249 255 178 53 12 0 7 10 24 9 19 0 2 9 11 16 19 8 3 14 21 12 6 11 19 22 17 12 29 31 3 54 109 132 254 255 253 249 79 53 109 181 247 144 231 255 133 138 33 78 54 10 67 122 114 33 55 36 43 31 37 36 119 225 251 118 46 33 0 31 38 0 51 53 68 112 94 4 84 66 84 99 30 79 37 99 139 175 66 84 98 109 202 150 129 68
41 71 82 145 254 220 137 71 58 9 4 0 22 11 2 10 8 3 21 21 25 20 0 19 19 15 21 17 7 13 17 0 19 22 22 45 110 168 255 255 244 248 255 141 111 237 251 251 70 225 93 70 119 112 20 78 146 135 97 39 47 0 22 31 49 22 145 193 230 171 38 39 26 43 60 31 35 50 44 111 97 0 96 106 118 100 33 15 67 99 137 86 38 32 21 34 103 95 66 79
73 52 70 66 88 127 114 91 97 61 36 5 11 3 8 6 1 8 17 0 4 14 0 10 3 3 3 0 14 18 17 5 22 41 45 100 135 156 127 247 255 244 233 255 86 245 240 228 232 38 139 166 255 205 44 41 70 93 47 52 67 19 28 47 23 39 79 88 124 133 18 29 127 53 57 49 29 14 21 71 56 75 76 21 15 7 46 6 41 20 20 23 46 76 44 46 24 56 51 62
118 99 60 28 28 23 19 35 61 56 41 12 15 4 12 0 1 4 7 0 15 27 6 0 3 8 11 0 23 19 22 14 38 41 61 64 70 0 55 100 149 255 250 251 248 182 169 73 77 35 46 56 76 121 59 22 8 21 46 99 93 45 68 7 25 46 82 67 0 51 69 86 93 65 89 77 16 68 58 7 50 44 90 118 152 74 29 52 20 92 81 69 108 105 23 82 179 121 31 33
117 142 53 22 68 49 85 46 77 65 35 2 4 0 18 4 5 9 10 9 13 9 0 6 0 0 16 3 15 13 31 15 0 40 7 66 42 10 34 46 255 236 248 255 255 68 67 140 70 6 13 44 33 74 86 23 17 1 48 52 81 52 103 23 21 78 83 71 70 55 35 54 84 51 58 90 9 78 89 88 50 91 65 85 137 101 96 35 17 75 71 89 101 78 27 155 238 231 125 49
71 22 2 60 106 27 104 99 67 42 23 10 20 4 13 8 12 37 37 17 0 0 8 27 23 0 14 13 5 16 37 0 12 18 43 11 76 219 238 73 201 255 253 254 217 83 95 84 48 71 13 85 148 196 154 29 36 41 28 0 71 35 32 30 24 68 59 36 112 50 34 38 66 46 53 72 32 46 58 83 34 20 24 71 89 56 90 99 49 79 126 112 19 61 101 161 148 140 81 81
0 50 85 13 42 41 75 74 60 24 34 34 50 26 4 4 0 25 18 8 10 14 16 1 33 0 8 29 28 69 88 48 31 52 22 35 166 202 232 205 233 157 247 170 87 18 54 40 106 69 77 66 124 95 49 3 74 93 44 54 97 78 51 79 85 94 78 11 33 5 77 96 92 109 101 7 32 40 75 58 27 0 49 29 27 102 154 202 145 108 86 57 36 119 105 63 62 106 71 35
26 143 139 16 30 61 69 133 150 84 80 41 43 34 7 28 8 9 0 13 32 15 6 0 18 20 10 34 38 90 104 111 156 107 69 65 191 95 141 0 255 157 78 31 66 14 11 31 57 139 0 61 80 67 21 36 43 83 11 44 44 56 96 88 105 135 80 40 57 42 40 74 85 96 107 65 100 52 70 79 60 69 38 45 41 71 147 130 140 97 49 49 102 110 72 132 183 136 72 86
18 143 123 54 20 52 68 86 167 98 101 44 42 45 12 39 89 59 31 65 58 2 19 64 51 88 44 28 0 19 11 61 87 90 83 129 102 125 122 65 76 51 100 26 53 8 72 148 66 48 0 45 37 98 87 55 13 132 35 23 39 13 62 11 44 42 49 122 63 85 61 47 47 43 37 60 59 24 49 120 155 112 67 60 52 48 58 71 57 97 96 60 100 103 40 50 58 52 52 107
51 43 22 40 21 14 47 16 25 75 113 23 37 96 50 89 156 74 51 106 114 32 51 111 55 108 49 24 83 54 4 32 11 62 150 114 62 27 91 122 78 147 166 81 26 38 8 83 105 139 136 25 24 61 80 124 101 120 80 43 64 25 61 28 43 38 121 165 115 43 64 40 5 22 75 89 55 68 80 57 88 82 74 50 50 41 52 6 60 15 5 16 100 55 26 47 43 61 44 16
6 86 127 27 39 31 66 78 58 44 62 15 0 64 60 92 87 13 51 112 94 64 78 90 5 62 15 20 84 74 54 51 30 84 130 119 35 91 108 107 46 73 92 83 41 6 55 119 119 164 161 64 43 41 21 61 42 86 65 38 75 39 155 110 85 46 48 77 86 86 92 40 36 32 17 66 124 114 58 52 65 27 38 65 49 0 73 30 124 35 58 38 79 81 47 32 90 107 87 53
54 38 69 31 59 108 80 77 44 0 15 35 43 41 14 19 42 41 79 10 47 0 85 82 52 33 64 34 32 36 10 93 136 144 57 165 118 15 99 29 61 101 93 39 38 17 30 15 6 88 131 72 33 56 33 31 0 30 35 32 50 35 146 140 104 93 45 31 24 47 50 23 67 59 184 46 124 153 78 15 101 41 30 80 51 51 19 61 52 51 87 39 41 43 79 134 78 83 60 31
28 0 35 53 114 197 97 6 30 15 12 5 82 75 56 44 66 68 65 11 111 18 94 47 17 0 83 43 21 62 32 90 158 177 104 128 130 46 107 20 96 62 29 31 115 74 0 65 139 163 142 115 87 62 37 113 105 40 23 75 82 66 59 144 236 191 57 15 13 48 35 34 42 68 227 117 85 128 20 60 84 22 27 94 60 113 40 17 43 102 113 64 35 64 160 126 88 65 36 26
20 0 27 30 114 84 67 87 89 55 38 55 61 7 12 74 74 25 32 66 56 0 12 16 41 43 58 68 25 4 42 58 82 155 134 59 60 87 83 48 122 146 77 21 77 100 12 13 78 147 78 20 76 116 74 115 101 23 0 94 145 103 23 105 255 211 59 40 55 72 30 47 54 15 98 144 41 65 22 7 40 119 62 53 128 94 72 0 10 76 109 134 119 59 94 116 107 55 21 29
0 26 46 19 41 62 85 47 75 67 114 185 79 34 50 132 152 51 22 9 32 31 1 38 58 39 21 26 28 46 79 70 49 69 113 36 78 69 28 29 88 102 46 74 63 30 17 12 67 51 27 46 96 135 105 64 62 108 80 76 134 117 119 105 135 137 48 61 78 65 10 38 19 14 89 93 12 41 34 20 128 182 126 50 47 57 108 51 180 91 110 136 105 51 39 96 82 24 0 17
79 26 19 39 8 63 92 47 60 135 188 131 33 91 107 78 73 61 51 21 71 40 24 73 51 39 29 0 45 137 75 0 36 5 119 57 116 97 43 36 49 44 17 78 85 36 53 58 59 18 15 16 30 83 89 0 91 167 129 37 39 72 145 91 82 94 18 40 104 119 56 45 29 31 0 18 96 163 11 59 53 106 124 103 78 82 26 28 97 44 173 153 4 37 78 28 61 21 11 27
31 24 71 36 34 34 57 32 93 147 175 49 65 122 131 78 30 37 11 120 101 20 18 20 49 38 18 37 54 29 19 32 15 43 37 141 110 23 90 61 76 87 56 21 98 126 108 96 64 52 27 33 83 42 16 19 66 65 77 78 57 82 93 57 47 86 36 61 150 181 106 55 42 0 11 23 94 119 93 0 85 35 45 64 51 19 47 29 67 108 132 92 36 21 30 63 38 18 18 21
48 131 125 63 41 84 29 69 162 134 89 34 125 155 80 55 15 46 32 73 6 61 24 8 53 32 16 23 36 49 4 21 73 60 66 176 120 100 155 86 96 52 111 81 69 100 82 58 53 82 25 38 42 16 54 31 73 91 71 72 84 99 41 9 35 50 27 78 133 153 112 93 89 46 21 42 12 142 95 1 61 105 55 0 64 0 72 65 56 33 74 42 24 1 60 84 9 23 27 27
41 147 132 94 55 25 46 96 103 137 29 29 45 34 10 28 54 29 24 61 11 33 32 28 85 42 36 43 22 30 35 41 88 58 46 61 35 121 128 49 44 20 86 90 34 0 21 19 41 53 1 39 23 85 57 45 92 106 48 38 41 22 35 53 27 87 69 6 46 173 152 84 71 25 56 54 56 44 73 24 76 20 53 27 21 59 74 29 81 49 57 52 30 55 108 124 4 17 23 24
29 57 72 55 81 71 34 58 32 118 179 68 18 70 83 100 49 69 117 104 37 25 52 39 50 27 37 45 21 11 54 59 33 0 26 80 94 137 93 50 20 43 18 12 50 24 17 1 32 37 19 42 44 100 22 78 171 147 64 57 106 78 35 17 82 55 56 27 27 82 56 56 69 49 29 75 109 102 89 0 21 37 6 8 101 134 75 52 0 55 78 93 71 107 87 61 35 32 25 16
45 29 36 15 46 82 49 90 134 45 203 135 8 0 38 146 143 100 114 144 131 60 27 21 101 78 46 24 24 19 73 69 26 10 24 71 130 120 80 18 20 94 76 37 74 56 45 45 3 12 61 69 157 95 11 96 255 238 137 47 38 39 14 63 73 14 37 56 33 40 78 157 175 137 54 55 51 94 52 20 63 84 66 54 103 106 112 70 49 60 113 200 142 97 52 25 26 16 14 13
25 39 18 68 61 51 44 62 61 56 147 205 90 73 78 60 89 96 107 156 178 121 46 38 88 62 53 39 26 31 71 11 45 21 34 12 74 48 104 148 91 35 38 22 51 83 71 31 56 28 66 49 157 51 26 46 135 198 149 101 43 13 13 94 109 32 43 94 58 22 119 241 189 75 63 19 60 49 26 90 118 41 35 14 34 86 74 0 0 25 118 168 97 103 139 71 4 0 24 54
99 59 33 93 89 104 86 121 96 106 61 91 73 22 46 48 3 51 34 45 97 131 56 0 42 42 111 118 44 45 83 10 43 3 61 10 64 28 82 194 94 74 128 70 51 79 73 91 104 85 73 44 74 40 72 0 35 84 42 102 118 63 56 78 53 63 85 86 71 66 91 57 83 64 0 78 169 33 117 80 32 69 46 44 34 47 31 34 36 31 19 43 75 62 94 95 42 22 42 76
54 15 51 70 68 109 70 97 173 150 81 25 76 35 56 123 82 73 43 29 22 43 54 70 71 76 103 82 16 27 56 66 76 48 58 5 75 71 53 60 39 98 179 112 85 56 13 72 45 111 69 68 92 146 151 25 33 19 26 71 136 78 25 11 70 23 27 27 42 48 76 86 62 30 37 34 76 27 25 36 12 42 47 71 36 22 30 0 16 89 49 4 30 26 95 169 70 26 22 40
38 26 5 0 18 64 76 20 118 108 36 36 60 46 9 51 100 51 29 21 27 63 80 41 114 115 57 27 61 86 60 136 94 58 3 23 81 61 110 157 46 26 91 91 84 48 30 95 19 121 12 9 109 217 181 67 91 4 65 15 105 99 10 11 29 36 116 103 88 70 65 90 99 63 35 26 89 41 83 68 34 0 85 37 33 39 23 36 59 25 12 71 73 47 76 61 61 10 3 22
62 42 37 27 68 84 87 53 74 90 61 37 0 44 94 106 108 37 48 15 26 74 84 44 63 121 44 6 65 8 13 43 53 43 37 34 108 80 109 50 66 55 22 34 40 34 77 109 72 100 69 48 162 144 3 21 58 7 77 52 95 78 17 12 47 84 177 249 203 123 79 30 136 120 77 44 196 124 27 9 19 48 69 70 76 34 38 28 46 30 18 30 63 98 75 0 40 73 0 57
89 113 67 36 111 83 21 20 52 88 70 40 41 58 122 124 120 115 128 104 19 33 71 114 106 72 58 24 28 25 40 110 99 28 47 74 135 33 92 93 131 59 6 19 31 31 45 46 63 37 71 84 219 195 38 12 29 19 59 67 95 104 20 0 0 91 134 149 128 81 77 74 156 68 63 32 28 88 134 134 65 23 29 59 85 101 67 66 68 107 76 95 63 11 57 39 43 49 82 95
128 168 90 26 103 89 29 43 0 43 45 61 58 39 79 100 93 118 128 143 94 79 76 75 36 0 28 67 63 113 74 114 92 89 98 35 124 66 117 78 70 24 30 45 23 3 7 26 13 33 27 78 65 84 6 27 48 36 18 10 21 37 28 58 6 89 98 24 17 59 49 27 63 61 35 55 89 41 122 168 63 14 38 100 84 45 41 66 84 101 47 101 105 27 45 30 28 44 86 71
139 158 98 23 38 58 45 34 92 45 10 81 57 47 17 36 122 144 122 98 107 91 122 93 64 31 31 31 118 144 95 35 42 91 89 7 83 23 45 43 21 14 55 75 70 50 27 56 34 77 31 51 45 0 41 23 6 63 64 11 30 51 115 132 66 38 86 44 0 7 4 53 80 92 98 97 25 68 7 8 28 25 49 143 138 58 71 0 81 84 56 83 112 73 56 72 0 55 18 31
69 90 86 62 42 40 32 27 81 16 41 105 54 46 10 28 79 96 61 57 103 120 192 193 75 109 127 97 41 90 68 65 70 49 35 54 130 106 76 43 8 23 41 40 56 42 13 57 96 115 48 56 80 3 50 37 57 75 47 27 29 12 75 104 74 37 29 21 31 55 40 20 68 66 100 90 78 88 105 74 35 63 48 85 55 70 130 57 97 99 50 26 65 79 71 88 34 61 26 35
31 73 92 126 125 67 27 78 109 13 35 65 121 146 119 49 8 23 10 96 138 150 167 173 111 71 133 125 33 127 94 89 30 22 67 115 74 89 94 54 31 45 43 42 57 32 6 43 70 60 23 44 54 26 22 90 69 57 12 78 80 83 84 79 72 79 0 55 85 0 16 41 59 139 27 94 103 7 29 85 90 52 32 80 41 91 56 8 28 102 70 15 3 15 67 103 54 15 89 78
62 105 106 144 150 77 19 90 136 85 43 5 69 84 124 75 41 46 49 121 118 92 85 96 67 0 90 17 16 35 91 70 84 33 48 105 39 30 25 28 33 18 27 77 84 40 13 5 28 0 29 31 96 72 57 79 78 96 45 57 55 134 125 38 90 115 23 55 96 33 34 21 44 59 75 26 96 55 57 109 114 52 62 80 29 21 10 30 30 64 50 15 39 72 64 60 49 0 74 50
46 82 80 109 109 68 22 66 120 145 62 32 58 31 79 66 28 5 19 57 99 85 97 80 26 43 57 62 41 81 111 108 73 50 15 29 13 15 0 40 19 24 89 165 107 29 50 59 40 56 46 64 37 59 32 16 35 39 71 123 130 128 110 29 67 35 32 73 72 26 26 61 55 28 70 40 125 92 34 78 62 17 31 14 45 14 69 34 51 29 63 18 52 105 26 32 20 18 1 0
32 48 19 56 75 42 56 69 122 142 59 77 65 12 72 71 24 30 23 53 47 72 68 72 21 22 73 62 28 35 125 41 106 83 66 4 0 29 15 46 38 72 148 161 73 1 134 147 114 109 69 57 29 27 21 33 35 46 67 100 85 79 34 6 124 146 79 84 25 12 73 48 48 7 20 127 239 113 34 47 38 42 31 62 30 39 109 36 29 44 53 115 64 78 41 40 1 33 49 44
57 97 92 15 48 65 52 150 169 84 62 102 13 40 68 119 62 24 7 65 54 47 53 50 66 49 49 49 50 110 127 96 104 65 0 46 46 48 41 8 26 58 132 90 19 8 133 181 136 117 67 70 93 50 41 79 103 53 30 58 101 52 3 53 138 171 62 25 45 68 46 62 14 28 22 129 255 156 46 76 37 53 122 134 51 32 110 77 44 31 7 48 43 91 64 38 28 64 72 63
78 63 123 59 66 100 98 144 146 45 14 36 33 100 158 120 13 41 70 99 169 74 112 146 96 81 65 96 72 132 114 100 27 36 66 86 46 43 35 11 10 72 130 99 52 72 175 127 127 92 89 102 87 36 113 180 129 55 123 187 194 87 13 42 62 46 18 31 67 104 60 94 25 60 67 111 125 63 31 73 48 64 168 162 50 18 86 88 28 33 9 5 22 98 96 53 55 105 109 87
31 50 67 16 65 122 149 84 27 32 51 89 90 31 90 118 73 37 9 123 62 10 20 26 77 42 67 161 158 168 114 14 30 50 121 85 83 61 71 64 44 60 124 48 12 28 65 151 40 52 42 21 26 57 135 151 59 0 94 147 131 76 23 40 52 53 56 43 84 79 40 102 72 109 121 105 69 32 30 21 11 25 70 80 24 28 65 69 0 12 38 54 61 67 62 49 42 105 110 75
21 45 96 63 22 47 151 84 43 37 48 112 120 90 35 64 27 104 29 28 0 95 122 64 55 13 78 96 117 113 108 100 93 96 57 32 61 17 98 146 98 147 95 56 122 95 36 31 51 175 127 28 52 111 99 108 40 8 27 35 49 65 16 61 136 117 116 37 29 32 62 47 88 145 131 56 64 43 58 53 60 84 26 41 45 63 41 23 73 54 93 160 164 77 22 25 36 85 89 58
67 177 226 161 155 93 29 16 62 32 43 95 102 85 80 20 28 124 66 0 68 41 50 62 77 30 74 17 98 78 0 61 46 81 63 40 30 16 14 92 131 177 222 133 93 97 52 70 144 146 77 36 85 127 39 32 54 40 79 103 83 92 36 35 110 143 87 10 87 49 33 56 140 137 106 9 0 0 60 53 15 64 0 3 53 74 37 32 90 71 71 109 146 113 48 8 42 57 64 64
118 167 161 71 109 170 131 106 98 0 24 91 94 14 65 0 43 53 57 69 81 83 77 22 7 33 45 16 80 63 9 124 91 74 75 14 0 59 1 75 79 125 163 146 62 19 57 83 96 12 43 59 55 59 22 69 51 25 80 105 67 78 67 22 108 102 92 85 105 67 44 59 83 31 39 38 22 43 116 86 30 68 36 8 49 48 36 70 55 99 84 54 83 137 111 56 34 27 55 93
68 91 100 81 44 6 45 170 148 28 57 50 12 54 73 87 80 28 80 79 71 17 55 21 35 104 58 113 118 63 16 52 74 52 76 65 54 46 29 72 62 148 94 24 107 167 96 47 58 18 104 79 68 56 20 82 118 83 58 23 49 74 84 51 114 110 119 100 51 56 43 67 65 65 84 105 58 20 56 91 42 52 73 5 34 24 50 125 69 156 153 86 41 63 50 32 40 31 82 144
67 96 71 18 63 48 126 62 61 39 40 58 32 44 58 106 118 57 18 14 69 51 39 31 70 39 31 73 96 55 25 46 59 14 56 53 30 61 22 56 76 124 57 146 242 192 71 68 111 33 18 133 74 25 15 58 34 11 28 5 7 41 59 57 50 69 39 78 79 35 0 86 93 33 67 159 116 49 63 39 3 64 48 30 71 145 133 156 111 142 148 153 82 32 21 18 23 34 37 152
63 80 93 31 28 12 79 94 152 103 96 106 60 51 51 81 47 0 36 85 1 30 81 48 57 122 84 38 53 9 0 97 106 55 33 51 36 30 15 46 78 32 35 88 239 117 77 91 93 157 147 85 109 59 40 31 39 10 2 9 0 71 74 58 61 45 34 98 82 49 23 83 131 107 105 122 80 67 100 62 41 60 29 16 75 116 78 81 78 45 55 116 87 34 17 55 113 97 69 104
32 0 17 4 27 50 65 116 128 58 71 112 80 80 98 124 103 94 11 0 59 68 32 60 131 218 143 32 37 9 0 68 71 68 29 82 67 24 75 149 191 63 6 29 159 139 81 32 51 136 127 41 155 102 65 31 32 0 1 78 30 97 71 54 104 40 39 119 71 31 9 33 57 87 89 85 65 75 99 48 65 77 63 35 75 61 25 41 52 63 113 120 47 15 19 92 93 72 60 40
121 79 99 86 48 39 18 91 143 44 53 84 29 3 19 34 44 45 108 57 83 20 47 9 83 127 79 2 13 43 33 24 40 84 58 119 94 28 106 216 110 73 63 86 83 169 118 76 120 114 88 84 166 95 30 0 81 38 72 208 126 138 106 109 102 21 25 117 67 27 8 29 20 68 86 110 105 72 50 2 70 99 111 60 77 28 11 45 84 114 158 97 15 26 5 36 36 21 53 23
