8 1 55 88 61 112 88 39 23 9 79 112 70 69 29 52 76 66 60 111 167 128 153 68 5 8 0 8 63 54 38 122 118 14 0 66 44 42 99 46 51 19 71 25 33 27 125 66 0 42 40 70 85 47 88 48 44 137 113 55 20 83 87 3 20 7 55 43 27 20 37 61 107 121 44 68 20 29 12 14 11 48 37 38 39 81 71 21 35 62 126 106 85 52 29 42 76 76 58 29
42 39 55 77 44 34 52 66 64 42 53 72 56 11 70 100 123 151 112 53 55 31 86 62 0 46 33 76 30 89 37 82 67 20 35 64 56 27 94 120 132 83 90 44 73 93 140 87 7 26 40 114 49 58 87 98 30 85 93 200 139 8 20 85 136 67 54 53 36 18 74 109 141 112 45 23 94 72 70 79 29 4 105 148 49 89 104 61 9 59 61 83 115 36 26 63 76 49 34 44
26 23 31 79 81 6 24 56 8 1 35 29 76 102 70 9 58 135 97 7 55 74 98 96 26 40 52 102 45 69 33 47 28 51 110 142 161 68 64 99 53 26 28 45 85 81 61 45 50 20 23 22 48 63 58 10 16 40 159 224 103 44 45 130 164 127 110 81 78 55 95 183 112 29 37 11 95 82 103 66 44 43 196 221 72 100 86 75 66 81 86 74 51 20 41 3 54 34 33 58
5 24 47 61 126 131 143 96 56 13 31 58 52 77 72 137 72 18 43 62 84 104 131 100 65 59 89 99 57 24 51 95 63 71 63 101 139 70 68 102 0 52 59 119 140 101 54 57 83 112 57 41 76 98 40 21 88 171 186 140 55 24 37 158 121 117 130 47 26 33 53 136 92 19 50 21 49 99 119 67 27 40 139 116 0 79 67 20 0 33 56 10 50 75 53 55 46 64 73 65
74 17 32 19 79 113 142 117 97 76 26 55 15 0 50 83 15 61 98 87 112 100 69 72 50 53 47 49 52 29 35 65 63 73 27 74 60 17 46 77 56 140 101 146 155 109 79 76 96 104 34 45 104 77 26 7 113 140 183 130 85 94 66 138 56 83 100 48 35 57 99 112 108 82 63 3 44 144 130 97 19 31 43 114 139 111 29 68 61 46 55 54 105 85 32 44 58 80 76 38
81 6 26 0 9 4 29 42 66 50 107 170 142 43 37 21 3 47 55 42 101 129 59 0 41 40 54 78 142 56 27 32 41 98 110 155 65 17 51 90 99 99 29 86 112 41 31 59 34 42 45 40 73 37 63 29 13 75 112 140 43 0 87 9 120 202 127 86 109 72 122 133 89 67 70 33 77 171 130 44 48 33 0 75 125 61 33 112 87 31 5 47 82 53 46 0 93 84 63 38
4 46 78 29 38 47 49 9 74 13 38 26 39 86 106 63 7 56 21 9 60 44 23 79 28 40 74 110 135 22 8 38 63 100 137 129 45 43 96 178 115 46 13 58 91 13 9 73 62 57 2 52 42 120 65 29 65 75 48 38 96 37 50 41 81 129 52 7 43 35 83 90 41 30 74 99 92 146 94 0 31 12 46 55 24 75 133 34 37 68 13 1 90 95 70 29 39 25 20 29
12 58 63 75 112 70 55 41 36 49 103 197 106 41 81 75 48 83 58 34 54 107 127 93 93 98 26 88 57 76 33 42 48 49 105 63 23 42 51 127 98 44 61 31 45 5 6 62 210 174 100 106 91 112 11 38 73 162 176 58 90 25 12 33 87 20 83 75 52 115 116 0 1 45 53 99 62 86 20 24 58 30 10 25 115 143 149 121 12 37 70 34 77 127 95 38 0 8 35 65
79 76 52 100 79 29 31 43 131 102 28 84 120 50 53 57 60 34 66 98 38 80 181 145 83 129 68 56 15 28 29 12 36 24 56 88 106 143 54 0 21 8 53 32 22 7 6 41 122 95 42 131 140 2 36 67 121 214 233 91 29 74 61 25 24 77 89 75 68 127 111 41 92 88 50 36 58 54 92 83 23 35 44 14 80 165 122 60 26 40 5 57 86 63 30 40 12 19 2 7
117 89 15 14 19 47 56 148 163 101 118 175 147 96 46 10 73 50 47 105 80 11 64 151 130 99 143 21 16 34 36 62 80 118 55 32 120 160 90 10 31 68 78 115 106 85 92 23 49 47 104 190 164 54 0 31 85 70 31 28 34 87 149 94 95 97 67 23 111 83 40 140 163 81 29 37 47 34 105 153 29 27 43 56 75 73 50 58 102 50 34 83 79 96 80 24 69 50 0 61
45 17 0 33 56 138 58 87 138 102 69 57 43 94 76 53 62 70 18 26 67 41 66 122 129 113 57 21 27 0 10 29 56 144 185 154 166 167 60 51 25 14 66 131 147 99 76 18 5 30 69 139 86 22 30 60 64 73 30 97 170 170 141 60 31 91 76 25 79 74 41 89 87 62 48 21 29 54 88 60 81 55 14 14 8 0 26 72 62 55 6 0 44 63 18 25 19 54 71 64
59 18 29 72 30 149 103 97 93 73 2 30 67 161 164 104 110 92 52 52 68 60 125 168 97 43 34 8 53 16 68 41 40 99 131 71 14 105 55 0 68 20 56 84 133 76 95 100 80 95 79 72 73 112 119 19 58 107 65 41 100 142 76 22 80 134 58 98 69 96 92 82 36 41 62 53 44 16 38 66 92 77 25 58 66 42 40 35 13 47 84 57 22 22 17 49 69 65 22 48
25 20 57 117 30 99 124 169 143 49 18 72 39 105 139 108 66 85 69 41 62 91 149 119 67 31 50 31 0 0 75 21 12 23 3 39 53 115 165 31 137 146 48 17 47 30 115 111 65 0 16 14 66 114 122 106 97 133 94 33 34 124 117 75 135 186 45 90 96 152 123 138 123 53 0 20 76 37 44 99 142 110 27 61 60 32 29 25 54 42 38 14 36 50 11 0 21 37 24 76
50 27 14 87 75 80 95 160 119 29 66 91 67 114 58 45 56 83 61 52 114 93 94 69 6 33 2 60 37 13 27 58 43 66 124 115 90 13 113 144 141 151 49 16 9 43 73 89 57 67 126 50 41 51 82 25 54 111 53 50 77 117 109 104 104 153 91 32 47 120 83 95 78 88 57 66 99 49 53 66 18 49 10 43 40 48 49 36 80 59 62 32 34 64 66 20 49 68 50 4
129 63 29 79 132 114 71 55 40 0 29 28 78 148 62 42 65 172 136 14 36 42 55 7 79 54 74 73 151 79 15 72 64 59 124 64 101 110 82 85 59 13 35 47 32 36 20 64 70 67 50 30 52 59 144 96 13 72 7 4 65 106 77 148 125 74 100 61 23 13 21 46 63 70 68 141 171 93 76 16 11 62 36 47 31 57 44 21 38 120 99 38 88 100 86 71 72 63 12 69
147 67 62 56 96 121 118 59 10 13 95 92 40 58 91 107 179 219 147 13 17 33 84 50 80 88 49 111 124 98 128 40 30 19 26 17 31 101 75 74 83 28 93 120 99 1 45 38 52 14 19 15 41 67 93 81 19 59 83 49 58 132 67 129 77 8 55 113 88 18 33 32 74 57 40 113 138 105 138 42 36 40 10 59 62 77 54 58 39 129 145 49 1 44 145 131 77 82 46 26
115 57 50 0 63 141 140 43 17 55 98 136 43 54 79 61 115 205 162 56 50 61 100 73 74 11 47 28 20 39 122 88 68 64 16 14 84 148 22 9 111 121 79 105 106 44 45 32 31 27 40 52 64 68 64 76 43 131 146 61 59 29 19 88 33 31 33 146 137 60 55 50 79 67 70 39 48 124 117 61 2 11 43 51 120 113 91 137 57 48 44 40 88 118 140 133 79 54 17 2
55 17 62 92 124 180 130 58 97 63 23 97 43 9 20 0 37 61 88 51 43 51 101 62 21 22 32 57 54 45 99 137 191 81 0 63 169 73 64 76 54 172 39 9 49 128 18 44 34 20 28 93 95 42 16 58 53 154 94 102 121 69 59 83 9 26 52 151 148 102 79 40 9 46 98 78 45 64 79 90 18 41 14 69 52 37 68 148 116 73 48 16 31 76 122 103 48 39 21 18
131 41 72 98 99 143 100 62 118 115 40 87 51 31 83 80 57 30 43 30 47 35 58 81 43 81 43 45 19 55 89 127 92 2 23 60 108 40 86 64 95 118 66 30 45 87 17 77 100 75 29 81 86 26 8 51 1 51 60 89 22 58 76 29 38 28 44 105 73 39 27 11 26 28 28 12 38 63 45 23 38 52 0 73 18 52 47 75 108 35 102 130 51 31 100 77 37 84 102 83
152 48 101 86 65 81 97 103 176 171 71 81 76 78 118 115 61 36 63 72 56 26 12 84 24 66 87 98 34 76 75 81 116 21 16 22 28 23 26 19 96 126 107 35 130 131 53 68 117 110 62 85 107 55 62 76 24 84 65 48 0 38 65 72 67 6 55 174 120 12 0 64 27 62 84 52 28 6 65 159 129 71 30 72 44 114 64 59 45 73 123 110 64 11 34 64 29 75 93 77
138 17 57 70 52 56 65 75 176 123 40 67 83 47 39 69 63 24 75 108 20 18 2 51 48 32 76 89 22 23 39 141 199 168 85 71 58 53 56 72 96 146 102 55 91 170 143 114 107 137 123 75 49 0 36 28 93 102 4 31 48 22 92 88 73 95 119 124 60 42 41 38 79 131 117 33 25 27 64 89 91 18 27 58 57 59 34 38 85 76 92 100 105 72 96 140 110 106 97 98
149 50 51 109 58 52 21 25 90 51 13 64 98 48 14 38 73 36 42 81 58 86 28 39 55 32 26 11 0 1 24 163 154 84 53 37 65 155 138 52 49 97 39 25 27 64 74 100 55 149 194 92 13 22 107 62 67 87 101 93 45 0 81 89 16 48 53 71 40 32 38 36 15 86 81 0 17 32 59 35 24 38 54 58 83 53 81 48 28 181 141 18 121 216 202 172 153 166 138 86
32 43 80 130 51 34 11 1 57 75 50 90 129 90 55 17 29 29 23 62 140 159 69 48 0 55 51 47 50 81 70 72 95 21 51 53 43 127 143 135 87 54 63 66 43 40 71 22 47 106 171 114 5 50 99 19 59 76 94 35 55 41 23 30 62 84 26 20 4 13 64 94 73 76 73 48 48 0 49 102 53 116 80 12 43 82 113 67 42 124 119 31 64 132 143 91 116 145 116 41
26 66 95 105 97 114 109 29 26 123 127 147 124 53 74 55 34 22 43 52 102 112 86 47 68 146 118 103 43 103 134 48 25 106 38 61 66 74 98 158 124 96 57 51 55 4 21 119 106 25 48 97 2 48 74 34 47 27 40 43 22 29 116 101 55 60 2 49 44 10 81 170 129 107 58 5 38 44 117 130 101 152 107 8 15 87 52 42 41 38 74 96 98 48 27 16 56 37 19 27
18 58 13 6 33 147 193 80 36 133 209 160 174 93 80 45 40 41 68 81 42 87 75 12 84 190 152 110 7 101 132 29 105 109 75 27 40 29 30 17 42 34 22 4 0 20 17 121 63 52 147 79 29 55 88 57 10 46 33 79 43 2 51 43 121 113 61 18 6 5 189 132 125 66 0 49 25 75 154 50 75 83 46 75 61 15 41 32 27 22 83 87 67 0 73 52 52 96 115 90
97 130 73 62 51 92 105 84 31 79 89 110 143 191 152 117 83 13 22 0 97 181 188 117 46 56 67 17 29 22 42 7 59 129 85 110 59 64 81 47 78 66 111 85 46 61 18 73 73 87 192 140 46 4 65 110 10 38 78 61 51 43 14 107 215 156 69 73 95 50 119 97 41 12 36 10 45 88 84 0 5 111 190 144 48 40 85 29 78 0 73 140 33 34 20 22 68 111 152 77
107 143 73 18 0 28 59 137 72 40 27 58 121 134 108 157 101 84 110 96 181 121 141 95 37 27 77 75 86 115 67 27 92 175 121 87 79 102 110 34 153 178 112 107 61 19 44 15 38 74 138 105 68 48 89 89 25 104 22 61 40 7 45 80 117 121 44 0 18 24 65 112 36 0 40 7 33 9 19 84 65 103 146 113 85 45 70 95 119 168 59 72 69 13 77 55 15 39 104 49
53 68 47 18 26 44 54 135 88 51 71 27 29 47 48 57 85 80 175 168 163 98 40 56 29 18 90 139 70 145 92 21 103 141 94 16 60 108 73 35 138 152 95 68 33 13 50 48 16 48 55 48 91 107 112 50 103 101 131 46 70 17 84 50 14 62 82 61 77 60 61 134 16 51 33 20 41 55 75 83 93 121 106 46 58 14 41 74 153 150 130 23 61 54 46 7 43 36 71 102
66 5 18 37 66 36 24 80 58 38 95 83 18 95 108 70 26 83 134 162 129 111 136 118 36 49 107 75 60 155 186 63 41 48 28 40 32 95 73 89 42 79 59 85 98 72 100 85 11 28 23 53 95 82 105 106 82 98 209 96 37 79 65 91 46 51 78 61 121 125 68 20 49 71 38 42 40 54 83 45 75 117 108 67 72 44 76 9 77 108 23 39 74 46 24 0 60 61 24 111
47 23 83 116 112 59 22 26 43 2 0 4 83 139 89 30 17 12 90 72 47 74 104 147 80 69 49 13 84 147 189 100 28 3 14 53 30 56 115 69 0 40 71 125 60 7 99 30 30 40 23 40 56 36 71 111 72 65 83 23 75 96 101 60 0 21 45 0 20 98 189 197 180 157 135 33 0 38 71 12 92 120 57 44 98 65 66 5 41 38 0 28 6 25 42 73 7 72 6 88
1 58 137 203 188 149 55 3 32 83 58 0 43 69 52 30 97 57 30 39 47 33 66 104 115 55 27 74 98 78 112 150 80 11 34 49 81 36 83 30 99 130 90 41 141 120 11 19 60 87 67 34 22 30 56 76 63 44 56 64 34 59 80 108 76 20 0 23 26 38 157 240 255 145 126 105 63 71 49 40 67 144 64 0 48 37 12 0 7 51 47 0 15 15 0 64 15 122 68 105
61 51 11 86 107 134 62 47 95 58 10 52 8 79 89 66 113 110 83 74 61 49 0 30 3 34 111 91 31 43 155 207 133 36 52 120 174 79 15 90 93 106 124 103 110 105 91 25 36 99 118 76 39 57 102 148 108 19 72 109 70 11 96 78 93 81 51 121 61 0 82 174 96 72 72 118 56 105 79 81 42 90 79 62 81 73 24 1 22 18 51 65 32 46 19 11 15 110 58 48
29 60 182 143 27 25 54 97 143 122 12 31 0 75 46 53 47 168 165 92 33 58 9 17 19 77 81 29 26 15 78 137 91 41 74 99 140 105 60 49 26 9 72 95 75 41 5 68 117 140 93 52 65 116 104 89 53 26 94 80 54 68 35 47 108 60 23 180 187 0 59 7 47 15 26 145 151 98 86 79 50 65 50 91 134 107 57 9 24 27 69 98 76 132 94 59 40 43 55 87
30 41 163 186 86 34 76 179 218 194 133 40 10 27 26 22 48 115 134 29 36 39 51 46 34 45 14 42 94 76 78 115 112 73 41 27 106 102 70 0 74 100 14 83 62 86 79 113 139 100 101 94 71 109 72 22 23 74 47 3 62 68 74 77 0 17 41 70 100 44 122 82 89 79 82 139 161 76 15 6 39 39 0 17 73 86 46 23 36 41 104 79 100 143 113 105 77 39 96 156
74 41 72 81 22 0 50 171 254 195 137 45 25 46 92 10 44 84 96 42 77 136 149 126 89 42 71 39 25 57 85 101 50 88 0 114 70 97 21 65 95 124 9 16 55 73 121 115 119 136 110 184 169 75 70 115 24 59 56 59 107 71 107 101 74 12 44 97 153 134 92 52 107 85 31 0 59 38 16 66 91 44 21 26 20 74 68 32 44 67 45 37 44 86 45 13 6 84 88 81
26 27 25 28 44 54 59 77 116 85 51 93 33 75 130 0 41 17 11 46 97 175 189 198 151 64 107 115 97 46 54 37 54 0 66 166 97 34 89 98 61 90 20 11 3 78 99 129 127 63 122 179 127 73 23 77 58 29 41 45 55 77 127 112 76 48 86 144 131 143 85 42 66 107 107 48 51 45 19 89 79 57 28 27 53 112 80 76 68 65 42 43 78 7 110 59 36 76 0 8
31 38 11 0 49 92 80 66 20 31 32 110 22 53 93 56 90 6 18 73 110 82 83 113 109 127 73 94 127 76 48 19 122 84 54 109 43 91 45 47 43 56 52 22 0 30 54 84 149 55 63 134 105 56 48 127 180 123 18 23 58 67 63 90 117 69 68 133 80 40 49 24 0 35 62 43 17 69 35 65 89 17 25 41 21 78 74 29 35 51 33 89 115 24 117 107 88 35 96 68
65 62 62 65 91 79 39 57 57 44 58 79 68 52 54 124 136 105 98 104 68 48 20 34 14 95 100 66 52 133 43 32 107 75 24 40 0 126 87 58 6 33 57 46 73 16 73 59 106 118 19 81 96 14 32 68 153 110 13 70 67 97 138 96 0 35 70 95 78 44 92 39 59 67 90 93 33 98 46 13 10 3 19 26 32 39 62 99 79 130 119 144 45 97 109 103 84 80 110 24
69 37 46 49 62 41 1 55 68 55 107 144 178 56 58 88 98 126 94 51 13 85 82 84 70 46 98 69 33 122 53 96 87 90 44 46 37 81 67 92 91 152 80 118 106 49 36 40 19 27 60 49 80 159 86 31 91 168 57 40 102 114 93 94 53 60 50 109 154 120 59 45 69 84 113 91 0 41 43 27 22 14 70 81 37 0 67 109 155 209 99 4 122 162 68 64 0 93 4 144
106 51 41 18 41 60 25 74 73 102 186 255 234 23 110 79 38 56 79 22 66 94 113 91 5 77 121 116 113 61 59 59 79 36 42 95 79 81 137 126 129 177 87 77 121 67 59 104 38 31 66 52 113 175 106 207 218 101 116 197 184 117 81 97 183 242 167 129 107 158 45 109 104 103 125 111 53 89 89 46 21 23 66 89 83 0 55 99 105 96 127 143 97 62 57 0 44 102 28 67
86 76 75 80 67 88 41 67 53 75 112 163 160 72 185 112 76 15 78 27 0 83 66 49 32 51 101 105 162 117 85 77 84 70 92 115 79 68 95 73 90 99 91 82 0 17 56 1 59 52 64 66 39 93 154 154 139 77 177 169 77 92 41 241 245 233 122 151 46 100 180 103 48 112 37 43 72 76 56 38 19 19 43 108 108 87 42 32 105 138 107 73 24 149 160 13 19 34 55 70
56 27 26 44 51 135 46 59 101 115 101 117 81 100 152 81 102 38 46 57 71 77 48 65 182 156 70 39 79 96 92 68 36 66 50 35 36 25 17 6 47 69 51 19 40 14 21 31 44 16 29 15 28 35 36 53 82 51 118 35 33 127 244 255 255 255 251 78 115 11 95 110 22 13 59 75 41 52 73 7 4 42 20 0 23 52 72 62 55 14 59 48 84 137 112 98 11 4 26 60
91 127 177 97 91 143 62 2 46 49 50 58 8 60 81 65 128 141 82 61 110 133 136 145 127 147 70 94 105 112 87 44 0 33 17 12 21 1 2 26 0 17 18 8 43 25 32 45 1 35 68 11 44 63 29 39 23 42 50 44 99 252 253 241 234 244 203 255 239 98 20 38 34 44 125 126 100 107 95 50 63 27 20 26 53 74 111 54 40 105 62 78 88 1 91 113 54 17 31 70
35 60 0 28 19 92 114 93 37 0 38 84 95 85 110 133 163 238 149 29 32 81 99 77 13 52 35 89 77 52 14 0 9 9 9 22 11 0 16 19 7 15 0 40 32 10 26 45 26 38 63 1 43 33 77 135 151 151 143 95 133 227 254 88 255 244 255 251 223 108 54 19 16 65 99 92 86 76 40 24 12 7 38 24 27 68 85 30 26 58 78 68 84 74 39 84 79 22 23 33
19 26 127 33 22 87 71 93 91 64 83 96 81 10 52 87 114 163 135 47 21 53 69 68 34 29 26 37 40 35 16 17 10 11 10 29 30 22 23 4 32 73 19 84 94 38 30 17 18 93 109 72 20 8 46 52 129 236 208 26 155 255 170 235 41 235 201 255 216 71 107 76 30 34 79 110 91 55 129 91 43 25 26 71 148 136 24 45 13 29 20 88 132 115 125 112 79 29 33 8
57 76 89 120 37 7 4 29 75 102 64 50 22 24 71 81 49 45 64 36 4 13 16 25 7 4 19 0 11 26 24 13 0 15 15 50 68 20 12 54 80 31 6 101 129 39 75 65 103 236 255 159 53 29 107 62 95 134 204 70 55 163 255 252 222 255 238 255 228 119 146 93 15 0 44 88 90 15 182 144 104 120 83 37 60 99 32 58 24 21 63 69 71 52 90 82 54 31 69 36
18 64 119 88 33 2 47 41 62 86 13 6 19 79 65 19 9 4 23 13 0 10 20 13 5 13 16 0 0 0 18 1 1 17 19 46 57 36 52 89 37 53 56 16 23 93 164 84 160 255 225 249 24 30 0 54 59 147 203 175 98 241 248 227 32 255 245 229 255 103 55 110 42 66 56 77 94 45 175 135 151 108 62 55 49 37 16 0 36 38 123 102 79 89 59 37 30 26 100 81
32 4 18 13 9 51 53 37 0 37 29 26 27 47 19 1 3 14 18 14 0 0 15 4 13 13 0 17 17 0 20 0 0 13 18 11 36 139 192 117 23 79 107 103 100 125 97 123 86 84 106 67 74 52 122 180 210 145 62 76 83 114 244 255 225 235 255 243 255 130 45 108 0 64 11 38 34 85 157 81 102 113 60 49 60 5 24 11 21 45 105 136 87 114 73 86 70 68 159 147
6 27 108 34 40 51 23 19 10 20 26 21 13 7 5 3 9 9 10 11 11 10 11 13 19 9 2 3 7 7 7 8 1 5 13 27 33 168 185 156 36 82 67 41 11 40 6 85 19 142 142 83 130 72 107 22 13 102 0 11 207 249 255 192 226 255 246 250 225 56 20 90 23 77 64 81 82 76 155 63 23 5 42 88 94 83 65 30 79 85 94 59 15 32 41 24 104 38 141 125
56 144 160 55 33 25 2 29 11 11 9 10 16 20 13 3 22 17 12 13 22 25 14 0 14 7 3 5 6 5 6 9 16 11 22 13 5 61 61 40 23 17 25 4 0 66 163 250 159 92 97 156 198 39 75 192 116 26 51 140 153 219 236 224 255 221 183 242 247 111 20 27 64 114 108 86 61 40 73 49 39 23 24 43 23 131 94 26 109 90 64 63 84 78 51 51 37 29 98 117
86 81 94 93 37 14 24 25 3 11 15 10 5 5 7 7 18 17 10 5 14 25 16 0 15 12 10 10 8 4 5 10 18 8 20 5 8 12 23 35 23 67 62 16 24 48 151 238 104 247 242 255 82 33 46 86 35 29 103 184 164 222 243 97 255 253 250 255 254 231 102 80 56 83 60 22 43 74 25 0 28 0 42 63 99 135 45 17 70 129 103 55 94 108 86 84 92 20 32 104
69 105 102 58 34 13 0 1 0 6 13 9 4 3 5 6 0 12 12 0 0 17 22 14 19 19 19 17 11 4 5 11 12 14 16 5 11 0 5 33 33 94 55 3 25 38 113 152 240 255 248 234 238 255 96 109 65 36 94 168 204 102 142 162 245 247 226 236 250 240 52 84 194 146 64 34 91 167 105 60 22 10 31 22 152 180 40 44 130 184 144 66 61 47 72 117 43 118 81 1
80 70 74 12 34 37 19 2 3 0 0 1 20 30 19 1 0 10 13 4 8 25 29 19 16 17 19 18 11 5 8 16 0 21 13 16 16 5 0 5 11 11 18 9 46 24 80 14 173 243 255 177 152 255 198 136 190 253 104 39 68 78 255 255 248 255 255 255 244 237 140 58 47 34 23 73 112 146 115 81 19 27 20 49 139 206 70 109 119 183 150 42 21 27 42 0 43 128 155 48
85 0 10 10 51 66 65 16 11 7 4 8 20 27 19 5 1 5 5 7 20 31 21 0 8 9 11 12 8 6 11 19 0 22 6 10 17 22 15 15 20 0 23 10 89 40 118 84 84 72 35 169 120 64 149 186 255 255 168 0 255 255 246 226 255 238 46 248 245 255 61 16 31 87 117 140 118 104 93 56 43 31 63 114 154 194 108 64 20 21 29 42 64 25 46 25 53 0 64 67
70 65 41 7 47 49 38 19 16 22 23 14 6 5 7 9 6 3 0 2 13 17 7 0 9 7 7 8 6 5 10 18 15 26 8 0 12 8 24 9 14 46 59 47 98 62 88 85 0 40 164 233 255 65 64 218 243 215 199 255 235 233 218 255 235 252 101 86 237 161 0 30 29 102 156 176 171 104 46 10 11 82 143 98 65 110 148 59 39 55 42 17 34 4 42 20 33 78 84 42
107 36 0 24 23 17 52 31 22 18 10 2 2 7 8 4 10 7 3 0 0 0 1 5 17 13 9 8 6 4 8 14 19 21 24 7 39 12 39 10 42 63 49 77 70 165 191 160 103 18 130 255 238 109 137 255 246 255 239 252 253 250 175 219 244 93 128 74 34 73 11 24 10 8 48 114 168 63 0 44 66 62 0 23 55 148 147 38 8 43 38 23 53 4 33 25 0 104 80 46
119 62 28 40 67 13 107 53 14 23 3 0 22 0 13 0 0 16 13 0 6 20 0 0 12 29 28 13 0 13 24 8 3 9 63 61 30 118 100 255 162 59 148 253 123 239 255 248 254 255 202 131 140 48 241 242 240 246 251 255 240 178 117 251 241 148 166 146 5 73 62 91 101 90 13 92 121 71 8 39 58 76 85 13 2 36 98 44 13 28 1 15 49 25 30 88 40 47 110 141
83 50 43 97 90 31 69 67 42 34 27 13 0 13 16 11 0 10 14 2 17 12 16 15 15 46 49 15 29 3 37 0 10 21 69 21 186 255 125 254 255 8 80 246 200 254 253 248 255 248 175 13 13 74 141 121 91 105 199 134 38 44 112 148 90 155 48 32 35 93 137 72 118 97 19 9 5 18 23 70 63 24 69 17 49 47 56 40 18 29 46 107 126 80 46 14 39 91 166 153
6 48 97 172 131 78 145 108 95 22 20 27 19 38 20 15 41 18 25 36 50 38 31 0 56 43 10 13 57 0 20 0 0 22 5 32 104 246 137 254 255 48 126 141 255 188 205 197 135 74 32 38 70 41 48 107 63 84 150 93 33 31 73 93 34 98 27 11 55 100 143 74 39 55 51 27 26 43 35 35 69 60 63 0 145 93 0 53 41 21 24 173 229 71 0 15 45 72 109 71
67 58 122 117 128 178 235 109 60 21 37 37 39 33 56 90 86 117 69 48 122 105 13 52 39 59 28 12 14 1 0 5 21 25 12 17 85 42 253 241 255 40 104 156 109 50 164 176 68 131 114 51 91 87 61 9 86 179 160 85 37 32 28 101 140 130 92 64 72 100 139 137 70 81 69 34 37 18 22 30 65 47 44 12 118 94 37 15 37 64 43 147 224 107 31 56 52 23 31 16
30 1 64 5 63 174 166 91 63 68 23 34 53 49 46 67 44 44 57 52 54 104 53 98 48 30 40 46 85 94 31 46 90 65 73 49 82 135 160 123 27 95 113 155 113 40 48 91 18 35 49 33 88 90 38 62 102 186 156 94 79 127 111 76 52 114 61 93 107 94 162 146 31 44 48 66 94 21 20 53 72 75 50 60 76 53 65 0 41 45 34 112 183 162 113 44 36 6 30 38
85 129 60 32 47 55 45 52 1 111 146 241 189 81 0 25 26 14 49 62 44 86 45 80 102 42 76 53 150 164 55 0 49 57 75 146 81 9 4 29 99 155 108 134 148 122 102 72 77 96 33 39 32 30 15 70 119 128 125 113 113 82 84 36 16 40 18 55 23 36 191 199 65 32 40 84 120 45 14 42 70 93 70 118 115 60 77 67 0 8 45 137 174 110 61 65 66 43 62 54
105 147 9 14 37 22 47 30 19 88 145 204 167 77 28 76 88 13 67 105 42 27 43 4 6 33 89 4 65 147 112 39 81 114 123 120 50 85 64 15 90 214 171 99 17 125 126 65 65 125 27 1 0 29 69 77 123 52 0 44 116 112 141 106 72 16 91 84 11 22 148 170 70 11 80 105 102 79 28 40 52 0 67 152 158 112 99 103 36 16 29 112 214 188 73 32 75 43 47 28
24 31 56 14 30 70 54 0 59 119 205 107 81 52 106 140 95 55 81 117 101 28 97 100 66 43 51 26 20 65 81 115 138 146 104 82 6 21 30 69 91 189 164 38 115 136 77 45 78 51 48 24 64 54 4 12 61 62 10 13 16 125 191 96 49 13 76 21 22 23 96 107 112 47 162 109 10 29 0 29 61 2 76 120 226 157 19 80 51 1 61 140 190 200 129 77 100 75 96 95
114 37 70 43 0 7 20 57 91 72 101 89 93 103 132 127 69 22 69 60 87 56 124 116 50 77 76 94 46 7 25 98 73 70 73 26 93 106 130 193 161 104 105 101 115 83 6 126 144 53 21 26 32 64 36 33 62 86 69 86 46 45 157 162 54 3 34 104 98 59 99 81 153 111 133 154 8 25 30 5 15 39 69 109 78 76 52 31 87 43 54 106 129 85 90 93 80 8 49 118
117 62 90 86 64 64 29 12 23 77 36 41 88 92 57 107 89 48 54 134 109 49 68 91 31 41 87 115 51 37 51 68 38 29 43 98 104 93 163 203 136 157 180 111 27 7 46 130 155 52 67 98 29 25 33 59 64 103 123 92 67 9 63 114 70 51 104 142 135 77 61 62 131 121 74 78 37 63 48 48 43 77 117 60 64 114 102 39 18 33 35 52 109 101 0 12 47 55 128 154
132 145 150 85 15 15 17 24 25 101 55 47 55 29 5 46 61 17 84 96 91 84 52 99 59 25 19 0 1 82 85 46 31 4 24 57 124 59 110 130 118 20 130 106 58 122 105 85 73 78 68 97 38 35 69 3 0 63 118 107 32 18 6 79 72 83 113 89 118 121 82 69 24 44 21 66 78 90 90 90 62 22 58 25 105 159 143 91 70 163 115 43 31 78 74 19 44 89 147 118
22 75 145 213 218 177 89 39 32 51 46 16 1 18 75 2 101 78 129 73 56 94 57 99 107 64 56 41 37 36 27 100 67 19 44 17 99 71 62 65 117 77 27 42 10 144 146 54 23 8 73 34 102 74 46 12 19 89 165 156 44 66 54 64 20 165 255 179 114 80 50 27 58 45 90 181 135 115 135 69 27 29 54 33 84 139 139 105 89 135 131 30 95 109 63 76 2 21 37 7
136 75 64 173 227 183 78 50 27 22 50 84 67 38 95 59 97 120 54 90 7 12 6 31 38 71 107 48 17 35 64 141 66 27 32 48 27 84 66 48 82 71 59 34 128 30 101 97 103 133 73 104 61 79 13 19 56 90 158 115 74 36 68 26 14 115 164 110 57 29 54 37 68 37 95 187 119 115 140 24 21 48 21 48 71 125 138 122 80 68 86 21 66 37 3 51 90 78 45 18
114 61 22 52 59 64 17 35 34 101 68 69 73 57 32 47 82 107 64 111 43 31 24 20 26 26 104 107 59 28 26 29 46 45 3 32 28 44 46 25 63 65 44 28 25 6 34 76 161 94 124 32 27 50 36 56 54 83 86 81 90 29 49 44 64 63 47 55 66 28 35 9 39 68 88 132 103 122 109 33 109 107 25 46 63 86 92 66 25 29 53 56 41 31 67 99 217 195 112 58
62 56 56 49 31 76 20 15 83 174 118 30 47 128 92 30 68 71 87 81 52 66 47 6 24 60 119 86 49 53 70 26 54 83 43 11 56 17 20 20 88 66 1 70 67 19 73 125 51 1 17 0 41 12 93 128 48 69 37 77 55 25 16 37 48 109 120 81 85 64 75 97 60 120 72 80 100 104 20 20 49 103 86 16 47 73 118 77 43 50 104 92 159 112 0 96 147 139 60 35
140 89 72 59 32 85 45 76 70 76 171 172 101 60 81 59 32 49 4 61 13 52 55 0 26 64 83 67 74 35 21 1 52 83 100 42 4 18 14 39 160 128 21 13 103 95 0 77 27 82 101 0 60 24 75 91 51 39 57 78 43 25 45 31 0 99 99 3 70 125 68 25 71 96 3 39 127 141 24 73 33 42 88 16 98 65 114 97 72 126 159 70 129 88 61 96 74 84 48 92
29 42 97 70 20 66 38 42 23 41 120 131 92 29 27 16 30 0 11 67 62 74 2 47 30 25 17 49 58 59 12 13 22 77 77 9 16 23 39 47 158 126 82 75 38 162 135 62 25 28 82 30 100 72 84 12 71 45 36 13 7 60 66 19 69 79 93 89 2 0 20 6 33 38 93 61 139 174 80 67 101 42 5 29 32 50 40 26 39 45 90 63 205 67 37 47 32 102 103 40
18 61 75 68 49 71 39 62 42 42 7 33 42 62 42 0 57 85 36 49 124 103 21 60 33 48 102 70 37 34 28 21 43 98 94 40 17 25 95 163 98 47 145 150 33 106 139 77 78 62 58 45 78 124 131 42 90 27 23 75 118 26 40 10 44 81 7 46 40 52 73 48 9 63 157 142 84 67 44 76 87 30 3 19 27 44 58 60 55 53 31 55 72 48 80 35 0 97 32 44
12 61 21 26 49 66 47 108 46 96 58 55 205 207 89 28 25 78 103 42 17 38 46 10 0 69 48 35 31 1 16 16 90 106 42 35 65 75 136 234 139 55 139 112 27 27 60 66 113 77 45 0 1 66 165 117 80 42 26 0 97 47 21 41 79 36 30 0 61 65 57 50 0 112 149 111 41 12 0 70 66 23 7 14 6 22 65 97 66 106 77 72 73 130 59 63 50 54 107 103
48 97 72 66 68 56 22 102 103 112 75 63 225 249 86 36 53 95 147 75 20 57 80 58 103 116 80 72 44 50 6 74 152 88 9 65 91 80 89 118 66 85 81 49 121 78 19 61 108 123 82 93 17 50 83 81 114 98 51 3 67 76 47 50 134 6 74 7 55 71 19 6 47 114 94 41 35 29 9 80 109 48 4 31 33 69 81 91 19 119 113 55 83 121 50 160 159 29 84 47
34 45 67 68 88 85 23 74 114 92 60 117 58 121 66 45 0 33 105 139 43 0 50 83 71 86 77 121 28 8 72 102 115 34 33 117 70 35 52 47 77 152 73 42 132 80 20 53 107 72 52 47 106 91 156 182 153 109 16 68 82 31 118 118 44 47 112 74 0 28 6 55 52 39 61 10 0 11 19 62 102 67 26 68 43 83 67 68 5 70 44 72 101 86 118 164 114 57 41 63
85 61 76 19 33 48 38 105 17 58 81 194 90 93 136 114 78 66 35 107 61 26 111 93 29 55 158 113 54 14 12 56 31 22 48 88 59 28 66 153 122 107 64 130 137 72 96 114 79 41 0 26 79 99 101 150 101 71 6 77 204 144 119 63 31 66 97 50 37 76 22 80 47 79 116 24 22 65 69 73 68 58 35 71 36 70 48 40 47 48 11 87 94 33 56 48 77 69 156 177
56 30 51 54 180 173 85 30 76 99 128 174 157 112 106 54 18 92 80 63 69 40 66 57 0 67 117 58 98 38 7 44 32 36 64 49 47 42 88 208 90 44 83 192 156 73 100 80 54 27 40 1 32 32 42 72 5 59 85 44 83 83 30 43 15 32 65 38 55 23 12 82 62 123 106 15 33 104 111 95 87 55 28 36 43 81 72 36 29 48 21 79 111 37 121 164 141 76 176 128
0 32 54 31 148 107 63 31 66 70 158 165 115 146 109 95 84 51 135 49 4 55 109 89 56 62 80 5 42 45 0 54 52 0 82 74 18 50 126 162 34 39 54 41 24 16 69 58 56 68 109 65 18 54 41 56 49 50 100 133 26 53 65 58 78 93 48 170 136 35 111 146 128 103 55 46 24 93 157 144 64 59 64 16 3 22 80 85 81 95 0 67 142 12 181 137 94 112 86 44
19 73 87 47 67 59 11 57 46 24 47 59 113 110 89 51 60 23 150 137 62 43 115 169 125 80 186 118 24 67 33 30 89 38 17 66 0 7 100 76 53 23 0 43 41 45 74 78 47 52 80 57 3 29 18 14 0 20 11 5 41 108 178 87 175 137 55 208 104 52 56 80 104 31 52 86 53 100 181 158 23 13 57 49 49 27 64 59 94 81 50 98 131 30 72 44 75 17 15 140
39 71 102 103 108 48 50 82 94 22 35 58 85 15 101 61 91 24 136 99 67 30 4 36 39 121 206 164 106 101 86 90 134 74 13 39 71 58 51 91 79 45 13 70 81 62 62 24 28 60 75 92 51 40 34 16 42 0 57 133 126 85 103 133 245 248 38 135 77 31 0 18 83 72 0 28 30 75 117 141 20 51 54 38 10 13 27 56 119 181 117 39 65 0 14 116 126 113 91 132
24 56 93 121 145 103 139 111 108 41 60 56 25 81 107 139 179 31 104 67 34 66 133 107 32 139 177 111 54 41 41 50 100 107 80 40 102 81 0 50 62 33 52 170 153 31 36 51 36 22 80 212 137 55 89 72 29 34 44 7 27 67 31 82 244 255 38 67 74 115 62 61 48 55 3 107 99 59 104 129 34 53 5 14 3 19 0 50 148 103 45 15 12 33 63 46 22 42 86 124
36 56 77 97 120 116 145 123 25 63 81 48 48 37 80 103 72 62 103 73 58 8 81 70 52 51 80 77 128 193 140 78 64 88 101 56 122 126 44 30 28 9 7 100 110 36 46 16 40 39 13 124 147 51 36 97 98 30 75 85 29 40 51 158 138 101 48 44 73 141 78 39 44 67 42 107 84 0 98 87 35 66 77 96 69 29 43 136 161 136 23 35 49 48 64 29 79 49 123 160
42 35 52 63 46 47 30 85 64 45 34 44 65 60 105 184 109 63 40 49 111 63 91 73 135 77 31 15 85 143 89 37 82 109 105 61 83 55 23 20 86 75 42 77 77 65 108 86 14 26 0 39 124 157 90 51 40 37 53 60 53 70 90 218 137 81 120 28 10 36 62 48 40 132 65 21 30 40 144 63 124 85 95 77 91 25 55 91 171 195 68 45 54 43 50 72 63 28 81 86
72 67 115 122 108 148 74 114 68 21 67 115 41 66 36 140 167 39 36 35 57 69 116 157 107 138 66 30 54 28 15 40 10 96 70 21 37 11 18 61 106 69 24 70 77 89 87 55 11 11 82 114 140 255 204 48 55 32 75 113 81 47 38 87 104 101 120 29 80 126 152 44 101 149 64 12 3 103 175 31 143 101 117 75 129 70 79 43 129 97 64 40 19 70 68 47 37 65 84 61
43 20 85 77 72 145 67 42 9 35 87 110 57 20 69 120 74 12 19 11 38 47 9 31 112 132 64 17 41 42 60 120 48 102 40 9 47 42 22 53 47 68 52 50 7 59 41 9 50 89 140 131 135 198 137 68 40 101 102 44 62 41 35 155 177 104 35 0 80 179 139 0 100 47 0 0 0 87 168 85 60 36 36 58 180 159 86 0 48 54 55 38 34 61 57 76 109 121 82 49
117 34 83 55 14 57 23 0 45 26 23 79 103 131 9 37 41 7 32 36 8 110 200 166 104 82 101 46 29 59 43 85 87 70 25 40 48 35 30 103 144 86 22 33 0 53 27 36 84 122 170 159 118 141 95 37 76 129 105 0 46 56 42 163 110 3 20 79 46 124 105 122 144 85 57 26 53 24 60 66 32 40 0 17 97 93 38 43 29 39 20 40 37 31 100 146 144 96 50 63
112 54 28 71 47 54 58 3 33 49 51 36 68 79 68 77 36 59 31 40 51 76 109 205 206 108 55 103 86 50 37 70 74 39 25 13 46 0 36 81 119 57 17 42 8 36 9 70 31 18 94 96 65 99 146 71 57 163 118 18 34 65 11 68 46 102 88 63 65 45 66 133 168 121 52 36 52 55 0 46 59 68 17 38 33 40 129 131 75 40 86 31 40 53 155 204 153 81 9 63
102 71 24 59 57 37 55 105 104 59 78 68 3 20 26 69 71 86 113 63 65 38 71 72 156 104 42 85 111 55 73 115 59 101 31 45 29 16 39 37 24 51 80 88 19 36 69 104 26 35 56 60 35 92 160 97 26 13 30 13 23 60 88 131 189 143 104 61 53 29 17 29 127 100 49 49 0 42 0 11 32 14 73 61 35 29 133 110 111 58 61 80 86 59 86 29 77 49 15 30
103 96 25 15 30 42 37 58 91 20 88 62 41 34 42 63 77 105 153 58 54 71 122 43 69 153 130 109 116 44 67 69 83 94 54 31 71 114 98 82 43 57 146 187 43 46 96 41 35 108 96 100 132 82 66 43 37 16 74 39 27 101 180 175 97 39 56 44 24 22 43 51 79 73 52 33 82 62 27 100 103 28 97 63 41 29 92 74 50 107 118 159 125 66 108 74 29 37 64 75
68 40 22 52 33 13 14 46 1 35 69 71 29 60 35 79 87 107 111 43 10 67 114 71 59 160 148 95 65 30 72 76 141 161 134 89 91 98 85 109 117 61 175 241 164 8 2 23 83 84 146 176 148 36 44 38 43 66 98 38 47 123 124 62 119 83 88 92 45 35 34 11 33 34 62 123 121 112 36 56 118 54 70 63 55 23 6 13 75 139 91 86 85 32 48 14 67 56 91 105
60 18 0 50 70 60 25 37 22 38 59 52 106 88 73 24 31 70 101 122 95 96 103 127 135 77 36 64 47 28 29 39 217 255 95 86 16 9 47 82 133 57 116 205 49 37 6 72 28 15 79 145 142 63 21 76 98 76 62 36 26 51 27 37 122 146 112 94 15 22 60 81 54 19 51 140 138 84 9 62 98 78 69 62 58 41 65 83 97 69 24 36 103 95 96 30 67 81 123 154
23 54 35 26 39 37 16 80 81 80 57 100 66 69 73 54 34 92 136 129 126 95 99 122 143 77 91 146 63 12 13 39 230 240 82 38 20 51 89 133 95 27 68 0 54 49 36 59 72 126 75 74 93 72 0 149 176 74 42 63 26 18 9 63 40 55 25 48 57 109 112 99 22 7 13 5 70 20 0 86 75 64 54 31 46 71 170 151 100 41 68 93 89 59 72 19 36 114 145 174
65 30 0 16 39 29 20 120 151 82 30 17 44 39 80 97 50 58 58 14 52 70 114 122 100 62 63 100 74 68 72 7 79 97 98 19 30 50 40 124 91 0 32 17 78 38 16 7 105 85 23 69 152 194 95 113 131 32 30 75 80 52 4 9 49 53 112 109 103 102 46 15 13 65 67 13 0 87 63 18 24 29 7 15 53 79 118 86 27 7 26 83 117 124 119 74 60 141 83 69
101 50 34 33 8 36 59 112 57 61 28 25 77 94 92 180 105 45 27 46 87 81 76 62 34 73 93 108 101 94 135 43 17 50 34 22 19 43 12 106 75 70 85 43 17 14 21 50 70 74 36 34 121 96 51 57 38 24 72 86 92 34 16 78 112 42 121 59 53 65 33 31 58 91 82 7 56 88 49 26 52 75 3 40 78 94 48 83 67 82 0 35 148 193 119 55 73 137 18 4
18 3 60 96 65 39 27 25 54 81 73 76 25 73 60 143 47 43 52 98 77 105 60 15 23 67 98 134 72 83 72 84 27 109 59 62 11 73 72 58 21 86 85 28 63 36 37 75 15 52 17 11 58 25 37 66 94 82 31 11 19 26 12 70 75 11 57 42 29 34 14 9 60 103 146 55 72 45 52 29 55 82 0 68 52 42 55 86 0 8 8 45 147 180 128 120 109 52 8 29
12 75 119 85 50 35 13 12 118 195 148 117 64 61 75 28 41 78 107 119 58 69 58 71 87 117 117 87 46 25 32 62 11 51 77 55 37 83 85 83 58 94 80 15 43 22 48 96 54 38 16 0 51 63 58 92 88 0 30 113 48 21 21 13 41 25 19 69 66 3 33 3 30 99 142 38 19 46 48 53 74 92 34 12 26 70 44 0 20 48 56 62 92 69 35 79 68 31 13 50
11 183 202 63 44 105 78 33 29 83 86 113 116 78 116 43 51 65 67 78 70 105 85 99 100 137 120 40 55 18 51 118 102 46 104 22 29 49 52 56 119 123 105 35 42 6 40 82 71 55 104 53 58 78 68 133 76 28 36 44 7 53 56 12 17 33 13 106 116 7 46 18 29 8 45 64 102 140 48 62 70 12 53 67 91 69 32 48 28 10 66 57 2 51 75 0 49 27 26 68
26 152 148 37 40 92 71 57 38 4 73 122 129 71 53 26 110 114 91 62 48 63 29 54 78 140 107 8 53 6 34 129 224 93 137 42 71 80 93 88 15 17 42 12 37 3 48 85 101 15 45 23 72 115 48 33 33 49 33 45 79 82 11 6 11 24 47 126 146 46 38 43 84 7 53 79 67 75 33 193 121 36 90 73 52 11 0 51 80 106 46 30 128 114 26 58 56 35 31 66
