48 15 33 37 43 25 73 16 31 31 23 48 17 37 29 75 49 34 69 48 62 73 61 72 104 95 22 55 66 47 40 22 67 82 23 15 5 0 69 98 29 41 12 27 52 98 66 127 53 90 146 50 47 18 72 87 42 27 19 13 23 55 90 20 26 33 62 48 98 95 14 60 57 0 14 12 46 60 31 18 36 9 95 131 64 42 80 129 174 115 45 80 54 42 66 20 69 54 19 28
101 42 81 71 59 29 89 100 24 28 20 0 33 69 36 67 55 22 40 10 15 25 18 24 91 68 0 34 8 16 22 9 63 77 24 33 46 35 83 99 102 8 14 10 108 158 177 85 20 39 72 90 75 0 65 78 57 48 21 50 49 100 78 45 31 135 153 73 66 96 28 78 58 31 13 21 141 113 55 35 34 49 109 100 33 37 85 103 123 101 71 44 10 59 8 45 0 51 57 104
49 63 186 158 106 37 45 42 55 20 21 23 88 76 69 79 73 16 54 70 55 13 18 65 6 50 53 96 23 38 38 17 33 87 61 49 30 0 36 68 101 83 67 41 77 159 178 69 47 52 25 142 68 41 29 54 85 82 105 51 69 105 115 28 8 91 162 101 0 79 81 52 54 49 23 8 97 37 26 32 47 76 49 32 54 64 83 115 73 29 30 54 14 27 9 23 32 83 111 135
89 95 142 73 72 87 99 29 9 52 119 114 76 65 166 154 12 10 58 48 44 51 59 48 25 58 36 30 8 71 78 53 36 81 45 30 36 14 9 0 76 106 86 83 0 65 99 48 71 65 80 66 47 18 5 19 54 99 117 70 8 107 183 123 39 53 71 54 8 73 62 29 48 24 59 61 60 20 43 34 77 27 1 43 53 50 84 80 39 6 36 63 38 0 31 33 68 33 38 86
47 87 122 95 102 115 134 56 66 54 162 242 183 102 92 87 6 0 17 12 48 82 81 38 19 57 55 25 47 66 45 39 34 94 74 40 30 26 35 25 51 81 57 59 86 45 37 50 32 83 96 22 31 37 57 85 157 152 76 45 39 118 184 141 94 26 17 40 37 59 65 39 80 0 21 22 0 22 46 41 14 29 14 44 63 35 45 71 85 84 73 25 50 23 4 34 114 110 62 11
126 99 71 101 109 90 82 29 25 12 86 100 87 99 39 84 34 9 21 51 96 84 83 84 51 74 82 35 52 31 24 88 159 178 137 83 60 76 107 105 67 84 45 3 61 57 76 98 46 115 30 21 0 20 27 41 117 185 147 43 43 26 85 108 83 39 79 113 52 24 76 70 47 26 57 48 7 33 20 49 35 53 72 56 20 41 74 42 21 59 6 25 39 40 34 79 52 74 109 87
157 118 75 85 35 19 17 41 83 6 11 55 87 87 25 62 10 47 57 39 63 57 64 68 69 54 53 22 43 47 19 62 128 148 145 98 29 22 80 115 29 51 106 86 7 51 74 23 59 58 14 14 33 36 86 69 13 86 90 48 11 54 30 60 51 113 112 128 96 22 16 80 45 68 78 38 4 13 33 88 95 126 89 25 37 49 22 27 64 130 76 104 54 20 43 113 155 36 82 161
102 86 67 69 26 63 32 49 62 36 27 76 63 39 69 38 56 73 53 26 43 16 29 64 45 44 58 24 9 48 17 35 46 43 74 98 71 55 70 67 62 129 125 62 57 32 0 59 71 32 40 44 5 41 74 89 86 14 82 59 42 69 38 24 46 60 23 84 71 41 20 40 114 111 91 51 38 25 44 30 86 87 59 30 59 44 0 37 96 136 80 4 49 63 0 78 76 16 48 66
11 36 6 64 54 25 88 49 36 54 42 29 82 0 82 141 95 63 47 12 39 16 33 35 16 12 22 69 13 32 47 42 43 30 19 60 54 99 147 135 76 113 170 124 104 74 24 19 91 112 75 33 57 12 68 88 67 82 66 4 38 28 36 0 61 140 131 50 30 16 38 28 91 151 101 19 46 56 56 23 56 73 14 90 86 14 23 23 79 95 104 89 104 62 15 4 6 62 16 45
0 26 28 124 135 51 82 60 22 19 42 43 94 47 61 78 41 13 26 18 45 75 95 38 52 57 33 34 4 35 25 34 43 18 42 90 103 129 132 33 23 72 106 58 83 77 27 29 78 133 93 29 30 21 20 47 62 114 91 51 42 10 56 20 63 106 124 27 20 89 48 43 55 116 32 64 90 43 46 28 112 111 60 87 89 45 36 24 16 6 36 43 44 72 82 38 0 115 119 58
66 47 139 53 117 141 1 82 55 75 102 41 46 82 59 49 25 29 41 40 75 124 124 62 52 51 24 27 42 62 13 48 5 24 32 32 92 113 117 66 46 84 82 26 71 75 39 60 63 94 57 45 51 59 24 94 149 76 5 27 36 9 44 59 34 45 5 24 23 29 27 27 35 22 50 85 111 79 35 52 93 88 46 21 65 101 104 65 41 43 29 9 6 32 30 0 54 107 171 92
0 112 111 25 161 165 74 98 109 85 77 74 64 65 10 60 20 48 23 14 54 62 40 52 72 50 9 0 54 116 33 8 27 62 55 23 47 55 61 58 91 83 63 23 50 38 26 63 68 65 44 90 88 65 18 56 107 46 36 27 16 56 44 64 87 54 19 10 11 38 30 31 11 31 57 32 108 64 58 55 7 24 35 45 93 101 108 69 68 71 48 40 31 38 45 42 57 76 164 125
29 90 93 0 72 78 13 56 25 40 12 56 44 39 27 144 85 70 29 30 48 19 13 79 61 26 28 18 9 37 40 100 44 18 25 36 16 65 98 87 92 30 24 39 59 26 25 50 107 70 29 42 16 8 45 35 76 68 84 62 27 75 54 58 78 62 60 80 81 49 60 30 24 63 70 0 91 90 53 64 39 39 43 82 84 22 67 83 97 52 56 75 24 14 75 76 42 119 157 138
42 73 96 52 45 41 52 14 13 71 20 46 19 38 37 107 123 47 26 41 28 0 30 73 67 15 17 21 16 47 72 108 76 46 16 20 17 55 57 82 113 33 38 95 127 93 88 86 53 22 28 59 29 10 84 49 90 86 28 27 3 11 24 1 58 92 111 166 130 28 76 28 35 7 69 42 62 120 58 38 25 40 43 88 86 38 56 30 38 12 16 37 32 12 96 132 30 50 41 69
72 75 70 33 9 53 94 14 18 16 0 100 99 110 60 58 96 40 47 40 31 18 64 70 27 95 108 38 30 106 109 28 33 70 42 33 101 80 3 51 115 65 54 85 129 116 120 118 74 37 44 58 41 56 124 103 50 120 75 41 13 22 53 11 67 75 125 59 25 86 64 0 31 27 35 116 65 47 99 13 33 29 11 23 33 64 69 26 18 40 33 21 68 25 78 103 44 14 39 124
67 44 58 29 58 130 80 29 13 29 56 126 66 96 58 26 28 45 63 22 45 42 77 80 35 107 114 81 108 151 118 20 28 62 62 60 162 125 26 33 59 48 12 0 38 49 76 95 88 80 79 42 45 126 151 103 2 36 31 22 19 16 34 58 57 21 21 24 70 202 153 30 88 119 92 112 98 22 80 85 56 20 21 38 20 38 18 21 12 33 58 39 67 24 69 16 20 34 43 51
53 26 83 61 36 99 71 27 15 26 85 142 122 66 98 69 22 74 28 34 23 71 80 57 6 68 43 69 140 110 45 8 17 41 41 27 193 126 24 46 0 4 24 40 56 72 69 52 67 77 44 2 76 90 60 65 45 54 44 39 21 20 43 43 49 55 62 21 108 173 174 65 46 110 103 105 58 39 74 90 63 71 41 103 75 19 34 21 51 45 149 100 21 59 44 33 34 59 39 23
68 28 35 29 11 70 132 107 50 41 20 57 106 72 78 128 132 162 109 69 8 91 96 30 56 70 75 24 60 55 23 35 54 45 28 46 101 85 55 42 15 30 29 29 30 53 78 52 46 64 35 14 62 77 30 37 40 125 96 68 46 25 0 45 20 63 112 19 69 83 138 83 41 65 125 119 45 27 2 16 0 71 96 119 110 67 8 4 34 35 72 59 28 30 22 25 63 57 39 58
75 98 62 18 26 94 115 106 16 36 12 13 64 80 59 108 165 154 89 48 17 95 63 19 36 55 106 41 18 0 41 99 34 40 7 47 22 70 119 131 84 50 40 46 33 81 131 72 84 72 31 35 48 50 20 74 41 123 63 68 19 11 1 35 45 52 33 30 22 42 56 84 38 53 60 69 8 14 54 40 11 10 66 92 89 105 35 9 36 38 7 42 81 55 40 32 33 12 68 55
31 13 73 106 115 129 71 98 23 33 61 40 1 39 24 32 85 23 10 86 145 82 0 73 80 54 34 33 33 25 77 65 14 49 0 18 0 56 78 120 95 20 41 58 24 69 109 59 134 92 30 2 0 13 28 102 70 110 35 97 65 44 65 22 17 2 19 45 62 13 7 34 41 67 23 29 10 47 114 92 17 70 151 77 0 42 51 37 19 46 14 37 66 44 55 62 40 33 146 35
103 11 114 81 37 64 106 60 101 54 95 94 29 61 64 79 93 62 84 114 186 107 8 62 115 87 28 23 1 35 61 18 37 54 22 9 24 59 22 42 38 5 54 59 36 32 13 35 119 99 82 42 46 36 17 13 84 86 41 50 38 0 33 37 17 7 14 34 56 37 17 6 88 94 75 45 42 79 74 109 75 65 89 103 73 58 7 9 62 72 48 31 35 49 63 54 66 88 129 14
85 0 83 86 106 25 117 99 58 22 49 57 51 80 59 59 18 22 54 24 103 153 99 30 85 75 56 41 30 103 51 0 57 37 49 21 28 58 49 45 1 24 50 49 87 67 0 35 108 49 37 26 62 73 106 137 165 43 46 1 15 39 67 71 67 26 0 29 16 41 27 36 78 108 89 99 98 75 55 96 104 46 27 42 32 75 70 29 93 106 110 73 43 55 59 47 74 108 54 56
46 47 54 38 136 98 92 100 29 18 44 42 56 64 39 24 85 55 40 41 96 145 90 34 19 56 89 87 66 87 54 69 56 28 41 28 42 62 83 55 1 17 11 21 74 111 84 31 96 60 73 75 56 47 76 125 86 23 105 43 0 15 99 127 71 5 36 50 53 0 36 43 16 69 45 102 113 78 73 52 83 31 83 115 46 72 68 0 36 99 139 108 40 8 45 96 48 36 0 52
50 45 15 52 137 164 19 53 37 0 32 47 39 23 58 86 191 197 94 23 31 100 64 66 76 63 23 58 83 48 59 92 43 28 12 45 118 125 119 56 20 4 0 16 12 113 188 32 28 100 162 139 53 53 53 60 58 67 58 8 27 25 107 126 96 22 19 54 55 59 56 16 35 28 8 5 25 86 69 37 39 121 209 143 48 101 82 23 31 73 73 77 57 20 66 135 80 0 33 25
49 52 46 35 71 43 18 7 0 45 18 40 8 93 51 152 254 214 111 0 51 102 4 66 116 131 95 15 24 27 51 116 25 22 84 19 209 167 86 56 27 0 18 28 67 130 146 76 16 63 87 56 56 46 63 29 50 53 47 66 65 62 118 152 105 36 60 126 96 60 79 88 77 85 72 56 40 10 57 48 83 155 170 142 74 59 13 69 101 73 37 13 23 33 51 75 85 62 60 74
68 29 75 117 96 35 54 80 44 67 41 52 4 127 76 183 248 157 33 0 66 82 55 28 49 130 132 30 15 15 27 68 36 23 89 14 140 135 69 34 39 19 16 44 90 57 38 44 1 50 17 0 69 82 40 0 0 64 107 111 106 36 46 74 82 56 63 146 109 42 38 83 66 121 168 133 60 8 37 87 95 108 53 38 62 41 0 63 84 45 14 93 42 15 17 0 42 22 23 39
118 25 42 115 111 44 43 65 81 52 42 79 19 132 72 187 184 17 3 24 51 15 33 59 32 86 121 112 140 87 17 13 65 105 114 31 53 78 11 38 52 64 23 49 122 49 8 37 67 102 69 41 33 57 54 32 10 26 90 94 70 23 77 86 62 46 79 36 41 121 14 56 46 91 157 144 63 0 0 79 61 22 36 34 5 15 95 101 102 78 20 62 57 61 33 30 26 17 38 74
132 59 21 54 81 36 6 22 46 29 50 85 32 111 47 83 90 0 56 77 57 42 47 40 22 65 74 29 60 59 29 23 32 161 133 34 127 161 61 7 82 112 43 13 62 51 78 92 65 65 31 44 15 36 33 22 58 36 67 75 52 48 130 176 158 99 56 16 21 49 2 48 60 74 86 90 77 64 22 69 62 48 47 32 52 32 95 90 61 45 46 5 38 61 16 50 53 31 39 71
153 133 107 85 42 6 4 33 18 61 94 73 50 137 109 28 5 28 70 136 69 18 30 16 35 42 52 28 54 50 24 8 57 146 150 85 205 123 99 42 38 75 75 49 25 24 99 84 78 75 0 32 52 53 22 66 59 101 71 44 50 87 136 240 165 74 27 0 25 35 34 32 54 84 57 51 72 92 33 0 41 67 77 54 69 26 74 87 56 24 65 33 5 22 29 80 141 82 41 37
133 99 111 107 19 7 41 48 35 58 77 44 64 160 198 119 33 47 77 155 89 61 31 98 122 29 18 51 92 72 45 29 52 24 12 70 149 111 134 76 55 20 32 34 0 0 103 115 62 67 18 43 25 18 12 62 96 34 5 74 62 33 45 185 152 18 43 51 65 25 10 40 35 38 9 2 16 37 45 63 99 161 103 18 56 41 1 0 34 60 18 30 15 64 110 163 152 79 23 13
49 7 24 57 8 33 73 72 42 9 30 34 63 130 163 145 42 26 43 71 85 182 71 84 85 26 61 78 64 48 53 34 30 60 86 96 72 126 157 83 51 7 21 34 25 17 65 74 47 68 58 63 20 37 53 52 57 21 38 45 3 62 71 35 17 16 25 35 34 15 67 53 51 44 87 88 69 28 2 33 112 149 152 94 37 78 73 34 48 107 24 22 29 44 54 98 112 48 8 15
39 44 44 53 19 40 71 106 45 10 58 76 81 117 78 58 17 22 23 95 133 203 105 71 127 56 129 177 114 45 73 104 36 24 91 30 56 60 120 99 52 56 59 22 25 16 14 20 104 180 128 42 3 44 97 148 53 15 30 10 0 87 148 145 140 36 19 38 88 114 78 97 42 36 107 64 58 70 40 48 40 45 24 43 46 57 0 45 31 25 35 46 45 38 91 174 188 125 87 94
90 85 93 57 48 30 72 66 35 31 21 38 85 41 9 0 19 20 65 156 163 112 35 46 50 47 29 123 76 66 124 183 99 33 29 58 58 87 132 87 55 107 108 68 34 18 61 17 135 191 152 76 47 4 135 122 3 57 27 41 10 47 62 53 84 61 12 76 129 186 141 76 38 82 102 76 20 38 39 44 101 172 103 57 29 57 32 18 63 103 49 39 34 18 50 131 185 159 128 110
63 86 83 27 46 45 8 29 29 21 0 31 61 19 24 50 53 14 78 118 149 169 69 97 8 151 145 67 69 57 68 186 248 176 49 10 1 130 91 28 55 84 91 99 68 63 47 59 103 92 131 92 83 51 193 104 48 43 0 21 13 18 35 27 77 68 61 67 78 110 100 41 59 146 152 109 35 59 42 0 38 135 114 76 53 16 15 19 21 87 37 30 31 11 16 46 96 76 56 51
5 26 98 128 84 67 59 21 35 79 36 20 11 9 37 39 8 29 0 70 91 64 108 115 99 155 211 52 126 71 59 103 255 239 148 72 88 50 87 45 2 0 60 34 60 76 0 134 121 52 69 10 57 177 173 83 7 47 31 27 42 81 96 31 49 85 43 14 45 87 47 44 37 93 91 87 33 43 56 44 33 43 47 83 120 19 0 0 22 95 32 60 93 32 0 27 68 51 40 46
0 0 79 193 124 63 147 54 12 37 0 31 21 16 68 110 59 4 54 48 38 34 0 84 59 121 181 73 1 66 66 93 148 255 232 140 40 27 45 34 0 27 24 0 53 39 105 221 228 135 54 15 83 69 117 78 16 30 57 23 25 59 78 56 35 88 31 37 39 113 45 65 43 43 63 73 50 34 70 110 13 27 64 40 52 36 45 21 4 87 31 83 140 82 41 60 49 34 30 40
39 38 36 86 117 39 122 80 59 64 34 75 57 35 67 105 41 8 35 65 87 61 21 50 27 41 57 96 55 80 9 52 57 51 145 103 31 62 14 80 80 31 6 35 67 0 98 177 193 144 38 41 0 45 37 35 63 53 108 29 29 89 75 47 26 48 64 106 17 87 80 63 46 54 113 72 58 27 34 37 14 7 73 42 20 71 57 12 5 48 10 31 49 91 130 97 26 23 31 48
30 56 55 13 93 44 80 86 34 60 77 105 93 74 65 59 31 12 36 35 70 73 30 22 11 35 48 8 25 46 49 71 95 38 59 77 0 27 0 41 104 65 29 2 52 40 10 96 146 40 47 26 50 62 0 123 120 0 35 50 67 55 5 36 26 38 71 93 26 70 134 109 43 66 128 86 86 58 62 36 6 0 78 75 8 28 16 34 54 16 21 48 0 67 145 80 21 34 55 75
2 39 76 39 85 62 100 95 33 19 69 102 87 28 0 13 0 3 21 9 43 56 59 57 40 21 41 69 58 77 70 127 123 36 22 92 138 35 203 255 53 159 84 1 37 46 68 50 60 92 47 30 24 43 44 152 154 42 34 15 20 45 25 16 37 67 54 58 46 92 178 157 26 45 38 43 51 46 96 76 59 55 29 0 0 48 40 30 82 36 61 102 51 58 63 27 11 29 47 54
17 51 37 41 83 58 122 109 50 44 89 53 33 17 3 6 0 31 3 26 50 5 52 25 42 0 30 7 53 32 2 49 49 56 14 90 146 112 252 242 171 177 255 255 183 45 89 65 108 72 73 46 49 66 125 158 127 84 66 34 17 56 69 28 26 59 39 67 6 77 172 116 64 93 4 19 10 33 113 77 67 86 20 8 46 35 37 55 105 100 62 37 40 44 5 37 25 40 44 32
75 133 153 94 86 69 98 30 10 61 135 62 35 7 17 18 4 13 7 7 28 32 14 5 28 14 36 13 26 11 98 41 0 29 24 41 66 103 179 251 251 251 123 255 244 96 84 15 20 98 112 81 125 120 116 167 114 40 18 40 71 38 86 40 29 65 84 39 21 56 89 54 64 98 37 39 37 62 74 42 62 86 46 39 84 65 22 18 67 83 43 16 78 72 53 39 8 37 73 95
80 176 179 116 57 17 38 42 47 84 140 107 75 21 7 2 21 2 3 12 7 13 29 33 43 23 29 7 24 0 58 1 25 33 18 78 59 55 51 177 255 229 255 252 243 167 69 45 37 34 138 127 69 151 95 57 49 54 45 108 151 56 21 35 40 48 19 80 13 13 72 43 0 40 29 40 39 16 48 41 103 117 55 89 89 70 39 15 35 42 7 13 86 114 61 34 47 80 147 119
58 115 120 77 59 79 147 135 32 45 66 89 73 25 16 19 18 0 22 50 20 8 30 32 20 25 37 21 31 2 53 32 14 6 34 36 81 36 0 43 150 178 106 93 206 114 244 255 173 0 77 118 118 120 61 81 26 25 3 97 156 84 12 14 81 152 24 52 48 51 30 3 58 42 5 12 40 0 25 16 96 89 29 78 103 102 99 28 14 45 42 46 90 141 69 38 80 37 110 120
43 21 83 71 65 68 186 132 54 37 3 38 25 0 2 13 33 12 26 37 8 0 24 37 34 51 55 33 30 0 31 39 28 34 10 4 20 62 44 37 44 75 114 100 105 255 255 239 255 174 153 155 67 39 66 86 37 98 50 54 98 44 0 43 111 67 85 15 52 43 45 87 72 71 53 69 79 6 21 11 47 39 20 16 84 84 110 40 22 86 132 94 75 100 43 31 17 33 110 117
97 13 42 63 57 20 100 51 79 55 1 28 15 6 4 6 17 25 22 14 9 5 6 16 51 54 37 20 21 5 13 19 1 17 12 42 24 33 63 24 23 37 116 80 96 216 231 243 238 220 238 37 174 183 134 159 139 180 133 42 23 26 34 25 65 65 0 70 86 76 37 16 24 52 46 75 75 20 30 21 32 37 47 2 39 26 45 56 61 122 206 147 76 36 19 50 1 45 75 123
29 26 8 50 65 59 51 13 45 35 10 36 33 34 18 13 0 22 22 13 26 27 7 0 29 39 28 19 12 18 21 33 14 10 11 9 23 0 78 18 40 107 249 212 43 202 254 253 205 255 210 120 197 114 183 255 240 122 31 25 50 26 54 117 17 11 99 66 159 120 21 29 36 61 35 42 39 8 35 30 48 43 41 34 32 36 21 86 117 81 113 104 98 53 15 0 60 62 14 81
0 54 21 28 14 37 62 87 41 27 24 30 24 21 0 1 15 17 12 3 11 32 35 19 19 38 38 31 4 21 16 23 0 35 12 37 32 43 48 3 21 97 255 243 92 110 166 251 200 128 196 136 111 35 254 252 248 255 141 38 40 45 16 62 124 35 116 108 106 92 55 29 37 90 105 95 82 11 42 32 49 34 20 44 38 66 52 70 74 91 132 122 71 44 56 60 43 97 51 23
12 32 69 142 127 61 49 43 67 36 34 18 6 4 0 12 10 0 12 23 15 36 44 7 7 15 13 20 5 38 16 0 4 26 25 0 32 0 13 24 46 64 178 189 7 60 27 114 80 13 59 40 114 127 245 248 255 226 255 246 77 89 93 25 25 87 118 80 35 74 80 42 29 60 92 99 140 55 62 10 38 35 33 31 19 42 62 7 12 73 98 79 16 45 67 39 0 39 35 18
62 45 95 102 117 129 54 28 46 80 20 16 6 9 16 3 0 17 24 18 19 28 22 5 9 7 11 8 1 6 12 4 27 42 15 30 0 17 2 0 0 24 30 26 27 16 12 31 38 0 50 2 70 69 255 245 253 255 242 250 255 232 53 115 92 79 87 49 58 148 43 29 32 0 66 82 126 22 74 36 88 116 61 35 94 56 31 22 17 51 22 36 7 34 72 18 68 37 4 15
133 44 93 117 72 113 65 38 80 94 36 20 8 12 7 0 3 7 10 11 14 16 15 11 7 3 5 7 4 7 11 9 65 72 94 117 38 30 24 36 19 43 45 27 15 6 19 52 0 54 10 25 104 253 156 193 227 255 255 247 130 239 28 238 193 136 8 50 63 61 34 59 26 23 115 132 103 0 58 51 169 135 46 21 60 36 51 44 23 48 19 18 20 16 8 50 92 100 127 85
48 37 110 104 31 101 55 6 45 54 27 11 2 10 4 6 11 2 0 5 8 5 7 14 9 1 1 7 9 6 8 13 108 156 226 191 45 22 3 0 18 23 13 5 12 19 33 54 45 37 13 8 186 239 201 77 248 254 234 255 250 255 255 255 251 239 56 33 8 7 42 67 51 50 58 41 46 60 97 10 73 111 67 35 25 56 151 106 45 17 20 18 34 68 40 70 51 80 165 112
51 41 40 64 102 122 57 48 23 33 40 24 6 4 0 11 16 7 0 2 5 4 6 11 12 3 0 7 13 4 3 17 32 85 155 111 17 35 14 10 15 11 5 7 21 31 36 39 18 22 48 2 55 229 255 244 255 244 251 255 238 234 255 237 252 176 76 18 9 36 42 89 33 55 44 59 69 70 62 7 84 15 93 62 37 109 99 104 49 16 27 34 92 150 84 34 58 44 78 40
132 133 69 52 107 52 15 30 14 12 28 20 8 1 0 8 11 10 4 0 3 11 11 6 8 6 0 6 15 5 4 24 36 25 30 9 4 28 0 20 26 31 37 33 21 18 25 31 7 46 48 117 252 255 254 246 254 243 255 237 255 255 222 255 240 233 255 105 26 61 21 17 38 111 86 66 47 20 27 55 76 3 26 49 25 57 71 41 30 38 22 52 152 143 42 0 76 53 31 21
178 128 41 16 110 107 99 49 30 8 8 11 15 3 12 5 6 8 4 0 5 14 13 4 1 11 5 4 15 7 7 32 18 17 7 0 12 30 8 40 19 16 23 22 9 10 20 20 14 40 61 226 253 221 255 255 247 255 229 255 255 251 254 251 255 232 237 73 24 71 50 24 60 143 113 73 84 62 67 83 101 44 45 36 7 41 26 0 37 14 4 66 122 65 30 24 12 39 43 60
224 118 55 41 102 115 123 135 79 55 41 45 39 4 26 9 16 8 2 5 10 10 7 4 1 22 15 4 13 6 5 31 0 23 29 13 5 0 3 21 18 6 11 13 4 10 18 10 12 29 10 205 238 252 255 18 6 46 255 249 244 212 255 253 185 255 228 69 31 105 73 16 73 69 36 16 43 5 69 125 82 47 0 74 88 61 64 60 59 5 9 49 63 39 59 36 18 38 55 21
152 85 49 13 77 134 67 52 64 58 56 68 52 3 45 32 33 13 4 13 15 3 0 5 6 33 24 5 9 2 0 25 21 0 1 30 19 0 24 51 42 43 57 47 10 0 12 12 21 21 53 89 118 214 170 255 238 241 255 241 99 164 64 77 255 254 134 25 18 75 24 48 55 48 44 10 40 20 92 84 18 41 62 58 42 48 17 72 62 55 38 11 59 73 48 0 14 20 83 41
98 88 96 85 83 182 104 22 38 20 53 57 47 16 71 47 26 17 2 21 8 12 18 19 1 14 17 11 0 6 1 33 25 20 0 3 11 3 18 32 23 8 44 18 5 21 32 17 27 38 56 95 250 255 237 255 252 255 154 155 120 195 238 237 246 173 102 117 85 38 12 29 26 7 35 14 56 25 58 39 33 45 28 54 90 114 39 76 66 34 64 30 25 35 0 36 71 51 38 32
52 42 51 86 124 214 130 33 41 37 91 41 1 11 41 111 120 55 11 30 67 90 51 4 0 0 20 17 7 10 0 4 3 14 5 17 25 14 23 31 28 6 24 4 0 21 33 23 5 24 64 132 255 255 223 255 245 180 35 162 225 254 243 255 255 162 93 84 52 27 32 70 53 42 67 14 75 121 80 39 45 19 41 48 39 88 75 40 6 44 57 14 61 105 85 7 41 19 15 25
24 12 8 49 49 81 68 63 110 97 82 46 47 35 34 176 165 59 10 38 137 194 123 40 22 25 51 39 8 9 5 2 6 18 6 7 11 4 16 23 22 3 10 7 0 23 24 13 7 0 64 82 173 234 107 153 178 44 61 84 250 203 88 138 186 91 71 60 45 43 62 96 91 83 107 90 112 112 35 8 0 17 101 95 39 61 78 12 30 75 93 24 51 91 129 89 41 10 9 35
9 26 18 49 24 16 44 84 43 41 0 44 75 31 54 76 109 36 23 22 86 134 73 15 2 35 90 103 35 29 7 1 11 19 0 0 2 0 11 14 14 1 3 12 6 20 20 15 31 21 10 9 76 157 179 254 152 82 63 167 241 104 252 117 9 5 91 65 11 9 59 114 80 84 118 168 150 80 65 42 5 67 121 112 56 53 79 78 86 71 97 29 14 47 72 113 71 25 15 45
21 38 1 23 36 28 23 13 3 24 21 60 82 85 165 40 38 36 65 29 10 33 7 2 23 53 86 108 17 22 0 0 7 12 0 4 19 16 18 14 15 8 7 13 11 6 17 21 46 27 58 33 124 235 228 255 254 230 87 255 246 218 255 153 11 13 91 60 35 56 70 62 5 18 79 108 73 32 76 23 0 41 53 94 49 34 51 80 113 77 74 65 64 107 63 45 80 29 9 30
65 68 42 84 107 52 11 11 17 61 56 39 109 118 133 45 55 77 93 66 29 67 53 51 57 55 48 62 0 20 9 38 41 29 0 2 17 14 20 23 20 20 29 32 36 0 7 7 19 43 46 71 75 66 175 255 95 67 247 245 255 232 155 100 14 28 76 53 54 106 117 88 23 24 118 102 45 29 59 24 16 23 53 153 78 51 79 74 61 49 19 85 90 117 102 59 74 38 24 35
19 53 80 135 159 81 26 49 8 69 57 35 123 106 42 24 111 125 91 76 39 96 78 55 37 34 51 68 48 43 35 64 96 66 15 8 11 0 14 31 25 22 38 36 62 6 32 32 0 69 83 22 21 148 220 235 236 255 232 240 249 133 80 41 100 73 39 40 94 185 194 150 57 57 106 112 68 48 49 39 68 29 36 114 36 24 98 66 76 58 25 61 19 0 13 1 11 8 14 19
19 73 80 77 126 121 73 59 6 52 42 23 33 67 77 46 109 138 84 66 4 65 62 49 82 74 100 82 70 19 16 49 119 88 40 34 28 4 13 33 31 14 20 10 63 23 86 103 26 21 0 37 42 118 145 168 254 235 255 245 230 17 35 82 194 148 46 4 12 84 115 107 86 100 38 69 68 61 53 10 113 46 2 39 8 9 90 35 39 14 37 41 31 54 52 37 23 46 72 74
42 30 13 8 74 127 90 60 20 74 67 0 48 48 54 50 62 95 59 35 37 22 29 35 38 36 13 66 58 3 4 65 108 81 64 88 31 7 10 0 32 94 14 51 65 37 99 142 29 39 17 14 20 47 45 63 65 10 45 44 60 7 22 89 119 64 54 18 8 112 121 86 30 52 58 116 62 2 29 76 210 133 81 28 16 61 52 4 39 23 101 72 69 43 34 63 31 56 99 120
91 37 40 60 115 125 57 64 97 83 60 29 38 35 41 40 12 85 97 68 85 48 43 36 46 24 47 43 35 47 50 112 74 62 30 53 53 36 75 54 78 82 14 9 72 59 186 207 97 27 26 22 13 57 59 123 132 47 86 17 74 82 7 85 117 64 5 23 70 133 82 79 121 154 49 44 50 31 46 103 160 136 98 80 90 93 74 58 76 27 58 49 27 36 88 65 24 51 62 50
108 34 44 69 115 121 83 151 168 78 28 36 9 17 41 54 60 77 96 125 178 76 45 78 90 34 49 40 27 45 61 129 32 8 6 94 133 48 51 16 78 40 11 39 19 3 148 233 104 13 13 21 0 52 57 62 71 104 43 48 121 55 51 45 77 78 70 54 13 17 21 31 108 110 16 30 89 87 34 103 154 106 17 47 113 80 49 57 87 83 60 51 17 14 91 84 58 51 47 65
77 28 22 52 110 137 145 209 164 63 13 24 3 15 43 53 84 36 17 91 162 55 13 99 141 147 76 20 11 92 125 124 70 17 40 130 136 51 32 5 21 75 47 31 90 90 60 127 113 35 0 55 54 141 255 252 255 249 150 63 51 0 37 94 91 68 71 82 99 91 91 46 58 28 21 53 99 102 0 43 108 109 27 40 78 48 66 87 103 60 45 75 28 32 95 46 69 38 42 76
34 36 24 85 141 132 134 135 82 35 13 6 12 15 21 6 52 62 36 63 81 40 21 126 241 233 110 43 37 137 137 152 81 15 44 73 35 52 38 9 57 23 65 17 86 95 52 52 16 0 47 198 198 192 249 225 197 176 201 110 50 28 0 44 49 50 32 77 105 54 3 18 42 48 29 24 56 62 14 41 134 156 64 15 4 13 66 40 20 49 46 51 47 18 38 109 81 38 47 63
6 57 58 122 132 63 61 48 28 29 24 5 26 42 41 14 37 125 131 100 36 20 23 136 171 93 41 28 23 78 21 107 123 18 30 44 24 91 61 34 94 51 59 27 31 24 0 81 85 59 84 171 162 126 87 53 22 34 50 64 35 19 49 12 56 47 16 83 75 103 48 53 35 77 8 12 59 3 41 84 122 88 7 18 47 70 108 58 48 7 26 41 49 45 62 107 122 44 54 113
28 81 73 88 67 10 26 35 32 40 37 39 41 84 87 63 76 164 192 153 93 79 76 158 58 2 50 47 30 61 23 68 136 44 36 32 31 57 33 39 99 114 88 86 13 59 31 27 141 116 40 49 62 58 48 46 81 40 26 70 47 13 38 20 52 21 29 51 12 85 73 46 52 55 29 51 89 0 49 86 49 31 7 56 64 27 44 44 53 42 63 53 73 39 45 94 102 48 49 110
80 100 59 26 23 24 41 42 17 18 20 56 27 82 77 50 54 116 144 109 120 148 129 140 98 27 94 116 59 1 23 45 83 104 131 81 58 23 11 29 59 132 60 40 42 26 22 37 103 134 31 75 89 26 63 102 47 13 8 131 115 5 18 22 47 5 37 24 55 64 46 42 61 7 76 70 84 50 100 96 58 81 55 41 22 3 48 89 73 35 71 80 87 45 49 13 34 76 60 19
56 81 5 24 84 84 95 53 42 75 61 37 20 62 62 28 37 44 83 89 128 185 166 87 56 50 82 95 151 73 62 123 122 91 111 74 41 68 13 61 50 60 3 31 8 5 19 67 127 79 6 34 80 37 62 58 52 49 76 80 93 34 20 71 52 39 61 47 20 36 54 32 32 40 28 29 37 12 50 30 65 108 107 64 77 63 78 103 53 18 59 60 93 13 79 54 10 48 35 7
42 31 5 57 112 104 94 15 58 93 49 50 53 56 51 35 29 74 78 72 68 146 96 29 4 44 44 69 125 121 78 72 132 86 18 27 58 59 45 116 137 86 61 53 7 87 93 48 102 20 6 34 42 31 52 12 68 85 96 61 62 31 23 57 69 45 92 89 25 50 77 69 81 51 23 29 24 49 102 53 114 120 67 42 50 50 81 64 52 56 126 141 82 44 102 63 18 75 75 28
83 11 23 81 99 73 93 61 60 96 28 39 67 61 39 13 23 86 104 116 85 101 38 30 78 108 49 27 40 41 38 44 132 98 14 26 64 22 11 123 192 122 63 28 74 197 146 113 84 7 39 50 24 18 39 21 46 72 88 65 80 61 34 43 43 49 35 88 39 46 13 101 139 73 27 24 16 98 169 92 115 134 57 34 22 49 100 49 19 87 152 131 88 45 51 19 11 21 28 30
75 35 82 96 75 60 119 145 31 21 0 48 63 40 22 50 58 63 56 64 91 89 45 56 75 150 146 104 85 20 45 50 118 91 63 57 91 53 0 70 144 65 34 21 68 214 209 168 101 32 35 42 34 9 38 77 35 19 7 12 53 48 22 41 35 57 0 39 60 22 0 75 39 7 34 57 32 50 119 88 18 83 39 24 25 83 108 42 2 75 100 86 65 68 32 19 58 26 23 43
18 59 118 85 51 45 65 75 33 35 80 68 24 49 35 55 101 63 6 11 66 104 33 0 48 130 118 63 36 0 31 22 83 65 55 59 110 110 50 31 65 67 38 25 53 122 134 123 92 28 45 118 131 57 43 39 67 39 9 14 50 51 18 38 43 60 33 48 106 22 44 21 56 24 51 69 69 28 55 51 98 113 40 0 19 102 121 102 33 48 67 91 10 68 40 34 65 56 58 45
21 46 61 52 37 22 0 5 65 57 114 60 1 63 31 20 33 22 0 57 38 90 40 48 1 43 22 64 65 68 39 24 40 71 49 60 71 51 76 20 43 79 21 46 105 64 43 84 136 40 47 104 85 37 66 45 65 73 43 18 31 50 13 14 77 82 0 38 77 31 62 100 91 97 77 21 37 58 68 35 30 29 10 9 31 69 68 59 25 23 99 95 59 52 37 46 13 3 16 28
33 27 5 35 34 46 33 41 58 8 45 51 22 41 10 49 78 62 63 107 0 15 23 87 56 44 16 74 76 71 21 28 37 78 67 87 75 5 41 11 45 23 10 68 91 80 107 92 78 21 45 45 26 24 47 35 92 109 62 9 19 77 63 66 30 63 0 79 103 89 33 95 35 107 109 53 21 91 109 94 73 48 42 49 40 52 84 30 9 2 99 103 123 91 50 62 60 40 51 84
3 38 16 29 5 64 58 15 31 68 91 48 17 58 47 68 116 87 111 125 38 66 86 86 69 70 70 58 60 64 59 74 71 52 60 113 154 74 26 2 23 76 53 13 33 87 124 91 19 13 37 0 32 74 51 54 71 89 45 8 32 97 76 71 69 58 55 46 83 119 100 68 58 51 19 42 0 57 52 73 118 78 72 103 118 175 255 136 59 1 44 131 61 122 32 14 24 45 61 57
37 7 8 17 68 78 26 47 40 69 163 102 17 29 18 30 82 64 38 0 35 48 98 101 126 134 81 53 89 64 83 117 105 35 32 4 74 102 54 85 105 44 45 22 9 78 99 85 28 36 16 25 20 81 49 46 9 15 24 35 53 27 37 35 87 80 36 27 31 52 58 92 93 80 0 51 73 79 73 118 101 40 79 64 70 210 249 147 15 46 40 70 69 92 49 81 129 111 96 51
12 25 63 60 102 106 71 84 78 72 92 48 66 75 33 65 55 56 84 74 71 8 32 64 107 133 93 72 66 0 37 100 117 64 62 54 16 52 51 222 170 45 82 72 11 95 128 54 40 41 44 26 66 76 23 29 35 3 22 67 86 55 59 33 57 67 36 23 8 13 28 84 78 60 6 61 88 96 93 97 29 16 46 43 29 115 159 127 49 28 23 100 118 105 71 145 171 155 100 87
39 23 59 84 122 97 70 105 151 76 32 0 65 60 21 62 68 38 59 94 150 110 64 16 75 188 156 53 52 71 85 29 61 58 85 89 41 83 40 156 181 21 69 46 5 108 119 52 63 62 0 5 76 38 27 30 48 30 45 41 24 26 77 56 75 95 46 11 21 56 39 35 0 39 33 20 13 60 94 34 1 59 81 106 105 147 119 52 52 56 60 95 91 74 52 122 102 123 86 138
4 31 48 36 45 89 111 153 129 35 17 21 55 30 26 61 74 42 86 139 178 129 82 57 85 193 193 56 12 30 51 45 49 55 82 59 81 111 81 86 174 148 53 22 15 13 99 83 81 148 102 15 0 53 41 60 47 34 32 25 26 20 37 1 57 94 68 43 47 76 62 60 54 43 57 73 71 77 99 14 49 79 45 90 102 149 133 70 23 49 41 14 15 39 53 107 63 89 71 101
53 34 22 60 38 35 23 76 74 25 27 50 66 35 55 104 46 34 79 113 161 160 81 0 35 63 127 95 93 69 36 77 40 12 14 14 81 88 130 139 133 154 126 83 138 88 10 18 78 98 23 38 22 0 28 18 18 7 10 49 88 42 45 71 52 50 45 70 50 23 12 51 94 79 80 43 0 12 102 66 111 87 48 110 56 29 39 27 47 60 76 76 99 75 40 54 27 47 59 33
0 20 18 42 35 77 77 86 40 67 58 81 97 45 4 24 37 22 39 7 2 41 37 14 46 39 88 54 48 34 27 101 43 48 57 47 27 6 70 126 155 118 60 8 73 63 38 51 38 16 48 27 48 30 29 36 9 19 9 18 46 3 28 92 91 74 78 105 64 38 34 58 85 100 95 46 24 59 114 35 104 90 95 156 76 25 43 34 27 25 43 40 81 56 42 67 53 63 76 26
25 18 28 42 35 41 109 174 127 138 64 60 74 97 85 77 87 26 53 72 48 29 10 33 31 8 19 20 40 23 37 85 92 35 22 24 69 121 115 113 70 21 97 35 34 38 7 42 79 21 0 29 120 75 48 22 6 22 22 34 80 76 98 112 45 57 83 80 13 28 60 63 70 74 77 79 45 19 77 91 179 149 124 127 74 57 86 74 26 32 55 29 59 19 7 24 152 135 80 30
52 18 23 20 61 41 57 27 12 20 0 37 52 144 157 83 48 16 27 6 20 88 57 1 33 103 110 58 26 21 101 133 83 22 74 58 97 133 115 143 77 28 57 38 51 51 85 80 47 56 34 19 117 169 78 33 51 51 67 78 72 37 71 92 90 49 45 52 4 32 50 19 21 33 33 57 40 5 38 60 166 132 123 147 136 96 91 87 46 13 20 7 57 9 3 32 107 98 21 30
77 64 21 48 76 5 19 51 67 48 7 27 63 89 113 75 40 64 68 19 61 106 71 26 44 140 174 74 90 104 31 94 101 40 80 67 91 58 39 50 34 30 10 30 17 33 44 41 40 72 0 41 76 209 208 69 52 62 42 6 30 63 85 9 6 65 53 14 42 20 25 45 44 12 51 37 56 13 68 33 35 49 53 119 80 39 40 21 29 36 65 122 82 26 74 97 59 0 30 46
97 58 41 35 68 13 50 52 40 16 10 71 95 38 104 141 41 63 44 20 57 42 56 17 30 129 87 63 101 65 2 16 32 63 58 116 69 14 32 45 17 30 34 0 36 104 99 83 61 31 42 103 95 197 175 57 44 57 23 26 60 88 84 50 6 17 18 24 26 3 21 37 69 47 21 63 76 63 55 93 54 48 75 99 39 65 134 157 126 79 36 49 57 45 110 128 110 88 26 22
117 107 100 37 19 16 43 9 19 39 44 0 76 80 76 131 113 61 39 22 1 47 0 49 62 64 32 111 112 66 41 27 0 83 12 59 46 10 0 12 13 0 17 0 49 109 99 39 52 31 113 207 143 107 83 42 6 36 6 23 40 47 13 6 17 25 22 17 1 48 75 26 38 59 47 29 24 53 60 90 67 62 142 162 74 78 102 87 66 63 14 47 46 58 66 75 55 70 47 19
36 68 63 35 13 73 68 47 4 25 30 18 0 0 65 98 102 71 31 0 52 93 90 43 84 58 82 110 28 14 12 78 115 73 28 27 0 30 43 43 41 20 39 52 82 132 126 11 16 50 76 145 102 28 87 119 44 52 24 13 9 31 48 70 67 36 17 46 30 67 88 57 26 16 50 74 20 27 28 41 26 48 107 95 28 64 119 98 15 37 5 6 18 14 9 9 34 11 98 43
24 56 40 33 41 70 29 23 26 37 50 20 22 65 34 80 177 92 6 97 99 101 58 70 62 78 75 41 18 48 11 116 117 71 57 45 15 8 0 56 24 47 72 51 67 155 126 59 47 67 37 50 50 49 136 142 61 21 28 25 23 47 108 131 33 27 13 41 26 34 35 21 86 67 36 107 44 105 56 43 7 73 104 82 30 43 114 95 100 87 53 0 58 37 50 33 59 13 69 37
3 65 70 10 44 40 32 8 50 21 18 110 53 24 51 59 118 92 121 120 125 95 85 79 28 19 2 33 49 43 2 52 55 48 83 111 11 10 36 4 13 39 69 18 30 98 43 113 95 31 31 45 24 36 67 46 77 9 43 57 49 42 78 77 0 35 40 43 27 21 12 0 55 78 13 32 40 98 58 22 50 50 51 85 71 32 97 110 70 75 32 23 43 64 49 57 53 72 14 42
34 80 75 7 31 19 51 8 52 50 9 17 29 45 26 39 81 115 95 204 156 30 49 15 65 30 41 89 51 4 5 23 18 44 42 41 37 28 69 40 46 41 69 68 58 40 25 104 117 42 34 67 38 34 52 51 60 27 44 30 7 20 33 31 67 34 38 78 78 34 42 50 29 53 40 65 94 50 58 34 59 7 23 74 78 46 69 42 31 58 29 47 15 55 43 91 72 109 14 52
93 45 0 24 50 34 70 44 111 122 63 59 39 3 85 170 128 54 23 119 144 27 37 8 47 18 6 0 32 67 68 73 54 6 53 65 136 72 126 124 27 23 52 114 76 9 70 22 40 57 0 18 26 24 46 17 10 63 94 67 43 101 97 93 94 28 13 32 54 56 89 58 32 71 48 70 28 40 93 39 23 10 60 36 35 109 141 44 45 47 76 38 48 11 35 60 83 52 0 3
169 108 46 0 60 52 67 74 140 145 80 12 58 80 56 123 159 70 45 48 91 29 13 2 16 42 47 49 34 58 63 69 43 42 24 100 137 103 186 188 45 34 3 113 123 90 58 19 58 45 53 42 31 9 87 87 67 86 96 68 83 95 98 67 28 27 14 30 27 30 26 51 32 93 67 38 35 102 112 31 26 56 30 21 22 100 54 20 59 23 17 10 25 34 18 49 30 44 0 63
97 106 74 9 49 74 99 100 84 50 63 50 33 41 36 52 51 18 4 36 45 11 6 52 82 74 50 36 15 58 87 96 25 27 42 77 109 107 148 144 38 7 29 72 88 120 41 56 96 18 47 88 69 0 42 104 85 86 65 6 5 21 38 20 39 36 15 25 30 50 54 78 27 43 15 28 22 44 58 28 0 65 83 41 58 114 72 2 0 29 48 21 43 73 49 58 37 62 22 82
49 103 84 22 33 72 88 88 70 16 59 67 13 8 25 42 63 59 57 62 65 4 10 84 10 7 24 49 33 71 81 56 48 45 77 46 57 82 78 64 25 23 72 50 40 94 16 87 106 0 21 48 73 39 28 20 48 61 55 8 14 36 59 43 23 21 6 37 76 112 94 83 44 32 4 42 31 24 44 48 48 5 13 2 35 8 32 73 64 37 8 5 72 95 58 88 39 71 19 56
57 95 65 29 27 54 46 54 82 59 74 55 20 2 13 82 92 73 99 48 120 3 36 94 187 135 103 79 16 41 60 30 48 44 69 13 22 69 69 53 55 57 34 26 47 86 19 53 21 30 127 50 13 42 49 24 14 47 67 36 45 58 65 37 51 35 8 51 115 154 91 28 36 40 14 38 23 26 47 43 44 15 56 59 96 45 58 93 72 14 0 63 173 134 16 26 64 97 24 33
