5 14 40 87 13 79 118 47 31 31 30 10 52 27 42 33 42 28 77 96 25 14 15 47 1 15 25 48 41 40 29 44 32 25 17 21 7 23 36 94 94 12 18 31 61 24 46 72 25 47 66 66 34 19 89 62 30 45 6 17 29 16 27 25 59 103 69 79 78 38 6 16 63 90 79 11 28 28 21 36 36 0 42 14 35 27 22 10 25 0 32 30 33 21 27 28 39 32 52 89
22 29 30 26 31 78 111 48 0 4 46 32 56 50 79 76 102 49 37 32 2 28 63 80 17 6 30 28 2 37 95 68 27 18 26 20 19 22 59 128 101 33 20 9 19 33 75 46 28 18 59 41 30 12 73 63 26 37 28 41 49 42 40 27 60 99 74 45 16 24 20 17 50 30 11 14 70 66 32 47 63 6 5 10 33 69 37 18 38 0 3 20 59 27 4 33 14 5 18 24
10 70 83 66 72 53 39 20 16 5 67 53 59 76 90 63 68 41 31 22 10 20 54 33 46 69 83 48 24 52 115 64 6 13 46 29 37 18 33 63 45 18 20 35 34 65 96 12 44 10 67 42 42 8 47 52 45 42 67 63 52 49 33 10 15 40 48 34 20 65 58 36 53 30 18 50 87 69 16 35 32 7 14 11 11 44 35 42 19 14 12 43 102 55 0 35 29 27 44 19
11 51 32 48 55 49 9 25 43 13 77 47 25 51 51 6 31 30 23 7 4 4 40 0 68 140 76 1 4 19 44 51 21 21 29 11 34 38 19 6 34 21 0 24 23 49 93 39 0 0 40 57 61 22 53 64 80 62 112 83 50 49 34 14 23 42 50 22 0 34 25 42 46 35 6 7 18 37 16 47 6 6 40 12 18 18 36 47 13 31 16 45 97 74 6 14 14 24 57 24
9 28 19 19 18 36 27 42 53 37 102 64 17 46 57 30 27 27 12 0 8 18 50 6 38 140 74 42 59 69 40 85 36 13 6 46 92 106 38 2 29 49 22 34 33 20 36 11 37 46 63 109 81 27 43 44 44 24 94 58 17 15 15 7 56 82 48 6 54 128 64 18 39 35 18 28 45 69 26 20 14 10 19 3 27 35 33 22 83 70 22 42 61 71 27 17 40 51 89 64
6 25 69 22 18 18 38 18 21 16 54 29 3 33 43 25 16 29 30 15 12 18 35 13 103 128 61 40 4 32 12 63 61 15 11 96 145 132 39 12 60 88 53 17 18 6 19 9 3 28 22 78 49 7 18 14 34 19 95 65 30 18 31 34 48 61 45 60 74 46 0 46 72 33 0 0 9 32 18 29 16 46 31 35 17 48 36 48 113 97 44 64 29 36 25 36 37 33 57 49
33 2 23 0 23 33 40 10 24 31 33 21 22 39 36 20 20 32 42 30 8 17 16 26 52 34 30 39 3 42 25 60 92 36 18 54 86 71 29 37 38 58 74 44 52 33 28 0 25 38 40 65 50 18 8 0 23 8 71 47 27 2 27 38 24 81 44 7 26 92 97 74 43 16 16 13 33 38 34 43 16 72 60 62 29 55 52 78 60 79 31 55 15 31 17 27 35 13 20 33
45 9 15 26 32 29 13 34 18 53 44 32 27 23 21 23 14 17 41 59 52 60 12 9 40 4 15 9 0 34 17 59 55 30 27 7 28 20 21 36 50 20 51 30 43 35 51 25 22 25 59 65 83 67 45 28 19 1 49 30 23 0 31 48 76 76 32 39 43 75 92 68 24 8 20 7 35 38 28 11 12 35 21 16 44 57 45 26 36 72 0 26 35 93 53 25 66 34 33 65
9 31 37 47 20 32 46 77 69 47 27 17 13 18 17 5 25 12 42 74 86 76 1 43 34 17 30 6 19 45 7 0 41 60 65 29 22 9 24 34 49 18 23 23 30 23 33 16 11 2 15 39 57 33 2 26 12 25 3 36 30 15 9 14 35 76 63 7 30 61 86 45 2 17 0 15 17 32 35 14 18 32 17 14 33 31 38 69 45 44 32 35 24 69 68 40 28 31 41 56
42 43 30 31 14 34 56 90 90 77 43 20 21 23 20 24 52 31 72 84 86 46 9 28 37 16 21 34 9 26 0 44 0 21 45 65 52 23 3 12 30 55 45 23 59 31 5 14 22 23 48 66 69 50 30 50 44 55 23 18 20 38 62 64 46 25 15 36 70 32 18 3 0 12 9 32 9 10 22 18 1 0 15 36 62 64 44 76 32 50 57 54 18 39 49 46 3 15 16 14
30 47 47 47 40 55 45 34 91 105 67 24 19 8 5 37 67 63 51 91 69 88 45 28 29 17 48 69 45 24 0 39 61 52 45 75 64 48 19 22 10 42 55 31 49 39 28 15 51 49 79 91 82 68 40 31 23 29 23 27 52 58 60 32 52 43 35 49 66 35 41 48 26 22 29 61 30 25 23 2 50 36 79 70 52 48 19 43 16 18 23 36 24 38 39 35 16 42 35 15
13 49 65 60 66 81 51 1 47 74 39 5 23 14 0 29 25 55 14 50 58 111 82 41 25 10 46 18 37 9 15 20 56 34 29 40 38 28 28 35 14 46 60 32 51 66 72 50 65 79 122 115 73 49 22 4 21 3 12 20 44 32 40 28 0 44 48 31 25 21 30 18 6 14 44 70 29 44 63 53 34 35 63 36 9 36 43 34 57 31 17 34 47 49 32 18 22 55 48 23
15 24 31 28 41 51 43 22 20 40 16 10 56 61 33 36 55 86 79 50 106 70 78 40 12 7 39 13 42 27 42 34 34 13 56 69 68 5 17 26 32 87 63 18 83 95 78 86 49 95 153 120 41 10 11 22 27 12 32 25 29 22 44 47 11 34 22 27 42 54 55 39 15 0 4 22 17 66 60 11 33 29 15 11 4 33 61 10 39 21 15 25 35 21 16 23 13 38 37 21
21 3 18 38 44 9 10 28 17 37 37 33 46 50 38 31 53 58 57 54 96 27 19 0 12 21 38 67 59 54 51 70 85 22 61 84 101 16 25 26 35 56 40 11 63 79 71 59 38 74 112 77 22 10 20 39 16 11 38 33 39 58 48 10 20 31 5 17 38 64 62 46 8 60 114 101 36 49 45 30 41 42 25 44 24 8 37 0 36 34 44 51 64 41 46 67 25 24 28 31
23 15 51 74 65 3 3 30 12 18 34 26 4 17 34 21 25 14 23 69 65 58 44 25 27 21 10 50 35 44 56 98 72 0 12 25 51 15 36 25 39 13 16 8 26 46 58 19 40 44 44 23 26 38 25 26 23 11 32 38 36 70 41 0 17 49 37 47 42 45 23 2 0 41 96 96 56 64 32 15 0 18 38 56 26 5 33 25 38 45 60 59 69 29 24 39 42 9 16 39
6 15 48 43 29 0 10 38 29 0 8 18 15 60 89 52 31 14 67 62 28 30 63 16 9 2 6 37 57 58 76 90 40 23 39 22 8 7 32 11 55 42 17 0 38 38 30 22 39 34 20 8 34 49 21 15 11 16 66 92 52 57 26 14 15 16 0 27 23 15 5 18 35 41 56 59 56 77 33 15 20 49 75 56 24 21 24 15 11 39 72 68 70 21 18 41 62 7 14 50
15 4 21 27 3 10 38 40 40 0 27 31 67 95 80 36 13 6 70 67 21 15 4 20 0 19 60 8 36 18 23 48 31 16 22 52 8 31 61 9 27 38 0 24 61 82 56 28 62 95 84 49 16 43 50 46 38 22 64 108 89 67 50 15 29 45 28 51 60 17 16 43 41 34 14 0 69 83 32 33 26 20 10 54 11 13 13 26 12 4 64 85 70 44 10 41 76 64 27 69
30 36 31 35 45 30 23 45 19 34 58 56 43 32 38 15 5 41 59 18 1 20 2 40 26 76 88 64 35 30 19 53 61 54 16 15 10 53 66 22 19 1 35 63 51 116 105 24 70 154 143 66 15 1 23 93 86 44 22 31 62 99 75 5 58 96 65 39 20 14 8 0 33 15 32 94 67 70 81 16 7 31 76 95 37 4 7 35 30 3 51 54 21 18 3 8 51 59 14 50
24 35 39 46 48 27 21 43 0 28 27 58 48 16 19 18 2 32 76 62 8 26 12 19 52 92 79 90 66 66 37 30 23 53 21 6 4 32 49 62 32 30 39 30 38 94 61 34 35 59 72 49 26 27 42 45 57 57 40 13 15 38 33 3 42 78 45 12 0 32 40 18 8 19 10 72 29 37 38 21 54 45 83 76 51 29 9 17 21 5 63 59 9 19 29 21 23 35 16 60
12 18 51 48 5 4 32 29 20 22 0 47 57 28 8 33 17 11 61 93 29 21 9 19 45 57 42 56 71 70 71 33 32 40 25 44 52 58 51 70 36 52 10 0 25 37 4 34 37 19 42 41 21 43 84 72 16 20 12 13 25 20 12 21 24 30 16 28 15 40 26 4 29 57 33 17 17 57 19 68 53 40 60 34 18 34 7 19 28 30 80 81 46 43 35 23 23 14 60 103
40 65 77 38 0 6 28 17 26 30 19 30 43 52 29 77 57 29 7 29 33 20 4 53 25 36 28 31 24 38 81 67 41 38 51 73 47 49 41 42 12 13 3 45 19 19 42 7 0 32 62 62 39 20 20 32 39 23 1 9 33 24 17 43 53 19 0 16 17 31 15 10 60 75 91 42 25 72 71 65 25 16 15 10 8 58 10 12 24 34 50 56 61 48 20 20 34 10 106 103
80 142 99 24 33 37 11 17 35 53 45 6 25 73 58 81 94 40 7 13 34 37 37 38 27 33 30 49 10 45 64 50 13 23 56 46 0 11 23 11 2 21 22 69 25 30 72 0 50 50 63 73 23 43 67 72 51 53 32 14 13 6 10 35 60 32 15 1 21 41 35 33 46 77 85 48 37 32 69 14 44 23 0 18 30 74 18 19 32 53 42 24 25 8 0 26 26 13 93 43
67 142 92 21 54 54 11 26 73 83 54 0 17 44 41 27 77 27 38 37 37 37 73 40 53 19 29 48 40 78 61 9 22 12 25 18 0 47 37 4 19 68 29 40 42 38 44 38 57 32 56 94 7 62 99 75 44 38 21 12 22 27 19 16 47 65 85 39 57 47 21 3 32 62 44 37 93 51 42 21 54 37 19 52 52 38 16 55 89 99 70 28 7 0 4 11 21 27 44 10
20 84 69 25 40 46 26 33 65 73 40 9 19 3 30 17 27 23 32 7 31 10 72 109 77 2 30 16 56 82 80 9 14 14 33 37 23 54 38 37 31 70 23 26 58 46 28 86 121 75 15 38 0 70 62 38 56 46 36 31 24 15 13 19 70 96 119 40 53 31 22 23 28 7 18 51 151 125 49 58 60 13 0 58 97 41 15 41 117 96 59 34 38 67 67 16 35 50 15 34
54 42 40 14 6 31 35 29 9 18 43 34 0 7 24 7 5 27 40 32 1 13 87 127 89 37 5 0 31 56 71 47 58 70 57 25 25 60 58 17 5 37 54 2 1 30 9 47 112 73 12 9 0 42 59 29 64 43 31 59 44 15 29 16 53 88 87 38 18 9 0 18 41 37 34 66 104 124 65 73 67 34 11 63 90 40 18 40 49 29 47 0 84 89 53 75 51 31 25 30
68 38 36 23 18 47 53 39 8 26 55 47 18 27 37 12 21 55 54 41 19 0 27 59 59 40 38 31 56 66 76 58 85 129 94 35 42 48 27 26 37 54 65 56 23 8 51 117 139 78 59 62 45 51 58 0 13 17 48 97 105 88 71 37 43 59 61 27 13 19 29 65 54 45 66 73 41 61 46 37 59 49 40 77 89 43 28 45 41 51 35 4 69 64 37 21 34 16 14 21
21 0 22 38 26 34 19 0 12 27 46 36 15 29 42 23 102 93 36 27 60 55 32 18 43 38 47 45 74 76 70 42 51 94 72 27 33 37 22 26 37 76 63 64 37 0 77 168 183 63 54 71 70 63 81 31 23 54 114 140 136 123 86 53 63 62 81 64 26 4 0 12 21 15 33 45 43 79 56 11 12 19 21 49 54 22 19 33 90 103 38 41 71 55 53 34 22 7 10 22
91 40 50 41 2 16 38 32 10 13 24 21 7 13 26 24 55 57 29 39 86 115 108 73 30 39 47 32 52 48 42 21 36 38 48 38 24 41 46 14 18 106 99 70 69 30 79 146 109 38 89 131 104 53 35 26 33 32 60 69 102 132 80 31 41 21 47 52 20 10 19 36 9 51 51 34 52 64 31 13 15 11 9 41 52 31 31 36 73 84 39 95 89 51 28 24 44 29 33 46
16 6 67 85 39 33 45 40 14 7 14 23 13 3 14 30 65 52 37 38 53 100 116 52 8 46 63 26 20 6 16 22 58 46 54 46 19 25 30 0 46 114 161 99 62 27 27 37 60 56 119 161 145 113 28 16 9 19 39 26 50 86 57 33 46 13 35 40 6 0 5 12 42 75 60 30 39 36 25 19 41 20 14 57 71 46 36 28 33 42 31 86 51 38 1 15 29 12 12 22
7 9 67 81 43 46 70 82 42 27 18 17 10 4 28 64 54 40 49 65 63 98 111 35 3 47 62 23 24 12 16 18 44 57 48 29 22 13 13 29 34 25 127 88 30 27 49 49 100 109 131 106 93 122 42 35 22 74 104 70 41 36 34 49 18 0 23 35 18 20 17 7 25 15 29 40 38 34 56 29 17 3 13 58 60 29 20 8 21 36 39 49 0 39 14 26 36 17 13 19
49 38 57 45 14 18 30 40 48 44 29 12 5 13 43 79 35 73 130 150 93 48 39 3 7 44 49 16 39 35 26 15 32 39 37 31 29 22 26 44 75 24 97 73 54 42 56 76 109 111 161 98 45 54 2 16 54 75 59 47 50 42 33 25 37 20 32 28 24 41 33 16 16 7 39 68 53 10 41 38 2 22 53 76 45 16 30 31 7 37 55 61 6 52 30 18 25 7 3 10
45 29 33 21 10 20 17 16 17 40 41 23 17 25 39 56 64 86 110 125 82 22 14 21 0 43 52 15 34 32 29 26 45 9 25 40 10 8 16 0 30 12 48 47 124 99 74 116 130 58 128 114 106 96 30 12 64 59 5 1 25 22 24 12 20 27 56 61 67 77 42 2 80 50 22 52 96 33 19 27 19 67 108 101 37 10 48 64 43 60 63 78 25 62 64 54 23 6 6 16
38 33 41 40 42 30 6 16 30 25 15 54 29 14 26 19 77 81 42 74 65 0 5 23 5 16 23 19 12 10 11 12 28 29 16 13 34 48 39 30 26 13 6 4 74 108 49 43 81 50 68 135 201 207 127 23 19 21 26 34 0 15 16 5 42 25 87 109 99 97 45 15 75 83 61 73 71 36 30 21 8 40 103 62 60 51 71 59 60 95 86 83 56 44 78 57 20 17 15 20
47 54 60 33 10 0 2 37 20 0 20 31 27 26 40 43 47 51 26 41 32 0 7 16 16 18 15 8 5 7 7 5 12 15 9 10 22 24 16 16 12 19 30 50 60 47 43 59 92 89 104 98 163 109 43 62 24 47 52 39 39 24 15 23 54 81 117 73 82 77 27 6 30 57 76 82 55 19 5 48 38 0 25 34 56 89 93 14 51 73 64 65 44 42 77 48 2 25 47 53
67 54 42 25 35 44 26 28 14 20 75 44 35 50 57 50 19 20 22 20 7 3 9 6 19 16 10 7 11 16 12 5 0 2 17 35 47 38 30 40 41 7 0 54 87 82 125 142 103 86 88 219 255 112 41 36 12 53 43 12 73 64 41 40 29 67 80 23 21 67 40 9 42 35 14 3 22 58 27 60 24 0 15 18 22 31 49 66 34 40 54 76 35 3 38 37 2 16 27 29
47 32 14 0 10 37 34 42 4 45 89 62 50 89 76 26 13 5 32 24 7 16 6 0 4 5 7 10 18 22 16 6 4 8 20 40 45 22 13 30 23 50 28 18 35 90 169 184 123 61 90 223 255 255 83 34 33 84 61 12 60 76 58 53 47 67 89 67 0 63 58 15 64 85 46 20 53 114 63 38 40 31 19 23 67 88 33 0 41 41 58 74 30 5 36 33 11 16 17 14
19 23 32 28 42 44 10 0 12 45 38 66 56 104 84 22 18 0 30 25 9 16 0 2 0 1 4 5 8 11 9 4 15 11 18 41 47 24 15 34 38 52 44 34 40 52 81 123 103 115 83 178 251 249 69 48 29 68 55 26 10 32 54 92 62 71 107 94 34 42 52 34 53 87 36 22 62 112 81 20 50 65 75 26 13 87 83 3 31 24 17 11 2 22 37 3 25 40 52 50
105 80 51 19 22 33 22 30 59 69 35 89 48 67 66 54 16 0 13 11 3 6 0 10 9 11 8 0 0 1 6 8 3 12 37 75 87 56 32 39 58 50 44 29 3 18 123 249 251 116 54 252 243 78 78 107 34 24 12 30 0 7 44 113 75 55 44 9 58 21 27 39 72 75 24 13 49 82 102 61 10 33 60 33 39 62 47 12 56 39 39 55 55 45 43 43 59 48 41 41
84 83 76 39 12 5 15 55 75 69 57 91 39 44 41 57 7 4 5 1 5 4 0 9 12 13 9 1 0 6 13 17 4 19 46 76 78 38 5 5 5 28 32 24 25 124 250 246 255 240 255 246 255 255 143 93 76 37 14 33 32 16 31 80 113 77 9 0 48 27 8 15 30 40 61 39 45 46 69 37 18 22 31 10 40 4 2 57 39 39 52 71 67 33 26 68 76 35 7 16
71 54 45 32 35 37 31 54 38 18 33 46 36 65 33 18 0 17 11 5 15 10 0 3 0 0 1 0 5 14 19 19 10 16 25 38 38 15 5 21 27 10 2 30 0 67 252 247 255 136 252 253 127 255 200 36 47 35 22 11 39 14 23 56 91 82 22 37 26 47 13 7 19 5 63 47 100 130 112 31 40 22 57 33 40 12 22 18 12 48 44 12 26 49 50 66 59 29 20 43
61 65 34 52 39 38 56 89 75 41 17 15 20 27 27 17 11 7 3 2 5 7 7 5 6 5 8 5 0 5 10 1 0 14 31 34 31 0 12 12 8 18 24 51 27 70 94 245 250 255 242 248 255 235 255 37 38 15 0 46 44 41 78 43 34 35 37 44 15 51 2 14 44 33 25 12 92 134 103 45 42 0 23 44 26 49 17 18 17 50 42 18 33 51 56 64 52 10 69 58
5 6 37 72 101 84 49 45 71 69 55 33 21 23 32 41 15 13 11 9 8 5 1 0 6 4 8 7 2 7 8 0 11 21 32 31 29 0 10 8 27 2 11 73 0 43 93 174 124 109 215 255 219 253 244 135 108 84 12 45 47 51 130 87 59 41 33 6 4 20 29 44 34 11 14 23 82 56 14 39 17 9 58 68 32 20 0 11 23 42 68 80 22 65 78 44 13 0 56 35
48 27 54 39 56 30 6 21 59 73 46 5 0 3 0 2 5 9 12 13 11 8 4 3 5 3 9 10 5 8 9 0 7 13 20 19 25 4 21 15 30 61 25 24 44 82 108 131 141 253 231 234 255 251 159 149 107 40 27 92 73 50 116 98 78 62 34 16 14 2 14 9 34 30 40 40 109 103 34 50 17 15 46 32 36 43 25 25 30 23 45 51 14 64 90 45 3 2 47 8
13 24 60 73 85 59 53 72 75 99 65 15 17 25 13 7 1 6 12 13 10 7 6 7 3 3 12 15 6 8 13 9 3 7 8 5 19 7 26 16 42 62 64 21 46 99 153 141 196 211 46 173 237 255 255 62 59 0 1 0 43 43 20 74 46 44 0 22 10 10 18 12 8 18 41 24 84 128 60 28 37 60 73 7 5 24 37 39 47 34 23 0 53 59 78 67 55 47 57 7
9 43 43 96 93 52 36 24 46 82 60 11 7 14 9 13 11 13 13 9 3 0 0 2 1 4 16 18 5 6 19 24 16 18 11 0 13 3 19 2 78 116 107 77 23 65 78 183 222 242 231 240 228 239 224 255 176 30 38 39 50 32 6 42 62 59 5 29 17 12 54 68 35 22 60 58 53 88 68 50 34 41 46 13 42 52 34 0 6 30 41 25 90 43 24 34 82 61 43 3
70 87 27 63 47 24 53 60 54 69 48 17 19 25 16 10 12 11 8 5 2 1 3 5 2 4 16 19 6 6 21 30 19 22 14 0 13 6 21 0 51 93 126 6 46 0 32 153 252 233 255 254 228 255 226 250 84 0 13 33 25 0 26 23 69 70 66 63 60 0 52 63 40 13 40 56 20 51 69 54 20 25 27 3 0 10 60 98 18 32 36 38 8 8 32 75 72 50 22 5
73 71 24 42 42 16 37 40 53 40 22 15 24 29 17 1 9 7 4 3 5 8 9 10 6 2 12 19 10 9 18 22 7 15 11 0 14 13 30 7 23 52 71 89 7 79 100 146 249 247 88 203 247 234 255 64 73 124 86 0 37 30 23 30 16 20 50 65 78 11 38 42 47 32 27 60 42 68 80 41 17 31 45 53 34 46 58 47 7 18 44 73 22 49 67 68 71 59 24 16
39 22 28 67 126 97 66 29 25 17 20 27 22 23 29 31 17 13 8 6 7 7 4 1 9 1 8 18 14 12 15 12 1 12 9 0 13 13 29 6 9 23 58 73 43 21 69 101 249 255 166 248 255 246 241 164 132 35 64 34 41 31 20 13 30 13 11 50 63 43 48 62 62 52 29 86 76 56 47 21 31 71 83 71 29 67 78 39 41 19 13 9 21 68 94 66 59 55 13 0
36 7 52 84 105 112 75 79 78 48 18 9 13 19 31 42 16 13 9 7 6 6 5 4 0 4 2 0 0 0 4 3 0 20 4 14 16 10 31 12 4 6 42 36 66 95 113 105 118 135 59 226 245 255 247 204 223 102 45 27 11 31 27 26 32 29 42 29 10 47 49 86 75 33 77 127 72 5 0 4 28 34 78 64 31 0 65 60 16 12 11 15 27 39 86 65 31 79 27 15
51 33 55 36 25 42 31 45 63 55 34 9 0 8 17 18 7 6 5 4 3 3 4 4 1 6 6 1 1 8 12 11 5 16 12 22 27 23 26 11 8 0 38 19 30 29 88 63 21 57 102 178 230 255 231 254 255 114 63 44 7 46 50 32 42 21 48 38 4 35 25 50 35 34 64 102 81 16 12 9 16 24 48 23 34 77 137 93 59 17 19 26 40 10 40 8 36 36 38 24
40 45 70 42 29 50 32 18 23 43 40 11 0 6 10 0 0 2 5 5 3 2 5 8 3 8 10 9 10 15 19 20 18 8 16 20 29 35 23 25 28 9 19 19 27 0 35 61 93 241 212 255 252 252 255 236 250 189 69 38 5 61 10 15 49 30 52 45 3 20 6 19 6 29 48 61 74 28 32 26 31 1 9 6 12 63 110 116 60 26 12 0 13 65 138 119 31 0 35 28
12 50 95 64 23 25 22 24 0 23 33 14 1 7 7 0 0 4 9 9 5 4 8 13 5 9 12 13 14 17 20 21 30 2 17 9 17 37 25 51 11 26 0 21 34 28 25 186 237 255 233 250 249 252 247 255 240 255 111 47 52 61 27 7 18 42 25 24 2 4 9 18 17 10 31 17 29 16 23 21 0 18 53 45 28 79 63 36 44 44 36 20 0 71 132 121 31 0 30 44
39 47 64 40 6 8 29 51 7 15 18 11 4 3 5 5 3 7 11 10 6 5 9 14 6 7 10 12 12 12 14 17 33 5 24 7 9 32 22 60 13 38 23 13 6 28 26 227 255 232 255 223 232 183 248 246 232 255 80 125 35 73 63 31 0 74 7 16 25 9 36 47 58 3 39 18 6 23 25 25 34 36 58 75 75 116 61 15 13 5 38 38 26 50 91 90 15 20 14 49
63 54 61 59 30 12 26 48 22 11 3 4 5 5 14 26 5 6 7 5 3 3 7 11 6 5 6 9 8 7 9 14 28 11 32 14 9 25 14 42 30 24 50 8 0 22 24 102 113 103 240 254 255 252 248 245 232 250 23 121 27 46 48 58 18 90 8 31 48 10 31 40 58 0 34 37 15 50 46 40 57 17 0 28 41 64 33 19 52 29 68 20 54 41 67 34 4 44 17 45
46 53 79 93 52 6 9 28 25 14 7 10 12 12 17 25 6 5 3 1 2 5 9 11 6 3 3 6 6 4 8 15 19 13 26 10 6 18 8 19 8 0 17 13 29 42 50 47 47 83 108 241 245 248 225 184 255 203 34 32 65 1 55 52 34 51 6 56 60 12 3 6 30 18 11 43 29 59 56 35 38 61 41 28 42 89 84 32 23 24 53 9 58 66 54 10 25 59 56 43
58 13 1 53 94 93 74 46 28 27 26 24 20 13 5 0 8 4 0 0 3 8 12 14 7 2 2 5 6 4 9 18 12 10 13 0 0 12 7 6 0 28 0 27 37 33 58 96 69 194 250 141 101 255 255 252 255 161 4 29 0 24 56 20 55 17 22 101 96 52 19 19 48 83 25 67 58 73 70 37 19 32 3 6 38 75 97 63 25 19 6 17 33 63 25 41 30 42 74 20
67 27 0 47 109 108 82 58 40 18 16 56 64 57 7 12 14 13 15 9 0 7 15 9 1 8 0 3 14 7 14 18 0 16 0 19 12 16 5 8 8 40 35 0 36 26 6 124 186 233 246 167 57 138 244 255 237 244 141 45 22 38 26 46 81 59 18 59 34 34 7 13 47 78 27 47 14 6 61 61 51 68 4 21 4 26 51 63 52 18 31 39 26 65 43 54 61 55 74 71
43 41 29 45 48 20 16 22 34 27 35 39 55 95 69 27 13 9 10 5 0 7 15 8 0 7 0 5 14 5 9 10 1 12 0 3 4 2 3 6 46 0 38 53 0 55 88 35 108 170 245 93 211 255 237 255 255 255 140 44 13 0 40 45 82 32 26 47 20 12 15 44 33 105 56 20 10 9 23 2 19 92 93 62 53 52 84 58 6 27 31 54 39 47 54 58 84 55 52 45
35 36 20 32 46 39 45 49 47 6 15 34 78 122 122 91 21 12 7 3 0 7 13 5 3 12 2 12 21 11 13 13 5 14 8 3 17 2 16 14 6 33 1 29 43 70 64 143 115 95 255 240 245 247 251 254 255 232 43 3 78 27 34 19 42 0 29 50 36 10 23 62 17 115 88 12 27 42 57 65 56 77 83 56 76 46 105 113 17 47 1 45 76 65 59 11 37 17 24 19
44 56 40 33 29 23 44 59 32 0 8 30 96 114 107 97 36 20 10 5 0 6 9 1 5 14 3 13 22 13 16 17 1 12 21 8 35 8 25 14 22 12 0 39 6 0 45 140 151 146 192 251 255 91 247 255 255 244 84 33 41 22 75 76 73 39 23 20 18 0 0 35 0 65 74 9 21 32 65 108 94 54 28 56 76 26 34 55 26 69 18 45 85 66 57 17 41 24 35 33
77 88 67 52 40 25 34 40 0 49 64 18 61 80 57 36 42 22 10 6 1 5 7 0 4 10 0 3 11 2 7 9 0 9 21 1 33 2 21 4 6 25 14 17 25 37 86 146 74 23 34 88 154 110 170 250 241 255 255 213 22 42 116 52 41 56 0 9 46 34 21 39 56 50 67 35 37 42 53 52 87 76 27 70 51 52 7 11 24 58 25 20 59 46 29 17 62 29 27 29
26 39 29 34 37 21 20 16 19 100 108 24 20 44 37 34 37 17 7 5 0 2 6 0 8 13 0 1 7 0 1 3 13 19 22 0 29 4 23 6 12 15 24 19 35 74 136 183 55 8 97 149 162 214 107 254 255 225 255 240 33 50 80 26 46 83 40 45 95 90 38 26 99 35 30 33 44 71 59 0 44 63 15 47 0 30 0 30 57 73 58 26 47 26 0 0 17 0 22 40
4 41 56 58 34 2 14 36 45 77 87 46 13 39 44 48 37 18 9 8 1 1 4 1 9 15 1 7 15 4 7 8 15 22 19 2 30 14 26 7 32 21 12 11 14 24 46 151 95 35 137 253 240 187 255 248 255 243 255 255 116 79 65 71 48 43 54 25 77 110 77 76 104 45 34 73 81 105 91 25 50 59 38 59 20 28 9 49 57 98 116 81 64 13 4 27 10 9 48 69
32 44 38 45 38 8 6 12 24 23 52 58 21 58 44 1 42 23 15 13 3 0 2 0 2 11 1 12 21 11 14 15 0 7 5 0 27 16 19 0 6 17 1 25 53 68 38 170 233 178 96 154 255 228 241 241 244 252 245 184 56 44 75 66 39 0 69 9 41 77 45 45 59 38 47 113 91 70 53 25 22 13 2 0 7 23 29 45 22 52 68 71 87 39 28 21 48 20 25 30
0 17 28 44 38 24 4 49 85 22 23 42 15 17 32 4 28 28 19 21 5 20 10 0 13 13 22 0 15 0 15 11 0 29 1 22 26 3 31 20 3 18 40 16 63 60 97 123 233 252 167 145 236 252 222 242 244 255 0 57 14 26 49 53 29 8 47 25 27 15 44 0 6 33 78 143 114 36 36 45 26 12 47 7 31 17 67 50 5 45 49 7 50 79 71 24 17 32 33 26
58 2 15 26 51 73 23 46 56 42 48 39 0 0 17 38 19 24 29 41 36 31 25 34 36 61 68 15 14 6 20 10 2 32 32 72 56 18 23 40 36 71 56 25 63 29 57 69 122 231 220 169 183 76 4 151 191 58 69 0 65 46 0 38 55 17 47 62 70 45 42 0 6 21 30 57 35 0 23 27 49 38 58 22 29 1 37 38 22 22 21 5 31 34 42 34 51 43 19 4
24 35 66 24 2 27 18 12 31 73 75 41 39 58 46 15 26 64 62 23 15 17 12 6 34 62 66 31 24 25 32 30 25 31 33 69 71 56 32 42 44 80 38 9 45 5 28 22 47 25 144 157 77 99 119 99 56 30 32 67 26 8 20 71 36 29 37 39 49 74 73 29 10 32 28 38 26 19 43 24 36 48 46 1 2 2 29 38 38 18 23 26 30 18 29 33 78 64 35 17
47 108 84 37 18 18 46 4 21 67 68 23 18 56 64 36 33 30 22 22 30 0 12 70 34 37 37 48 58 57 54 67 39 41 59 50 69 71 36 22 37 63 53 24 28 12 50 55 28 40 90 65 51 110 112 79 104 49 19 59 54 62 51 0 36 69 70 55 40 77 67 33 33 45 23 21 18 32 72 56 23 36 27 15 25 30 40 62 35 22 27 24 16 21 30 15 55 62 53 41
59 84 23 6 15 2 21 23 40 20 28 37 23 28 48 51 35 62 44 13 16 25 38 68 21 18 20 42 58 50 41 53 26 52 110 65 64 36 17 18 17 26 81 51 7 14 57 85 61 23 1 0 11 56 92 82 98 25 48 19 45 69 102 57 52 89 97 108 83 79 45 38 35 38 16 22 21 29 69 62 48 39 28 49 55 30 10 36 24 13 11 11 5 25 29 7 19 36 38 30
46 60 52 22 12 38 10 48 43 10 22 50 39 33 39 32 19 22 9 30 18 10 11 64 2 14 27 28 42 30 22 19 19 33 83 51 48 11 8 30 9 0 53 43 10 31 44 64 70 55 36 37 19 16 71 108 91 45 0 36 36 49 90 57 49 79 54 38 31 46 26 30 30 29 14 36 34 23 49 42 0 17 17 18 40 70 79 79 29 17 18 48 51 53 34 23 28 34 25 15
35 35 56 44 7 75 16 1 16 33 38 22 4 5 23 40 65 117 103 84 30 63 42 33 22 25 45 45 75 49 40 29 27 23 21 25 39 44 24 25 31 6 26 36 45 57 48 67 45 9 5 23 36 40 26 17 42 11 8 54 62 56 42 40 105 128 71 9 13 51 59 72 40 25 0 15 15 6 35 31 31 59 59 11 6 52 84 64 40 35 29 65 72 65 32 33 45 46 31 18
26 16 34 76 0 36 21 0 18 29 17 24 50 31 2 16 43 105 99 95 26 75 54 42 50 19 37 58 110 63 47 37 32 46 13 38 50 93 41 3 36 45 28 37 54 40 42 90 88 33 25 13 22 29 23 86 80 82 1 59 15 26 8 27 65 80 45 14 28 35 48 93 26 21 8 37 40 22 30 6 24 24 45 26 4 0 37 48 43 41 9 18 23 34 12 24 34 42 35 22
36 27 3 59 10 20 4 55 36 10 19 39 5 61 40 22 33 69 102 82 4 61 46 22 66 26 32 51 21 42 55 69 98 43 36 15 16 36 48 5 36 48 20 49 69 18 26 84 82 31 16 4 13 4 32 50 68 72 23 38 11 67 42 38 32 28 29 57 14 0 23 57 24 3 29 44 42 16 20 10 34 64 56 22 9 10 17 33 66 67 19 0 10 12 16 13 28 15 27 0
29 40 57 18 36 37 39 82 47 14 61 85 36 65 21 37 25 66 121 125 35 31 28 30 32 47 58 42 3 28 60 111 131 63 30 22 21 29 34 20 8 22 13 17 31 31 28 20 13 28 24 26 23 17 52 45 69 38 0 11 24 78 56 22 51 60 26 47 45 9 0 44 1 10 70 93 72 25 30 31 38 52 47 31 21 12 8 16 33 32 24 35 41 19 20 48 11 0 15 0
25 30 49 20 31 9 82 42 13 11 85 78 33 88 42 54 63 59 81 95 34 0 7 15 22 54 55 38 20 27 4 24 37 27 33 54 68 64 59 54 22 15 25 17 26 65 64 33 28 51 21 43 44 36 45 8 45 48 55 38 4 32 72 76 14 22 0 33 66 61 54 92 56 10 27 46 30 0 28 73 31 26 23 24 24 18 12 11 22 31 32 16 17 27 32 54 18 0 11 7
85 35 54 33 17 34 44 43 13 18 61 41 19 92 76 76 101 70 55 57 37 4 49 52 12 33 50 51 19 9 0 20 0 29 52 52 86 66 55 25 54 33 33 18 54 113 75 11 80 83 38 33 0 0 28 62 45 37 38 20 0 36 75 58 54 39 16 35 20 35 50 44 30 3 31 53 48 13 25 31 24 16 8 7 15 27 27 18 12 25 36 16 18 36 25 19 46 20 17 15
91 116 19 21 34 5 24 50 40 14 1 8 11 53 71 77 45 63 78 64 44 9 47 31 33 19 63 108 64 36 18 38 50 57 45 2 51 20 34 3 4 68 114 73 56 70 39 25 37 21 15 31 39 48 2 13 35 52 70 87 60 108 99 46 56 62 35 18 0 18 48 38 27 30 44 15 8 23 54 38 38 44 33 21 38 63 62 45 41 26 26 27 24 27 38 57 40 28 13 12
55 65 46 7 14 16 13 25 44 34 8 14 29 65 100 96 58 73 70 24 15 32 90 93 54 22 73 139 100 65 30 27 33 40 32 2 34 0 34 39 19 37 65 84 90 61 33 54 35 49 77 57 54 69 36 74 64 47 27 44 42 100 83 33 66 112 59 14 5 29 38 55 60 27 24 11 10 10 36 30 3 28 17 5 40 66 52 35 64 63 43 28 9 23 78 95 38 60 42 44
27 32 30 49 27 38 97 8 0 15 22 2 1 34 61 65 3 11 27 13 32 60 70 61 22 20 51 80 52 51 45 67 17 43 33 33 35 8 45 50 16 11 38 81 61 20 43 80 32 40 61 51 71 56 20 38 11 24 52 67 49 37 32 27 45 85 40 19 29 55 59 73 91 27 15 19 21 1 25 38 16 45 24 17 69 84 52 44 29 70 57 50 27 31 77 43 49 105 82 80
38 20 3 44 38 91 118 50 23 28 67 43 10 0 7 60 65 39 32 6 10 33 24 32 7 13 7 21 49 78 37 24 56 68 10 20 26 59 76 47 27 52 78 80 30 30 69 32 38 41 49 50 63 11 22 74 84 23 3 10 52 42 56 61 33 29 9 22 15 45 57 36 23 22 40 18 2 0 29 23 32 51 14 6 63 61 16 19 22 41 17 51 37 12 55 17 21 95 64 53
34 48 38 2 28 73 63 34 60 76 86 19 2 37 18 21 27 45 64 34 24 14 33 41 51 20 16 5 0 26 2 32 26 18 33 21 0 31 65 12 11 43 48 54 72 83 64 9 47 58 52 0 41 48 50 6 49 10 27 43 18 33 52 18 29 47 34 31 58 17 12 31 41 99 62 33 20 0 18 16 25 22 26 1 4 18 9 26 43 25 0 25 30 0 19 48 53 42 15 19
40 33 61 39 28 35 25 68 46 45 36 28 51 21 0 40 0 24 6 23 32 7 28 21 37 17 0 69 82 27 39 23 23 35 0 13 34 16 26 1 35 29 20 38 43 32 42 46 16 1 25 35 60 36 43 38 41 29 27 32 29 28 26 17 55 64 43 44 57 29 22 30 101 98 46 54 57 29 25 43 37 36 48 7 22 27 32 40 39 40 24 25 26 13 16 23 63 60 44 15
68 30 67 58 35 32 16 93 62 34 25 30 28 21 20 29 8 33 27 46 66 44 49 71 35 15 3 84 100 13 50 21 26 38 13 25 48 22 14 33 26 29 19 25 25 17 25 20 38 65 62 12 5 55 78 42 21 33 12 5 29 22 11 36 104 97 73 70 63 40 33 22 32 45 44 74 52 18 11 67 30 27 40 0 25 30 58 70 52 43 28 8 16 30 30 43 50 59 62 15
80 29 30 38 35 47 20 48 58 43 35 27 9 36 59 14 38 26 58 30 82 87 52 94 42 5 17 43 50 26 19 0 14 7 62 28 4 27 16 71 100 42 9 46 49 9 20 55 42 61 38 23 18 41 27 17 27 37 7 0 23 22 22 63 68 50 53 50 56 33 50 27 27 46 52 65 40 30 0 23 12 13 23 10 28 23 40 60 39 15 16 15 38 53 37 57 20 32 43 23
51 23 7 53 51 47 18 0 19 36 25 34 54 42 26 19 53 17 38 0 92 99 51 45 20 0 24 49 62 91 43 17 22 13 69 31 15 41 21 83 53 47 20 12 13 14 21 7 29 28 0 26 57 46 0 31 50 41 20 11 20 23 36 67 39 15 43 37 59 20 57 29 63 70 55 34 14 30 13 17 15 24 25 58 48 27 10 31 21 9 27 40 69 77 36 31 15 14 9 26
22 30 43 125 95 59 43 30 24 26 34 47 58 45 20 16 37 35 24 9 92 67 59 10 39 62 55 80 58 44 16 4 27 37 15 16 59 41 3 39 26 20 21 50 42 6 9 24 58 74 19 8 43 69 32 37 45 28 17 17 15 15 29 46 54 27 54 53 72 21 50 30 88 82 56 19 4 8 16 6 27 35 19 70 53 44 29 57 56 52 38 23 48 74 56 39 40 24 0 22
26 40 73 144 89 61 51 65 58 33 49 42 39 58 41 26 11 32 15 32 59 31 39 9 0 49 30 38 36 11 27 34 56 67 35 40 89 78 35 30 1 19 13 7 3 10 32 29 59 65 51 48 47 48 21 5 46 34 15 12 17 9 12 35 33 10 17 48 58 23 32 32 32 27 8 0 49 74 105 53 27 35 7 38 36 38 43 61 63 60 22 5 24 49 67 63 57 41 21 18
40 35 59 89 25 31 15 34 61 46 38 26 70 71 21 66 22 15 6 36 34 42 17 20 48 73 47 13 54 45 36 21 27 20 50 21 22 66 32 0 8 6 2 25 35 25 34 35 17 35 67 62 33 46 47 0 79 72 34 17 31 13 3 39 36 14 0 47 38 15 0 12 18 55 50 4 27 39 103 45 21 35 14 18 22 9 12 2 4 12 0 26 45 33 47 51 52 47 45 18
33 14 23 56 19 17 15 16 65 54 62 37 49 53 7 22 39 70 57 17 16 40 40 22 75 146 45 50 41 0 33 56 36 31 96 68 14 53 48 0 10 15 53 39 101 103 58 100 86 41 30 71 44 15 63 77 85 34 36 27 7 0 48 60 42 0 24 20 7 54 11 27 16 39 26 43 61 47 29 0 57 81 2 16 36 9 34 17 22 40 42 9 31 13 0 15 46 38 38 50
8 5 19 58 12 15 16 30 40 60 73 41 64 70 36 38 93 101 72 33 25 22 14 16 80 102 30 0 16 6 46 76 45 49 71 31 14 43 28 26 24 20 20 44 91 71 56 88 105 94 76 54 45 38 0 38 79 67 64 54 28 19 23 49 34 0 16 35 27 30 5 13 6 21 19 51 62 60 41 34 26 29 36 22 49 53 35 51 52 73 77 25 24 8 0 8 29 32 48 69
75 46 25 44 8 13 6 10 48 83 75 30 73 78 55 33 21 41 48 68 91 66 34 44 76 69 60 21 51 42 18 7 33 79 73 16 31 41 0 16 20 44 28 73 76 39 49 55 73 90 63 21 29 53 17 52 59 74 75 63 34 36 13 60 10 22 40 34 27 24 30 11 4 26 49 65 42 29 23 67 69 33 47 14 61 79 48 47 74 77 76 19 11 14 13 5 5 11 31 52
56 19 8 20 31 41 54 53 21 67 53 10 57 64 71 62 39 41 30 44 70 43 14 32 38 28 43 27 59 74 40 11 28 77 52 14 81 103 25 0 15 51 30 60 40 33 46 23 11 43 42 44 43 28 42 18 107 62 37 27 28 42 6 22 53 53 57 26 32 29 29 1 13 27 69 55 33 10 13 67 49 53 46 13 24 2 50 36 33 29 49 17 10 19 30 18 20 26 34 41
35 17 38 22 37 6 27 26 6 53 47 12 33 32 52 67 30 40 38 51 74 56 27 30 41 60 59 57 43 55 42 25 29 73 71 50 81 82 30 17 26 27 8 13 1 34 41 26 16 28 41 42 51 2 37 35 49 7 28 17 0 6 49 87 77 19 23 23 58 44 20 28 19 8 44 22 48 31 30 48 31 30 1 0 29 14 77 19 14 2 37 27 18 15 27 23 48 70 80 68
14 3 25 4 30 0 27 31 38 52 43 31 38 45 30 29 46 49 38 22 17 15 12 13 32 82 79 78 26 10 11 12 17 45 65 68 58 26 5 17 29 19 30 22 6 27 33 55 69 58 64 20 45 13 20 96 84 14 6 8 16 18 53 33 22 4 30 31 47 39 19 51 20 12 34 19 48 24 22 25 18 20 36 15 9 23 86 66 91 34 25 10 22 26 24 8 30 67 88 76
29 21 18 5 15 8 26 44 37 32 35 42 38 76 35 20 32 57 88 85 52 37 36 24 2 32 28 19 4 3 30 56 41 32 9 22 57 59 33 12 19 25 49 35 36 44 51 67 74 79 82 53 39 22 0 48 38 33 13 24 26 28 61 38 0 52 71 55 26 13 9 29 31 40 42 60 50 16 10 28 39 10 23 12 12 58 85 47 116 49 17 0 35 57 48 21 23 40 55 56
14 38 37 37 8 8 20 61 21 33 57 52 2 52 14 16 44 62 95 81 23 9 32 34 56 48 41 11 31 23 27 43 96 105 48 2 26 56 57 43 16 20 13 0 49 83 90 57 42 60 43 65 0 7 26 6 10 63 21 33 30 36 53 32 7 61 49 73 48 18 22 36 45 56 32 97 74 48 30 52 15 15 33 53 41 76 104 47 32 18 29 20 57 81 80 64 61 43 38 53
35 58 58 52 30 13 23 22 19 58 87 62 42 34 12 11 32 68 71 47 34 23 17 27 63 61 16 6 28 23 27 43 60 41 52 46 18 3 3 25 24 35 24 13 44 47 20 42 43 38 62 18 8 13 27 56 64 83 68 53 19 19 55 20 43 22 48 70 57 36 30 54 33 6 37 72 98 48 18 37 10 55 3 40 43 28 70 74 45 45 17 27 61 65 60 53 42 56 68 68
31 54 58 61 47 30 33 25 0 32 72 73 59 37 12 23 41 45 39 28 25 23 16 12 41 40 12 14 28 18 17 17 39 40 73 79 55 28 3 0 27 71 73 19 12 36 40 58 47 24 45 26 41 37 16 14 83 86 48 33 37 28 39 55 87 12 19 81 98 55 18 34 17 9 37 41 46 14 18 59 65 63 15 22 29 31 22 28 64 74 38 12 30 62 66 29 14 27 38 39
3 20 22 30 28 18 20 7 7 14 40 50 41 20 14 52 56 32 26 28 20 22 27 17 14 14 14 37 43 34 32 12 26 22 41 39 32 42 44 50 10 72 105 50 12 29 39 44 47 24 49 31 32 17 6 25 58 53 22 29 80 51 14 74 33 41 84 92 59 27 13 29 25 30 48 19 15 6 30 72 83 72 68 37 20 39 10 60 71 71 38 5 6 46 58 3 18 30 40 43
5 11 1 8 16 17 25 13 27 17 25 26 18 6 16 69 63 31 39 47 17 14 36 36 6 4 22 58 58 50 50 16 25 22 35 23 18 36 35 31 7 42 94 80 38 30 29 32 44 29 62 35 13 0 2 55 28 13 8 31 94 61 0 64 0 64 118 76 26 30 20 0 51 56 60 15 21 30 43 56 44 52 82 40 5 29 14 99 67 38 19 18 10 30 46 0 0 4 14 18
