85 7 99 123 49 141 255 234 124 36 82 45 146 218 90 60 97 82 54 24 136 63 86 75 119 217 255 83 112 150 155 84 94 111 89 94 46 69 168 88 77 56 136 156 105 159 94 30 112 73 255 255 246 114 132 75 149 255 244 255 171 176 255 198 66 37 61 64 158 189 222 179 104 97 173 247 217 176 188 104 134 134 107 30 94 137 255 235 255 174 242 255 220 248 233 38 76 62 67 138
13 0 84 68 71 112 255 249 128 60 76 52 103 223 128 86 83 84 88 139 220 87 99 51 41 123 134 14 97 141 121 94 49 74 93 77 96 74 86 28 59 15 55 78 111 178 66 51 75 126 250 222 249 251 181 73 137 166 142 225 255 245 210 200 158 87 24 91 59 164 205 49 54 14 169 193 112 75 130 90 183 161 109 34 122 198 241 142 125 101 156 241 217 203 183 67 99 110 197 180
61 49 112 161 221 149 226 251 97 100 124 144 33 107 83 158 94 142 222 238 242 97 118 89 180 219 162 43 56 118 84 68 18 98 161 105 174 140 70 36 66 0 66 20 100 132 75 68 25 161 193 244 255 220 128 80 198 162 67 234 253 228 150 183 142 86 79 115 49 152 255 116 164 60 201 191 131 191 56 80 79 195 136 97 51 128 123 89 86 144 128 143 113 129 158 130 163 157 242 242
42 61 64 88 91 72 120 188 175 83 102 66 99 36 86 124 119 220 238 228 75 107 56 137 237 207 253 75 97 72 151 111 42 120 163 139 184 147 53 76 233 255 103 115 255 213 235 56 237 217 250 235 87 101 91 111 9 177 79 217 208 163 121 182 179 142 160 121 94 138 228 211 115 81 224 115 153 179 103 60 240 202 80 59 122 136 129 106 8 122 133 101 85 122 168 192 203 184 173 222
55 32 13 47 41 100 107 150 142 62 53 10 120 33 88 109 124 176 155 115 56 104 67 157 255 225 242 127 113 119 174 162 114 104 105 231 255 197 56 77 237 255 32 237 217 235 255 63 157 178 208 248 172 84 84 83 49 170 52 99 106 184 239 175 182 253 213 163 172 255 222 147 188 14 156 5 39 39 91 164 200 58 54 97 97 66 0 26 45 93 149 136 140 136 162 234 204 178 126 118
101 19 7 42 60 143 136 116 93 71 31 125 192 142 81 105 50 92 38 99 100 89 31 76 140 133 118 19 137 210 196 115 75 70 91 251 244 204 118 138 194 243 250 222 204 152 205 155 89 67 222 224 248 215 195 177 146 242 101 159 182 255 241 255 223 248 150 112 145 214 255 185 197 40 36 61 133 33 117 193 98 19 161 253 162 241 101 105 132 90 104 73 92 93 128 228 175 93 84 33
48 120 183 152 87 161 169 80 39 40 72 146 192 86 46 61 61 94 121 115 178 80 76 43 10 75 37 26 107 255 161 57 0 0 59 192 255 255 157 61 150 255 252 237 115 164 255 206 133 178 241 79 183 192 223 172 156 176 73 209 255 247 222 236 255 130 119 113 160 18 155 184 152 113 99 69 202 156 230 255 113 79 147 98 104 160 99 55 57 50 46 28 51 62 81 163 120 34 57 63
51 174 219 178 38 93 149 104 61 79 105 101 95 41 57 64 66 109 172 101 146 148 172 129 39 70 71 51 44 146 119 87 80 71 151 173 231 239 230 190 214 197 112 201 145 115 184 255 204 148 228 22 107 119 161 116 46 119 56 92 225 51 103 85 242 123 200 127 200 52 167 177 153 155 54 91 89 94 169 165 151 205 122 79 149 93 66 60 58 114 113 130 121 73 38 100 87 91 107 169
97 113 141 104 16 22 99 149 128 114 198 92 120 112 125 158 109 79 55 90 135 131 195 145 52 140 171 96 80 108 105 101 97 178 232 216 171 220 255 246 241 205 155 166 58 97 201 180 172 166 71 80 142 111 80 71 43 204 211 143 144 86 199 3 233 236 249 136 228 236 170 112 249 143 85 203 74 90 94 93 198 249 88 100 138 29 89 79 74 114 97 139 117 128 126 130 141 146 169 134
78 135 197 139 49 41 74 127 153 129 192 71 131 157 185 222 215 124 62 104 116 101 107 99 76 124 162 224 210 120 104 69 60 66 139 174 237 255 219 179 242 255 161 116 118 106 130 161 136 91 75 80 132 105 23 82 54 255 239 253 207 255 248 64 169 255 239 165 191 235 0 9 254 155 222 203 48 186 218 230 243 251 80 58 86 76 208 162 183 162 153 103 74 164 208 142 131 144 127 87
81 137 255 231 161 78 0 47 87 75 119 97 204 243 177 212 255 129 30 60 97 91 80 70 97 86 91 227 172 55 42 58 125 200 106 213 217 240 212 159 126 73 55 63 18 35 104 26 76 34 8 34 179 164 11 77 72 240 252 255 221 255 234 120 101 87 79 43 105 80 65 118 221 156 74 148 0 206 241 236 236 255 238 99 94 185 202 146 138 61 173 182 127 154 172 49 60 129 100 69
79 173 177 203 188 71 83 116 122 92 59 160 255 242 75 202 246 140 101 102 0 114 23 178 197 200 138 196 119 116 64 75 33 80 31 149 239 239 121 18 35 51 11 31 60 46 40 25 16 37 52 77 103 76 41 55 91 159 183 131 97 79 77 97 91 74 106 166 28 24 69 162 148 140 55 67 65 54 235 182 123 245 234 80 50 105 132 89 36 80 130 65 81 120 110 23 18 45 0 61
111 190 192 131 181 181 127 89 57 205 162 160 239 253 74 149 145 150 150 120 74 140 195 255 201 209 129 176 80 1 14 151 158 140 46 126 185 157 72 33 26 38 0 37 42 33 14 27 24 59 15 23 67 46 25 15 27 39 50 61 32 47 60 191 246 111 110 57 69 153 139 181 175 216 143 128 80 56 185 146 48 176 224 146 89 71 81 33 95 168 216 201 205 255 246 96 53 82 15 78
178 162 130 121 141 56 60 113 90 167 61 37 228 240 114 126 93 76 92 160 180 226 232 207 52 112 27 111 167 122 205 255 134 147 40 102 93 81 54 35 48 44 0 34 12 19 15 41 40 0 8 16 2 26 43 30 26 10 0 36 29 46 32 134 205 96 51 77 48 115 127 233 255 203 113 113 88 98 203 139 6 69 180 144 96 154 202 140 81 97 106 196 245 248 217 161 93 112 56 111
120 176 232 141 110 102 159 238 27 104 47 37 207 177 135 121 122 227 244 178 181 216 255 67 20 65 5 160 205 111 168 208 37 60 171 78 48 23 28 63 71 55 29 37 8 19 25 23 35 17 22 6 20 31 8 46 64 42 29 49 62 53 45 91 103 97 101 210 64 19 128 231 195 138 75 136 139 109 193 158 23 109 183 208 147 150 251 151 20 26 125 250 247 223 182 122 140 64 19 145
164 212 198 169 184 170 255 247 72 70 8 85 235 182 186 190 174 215 249 189 81 140 158 98 141 122 37 184 136 58 52 118 107 83 138 84 40 20 31 50 22 30 23 16 25 31 28 10 12 27 35 28 39 40 24 37 43 42 15 59 47 59 72 126 125 188 255 241 109 52 149 148 107 127 157 214 217 130 77 70 41 99 226 255 186 104 117 120 67 66 107 117 98 77 91 169 196 181 164 208
187 223 144 195 222 183 203 128 113 59 24 199 234 169 174 171 183 146 126 234 62 165 217 182 137 76 105 136 189 139 93 102 207 83 28 54 30 11 38 26 10 16 22 24 27 29 23 14 15 33 36 18 12 26 33 27 40 31 2 68 18 13 78 148 115 160 245 100 107 64 76 50 126 193 253 244 211 152 98 90 85 124 143 136 168 165 106 100 83 58 54 98 115 111 72 104 89 36 67 112
88 162 221 231 237 255 199 67 76 114 211 255 197 80 93 118 235 200 208 187 117 255 255 205 11 37 102 140 209 130 69 5 84 69 33 27 26 10 14 21 25 24 22 22 24 28 33 38 28 29 26 21 19 23 26 25 51 54 28 30 57 9 49 80 34 68 83 9 78 89 81 25 194 255 255 208 129 151 170 150 133 104 48 75 136 157 144 84 17 21 96 107 138 93 74 108 77 50 54 57
65 118 61 237 234 245 255 146 229 98 192 218 156 115 138 189 247 66 68 98 171 255 219 229 0 88 42 0 111 69 187 111 70 100 80 61 55 31 22 23 20 12 9 13 14 15 24 37 31 18 12 19 24 19 17 20 24 36 34 13 48 0 26 12 0 40 32 61 177 201 152 87 188 249 235 188 26 77 149 152 149 117 37 16 71 160 239 254 71 22 140 160 122 41 27 71 65 52 42 49
19 71 209 255 227 109 31 135 255 20 105 121 25 78 104 190 225 62 69 83 69 66 98 231 43 115 66 103 118 97 37 134 74 45 26 37 26 14 24 12 10 1 3 17 22 14 12 20 21 11 8 17 23 17 12 12 34 46 65 77 28 23 44 16 31 54 24 55 202 252 149 39 59 94 80 58 217 164 220 251 102 131 118 50 100 207 221 229 159 42 144 223 110 72 54 115 94 110 85 79
61 88 207 255 161 168 201 242 228 57 213 244 160 137 105 255 247 84 57 65 43 4 100 200 148 121 4 95 220 234 104 178 151 79 21 26 29 30 51 48 22 12 15 34 43 32 21 19 17 19 21 23 23 19 13 9 19 33 42 67 0 1 9 11 81 124 126 54 136 202 139 60 56 39 15 71 244 212 206 170 111 185 205 119 112 227 255 239 139 73 131 174 74 96 53 94 87 147 106 64
201 207 250 202 187 132 169 255 182 122 236 188 228 160 63 204 255 96 90 90 89 0 87 127 247 146 167 36 183 213 105 170 199 146 46 9 27 28 36 51 29 21 22 35 44 38 29 25 24 29 33 31 25 19 15 13 13 32 21 27 45 25 19 65 102 152 233 146 115 104 104 115 122 156 168 107 218 137 122 55 61 176 215 181 76 103 217 134 21 84 126 65 69 141 105 103 88 138 109 123
236 228 200 248 217 155 139 246 148 191 208 39 108 100 18 92 146 36 62 23 79 99 97 55 234 126 151 144 194 232 197 251 162 114 34 8 19 25 38 39 19 20 23 27 30 30 28 26 28 21 21 28 24 12 12 21 11 21 5 3 66 47 40 96 123 120 208 206 166 122 134 136 138 143 174 154 164 202 217 125 61 142 150 209 164 126 223 170 72 147 166 55 94 181 186 151 95 88 58 149
141 201 156 255 255 209 245 255 90 101 109 50 90 65 22 143 134 37 63 27 116 255 176 146 225 84 117 132 117 205 228 255 136 51 16 33 13 19 45 10 8 20 29 29 27 29 30 30 25 3 0 18 19 3 6 28 29 18 6 13 35 37 36 71 47 54 127 168 158 189 254 220 137 92 101 38 98 123 168 124 40 92 77 169 208 122 142 187 117 113 120 55 76 186 252 217 136 94 29 115
100 151 101 229 255 248 248 216 39 31 38 100 49 14 79 255 255 174 92 51 101 255 138 187 202 115 104 87 52 82 128 143 77 70 12 46 46 27 26 21 17 29 51 29 22 41 34 39 25 16 10 10 12 12 13 16 25 9 28 43 20 15 25 16 15 43 80 115 149 220 255 249 207 109 109 63 127 213 231 209 139 168 230 123 188 91 11 41 62 54 51 39 101 156 245 226 197 132 88 41
135 107 66 189 255 254 226 130 138 89 50 35 15 6 107 219 241 175 69 62 40 95 28 89 92 51 116 152 97 101 24 92 36 65 35 24 20 30 44 33 14 31 56 37 25 33 20 21 25 21 21 25 26 21 15 14 20 14 36 45 20 16 28 21 15 51 110 140 186 196 216 216 196 171 106 31 149 219 230 244 237 114 84 178 225 177 51 39 76 108 135 83 142 160 234 197 252 188 127 55
77 97 73 146 91 41 171 142 111 71 38 79 120 170 204 172 130 166 70 51 20 47 61 48 36 29 58 71 10 49 87 123 61 72 45 0 9 35 46 27 20 38 59 42 23 20 7 6 15 14 19 26 27 21 14 12 13 17 37 38 14 12 21 12 13 35 46 59 77 102 134 197 255 221 152 234 254 171 75 154 223 118 63 111 92 213 115 20 91 77 77 98 207 207 187 124 255 225 182 102
77 125 117 94 82 40 1 138 124 96 26 109 93 179 122 8 173 172 37 87 145 73 76 129 168 211 156 26 35 58 190 253 152 97 46 0 34 46 36 19 15 31 45 32 14 9 8 12 6 7 13 22 24 21 17 17 27 32 43 39 24 26 27 11 2 38 26 56 7 67 83 145 250 171 214 236 176 69 101 173 146 117 190 178 45 52 54 138 90 50 28 109 145 115 89 140 142 150 158 104
91 70 31 81 91 121 16 96 124 109 45 111 19 114 85 22 97 116 32 141 197 148 122 235 251 226 237 80 62 90 207 240 170 101 49 16 48 42 30 24 9 24 30 26 13 5 14 20 11 14 23 33 35 28 23 23 25 25 26 24 25 30 22 3 0 45 58 92 19 76 102 98 149 47 120 193 128 178 204 213 232 224 193 124 100 95 102 139 194 126 107 207 216 136 22 13 44 59 92 68
243 227 22 104 106 151 88 98 116 82 69 90 4 62 88 80 70 78 55 66 7 177 173 96 217 255 238 187 215 211 203 174 87 69 38 16 21 13 19 25 29 40 37 38 24 7 16 17 19 24 35 43 41 30 21 18 16 15 13 14 21 24 17 8 29 46 72 85 67 93 189 144 121 133 243 149 110 160 170 93 145 196 83 79 113 75 67 62 155 87 94 113 141 145 152 142 52 44 62 45
244 250 192 218 66 170 151 185 138 55 70 71 46 103 161 182 147 48 79 90 84 209 155 0 55 132 142 255 255 233 215 119 53 59 20 20 10 0 12 19 41 46 32 36 26 10 26 28 27 27 30 33 28 19 16 18 25 32 33 33 31 24 25 36 55 60 77 114 148 110 218 164 76 97 137 162 126 122 54 70 197 242 109 77 46 18 14 39 52 24 124 164 167 167 174 119 54 40 49 26
201 255 211 244 133 243 193 186 115 20 57 76 86 160 214 250 196 62 63 28 145 55 24 115 90 118 157 255 201 111 72 111 103 85 15 40 34 14 18 20 24 24 4 15 16 12 44 54 34 28 21 16 11 10 18 28 21 35 41 36 22 5 12 41 55 58 39 111 147 60 132 89 45 48 36 84 71 48 39 127 190 161 109 96 70 87 74 150 126 63 146 205 135 111 93 47 22 25 45 18
213 198 132 250 175 255 211 119 86 69 36 71 80 170 225 252 236 126 98 133 238 124 70 106 15 48 29 158 105 16 40 50 72 88 27 37 36 11 11 34 29 10 16 27 18 24 44 50 33 24 18 19 22 23 25 30 21 19 29 28 5 0 10 26 28 49 0 47 93 10 58 64 115 144 110 37 138 116 68 90 85 62 117 119 200 246 165 255 216 118 94 110 54 39 73 40 50 65 31 24
111 163 143 147 143 197 149 86 88 111 42 130 102 129 205 224 198 120 136 143 115 159 159 57 89 158 146 71 105 65 38 25 0 47 58 6 8 22 55 23 57 38 34 31 13 15 34 40 30 25 20 20 24 26 21 14 17 11 15 17 9 11 21 25 33 26 8 26 82 16 38 43 139 122 88 99 164 234 204 148 167 254 253 163 255 247 118 171 147 47 57 130 64 54 12 19 54 69 36 24
160 129 61 98 7 42 84 65 39 132 92 225 116 137 128 163 111 77 75 116 40 45 11 73 140 137 181 120 118 43 54 48 41 31 48 16 9 26 50 41 30 30 42 46 32 25 25 19 17 25 27 21 20 26 30 27 31 18 11 9 12 27 36 29 21 2 42 0 25 54 109 88 159 129 132 0 94 251 255 115 184 237 249 208 236 114 29 40 23 4 85 36 2 43 43 48 94 97 52 13
27 96 58 167 160 117 27 90 63 132 130 205 155 41 153 138 36 164 152 218 134 164 203 187 209 161 55 86 158 99 84 55 63 42 65 87 20 3 0 80 17 32 53 66 66 59 44 26 5 26 33 16 4 15 35 45 33 22 13 6 10 33 49 42 40 38 69 25 30 68 92 76 54 103 162 62 111 77 81 27 180 250 250 172 99 43 80 11 38 0 54 12 47 59 41 18 38 62 72 73
120 54 77 155 137 78 9 58 28 155 181 110 250 114 83 174 151 173 156 208 204 248 248 237 250 240 126 137 109 52 61 38 91 80 67 70 56 85 33 92 21 29 28 24 32 38 26 11 5 22 26 11 3 16 31 37 11 13 17 13 11 29 47 44 39 45 44 85 79 50 6 17 60 100 0 37 13 0 47 151 206 163 52 103 144 66 47 0 34 47 71 71 85 145 136 101 67 54 55 58
63 179 177 202 173 79 69 173 164 211 173 168 215 96 81 131 31 13 78 94 59 125 238 228 81 112 126 90 64 131 163 113 21 60 67 19 28 59 24 51 40 50 36 18 29 42 34 21 9 12 13 16 27 40 39 30 9 16 29 31 20 23 31 28 13 2 28 104 22 44 60 18 63 95 33 69 22 96 55 104 74 176 135 135 107 19 16 12 83 48 23 44 61 79 111 98 36 8 24 50
47 161 96 51 87 73 66 134 114 211 255 115 139 176 194 103 133 204 117 128 172 103 216 132 77 243 233 33 37 168 135 131 45 52 48 45 71 101 40 9 9 34 27 7 20 36 28 18 15 13 14 23 36 42 39 32 23 19 27 32 24 20 22 19 18 4 47 76 0 97 155 39 9 43 66 45 58 146 98 101 53 102 69 69 119 128 125 36 30 61 85 45 22 37 117 101 83 46 55 62
255 78 245 197 157 64 48 155 154 214 218 129 58 124 229 179 109 160 159 60 78 85 160 106 50 219 228 73 0 75 47 113 113 92 44 63 47 131 105 90 0 31 25 1 13 33 34 33 26 25 25 24 19 13 17 26 25 6 5 15 17 21 29 30 11 28 38 42 72 192 169 54 90 190 108 97 190 239 212 72 104 78 43 66 163 138 118 52 122 91 73 108 42 53 79 107 62 52 86 86
175 99 221 107 145 98 76 60 0 46 117 60 238 250 127 130 232 217 120 82 10 49 217 202 66 174 196 99 96 131 74 136 148 71 69 79 30 105 86 72 25 61 47 6 8 22 24 46 33 43 47 28 35 25 9 39 37 6 13 24 43 34 41 40 37 36 58 79 50 128 171 105 158 230 199 111 232 250 239 52 137 139 132 158 204 114 45 51 228 146 3 38 24 10 29 63 31 29 13 68
121 209 147 46 47 50 81 161 100 117 52 1 72 88 50 112 204 176 193 183 107 66 65 54 151 173 125 114 163 222 179 171 156 0 183 228 128 154 108 63 45 123 40 24 32 23 55 38 54 47 44 46 61 61 34 12 42 40 23 26 32 50 66 69 42 46 71 73 39 57 81 81 38 64 83 39 71 91 119 153 211 119 0 111 218 163 111 30 131 110 58 48 38 46 43 26 51 39 17 33
113 212 170 50 54 41 67 140 27 53 53 98 18 97 134 64 214 255 224 242 100 119 171 180 145 114 58 162 177 160 145 151 152 32 255 238 222 255 196 190 216 247 135 60 63 41 68 48 53 38 24 40 50 61 55 26 20 39 15 38 40 44 44 40 36 28 33 16 56 93 75 59 66 56 57 50 51 66 24 60 59 85 33 91 88 85 130 101 105 97 134 116 75 33 9 0 22 32 47 26
164 184 232 107 20 98 21 8 48 105 41 83 98 95 37 93 203 238 212 131 118 211 255 155 111 77 31 167 148 110 135 201 255 224 169 113 238 243 236 136 252 241 255 60 138 95 7 67 35 57 43 50 44 52 58 56 31 37 9 23 30 25 81 127 39 19 38 9 57 97 74 57 71 69 32 17 47 93 108 108 55 14 12 49 73 92 73 86 89 76 126 127 64 9 19 49 14 24 60 21
103 102 9 135 24 76 58 82 44 18 54 122 175 166 82 115 143 148 39 167 243 210 159 99 44 76 100 242 247 218 154 146 249 252 237 76 81 128 150 162 239 255 207 252 66 105 105 108 202 216 123 46 30 60 27 0 11 29 48 33 36 5 77 117 72 14 56 53 52 42 29 32 16 26 52 37 84 88 130 131 93 32 48 48 107 108 32 44 32 44 56 60 20 35 86 98 53 27 36 2
138 70 117 28 82 182 43 115 175 119 183 217 248 219 108 77 135 126 90 38 165 130 17 36 0 26 63 164 156 144 103 110 169 201 215 32 0 106 150 199 127 204 255 249 0 115 138 0 202 255 200 76 24 88 60 34 75 63 84 34 66 73 121 99 35 0 57 76 46 43 57 59 57 37 89 37 71 85 133 174 104 78 77 100 191 173 92 32 56 63 52 59 43 60 76 53 46 27 28 19
148 9 150 8 139 131 70 125 146 115 149 255 255 196 110 110 160 146 59 55 74 90 49 70 57 55 93 166 114 117 195 255 247 235 255 97 75 214 193 249 144 194 143 170 117 63 41 105 255 255 247 199 174 242 130 22 45 7 54 46 120 181 182 110 18 22 69 88 41 56 102 122 93 87 105 72 39 39 82 140 110 53 46 160 230 177 130 92 101 78 90 85 86 56 30 21 36 47 41 52
100 9 44 107 82 67 219 233 156 190 152 254 232 220 217 214 193 127 100 130 37 42 89 64 47 38 72 125 56 89 226 255 252 238 231 230 197 212 255 254 215 184 119 126 213 73 53 138 246 213 255 255 178 215 120 48 68 0 37 47 117 225 249 217 142 80 43 86 72 68 78 92 77 58 3 91 59 34 67 106 60 21 30 115 113 109 111 103 66 40 89 48 73 56 43 69 82 86 43 51
144 91 129 76 76 68 212 255 255 238 130 50 67 123 142 90 18 35 106 183 42 65 171 99 55 80 76 68 107 125 183 245 253 255 255 252 255 231 255 180 228 210 153 132 154 98 142 94 63 135 236 97 58 122 141 187 222 144 93 50 76 169 255 255 238 164 39 53 40 37 31 44 51 56 14 58 48 40 34 94 83 56 28 56 43 43 62 83 36 0 27 79 49 43 38 44 67 57 24 29
176 67 106 74 153 151 90 112 246 88 0 105 130 167 129 61 49 119 221 232 158 164 213 224 174 192 200 132 78 81 142 184 248 246 239 250 255 246 249 180 202 235 255 255 100 88 101 132 105 139 160 112 83 176 228 248 252 164 109 111 141 195 248 232 238 157 46 34 18 11 46 72 61 50 73 21 36 38 57 132 134 84 44 81 68 48 49 63 25 10 33 69 37 30 22 23 26 49 57 17
14 137 165 56 197 243 62 62 181 0 161 141 162 174 105 58 35 115 204 166 173 90 25 86 92 116 255 248 123 55 140 255 255 255 248 238 232 251 255 255 255 253 240 255 139 158 41 105 125 90 225 153 228 243 245 197 150 192 197 213 239 255 238 146 113 123 101 71 36 37 97 96 68 44 80 40 90 84 83 116 127 64 17 80 127 136 89 35 40 38 38 56 44 57 48 37 19 62 88 51
74 53 99 141 69 43 59 11 89 165 126 116 59 207 222 63 122 47 150 141 96 149 255 219 174 118 238 159 121 62 27 73 140 201 255 249 244 247 238 255 244 246 255 250 243 255 88 86 148 102 0 80 218 248 234 72 136 186 183 233 255 234 222 245 255 170 87 86 46 16 63 86 46 33 22 84 127 109 72 55 58 105 111 99 50 46 38 11 29 35 13 27 41 70 49 8 27 58 61 74
44 92 108 196 167 103 107 5 90 128 135 64 86 74 73 73 169 163 144 200 251 190 250 243 230 17 189 117 53 95 156 126 79 153 247 230 255 255 240 237 255 247 248 169 191 255 223 175 57 141 255 81 172 176 118 28 97 119 49 74 211 253 244 255 189 133 57 66 14 16 48 58 41 41 25 94 102 97 54 43 38 90 88 62 20 43 57 34 64 83 57 69 81 106 78 19 13 31 21 30
49 130 128 94 117 98 97 81 210 203 162 72 207 174 71 82 110 124 4 132 252 180 163 180 166 9 101 50 76 90 99 112 91 92 110 65 131 161 169 160 254 254 236 226 255 255 216 197 70 167 148 73 127 201 78 1 58 124 96 10 43 72 145 247 255 137 11 67 49 35 43 74 55 41 70 58 64 84 43 43 53 73 68 73 36 36 53 59 79 97 66 69 60 86 93 48 15 33 37 0
106 136 175 41 81 138 165 210 255 201 102 87 238 248 151 235 255 226 60 125 155 199 123 38 56 92 121 69 72 74 61 43 69 39 19 0 46 71 77 66 123 162 160 217 248 135 78 166 208 252 77 209 169 187 111 132 79 211 255 77 45 141 238 243 214 168 73 60 30 28 47 56 54 33 66 31 36 54 39 43 55 38 31 78 59 36 40 59 72 75 40 45 24 57 95 62 23 36 44 19
187 88 151 71 159 210 204 217 168 149 113 174 239 228 92 201 207 136 37 174 177 237 107 71 83 203 156 130 76 30 49 86 24 17 17 40 55 54 45 41 13 36 62 102 94 14 41 152 131 255 242 255 186 204 174 196 251 237 248 48 14 129 247 229 131 119 67 55 56 44 68 69 63 61 53 55 32 26 66 91 93 56 35 83 66 37 39 63 53 45 15 37 16 42 77 30 8 8 2 42
152 54 84 74 174 227 155 115 52 134 208 68 56 117 58 139 139 101 91 190 203 214 27 132 88 99 127 65 56 42 58 40 27 28 31 67 50 52 54 39 3 18 61 91 71 33 54 106 44 201 255 176 172 255 217 202 255 249 238 200 60 12 145 239 246 154 78 56 49 46 58 74 81 79 66 41 24 35 72 105 107 87 60 56 68 35 1 47 41 18 19 20 6 22 41 25 7 19 2 38
46 52 0 81 185 218 94 62 62 129 234 195 191 117 195 81 57 71 116 161 127 156 7 61 68 71 79 8 50 43 5 14 77 69 55 77 53 49 43 25 8 13 0 51 26 59 34 59 53 161 160 62 101 255 240 186 238 200 249 255 189 98 53 76 110 58 28 27 11 0 6 27 43 28 13 14 32 55 72 80 58 66 75 51 64 19 0 37 21 5 17 27 14 20 29 12 39 41 15 38
0 81 17 3 134 168 51 135 183 241 255 255 201 33 121 64 71 194 150 220 144 123 154 0 98 160 207 75 33 23 12 65 73 60 32 46 28 27 18 0 20 37 0 42 5 64 38 56 44 8 75 71 32 188 255 163 139 113 235 248 255 197 74 96 121 93 90 95 66 31 29 43 55 32 12 19 44 57 48 32 23 40 71 33 59 16 9 28 14 6 27 47 36 29 28 14 52 46 20 30
89 124 77 29 141 193 171 255 255 243 239 246 251 158 69 67 45 222 175 114 180 132 17 41 51 48 89 33 24 56 59 36 53 42 11 27 23 30 22 7 10 29 28 22 3 19 28 41 9 33 36 29 53 55 33 76 77 102 249 224 255 206 73 102 81 53 51 64 49 25 24 34 48 36 28 34 47 52 43 31 27 24 37 14 53 35 23 28 25 19 37 57 49 37 33 26 39 32 18 20
92 85 43 90 79 91 168 145 135 125 210 221 175 156 91 106 7 81 96 112 145 70 49 88 69 42 44 46 51 63 86 51 43 40 8 24 28 39 30 18 7 9 24 12 21 6 17 15 5 12 27 24 33 34 31 43 23 43 133 103 151 106 6 28 43 15 12 27 23 12 20 34 34 30 27 28 31 32 29 25 38 18 10 13 46 52 29 33 32 25 29 38 35 29 28 28 33 23 19 9
90 119 113 78 86 66 133 42 76 39 30 117 48 90 101 158 130 114 148 132 189 179 122 123 201 195 106 47 64 81 78 19 26 34 3 17 24 34 26 20 17 22 32 43 39 30 24 26 13 6 21 13 5 1 20 19 12 0 22 24 77 49 18 58 29 14 23 37 23 7 16 32 44 36 26 23 23 21 14 7 32 19 17 26 42 52 29 35 33 26 17 14 17 21 23 24 33 20 23 0
131 164 165 60 154 147 179 60 145 122 77 121 39 70 24 139 255 249 243 130 166 188 102 73 134 163 112 41 43 90 88 32 25 41 11 19 25 34 28 29 15 31 36 46 28 29 20 26 19 15 25 27 32 1 21 48 18 0 15 30 40 10 0 31 4 2 27 54 45 26 26 34 29 25 22 25 30 32 28 24 29 27 41 27 43 48 37 29 32 30 15 4 15 27 27 23 24 16 33 3
111 144 127 132 112 74 167 35 117 133 252 138 75 105 18 127 230 241 255 154 62 50 100 74 6 1 54 71 52 79 70 27 29 49 16 17 17 22 16 21 24 28 30 19 22 22 17 3 13 9 8 6 30 11 28 37 29 13 29 33 21 20 14 33 11 7 32 66 64 40 24 16 18 23 29 30 27 24 24 25 36 35 57 16 46 49 51 21 28 33 17 3 19 36 31 22 12 12 46 20
112 125 125 115 115 62 85 0 76 114 216 87 49 87 47 89 63 101 156 129 61 24 121 186 125 46 49 51 20 45 56 14 27 29 4 19 15 25 24 16 12 27 27 21 22 19 11 11 20 32 16 9 26 17 6 25 12 15 31 39 32 29 30 23 28 33 46 56 45 21 8 9 8 23 34 29 18 17 25 33 28 28 30 36 46 50 40 26 38 24 15 18 24 25 24 25 21 22 24 27
86 116 148 115 170 113 82 64 115 127 137 65 35 35 50 101 18 108 98 66 59 56 138 252 238 94 33 35 26 32 24 0 30 32 8 24 21 31 31 25 24 33 29 23 28 25 15 12 22 31 19 15 29 17 7 28 23 14 14 14 6 6 5 0 6 5 5 9 16 19 14 6 12 11 15 20 17 13 22 36 15 18 26 40 55 60 46 28 35 26 20 20 20 17 16 19 17 18 20 21
79 84 129 73 83 68 36 106 97 93 174 158 139 29 22 105 149 201 109 102 111 118 160 255 166 71 43 59 59 49 37 40 31 32 9 26 22 32 33 30 27 28 19 15 26 25 13 7 19 23 14 18 31 19 11 31 52 36 28 28 26 29 26 12 22 24 18 10 16 30 29 17 14 4 6 22 27 20 23 36 9 13 21 34 50 56 46 31 30 25 22 20 16 11 12 15 25 27 27 26
58 11 68 63 3 48 45 108 130 100 2 80 73 66 70 108 161 160 115 217 191 140 69 40 70 80 105 97 67 33 3 8 29 29 5 22 17 24 26 25 23 18 5 6 23 26 12 5 16 12 6 16 31 23 15 27 27 13 10 13 13 16 11 0 22 32 35 26 17 16 16 14 9 7 15 29 34 27 21 22 15 17 17 20 28 36 37 33 25 21 16 15 15 16 18 20 34 37 36 32
58 2 56 107 72 90 76 54 134 110 147 49 41 34 37 59 94 74 66 196 166 140 78 20 14 47 70 55 52 47 21 23 30 28 3 19 11 15 17 18 21 14 2 7 27 31 19 14 20 12 6 14 27 25 17 18 30 20 20 22 18 19 19 9 9 12 20 26 20 9 7 14 12 24 30 26 22 20 13 3 18 22 21 16 15 21 28 32 23 16 9 9 17 26 29 27 30 33 32 25
63 60 65 90 114 70 61 33 112 99 126 96 72 43 68 58 70 99 112 165 137 112 51 15 29 29 23 11 30 41 25 39 35 32 6 22 11 12 13 17 18 12 2 8 27 28 18 17 25 22 18 17 20 24 20 12 24 16 17 17 13 19 28 25 20 8 6 19 26 20 16 20 30 43 41 22 10 14 12 2 13 22 27 24 20 22 27 29 23 16 9 9 20 31 33 29 21 26 24 15
45 102 40 44 71 52 70 108 137 30 93 62 61 18 41 53 18 43 67 65 76 74 37 26 19 15 12 6 26 41 36 56 41 36 10 26 14 13 15 21 16 13 5 9 21 17 8 11 18 26 30 17 8 18 24 14 24 17 21 24 22 28 35 31 21 13 7 10 16 19 18 16 36 40 36 23 15 16 17 14 14 21 26 27 28 30 29 25 24 23 19 16 21 28 27 20 17 23 21 10
61 137 30 64 49 94 99 163 145 94 93 125 52 71 103 102 64 17 36 20 51 65 48 32 29 32 30 14 26 43 31 34 42 38 12 28 16 14 18 24 20 18 12 14 20 11 2 7 4 24 35 16 0 12 27 19 21 15 20 25 21 19 15 2 12 24 28 18 14 22 29 28 23 20 21 24 23 19 17 19 21 22 21 22 28 33 30 23 24 29 30 24 21 21 18 11 13 20 18 6
86 171 28 51 54 126 63 116 92 105 148 102 39 0 8 40 30 43 75 22 66 73 78 53 47 43 30 32 44 32 23 40 43 37 19 25 23 13 24 25 31 10 9 19 13 5 9 13 0 21 32 17 3 8 19 23 15 9 18 35 32 10 3 13 17 32 31 12 8 25 34 28 16 14 11 11 15 18 21 22 30 33 33 30 25 19 11 5 15 16 19 23 24 20 12 5 12 16 18 16
46 95 0 56 19 55 86 59 79 69 113 120 99 90 99 101 120 146 158 64 81 103 116 86 57 38 28 41 47 28 23 43 69 48 14 15 18 13 21 18 25 12 15 25 20 14 13 10 1 17 25 17 8 11 19 23 5 6 20 40 40 21 7 8 15 26 26 14 12 22 26 20 24 20 14 11 13 17 20 22 18 25 31 29 24 19 17 17 17 26 25 14 10 16 15 7 11 15 17 14
0 60 37 78 18 47 143 94 154 88 62 53 66 163 213 196 152 109 68 63 106 111 116 109 92 55 43 57 45 22 27 47 63 46 15 14 13 7 20 22 15 8 12 19 19 26 30 22 7 11 15 15 14 14 18 22 3 7 19 34 40 32 20 13 10 14 16 15 15 18 18 15 23 21 19 18 20 22 22 21 13 15 21 28 31 28 19 13 12 28 28 9 5 20 25 16 11 16 16 12
53 77 61 70 22 26 84 122 94 64 43 20 34 189 255 217 206 187 74 99 97 106 124 112 96 58 49 52 26 11 26 43 20 28 22 24 11 0 23 40 23 15 10 6 7 26 38 31 11 7 7 14 18 18 18 21 14 13 12 17 27 36 35 29 9 6 8 14 18 16 15 15 13 15 19 24 28 27 22 19 18 11 11 25 39 35 15 0 11 20 21 13 15 29 35 30 13 18 19 14
82 143 77 30 0 70 91 61 29 58 90 84 81 185 207 160 203 214 89 203 176 144 123 88 45 31 36 34 9 3 19 24 1 18 23 29 14 0 28 50 43 32 19 6 3 20 29 18 12 5 4 12 19 20 19 20 22 17 9 7 19 36 42 38 20 14 13 18 19 16 15 18 10 11 13 17 20 20 18 16 22 14 12 20 26 21 12 7 32 20 12 14 21 28 34 40 14 21 24 19
61 68 4 95 36 20 60 33 23 35 56 69 85 107 68 33 117 123 38 214 204 141 80 47 11 19 35 39 26 15 12 6 25 26 16 23 18 10 30 40 41 31 24 17 13 22 23 8 8 7 8 11 16 20 20 18 20 16 11 13 23 34 36 32 31 27 24 22 19 15 15 17 16 12 6 4 6 9 12 14 18 19 21 17 5 0 11 31 54 28 8 9 15 19 27 39 15 23 29 26
55 70 39 132 52 18 60 16 18 36 57 77 121 87 20 14 85 121 84 116 81 65 36 19 11 20 34 52 57 36 13 8 44 34 13 20 22 15 26 26 27 16 16 20 20 24 21 7 4 11 14 10 11 18 21 17 18 14 14 21 28 29 26 24 25 28 27 21 15 14 14 14 16 12 8 6 8 11 13 14 16 19 24 20 3 0 6 29 42 26 10 6 9 16 25 31 13 24 32 30
65 68 45 70 24 31 45 23 14 81 119 104 131 72 31 76 63 53 62 50 45 32 0 6 8 9 15 46 71 47 17 22 40 33 17 24 24 13 22 21 26 12 10 16 15 16 13 1 0 14 18 9 7 17 21 16 20 14 15 24 28 23 20 22 11 21 24 17 11 12 14 12 9 11 14 19 22 21 18 14 18 16 20 25 17 2 0 7 13 16 13 7 10 22 27 24 11 23 33 33
57 33 24 87 29 32 66 71 70 106 113 103 94 56 24 35 23 0 1 47 33 31 26 37 41 20 9 48 50 45 18 22 27 11 8 27 40 34 23 20 26 29 21 6 5 12 7 0 0 1 2 3 9 18 24 24 18 22 20 17 21 28 23 12 15 22 17 11 17 18 13 14 13 9 12 24 33 31 24 21 26 20 21 25 19 6 0 3 0 11 18 15 12 16 22 23 11 22 29 26
47 76 90 95 37 52 110 95 62 70 72 93 108 64 28 46 66 42 34 59 64 64 49 41 62 55 42 42 32 31 30 38 21 10 7 17 26 25 21 20 29 33 25 10 9 21 22 13 8 13 13 9 7 11 15 15 18 21 18 14 19 31 35 30 18 27 24 20 27 28 23 26 18 17 16 14 15 17 20 22 30 31 32 30 23 17 19 25 6 17 23 19 14 16 19 19 1 15 28 31
57 59 45 42 49 82 116 50 8 17 36 90 126 73 0 0 87 78 67 63 90 88 66 40 46 58 61 32 20 20 38 44 16 16 16 17 17 16 15 14 33 39 35 20 17 25 28 22 12 17 19 15 13 17 20 21 24 27 22 11 10 21 28 28 27 37 34 28 31 28 22 23 20 27 26 15 10 17 26 28 29 35 35 25 17 18 26 32 11 20 26 24 20 18 18 18 1 12 22 25
22 48 52 58 22 17 75 92 104 81 40 42 83 80 52 53 72 83 77 50 80 75 60 35 23 37 55 30 29 18 31 25 29 39 45 39 30 26 22 19 35 43 42 28 19 20 20 15 11 15 16 15 18 23 24 21 19 26 25 13 6 10 13 12 30 39 35 26 25 18 8 7 18 31 33 22 20 31 38 34 29 36 32 18 11 16 21 21 11 19 26 28 25 22 21 20 12 15 15 12
52 48 14 55 27 17 44 80 102 78 36 35 67 56 32 42 66 82 76 35 46 37 41 39 40 33 41 29 39 19 20 10 27 37 41 33 22 18 18 18 34 40 37 23 14 16 20 21 14 13 11 11 17 22 17 8 7 21 27 21 14 14 12 8 17 25 21 16 20 17 7 6 17 25 24 15 20 34 38 30 31 34 30 20 18 23 22 14 13 18 25 29 27 22 19 18 15 14 13 13
47 65 20 49 10 3 19 63 93 59 25 39 60 28 18 65 81 78 63 33 22 11 26 44 56 31 20 20 29 19 21 24 23 25 25 20 13 12 19 26 32 31 24 11 7 16 30 38 14 14 14 16 23 28 23 14 14 26 33 27 21 20 18 12 5 11 8 9 23 28 21 18 19 15 6 0 7 21 25 19 23 22 21 20 23 26 21 13 17 19 24 28 25 17 13 13 8 10 16 24
52 77 31 37 23 15 24 44 48 33 21 44 56 14 6 62 79 48 32 42 24 13 16 36 37 26 13 20 14 18 24 40 32 28 30 35 34 29 31 39 27 25 18 9 7 17 29 37 12 18 23 23 25 27 26 22 22 28 27 18 15 22 27 26 18 19 11 11 28 33 23 17 17 9 1 1 8 15 16 13 7 6 8 14 17 14 11 11 16 15 19 24 22 14 10 12 8 9 15 26
55 64 18 17 42 25 26 23 18 30 32 44 51 19 10 52 60 11 0 49 37 25 10 20 15 28 26 35 11 18 18 37 17 13 21 37 38 24 16 20 23 23 20 15 13 15 18 19 15 25 31 25 16 11 10 10 15 16 10 1 6 25 41 47 42 38 22 16 29 29 13 3 13 8 8 16 22 20 16 15 0 0 3 12 10 2 3 10 11 9 13 21 21 14 12 15 17 12 12 18
65 52 29 17 29 45 40 23 21 25 25 48 63 24 4 39 32 0 19 7 22 17 12 10 7 24 37 44 20 7 37 51 18 14 16 18 11 0 4 16 21 29 33 26 17 15 18 20 13 24 32 30 22 16 16 16 18 21 15 8 19 43 51 43 44 28 22 31 37 25 8 0 9 17 23 27 33 38 34 24 16 7 7 15 14 3 2 12 13 6 9 20 25 19 15 17 15 23 23 12
53 51 41 26 20 28 41 49 53 55 36 30 39 18 2 23 17 6 35 20 25 24 20 13 17 22 25 34 17 9 42 59 31 18 8 8 5 1 6 16 22 23 18 10 10 19 30 35 18 29 40 38 25 15 18 26 33 25 25 33 32 23 21 26 30 34 33 27 24 23 13 0 13 14 14 14 22 32 34 30 19 17 21 26 21 11 10 17 24 21 21 25 27 25 24 26 20 27 26 15
49 49 44 29 12 13 37 65 66 66 34 11 25 31 22 24 16 25 57 42 38 43 49 45 31 20 13 27 19 15 48 65 32 16 6 9 15 18 22 29 29 25 15 6 9 20 30 34 23 23 28 31 24 13 11 18 18 14 20 31 28 14 11 19 23 46 50 29 20 28 25 8 24 20 15 12 16 22 22 17 13 22 31 30 23 16 17 20 25 27 25 20 18 21 23 23 27 32 30 20
58 50 42 33 17 13 37 68 65 56 25 12 43 70 65 54 38 46 66 59 45 46 58 62 64 41 23 33 22 6 21 25 23 15 12 18 24 24 24 26 24 25 21 15 14 20 25 26 28 14 8 17 22 14 6 5 1 10 13 10 13 24 27 23 24 46 50 30 20 28 29 17 21 20 18 19 21 19 11 3 4 18 28 24 16 14 18 20 18 26 25 15 11 15 18 15 22 25 22 15
53 48 47 41 25 15 38 71 74 49 18 19 55 82 78 66 46 44 50 61 40 24 30 37 44 24 12 30 27 10 14 6 19 18 18 18 14 8 6 7 10 17 21 16 12 16 22 26 25 15 11 17 19 13 9 11 18 18 16 14 21 31 32 27 24 29 29 23 19 19 18 15 9 10 14 19 22 19 13 9 8 19 24 19 12 12 16 18 18 28 31 22 18 21 21 16 11 12 9 5
23 32 43 41 21 9 29 61 70 37 8 9 30 47 43 31 21 21 25 59 38 16 14 16 6 0 0 20 26 19 23 7 13 17 20 17 9 4 7 13 13 19 19 9 1 3 12 18 11 18 23 18 8 5 13 23 30 13 12 31 38 26 22 30 28 18 14 19 21 16 13 17 16 14 14 14 12 10 12 17 24 24 23 22 19 17 16 17 18 25 29 28 27 27 24 20 14 12 9 8
2 14 28 32 21 11 17 31 39 24 14 12 17 26 23 7 2 14 17 57 39 26 25 19 23 18 9 19 17 13 16 0 6 16 26 28 24 21 22 25 20 22 18 7 0 0 5 7 5 18 22 11 4 10 20 23 22 7 9 30 34 20 17 29 32 20 15 20 24 22 20 22 28 25 22 18 9 4 12 24 29 19 16 24 29 24 17 16 15 15 18 26 29 25 22 22 25 20 17 16
8 9 16 26 32 26 14 4 12 22 36 37 35 45 43 22 7 29 24 55 33 30 33 20 26 25 14 18 18 24 36 16 5 19 35 41 39 31 23 17 14 16 14 10 9 12 11 8 14 19 13 4 12 29 30 17 17 19 20 18 17 18 21 23 30 24 19 19 23 26 26 24 24 25 28 26 18 12 21 35 23 8 6 23 35 28 18 17 15 9 11 23 29 25 22 25 28 22 18 18
14 21 21 49 43 31 11 27 26 35 51 65 69 59 39 24 26 10 6 18 27 21 18 22 20 18 22 32 35 32 35 44 27 31 33 30 27 24 19 12 12 8 5 30 25 27 17 28 22 31 26 13 17 34 31 13 10 14 18 18 15 14 18 22 32 34 31 9 9 18 8 17 17 17 15 14 18 23 22 17 13 8 12 26 35 30 18 11 7 13 21 27 29 26 21 17 12 9 10 15
26 30 26 50 44 36 20 39 48 43 38 39 43 42 35 28 10 3 2 11 19 20 20 23 15 12 14 21 20 14 15 23 31 32 29 22 17 14 10 5 0 5 5 27 22 31 25 35 18 17 20 26 31 28 19 11 12 14 16 16 16 18 22 25 17 26 33 20 22 28 12 17 14 14 12 11 15 21 20 16 15 11 12 17 18 16 16 20 20 21 22 23 22 20 17 15 17 13 14 20
28 27 18 38 32 28 17 40 60 43 23 16 21 29 31 28 23 26 25 20 20 23 22 18 18 13 14 19 17 9 8 15 33 32 25 15 10 9 8 5 3 18 18 27 14 26 20 24 20 5 9 32 37 19 10 16 17 15 12 12 14 17 20 21 13 24 36 25 29 34 16 19 20 19 16 13 15 19 17 12 13 15 18 16 10 7 14 25 30 27 22 18 15 15 16 18 19 16 17 22
21 19 6 25 19 17 9 34 52 34 15 11 21 29 28 23 41 53 52 35 25 29 27 17 22 18 19 25 23 15 16 22 30 30 24 16 13 15 16 13 9 32 31 26 5 19 13 11 25 3 0 22 28 12 10 25 24 16 9 6 9 12 12 10 24 31 36 20 23 30 16 22 33 31 25 19 18 19 15 8 8 17 27 26 17 10 14 21 29 25 19 14 13 16 20 24 18 15 15 21
