65 122 0 68 35 108 111 44 22 70 212 162 127 100 107 10 63 74 91 136 198 239 251 115 36 5 17 90 151 22 110 102 125 38 52 48 22 135 181 156 192 128 108 151 93 51 38 2 25 94 122 78 5 83 173 73 16 9 37 53 108 110 40 87 133 96 3 105 57 19 0 63 38 53 91 142 125 16 71 113 69 83 103 64 92 84 90 47 67 110 0 41 34 13 47 29 25 120 71 28
92 105 21 21 42 78 74 37 75 131 139 62 52 123 92 40 0 87 32 89 151 205 159 5 43 37 12 23 12 92 157 0 52 40 56 36 28 97 117 106 144 129 64 112 115 57 39 45 59 98 95 18 115 166 119 77 51 98 21 42 119 73 85 127 140 144 63 28 64 68 13 38 65 64 45 73 95 20 27 16 29 110 100 72 132 114 31 27 93 85 117 88 70 21 36 89 106 100 78 93
43 57 106 86 40 74 103 82 97 142 105 25 19 112 76 70 107 125 38 53 130 76 43 57 8 28 11 74 88 130 114 55 134 12 0 36 24 25 50 35 124 217 168 134 79 35 55 66 37 46 96 30 105 98 41 21 27 73 59 49 67 40 110 138 144 81 57 34 83 36 31 52 32 54 46 6 85 108 45 49 115 64 68 77 24 71 51 9 4 87 134 119 90 31 16 120 112 20 36 90
97 77 74 69 7 83 64 18 125 94 80 15 17 59 90 131 131 11 15 0 27 50 45 24 85 87 46 73 160 109 33 72 46 37 100 121 54 45 87 39 108 175 178 130 41 65 121 100 59 10 41 36 24 26 56 34 1 3 23 3 29 34 75 47 36 29 61 58 71 17 37 29 97 72 11 38 63 34 87 107 134 65 67 96 49 67 24 2 33 44 26 39 26 16 22 95 119 13 25 39
75 109 47 55 32 75 44 82 46 30 51 34 48 21 69 154 39 17 45 43 37 96 35 38 0 23 74 64 88 33 19 66 16 36 47 52 52 77 98 75 81 49 104 131 68 74 76 81 52 16 19 70 59 76 52 51 21 61 44 21 52 2 36 41 38 57 77 57 36 6 15 138 115 46 61 70 65 114 183 131 110 62 27 15 26 39 19 36 55 0 131 143 53 14 41 42 134 61 39 0
22 57 43 77 67 64 109 191 189 161 48 30 71 49 40 112 123 28 0 30 47 62 50 29 58 57 77 41 29 45 59 71 25 5 70 163 109 51 67 142 118 46 63 93 91 82 28 84 87 18 8 50 80 146 83 93 83 46 46 29 67 44 9 7 26 21 69 42 53 122 22 34 128 192 117 66 137 191 240 61 40 8 24 24 22 44 69 19 54 33 82 100 27 54 66 0 96 76 48 12
86 26 10 34 26 41 96 109 104 158 67 71 65 36 49 119 14 26 43 46 103 52 21 20 0 92 130 41 5 39 54 40 23 0 95 197 102 78 83 143 151 91 31 12 63 113 82 146 80 10 28 53 119 159 125 75 26 3 65 14 5 45 3 7 65 33 104 106 79 93 77 103 137 148 90 16 138 133 117 76 26 51 38 47 82 71 88 76 0 102 44 60 15 73 53 28 61 80 56 52
26 64 100 75 0 3 47 103 113 113 25 74 98 88 111 88 34 2 33 49 38 66 46 96 40 91 136 49 14 9 55 46 55 35 54 115 82 109 56 98 98 115 90 50 33 49 50 117 64 87 98 40 69 10 85 70 17 103 79 11 42 99 90 66 75 103 75 39 87 78 127 96 49 18 48 36 89 7 29 21 26 49 4 38 69 31 54 85 10 51 67 65 61 77 0 37 38 66 24 16
96 75 139 54 14 23 61 150 178 143 152 117 91 97 114 87 34 32 18 58 68 14 28 68 13 80 40 20 53 10 65 25 28 33 32 37 34 103 47 25 21 76 143 82 30 76 69 35 36 139 125 49 24 31 56 55 87 73 46 0 68 144 89 100 114 77 59 33 48 112 106 35 19 2 8 35 44 70 52 43 30 0 6 26 18 47 96 68 41 23 80 44 46 70 48 9 59 106 34 66
97 63 79 57 85 73 60 141 182 110 156 152 67 18 11 33 47 9 38 26 37 37 75 79 19 41 49 8 136 78 33 23 10 71 51 45 9 28 62 77 100 40 40 37 29 72 75 85 84 151 97 2 29 156 117 11 82 15 19 78 81 110 61 37 89 77 23 83 59 99 107 134 64 52 85 62 52 99 93 36 34 46 46 25 0 62 114 62 45 38 35 34 85 84 63 61 116 133 148 90
99 89 69 87 98 118 92 120 59 29 59 84 71 62 63 67 30 29 67 45 85 24 40 74 29 65 68 26 132 128 36 68 52 52 42 16 34 119 128 53 116 64 71 87 47 59 66 107 83 153 54 16 40 145 129 13 46 71 11 39 98 71 41 92 95 86 21 72 69 63 93 127 85 60 104 92 99 87 41 17 9 59 17 4 31 99 104 89 80 84 50 126 127 78 129 104 104 89 80 93
33 19 19 99 88 133 122 72 1 44 33 16 52 52 85 64 52 142 142 54 65 37 78 96 53 18 35 42 80 91 60 26 21 34 38 32 7 52 137 22 71 64 77 83 55 94 76 52 103 149 129 98 102 126 42 30 38 76 87 42 6 14 154 120 127 110 48 47 49 65 64 13 51 26 25 38 94 69 10 91 65 45 37 57 8 98 136 64 148 147 0 131 70 85 187 176 80 31 29 99
62 32 44 57 27 0 93 114 34 65 119 61 44 8 58 71 108 144 157 78 5 27 63 80 23 22 57 0 94 25 48 111 98 21 72 52 58 90 88 75 65 59 54 37 20 73 67 21 79 199 161 161 194 123 50 10 41 105 79 39 79 80 126 19 22 13 1 55 40 147 128 66 12 27 3 7 29 48 0 84 128 138 131 107 17 95 128 46 52 87 81 43 75 0 101 115 11 38 18 84
67 34 46 8 116 34 112 95 42 1 128 84 60 73 90 84 43 14 52 59 17 57 22 91 94 92 199 107 42 10 64 93 112 119 107 78 87 43 30 41 69 51 60 48 12 8 35 39 88 204 215 145 164 125 38 52 78 108 71 61 20 32 80 48 56 17 51 77 30 65 61 17 76 79 60 68 5 31 9 28 94 160 134 115 110 138 114 89 31 42 100 80 99 105 50 7 29 12 106 71
53 52 59 0 87 23 97 91 84 33 69 46 57 101 79 45 84 84 42 32 21 91 50 51 76 112 150 147 80 80 67 54 44 76 101 61 77 97 73 70 86 33 39 44 41 14 50 52 99 240 200 119 94 93 85 67 97 78 95 151 106 131 145 107 18 0 49 41 38 25 77 36 158 112 62 84 32 63 82 72 43 46 68 98 95 146 170 107 34 41 109 49 41 85 106 54 29 42 105 82
6 2 27 35 46 14 87 122 140 148 45 46 70 64 60 80 140 124 38 89 59 105 153 63 122 130 55 101 90 4 36 63 50 58 66 73 42 64 120 67 148 86 69 34 39 25 84 77 45 175 140 50 44 168 144 54 40 3 36 83 128 186 187 140 14 49 36 25 19 46 88 26 132 95 19 40 63 98 106 62 10 31 41 15 14 107 172 106 22 135 156 85 76 43 115 67 14 96 126 89
66 116 86 67 18 5 65 161 155 136 121 126 38 8 48 104 95 113 54 62 99 152 182 47 52 93 42 29 61 10 15 20 46 63 54 105 54 71 129 39 144 95 89 89 14 35 27 78 36 50 95 49 62 131 116 16 65 55 94 110 100 73 60 85 56 112 71 69 39 64 65 29 33 42 63 19 70 128 209 202 30 39 14 93 85 68 122 125 56 78 85 49 4 98 131 33 24 94 60 42
88 187 152 67 98 90 97 112 58 0 59 152 100 34 18 21 44 42 74 101 20 38 52 12 57 14 7 35 61 48 9 39 31 47 21 34 56 46 30 42 91 42 35 88 67 38 24 13 96 77 17 76 19 48 70 40 87 69 96 48 41 45 124 130 103 68 25 110 153 85 57 83 3 42 56 50 30 58 131 165 24 29 79 117 146 104 89 87 117 78 81 103 90 104 124 45 20 28 29 7
54 138 104 22 70 98 126 142 140 61 48 57 97 96 50 18 14 28 149 131 61 90 34 20 26 0 18 41 73 134 69 15 74 151 95 109 162 64 16 35 30 16 30 126 145 81 85 31 54 62 63 155 86 40 98 100 92 74 50 87 13 37 83 92 31 17 20 53 151 50 34 36 10 32 16 15 15 51 74 46 42 108 132 177 123 57 56 88 124 121 130 104 88 113 145 62 67 18 44 25
41 43 31 45 16 23 53 106 86 15 32 11 41 39 32 40 25 87 127 171 198 87 83 48 76 62 42 51 80 114 97 20 69 93 55 42 67 22 30 24 15 21 25 85 92 54 71 6 19 1 67 164 157 96 112 97 66 43 20 71 45 8 49 40 34 92 33 16 27 98 90 69 69 35 28 12 65 94 90 40 92 104 79 101 116 160 140 74 155 126 103 50 60 150 149 67 73 25 21 11
70 24 22 69 37 28 68 153 124 23 81 43 10 46 101 52 30 82 106 43 59 45 92 123 129 87 100 144 151 42 41 55 62 0 107 83 32 63 39 7 16 33 30 40 36 75 92 34 87 68 107 212 181 94 60 45 80 109 60 67 43 6 52 64 66 59 38 0 49 118 173 120 58 6 44 44 53 57 79 144 139 9 95 90 170 193 156 126 136 71 62 52 38 112 77 96 93 84 16 4
196 176 146 72 44 20 73 163 147 49 57 8 16 93 159 99 38 60 110 172 117 78 136 194 134 84 117 97 88 8 60 136 112 36 148 119 14 39 55 46 19 69 101 68 18 52 48 0 33 68 83 128 126 33 65 34 59 143 105 125 56 17 40 93 104 61 42 45 43 66 68 30 23 6 37 56 11 43 70 176 117 23 105 133 112 36 23 50 81 23 7 21 35 128 37 23 109 124 31 3
184 206 199 87 36 33 73 117 93 39 57 89 100 31 34 72 89 63 118 111 41 62 7 15 55 46 82 67 53 29 92 79 55 93 86 77 70 66 59 61 0 66 143 111 53 40 52 18 80 79 40 6 65 20 54 11 9 62 92 75 79 23 92 114 60 26 34 6 18 1 18 5 50 68 65 91 48 70 83 114 6 65 33 108 97 93 91 28 9 35 41 40 28 89 48 45 130 135 91 51
111 112 125 80 7 66 95 91 53 16 63 142 141 47 41 65 48 28 16 20 64 93 72 56 82 42 33 123 104 36 102 22 17 118 49 32 188 215 58 56 28 64 125 94 57 8 42 9 59 40 15 28 59 65 16 54 51 77 47 5 11 85 170 154 95 109 79 90 56 72 24 38 53 80 79 114 78 13 36 27 0 93 79 118 93 29 23 15 45 44 44 98 82 48 69 138 127 111 134 92
40 52 91 85 30 54 75 36 76 74 66 49 49 65 142 135 56 27 20 49 54 54 27 50 45 9 93 54 40 53 8 52 4 24 64 207 236 215 120 46 49 94 110 116 73 48 65 16 74 90 125 117 45 45 78 81 59 64 50 84 6 44 104 75 80 42 6 76 13 82 56 0 40 100 77 42 12 22 21 17 39 143 200 63 10 46 44 42 35 29 88 113 135 27 88 181 147 79 94 46
53 33 23 55 22 65 24 42 62 124 30 96 98 88 79 123 72 54 99 56 70 65 57 67 57 9 91 46 95 93 69 39 27 0 73 189 154 111 113 44 23 51 111 128 132 121 59 22 32 72 104 110 10 52 89 104 19 112 178 136 58 19 46 52 70 0 25 54 30 40 60 51 58 63 43 18 12 61 48 84 114 125 156 127 19 52 83 70 51 49 97 83 108 45 86 134 102 38 56 23
8 72 64 26 33 9 46 43 33 55 15 89 162 77 8 43 42 65 111 85 55 57 114 55 30 41 113 37 86 113 139 54 38 60 37 24 77 63 82 42 36 0 35 98 127 80 11 31 74 69 101 35 23 28 101 82 39 51 114 93 92 15 35 97 66 20 81 93 37 61 68 86 111 116 128 80 25 56 5 74 124 129 173 53 65 56 43 63 56 33 111 72 32 55 108 69 32 17 59 36
45 122 133 49 0 35 23 48 83 28 78 17 71 34 22 57 39 80 121 83 4 65 45 49 61 59 133 169 171 100 75 16 28 58 82 109 139 64 47 5 0 67 97 71 26 26 73 83 116 106 81 33 42 49 64 56 14 20 70 105 129 63 53 83 63 35 40 42 23 136 137 100 97 103 119 102 65 91 18 61 59 101 90 27 0 18 86 78 87 43 93 76 15 53 59 31 68 40 52 33
46 53 7 56 79 81 93 34 42 28 106 74 89 134 80 65 79 127 14 38 26 73 45 42 90 51 92 132 123 59 98 134 91 84 104 155 171 130 93 44 100 121 138 112 61 67 100 82 65 58 36 34 113 95 69 71 61 125 56 44 67 83 61 59 84 63 51 24 25 98 135 74 80 74 63 83 61 58 33 91 113 42 31 14 48 97 66 66 50 43 15 39 76 106 26 72 121 92 62 13
92 43 75 55 63 40 92 96 21 28 47 93 126 134 88 115 134 67 11 20 13 76 64 74 90 50 81 48 82 72 110 131 134 78 35 35 72 157 162 141 104 94 147 104 60 76 40 32 34 44 79 42 94 4 24 68 33 107 18 63 114 105 66 117 113 83 50 58 25 58 93 80 97 82 61 102 77 19 44 132 86 42 43 47 26 0 43 21 41 158 176 116 60 73 45 110 158 68 13 38
158 117 20 34 36 75 137 110 33 50 68 82 99 47 27 105 137 99 61 87 37 10 65 71 79 6 30 27 114 142 94 101 87 13 56 74 47 109 126 138 81 26 62 87 109 79 0 32 43 3 0 35 52 47 40 58 56 50 29 88 102 32 10 59 82 32 0 34 36 112 116 103 134 106 86 119 118 33 26 65 57 111 108 153 136 134 31 50 51 121 171 99 36 59 82 31 56 156 177 114
109 70 31 21 69 49 63 9 66 70 84 51 66 114 38 46 154 137 47 82 149 102 20 49 1 27 79 43 53 124 22 36 75 118 134 66 112 140 49 86 40 132 149 117 130 104 42 44 41 2 55 63 29 0 49 61 94 12 59 85 127 151 144 27 23 32 118 74 91 110 95 35 2 28 71 97 117 61 67 95 104 51 16 67 64 88 80 38 67 72 134 97 65 10 59 30 28 82 106 123
121 49 3 12 27 97 104 86 92 44 33 60 104 47 3 10 50 107 69 124 142 46 32 25 18 31 43 59 49 169 89 115 104 67 95 64 53 150 141 46 66 114 74 27 54 104 88 25 51 19 62 55 102 70 46 27 139 143 63 105 119 86 107 39 49 34 113 174 76 50 31 53 30 136 216 172 66 9 54 39 48 53 23 46 28 111 12 0 51 69 4 3 45 19 22 64 45 123 148 76
137 44 43 34 57 58 74 72 27 19 99 71 24 52 52 21 65 82 50 60 77 35 10 7 0 8 15 37 37 101 78 84 58 95 78 86 121 47 153 129 41 102 246 169 0 53 97 82 34 53 87 93 146 94 108 67 141 122 52 48 62 97 138 80 75 67 88 92 88 71 0 45 53 122 156 112 29 19 38 16 3 41 38 63 77 178 195 57 74 59 66 55 64 68 30 31 47 72 105 71
59 0 32 3 19 17 28 25 58 64 87 88 145 55 8 62 54 36 27 6 27 50 21 23 34 25 2 5 5 20 74 70 68 41 117 134 91 64 214 79 255 222 255 253 192 88 0 94 143 71 92 106 49 24 17 43 133 133 84 23 55 147 144 22 2 45 50 0 127 160 75 0 17 21 29 32 10 33 27 28 34 38 77 122 158 192 171 97 95 36 50 47 39 70 53 13 38 30 97 127
32 25 72 42 28 69 46 16 101 38 39 59 90 13 101 44 45 17 25 0 6 38 14 12 5 11 13 28 16 0 35 0 10 32 18 28 17 88 201 50 247 248 255 252 242 197 137 8 76 127 120 32 63 82 64 92 79 95 83 49 58 64 65 38 12 49 5 54 75 162 110 40 62 40 41 24 21 34 32 60 58 12 28 89 94 106 80 97 62 69 58 41 29 96 150 69 43 30 91 127
75 44 58 30 5 40 26 12 46 111 88 66 90 48 109 68 19 4 14 9 0 6 4 2 3 7 14 24 4 17 31 0 7 27 37 22 38 100 59 53 177 198 147 132 255 255 224 71 66 124 81 110 49 33 72 23 31 121 140 116 127 64 26 2 58 31 39 4 44 121 120 26 13 37 93 67 87 60 50 64 84 33 15 71 36 52 106 50 20 123 134 73 55 129 161 63 52 33 32 4
87 22 42 61 53 17 19 26 75 108 69 52 35 80 81 77 8 5 9 18 6 0 8 13 0 9 23 36 16 40 24 5 4 2 0 39 43 43 135 143 41 60 166 176 234 248 255 155 46 113 42 39 43 34 73 137 138 236 214 121 156 151 117 49 42 0 85 64 13 17 29 152 104 53 38 7 71 44 85 146 162 46 43 73 78 41 54 55 90 129 158 130 150 181 125 81 92 65 40 0
15 6 52 133 115 60 40 21 59 77 54 45 43 129 93 12 29 26 24 18 8 0 0 4 23 19 1 0 0 6 17 27 17 15 29 39 72 87 149 213 197 96 210 255 247 242 255 235 172 0 98 97 6 15 190 244 181 194 208 148 164 141 130 131 67 38 120 39 27 15 66 137 145 89 31 13 94 90 163 245 172 13 14 27 61 37 7 137 140 68 55 103 169 159 100 116 87 37 40 32
3 50 49 119 61 85 76 46 76 97 52 29 61 62 67 0 11 7 15 0 6 16 0 8 2 14 9 29 34 4 13 18 10 0 0 4 13 71 160 255 252 120 131 216 255 251 227 255 216 255 216 196 61 125 107 228 219 133 146 86 99 102 96 113 32 38 56 82 45 52 82 39 137 178 115 34 51 72 150 204 120 43 34 65 37 86 102 168 180 99 26 81 130 101 103 116 105 18 40 67
174 110 58 92 49 54 42 102 144 115 96 54 27 11 0 17 1 12 19 17 18 21 15 4 16 9 6 11 16 16 14 14 21 47 47 59 59 95 192 245 231 255 39 146 185 190 234 209 254 250 255 96 95 90 14 149 201 147 103 36 46 134 71 57 19 23 43 77 66 42 33 42 106 94 75 104 98 106 115 116 116 95 42 69 82 107 154 121 134 118 32 25 54 64 32 21 77 69 68 48
135 85 70 62 92 48 15 124 118 92 133 110 40 14 28 1 10 12 11 7 7 11 12 10 9 3 2 7 13 12 11 10 0 0 51 109 146 101 113 154 255 249 83 56 86 57 68 157 242 245 255 254 82 1 30 24 65 57 54 29 10 84 101 27 71 110 115 157 142 137 29 132 91 64 73 118 137 120 72 35 58 51 35 0 25 42 88 115 52 21 43 45 10 3 37 15 68 75 93 44
125 172 79 25 42 56 34 54 49 143 132 60 69 46 16 0 12 8 5 5 6 6 9 14 8 3 3 10 14 13 10 10 22 8 16 86 103 64 167 91 89 57 165 163 33 76 171 254 255 239 255 253 187 63 74 100 159 187 88 11 47 90 127 70 97 126 192 255 184 147 31 107 134 99 106 120 71 6 0 33 83 75 97 89 128 139 0 94 75 70 82 54 6 26 54 54 66 26 78 82
130 148 118 31 78 76 82 39 100 154 85 26 23 16 17 33 6 1 5 14 15 8 7 12 6 3 4 10 13 10 6 6 13 21 0 49 58 67 203 92 38 48 12 108 69 137 78 245 243 249 249 247 254 103 87 82 154 237 179 23 29 72 115 73 5 87 77 174 116 50 73 130 101 124 87 70 38 66 73 41 110 0 202 133 95 217 148 33 114 147 103 67 20 101 75 66 55 58 144 126
59 150 43 47 23 52 110 101 127 145 60 34 20 46 25 0 5 2 6 16 16 6 2 6 1 0 0 5 7 3 0 0 21 22 9 0 15 14 11 32 79 71 20 31 232 255 249 188 247 48 126 251 202 172 115 86 140 255 235 13 25 49 20 48 120 9 32 47 56 89 82 72 114 128 56 95 40 34 50 42 81 53 110 61 4 125 58 0 135 141 86 63 29 139 128 86 45 36 86 72
75 170 104 35 54 48 156 232 82 99 74 76 33 31 10 3 12 8 6 6 4 0 0 2 2 0 2 7 8 5 4 7 19 18 4 0 14 18 20 76 89 30 20 120 247 240 239 212 198 20 159 150 42 95 76 157 184 133 179 65 19 53 108 173 186 160 7 58 108 112 42 7 76 108 47 80 35 50 71 53 64 111 92 31 89 206 255 102 81 68 4 0 54 103 88 30 47 27 37 65
29 22 64 28 31 48 29 193 189 37 9 51 43 34 33 4 10 10 7 1 0 3 4 3 4 3 5 11 13 13 15 20 13 18 6 15 16 5 49 30 33 13 174 233 255 235 139 94 41 170 252 235 250 255 255 240 92 105 202 194 122 31 49 125 140 76 98 15 92 14 73 50 42 60 104 157 102 41 60 121 144 131 69 87 73 135 173 47 37 50 0 15 103 109 87 12 28 94 76 64
41 65 38 38 64 14 103 61 133 147 111 0 36 35 15 21 1 8 9 4 5 12 12 6 0 0 3 9 13 14 19 26 25 5 15 0 29 5 0 14 0 36 255 246 239 249 39 50 191 232 187 244 210 206 201 255 243 255 240 162 72 8 69 86 117 31 53 33 6 52 10 42 54 21 88 118 143 116 89 100 81 132 164 130 110 86 55 44 47 49 4 34 28 95 166 85 126 136 37 42
41 122 88 75 9 40 119 80 169 197 122 32 44 0 22 29 33 4 1 32 19 0 13 1 0 0 4 15 14 2 0 4 9 4 13 1 15 7 23 24 8 78 165 252 235 129 60 25 18 29 77 97 162 156 97 168 233 255 223 48 5 79 112 99 41 14 57 11 52 35 56 103 77 122 110 97 129 125 49 70 25 76 152 89 96 6 0 93 87 33 15 51 100 104 74 81 54 37 16 72
50 166 161 38 14 43 4 31 99 90 41 76 59 23 8 32 59 40 13 18 4 3 0 4 4 5 5 5 8 10 8 3 0 2 3 8 7 10 8 10 11 39 24 35 53 29 33 57 99 163 244 246 165 247 248 226 247 241 199 213 23 237 229 255 185 12 86 106 38 57 163 118 103 127 102 29 21 102 9 40 2 81 116 72 124 99 113 170 107 12 18 41 70 62 42 42 50 26 29 82
11 135 129 0 82 28 161 158 46 82 90 54 35 78 100 65 43 47 36 29 16 21 6 22 5 8 2 0 0 13 11 0 9 18 12 31 17 27 9 9 5 49 27 24 62 50 28 37 72 186 255 246 255 246 255 255 237 252 255 81 177 85 255 238 98 49 88 127 134 77 59 38 90 102 99 32 27 101 18 13 29 38 64 68 115 136 153 78 47 5 30 47 54 57 10 0 18 80 67 56
45 2 57 16 16 42 179 132 48 86 129 83 34 43 85 102 35 27 45 28 10 0 0 12 5 6 2 0 2 9 8 0 11 16 12 23 15 18 4 1 11 35 18 9 32 30 12 13 51 88 171 227 221 114 207 175 161 233 87 255 248 248 144 53 33 43 79 141 152 55 57 141 54 27 20 0 30 36 48 36 50 8 41 34 73 109 160 88 16 33 23 44 28 37 8 32 61 117 57 11
50 29 21 43 68 51 48 30 112 89 63 81 6 16 68 202 138 77 79 49 32 0 23 15 7 4 7 13 12 5 3 7 10 6 11 4 13 5 10 5 0 1 21 34 31 28 18 5 51 2 25 26 80 141 0 168 95 202 255 241 255 238 251 198 121 117 167 161 74 37 114 141 131 105 122 110 67 0 13 34 5 21 79 15 65 54 66 71 22 38 44 68 28 3 39 51 98 84 53 73
74 15 65 73 63 76 75 77 88 44 14 38 15 2 37 107 165 94 65 55 57 14 29 0 9 4 7 16 13 2 2 11 7 2 13 0 14 3 18 17 19 0 4 16 4 19 30 27 29 19 55 85 54 255 175 117 72 148 244 255 174 222 255 198 15 33 147 117 0 0 135 164 188 113 96 95 54 65 21 46 77 43 64 0 38 58 53 36 10 22 90 74 39 25 97 25 82 121 113 119
60 73 3 81 41 44 67 83 122 40 25 32 42 0 60 54 116 114 59 86 102 58 40 10 21 15 11 10 10 11 13 17 2 6 12 8 7 3 9 13 22 0 8 17 27 43 28 21 31 19 22 62 127 182 149 251 255 190 155 176 245 207 197 249 210 51 104 125 65 22 101 124 94 88 105 112 39 56 22 61 90 20 47 75 103 134 110 33 14 21 75 45 51 87 102 50 70 140 113 77
69 4 26 64 113 87 16 22 24 15 29 61 37 70 130 53 63 132 52 92 100 60 20 16 38 34 21 8 12 28 33 28 19 33 31 40 17 22 13 21 25 9 7 9 48 68 32 26 24 16 13 61 200 245 207 255 253 215 249 255 235 248 86 191 104 87 153 126 141 60 53 120 98 79 44 73 77 91 107 98 69 46 53 123 95 67 38 24 12 12 27 70 118 140 23 78 21 21 42 98
58 46 71 54 92 48 36 74 63 39 51 40 17 73 95 17 27 43 122 122 67 34 13 16 53 28 24 6 13 56 62 25 17 45 52 40 25 3 3 30 29 31 17 5 23 51 42 11 13 38 62 97 135 192 114 255 233 255 248 255 231 255 82 242 66 166 120 126 106 61 35 144 128 30 34 54 64 82 81 63 44 0 22 14 65 35 36 77 64 74 103 97 61 25 22 105 141 73 55 78
16 80 130 112 98 21 32 104 130 124 57 40 0 47 30 22 41 64 134 85 67 68 75 57 23 32 23 25 24 34 30 25 14 32 39 30 16 1 0 4 9 30 33 13 3 14 17 8 67 52 4 27 43 56 163 250 243 251 232 241 255 234 44 95 169 125 62 36 24 72 41 32 32 19 57 88 70 10 26 52 92 84 69 70 88 53 95 108 61 40 43 100 47 4 77 129 164 107 58 33
0 0 98 89 53 52 39 73 120 143 117 55 22 49 80 93 53 17 54 71 21 128 155 112 6 30 0 26 18 4 0 8 0 7 21 24 21 25 23 10 13 21 20 12 16 27 24 9 54 23 9 50 92 80 93 113 255 240 241 242 246 10 130 127 102 55 44 43 42 97 84 61 52 98 69 134 118 101 62 74 23 61 82 101 91 82 131 141 117 77 10 35 0 91 38 92 110 89 58 30
1 77 42 75 88 71 129 113 65 73 118 90 48 26 60 47 34 83 154 147 12 71 92 101 62 60 3 47 26 15 11 6 12 10 21 23 15 23 22 0 34 22 11 19 41 55 44 23 8 75 13 62 106 106 66 135 45 249 255 255 88 226 243 255 252 196 131 0 68 100 101 136 99 96 96 156 232 83 28 98 169 66 50 100 100 87 59 97 99 89 0 8 73 122 106 65 36 22 12 22
31 61 28 54 22 40 143 73 78 34 9 38 10 19 36 70 9 73 92 38 96 112 82 104 72 45 3 55 10 11 21 0 11 5 12 11 1 8 11 0 34 28 26 30 32 31 32 37 41 78 38 62 175 255 107 195 151 207 199 78 213 243 243 245 255 255 0 104 74 17 19 148 255 59 45 125 83 58 80 84 72 7 9 65 81 97 38 25 41 43 12 77 8 11 34 51 66 38 20 38
20 36 63 22 29 64 70 95 60 76 47 29 59 34 0 15 50 43 14 0 62 65 26 83 49 22 32 96 45 38 49 13 6 2 5 8 5 9 15 12 18 14 18 23 14 3 12 33 0 55 0 56 205 254 242 246 152 141 158 156 218 126 55 136 114 92 51 33 15 31 21 141 168 55 98 55 78 23 47 21 20 57 45 60 40 51 58 30 71 46 106 117 125 46 22 20 56 51 54 64
72 87 107 103 59 0 40 20 61 100 98 35 101 70 70 77 63 26 34 105 54 79 13 13 36 13 62 132 100 57 37 18 23 18 11 12 14 4 0 10 12 0 3 18 17 3 8 28 16 20 0 42 198 235 245 244 164 114 16 104 106 40 140 152 157 66 140 121 81 72 35 71 120 66 70 98 118 67 29 11 47 62 67 123 106 36 8 6 125 213 154 128 73 6 48 61 66 59 84 112
39 14 28 79 143 84 71 40 61 31 9 18 27 6 4 33 0 17 74 113 91 157 91 5 92 63 115 181 169 89 27 21 2 0 0 0 16 4 0 18 17 9 17 33 24 2 8 34 50 85 37 3 43 17 81 175 133 184 150 121 43 119 109 50 177 81 180 183 137 67 70 55 73 95 68 30 40 5 33 42 27 74 128 115 97 72 19 25 87 119 130 97 63 52 68 23 117 51 52 107
48 57 43 35 44 71 19 24 1 102 91 1 40 27 15 109 98 54 34 74 101 116 53 22 56 46 92 71 108 69 43 81 50 42 3 6 26 10 11 1 11 21 40 25 5 20 0 40 55 63 34 56 40 0 49 61 26 164 255 217 123 72 45 57 79 37 66 90 60 78 66 106 74 40 90 35 15 0 62 1 1 99 114 84 57 0 44 88 116 112 63 37 18 56 50 5 48 12 36 62
84 22 1 58 116 124 58 16 93 103 59 39 3 53 111 134 110 102 123 123 83 47 18 24 31 80 96 78 77 38 0 61 31 55 23 17 29 2 0 13 31 55 33 21 19 19 27 33 34 64 47 124 218 105 25 142 163 7 166 179 89 131 71 100 20 28 71 118 24 40 69 115 75 53 16 52 0 27 29 8 74 43 12 38 40 35 14 75 150 163 141 36 28 49 64 76 79 62 71 55
15 0 28 59 84 117 169 152 53 41 99 51 50 43 54 110 24 38 46 102 23 48 18 58 30 38 21 16 29 22 14 50 13 42 25 39 55 21 5 39 45 27 3 24 46 26 24 30 58 64 177 156 177 73 45 74 51 89 159 145 65 146 173 81 73 145 126 34 33 61 75 20 27 36 20 93 69 29 48 88 49 27 4 56 0 17 38 158 138 80 95 81 30 83 87 96 95 53 35 62
67 4 21 54 53 36 137 159 66 36 80 31 111 57 15 64 125 84 73 74 40 46 37 43 79 29 52 54 49 24 86 82 53 38 21 50 51 34 20 39 42 5 23 45 68 87 37 51 90 149 186 126 112 148 85 50 113 220 195 95 42 91 66 14 106 172 153 34 71 118 125 53 126 157 99 66 56 6 89 155 79 61 0 45 18 42 92 119 53 47 126 128 43 105 117 61 79 33 105 117
151 70 33 16 33 27 108 98 24 83 111 144 100 30 59 26 49 57 28 76 13 86 52 75 80 0 12 37 46 9 60 59 100 58 52 62 16 36 37 12 45 63 81 54 30 86 41 31 22 70 119 82 119 113 122 106 34 54 54 62 77 77 29 48 84 17 41 96 61 115 98 82 185 252 86 0 0 73 86 53 61 63 37 32 18 25 105 100 50 16 105 138 139 42 77 84 60 62 12 0
149 152 113 21 29 34 69 42 31 98 148 139 64 27 91 33 72 120 155 144 122 120 74 45 75 29 8 62 101 54 10 47 25 18 69 88 11 62 77 32 57 94 89 75 24 37 62 66 78 33 61 150 76 86 106 61 70 111 13 38 89 30 45 38 61 42 123 132 34 30 47 101 87 115 37 97 62 25 0 57 70 30 43 18 33 43 80 86 69 32 78 113 108 42 79 75 36 1 52 65
85 81 57 34 94 53 30 80 21 80 171 108 62 17 49 68 29 116 130 128 109 151 77 44 47 68 98 131 138 51 0 53 116 108 165 183 64 61 53 38 31 10 32 51 40 0 51 88 74 85 143 120 54 1 52 27 75 130 53 7 107 53 0 10 59 82 120 49 65 50 49 28 52 55 22 55 83 64 23 11 86 50 45 50 35 32 28 50 38 0 25 100 29 9 9 45 126 12 5 97
130 102 30 0 69 45 25 138 115 78 14 26 6 13 46 78 51 119 101 27 37 90 67 47 53 31 80 68 88 24 13 89 111 71 112 158 48 15 16 73 106 27 89 73 96 41 45 68 31 81 141 91 59 60 87 43 116 199 159 8 62 47 10 49 60 34 35 58 109 106 78 0 45 36 9 20 8 1 2 36 60 67 8 73 35 28 17 19 0 15 37 56 98 136 60 51 34 12 28 33
76 87 14 21 60 80 69 120 92 128 129 47 79 113 159 103 46 130 89 17 87 75 31 60 59 52 43 10 27 26 51 81 105 33 58 117 83 11 16 90 115 31 42 68 66 3 51 63 33 89 130 73 16 73 82 0 84 217 154 79 28 35 21 46 11 36 25 102 82 55 5 100 103 120 72 19 73 70 25 0 58 55 40 85 104 103 67 22 0 45 40 63 68 122 83 32 3 71 87 44
75 13 30 34 4 24 114 150 122 85 51 51 58 120 118 123 155 137 83 14 31 5 58 64 42 102 107 38 46 40 4 34 86 30 43 63 55 44 41 72 74 81 107 85 22 54 28 7 29 115 105 36 25 66 42 29 69 65 132 84 59 114 51 3 10 7 32 139 110 47 17 153 172 114 60 48 63 49 23 8 29 17 46 92 75 99 48 30 15 13 48 81 106 139 52 36 27 26 33 103
101 79 39 35 67 115 81 100 66 7 16 62 56 61 0 156 215 144 71 49 74 62 119 75 58 133 134 75 36 58 70 69 56 21 31 26 68 132 109 84 111 146 168 90 86 84 0 30 78 144 97 41 67 41 0 61 173 87 143 59 93 178 106 40 44 36 17 61 35 63 28 86 57 49 86 87 27 6 24 15 55 62 78 69 15 25 31 16 31 60 127 156 166 139 30 6 49 43 35 128
209 103 55 6 88 28 9 87 112 34 14 29 27 67 88 58 109 118 79 63 82 72 75 64 67 124 38 32 58 77 93 79 47 31 41 13 57 146 135 119 161 121 100 37 58 49 0 72 130 64 47 36 53 17 15 76 142 101 107 27 63 121 92 21 17 23 39 88 32 36 10 66 28 40 125 136 92 56 58 1 35 55 58 117 113 30 67 50 51 82 82 107 119 74 50 37 15 59 32 33
223 160 81 82 130 85 3 117 92 41 64 14 35 113 113 104 47 46 46 11 58 62 41 46 52 27 33 91 48 48 61 6 37 52 90 73 75 100 81 90 114 62 53 70 0 66 67 35 52 9 119 109 81 38 56 29 23 47 98 98 79 92 90 36 91 81 77 37 28 28 38 14 29 39 132 133 115 55 80 55 47 94 56 114 132 70 43 0 57 42 0 29 77 80 107 110 39 60 26 0
4 52 81 43 98 46 46 149 162 53 77 84 0 23 31 30 94 64 133 56 31 9 53 76 92 46 42 28 7 23 27 69 38 43 65 83 90 67 36 46 54 47 70 94 41 68 86 5 38 100 151 53 120 115 75 54 0 32 59 64 60 62 45 101 87 71 91 50 85 17 85 62 18 8 56 41 72 68 97 50 37 67 29 58 43 77 20 32 42 37 28 19 46 99 71 30 79 36 50 106
126 48 35 82 15 6 49 119 253 215 1 68 67 70 112 8 90 42 87 68 44 90 130 96 91 59 46 34 44 68 70 25 71 36 0 8 39 31 41 63 47 33 29 23 61 8 31 30 30 86 62 0 141 164 50 43 49 69 26 11 67 79 39 107 127 151 100 53 78 64 126 61 38 43 75 50 27 66 108 63 54 6 13 81 46 38 13 80 5 20 41 75 100 174 141 71 36 4 82 133
52 41 40 85 64 16 30 99 199 151 26 50 38 46 60 43 84 80 47 63 9 113 104 36 65 163 92 54 80 61 111 50 84 63 3 18 38 21 55 84 48 14 0 41 67 25 13 49 44 17 48 35 32 48 23 61 42 59 37 72 143 155 104 28 66 145 102 174 95 38 69 95 104 39 33 67 37 93 114 65 39 0 16 36 42 44 88 41 51 25 12 154 176 162 116 29 21 45 134 58
72 20 60 81 98 62 0 92 60 98 40 33 24 61 62 63 47 100 35 77 4 80 69 68 78 115 112 80 84 50 30 0 19 66 18 35 46 16 90 111 63 20 34 9 48 58 71 61 32 0 5 29 0 33 83 27 33 30 12 90 99 175 54 19 28 97 66 106 137 50 78 46 18 38 1 66 37 80 113 80 61 52 10 0 28 30 65 38 58 22 39 168 89 25 51 47 33 45 75 59
59 59 104 62 24 67 88 48 104 104 62 41 0 34 67 49 39 74 55 74 54 146 185 133 36 14 40 47 73 0 47 24 69 69 31 87 90 129 167 155 71 21 33 46 16 44 4 8 23 25 9 48 71 67 90 19 31 36 0 40 32 49 93 43 101 73 107 20 36 23 65 41 39 69 53 15 76 77 101 109 5 42 38 36 37 62 38 10 39 56 66 99 87 45 14 32 68 52 27 12
16 86 111 44 20 69 155 104 31 9 53 102 56 70 114 83 113 91 25 58 110 123 104 72 34 79 135 108 41 14 36 102 110 0 12 76 92 87 106 99 62 30 25 99 82 55 23 91 72 40 35 38 77 49 70 126 56 25 56 33 26 31 130 105 59 146 115 49 21 9 27 81 102 82 45 58 40 41 94 125 92 44 22 49 56 118 77 18 100 66 138 138 68 28 36 89 52 70 51 63
39 95 88 24 27 29 98 69 33 21 89 119 54 49 99 81 87 85 59 135 133 69 32 58 83 138 104 50 93 39 92 120 84 8 1 40 0 64 39 53 37 35 0 9 49 37 83 77 9 35 12 43 88 26 132 204 132 67 107 38 39 58 117 124 102 85 133 59 41 15 0 27 15 24 56 80 85 29 96 122 35 47 67 118 89 58 47 74 116 36 31 46 56 50 32 98 48 49 4 38
11 20 35 1 34 67 112 56 22 43 89 71 21 32 74 77 71 88 149 201 106 35 41 9 69 119 151 36 78 103 103 115 81 14 46 17 26 57 85 136 63 16 21 32 104 68 77 27 23 35 50 0 31 38 80 110 104 95 110 86 103 101 95 99 214 170 162 95 76 40 23 35 48 7 19 71 69 101 112 0 16 54 0 82 88 40 16 70 62 103 154 163 66 41 21 22 88 82 57 103
13 23 33 7 47 62 68 56 59 41 39 48 40 25 2 24 26 47 106 120 95 32 77 57 45 87 111 84 17 29 75 41 29 0 15 49 28 39 41 130 87 52 83 119 205 109 7 72 116 133 69 33 36 8 71 48 29 56 130 117 148 148 57 94 163 229 137 111 83 49 27 31 24 53 68 62 34 143 55 107 40 70 12 118 58 59 72 64 85 113 162 180 34 44 81 32 47 38 67 114
17 30 16 8 41 37 38 57 68 30 8 42 47 42 7 55 22 51 49 62 101 22 47 106 157 13 74 56 57 25 58 31 18 67 116 51 52 50 97 76 59 98 78 37 95 59 5 42 69 66 42 35 52 29 36 72 51 49 147 76 113 112 33 104 96 96 160 101 99 97 52 0 0 62 24 66 28 8 91 39 100 85 52 98 60 100 176 138 91 127 122 124 65 32 33 55 105 33 66 102
56 25 7 20 17 64 97 25 13 58 76 71 30 57 39 78 55 44 0 63 116 77 33 40 68 99 171 110 31 37 66 20 22 100 133 56 23 46 129 85 50 52 30 20 25 29 114 0 74 97 29 30 65 39 39 62 65 78 139 77 128 72 88 113 3 103 137 123 99 87 34 28 54 43 77 59 0 120 112 100 23 58 73 63 171 145 177 168 74 82 111 102 50 25 60 92 101 35 121 164
100 21 76 43 18 143 88 20 33 77 95 54 0 55 43 63 27 85 91 83 81 45 28 61 75 121 206 117 7 69 13 91 72 36 45 24 30 62 80 41 27 26 24 88 193 83 33 53 145 59 38 59 58 39 64 6 23 49 53 108 78 65 107 123 170 72 44 87 74 89 24 32 35 36 55 118 100 87 42 202 131 21 71 21 180 175 103 53 16 37 5 27 66 36 45 40 84 35 18 99
102 26 78 27 57 138 88 27 45 80 97 5 24 104 113 77 45 0 30 33 1 54 54 45 86 65 36 81 34 116 75 116 89 69 71 31 62 63 30 54 68 51 41 32 140 118 62 139 104 59 47 116 12 7 21 24 59 81 67 50 66 116 124 25 85 205 130 154 110 197 193 61 56 58 6 4 114 154 67 137 144 66 37 10 115 159 79 9 48 44 35 86 47 48 22 73 91 86 4 57
90 34 47 8 48 54 27 98 60 23 96 29 45 75 148 105 62 38 38 2 68 94 87 111 181 123 95 57 106 104 110 69 19 63 130 83 80 48 0 44 100 95 55 29 42 42 25 0 49 97 79 74 74 52 57 112 149 120 77 69 172 213 181 105 65 155 141 104 74 102 128 94 89 85 98 41 68 115 84 55 40 44 24 31 57 72 65 51 36 71 92 13 113 66 42 104 106 168 56 59
83 74 63 14 0 55 51 82 85 2 41 34 81 58 90 76 15 83 74 30 29 36 84 117 137 110 102 23 80 71 69 69 126 156 192 96 30 15 22 54 66 87 43 43 47 89 110 59 91 117 60 39 6 117 144 142 137 169 107 41 140 185 125 87 77 77 59 0 78 89 48 111 92 18 52 30 23 102 128 51 40 78 66 42 32 0 90 111 104 104 107 139 165 121 89 97 67 186 159 136
105 69 82 78 25 83 81 10 54 72 17 1 93 65 13 79 90 67 15 67 49 38 6 68 91 69 63 72 144 74 55 120 145 158 146 92 65 35 31 4 26 46 30 31 77 92 14 57 50 57 45 39 12 129 172 148 115 105 34 4 49 92 88 132 90 36 32 96 54 48 51 1 30 48 68 42 9 26 24 48 39 66 47 46 68 25 111 83 87 142 62 65 19 63 107 47 39 146 230 211
76 87 110 109 98 41 43 47 31 78 17 22 82 61 17 119 123 73 136 108 102 81 19 79 90 67 23 92 141 29 46 121 73 73 22 26 89 72 85 97 145 100 42 64 82 62 42 124 71 67 90 61 34 20 32 40 18 20 39 117 165 211 163 89 31 70 82 156 138 40 31 36 49 106 100 105 111 105 29 50 39 38 18 95 90 24 28 0 8 72 64 24 71 10 127 101 34 50 128 117
11 125 118 65 77 28 50 99 56 17 4 62 99 58 41 80 77 31 183 70 45 127 113 43 8 41 63 219 171 85 31 55 36 41 45 77 136 119 126 146 139 93 61 117 86 49 94 103 76 43 48 105 13 112 119 113 51 17 28 156 230 193 124 59 67 111 127 90 105 57 20 2 59 73 67 95 98 104 43 30 28 15 0 95 91 82 75 68 27 59 104 39 43 81 183 139 107 40 30 50
11 51 21 39 21 26 64 78 36 12 45 83 110 19 10 27 25 8 58 56 19 72 45 154 104 50 171 244 213 91 55 50 13 16 107 149 152 130 100 55 89 76 107 108 99 116 119 136 103 102 52 44 38 140 69 6 22 78 38 44 139 121 105 88 86 144 100 77 52 62 40 62 17 30 56 107 116 107 64 58 32 37 23 63 109 188 158 67 94 103 113 34 63 102 62 91 162 74 8 80
45 22 132 122 82 26 73 54 17 55 72 91 126 11 53 60 26 15 5 43 6 49 61 55 48 94 196 177 68 14 17 52 77 78 177 155 67 11 68 45 44 101 95 118 155 135 113 95 34 25 89 119 121 101 22 98 91 44 91 65 106 70 59 36 94 138 123 84 45 10 35 84 1 54 67 97 83 96 48 79 59 56 37 41 96 115 80 40 96 126 59 20 55 21 58 126 47 40 15 43
120 10 65 116 99 5 34 76 0 28 56 128 161 125 93 115 92 85 53 51 47 64 29 41 8 69 110 65 62 99 73 52 101 143 156 156 18 110 141 116 36 60 35 55 101 125 165 184 47 28 43 63 94 104 26 52 9 0 42 68 67 88 93 133 175 199 130 33 11 51 76 49 52 116 93 14 22 61 34 23 28 30 20 25 72 110 93 52 4 26 105 41 19 82 69 4 60 57 34 54
125 64 40 0 0 18 54 53 77 54 67 125 173 192 119 152 102 117 87 36 67 56 0 40 33 4 0 31 70 27 0 97 147 129 121 118 18 96 148 135 98 77 32 51 83 101 141 147 59 39 14 37 75 100 89 139 81 29 12 27 15 57 71 132 121 123 75 15 0 50 98 73 73 86 59 15 134 143 59 0 64 60 45 31 42 87 75 18 55 12 1 29 85 77 84 100 31 35 20 41
54 0 15 68 79 37 22 71 127 50 45 39 120 126 75 98 96 41 115 71 7 18 20 20 17 58 64 28 45 49 49 139 165 76 95 85 44 30 103 95 113 61 17 60 93 89 93 57 92 74 43 90 85 35 41 119 79 14 43 65 95 58 15 6 64 50 52 50 17 36 96 96 80 89 64 14 111 85 62 98 36 36 33 32 43 121 125 57 51 92 100 55 224 252 67 67 41 49 39 67
