23 67 56 25 40 48 83 21 53 2 1 26 26 48 66 35 0 29 20 7 19 52 57 21 18 10 8 28 66 34 2 79 48 14 14 59 38 50 107 51 50 11 23 25 8 40 68 50 47 62 41 106 89 50 56 51 42 6 69 64 36 33 61 30 36 43 56 37 23 69 89 41 15 42 34 9 44 44 47 45 12 19 68 60 34 7 7 11 59 58 77 58 2 66 119 132 51 12 40 31
100 63 28 41 33 42 65 32 81 50 39 36 28 17 14 34 43 0 11 27 47 38 35 66 71 38 43 69 92 76 45 69 62 43 9 26 35 22 39 40 77 47 20 17 32 31 16 16 8 49 79 91 17 42 105 78 82 47 0 102 86 24 35 26 26 68 53 37 76 86 72 89 36 19 3 16 90 69 40 7 12 43 55 0 50 28 7 0 31 42 41 68 48 21 70 61 18 31 65 62
42 19 34 87 40 37 38 37 69 34 8 10 53 49 17 58 33 1 45 20 21 14 35 102 94 37 33 47 53 71 76 70 64 61 24 41 87 45 4 42 34 27 20 32 48 39 16 3 0 50 64 57 39 42 56 92 76 79 15 81 111 21 40 28 67 60 39 43 69 59 34 35 31 65 63 20 59 57 84 64 17 19 33 13 41 0 0 49 22 20 1 29 61 14 47 52 18 28 35 79
0 18 43 61 27 40 20 16 23 16 22 24 58 61 40 93 67 45 71 19 30 17 7 0 38 5 4 11 11 29 37 20 35 8 0 19 60 33 0 42 51 52 86 103 66 62 78 41 49 27 74 96 61 53 49 53 28 58 10 31 21 50 23 50 24 8 21 40 33 31 43 44 81 81 69 41 68 36 86 98 60 34 61 87 30 35 23 13 39 29 19 20 75 60 29 55 28 36 6 49
78 100 62 19 46 88 63 54 106 71 50 24 29 60 79 112 105 61 36 0 15 6 57 77 42 36 19 29 69 103 123 129 69 5 10 30 12 22 61 90 40 35 67 95 48 29 69 63 38 40 94 71 36 58 61 47 8 0 43 5 47 32 28 29 105 84 63 56 62 62 47 29 52 97 81 28 50 53 78 11 30 19 99 141 34 20 31 27 15 31 32 69 116 98 26 45 53 99 59 40
108 171 131 78 90 89 56 63 84 34 0 0 6 47 76 63 75 72 69 47 42 15 65 88 121 101 34 20 59 72 77 90 49 6 43 60 0 9 75 64 32 29 30 85 85 30 48 85 27 63 78 19 27 62 75 94 35 54 60 45 14 23 25 15 102 64 57 54 44 77 86 34 48 61 41 45 43 12 45 29 54 8 46 59 64 19 22 34 14 39 4 74 95 52 30 44 93 105 74 53
86 170 132 110 77 52 11 10 5 16 24 69 82 75 91 64 46 36 36 28 53 75 77 67 73 64 22 33 58 37 24 21 12 18 46 67 31 42 84 38 60 46 24 71 73 18 28 47 79 58 95 69 37 69 126 104 87 117 93 10 0 8 51 25 56 51 90 76 14 47 105 83 41 52 10 32 33 34 59 26 62 96 100 3 30 24 36 37 51 54 9 30 26 0 31 49 97 44 34 40
106 134 35 49 46 95 70 38 57 52 15 69 109 90 98 69 31 9 37 41 52 61 13 12 32 28 17 48 57 31 39 42 7 31 5 15 42 76 108 59 84 48 23 42 10 2 53 28 62 101 127 83 67 64 92 85 86 125 102 76 74 106 49 22 13 36 27 4 14 35 46 55 18 25 7 86 64 18 23 16 54 93 88 21 37 51 44 48 23 19 38 3 5 25 64 83 87 34 47 33
40 53 51 4 20 76 62 40 43 29 6 39 52 45 62 59 42 15 67 79 40 70 0 23 70 37 20 18 34 0 51 30 32 76 33 20 0 66 101 99 46 35 33 22 11 0 45 42 47 130 139 151 137 73 57 63 41 22 20 27 122 116 99 74 44 55 57 1 62 24 26 27 72 96 68 51 52 61 29 56 63 40 41 32 37 58 48 38 18 39 22 28 49 45 66 77 62 3 58 78
38 32 54 33 4 44 86 82 89 33 29 7 29 13 80 85 66 15 31 73 5 79 73 68 28 0 69 26 48 89 50 51 62 43 3 19 17 27 64 94 31 22 18 12 27 38 118 90 46 99 100 92 143 89 86 106 75 56 51 14 69 68 119 142 60 62 27 36 34 32 42 33 68 107 74 57 13 47 87 110 116 69 6 6 23 47 88 84 37 49 16 61 49 47 43 78 56 31 37 73
21 109 107 61 41 13 27 87 56 0 17 3 24 0 53 73 51 28 27 29 33 43 57 30 16 18 51 22 23 67 67 65 62 26 23 72 90 47 45 60 38 25 21 6 18 66 172 141 100 2 67 18 71 112 103 58 67 26 33 20 49 17 70 114 27 36 8 47 27 63 96 48 42 85 53 91 69 31 25 31 76 80 0 30 31 15 130 131 55 31 0 42 29 26 37 101 109 91 22 39
21 99 106 71 28 3 19 14 47 25 40 17 54 79 44 0 16 44 24 60 46 70 30 13 44 73 26 27 0 1 64 72 42 23 5 19 31 29 19 11 10 4 37 34 4 62 120 101 66 78 80 18 62 48 61 15 0 40 82 37 7 21 68 76 56 51 37 1 30 101 180 126 36 76 34 65 131 73 32 57 36 19 24 9 0 41 113 184 79 37 25 56 61 20 23 58 101 85 43 53
22 54 33 27 41 47 53 26 16 60 98 63 64 58 40 61 39 13 64 41 46 40 67 17 54 63 65 53 21 42 29 59 63 86 69 63 46 83 50 21 55 28 70 73 0 52 35 33 15 52 80 38 63 54 17 25 65 34 6 22 12 40 72 114 113 104 115 28 59 73 76 27 35 66 47 0 57 37 27 43 34 51 4 19 15 15 93 85 65 28 21 33 36 15 8 18 34 10 41 41
22 47 13 17 67 57 40 68 7 28 55 28 69 54 57 70 30 31 35 29 13 39 55 56 37 43 73 64 60 86 19 26 46 68 52 37 0 42 25 32 34 4 55 91 46 99 53 50 23 40 0 52 52 24 67 31 22 39 39 61 40 51 46 66 65 45 56 13 42 50 20 38 64 39 77 37 37 18 37 18 29 41 22 30 25 23 51 28 69 53 30 40 15 59 46 55 56 40 105 102
36 10 38 50 23 24 35 30 0 52 69 24 20 55 74 16 0 28 27 0 58 26 88 98 32 40 34 53 67 62 35 36 38 67 101 103 51 35 7 32 18 13 59 102 86 89 50 15 58 83 33 39 50 43 61 101 90 34 2 33 64 40 39 84 17 9 33 48 62 49 16 40 40 0 27 65 37 24 75 65 0 28 0 24 16 5 86 82 39 51 56 58 17 59 30 18 35 68 120 145
36 29 36 19 31 51 29 32 40 19 7 74 25 48 56 23 11 28 12 22 32 2 97 70 45 21 19 44 61 41 37 91 102 117 159 137 77 26 15 59 20 26 41 62 80 82 129 106 46 41 28 60 57 101 168 113 50 30 17 0 52 34 57 87 45 28 39 41 47 26 42 48 27 31 29 71 17 2 49 43 15 3 40 35 16 24 32 75 21 33 69 40 22 48 48 30 24 78 58 78
51 100 63 49 5 46 37 0 39 62 53 11 43 46 33 15 4 7 37 41 0 70 35 14 39 12 52 19 29 22 60 81 49 103 100 40 27 34 26 54 0 57 72 37 94 131 126 113 7 21 17 58 21 54 144 139 46 17 43 53 65 22 63 68 33 0 20 38 67 95 107 63 23 23 0 30 37 23 47 35 16 0 20 70 82 48 17 11 22 26 33 18 59 7 1 24 22 4 53 183
74 87 39 46 48 69 57 43 36 38 16 17 74 99 83 39 24 35 30 33 50 85 65 53 12 21 17 12 21 37 19 51 0 27 48 112 108 56 2 28 27 29 20 0 70 97 102 90 9 21 38 2 34 10 49 74 42 19 78 98 110 37 44 54 43 45 41 73 94 82 102 26 35 1 61 96 78 61 30 30 41 19 1 48 116 97 34 15 25 11 10 9 39 56 51 13 25 35 31 57
52 41 4 27 77 86 68 54 53 74 38 17 17 61 89 57 26 46 29 41 85 42 17 27 21 58 17 0 0 21 0 55 70 48 80 106 85 80 0 26 29 29 35 4 44 46 83 90 4 11 25 75 76 22 75 115 65 38 104 96 100 22 21 55 36 28 14 47 77 52 62 6 49 12 106 119 60 36 24 52 72 50 51 66 75 82 61 15 10 36 23 0 12 64 63 27 34 27 85 122
6 45 106 138 153 113 71 24 30 36 12 27 0 19 45 20 34 84 62 6 19 19 14 23 55 92 69 33 47 34 1 14 38 82 34 66 48 24 52 19 43 49 53 2 11 0 45 44 55 16 57 73 68 67 36 80 63 10 39 9 48 29 20 34 73 23 34 42 72 55 25 22 15 23 89 93 51 18 25 26 54 50 43 20 10 41 58 34 31 32 3 18 82 69 56 107 70 47 117 125
5 47 148 152 103 59 82 78 33 10 10 60 17 0 24 42 10 35 63 40 19 27 3 27 35 44 39 51 90 109 87 48 56 73 34 59 75 38 102 86 32 44 52 34 50 19 30 0 56 155 146 56 79 46 84 93 41 44 92 30 13 17 36 65 47 26 59 46 57 49 28 36 50 55 56 21 58 84 90 75 56 82 39 30 90 71 17 36 33 51 44 19 65 26 17 44 36 70 96 39
47 39 102 93 39 0 11 19 43 44 60 52 4 12 43 56 44 18 40 23 0 22 9 42 56 50 29 56 44 80 68 26 93 37 58 4 41 52 35 65 64 105 96 64 40 8 38 44 97 183 194 70 14 35 50 96 58 36 48 22 11 44 42 25 22 53 67 36 20 20 57 38 20 35 76 31 106 151 105 87 55 61 43 60 88 36 0 43 32 34 68 43 73 77 90 31 0 29 65 61
77 38 28 15 38 53 49 57 31 41 69 19 10 53 45 10 28 57 81 24 20 47 32 0 17 31 31 49 26 32 41 15 44 50 32 4 46 39 28 10 65 177 165 104 45 18 13 0 87 117 54 84 27 66 91 79 48 16 23 59 25 58 76 77 73 79 86 49 26 35 73 45 11 13 52 17 68 87 77 67 59 30 40 55 35 39 83 112 92 6 8 49 83 73 64 13 48 21 27 69
75 80 52 20 69 86 20 0 80 68 102 29 0 11 19 45 45 38 47 36 58 0 12 26 32 27 24 0 23 5 53 39 36 41 24 8 40 44 19 40 134 226 124 17 8 86 86 14 41 84 37 39 39 39 37 40 60 11 11 95 37 45 61 73 52 0 45 35 42 71 61 51 31 24 29 44 72 31 61 13 17 14 21 36 65 101 93 49 31 50 48 27 19 43 56 51 59 73 23 43
23 30 22 85 45 30 12 23 22 31 44 20 29 45 26 47 46 51 91 142 83 9 19 0 0 26 19 24 30 20 94 82 65 43 0 33 18 29 27 45 112 145 50 96 52 84 88 9 17 21 90 102 85 47 41 57 37 56 74 72 42 56 36 24 50 44 126 65 24 84 84 4 9 26 11 17 78 97 54 9 16 0 30 13 42 90 100 62 19 12 61 106 60 28 36 0 30 44 36 30
30 6 35 18 0 36 51 36 4 59 59 52 39 27 35 12 81 124 123 102 79 14 7 34 37 32 44 39 15 24 52 89 85 75 20 64 50 96 52 7 27 46 28 0 86 79 42 38 55 26 78 54 73 53 87 32 34 88 157 119 49 71 50 53 33 47 93 65 23 45 29 8 5 5 21 29 39 47 24 53 24 25 58 40 22 19 29 49 2 27 42 95 84 13 1 64 62 37 18 3
45 52 73 67 58 36 25 16 34 64 75 83 35 0 40 74 59 93 82 14 21 3 4 43 53 56 63 58 12 23 25 57 77 46 36 45 43 42 63 36 50 1 23 3 65 86 56 58 45 27 77 148 100 41 44 2 17 0 30 25 52 145 77 4 36 48 29 38 40 51 12 5 33 32 83 101 52 39 1 52 39 19 6 23 49 49 7 7 21 57 55 68 33 10 13 44 39 38 81 64
53 125 42 72 89 39 47 98 50 26 76 91 48 15 21 79 63 31 64 35 55 78 59 19 13 45 26 28 6 21 53 34 19 26 31 79 13 42 84 115 40 75 59 0 57 101 87 92 75 47 54 186 143 58 29 1 35 57 109 83 28 68 62 57 47 52 5 25 63 78 53 21 33 33 67 102 42 41 15 37 15 48 37 33 24 23 4 38 33 63 46 29 0 43 62 27 25 73 184 161
31 111 25 45 88 55 66 105 69 27 46 55 61 71 43 30 52 14 66 26 0 20 55 69 6 11 0 0 28 54 97 71 27 33 80 53 41 15 65 25 8 76 124 24 83 130 142 83 31 52 61 113 132 45 47 3 7 30 63 89 40 28 36 39 24 27 18 33 53 38 54 24 31 39 56 130 78 51 29 10 29 37 7 15 21 27 12 29 46 60 26 19 19 49 58 45 0 46 142 102
90 61 58 45 80 42 43 59 48 29 0 30 57 58 61 23 73 28 25 35 78 104 52 49 46 0 20 14 55 75 63 67 17 12 17 40 24 42 83 86 68 39 120 119 136 170 123 45 3 69 75 95 102 40 47 21 8 25 34 96 76 30 8 0 22 11 31 55 55 10 30 10 18 32 51 143 96 28 14 0 18 31 48 80 50 16 25 48 42 34 37 37 19 33 69 45 18 53 108 65
64 44 121 140 148 64 17 9 0 15 8 35 49 34 43 33 93 78 31 45 97 119 57 91 61 0 19 20 39 54 21 33 60 23 40 23 45 16 127 186 42 44 23 63 125 110 31 33 48 41 0 25 30 11 14 0 13 40 45 82 77 54 28 34 36 28 36 62 68 44 31 12 45 45 51 92 60 28 58 76 47 49 94 125 76 28 53 42 13 12 46 29 15 38 108 72 35 64 91 75
46 122 152 160 139 72 32 24 28 61 70 16 24 73 68 75 79 99 60 63 53 61 23 80 65 39 4 19 20 53 64 65 11 21 38 12 13 6 110 175 46 109 79 52 118 91 178 140 79 38 34 8 29 0 44 11 30 38 19 10 27 52 21 38 1 26 18 26 36 56 22 8 42 42 47 26 1 7 42 67 29 9 44 61 34 31 84 33 26 54 48 5 50 36 82 105 46 54 52 65
75 119 151 149 87 22 25 43 63 74 55 32 8 14 0 21 30 128 109 20 73 59 15 60 50 35 9 14 36 109 113 69 12 30 0 36 17 2 48 73 119 135 177 240 235 251 255 250 40 21 18 26 32 13 32 37 35 23 23 30 72 68 19 74 30 17 60 50 47 67 12 1 37 46 56 42 61 59 25 60 34 22 19 12 7 40 69 51 30 40 15 89 74 13 9 12 40 76 84 74
61 131 161 105 53 39 54 13 3 46 20 19 33 33 80 81 69 160 58 13 45 85 105 52 15 18 14 14 0 23 29 17 61 46 11 0 27 11 37 1 100 120 156 219 255 253 255 68 0 32 25 27 0 14 22 37 43 38 61 21 72 56 27 37 23 16 45 41 89 75 76 53 65 32 28 27 50 43 34 38 44 39 0 0 24 8 30 80 78 71 56 57 37 68 71 45 74 41 8 8
39 66 86 56 30 35 65 24 48 55 24 20 42 14 60 56 85 105 23 78 27 7 60 55 13 20 25 31 0 12 34 60 89 78 35 10 10 20 9 0 61 95 132 71 127 79 193 255 255 128 9 12 15 20 45 63 58 43 64 27 74 70 50 34 60 42 20 43 95 40 74 76 52 24 40 37 37 26 18 0 23 50 42 110 133 48 43 93 110 48 56 47 29 76 58 41 28 11 21 50
56 27 20 40 16 27 65 59 0 1 23 6 22 43 69 95 41 27 13 50 20 59 51 17 16 12 1 9 0 4 13 32 63 54 48 52 15 17 1 53 49 42 45 42 255 194 182 243 232 21 57 52 15 9 80 110 47 33 45 50 54 71 63 73 96 68 16 76 96 39 70 136 90 15 8 26 41 47 10 26 50 22 0 93 143 102 96 58 68 0 16 34 44 58 11 3 24 28 50 59
15 46 81 132 73 62 38 0 22 72 98 63 23 57 75 92 37 39 55 12 24 100 72 14 19 20 4 13 15 31 14 7 22 0 59 61 58 16 18 54 20 73 60 45 118 123 250 255 255 229 118 29 62 9 74 38 32 41 71 78 62 75 93 113 68 48 29 62 64 18 36 122 95 16 25 80 97 95 26 131 102 103 55 66 57 39 74 40 39 48 52 63 116 125 73 33 51 32 25 20
22 62 87 112 42 37 43 40 89 116 96 128 81 57 82 85 52 72 89 42 34 17 35 29 0 16 1 3 8 32 22 21 10 11 88 104 66 38 23 17 19 35 51 75 56 130 251 240 240 207 253 85 27 79 66 45 24 34 73 58 91 93 116 88 48 43 79 50 61 18 33 81 46 28 55 83 102 118 38 115 140 179 123 81 63 38 40 13 9 61 61 76 143 130 83 30 55 32 24 34
4 21 43 56 34 16 54 75 99 80 63 114 85 24 41 42 26 42 51 25 35 13 31 0 18 39 20 10 0 15 13 33 23 40 101 140 54 57 38 6 62 51 53 85 76 207 253 255 255 240 255 140 96 47 38 57 24 20 38 30 82 74 76 34 10 9 59 43 58 30 52 79 58 47 37 11 43 75 50 42 60 102 102 72 25 8 49 77 30 47 48 65 109 78 53 23 69 66 51 35
8 11 24 5 37 28 78 75 74 75 114 80 39 6 8 5 29 0 15 20 34 21 19 5 0 23 16 15 2 3 0 24 35 12 84 108 69 52 73 11 7 65 2 30 49 229 239 69 244 254 201 174 224 30 83 84 50 52 46 63 63 42 30 35 37 23 42 82 75 59 76 112 67 79 102 71 44 0 63 75 55 13 42 64 12 17 77 85 50 27 23 6 24 23 34 19 48 77 64 28
19 0 4 1 3 29 66 72 27 80 71 1 18 20 16 5 25 11 22 17 6 8 5 11 0 0 0 3 5 4 6 10 17 0 48 84 176 211 93 51 46 49 38 0 145 62 121 81 61 92 245 255 236 95 102 127 103 34 52 34 10 23 32 21 37 28 53 136 98 51 57 66 43 75 98 116 52 55 80 53 27 39 55 15 20 9 71 91 62 37 74 85 109 53 43 19 11 13 7 3
15 36 16 13 0 37 70 47 8 18 10 0 32 31 20 8 10 1 19 19 11 11 4 7 17 11 5 4 5 7 13 20 25 27 16 50 200 210 52 20 72 77 53 73 255 187 78 83 55 218 255 253 236 199 73 49 129 102 13 36 9 11 83 47 31 30 84 133 102 55 59 47 39 50 49 58 35 43 61 36 23 74 78 31 66 28 22 32 20 15 49 53 61 31 38 29 43 58 53 39
112 38 0 6 30 45 41 32 31 10 7 10 22 0 0 0 9 0 16 17 9 11 4 7 18 10 4 2 3 5 12 20 0 37 22 29 112 95 14 41 71 115 57 58 177 105 131 129 41 255 246 239 255 126 255 157 76 43 118 77 83 11 63 107 79 21 65 101 104 69 67 51 58 49 16 47 124 104 49 15 37 9 19 25 53 14 9 8 34 33 46 49 42 32 28 14 0 21 21 0
107 61 68 12 25 54 56 73 43 20 23 27 11 0 11 21 25 7 15 9 1 7 6 12 4 0 0 3 4 4 7 12 12 7 5 18 23 18 24 26 28 56 44 65 63 69 35 44 103 198 217 162 115 253 252 81 33 64 99 43 24 32 41 57 111 56 82 72 38 24 47 74 117 126 63 47 170 166 73 10 7 13 46 15 17 41 53 8 35 73 104 100 30 0 3 30 27 60 69 54
36 48 45 28 11 35 43 66 34 25 28 26 7 22 35 24 30 9 13 6 0 5 6 12 5 1 1 5 6 5 8 12 28 0 0 31 10 12 34 0 23 0 19 6 55 0 12 36 59 101 105 57 243 255 230 226 177 102 34 11 3 9 19 84 141 88 64 42 11 31 18 21 64 106 109 65 132 185 128 5 26 67 104 75 65 36 19 47 0 37 97 147 95 58 35 52 26 57 77 79
111 111 1 72 53 69 51 40 13 30 40 31 0 14 23 12 16 0 10 9 4 10 5 7 15 8 3 2 1 2 7 13 12 8 11 21 10 3 11 2 18 17 30 82 35 9 68 60 122 93 196 128 176 235 250 237 171 113 68 43 85 65 54 29 82 66 62 82 40 8 0 48 11 0 63 87 92 147 128 1 82 124 144 61 32 75 73 49 43 25 27 75 72 72 58 64 14 43 64 71
128 161 63 57 27 73 48 15 8 26 35 38 1 5 11 23 9 0 10 13 11 16 7 7 14 8 4 4 4 3 6 12 16 11 0 0 9 16 0 0 46 0 69 49 4 10 26 0 11 67 249 228 137 169 251 255 225 178 7 54 57 29 84 45 51 39 23 66 80 24 0 39 54 0 13 59 65 87 63 25 151 101 106 57 17 77 105 93 25 42 70 84 40 6 0 8 45 73 81 70
122 106 111 52 50 67 22 43 62 43 21 39 17 9 0 6 14 0 12 15 12 18 10 10 7 6 10 15 16 13 11 12 4 5 18 6 4 17 8 8 26 43 84 140 99 45 20 24 33 80 137 247 255 183 255 250 255 251 218 98 60 23 73 47 23 71 46 14 43 8 4 0 20 40 24 35 80 89 26 58 95 99 101 35 11 60 65 84 38 62 85 67 19 10 50 88 53 82 75 40
98 43 73 54 63 56 24 32 34 34 29 44 24 15 0 7 10 7 14 19 13 14 15 7 0 5 11 12 15 19 20 17 10 16 20 12 5 17 20 4 21 39 95 172 174 42 52 42 35 150 61 255 243 242 255 235 249 238 83 109 74 43 81 18 22 73 24 29 22 13 22 32 20 69 70 23 47 93 76 64 72 105 89 49 15 63 71 50 54 85 85 21 61 59 42 114 77 22 42 85
42 4 4 20 24 28 21 32 15 15 6 20 10 15 5 9 23 14 12 9 2 6 14 11 3 9 13 11 12 16 21 21 13 17 22 16 11 23 26 9 35 41 60 72 89 87 139 45 26 244 252 0 86 255 239 255 176 162 241 255 150 82 102 0 45 163 26 10 33 55 18 23 68 140 62 23 41 59 93 36 51 122 119 53 37 39 39 48 0 13 59 61 36 44 44 49 53 16 29 52
42 36 21 62 43 31 18 10 5 8 0 5 0 18 10 10 26 15 11 6 0 4 15 14 2 8 10 5 3 8 15 18 12 14 19 17 15 27 28 11 37 40 22 23 59 54 106 77 67 255 238 255 236 242 255 238 241 237 255 251 250 168 14 62 10 31 33 37 48 45 39 19 80 118 26 34 51 14 41 1 44 111 114 35 62 103 98 34 57 105 154 126 16 23 44 42 24 14 23 19
24 23 10 22 3 3 12 11 8 19 10 11 1 20 11 6 12 6 9 11 6 10 16 12 1 8 10 5 0 4 10 14 5 6 12 12 13 24 25 8 16 44 50 20 7 32 95 38 224 255 238 253 242 229 238 248 255 240 255 253 240 210 80 47 31 4 10 23 93 31 15 21 60 51 31 58 93 68 48 64 36 26 70 83 76 90 114 76 11 72 98 48 18 44 13 7 39 55 68 48
6 20 63 56 47 33 22 9 3 24 22 21 4 18 7 1 1 0 4 9 5 9 13 7 5 12 16 12 8 10 12 13 1 1 7 9 8 17 20 7 14 58 16 3 59 33 36 76 162 64 97 224 255 114 164 255 222 248 251 102 134 84 56 34 13 38 33 75 88 65 57 35 29 21 29 20 55 70 31 56 12 19 49 63 32 69 86 51 30 39 59 10 48 67 16 34 9 36 57 38
30 24 59 35 28 11 14 15 0 19 22 23 3 13 3 0 4 0 0 2 0 1 7 3 5 11 15 13 12 12 10 7 3 2 8 9 5 12 18 9 5 30 20 22 47 55 81 97 149 243 255 255 220 134 73 127 104 255 215 86 255 235 235 179 38 51 102 77 117 126 57 68 41 45 29 32 55 39 14 25 71 47 15 41 33 21 24 90 73 12 41 29 30 1 0 17 16 32 57 48
8 5 25 60 52 13 14 14 15 28 23 25 6 12 2 2 8 2 4 4 0 1 7 3 4 7 9 9 11 12 8 1 6 5 12 11 3 8 16 13 11 6 2 49 78 57 102 204 121 166 238 250 221 147 246 255 213 44 180 143 227 255 246 238 166 47 100 57 70 102 82 31 19 30 12 38 66 36 16 20 49 87 63 17 4 13 43 100 65 11 40 112 100 44 40 36 39 30 53 53
54 41 15 93 75 26 41 49 44 46 31 31 11 15 3 5 8 4 10 14 8 9 10 3 10 10 9 9 13 17 12 4 7 7 14 11 0 3 14 14 19 9 18 34 38 109 209 253 250 255 255 241 248 128 251 251 233 251 246 70 140 74 238 115 14 78 7 37 27 22 91 63 20 44 35 13 42 56 18 3 36 38 47 20 26 34 53 36 21 48 52 129 75 8 44 61 53 23 41 46
59 103 28 79 55 47 38 62 55 39 29 32 22 0 28 11 0 17 21 13 11 4 0 5 19 20 15 9 15 25 21 8 12 17 7 6 18 11 5 22 38 0 22 22 81 36 54 35 73 255 221 255 252 79 146 168 218 231 235 201 135 255 216 254 243 144 25 3 18 0 70 74 63 45 13 82 105 143 106 63 60 54 23 31 92 60 44 38 46 108 77 60 29 33 97 65 60 43 55 59
25 36 53 46 31 11 10 0 51 33 80 62 30 1 6 37 15 62 79 22 15 12 27 15 16 18 13 6 8 16 15 5 9 13 5 4 14 8 2 16 25 13 12 33 58 46 63 114 147 60 255 232 204 133 86 147 103 133 24 241 255 252 228 248 255 154 55 44 59 21 34 16 22 33 26 45 84 125 111 41 1 34 47 17 54 63 42 25 58 75 52 54 86 74 99 50 30 8 19 24
64 12 53 15 14 47 52 15 43 35 93 84 55 22 31 75 65 99 110 34 23 3 14 0 11 13 9 2 4 13 14 9 7 10 5 5 12 7 2 11 14 16 16 15 0 38 56 37 75 80 81 142 108 102 179 147 49 137 196 255 218 250 255 252 74 111 141 114 70 23 14 6 38 53 52 6 26 41 65 7 65 63 77 40 51 70 76 105 81 83 65 27 72 57 74 45 68 37 40 45
55 7 21 21 4 79 61 37 80 75 67 74 66 23 55 61 75 78 83 59 46 6 8 23 18 15 8 3 6 12 11 4 7 9 8 9 11 9 6 9 0 3 0 0 39 33 25 49 74 68 137 146 73 143 110 132 36 166 243 255 237 253 255 83 0 56 121 80 25 7 16 54 40 51 63 26 17 0 29 13 73 48 55 74 79 58 54 77 83 105 89 13 39 56 79 84 77 33 24 24
71 63 34 55 21 73 68 88 143 117 69 55 62 30 48 36 60 52 45 69 45 11 0 29 24 16 7 4 10 13 7 0 7 7 10 10 9 10 11 8 18 33 44 17 0 43 62 14 81 74 72 111 253 105 63 49 79 239 216 255 242 249 255 133 82 36 24 26 40 36 2 32 38 45 58 66 47 19 35 37 52 41 21 83 103 66 54 31 84 100 77 20 31 58 60 79 86 36 17 11
61 55 7 19 18 25 41 65 84 38 32 10 35 30 12 29 75 68 34 60 54 61 11 0 6 2 1 7 16 20 15 8 7 3 9 10 4 11 16 8 20 40 14 48 52 75 50 83 29 26 73 165 127 193 135 191 242 255 255 235 207 230 226 192 81 57 38 43 67 72 14 11 60 47 20 37 29 48 73 82 86 66 10 89 117 76 86 87 94 86 62 40 30 32 38 81 87 44 27 16
38 28 9 28 43 30 29 20 39 7 35 57 99 73 40 65 70 88 60 56 72 113 66 14 0 0 8 16 21 21 19 18 8 3 10 11 3 14 24 12 7 14 5 16 0 36 37 24 16 50 39 84 90 205 244 233 255 231 224 218 157 61 97 70 19 93 96 51 33 64 42 35 42 22 0 14 16 41 78 97 50 61 24 79 87 47 52 84 79 67 62 52 42 22 66 113 76 52 48 33
58 45 37 48 25 39 42 45 35 26 37 112 154 69 39 35 39 95 96 48 41 67 52 10 7 16 27 30 23 12 8 9 12 5 13 14 5 18 30 17 20 20 27 7 13 11 66 116 151 75 0 97 68 248 247 255 253 255 116 93 54 28 50 45 20 101 91 49 33 59 25 0 16 12 29 65 48 7 12 21 11 83 67 44 24 30 29 57 63 53 61 39 40 6 55 61 28 21 29 13
30 11 14 38 9 43 55 27 8 56 68 143 101 37 54 61 128 224 159 90 36 47 27 23 12 17 0 2 15 6 14 10 3 1 7 9 0 13 23 7 12 38 29 0 48 37 58 58 64 117 222 180 13 163 251 243 48 178 244 169 85 102 81 63 64 36 20 63 73 42 26 23 81 67 81 43 35 8 8 46 47 88 81 0 56 87 39 35 70 69 36 14 0 28 35 38 33 17 29 37
57 39 48 63 49 51 26 56 21 73 80 64 73 23 22 82 190 180 78 42 0 11 0 22 18 42 25 13 10 12 28 20 13 4 12 0 4 11 10 0 0 26 12 18 51 63 20 15 76 220 220 190 49 77 255 242 115 148 194 120 31 123 68 50 45 40 43 75 70 33 29 36 101 99 72 26 27 20 27 68 50 24 37 28 75 71 16 1 26 43 44 46 21 29 39 63 38 25 46 54
21 44 55 33 51 68 19 64 0 55 41 32 24 41 4 82 183 146 94 92 51 78 33 14 19 62 62 33 13 17 26 5 10 18 54 24 36 23 11 11 14 26 30 51 46 44 0 43 69 202 255 112 140 88 126 236 255 138 34 45 12 51 70 33 67 53 40 48 40 12 36 59 69 86 56 55 59 36 17 35 37 9 34 20 35 67 52 11 18 26 36 60 33 24 37 83 104 61 81 109
52 101 114 101 130 120 44 38 21 88 32 71 32 28 54 59 114 64 62 53 23 58 40 7 12 39 45 28 25 51 67 51 10 26 78 46 74 48 20 18 15 28 57 30 26 27 9 60 82 128 139 126 84 60 93 145 186 66 55 42 70 91 71 27 43 24 27 57 69 23 18 17 86 87 64 104 87 54 32 22 33 11 61 84 67 62 65 69 51 43 45 70 39 26 60 135 96 12 20 66
88 98 89 130 164 112 63 34 31 1 83 12 32 45 49 118 83 5 24 18 23 57 98 96 57 31 17 11 24 64 92 94 33 35 64 33 69 48 26 14 11 33 53 10 32 81 49 37 120 62 75 0 172 152 16 58 26 47 105 75 61 36 50 94 66 30 23 49 75 32 36 36 40 43 56 114 91 91 88 39 88 73 65 48 26 29 36 54 40 31 34 59 28 18 62 147 93 23 32 61
61 66 53 107 151 110 99 55 57 96 91 53 65 0 49 99 68 26 42 26 50 87 125 95 86 25 10 17 24 43 55 63 61 65 63 26 31 17 39 42 23 20 12 25 41 91 49 44 8 20 59 22 87 75 14 24 61 80 0 32 54 48 40 56 36 20 27 34 49 1 9 2 11 25 57 77 53 79 80 10 41 67 49 32 52 97 69 26 20 4 0 35 29 26 31 66 77 59 85 90
14 42 50 76 116 73 49 17 28 78 53 71 51 16 45 70 120 118 79 40 37 78 94 54 60 7 23 47 40 37 32 41 72 77 50 30 16 11 60 57 24 5 0 28 37 39 24 37 31 12 62 45 47 15 90 55 15 81 71 40 46 114 32 26 63 67 68 33 42 21 57 48 0 7 32 19 30 68 87 72 79 51 8 17 24 45 25 2 25 18 14 46 49 48 19 10 25 21 48 58
47 39 32 35 72 20 10 65 50 33 52 62 48 38 84 48 129 131 62 62 39 63 73 80 74 29 59 77 50 33 25 39 72 57 4 21 30 40 73 26 23 32 48 24 58 39 46 0 41 25 10 39 45 47 4 58 41 90 42 25 39 58 48 26 9 55 90 60 80 66 82 36 38 36 55 30 45 19 0 20 62 67 51 50 31 77 81 36 5 35 51 64 39 33 15 14 101 67 79 110
52 53 17 56 58 25 86 135 105 58 42 85 143 5 125 68 46 64 53 95 95 142 62 62 73 45 71 76 37 30 0 25 31 47 9 4 10 32 61 1 7 31 45 100 113 61 36 18 43 70 49 28 15 69 70 25 36 44 25 71 64 64 85 62 43 0 68 68 65 34 32 2 28 14 43 49 23 50 26 12 46 79 30 37 5 72 118 83 37 49 137 94 33 92 17 87 101 64 71 113
42 56 46 92 72 23 51 114 78 83 13 79 93 51 97 55 33 83 11 64 152 181 31 29 43 41 32 25 30 39 14 57 36 63 17 71 119 83 70 18 18 67 94 59 32 22 12 34 26 39 53 136 125 103 108 6 57 30 11 71 102 98 63 47 8 8 24 42 36 19 18 9 23 10 29 26 0 28 26 48 69 64 20 31 31 44 65 79 77 51 57 31 12 86 57 105 96 59 15 8
17 60 54 34 79 13 2 74 20 15 89 95 46 133 18 21 15 48 41 12 97 119 115 66 44 62 61 11 53 22 49 100 18 96 42 64 109 67 58 28 22 27 54 22 39 60 12 41 36 73 106 163 152 112 120 33 44 36 22 35 64 95 46 25 37 49 0 27 23 19 6 8 26 15 37 55 44 47 8 21 23 60 68 25 60 78 58 40 52 33 8 19 24 79 82 108 58 83 76 51
57 29 86 87 55 79 80 18 9 86 134 183 64 0 53 26 87 15 65 86 120 55 102 26 36 49 42 66 10 38 64 82 15 106 79 32 21 6 24 41 56 7 14 40 98 93 22 52 24 16 11 18 111 138 101 59 10 25 26 31 35 84 75 42 45 45 8 48 40 33 14 28 47 40 59 70 49 41 19 69 59 51 84 16 39 34 19 31 32 21 9 32 33 53 40 48 38 34 41 38
71 15 46 77 2 102 94 15 41 45 116 159 137 43 16 7 64 63 24 10 19 37 58 25 0 94 115 43 131 55 31 38 41 63 89 42 9 15 11 43 43 24 6 21 42 18 0 22 18 27 50 31 47 22 14 48 20 11 13 63 37 40 58 15 44 16 42 73 52 28 13 41 41 15 18 33 26 30 18 77 74 32 90 27 17 14 17 46 51 16 15 25 42 77 59 78 74 12 37 75
75 51 57 36 61 80 70 61 23 68 78 38 62 55 15 54 51 94 75 56 49 6 0 27 21 27 45 9 91 114 101 18 42 12 60 24 20 73 30 15 15 50 19 4 17 39 59 21 47 38 53 91 88 72 84 24 38 37 29 72 25 13 44 2 69 9 38 51 56 43 46 77 53 29 49 71 48 36 13 57 42 11 80 41 17 39 38 64 46 9 25 18 41 99 103 153 131 44 82 130
60 32 82 57 75 42 55 11 35 79 54 18 32 73 26 17 19 58 75 28 65 51 29 15 10 39 146 102 117 48 40 14 32 8 51 15 15 73 36 21 0 37 17 6 21 65 87 8 55 29 37 91 88 100 93 10 57 67 53 77 66 71 73 56 50 26 25 31 59 59 84 126 48 41 81 86 17 0 0 48 59 13 38 39 20 40 21 86 38 13 30 13 25 61 62 95 119 27 31 45
60 84 36 27 7 36 6 10 47 4 18 47 10 28 42 54 71 73 39 29 55 55 3 58 35 23 62 116 97 67 2 61 43 32 77 64 34 26 19 73 39 63 68 55 19 24 49 10 29 8 52 84 44 24 0 43 108 73 44 92 137 116 43 52 13 77 67 60 53 18 47 105 87 41 65 98 72 67 31 34 14 51 62 44 48 124 67 80 50 20 16 12 38 57 35 21 32 25 71 64
45 98 67 62 39 33 46 74 41 58 10 19 51 70 109 73 32 72 25 31 53 81 18 63 76 54 64 66 86 86 68 11 34 106 57 70 35 32 33 66 16 67 102 99 17 4 19 14 11 25 45 25 31 87 89 48 4 35 63 95 107 47 54 37 27 97 72 7 28 0 1 48 68 71 28 10 67 28 24 65 23 37 43 2 34 78 40 43 37 7 5 10 26 36 24 32 50 72 80 64
18 37 61 42 53 30 37 59 27 14 43 77 0 0 53 58 34 67 83 89 42 55 26 38 58 59 35 8 35 14 6 24 23 54 24 23 31 18 65 103 57 83 105 61 9 10 40 48 32 23 37 39 0 33 119 87 9 44 30 72 97 23 67 53 36 20 13 21 28 5 17 41 74 51 29 43 62 46 22 37 12 18 29 12 17 24 10 38 0 23 35 49 52 48 52 43 41 50 52 42
16 9 40 18 52 69 47 29 48 47 87 97 4 48 55 34 14 35 74 160 45 92 59 68 80 105 124 78 39 13 27 23 1 67 75 44 32 19 53 46 26 22 60 37 47 46 48 55 96 86 54 34 17 34 63 27 35 40 59 106 37 34 92 49 2 8 17 22 12 38 59 65 98 49 49 75 42 58 40 59 33 14 8 17 26 22 16 24 23 46 20 9 7 24 69 65 42 38 33 30
7 10 21 25 4 29 18 26 7 74 83 59 38 93 86 94 57 20 61 98 73 55 56 65 68 67 116 123 89 46 49 33 49 92 69 33 0 16 33 17 88 38 36 7 22 32 31 76 42 25 29 41 36 13 13 49 35 30 87 112 0 82 63 8 37 42 42 58 36 18 20 96 85 43 67 75 17 30 23 66 59 33 8 14 19 17 15 0 7 16 13 19 35 50 50 27 58 51 52 61
15 29 37 79 42 9 0 4 33 82 72 85 111 67 20 32 6 30 29 68 76 73 29 79 54 8 29 120 181 95 56 103 150 96 34 16 24 22 32 32 56 45 61 51 38 41 0 9 0 9 25 37 0 11 74 55 0 21 61 79 57 131 66 39 98 94 96 98 51 16 0 58 46 36 78 75 36 20 0 42 22 20 27 47 46 47 81 101 56 10 9 5 40 87 81 101 19 20 34 55
58 99 93 52 32 11 59 53 61 52 51 96 115 56 23 11 11 63 86 22 106 68 76 128 91 12 0 41 76 35 60 126 135 81 65 23 77 34 50 40 54 50 42 37 44 98 55 26 16 77 40 47 28 26 107 62 40 54 79 100 86 59 63 30 61 63 109 88 18 18 14 15 21 25 52 58 52 41 11 37 29 16 30 50 35 6 29 89 65 11 34 33 61 100 83 128 16 22 36 53
0 89 130 56 24 20 55 60 95 74 78 68 14 9 17 41 30 91 117 111 129 85 14 23 49 40 73 63 32 17 42 28 46 58 94 35 87 37 58 59 38 18 6 10 35 79 59 3 0 31 26 71 80 30 72 139 45 17 49 103 48 26 78 41 25 0 42 46 22 10 7 29 11 14 8 34 21 42 24 28 41 16 27 41 47 25 13 72 64 24 38 36 46 63 53 92 23 24 26 27
46 50 24 0 7 53 45 89 76 56 75 84 42 59 7 42 55 21 31 51 80 51 15 13 32 63 60 12 19 21 30 30 37 74 124 113 133 51 18 36 36 24 55 79 87 67 71 29 38 3 54 41 51 104 73 78 96 51 34 85 27 62 27 11 52 39 35 0 58 82 40 34 27 33 10 53 3 42 28 15 36 25 39 27 41 36 1 46 62 34 25 24 28 30 30 49 40 35 26 18
51 0 80 31 6 7 14 22 34 63 79 63 71 71 49 55 63 45 70 47 95 68 32 18 19 42 28 55 38 68 92 43 71 122 117 145 124 104 50 33 36 34 80 87 98 92 75 17 22 7 46 72 155 162 129 67 27 25 29 0 52 111 42 7 51 57 16 39 101 83 45 49 46 34 6 45 38 20 43 0 23 53 44 34 53 39 22 40 87 88 34 49 21 13 48 64 29 41 66 68
31 15 42 0 48 32 19 60 73 67 58 25 88 102 85 70 12 37 0 73 105 46 43 46 27 35 33 51 20 77 48 13 45 103 94 76 72 84 67 36 14 27 65 85 51 83 78 48 60 37 28 63 35 160 198 84 33 34 53 32 101 91 28 5 16 38 62 58 84 66 73 36 66 50 16 16 14 0 38 39 66 67 47 15 39 40 24 28 57 38 14 16 42 28 60 53 2 27 48 72
2 8 50 28 65 28 29 50 108 108 65 44 75 87 17 0 20 36 23 5 80 28 32 72 30 17 50 53 54 133 79 53 76 98 56 10 26 70 91 64 4 27 38 31 7 35 30 47 114 121 33 19 97 112 117 74 16 6 6 28 66 27 15 58 38 30 45 35 29 74 120 52 27 36 43 32 57 30 52 89 63 49 46 0 14 19 9 10 21 3 8 18 56 48 48 28 0 27 24 67
18 30 67 76 62 35 61 72 75 71 52 53 46 31 47 160 129 37 93 46 69 54 70 38 32 1 38 24 67 137 100 69 75 68 24 31 48 77 70 44 10 30 39 9 52 39 28 79 60 76 35 78 65 25 12 45 14 28 8 64 52 75 80 92 45 29 15 46 8 83 104 45 20 35 61 34 75 33 22 67 48 18 32 2 31 48 53 64 20 14 13 35 33 46 17 16 11 46 21 55
66 84 54 55 29 25 41 74 51 0 22 91 140 61 41 126 146 59 48 76 66 47 41 26 33 19 26 29 59 95 52 6 64 56 8 54 39 70 44 34 33 27 76 78 95 56 28 66 39 5 22 64 68 60 51 40 9 37 21 47 34 143 176 92 40 41 29 66 19 46 59 58 31 24 34 0 60 48 43 89 97 52 42 18 32 33 34 49 47 28 14 30 24 37 14 21 1 58 57 71
13 39 53 69 15 28 54 69 44 52 49 90 61 54 6 46 76 50 97 98 69 51 35 49 67 51 0 3 5 49 46 41 103 111 56 86 35 86 77 80 40 7 91 141 69 45 6 11 28 28 51 13 78 23 21 59 19 14 32 29 24 84 146 60 38 39 46 59 63 30 54 78 69 47 42 11 54 50 29 35 24 32 28 28 21 13 26 60 55 20 18 37 76 51 38 17 31 101 157 157
29 58 118 103 29 9 21 5 14 35 21 39 26 101 68 52 34 4 136 126 33 28 48 0 2 13 35 39 57 35 31 24 57 78 51 83 39 83 76 65 36 0 63 96 41 46 16 28 103 78 32 60 45 42 21 35 43 23 63 76 75 49 59 6 21 22 35 49 86 51 60 56 23 9 17 22 51 65 45 11 16 69 37 41 18 12 26 55 44 14 11 62 111 66 49 13 25 55 134 115
13 61 87 25 48 20 9 29 41 0 42 8 61 24 61 44 96 137 42 80 51 15 18 20 24 15 90 31 84 2 33 34 67 65 47 90 82 125 135 125 60 21 33 0 25 28 3 45 64 74 31 27 9 3 48 48 15 6 9 33 71 91 54 1 37 31 6 8 22 38 58 55 32 13 11 22 34 70 72 26 63 105 9 11 15 46 56 58 42 23 0 70 88 59 41 23 29 0 59 17
16 25 50 49 59 82 58 22 16 17 64 45 31 0 14 29 8 50 62 13 1 10 36 0 15 60 118 89 130 6 63 46 54 41 29 14 91 127 135 71 14 22 13 55 102 85 103 62 24 40 2 61 25 32 48 30 2 5 43 53 34 95 67 20 53 56 15 0 41 98 92 60 19 24 46 46 57 86 77 56 58 62 4 0 28 79 94 94 118 118 68 46 79 24 2 28 39 39 45 31
15 7 14 3 9 34 21 0 24 62 93 72 32 46 33 23 76 95 81 55 19 17 29 11 22 56 138 119 126 45 37 24 17 31 49 17 34 25 45 23 65 45 6 32 74 60 89 59 32 33 25 51 35 21 43 24 31 23 56 65 67 103 65 25 9 33 27 25 67 89 51 6 28 47 89 97 88 81 47 20 27 61 33 22 12 27 40 57 107 132 93 47 68 39 17 0 35 50 62 38
65 42 35 20 20 40 33 22 15 26 39 84 29 40 11 45 80 75 50 60 23 23 36 50 58 58 135 110 80 71 29 32 13 22 55 35 40 3 14 11 70 39 0 40 89 64 80 47 21 0 26 15 25 5 43 39 57 25 46 49 82 87 44 18 35 56 52 51 80 85 51 23 35 36 59 52 29 22 15 20 28 33 0 17 43 57 39 28 8 43 38 12 37 39 37 0 7 44 62 25
94 66 62 52 50 59 46 36 48 11 14 112 63 51 29 116 40 23 6 33 19 19 48 75 41 12 66 32 0 26 0 5 28 13 53 59 84 44 39 40 47 18 0 64 125 86 81 38 36 0 33 0 16 12 63 85 68 11 15 12 76 59 18 8 46 46 20 3 21 32 30 37 21 14 38 38 14 2 4 26 49 54 18 34 43 42 30 36 10 19 35 43 58 51 60 26 27 80 100 52
