31 6 34 31 59 88 32 19 43 42 26 22 32 25 19 37 28 12 14 22 22 40 52 39 13 43 31 21 21 69 59 42 9 28 30 32 45 38 23 28 18 34 31 17 16 19 16 15 29 10 12 16 0 23 30 30 21 7 8 3 12 30 29 38 28 23 9 13 22 40 62 46 10 26 4 43 36 58 38 23 1 7 19 20 19 33 44 36 23 35 39 17 46 48 39 8 44 51 34 19
57 28 34 31 50 63 20 6 63 46 19 6 12 16 15 18 18 13 19 19 12 20 20 0 9 17 14 24 7 42 59 39 24 38 24 11 29 44 43 48 33 48 52 47 61 82 67 30 4 0 15 35 21 44 32 31 35 21 21 12 16 27 20 26 36 32 19 14 0 3 43 58 51 31 8 40 41 32 37 51 42 13 7 24 28 25 35 50 0 4 11 14 39 40 29 14 28 30 27 29
63 36 19 24 36 34 19 11 9 19 33 31 14 11 25 35 36 29 28 22 17 27 30 16 30 8 0 27 14 41 78 51 13 38 35 30 54 66 50 37 84 47 34 41 41 43 42 26 8 0 7 20 18 31 20 34 42 37 40 19 3 3 1 17 29 20 12 22 13 7 34 44 47 27 16 36 41 15 31 48 27 0 2 46 73 57 27 11 47 39 17 15 14 12 3 11 28 19 27 44
61 45 19 37 47 37 55 58 73 37 27 34 28 30 39 36 44 27 19 26 30 30 29 28 44 37 16 33 27 38 77 63 9 28 27 31 57 58 34 22 29 1 17 43 26 13 17 10 14 5 6 7 8 9 4 33 43 32 32 16 8 13 8 17 16 14 11 27 26 21 32 21 7 22 15 17 12 14 29 27 13 10 14 48 99 106 51 0 21 34 31 52 47 44 17 20 43 24 36 60
44 39 16 39 42 25 56 66 84 46 46 66 50 29 31 38 53 29 23 47 56 31 10 13 24 60 45 29 33 25 42 45 33 22 0 0 19 18 13 29 18 19 29 15 0 25 54 36 0 4 30 36 36 16 0 19 37 19 19 22 39 50 29 20 19 33 33 29 16 17 30 14 0 25 4 10 0 18 27 27 25 28 8 3 43 69 45 11 22 32 14 17 10 23 11 18 39 20 32 55
24 24 9 27 23 2 20 27 3 12 52 81 52 8 10 39 65 39 26 48 62 33 13 27 10 44 35 8 49 49 21 10 36 25 8 13 27 10 1 25 12 21 45 51 38 37 30 5 4 11 53 56 50 24 6 8 15 21 44 46 43 39 20 20 26 41 39 38 36 43 43 6 2 24 7 43 13 25 16 25 23 32 17 5 13 7 0 13 2 24 32 47 55 58 38 32 16 7 13 25
19 18 17 33 33 18 14 11 28 20 18 31 36 19 8 18 42 28 11 18 35 26 22 43 32 28 34 2 48 64 22 0 23 31 31 39 45 21 2 16 29 14 20 42 39 17 19 41 30 18 51 40 34 25 28 19 2 22 56 48 24 11 3 19 25 26 21 37 51 58 52 10 13 22 22 67 51 29 12 16 27 45 47 50 47 11 0 24 39 29 18 11 21 7 4 11 5 11 10 8
2 0 11 31 42 37 19 8 30 42 38 38 51 44 28 30 15 25 18 16 32 32 29 44 59 37 69 18 20 34 14 14 27 37 25 13 16 9 8 28 31 41 48 49 39 19 21 44 38 12 40 25 25 36 55 41 11 11 26 23 20 23 14 20 21 18 11 21 20 24 42 34 26 27 30 53 54 25 22 17 36 49 40 39 49 27 13 40 25 3 4 10 36 11 17 32 12 31 28 20
20 28 23 5 25 43 24 26 14 30 80 66 35 42 33 29 27 31 24 18 22 20 20 28 49 28 36 43 19 25 1 13 16 10 13 23 22 16 23 40 65 70 60 82 62 32 4 34 28 18 39 46 18 17 41 43 27 24 15 17 32 30 14 7 11 30 34 24 15 9 19 41 50 31 30 29 20 28 35 20 35 33 18 10 5 6 22 26 31 14 10 20 19 9 16 36 26 2 11 33
43 41 26 0 14 37 29 37 10 13 51 62 36 18 11 16 18 37 27 0 0 14 27 27 40 28 27 26 20 49 22 6 12 6 8 21 31 33 34 38 38 28 35 33 19 61 84 54 29 6 17 30 11 7 23 21 38 37 17 2 13 24 21 18 19 16 15 27 34 21 20 40 63 40 27 15 0 8 22 17 13 20 16 13 11 14 20 16 24 11 2 2 1 6 27 52 31 4 7 24
34 34 28 9 23 43 35 41 6 14 35 61 49 27 31 27 30 39 49 49 33 15 16 30 47 24 6 9 14 53 34 14 36 25 18 22 34 42 39 33 13 15 31 22 28 91 126 83 36 10 15 32 26 21 20 7 28 26 24 35 45 32 17 20 11 10 7 15 30 32 35 48 72 47 31 27 23 25 21 5 0 5 12 10 16 28 29 22 5 13 18 14 7 8 17 27 29 6 3 17
15 16 21 11 19 37 29 31 17 39 35 46 43 33 42 18 14 7 24 43 29 11 34 73 61 33 18 40 36 48 31 27 47 39 25 15 19 30 35 33 35 30 5 20 58 89 79 79 31 22 29 40 43 45 33 4 63 61 44 31 34 31 17 10 0 32 41 29 35 50 48 39 33 24 22 25 23 16 6 0 3 9 15 5 12 33 31 25 0 25 45 39 27 24 20 12 16 6 6 16
17 9 14 0 0 18 18 21 38 49 24 24 22 9 13 0 33 39 52 41 11 5 20 25 62 59 59 84 61 49 31 25 26 28 24 14 11 21 35 44 64 34 0 52 82 86 33 30 16 29 36 30 36 52 44 13 48 69 46 4 13 44 36 4 5 46 64 57 61 64 43 19 4 13 20 20 11 0 4 18 24 19 24 7 10 29 16 12 4 34 49 37 30 41 45 36 12 17 20 24
9 4 21 17 12 25 24 23 39 27 7 22 34 16 13 23 24 24 51 66 45 37 45 43 53 70 62 63 33 35 34 18 19 28 37 37 32 32 44 55 65 17 1 25 0 16 26 20 16 38 39 22 26 49 52 36 33 37 22 9 21 31 26 19 18 23 24 34 51 48 31 23 16 16 15 26 40 30 16 19 21 8 22 11 16 31 7 7 4 29 39 25 23 39 42 30 25 39 40 35
3 1 30 36 28 39 35 29 24 9 8 26 51 45 30 53 50 15 22 42 24 13 30 39 45 50 23 28 10 24 34 16 25 26 35 46 47 42 45 54 20 22 76 79 54 26 34 1 19 36 36 24 27 39 44 45 67 53 29 15 12 6 11 31 21 12 0 2 18 22 21 29 17 12 2 18 45 36 12 10 17 0 16 12 22 34 5 13 2 21 28 18 18 28 22 2 30 45 36 22
19 8 29 27 14 28 34 33 14 13 21 15 39 48 15 24 6 0 14 21 10 24 31 1 38 25 0 36 36 35 34 16 15 4 7 25 37 36 38 47 35 29 47 4 51 9 20 6 9 20 24 25 27 21 20 33 14 63 68 30 26 51 45 19 19 37 32 15 12 15 13 13 15 24 17 13 17 8 15 48 32 1 17 12 19 28 0 13 11 21 19 9 13 26 22 4 19 30 14 0
25 27 14 17 28 7 0 22 37 22 18 19 13 12 10 0 13 5 34 42 22 50 69 26 11 15 25 29 32 39 27 0 7 15 30 51 27 20 15 69 61 42 0 16 100 102 55 46 28 12 29 28 40 49 71 59 46 56 38 19 23 20 12 19 14 26 23 7 8 28 36 28 22 39 49 23 21 3 14 21 28 27 9 0 21 24 6 27 16 30 42 8 8 30 12 14 39 29 21 21
20 22 22 13 6 13 16 7 24 19 21 22 19 23 29 29 58 24 25 29 8 22 57 59 12 34 57 42 2 0 12 30 49 18 0 3 0 18 32 75 72 59 26 42 105 109 68 55 34 43 45 16 12 22 73 83 52 58 39 19 21 19 15 24 50 53 44 29 30 45 53 49 14 17 27 8 11 10 36 42 32 53 42 29 27 7 1 24 17 17 15 29 29 8 14 39 56 32 19 27
40 35 35 16 3 42 65 33 4 8 12 10 7 11 20 27 39 19 17 19 4 2 25 43 32 39 49 41 18 19 44 62 28 2 5 19 13 33 28 30 74 56 13 0 15 43 56 71 27 44 26 6 27 35 73 63 31 39 32 22 24 20 14 18 19 26 26 16 11 22 44 60 47 29 33 15 11 9 29 17 82 91 49 35 29 4 15 27 18 36 34 63 47 0 29 66 44 15 5 25
20 12 9 4 8 34 38 9 11 20 20 15 14 15 17 23 40 44 33 12 5 17 41 62 63 41 23 15 19 35 33 13 15 0 22 27 10 28 31 22 2 26 38 39 13 17 16 18 24 36 9 10 53 46 59 35 25 26 21 16 15 12 9 10 9 26 41 37 24 29 65 102 80 37 29 11 9 13 33 9 83 86 33 31 29 6 31 33 8 47 52 49 34 16 26 30 25 8 7 26
23 24 25 51 80 60 16 0 12 22 14 5 12 9 0 0 28 48 46 30 27 30 37 51 45 38 24 4 2 25 33 15 0 0 43 50 34 38 29 5 47 55 49 44 9 31 42 50 34 40 24 22 42 16 34 44 44 31 20 13 9 11 14 13 2 14 28 28 17 19 47 79 101 43 19 0 1 11 33 8 13 41 29 48 36 1 25 28 11 40 54 25 30 50 23 1 23 20 18 18
12 13 13 48 88 58 5 0 58 67 49 34 44 38 17 14 2 16 29 38 35 14 1 9 14 21 22 8 5 36 66 70 38 20 37 24 26 41 51 41 63 51 26 42 30 58 43 32 30 21 30 28 36 7 14 35 33 20 24 36 38 38 32 18 13 12 13 17 22 29 40 51 79 38 26 15 24 21 26 3 0 21 31 56 42 7 14 11 9 30 59 32 26 41 21 34 51 50 39 22
17 14 12 26 48 49 30 16 50 62 40 22 37 34 16 16 24 23 19 14 11 16 24 28 22 11 9 11 10 22 42 50 24 18 42 31 46 44 41 36 59 41 9 46 52 76 34 15 33 1 32 30 43 33 9 8 16 3 19 46 55 55 43 18 10 8 5 4 11 22 29 31 28 18 28 30 47 34 35 25 20 25 42 57 40 15 14 19 10 23 35 27 12 2 17 59 67 58 46 37
26 25 33 25 18 43 45 3 16 34 16 2 26 33 24 34 15 30 31 12 13 45 56 32 30 6 8 26 23 13 20 30 21 16 29 2 16 15 31 53 66 62 40 90 99 110 51 33 55 12 53 33 38 45 12 2 30 4 6 26 34 42 40 18 19 27 26 13 6 13 25 31 35 32 34 20 29 10 18 29 1 19 65 71 34 10 19 49 48 42 8 19 24 9 36 56 30 15 10 20
27 33 19 14 35 13 34 25 0 8 54 63 59 53 22 27 9 15 16 19 38 58 54 35 39 21 15 16 35 39 18 24 4 25 23 13 22 27 30 45 19 24 13 91 61 75 88 30 39 29 20 32 28 43 16 21 45 25 14 47 24 19 30 35 34 32 7 33 8 6 33 48 43 28 40 54 39 0 25 0 22 13 47 56 46 45 39 59 47 31 40 2 15 15 19 42 20 16 15 17
50 47 16 10 16 20 23 22 0 1 33 59 58 36 19 32 21 10 18 48 66 55 33 21 0 7 17 11 35 45 9 0 5 18 33 42 32 7 2 21 29 18 21 29 23 20 66 26 31 11 0 6 30 61 20 37 70 42 17 50 45 53 56 45 32 24 20 20 8 0 27 36 38 17 19 42 24 15 25 12 20 21 50 44 26 24 11 14 7 16 33 9 15 7 17 34 23 21 26 36
33 37 25 35 39 64 32 30 32 28 34 59 49 11 8 20 27 17 32 72 92 71 38 21 15 15 9 6 32 31 9 33 18 3 7 23 30 31 35 36 33 4 15 17 26 20 40 25 18 18 13 4 28 45 3 41 74 53 22 46 49 68 69 53 27 16 37 13 15 11 35 42 42 12 5 27 6 24 13 14 9 8 32 34 21 15 3 1 20 36 32 16 21 11 27 29 18 16 20 31
12 19 37 46 58 77 33 29 3 21 17 31 26 12 36 38 15 19 30 47 60 54 29 5 10 17 15 14 42 41 21 49 60 40 24 10 12 48 66 45 58 32 27 69 36 50 10 32 10 32 21 20 48 38 7 33 59 61 34 39 27 42 49 42 23 16 45 22 22 40 53 65 51 16 16 18 4 20 0 6 11 0 15 32 30 25 21 21 57 60 20 8 19 19 40 33 8 2 0 4
22 16 37 20 36 35 13 17 0 40 35 22 19 39 74 60 27 29 26 22 19 18 14 7 0 36 38 8 39 84 74 65 54 57 56 30 12 43 75 69 49 42 31 70 23 79 35 65 19 32 1 24 67 49 37 21 42 59 32 25 5 15 23 24 10 9 25 16 1 38 38 52 45 16 32 16 20 18 8 14 29 30 29 27 26 38 41 20 42 45 5 5 12 16 36 36 24 20 16 14
18 12 29 15 34 15 16 28 32 71 65 30 21 48 65 41 39 28 21 16 7 2 17 39 21 33 34 12 35 81 77 64 25 25 27 23 22 46 82 101 36 22 18 21 24 101 81 50 45 35 17 28 39 21 34 6 21 39 8 5 0 15 24 30 49 46 40 39 16 48 47 56 28 14 30 16 34 24 30 34 26 60 52 19 10 42 54 6 14 31 23 33 21 12 17 37 33 29 27 27
10 14 17 36 44 19 23 36 19 29 35 17 20 41 34 21 16 16 14 6 0 3 23 44 18 0 13 32 41 46 25 8 24 28 18 11 27 55 81 99 60 27 26 11 28 83 93 35 72 28 61 42 9 7 27 12 27 45 10 6 3 20 34 53 50 40 20 17 5 11 27 23 21 23 12 15 26 22 34 39 6 54 55 25 5 26 47 8 16 28 41 57 34 20 5 42 33 21 12 13
26 31 4 41 29 5 4 21 23 2 17 22 34 41 14 17 9 34 37 11 3 25 40 35 39 5 13 17 19 44 36 5 0 45 51 27 39 74 97 110 52 22 32 36 18 58 119 115 87 4 77 52 18 49 54 38 60 81 43 28 10 15 34 66 61 44 22 12 18 2 37 23 27 36 0 12 9 14 22 27 0 35 46 41 12 2 28 17 25 19 32 49 33 29 4 49 69 46 25 23
31 41 25 21 12 21 1 22 52 34 30 41 20 35 24 39 12 36 73 0 38 91 52 51 48 28 25 18 12 40 55 24 37 41 40 34 48 39 62 54 38 52 24 48 23 25 73 95 65 17 67 11 8 28 53 9 48 84 40 37 10 21 44 46 51 47 49 33 41 26 21 16 30 28 6 13 15 41 19 0 26 34 33 62 29 8 2 6 11 9 19 7 11 38 42 40 39 18 37 70
41 37 31 17 16 8 5 15 32 12 18 37 16 24 28 64 18 20 36 9 69 118 72 61 42 21 19 17 10 31 42 17 47 35 20 15 32 16 25 7 13 66 61 55 44 20 51 60 68 19 47 53 90 0 84 44 18 38 55 28 26 21 30 20 10 18 18 36 7 0 27 19 12 34 42 59 51 56 25 4 26 42 57 73 61 21 10 0 26 24 32 31 32 14 0 2 28 17 38 66
22 8 19 10 19 3 21 19 20 11 28 40 19 19 9 25 25 22 13 18 52 77 44 45 32 11 10 15 10 19 25 8 50 34 20 20 37 19 28 14 15 77 79 50 64 47 94 114 128 101 63 152 255 78 206 178 27 0 27 3 32 16 18 20 32 20 0 46 13 13 52 27 2 26 44 64 58 55 26 7 2 15 31 36 54 14 17 9 30 32 34 31 38 26 8 37 21 24 45 63
12 0 7 15 17 11 38 30 23 15 23 15 11 32 27 22 42 42 8 14 12 19 5 12 20 1 3 14 11 11 12 5 16 10 9 13 26 6 27 28 43 80 70 43 66 104 176 201 177 242 242 231 81 225 252 250 143 41 27 30 44 14 0 15 53 20 0 26 28 20 37 19 26 33 44 63 74 72 47 25 35 33 28 38 49 7 7 15 33 31 35 16 13 32 39 50 6 20 36 39
41 32 14 30 12 22 46 39 22 14 31 26 25 31 22 12 50 46 4 11 6 14 7 0 10 0 0 12 13 8 7 7 2 0 0 3 17 0 21 20 50 80 61 40 57 163 236 234 157 228 255 169 244 241 255 236 166 90 24 42 25 20 7 33 32 9 26 9 49 20 5 21 9 8 20 37 54 48 31 14 55 42 27 67 55 17 5 24 38 16 38 35 16 41 56 43 11 30 37 27
53 58 18 28 9 29 51 44 23 7 31 29 28 18 18 22 27 29 14 14 3 6 10 7 5 0 1 9 13 9 7 11 16 9 3 6 31 23 36 19 30 70 51 28 52 186 253 252 135 134 154 114 212 255 228 255 253 234 140 68 11 23 26 46 23 5 43 9 82 47 6 22 16 10 18 22 36 29 37 41 46 22 8 59 35 16 19 41 56 8 25 41 24 31 40 38 20 39 38 24
22 49 17 18 25 33 55 37 19 1 10 0 22 60 86 81 24 12 18 8 0 0 1 9 4 7 5 6 11 9 7 12 10 11 5 2 28 28 41 17 10 48 36 19 61 122 170 233 10 255 185 136 72 255 243 245 255 255 212 37 7 18 38 59 28 10 32 10 64 40 9 2 20 2 4 2 23 18 35 43 53 22 23 54 28 17 43 42 60 20 6 8 17 14 2 17 7 25 21 10
0 35 24 16 49 37 55 21 0 12 36 12 69 135 127 54 58 4 3 0 13 6 5 5 5 13 8 3 9 9 7 12 6 20 21 8 21 19 38 19 3 28 27 25 73 21 36 164 67 119 80 106 56 229 255 241 245 247 251 22 34 11 19 34 38 35 43 26 23 3 11 2 36 12 18 29 65 53 52 40 11 0 31 55 45 35 74 43 23 26 4 0 47 59 28 46 9 27 24 18
2 14 20 32 19 33 12 15 2 33 67 47 57 90 53 15 14 8 2 0 2 4 4 3 3 6 9 9 7 6 7 9 7 0 10 17 4 0 22 43 34 4 31 37 16 99 63 79 32 217 182 144 87 241 255 200 255 231 129 2 32 15 22 34 51 29 57 51 11 50 25 7 7 17 38 5 37 16 18 0 12 51 44 52 42 34 76 75 19 8 31 45 11 46 49 39 13 29 51 56
25 36 38 40 12 19 21 47 39 56 57 19 12 41 42 29 5 7 9 12 12 9 3 0 0 2 5 6 5 5 7 9 8 7 16 22 13 9 21 32 55 30 21 18 40 116 102 140 137 203 222 219 81 247 224 197 252 255 54 16 9 7 44 45 17 29 74 64 21 45 18 10 12 45 78 43 38 24 38 22 53 60 23 22 23 19 43 23 35 27 38 36 0 10 12 19 17 17 30 42
38 48 43 36 7 8 24 53 26 38 24 9 8 21 33 19 1 6 13 16 15 10 6 3 0 2 4 4 4 4 5 7 5 7 11 15 18 24 32 36 48 45 30 15 25 31 62 162 100 67 7 213 245 247 255 125 239 255 51 50 17 8 35 26 17 33 74 79 54 51 20 31 28 44 63 51 38 49 50 17 18 40 26 28 20 10 28 14 73 36 15 20 26 44 24 25 34 24 24 37
30 45 35 24 7 8 21 23 12 17 1 27 49 45 39 2 4 7 9 8 7 8 12 16 6 6 6 6 5 6 6 7 9 11 5 2 14 28 34 39 27 40 28 10 33 24 63 120 78 63 86 233 235 255 169 239 247 246 98 22 2 3 29 40 45 34 51 78 94 78 45 69 49 32 28 43 30 53 37 0 9 44 54 57 43 33 53 52 68 44 25 17 22 20 6 33 37 33 25 25
23 54 47 26 15 14 26 2 41 33 12 43 66 52 40 4 4 5 5 3 2 6 14 21 7 7 7 8 10 12 14 15 16 21 8 0 13 19 17 23 0 44 55 18 28 35 74 60 11 172 252 230 217 213 181 207 255 249 144 19 12 19 35 28 41 32 33 51 91 84 57 67 48 31 28 49 13 25 18 5 56 56 37 27 28 35 46 38 46 29 18 9 23 12 2 38 20 36 27 8
23 67 68 48 37 23 42 12 42 35 26 41 45 27 15 3 1 3 5 6 6 7 10 12 5 4 5 8 13 18 22 23 7 18 10 8 21 16 5 15 0 24 50 37 34 13 40 45 76 217 255 255 252 60 244 234 169 188 70 0 13 38 75 29 12 33 37 22 47 45 29 14 24 20 21 39 7 13 14 19 52 39 16 0 5 17 20 12 39 15 8 3 35 29 17 37 23 54 47 21
16 53 62 66 71 40 55 21 20 14 26 28 22 10 0 1 8 7 7 7 8 7 5 2 6 4 3 6 12 17 20 20 1 16 12 13 27 12 1 23 27 9 4 30 81 59 34 53 57 133 252 190 163 242 248 247 250 251 91 5 10 22 85 35 9 32 44 26 34 17 17 4 17 26 25 25 16 26 20 14 22 31 38 26 17 21 20 21 30 23 36 11 9 0 0 22 37 68 63 45
3 23 36 71 100 57 58 15 28 12 26 18 13 14 0 12 18 13 7 4 5 5 3 1 10 7 4 5 9 12 13 13 14 26 16 14 24 3 0 26 22 53 35 15 70 71 17 33 150 194 212 147 117 243 247 255 255 239 119 7 18 6 71 33 28 24 42 52 63 29 44 53 32 63 63 37 26 30 21 8 18 31 45 32 19 18 11 13 38 16 24 5 20 12 13 17 32 57 53 48
13 26 23 63 94 75 53 23 36 12 5 13 10 4 3 1 6 9 10 5 0 0 5 12 23 14 10 13 15 15 19 25 25 28 27 21 17 17 13 8 29 54 57 30 43 29 105 87 251 245 220 128 219 253 243 253 240 122 69 33 21 56 58 43 21 51 75 42 96 97 92 46 38 36 11 27 38 59 37 33 37 16 19 26 3 20 0 16 24 25 18 5 0 7 14 15 20 52 24 41
19 19 5 36 63 47 34 16 27 8 2 9 5 0 0 3 4 3 3 3 4 7 11 14 17 10 7 8 8 6 10 17 5 7 10 13 14 14 13 13 27 32 34 34 48 29 90 115 200 209 140 162 197 92 255 252 247 232 255 22 42 49 32 30 24 17 38 31 65 81 95 55 19 14 0 24 36 41 15 15 36 17 10 24 8 16 7 23 58 42 21 8 9 14 15 11 0 32 13 25
56 36 5 18 34 20 13 11 18 16 26 40 36 19 9 11 13 9 5 5 7 9 10 9 9 7 6 6 4 3 9 17 11 7 10 18 18 10 7 11 17 29 23 25 56 66 65 65 2 140 77 92 232 243 255 251 243 255 233 39 15 19 45 64 67 27 29 34 21 30 38 4 0 15 18 26 9 5 22 68 41 27 8 31 23 14 16 27 32 19 10 16 30 40 45 46 26 44 24 27
60 39 20 34 49 31 16 18 4 10 22 37 37 16 4 10 15 13 9 6 5 4 4 4 3 5 8 7 6 8 16 25 29 21 22 31 28 13 8 14 9 29 17 19 45 69 31 28 82 122 195 62 229 255 240 255 248 238 27 0 36 41 18 86 50 30 24 33 2 11 9 0 26 7 0 17 56 64 33 11 41 38 16 44 46 18 23 29 14 13 19 32 39 36 34 36 42 37 17 14
29 20 25 47 66 50 22 21 13 13 6 9 16 5 4 24 14 15 15 10 3 0 1 4 0 5 8 6 4 7 15 21 24 16 18 29 28 16 13 21 8 16 6 23 19 19 7 67 160 206 234 138 254 250 243 247 255 196 40 22 18 27 23 32 10 33 24 24 3 21 16 29 4 34 45 27 20 15 16 20 23 32 22 49 61 26 30 34 21 18 21 30 33 25 12 3 24 17 21 19
46 30 25 23 34 29 6 12 21 20 8 12 27 16 7 27 34 36 33 23 10 0 0 2 2 6 6 2 0 2 6 8 11 6 8 15 15 8 7 12 6 20 6 20 12 20 37 89 122 255 255 248 149 210 255 251 234 249 58 29 43 10 9 8 14 49 33 17 3 23 20 39 26 47 44 2 1 10 28 30 0 17 23 35 57 28 26 38 27 18 10 12 25 30 17 0 14 16 54 54
67 47 32 9 13 21 3 12 10 14 6 18 42 23 0 7 45 43 38 27 15 5 0 0 7 10 8 2 1 5 6 3 11 10 9 9 9 8 9 9 11 29 8 23 33 62 111 129 32 155 239 244 206 254 229 242 255 247 26 36 49 35 37 0 14 24 19 13 5 28 37 36 14 28 34 13 33 30 27 10 0 15 30 15 37 17 8 28 29 31 24 13 16 28 27 15 22 10 53 48
37 33 40 27 40 53 27 29 22 23 8 19 48 31 3 12 27 24 19 15 13 9 4 1 12 14 11 6 7 13 13 8 11 15 15 13 15 22 25 23 25 20 0 39 51 69 170 225 48 108 248 252 106 255 255 241 240 255 126 27 50 31 0 49 19 0 5 16 6 27 40 13 7 17 28 7 21 6 12 10 14 24 41 2 18 3 0 14 0 25 38 23 16 33 52 56 46 7 32 20
0 48 53 27 38 62 61 53 40 5 19 65 36 28 19 5 18 16 1 36 13 9 14 5 3 8 5 0 1 10 8 0 15 15 13 10 9 13 21 28 39 13 14 33 58 51 23 32 92 213 255 232 154 96 179 246 247 255 41 23 47 35 24 44 23 29 18 0 37 42 29 2 0 50 44 21 38 52 47 38 35 39 34 27 22 9 3 13 6 10 31 41 23 40 16 36 37 46 36 8
25 45 42 25 34 53 52 40 34 20 27 49 13 5 0 0 40 70 35 24 6 10 6 0 0 4 3 0 0 9 8 0 3 11 20 23 20 15 13 14 24 21 10 0 24 63 45 25 123 255 255 150 101 236 255 238 254 249 124 50 56 35 27 69 21 19 7 0 28 27 12 3 13 67 62 27 27 33 26 20 3 12 23 34 29 7 5 29 26 25 28 34 15 29 12 9 23 38 41 29
7 26 53 62 53 51 57 56 18 6 6 45 46 42 23 27 80 98 41 7 6 11 0 1 0 4 3 0 2 9 10 4 10 14 16 12 7 9 17 25 55 38 29 26 52 74 68 78 118 120 155 216 164 186 217 255 244 248 227 54 41 54 43 52 19 15 4 19 26 19 2 9 32 76 70 25 16 28 27 29 28 21 29 57 68 40 16 23 26 25 16 27 17 35 38 9 7 16 15 5
38 39 68 84 53 24 21 19 30 13 0 44 61 54 37 65 118 76 19 7 11 4 0 8 5 8 7 4 5 10 11 7 14 13 8 0 0 2 20 35 33 13 20 35 48 42 39 75 75 62 255 255 184 230 232 249 241 245 255 56 27 56 39 12 13 15 7 27 19 22 8 19 44 64 54 10 6 29 33 41 20 8 6 31 57 52 39 45 8 16 7 21 20 41 61 18 16 27 33 29
59 26 29 53 49 33 25 16 19 30 13 22 20 24 31 79 107 33 15 25 11 0 6 6 8 10 10 6 5 7 7 6 0 5 10 10 6 4 9 14 0 12 22 8 23 49 38 34 53 117 251 251 185 220 255 249 255 241 245 79 32 23 17 4 14 21 12 20 10 37 40 45 41 37 31 1 3 26 19 23 4 11 6 2 10 22 39 61 4 22 17 17 17 26 47 7 0 23 51 67
95 65 56 67 60 36 14 2 10 43 30 16 8 27 21 33 52 1 29 33 10 11 30 11 7 8 8 5 3 2 3 4 0 3 10 12 9 5 3 2 11 23 24 6 34 73 54 31 17 140 254 198 71 77 88 233 252 255 233 77 30 6 19 10 36 38 30 20 17 58 79 73 20 5 23 17 22 32 10 15 6 19 16 8 13 20 22 27 13 35 37 18 22 19 26 6 20 36 57 72
47 49 52 64 71 56 37 35 38 54 39 35 24 29 4 0 30 0 28 16 15 26 34 14 5 6 7 5 2 1 2 6 5 4 2 3 4 7 10 11 12 0 0 6 29 36 17 25 34 72 56 116 97 88 139 245 243 255 218 41 29 9 29 14 42 36 36 20 24 50 72 52 6 0 34 47 44 39 12 30 2 3 0 9 29 31 20 16 19 40 49 15 33 26 17 23 21 16 16 20
26 23 8 15 47 49 29 24 35 27 19 39 21 14 15 45 58 14 15 0 20 26 14 4 5 6 7 7 5 3 5 10 0 0 0 4 11 16 17 16 8 0 10 21 27 15 2 28 80 57 17 13 51 154 255 248 255 242 184 16 45 3 18 25 22 10 23 9 15 18 28 0 9 0 49 66 49 32 9 40 47 36 20 16 18 12 20 44 20 37 49 7 36 28 8 31 18 9 9 22
16 7 13 16 23 0 13 0 17 21 36 19 5 22 26 30 13 11 12 7 25 35 10 3 21 13 3 1 9 16 13 6 8 2 0 21 22 16 0 15 1 3 21 3 32 45 0 41 77 32 47 81 115 122 232 255 255 143 26 38 32 8 0 29 22 4 17 17 35 49 18 12 22 18 29 87 53 30 54 62 57 94 39 26 42 12 16 30 35 38 51 19 9 4 35 37 4 23 33 9
28 13 4 1 18 17 50 45 24 33 30 67 22 39 16 65 63 34 8 0 19 42 28 27 12 15 15 9 0 0 4 14 5 15 9 21 8 5 0 15 8 0 59 99 139 140 76 62 52 53 58 113 127 34 157 244 249 85 62 73 36 28 24 5 29 17 8 39 74 71 52 40 29 19 16 53 44 56 68 68 59 73 29 45 72 36 17 6 17 30 51 25 11 8 44 53 17 36 18 29
12 23 27 23 26 15 37 33 0 36 49 26 28 49 32 32 61 36 16 5 22 37 26 36 33 21 13 12 9 2 0 4 0 12 4 6 0 15 10 19 23 33 85 122 255 255 111 16 46 85 55 77 94 58 146 251 255 64 73 46 6 23 28 15 30 36 18 66 99 61 37 16 18 15 10 16 20 57 53 56 13 34 30 62 70 35 33 31 29 33 44 23 11 13 41 46 12 27 0 39
38 46 28 17 17 8 16 8 8 7 17 2 47 30 6 10 20 24 34 25 19 17 16 45 54 31 15 18 24 18 9 7 14 25 1 0 8 40 24 9 0 20 53 69 235 250 127 48 42 68 36 18 22 81 83 164 137 31 39 21 29 42 14 33 63 58 22 27 45 25 18 23 3 16 23 10 3 37 23 44 9 33 44 53 30 5 23 29 39 25 17 5 2 12 23 15 21 23 23 64
50 50 18 23 40 35 17 0 24 31 12 23 36 51 3 14 6 22 40 25 9 7 17 57 44 33 26 27 27 25 29 37 56 59 25 13 21 50 25 1 30 5 39 29 68 47 31 25 9 5 17 24 23 34 26 72 40 20 6 18 33 39 10 34 55 39 22 4 26 46 32 40 5 16 27 18 5 29 16 46 34 38 32 22 9 14 26 6 19 8 3 6 3 14 13 1 8 0 49 57
22 45 32 55 64 46 19 13 31 59 62 23 37 58 39 24 9 20 33 20 19 24 18 36 37 27 17 18 29 41 47 48 48 57 34 28 27 48 33 27 20 0 5 0 24 15 11 18 15 0 5 19 56 6 77 63 40 35 8 24 0 14 39 44 26 7 22 21 49 83 51 32 7 4 3 12 4 27 26 42 36 38 30 12 10 31 32 5 13 20 29 41 23 26 21 17 25 16 80 61
21 45 30 59 65 47 25 39 48 24 56 24 56 22 35 37 12 20 28 21 38 50 23 12 46 35 18 9 22 40 43 33 25 36 24 31 29 43 36 47 25 26 10 2 63 80 41 15 41 39 5 0 41 4 86 51 12 27 43 58 24 31 74 62 45 17 19 26 30 53 56 34 5 5 0 18 5 28 43 35 36 48 48 23 10 16 10 2 22 31 37 51 26 30 25 28 20 24 46 28
14 27 12 76 113 89 26 8 22 22 30 10 14 41 32 8 25 29 30 19 42 64 38 20 48 56 46 17 2 12 25 27 40 40 23 35 32 35 21 33 31 0 18 36 19 29 33 9 16 34 13 28 36 24 41 56 13 48 85 69 55 40 71 70 47 32 33 54 24 10 41 17 11 27 25 45 17 36 62 36 17 28 32 20 18 19 12 19 17 13 5 21 5 22 20 22 25 41 14 9
33 21 35 62 66 51 33 17 15 20 28 16 29 55 39 21 30 54 60 32 20 47 57 32 24 38 28 26 19 2 13 25 31 41 42 70 60 18 21 22 12 15 26 25 7 3 13 18 15 23 14 34 29 31 10 19 0 24 42 42 6 21 13 14 7 41 25 76 53 14 16 2 29 16 31 23 23 24 46 32 23 12 12 20 29 44 45 28 20 9 34 7 9 20 27 29 41 52 2 10
24 32 35 22 17 34 44 35 9 4 15 17 34 52 37 28 57 74 75 47 28 41 43 20 0 16 12 21 23 11 20 28 17 18 28 61 88 53 34 27 30 34 39 30 16 21 27 18 32 32 38 46 52 39 42 58 27 5 5 16 4 14 13 7 37 45 33 45 33 0 13 11 31 17 36 38 42 32 44 31 43 26 59 68 22 21 38 12 20 11 37 12 10 16 27 31 22 39 7 21
0 8 38 70 75 48 11 0 7 3 15 10 4 4 0 13 70 68 56 27 6 15 27 19 20 30 19 27 34 25 34 40 17 4 10 18 66 43 22 36 56 42 37 34 26 26 26 17 25 17 30 20 28 5 25 39 40 16 22 20 12 27 61 55 53 30 27 18 36 15 26 25 41 18 24 24 33 23 36 31 50 47 74 75 27 7 20 18 17 10 32 11 7 6 20 24 27 40 20 30
29 19 24 51 63 42 28 38 15 11 21 11 5 13 19 39 29 35 48 48 33 24 17 4 14 23 13 24 32 19 16 12 23 14 24 4 42 20 8 57 75 38 22 29 25 15 13 14 20 16 22 9 11 9 25 21 31 37 57 36 32 63 126 108 27 5 21 14 27 23 14 22 35 18 17 7 22 18 27 18 46 75 71 66 71 32 4 36 14 4 20 12 17 15 33 35 69 62 42 37
10 46 63 53 40 24 16 24 27 25 29 15 17 35 32 34 19 19 33 42 32 22 17 11 12 27 26 47 60 41 25 11 5 12 33 22 47 19 0 48 74 44 23 18 15 18 19 11 8 16 16 19 16 53 56 33 21 32 46 36 45 71 130 108 37 27 40 35 17 27 5 30 17 19 26 15 37 33 27 6 22 55 52 56 75 35 0 24 16 1 11 17 34 31 52 47 70 45 31 20
17 35 35 28 23 4 4 34 8 25 44 23 8 14 11 16 56 36 24 16 5 9 26 35 22 27 14 27 40 29 23 15 22 23 25 41 57 36 4 30 56 52 38 14 10 35 41 16 0 12 13 25 14 61 58 27 18 29 28 40 40 32 82 95 75 46 26 28 23 49 19 28 20 24 26 13 40 35 31 18 16 15 26 33 22 17 29 38 27 8 10 22 39 23 37 22 44 12 17 11
11 4 0 18 40 18 14 57 0 10 33 27 18 21 22 39 52 39 36 33 22 21 27 27 50 46 20 23 35 31 37 38 56 47 18 59 63 55 25 29 35 36 35 24 18 35 46 34 24 24 39 40 20 35 40 14 25 44 15 31 24 7 44 77 57 20 0 0 24 43 21 7 41 28 17 8 34 18 19 31 35 18 17 15 8 29 60 68 40 26 27 44 53 20 27 5 47 13 35 29
43 56 35 14 16 6 7 40 42 6 0 7 28 35 15 13 25 13 9 6 0 3 14 14 22 25 9 20 34 26 27 24 32 29 0 57 49 47 20 11 23 7 17 37 31 20 33 51 41 29 59 48 24 2 21 6 38 54 0 0 13 21 35 45 19 11 19 15 33 20 24 13 49 28 19 23 45 6 0 23 26 31 5 0 25 37 31 43 49 43 51 76 83 44 51 28 48 11 38 26
26 33 35 27 12 4 8 16 27 41 13 14 59 39 1 23 15 3 11 47 35 0 0 5 40 67 74 37 18 13 8 36 13 2 12 25 24 30 28 4 17 27 33 33 34 39 38 32 29 25 33 24 34 7 13 24 43 54 23 14 15 12 32 32 1 21 13 18 22 2 4 16 21 37 26 14 30 34 18 13 7 8 16 17 48 50 8 25 53 54 68 72 52 35 31 27 33 28 28 33
27 36 32 14 7 26 50 63 34 55 40 19 38 51 32 16 19 49 43 15 0 20 39 9 21 54 68 36 22 23 15 33 18 15 16 10 0 0 7 8 12 24 27 22 28 42 41 29 30 26 25 16 20 19 29 33 20 39 28 29 29 19 27 20 17 24 8 8 7 0 19 34 12 49 57 38 23 9 4 16 0 40 32 20 47 68 72 73 61 41 35 37 26 16 14 11 33 28 27 33
0 25 38 26 20 34 42 38 22 37 39 21 19 42 38 3 19 40 32 13 3 28 63 52 8 25 38 27 39 52 33 28 38 36 26 21 24 16 3 0 11 22 23 17 26 44 44 29 75 57 43 44 27 29 32 38 18 26 21 34 45 42 40 23 26 51 53 45 33 41 57 38 2 35 49 35 19 4 0 10 0 40 38 52 50 16 19 20 22 12 19 28 13 4 17 34 15 9 6 11
2 21 30 20 10 15 19 18 24 22 28 38 42 40 32 24 52 35 20 28 14 1 26 39 42 34 39 34 38 35 7 0 23 28 19 20 34 22 1 3 7 14 18 18 22 28 28 23 46 22 13 40 20 24 32 55 58 33 11 15 30 40 35 14 17 25 39 54 35 20 28 9 20 18 12 13 21 22 11 1 22 44 41 50 39 9 25 52 18 13 30 45 27 6 11 24 18 11 5 6
9 15 24 27 21 13 13 18 25 22 15 32 53 34 20 41 61 44 19 16 8 7 31 31 25 7 22 33 32 25 18 35 16 32 30 23 21 8 10 36 7 11 21 29 23 13 14 22 32 30 21 34 16 33 47 72 54 22 13 22 46 85 109 110 77 34 27 63 44 5 26 49 46 24 8 9 19 27 25 16 0 17 33 10 5 24 26 41 31 8 11 34 39 30 20 12 20 16 11 9
14 11 19 31 30 16 10 15 24 32 17 16 34 25 16 39 57 31 6 17 23 35 70 80 67 23 19 25 20 13 3 12 49 49 44 41 35 19 13 23 22 31 45 51 42 28 30 41 30 54 35 2 0 12 21 32 45 18 23 15 3 27 53 69 69 47 22 24 17 11 35 41 41 28 27 24 11 13 34 48 13 16 55 54 48 44 7 6 18 0 0 13 22 29 34 31 10 12 11 9
46 31 14 7 9 16 26 35 31 36 40 36 26 22 28 37 64 26 9 41 41 22 45 67 49 15 17 16 13 28 37 45 56 30 20 31 35 27 10 0 25 44 57 52 46 48 51 49 24 53 39 6 24 25 28 47 35 10 31 22 0 10 26 38 25 46 24 6 17 36 41 17 39 28 37 38 15 11 33 47 32 9 20 45 46 29 16 23 16 13 19 20 13 18 28 27 18 25 30 28
43 41 32 26 33 44 44 35 21 9 40 54 15 2 21 22 32 17 17 46 37 6 9 10 15 25 55 31 0 13 56 90 39 7 1 14 16 26 37 31 5 33 43 27 26 46 50 34 8 21 16 10 50 13 4 44 48 14 34 30 8 17 15 12 9 15 0 13 38 28 21 22 64 37 38 46 31 23 24 16 22 19 0 8 13 18 39 16 2 5 19 32 41 52 47 26 20 31 38 36
20 38 41 35 37 33 23 20 33 40 13 45 14 40 52 42 34 10 18 7 24 12 12 14 36 32 20 14 17 18 31 56 61 60 18 30 34 51 52 30 10 22 18 37 6 23 0 15 5 15 10 0 0 2 9 24 37 14 0 46 27 12 19 17 30 6 6 7 5 16 26 35 67 72 64 41 22 15 11 5 3 23 26 16 19 26 27 30 16 2 24 32 49 73 52 37 9 21 47 72
10 38 41 23 18 20 14 8 47 50 19 35 15 29 32 22 23 13 9 12 28 21 14 0 43 53 37 12 11 24 31 34 52 47 17 44 48 50 37 17 31 22 14 18 6 12 9 25 0 19 32 34 33 19 3 1 37 31 12 20 3 29 48 43 40 32 33 18 10 32 35 10 31 45 48 33 22 24 21 12 8 27 34 27 21 11 8 18 12 24 43 17 16 47 33 11 2 11 34 62
7 36 36 11 7 20 25 25 14 37 30 33 19 6 0 0 22 26 4 28 36 32 28 4 42 54 42 19 17 24 23 20 3 19 16 36 10 0 7 26 16 16 14 7 18 25 31 22 18 36 46 49 53 43 23 15 6 17 30 25 8 32 28 21 28 26 31 17 0 20 34 3 45 70 73 41 12 10 16 15 33 23 15 25 37 25 7 8 21 19 28 14 3 7 7 20 13 15 28 50
47 56 41 14 5 5 7 13 13 35 36 32 41 26 11 9 20 33 2 43 36 23 31 19 21 28 31 33 30 14 6 17 21 18 0 11 2 16 22 34 13 32 19 9 17 43 43 12 8 16 14 16 32 37 24 14 12 0 22 22 10 15 10 40 63 46 46 42 9 11 41 31 34 78 95 58 15 9 25 35 48 24 7 24 44 31 12 14 42 29 23 23 20 8 9 34 9 6 10 19
20 14 7 14 26 22 20 33 38 36 20 9 33 40 30 34 18 33 12 58 35 3 14 22 0 19 35 44 38 15 2 12 29 41 32 21 2 27 31 42 55 62 19 28 12 34 28 13 9 16 14 20 45 54 36 19 15 0 20 28 32 24 22 65 91 71 52 52 26 17 42 28 20 61 79 49 10 0 1 2 25 25 26 35 34 12 5 23 46 59 42 27 36 38 24 8 19 22 27 33
40 23 15 34 44 17 0 0 20 30 33 18 5 17 17 42 28 41 38 70 47 6 11 22 1 38 56 48 42 34 19 10 5 50 73 49 1 11 11 30 64 59 14 62 35 24 10 15 8 14 6 4 23 34 22 8 12 10 24 22 39 30 27 44 43 45 20 27 32 33 47 18 101 105 90 57 31 24 21 14 0 16 28 33 30 15 7 15 24 45 28 27 41 29 10 0 0 7 17 24
39 25 20 40 56 35 8 6 5 28 52 48 0 14 11 42 38 40 49 48 43 20 20 21 7 35 45 37 38 38 26 17 28 37 47 44 29 44 10 2 26 34 14 65 51 22 14 9 34 42 29 10 14 25 25 24 37 32 10 0 21 15 31 34 7 32 13 35 51 38 55 53 83 69 44 21 11 16 25 29 7 29 34 25 25 23 13 6 12 36 18 23 30 6 10 27 25 23 20 18
52 42 30 37 50 39 17 12 13 9 17 28 0 26 9 21 31 23 31 4 18 20 22 12 3 5 7 17 28 22 15 23 20 12 18 25 20 37 4 6 1 28 17 33 35 16 30 3 25 44 38 15 6 9 10 13 29 28 8 14 53 22 29 20 17 47 33 61 59 6 33 79 38 36 30 21 10 6 14 24 29 66 67 30 6 4 7 9 19 77 53 16 9 13 43 60 54 38 14 0
25 37 45 16 13 7 46 31 9 22 37 37 32 0 15 17 39 37 20 11 22 25 13 4 18 19 37 25 7 12 8 8 21 36 49 31 10 29 44 23 13 27 29 25 25 21 19 27 8 0 38 14 21 35 21 11 28 15 45 81 87 53 8 5 25 43 32 101 134 116 43 60 10 41 22 21 12 24 21 15 20 42 49 25 8 24 29 7 22 36 46 42 31 24 21 21 31 27 19 12
35 33 18 0 0 16 71 80 35 38 43 40 37 1 11 6 28 37 30 20 24 25 20 20 6 9 32 26 17 29 31 36 40 43 50 37 20 35 43 20 10 24 25 20 21 17 15 21 5 0 27 12 21 26 29 25 52 43 54 50 40 28 8 13 36 21 10 70 74 81 42 39 23 44 19 16 3 9 8 8 31 14 12 19 13 12 23 31 18 14 13 25 45 55 42 23 18 13 6 2
36 33 14 22 10 30 63 75 30 27 27 29 37 9 17 8 9 16 9 4 16 23 15 9 8 8 29 23 13 25 28 35 45 32 33 31 21 30 33 10 9 24 24 18 18 15 12 17 16 18 25 24 33 19 44 47 59 66 70 34 8 10 6 13 2 14 60 110 38 28 12 0 30 41 12 17 7 12 18 31 85 45 29 39 30 11 11 20 11 20 28 32 34 36 33 29 16 10 4 3
30 35 22 61 35 42 38 42 11 7 9 17 33 13 27 20 50 41 21 25 61 79 56 28 17 13 29 20 5 11 13 21 33 12 14 21 15 20 22 6 13 28 27 19 20 18 14 16 29 39 28 38 46 11 49 58 42 65 83 49 17 13 4 6 43 20 21 45 0 28 56 55 32 36 8 23 18 21 33 57 64 45 36 34 28 25 18 2 10 40 62 47 14 0 10 28 24 16 10 12
