57 37 32 71 71 24 15 25 20 62 50 17 11 0 0 38 53 139 42 6 42 67 52 29 52 66 73 40 0 45 53 35 17 28 61 34 72 111 99 67 93 86 98 141 83 75 106 90 65 11 2 29 7 13 44 104 71 75 38 7 8 18 47 53 62 73 9 76 80 75 21 37 89 139 62 50 63 71 36 87 57 195 153 43 8 49 56 65 67 48 10 7 20 29 79 48 8 0 21 36
18 28 27 43 43 21 22 26 0 63 56 16 9 37 17 24 93 124 49 26 69 133 108 76 61 46 41 13 54 65 48 23 31 40 7 32 16 52 29 21 88 123 52 71 74 37 45 66 74 59 72 38 37 29 107 147 76 85 92 83 133 113 13 27 23 69 0 110 95 27 44 22 77 139 71 33 51 41 48 57 20 121 87 41 10 65 89 75 59 31 23 55 76 30 67 69 55 55 47 16
31 56 43 31 29 21 20 7 11 67 96 50 47 69 59 70 41 32 32 29 117 176 140 76 60 13 46 73 78 51 55 69 25 44 3 60 20 24 7 12 45 181 76 2 31 52 54 4 45 49 38 108 76 56 77 135 50 79 160 183 163 123 65 103 39 57 50 78 44 47 71 54 68 89 40 30 61 6 52 56 28 28 55 92 53 51 38 58 53 0 4 74 135 47 62 81 79 2 3 30
35 46 27 22 26 22 18 0 25 8 43 23 71 77 76 82 17 28 69 17 91 87 102 72 12 54 57 77 50 19 0 102 78 78 61 51 32 11 32 42 25 58 8 32 70 62 63 31 51 84 91 109 102 42 49 26 32 80 131 156 76 27 64 117 112 72 110 66 17 67 74 65 41 24 10 28 56 1 46 64 50 25 77 51 33 66 65 111 83 23 27 74 143 45 47 66 24 38 31 1
57 47 36 45 34 14 17 8 43 38 56 31 29 53 66 76 23 56 50 0 60 36 46 31 29 53 63 65 5 47 62 102 128 105 103 28 28 16 29 23 30 82 83 55 106 186 160 41 106 113 80 54 30 5 63 66 32 60 31 43 39 26 26 73 46 18 18 67 53 56 135 100 41 39 61 59 44 33 51 79 81 15 14 46 161 151 87 33 3 12 52 49 85 23 65 101 111 24 23 54
76 57 63 75 37 15 35 23 102 82 16 17 28 129 94 9 29 72 28 16 55 66 43 32 40 38 10 0 12 28 26 77 124 88 66 0 8 44 47 47 24 109 122 42 79 150 121 44 73 53 16 55 19 42 83 109 35 6 3 13 22 73 40 72 55 55 16 62 61 72 171 120 50 48 86 87 27 7 11 76 152 109 33 89 189 104 136 133 71 53 44 11 77 81 72 15 66 81 72 31
44 26 46 60 26 45 83 38 39 35 0 19 22 84 94 20 24 52 47 0 0 15 18 30 91 36 23 35 18 33 26 24 23 30 52 68 76 66 40 24 10 73 82 33 49 57 80 94 111 66 51 0 3 55 139 110 35 0 33 52 1 45 34 57 30 53 56 32 23 85 113 85 69 57 82 107 53 10 23 98 106 124 29 27 81 79 146 132 36 57 65 1 11 43 55 5 48 14 34 47
53 30 45 50 26 81 118 29 44 26 45 68 58 0 68 47 67 35 89 20 61 72 56 7 34 44 20 43 32 114 59 14 52 43 40 47 46 0 37 58 65 37 27 56 61 9 71 122 101 65 76 74 20 55 88 81 18 42 31 75 47 35 19 44 40 88 128 106 68 78 32 10 13 22 28 46 30 6 36 65 73 85 44 34 42 82 86 83 91 105 102 29 18 64 73 16 24 34 47 23
36 29 44 32 29 37 29 23 62 50 22 79 58 30 79 13 87 92 49 22 16 41 19 21 57 43 0 18 70 124 79 25 59 61 0 11 15 49 77 21 27 18 42 88 96 79 66 36 15 61 22 53 16 44 82 59 39 36 32 21 14 19 27 28 37 67 72 43 20 16 13 8 22 24 48 98 44 45 29 24 39 28 48 19 27 79 63 34 84 76 62 74 147 84 12 47 101 110 73 17
5 23 46 31 18 39 39 5 72 59 48 70 25 53 78 30 0 29 30 28 37 68 46 48 20 21 17 34 45 48 38 46 2 59 48 73 58 43 54 50 59 61 69 84 45 60 42 43 20 61 5 3 49 57 42 0 72 105 50 33 39 89 79 55 38 14 14 38 19 24 34 44 6 70 95 66 26 48 48 24 39 67 79 46 23 47 36 27 36 14 1 62 216 168 52 44 101 115 84 72
0 25 12 6 32 71 66 28 32 66 49 18 5 61 24 37 40 58 69 85 111 123 66 45 13 16 26 33 44 28 33 53 41 85 53 31 25 37 68 107 86 63 65 56 28 43 50 83 95 65 72 62 65 49 68 2 64 55 28 23 24 100 122 34 25 106 91 48 48 63 23 10 26 15 94 131 70 40 73 63 113 111 59 60 48 49 36 49 14 6 33 94 130 118 45 16 38 56 30 54
44 35 19 27 22 73 97 49 30 40 66 38 15 71 52 41 30 21 21 29 72 91 36 18 22 37 50 36 62 54 44 19 32 79 84 64 63 81 75 57 72 32 49 41 57 21 77 126 118 61 31 25 74 41 47 58 34 6 60 43 51 65 93 26 39 53 23 23 93 88 40 34 27 20 75 85 16 42 130 155 94 122 64 80 46 19 0 11 0 6 14 43 0 50 35 36 63 77 45 49
63 53 84 85 0 45 87 23 6 40 44 19 68 62 44 69 99 101 90 31 44 71 27 6 52 65 59 15 27 31 41 29 24 34 54 41 17 36 61 35 33 25 43 56 80 25 75 101 67 29 2 17 41 26 54 110 34 39 72 8 40 26 20 64 93 17 39 78 111 78 76 38 0 87 96 70 21 36 52 110 125 122 24 32 27 54 58 33 36 51 20 35 77 101 29 24 58 74 49 18
17 70 97 76 28 58 31 15 43 6 37 52 64 41 84 75 64 97 117 49 81 132 82 36 44 52 54 39 36 22 30 47 68 16 14 30 10 6 62 53 14 28 19 56 83 85 53 24 19 23 47 82 28 19 60 72 60 56 51 29 47 83 47 76 0 0 50 45 56 52 70 29 36 75 78 118 86 54 0 32 118 104 70 100 41 15 43 48 17 1 36 49 109 80 53 38 79 98 79 39
16 54 60 49 44 62 0 52 98 49 65 82 86 51 76 103 11 29 71 34 83 120 66 35 85 71 44 32 12 16 61 132 155 72 20 45 53 27 89 87 16 10 8 27 67 119 29 0 7 46 9 41 59 25 9 11 27 11 15 64 52 86 64 13 30 23 0 0 33 25 14 52 98 55 32 53 43 82 88 67 68 5 15 84 45 30 77 72 66 18 75 59 25 24 81 64 141 151 116 90
87 15 53 74 0 13 7 82 111 25 59 86 35 17 36 55 20 2 42 19 50 51 26 64 39 80 102 111 59 34 52 118 113 72 19 46 63 5 36 18 17 0 33 3 42 88 7 24 47 32 0 36 33 7 59 55 63 60 25 45 31 11 64 56 58 35 2 49 27 15 4 71 91 63 44 41 50 57 61 56 53 31 93 129 69 72 102 26 20 4 27 43 24 94 98 48 147 150 104 109
84 19 58 43 53 43 28 89 79 10 68 60 16 35 38 81 65 37 21 6 22 38 32 74 48 0 88 30 27 31 7 34 36 68 84 48 3 53 49 4 66 83 21 6 32 64 53 69 55 21 0 22 6 30 56 80 86 22 34 25 49 50 39 55 37 6 48 104 74 33 31 24 14 69 45 57 60 0 0 20 66 59 82 95 29 22 24 5 41 32 19 41 14 84 82 42 94 20 46 59
54 20 67 40 53 57 5 4 18 27 81 73 33 53 78 80 87 57 23 22 46 66 29 7 27 18 53 61 81 111 87 55 63 89 94 79 40 71 67 21 102 147 29 10 42 57 92 109 63 6 48 36 68 65 37 14 0 61 89 38 90 104 20 28 52 43 35 50 104 79 0 9 17 87 50 53 54 20 46 35 71 43 17 13 10 30 25 59 15 9 27 33 0 20 42 21 47 2 15 32
59 23 86 56 0 15 26 0 48 60 42 28 11 33 75 46 56 50 33 53 33 42 58 78 21 46 87 126 79 70 46 68 81 123 85 32 0 53 73 3 64 62 9 54 61 37 58 44 50 7 73 34 56 71 45 33 59 23 64 83 94 127 71 42 19 35 19 0 75 83 4 48 38 4 17 24 48 70 58 91 66 79 61 35 60 132 94 47 28 2 28 28 11 29 61 27 45 49 48 73
30 57 68 79 70 25 13 15 44 65 60 56 21 0 27 24 25 80 65 48 21 73 82 19 22 29 84 100 50 50 0 38 49 61 29 50 32 39 67 45 3 40 47 48 58 25 1 61 18 30 39 34 0 39 35 31 52 12 23 105 123 86 32 59 16 29 36 18 31 40 19 36 79 51 85 30 8 58 34 37 50 28 21 44 43 111 142 101 44 20 31 18 9 42 63 9 51 74 32 30
50 35 0 61 70 33 49 15 31 19 36 48 35 19 12 16 52 66 55 67 26 16 31 18 21 57 92 52 26 48 21 21 28 38 6 34 15 2 20 12 13 48 106 80 47 67 55 7 4 53 9 69 32 56 63 8 1 40 59 114 77 35 38 40 32 41 49 70 56 40 44 11 76 44 16 67 86 85 88 5 34 25 6 47 28 61 124 97 17 42 57 36 6 50 65 25 2 67 62 80
11 80 40 80 116 65 50 77 96 25 18 16 36 72 48 30 63 51 21 5 18 40 44 6 45 120 117 70 32 2 53 54 4 44 22 18 13 45 60 35 76 127 102 60 63 63 77 39 27 66 24 69 57 36 71 0 0 69 50 44 49 52 59 32 33 60 45 73 76 48 63 42 50 27 53 150 133 69 94 85 120 115 37 42 58 82 96 66 33 72 87 75 54 73 68 49 29 72 59 35
12 35 59 71 39 39 56 113 88 33 46 35 13 32 22 8 48 44 64 39 40 7 12 29 60 103 73 60 47 8 66 79 17 18 20 60 58 38 11 18 23 46 95 99 46 3 36 4 91 96 111 97 74 32 51 21 11 5 50 48 25 67 87 0 55 74 52 45 36 23 42 39 36 32 74 92 97 138 148 120 97 55 39 98 121 97 36 27 85 77 73 77 97 57 30 33 14 50 77 49
31 0 55 83 81 98 42 96 141 76 82 89 55 51 51 34 64 78 91 5 30 41 41 27 31 69 60 22 11 22 45 70 28 21 25 58 69 70 39 54 55 38 98 89 96 93 57 21 26 18 105 90 66 40 0 0 6 55 116 46 36 62 59 65 63 46 45 27 3 22 33 6 25 25 0 3 29 95 157 103 53 18 78 93 54 81 49 43 77 34 33 56 119 39 26 67 20 49 105 77
60 62 14 56 88 121 68 61 69 14 67 68 58 62 66 75 93 96 87 71 22 77 58 51 52 10 47 8 32 28 71 40 17 2 30 16 90 74 45 78 38 0 52 61 45 68 107 41 89 77 23 58 64 18 39 30 60 140 165 70 16 44 48 51 41 38 32 107 108 55 16 9 17 12 32 83 91 10 121 81 36 40 51 4 30 55 46 32 53 11 28 4 48 18 47 43 46 56 70 63
57 31 14 27 69 118 39 18 51 24 22 71 65 21 74 55 110 115 105 35 20 37 66 105 114 72 62 32 62 38 59 43 6 0 27 22 31 17 30 44 8 23 48 68 56 30 78 55 87 96 42 43 52 78 35 68 99 160 144 74 58 60 12 21 48 33 46 127 194 111 50 62 23 29 75 96 96 50 115 86 45 29 24 20 51 57 39 29 35 39 44 18 28 11 0 37 104 81 64 45
18 24 51 55 45 39 28 50 46 61 56 94 65 5 80 60 52 10 17 14 52 49 88 134 62 61 31 27 70 64 96 101 78 21 54 80 60 63 67 15 11 47 17 64 87 28 54 51 64 150 44 47 70 55 34 24 119 55 106 127 7 24 81 75 64 28 79 109 163 120 100 73 63 0 6 45 100 107 102 83 45 62 75 107 84 34 24 53 78 74 44 52 74 71 18 115 43 14 3 0
44 74 66 79 71 35 81 56 10 61 131 116 60 18 36 30 23 44 69 53 30 60 74 48 16 48 24 32 57 93 176 199 96 51 109 120 55 55 54 26 61 73 25 80 105 49 41 48 160 167 88 11 57 48 16 17 27 25 34 82 76 74 67 108 67 13 23 3 63 86 92 73 34 29 67 67 49 42 34 51 19 32 38 114 108 56 33 49 19 23 20 72 144 116 21 28 24 13 24 20
40 63 37 34 72 95 170 130 35 50 111 74 34 18 18 32 38 14 2 38 65 45 21 17 55 62 41 52 31 65 167 194 91 49 106 103 61 64 36 41 74 62 55 86 54 29 8 38 89 76 55 15 51 36 16 7 27 11 11 39 32 62 73 53 53 54 26 43 150 134 23 22 18 49 44 18 26 95 114 76 21 34 29 88 87 62 67 94 73 45 23 8 87 74 59 6 13 24 55 44
38 33 72 72 82 58 50 65 53 18 8 14 16 0 12 24 8 55 45 16 60 13 7 35 55 36 39 66 31 27 86 95 55 0 24 60 111 110 38 12 63 31 59 73 8 35 5 33 25 75 62 60 12 0 57 76 51 51 65 106 117 72 43 26 53 87 46 49 97 115 29 20 5 52 75 83 75 92 91 23 1 43 57 54 14 4 63 141 80 29 46 17 53 11 42 26 13 31 82 92
82 24 31 36 58 35 11 70 50 32 27 72 80 14 34 38 39 22 0 19 54 12 12 29 27 35 62 70 58 47 60 53 30 10 40 97 148 98 72 47 76 41 59 68 11 79 33 33 15 95 186 119 30 19 6 47 70 47 40 76 121 48 23 18 31 91 94 78 37 92 102 67 59 32 50 76 55 31 47 27 27 44 68 59 62 68 96 140 62 23 85 66 59 37 30 74 56 39 77 101
34 55 52 60 85 72 53 61 29 34 57 67 48 0 19 55 101 65 34 61 0 44 66 11 31 79 102 52 56 71 73 65 29 33 46 95 108 18 61 47 74 57 56 56 0 76 23 9 49 160 224 146 121 78 87 52 31 54 102 90 75 24 54 14 68 121 99 70 18 41 84 90 85 15 26 28 6 2 42 49 51 43 78 82 123 116 79 66 31 45 117 65 37 98 22 56 113 49 51 75
12 20 84 114 138 55 39 38 25 44 66 64 47 14 64 78 69 42 56 83 59 78 52 22 37 48 51 57 69 62 38 23 12 5 2 26 19 20 46 16 0 61 96 86 111 122 107 131 207 162 150 206 241 137 19 25 11 45 24 10 27 43 62 39 60 66 45 32 9 1 42 43 30 41 57 20 11 70 70 31 42 59 34 95 105 68 0 31 37 66 90 3 49 97 48 10 58 25 69 72
12 24 84 93 64 26 46 80 30 26 57 97 96 44 75 96 67 51 64 88 75 84 56 47 29 19 3 10 34 34 11 0 16 5 18 21 12 20 27 22 21 58 120 255 160 116 141 166 241 255 126 106 245 255 212 127 46 33 68 127 101 30 17 28 45 53 42 35 13 27 53 57 31 17 77 57 44 120 131 46 62 46 11 89 65 42 58 21 72 55 20 32 82 35 71 89 37 7 27 57
55 45 58 50 46 88 54 7 21 19 54 97 88 34 48 67 105 65 39 44 61 87 41 1 22 14 3 6 16 10 2 8 10 2 26 11 5 18 9 29 58 24 90 237 123 22 82 142 224 201 107 73 99 253 241 84 22 22 29 25 24 48 56 65 37 64 74 60 14 45 61 86 135 44 73 55 53 91 112 75 34 42 60 118 63 15 52 1 64 91 70 75 79 139 88 82 44 37 13 19
67 69 67 35 48 98 51 8 30 0 0 29 70 77 50 3 4 67 150 135 64 57 59 46 6 6 5 11 12 0 0 12 0 3 13 3 5 13 9 32 57 77 70 91 180 237 126 13 84 123 114 133 250 186 255 118 20 2 4 51 127 151 51 0 6 34 54 49 8 63 64 91 145 53 53 38 80 71 74 97 58 56 76 94 111 69 44 38 49 67 76 35 107 136 130 67 52 44 22 38
0 46 71 42 62 65 46 65 50 41 40 43 50 67 50 20 53 63 140 125 37 22 38 13 11 2 0 5 18 9 0 7 0 11 0 4 11 7 22 26 48 84 10 55 128 153 39 88 149 80 217 255 183 59 231 247 131 101 90 87 101 180 147 88 25 14 1 7 11 102 103 115 104 44 25 0 34 48 80 97 96 122 139 123 122 38 20 67 0 34 134 54 95 167 119 82 62 23 57 125
22 95 99 50 75 104 122 129 113 82 73 80 71 75 47 37 21 0 73 97 36 0 7 0 12 12 7 8 12 5 7 23 9 18 0 11 13 6 29 17 37 158 126 130 146 107 65 71 69 36 226 78 176 173 242 242 152 85 126 168 68 89 120 95 27 31 36 62 71 116 91 68 57 29 55 72 71 54 80 33 57 65 55 102 119 53 88 81 74 71 0 63 48 80 69 56 67 34 100 123
81 116 60 13 3 69 124 104 67 64 88 94 44 35 42 96 91 41 55 45 25 0 5 6 0 14 17 5 0 0 0 23 17 8 9 15 6 10 23 13 2 140 169 94 107 83 98 20 20 72 65 77 241 231 253 255 113 54 39 69 20 109 156 92 75 68 42 31 17 36 58 55 56 58 63 105 95 78 122 74 24 35 29 65 48 12 84 86 43 79 102 66 18 17 28 39 50 52 122 48
141 80 0 55 43 72 74 7 44 41 59 58 7 12 22 77 69 54 43 2 20 14 5 4 8 20 18 9 8 7 5 10 18 0 19 14 0 14 15 13 21 79 91 29 22 50 38 17 27 75 64 143 241 254 252 73 186 141 76 120 97 96 77 58 58 54 30 28 20 12 32 11 0 85 51 60 79 85 117 61 5 18 40 57 57 43 37 42 15 16 56 57 21 27 10 43 45 60 143 45
96 26 22 8 87 99 76 33 72 72 56 16 47 40 28 34 12 5 3 8 10 6 4 6 10 9 8 7 6 5 5 5 1 8 10 5 4 11 17 18 46 31 36 45 39 37 33 17 0 102 82 63 64 193 192 234 255 254 154 127 95 76 71 15 16 67 151 141 83 45 54 25 9 27 63 91 49 52 53 49 32 24 43 65 0 34 109 102 60 42 63 54 53 23 78 45 42 94 61 61
41 35 32 0 41 89 108 58 63 22 18 43 57 48 57 57 55 36 16 8 5 1 0 0 9 7 5 2 0 0 0 0 2 8 9 5 3 9 14 15 11 13 42 62 117 40 22 53 39 82 80 173 155 255 142 144 250 255 125 58 24 57 84 55 10 23 77 79 83 73 82 101 72 39 36 36 13 0 31 67 56 27 59 30 70 40 37 47 56 49 49 64 56 53 60 45 21 2 35 42
91 86 47 15 33 61 55 13 104 107 23 9 57 72 53 34 38 19 2 0 6 12 15 16 8 7 5 3 3 3 4 5 4 9 12 10 9 14 19 21 56 56 100 74 48 21 60 50 55 6 255 242 255 211 217 168 239 246 43 60 17 40 51 15 49 25 37 56 126 129 86 70 37 8 18 27 38 11 75 159 112 18 80 205 147 0 2 67 19 30 23 24 55 89 63 49 65 46 30 18
113 99 48 24 19 18 37 140 229 255 99 11 32 48 16 0 23 13 3 2 5 8 6 3 7 8 10 12 14 15 16 16 1 5 10 11 11 16 22 26 18 23 0 11 30 45 54 109 124 138 227 254 236 151 247 217 167 250 155 102 43 73 80 18 1 19 28 20 46 54 77 73 25 42 64 65 57 15 56 144 114 2 85 132 32 56 18 24 86 106 96 20 57 70 33 9 15 108 28 42
24 58 52 49 63 53 37 191 255 236 110 54 15 4 14 8 17 16 13 8 5 3 1 0 5 9 14 18 20 20 18 16 0 1 5 7 7 8 13 18 16 73 66 57 29 20 14 72 184 250 253 82 244 230 255 255 241 247 255 112 55 62 102 98 63 41 16 44 82 88 113 39 3 57 65 57 36 27 42 106 72 25 32 91 87 32 11 39 116 101 72 30 98 123 69 35 101 170 61 24
31 95 67 15 29 47 19 108 230 203 107 75 68 37 18 17 5 8 7 3 1 6 12 14 6 8 13 16 16 13 9 6 10 10 12 12 8 4 5 10 36 42 42 19 35 62 60 15 88 151 137 16 255 234 243 232 239 205 236 225 109 54 103 119 55 64 97 137 106 44 63 15 51 94 72 47 24 32 16 36 53 56 64 39 21 30 0 110 104 90 59 84 89 110 73 88 101 89 114 70
17 116 100 45 11 11 28 39 67 85 37 9 68 70 35 27 14 15 10 2 0 2 3 0 9 10 11 11 10 8 6 5 22 20 20 20 14 6 5 11 19 38 5 9 72 61 64 148 210 109 105 92 253 254 242 255 255 232 252 255 42 7 65 68 48 57 108 109 76 30 38 50 70 83 60 37 37 41 32 36 71 83 59 71 31 50 65 62 55 90 101 120 36 35 83 152 68 36 94 16
64 108 55 43 17 20 98 62 50 50 68 32 30 32 32 9 9 11 9 7 10 15 10 1 12 12 10 10 10 11 12 13 22 20 20 21 15 6 5 11 0 32 19 40 14 42 64 142 230 251 75 20 9 180 252 245 213 59 246 233 84 44 9 15 67 26 35 7 56 78 26 19 67 51 36 11 28 21 44 62 108 63 76 20 36 37 89 34 80 75 65 53 8 18 85 84 28 92 129 70
69 61 59 73 71 76 2 63 18 36 59 94 36 20 2 13 8 3 0 0 7 14 9 0 15 12 7 5 9 14 10 2 8 9 13 14 9 3 7 16 12 21 3 55 52 12 11 60 23 100 92 35 141 194 81 168 255 252 244 255 95 112 70 19 30 36 100 31 48 23 18 18 56 38 77 65 64 45 25 19 37 12 26 62 84 3 37 34 96 49 50 0 32 33 65 58 52 86 81 64
82 36 17 66 87 63 18 106 46 63 127 135 33 6 30 28 3 11 18 18 12 6 1 0 16 12 6 3 8 17 19 15 14 18 20 19 15 13 15 18 25 23 18 57 58 53 73 84 48 58 8 95 119 112 252 255 247 233 255 248 255 204 89 41 58 3 64 68 0 22 17 81 64 29 60 125 147 128 70 30 18 49 105 143 132 19 30 36 113 107 89 106 72 26 36 33 16 27 36 62
76 111 69 12 10 36 48 83 29 52 126 124 53 66 89 24 12 11 9 6 1 0 1 4 9 7 3 0 5 12 15 11 9 15 17 11 11 15 13 7 27 23 34 35 23 34 73 53 40 51 165 222 90 61 115 198 53 244 249 253 234 133 34 53 20 0 100 65 9 39 3 11 34 27 20 55 50 89 90 53 44 103 122 102 92 33 31 10 91 135 46 68 13 51 83 53 66 78 49 5
27 96 77 32 29 26 44 59 44 12 29 101 98 76 59 70 58 28 1 0 7 12 9 5 4 7 6 3 4 6 4 0 1 9 8 1 3 12 8 0 1 17 42 18 9 16 57 50 66 182 255 255 105 139 140 255 232 255 249 244 93 66 39 49 74 57 105 34 46 53 20 27 20 39 35 54 55 117 163 124 31 110 114 64 34 8 28 43 68 103 25 96 39 68 71 56 50 130 125 25
45 62 13 20 75 69 50 25 55 79 25 66 71 51 4 98 103 57 15 8 18 18 9 1 9 12 11 5 3 5 6 4 3 10 9 2 5 15 12 0 0 21 38 10 21 11 23 38 95 255 246 241 108 183 233 255 238 255 217 252 255 218 255 81 63 115 97 0 1 105 110 57 26 33 51 74 84 93 148 136 76 73 34 30 30 17 29 77 89 122 60 48 0 58 77 80 56 97 85 23
30 106 68 18 12 29 43 44 29 152 78 41 32 67 8 80 97 50 7 0 0 0 2 10 10 12 8 0 0 4 12 16 7 10 9 5 8 16 15 7 12 20 21 8 32 21 0 16 81 255 242 196 220 253 231 255 255 228 255 248 240 243 255 57 24 24 66 35 34 61 111 61 93 61 41 34 75 86 110 86 24 43 32 43 29 51 88 162 109 64 45 72 23 21 13 74 87 83 51 26
34 73 38 37 40 47 24 43 42 98 42 44 33 58 24 88 64 28 2 5 11 5 5 14 3 9 11 6 3 8 15 18 5 4 3 3 6 10 12 12 8 1 9 19 33 50 29 38 36 154 206 189 99 95 226 237 251 255 230 224 207 251 253 171 9 5 77 25 28 39 83 34 95 52 16 27 104 134 76 18 0 24 21 51 71 146 138 130 87 74 71 71 26 38 15 36 0 37 49 48
9 63 47 44 16 25 20 85 57 46 6 12 0 36 54 88 51 29 31 61 74 49 15 0 0 12 23 23 19 17 17 15 5 1 0 3 5 6 10 17 9 0 11 24 3 35 26 26 59 123 112 143 205 235 233 255 243 255 247 94 31 247 241 126 19 17 36 24 6 33 0 28 54 57 73 107 112 84 12 36 72 57 16 26 21 87 60 37 27 56 70 77 20 34 36 67 75 61 37 50
30 52 60 68 101 66 23 92 173 120 71 65 41 26 80 103 57 0 16 50 127 132 56 12 21 24 15 9 16 15 9 11 10 7 6 7 6 9 20 33 23 14 8 28 20 58 66 58 48 82 108 115 109 129 254 251 253 254 255 238 236 201 77 92 28 80 58 25 20 1 61 53 62 30 118 95 35 30 3 19 41 75 73 34 33 42 129 194 151 81 22 26 29 67 58 23 52 49 85 57
92 68 69 73 68 28 7 62 85 66 55 66 42 32 84 109 104 75 55 2 56 106 58 0 7 9 2 0 6 6 3 5 13 8 4 6 8 10 17 24 14 23 35 43 1 20 73 128 140 106 79 93 39 48 77 255 246 250 238 247 255 252 118 169 216 71 46 32 3 31 48 13 31 37 110 62 46 47 28 34 20 46 44 25 23 34 75 82 137 89 44 30 54 143 131 72 32 25 27 7
103 64 41 11 2 32 44 39 3 3 13 33 14 20 64 83 107 98 98 65 107 118 65 28 22 19 15 13 13 12 11 11 15 8 3 5 9 10 12 16 26 19 24 42 24 22 23 32 110 93 70 86 40 70 37 90 229 244 35 42 161 238 200 187 255 41 44 93 41 55 62 71 25 77 119 29 24 41 60 80 74 50 37 70 69 58 39 2 40 138 83 15 56 166 153 50 35 43 16 16
77 68 44 4 11 73 93 59 20 15 18 35 23 50 81 92 79 63 81 93 135 110 76 88 33 24 21 18 10 5 4 2 10 6 5 7 7 7 10 15 1 4 8 13 9 22 46 69 100 65 43 120 39 52 116 82 226 243 120 122 76 127 255 232 127 71 55 44 22 91 91 48 20 89 121 62 49 86 97 99 105 49 2 37 40 57 46 11 71 186 91 90 160 154 105 36 26 69 41 56
16 39 29 19 36 43 31 19 12 10 15 30 9 41 54 61 27 26 40 38 71 64 53 56 33 19 20 20 6 0 4 0 2 4 8 9 5 3 10 20 29 26 28 24 13 13 69 138 132 43 2 54 35 53 73 97 129 63 40 96 182 238 253 255 212 243 209 78 2 73 68 38 78 88 71 55 27 95 74 53 10 22 19 53 57 78 73 48 74 134 94 110 130 90 31 13 16 77 58 65
34 71 45 40 82 80 44 20 18 28 48 63 21 40 30 38 12 9 23 21 44 46 45 23 28 10 16 22 4 1 10 5 0 3 9 9 3 1 11 25 19 0 1 30 50 27 67 138 83 18 62 22 214 253 98 151 114 71 98 84 107 194 247 201 255 241 255 103 0 42 45 77 128 97 54 49 0 80 47 55 8 41 39 56 56 49 87 154 68 45 90 66 30 76 32 20 34 67 51 36
55 89 53 39 75 87 74 50 25 29 49 68 23 41 17 25 45 14 18 29 58 81 110 85 28 6 14 21 0 0 3 0 2 3 7 8 4 3 12 24 31 12 9 10 23 0 24 83 44 31 79 47 168 198 59 159 171 117 65 29 28 89 113 14 255 245 247 93 34 119 103 48 20 23 31 42 12 63 0 36 12 77 72 59 72 25 39 119 82 0 11 24 14 61 33 55 76 50 34 8
41 62 51 56 42 12 38 68 27 12 19 46 17 52 27 34 29 12 28 42 82 136 173 116 56 30 37 40 11 1 11 2 7 5 4 6 5 5 12 21 11 8 3 0 38 42 51 56 78 144 67 147 22 175 179 255 255 11 24 106 43 68 66 18 84 129 114 22 28 84 107 49 14 30 52 53 58 86 0 36 47 165 135 47 85 70 54 67 22 59 42 29 11 23 57 117 129 58 44 22
24 4 48 36 20 29 51 24 37 35 52 79 35 51 15 43 48 43 39 43 68 98 91 58 14 61 116 71 32 16 13 0 0 6 10 5 2 8 13 14 10 15 10 58 24 47 67 46 162 255 68 108 245 231 181 246 244 119 32 109 116 49 23 51 15 61 48 54 51 33 48 32 35 44 16 55 92 84 76 55 88 149 123 50 36 0 36 91 69 58 41 39 35 62 121 139 182 120 38 42
40 31 43 30 39 55 69 84 79 75 30 92 61 38 47 47 63 49 24 34 69 63 42 50 57 77 107 57 23 9 9 0 2 8 11 7 5 7 10 9 9 29 20 29 41 64 46 5 111 194 196 193 255 255 24 115 66 30 14 90 92 94 91 82 82 25 20 77 47 8 35 9 26 54 56 40 51 94 114 98 101 92 51 50 70 61 86 88 48 81 68 51 58 76 97 96 176 117 42 49
11 74 86 48 33 36 24 61 46 46 54 59 36 62 46 53 47 40 2 5 43 25 10 57 94 77 75 23 4 6 23 27 1 4 5 4 4 5 4 1 5 28 36 25 33 24 16 50 75 89 241 255 185 241 145 85 9 36 59 105 49 63 80 87 43 57 77 93 49 32 63 33 40 0 22 65 90 84 89 127 103 69 41 55 43 58 85 71 31 62 55 65 75 42 26 39 53 97 89 77
11 41 29 16 20 38 13 44 73 75 8 17 23 47 105 79 16 39 37 39 53 31 24 64 28 15 37 23 23 12 8 2 5 7 7 9 16 20 17 9 4 6 11 18 18 26 12 69 95 200 255 227 255 251 249 146 46 41 32 86 63 74 62 81 40 45 123 153 50 20 71 34 2 21 39 66 96 49 20 23 85 49 46 46 41 98 83 66 72 63 47 62 57 17 14 33 39 37 26 63
16 6 14 42 29 26 10 44 59 47 3 23 11 0 65 92 39 43 52 52 30 11 37 85 40 10 18 3 9 9 22 32 21 26 26 28 42 57 53 38 6 43 58 64 13 63 47 79 156 194 242 198 254 255 237 27 75 80 44 47 26 20 0 9 0 17 31 47 47 15 0 0 67 95 33 48 131 81 58 39 23 34 106 93 74 104 40 85 117 83 51 34 7 19 56 43 33 48 57 105
21 44 86 76 21 13 6 6 17 8 55 47 39 19 48 87 58 24 27 49 29 4 36 90 57 28 40 27 28 18 21 24 30 39 38 35 56 84 80 54 87 137 141 153 64 104 98 142 112 46 71 143 142 25 51 52 71 118 104 42 8 27 31 68 54 34 31 49 68 87 82 53 59 56 0 70 176 71 70 99 91 17 26 0 29 65 5 93 124 66 40 40 10 23 65 42 8 100 149 168
52 54 64 28 19 40 36 8 19 13 0 0 50 43 84 23 34 12 20 75 106 71 43 60 74 31 22 0 0 0 17 28 22 37 33 21 46 86 81 44 150 174 127 152 119 136 107 131 128 65 79 126 115 34 99 81 91 68 62 17 11 40 57 57 55 22 0 19 50 27 15 63 61 76 30 25 69 23 108 169 72 30 68 62 75 64 46 142 119 61 36 58 48 43 65 53 11 22 25 73
40 17 35 37 54 27 20 40 48 10 46 22 56 45 38 22 37 25 0 40 120 111 56 49 54 19 22 5 14 16 22 21 13 32 25 7 32 79 74 29 68 150 102 94 94 102 65 61 83 3 212 255 153 14 99 116 97 7 38 54 49 39 62 62 18 17 27 16 10 35 50 47 20 24 16 1 51 56 110 97 54 36 69 58 52 31 65 137 104 78 31 19 33 56 73 55 11 22 20 58
32 36 80 66 30 11 60 76 67 5 25 35 4 59 51 39 30 24 23 13 85 91 124 102 38 3 40 37 52 38 23 50 21 47 50 43 102 95 75 68 39 67 35 38 96 44 32 58 86 33 132 206 101 48 104 116 56 62 94 85 88 42 72 65 72 87 43 27 41 47 47 19 41 41 62 17 12 36 116 92 42 38 80 25 46 69 81 92 84 47 43 38 103 80 67 35 4 49 52 40
32 53 92 68 48 49 54 1 36 19 30 28 12 58 51 45 6 72 52 14 2 50 128 141 72 38 52 39 44 46 46 90 60 11 10 83 161 96 52 80 64 24 29 21 69 51 80 51 13 14 58 118 123 79 64 88 137 134 105 57 62 2 32 76 82 85 78 74 35 31 56 67 52 35 50 49 55 39 109 107 34 19 0 19 44 65 28 20 5 24 33 52 94 34 38 77 39 31 0 46
18 35 61 44 53 95 108 47 50 34 15 25 38 60 48 41 69 121 110 94 45 33 91 121 98 27 14 45 52 36 30 107 65 27 14 55 104 54 21 46 86 82 70 7 11 22 72 120 84 81 34 42 111 98 41 46 96 110 100 58 50 0 19 34 48 52 67 55 9 55 69 48 57 34 11 13 30 21 112 134 21 57 41 52 51 41 42 67 25 19 6 35 52 31 57 87 25 23 16 85
48 39 49 41 38 75 109 89 9 12 29 54 27 11 53 96 79 71 90 83 70 27 63 91 13 47 66 62 37 38 11 38 34 42 17 0 23 38 31 26 41 96 73 33 13 45 27 102 102 94 44 13 44 72 62 49 38 43 64 34 8 24 77 33 48 52 61 44 25 92 66 21 77 92 62 54 88 100 151 114 30 62 83 35 98 77 107 117 24 40 106 118 35 46 72 58 31 13 18 48
29 21 38 47 22 30 46 37 40 23 59 89 53 39 86 92 42 52 97 59 47 59 57 47 25 46 28 25 47 84 52 45 51 38 17 33 67 66 22 0 34 80 77 58 13 53 38 90 56 103 116 73 44 64 85 79 20 30 57 50 36 58 89 26 23 29 35 29 31 60 31 34 62 104 85 63 89 111 118 36 43 31 75 5 117 103 120 122 41 53 128 106 3 37 41 39 23 25 54 99
0 3 35 63 44 59 57 30 16 42 122 111 41 38 89 79 71 90 98 71 27 81 39 0 36 51 42 40 30 17 48 136 127 67 14 35 51 46 31 50 119 129 86 19 7 13 32 93 67 142 159 112 84 72 57 52 74 72 35 23 46 47 55 55 37 57 52 20 30 42 34 38 30 71 78 42 22 43 69 38 66 27 53 3 71 65 69 106 50 38 49 49 44 54 0 0 1 24 43 122
28 35 60 88 65 84 80 57 40 51 115 93 84 111 116 77 74 68 22 32 0 47 47 7 25 73 80 58 58 25 19 43 50 44 44 78 62 41 24 49 143 116 46 11 39 19 11 21 54 97 95 62 58 53 30 15 51 57 24 35 67 46 23 25 43 63 61 10 11 14 40 7 0 14 58 43 7 28 44 39 73 32 30 17 64 63 56 64 86 65 7 10 35 20 7 53 79 72 22 55
34 29 47 76 37 41 42 41 40 38 81 43 55 69 44 27 27 50 20 42 36 39 88 20 19 43 55 66 98 42 22 40 41 44 52 81 42 13 6 44 86 45 37 84 31 35 63 31 43 55 68 52 29 42 54 36 47 35 13 24 33 44 48 25 15 18 56 50 47 27 104 91 50 15 45 49 49 96 78 43 31 47 77 77 116 96 106 73 68 55 0 25 32 0 20 23 48 86 70 37
34 28 24 48 20 39 52 26 29 23 39 7 41 69 133 136 100 46 25 61 73 38 61 14 1 35 37 99 114 33 51 33 53 49 72 69 37 38 63 95 138 51 76 102 34 74 94 72 78 52 114 135 25 0 73 76 42 34 5 24 85 85 51 53 29 26 13 17 49 79 91 97 40 32 26 80 16 55 34 11 81 26 29 30 34 30 43 14 25 10 22 62 58 38 49 45 17 41 120 104
43 84 102 116 100 88 60 13 41 70 95 59 80 112 141 111 60 44 20 55 67 15 27 35 20 31 62 113 136 69 38 14 10 40 56 43 32 12 30 58 91 22 24 36 21 25 52 18 18 52 74 92 41 39 48 37 40 54 36 45 104 113 68 44 25 44 37 36 79 109 78 29 45 71 108 27 48 87 79 7 83 58 46 55 60 35 31 22 27 42 72 108 84 47 78 116 58 20 58 71
104 94 122 125 97 115 126 29 78 73 67 49 49 54 71 75 96 113 37 13 29 23 28 51 29 22 61 59 81 72 36 20 6 29 28 44 96 57 48 31 45 7 27 52 55 51 31 18 7 44 35 66 33 49 53 73 140 131 70 19 22 23 14 25 69 77 42 12 45 77 47 2 39 54 68 17 33 74 37 32 106 107 39 13 19 29 31 19 50 42 34 57 58 37 70 117 80 18 29 58
41 28 62 54 33 71 140 83 47 31 34 61 59 27 15 39 80 120 60 34 31 29 10 19 50 16 37 22 26 21 22 45 30 45 41 43 76 34 72 58 38 46 88 101 60 110 47 40 28 117 125 75 0 53 69 15 19 27 27 44 66 50 33 49 8 34 27 20 48 57 32 17 66 35 6 54 33 59 48 136 130 143 71 37 12 31 46 30 31 24 2 29 63 51 43 46 25 8 27 46
34 51 32 17 60 42 29 8 33 35 39 59 61 29 2 11 14 35 40 73 52 32 37 81 77 28 35 63 52 0 8 40 39 66 91 79 71 39 77 10 32 54 66 64 7 60 54 18 64 142 135 49 0 33 53 0 21 20 33 78 112 80 18 0 40 73 61 43 59 54 28 26 42 30 49 86 69 3 15 22 73 99 100 105 52 52 60 32 4 36 33 39 53 44 36 27 5 28 55 76
35 43 25 38 80 55 23 1 51 31 14 15 32 5 2 31 60 46 46 55 24 14 34 64 59 52 55 76 64 18 42 18 93 87 81 35 21 57 120 46 48 33 19 63 58 7 88 61 50 74 29 0 25 16 19 41 30 33 33 48 76 80 56 35 0 53 56 47 83 81 27 0 35 27 30 40 58 21 90 75 2 30 62 56 43 101 104 36 27 70 68 45 29 28 39 29 30 48 57 95
34 43 63 76 24 8 29 22 23 11 7 6 50 25 31 57 19 23 40 36 41 43 42 33 30 54 64 52 38 37 83 43 46 44 55 31 4 26 74 64 17 6 10 44 70 0 56 69 0 49 25 21 40 39 13 13 32 52 67 63 47 27 14 11 95 110 64 35 78 88 50 36 42 32 11 45 78 64 78 82 25 25 41 0 30 116 119 77 60 79 71 56 44 47 48 13 24 32 16 54
34 51 48 74 57 54 42 26 23 49 46 0 39 43 49 28 34 44 74 71 79 34 17 31 35 35 62 59 32 21 83 98 57 8 1 24 25 8 2 32 12 66 96 23 27 35 27 50 18 40 49 93 41 33 37 54 33 22 21 27 18 11 39 79 99 89 38 30 82 80 50 66 52 43 32 50 126 99 56 57 76 41 61 28 51 58 54 106 83 62 29 16 16 41 64 34 35 53 24 46
28 37 45 30 53 41 3 72 25 33 46 37 48 75 69 62 57 70 88 62 65 48 29 16 37 53 0 4 56 74 91 74 40 34 17 13 71 27 39 57 66 129 132 101 40 67 89 36 3 55 22 19 73 159 141 51 8 27 0 26 62 56 66 31 61 53 12 45 77 43 33 40 59 53 77 14 51 86 7 43 21 33 18 30 46 45 12 58 49 33 7 6 65 72 67 25 91 67 50 68
35 63 70 26 0 34 61 91 57 58 52 31 57 100 75 33 55 90 78 27 33 19 17 18 23 73 51 56 74 53 38 10 75 95 64 19 49 70 66 40 65 78 63 35 28 91 89 48 22 51 34 68 111 149 121 66 60 55 27 54 63 56 81 53 43 29 30 51 104 36 42 28 90 61 83 42 50 92 49 59 6 40 33 75 64 47 0 34 2 23 34 65 136 135 123 94 114 63 70 44
28 26 53 60 18 71 90 55 43 19 14 13 29 44 32 31 11 27 22 21 29 0 13 0 41 63 57 95 97 34 33 70 76 77 60 30 16 34 32 35 49 41 32 11 7 41 6 7 9 31 45 103 111 82 33 12 62 56 11 7 14 15 57 85 98 74 66 19 67 16 74 49 63 49 83 17 110 127 123 70 14 44 19 2 16 54 23 36 3 34 32 52 114 96 57 25 89 70 9 88
81 35 68 84 6 21 30 39 36 65 73 26 12 40 28 3 52 41 34 43 29 10 66 39 21 62 43 27 25 10 25 47 47 0 2 25 35 37 47 71 48 49 62 95 88 49 0 37 79 60 31 56 63 52 16 8 0 47 40 41 65 34 11 40 95 115 108 41 48 36 84 33 55 36 0 43 141 131 78 111 113 50 40 13 48 34 29 8 18 32 13 23 33 0 16 108 50 80 14 80
92 25 41 41 16 44 16 33 46 48 72 74 56 33 12 23 38 56 33 17 17 2 53 44 58 88 78 74 84 62 45 52 49 22 50 32 20 0 44 64 37 30 29 119 130 46 0 44 84 120 112 72 23 40 73 124 71 69 51 29 40 44 28 37 35 80 56 31 0 29 60 32 47 67 33 3 88 65 72 76 2 6 67 12 13 46 88 26 27 96 49 0 7 50 60 56 61 84 119 16
43 71 109 45 5 13 0 15 3 44 70 31 10 34 43 44 78 80 26 30 87 30 13 44 42 27 34 93 124 60 7 26 50 46 67 38 22 0 55 68 39 36 18 98 103 29 9 53 80 99 85 53 39 80 88 110 96 33 43 37 20 44 32 0 5 49 36 82 49 47 36 33 49 72 59 87 22 16 44 85 56 18 37 44 32 64 68 32 63 109 75 47 33 18 3 14 60 59 61 0
63 92 88 33 33 28 60 58 69 65 67 38 14 20 45 87 127 88 46 56 108 57 23 41 44 50 50 72 114 95 32 7 25 10 0 38 88 80 131 111 3 35 41 63 49 32 24 56 60 51 39 30 19 38 34 74 74 22 46 46 33 40 23 37 69 58 11 34 34 4 13 38 34 66 111 70 31 13 75 60 8 70 95 46 0 21 20 23 88 100 35 6 18 54 44 22 99 106 22 54
118 123 95 80 78 11 90 98 78 64 47 17 21 53 59 61 34 44 108 109 102 116 110 47 18 11 4 31 85 79 26 15 16 56 31 69 81 72 112 81 8 61 90 59 35 62 28 22 49 19 26 64 60 34 0 30 50 52 60 39 53 27 1 113 136 103 51 34 69 10 26 34 73 65 69 49 54 15 38 58 65 86 64 0 37 34 16 31 80 103 50 18 8 45 43 21 95 126 89 54
39 53 84 107 95 64 53 62 64 49 18 22 16 26 37 76 58 0 38 65 30 110 57 40 19 4 30 48 33 41 43 5 12 4 0 22 33 63 110 84 28 51 77 52 19 57 97 76 4 23 56 23 45 19 25 48 57 58 74 145 96 57 40 104 58 42 42 13 99 50 27 0 36 35 38 68 82 75 24 30 79 55 43 35 38 31 19 41 96 72 64 63 1 24 2 29 52 78 77 52
85 70 74 78 60 44 36 24 50 49 39 58 51 46 37 61 73 13 5 44 28 61 46 30 13 20 43 33 17 65 103 74 32 32 24 57 67 64 77 45 36 47 36 22 33 60 89 114 40 0 81 107 92 75 131 143 82 49 30 86 95 89 46 42 30 44 73 56 94 39 19 3 25 50 61 62 67 99 65 42 15 15 27 27 32 28 14 31 54 40 40 40 19 50 29 51 25 45 65 59
60 23 21 32 35 63 73 35 30 22 2 17 17 31 43 82 74 37 0 44 48 16 50 47 6 34 57 27 15 87 124 69 34 45 45 95 119 83 57 22 69 71 33 33 75 57 41 91 55 23 142 187 142 79 93 67 57 62 63 66 63 60 49 40 16 32 60 58 57 27 25 27 5 35 57 47 34 87 74 39 20 30 37 19 16 26 27 48 67 55 48 27 44 65 31 34 0 5 52 70
41 0 0 15 28 84 99 33 28 27 15 31 24 24 22 52 49 49 25 58 75 2 62 80 16 41 54 21 20 97 107 16 26 45 48 117 157 102 53 24 46 42 10 32 84 48 11 57 52 57 104 77 64 16 14 17 35 47 56 32 36 34 36 15 35 27 33 56 48 60 64 64 0 6 38 43 12 50 50 30 62 70 61 18 8 31 44 66 74 63 49 12 67 85 43 33 41 32 100 133
