28 18 53 82 38 11 0 43 72 78 63 33 59 43 45 57 70 74 66 91 78 31 25 15 17 33 112 75 33 30 55 85 72 37 24 6 25 29 52 46 63 50 29 7 10 12 4 11 58 61 53 36 89 75 44 40 67 46 83 70 15 20 40 61 0 13 12 41 10 25 37 0 30 68 45 61 46 47 68 40 21 55 26 18 12 10 37 10 10 23 83 39 19 42 100 42 15 43 62 56
26 39 56 49 47 31 26 50 64 92 85 33 35 23 25 26 48 60 66 41 73 128 93 34 86 101 93 36 55 121 105 101 27 31 3 4 17 69 64 48 77 53 0 32 5 24 41 19 28 29 66 107 139 81 59 91 37 25 51 20 5 18 68 83 65 67 54 67 71 75 39 40 34 0 32 26 5 13 59 78 36 112 129 97 95 108 80 20 3 25 78 84 40 24 36 24 15 26 36 38
70 112 117 71 59 19 21 18 48 71 80 63 76 66 49 27 6 14 18 35 101 156 110 28 64 137 106 40 84 174 116 85 41 52 26 23 18 39 43 73 87 60 39 44 15 20 35 33 15 36 82 115 128 85 50 29 56 30 24 0 26 11 60 64 40 79 71 36 59 79 40 84 85 20 31 41 88 52 48 57 46 65 90 82 79 76 42 28 23 59 87 131 91 59 12 20 22 21 27 38
83 88 70 52 36 7 36 34 41 36 55 85 101 82 57 39 112 111 52 83 108 87 83 14 33 53 13 0 66 114 49 30 20 75 101 69 77 53 48 51 43 56 22 31 14 34 67 83 44 48 44 42 66 106 119 73 59 72 51 18 39 15 37 17 31 19 8 29 57 18 0 65 59 0 2 60 64 44 115 77 29 24 33 22 10 43 55 20 0 9 0 46 103 132 63 40 36 39 47 57
90 46 39 109 91 53 38 5 51 21 17 31 18 15 27 37 117 149 113 108 93 68 75 23 12 0 17 38 60 24 20 68 49 52 58 57 83 46 50 84 65 73 7 57 15 76 141 114 27 27 27 48 47 77 132 137 14 84 70 31 31 36 39 3 16 68 80 62 40 27 36 18 24 48 13 49 45 27 31 22 45 7 5 41 17 24 69 20 14 59 49 35 47 45 31 56 25 33 36 30
108 39 15 72 41 25 25 28 34 24 51 91 79 83 65 28 30 49 89 69 58 65 28 17 43 23 37 44 76 67 77 72 82 83 75 106 88 56 31 70 109 36 101 80 34 86 136 89 44 93 128 155 94 65 111 140 28 46 24 25 46 55 37 18 18 36 59 61 33 38 89 39 57 35 13 33 0 67 77 89 111 33 3 66 37 0 52 46 6 36 54 46 57 25 21 43 51 51 39 21
31 34 50 56 49 50 55 84 61 17 18 63 59 90 89 56 73 26 44 26 41 66 13 19 18 35 27 3 6 30 72 94 98 112 80 45 3 19 16 18 62 0 99 67 47 63 83 71 62 108 104 112 60 50 92 105 88 40 15 15 59 61 39 28 49 34 47 24 49 138 169 49 4 45 26 61 41 83 49 109 103 81 43 45 42 33 61 75 21 51 95 96 74 35 46 70 66 47 25 15
14 66 86 23 44 47 30 48 75 20 27 83 52 51 48 36 60 19 6 26 94 146 109 66 18 14 0 37 41 22 32 103 145 58 43 69 72 4 9 45 34 86 0 83 57 53 68 74 75 64 8 39 46 58 74 62 105 84 81 7 38 63 62 29 45 17 71 52 46 91 109 52 27 43 0 77 85 81 37 26 13 16 13 34 69 35 13 85 70 68 76 64 33 29 44 46 112 78 55 62
86 86 76 63 47 22 9 18 24 14 9 44 43 32 45 9 26 10 18 15 92 150 100 96 53 48 39 35 0 10 36 89 74 20 76 48 21 24 16 12 11 51 60 81 53 0 52 23 26 18 9 56 67 12 50 26 71 116 37 13 14 37 30 44 4 8 62 26 51 45 34 36 9 32 29 51 98 47 55 90 44 42 31 68 61 15 0 71 108 55 20 77 80 40 44 8 35 36 32 12
111 109 67 12 3 31 57 71 58 66 44 63 58 4 0 5 0 46 42 25 39 67 14 81 115 77 42 61 105 89 43 39 31 39 49 27 17 17 29 35 25 19 49 37 44 70 86 51 40 47 45 72 83 41 59 88 120 117 48 24 30 40 9 45 11 51 12 69 28 19 50 40 42 23 14 45 79 32 31 34 129 150 54 16 44 73 55 91 64 57 52 60 56 41 36 29 28 54 63 30
33 31 18 14 25 30 32 40 37 76 23 17 69 60 37 25 18 33 33 56 8 57 35 79 47 69 78 69 118 58 23 28 0 40 5 26 44 17 15 19 38 42 31 17 23 56 113 45 36 33 9 36 83 72 22 27 58 22 37 0 74 30 5 15 0 26 26 59 48 53 87 74 60 48 75 124 132 75 47 20 61 85 9 69 128 90 8 43 13 57 81 40 17 22 12 17 44 59 45 0
45 26 6 10 27 32 39 59 31 101 50 2 25 33 37 34 50 20 24 85 34 71 44 22 18 44 60 27 91 50 55 39 30 42 0 36 55 26 29 57 4 43 61 72 51 43 109 47 48 65 19 20 46 73 45 24 4 5 12 40 87 80 20 23 18 44 52 5 41 55 57 31 46 63 104 157 176 127 64 19 80 125 56 94 126 109 37 35 0 35 54 27 21 51 49 13 38 44 31 0
16 48 55 39 38 47 46 42 44 83 51 26 17 11 42 53 61 44 24 53 46 47 41 42 59 34 23 0 66 68 122 97 51 37 24 70 70 57 37 44 45 35 95 75 33 16 22 23 22 63 10 2 1 50 69 0 54 37 29 27 86 31 27 14 9 69 14 0 62 91 96 79 76 89 80 104 160 151 70 30 49 65 7 17 39 92 62 4 4 18 11 28 45 88 111 34 4 27 58 77
35 61 64 41 31 50 94 137 30 63 52 46 41 51 84 67 49 21 17 41 38 31 74 58 66 47 28 12 44 63 163 184 174 96 40 12 23 80 74 49 16 3 37 43 37 19 35 45 67 95 35 23 21 62 107 30 89 86 13 53 34 26 1 10 80 102 83 24 109 96 83 93 61 71 33 22 67 81 20 14 40 43 75 86 32 28 36 30 19 42 28 38 28 37 76 22 9 18 54 108
13 20 24 28 31 37 74 125 20 91 95 65 31 23 52 43 24 0 22 83 70 47 71 0 87 91 29 20 64 115 167 160 170 105 52 13 53 114 102 49 17 61 74 85 82 35 53 34 64 70 26 5 7 9 60 60 81 92 71 45 63 68 54 23 74 74 111 22 80 59 77 100 49 49 27 15 22 42 13 38 60 16 40 22 22 68 67 25 12 62 58 45 37 19 18 10 32 20 39 98
14 37 45 45 60 66 50 34 9 51 39 46 47 15 24 39 29 34 26 84 110 84 82 25 94 131 26 3 72 151 132 65 39 32 24 14 67 94 104 81 58 103 144 74 50 48 50 83 95 70 58 87 151 108 71 73 26 75 78 15 29 104 65 4 11 75 39 20 0 23 130 135 42 7 0 4 0 32 25 51 66 42 103 64 50 63 50 29 0 47 49 45 102 98 35 35 24 29 62 121
17 14 22 101 102 118 114 33 30 115 52 36 35 21 15 13 53 52 0 56 67 63 45 78 50 56 39 37 53 120 93 16 38 69 19 15 10 70 62 53 84 69 42 45 43 9 68 49 56 0 17 88 139 177 137 27 71 24 53 73 105 125 50 27 35 4 13 12 0 35 94 89 51 38 53 43 19 23 35 52 59 89 122 120 67 14 0 18 55 47 51 19 80 123 97 50 19 23 35 63
33 49 56 63 42 40 61 0 46 71 61 67 88 63 55 68 78 58 79 83 56 21 0 95 41 99 37 14 60 76 23 55 60 128 18 28 22 8 59 53 42 41 40 91 93 57 65 63 68 15 37 77 87 135 132 37 98 60 0 11 121 125 59 33 23 48 16 8 37 55 35 51 85 65 36 24 25 39 28 57 128 128 99 105 87 37 22 12 29 23 2 33 64 79 41 92 44 0 15 49
27 26 42 58 60 31 63 37 0 24 65 30 44 66 79 66 20 41 54 79 126 113 90 69 86 73 34 20 64 56 47 73 51 144 56 68 62 0 67 79 19 57 60 86 78 86 60 69 25 53 56 38 46 71 67 44 59 71 9 33 137 101 57 17 26 23 10 25 40 78 77 67 81 62 12 1 28 46 26 68 109 90 26 48 80 45 39 13 28 47 50 23 61 73 46 28 40 39 35 26
60 45 35 34 23 0 23 24 127 55 47 48 64 80 81 51 45 44 26 68 95 60 88 107 92 34 65 38 29 0 66 73 21 77 75 63 56 16 61 88 38 52 27 16 30 65 31 56 4 68 65 9 0 21 37 54 43 42 6 55 121 103 68 0 33 37 92 99 50 41 74 64 12 14 22 28 64 57 30 44 26 51 57 73 80 24 19 28 35 26 13 47 27 57 38 40 0 11 11 18
36 54 45 40 25 50 53 27 88 42 22 45 18 38 82 87 54 18 29 35 32 50 68 154 151 105 73 44 70 48 52 50 0 1 48 36 34 32 46 21 41 32 51 103 157 124 28 39 84 88 95 48 0 56 122 104 102 93 54 51 54 62 45 28 18 48 77 97 172 111 47 26 37 17 51 47 84 76 72 52 45 27 49 41 62 38 28 57 38 66 103 34 71 28 50 18 51 9 44 108
19 59 87 82 4 2 27 53 107 77 29 35 11 43 63 44 36 66 83 58 7 11 37 81 132 150 96 77 52 63 38 68 69 35 20 12 19 53 113 49 33 25 30 55 93 76 25 60 68 63 53 20 7 57 97 82 77 103 85 28 18 15 1 48 20 81 86 73 156 93 27 39 60 15 24 6 45 60 61 18 84 3 6 0 26 37 34 57 10 59 55 48 101 61 44 66 42 47 70 81
119 45 37 66 49 44 60 71 85 38 33 55 50 38 52 112 94 65 18 34 48 19 47 23 68 60 28 33 11 59 56 43 9 13 3 21 24 38 84 17 3 30 12 14 9 29 6 36 33 73 45 11 37 44 38 70 7 16 40 6 54 48 42 37 42 51 28 22 64 104 90 65 56 43 33 34 73 109 64 18 56 11 53 37 30 1 17 34 19 48 48 0 47 41 67 9 16 57 47 9
62 23 74 90 56 21 44 44 56 5 18 5 61 83 68 106 100 82 97 27 49 70 77 42 19 19 36 15 28 55 103 98 43 47 28 7 0 24 89 101 27 33 0 34 22 44 0 20 50 89 78 42 32 23 37 84 33 13 84 53 85 66 122 66 60 67 30 19 3 89 78 27 47 61 12 15 53 124 74 65 53 2 31 39 44 14 52 41 42 13 66 120 83 61 89 24 69 13 8 39
40 72 91 48 49 34 26 29 31 29 46 50 53 93 60 75 95 110 55 45 47 63 18 59 20 41 87 49 21 21 72 137 58 64 80 20 16 21 50 86 19 46 29 67 41 31 55 25 56 71 103 63 47 61 37 78 42 64 95 41 21 27 64 70 50 63 14 21 48 60 65 0 15 47 54 20 95 45 66 83 67 16 9 15 34 25 47 49 49 51 63 122 105 47 49 29 43 64 24 29
68 100 53 45 40 11 69 78 79 27 12 26 64 83 14 51 37 85 52 6 30 27 13 33 58 22 46 55 57 21 21 61 23 59 78 40 20 36 30 42 32 31 29 97 61 46 45 84 49 33 97 95 70 83 70 30 30 44 55 54 37 45 63 67 71 72 29 60 56 14 40 26 71 56 42 59 100 55 32 17 28 38 61 72 60 8 2 34 29 59 83 116 69 5 31 50 22 26 18 25
26 49 33 16 11 31 48 61 72 78 81 51 56 65 16 70 66 69 14 21 71 49 28 26 49 48 65 37 29 13 12 15 57 82 56 21 6 70 72 82 109 55 18 78 58 67 47 127 89 33 86 114 82 38 52 20 5 17 10 65 55 65 79 83 115 98 23 21 36 43 78 50 73 57 30 56 49 55 51 41 61 71 73 107 121 78 28 42 38 61 69 89 58 11 35 56 62 25 42 26
49 60 58 32 1 25 13 36 67 88 81 50 51 68 46 35 77 79 32 92 74 59 59 68 45 96 113 37 6 14 32 14 70 116 104 67 29 72 96 129 97 51 5 41 56 79 67 126 34 37 42 12 36 49 96 46 27 36 8 55 38 43 81 92 100 124 103 43 18 40 48 26 52 81 47 31 5 48 57 39 43 70 79 94 65 49 42 77 36 34 21 40 43 22 24 21 69 2 47 16
48 85 63 100 70 40 51 32 74 57 33 43 43 59 92 37 32 55 47 92 34 47 83 69 91 100 97 58 47 30 34 16 45 70 60 40 20 23 37 55 34 33 18 39 57 39 43 66 79 38 14 12 55 53 95 47 51 64 37 50 33 39 103 119 97 67 86 58 58 71 15 10 59 104 72 51 75 118 109 74 45 8 0 24 35 83 75 34 44 40 35 49 55 52 52 40 50 0 64 41
24 54 54 80 106 137 116 35 48 42 38 34 20 65 153 94 7 6 25 54 34 28 72 57 104 73 46 40 56 34 40 28 42 42 18 24 29 30 42 56 52 33 15 19 34 0 20 33 55 48 69 57 55 86 123 19 20 35 25 34 22 29 64 63 44 6 54 56 76 97 42 64 111 113 59 29 54 58 53 42 39 18 38 57 34 64 76 34 38 29 43 59 62 81 90 67 48 0 71 46
61 46 48 9 51 141 143 95 44 24 34 11 28 96 140 76 19 19 27 50 63 39 42 68 69 46 23 22 38 19 44 41 2 34 24 60 42 42 47 72 63 21 12 5 9 19 34 56 60 29 62 93 56 21 40 24 88 70 36 55 42 69 53 40 46 6 18 39 87 114 57 30 94 68 31 35 32 32 57 76 58 58 92 84 37 14 31 24 8 0 15 26 17 51 70 37 30 0 49 21
26 20 9 16 22 31 138 166 68 16 50 37 61 84 67 49 68 73 7 30 96 131 38 27 50 28 21 46 55 7 25 36 69 66 2 62 65 97 56 39 32 22 59 39 2 35 16 38 19 5 10 49 62 36 41 97 134 69 0 23 26 103 79 82 56 35 17 23 27 29 52 76 48 26 28 80 55 56 65 55 49 36 52 52 52 22 37 50 30 15 51 45 1 31 64 38 28 21 72 57
0 39 0 41 28 14 82 119 60 12 55 20 41 50 39 14 38 64 24 46 40 104 58 31 41 52 61 79 8 21 28 41 59 65 41 73 50 21 24 54 79 85 101 95 137 151 24 17 28 38 50 50 43 39 0 22 31 13 19 28 37 86 75 70 101 77 25 15 23 28 58 97 69 23 58 82 54 44 35 37 14 29 68 14 5 12 65 38 41 40 62 63 39 48 95 24 14 45 45 28
12 67 21 17 56 47 25 25 29 21 46 39 51 0 14 30 0 38 52 79 34 52 45 71 33 33 85 65 0 55 31 37 104 76 10 12 0 0 19 52 122 105 97 92 115 125 48 66 52 15 71 49 15 27 17 41 63 58 33 0 49 54 15 61 106 52 32 12 42 23 18 56 46 17 55 72 66 59 59 64 37 22 43 33 40 32 58 48 71 85 55 29 56 69 73 1 33 7 24 46
8 0 19 31 29 38 54 38 0 25 26 40 84 31 30 3 21 18 20 50 34 37 25 29 30 26 93 81 16 81 58 40 32 27 0 15 20 19 22 35 135 114 76 51 42 64 50 74 53 23 100 97 54 37 51 28 43 31 37 32 27 26 94 124 83 37 68 48 80 22 0 64 111 23 17 52 107 82 73 85 64 29 14 20 20 5 18 44 0 25 49 44 38 51 85 13 53 92 105 85
25 43 53 34 36 1 15 48 30 56 43 42 73 43 41 1 30 10 10 21 13 12 25 34 31 25 68 100 44 69 78 33 9 28 31 34 26 12 5 12 70 84 53 21 0 23 38 30 0 53 61 72 91 43 40 50 71 107 54 66 70 79 196 234 162 37 120 149 72 16 38 19 51 49 42 0 44 57 61 29 67 74 59 56 37 44 59 97 19 15 31 36 32 60 119 58 0 77 107 89
31 70 42 3 26 26 76 95 73 35 53 71 82 64 49 34 49 25 28 34 21 0 18 56 46 21 50 74 29 53 66 17 22 38 46 28 17 3 0 6 0 34 34 32 5 25 33 8 22 8 37 54 2 30 84 90 92 62 2 64 108 197 210 134 102 3 11 84 86 60 63 47 23 52 61 19 54 38 39 14 51 113 114 80 32 44 28 21 0 50 58 51 84 88 94 44 40 24 60 105
53 57 32 26 21 22 84 95 59 28 83 74 52 70 66 86 69 34 23 48 56 17 19 68 76 23 61 30 0 61 45 14 2 4 19 8 25 25 18 23 0 9 9 30 14 21 23 20 26 43 56 16 4 38 11 104 66 85 180 193 94 215 251 242 166 74 45 104 102 94 101 73 27 114 111 19 37 79 85 7 6 78 94 65 33 69 53 14 29 90 85 33 28 41 64 3 77 47 36 50
3 51 26 38 82 40 7 96 145 68 39 7 44 105 58 30 49 59 40 40 45 34 46 109 84 20 43 9 0 50 32 13 16 0 5 0 16 23 21 33 21 10 0 13 12 25 13 21 24 30 48 33 28 35 12 37 21 85 141 164 186 254 157 112 104 87 70 49 54 18 4 34 34 107 105 38 6 19 66 63 22 45 52 32 6 34 36 6 8 34 50 39 38 67 110 37 58 84 60 31
47 52 31 15 36 56 19 83 83 78 88 70 61 43 0 38 95 126 65 10 15 47 49 83 61 6 0 6 7 13 21 1 5 0 21 8 32 22 8 16 10 13 11 18 30 55 17 6 34 18 5 48 60 50 108 32 121 219 243 244 216 244 255 249 79 55 124 76 35 8 21 29 54 114 100 52 25 56 99 86 31 16 26 28 3 9 29 25 37 79 67 33 22 1 62 99 60 56 74 86
59 50 19 45 56 25 67 7 7 21 25 86 77 48 31 30 82 116 92 40 29 30 28 41 28 11 7 0 11 2 10 6 4 8 5 0 30 24 13 0 1 3 20 0 0 19 22 40 96 84 76 130 66 86 101 123 128 207 62 119 235 253 253 255 23 8 1 59 10 26 38 26 41 47 80 34 36 70 83 57 0 43 51 2 47 23 24 45 45 95 121 71 52 11 120 62 23 32 44 41
26 16 8 40 20 41 80 0 109 81 24 35 33 37 33 22 39 67 51 18 19 16 3 7 14 4 9 4 17 5 9 3 2 10 16 0 16 10 12 3 16 20 0 23 22 64 59 86 178 186 163 131 140 83 255 248 188 112 255 249 15 255 245 85 11 95 77 20 10 27 12 23 30 8 35 27 26 5 9 31 52 63 56 13 62 26 19 25 27 44 57 50 32 23 68 68 42 47 65 75
28 12 33 69 31 106 148 68 125 89 21 8 13 31 24 0 12 26 15 4 16 12 0 0 9 4 13 9 21 7 14 11 5 19 41 27 13 1 11 6 6 18 4 0 19 19 24 31 71 104 80 142 187 252 248 252 248 255 231 255 255 221 32 147 88 5 21 21 6 24 40 25 82 73 58 18 27 27 22 32 57 94 82 36 44 57 51 37 89 46 12 51 50 69 16 57 37 28 39 55
34 10 44 63 23 71 95 48 58 45 21 18 21 24 9 0 15 15 3 3 17 14 3 7 11 5 13 4 14 3 16 19 8 28 62 56 21 3 11 3 13 28 25 0 24 41 33 40 124 100 84 67 105 252 236 255 251 236 240 245 239 40 109 139 71 0 47 40 9 48 49 11 1 56 56 31 80 112 64 10 16 66 54 42 14 63 52 43 124 70 5 63 69 84 1 60 60 35 31 45
40 14 48 52 41 31 44 56 37 19 18 20 23 11 2 5 15 9 2 6 12 7 4 11 8 3 11 2 10 0 11 15 6 24 52 54 17 5 9 5 18 19 0 19 0 68 23 80 61 148 249 243 181 137 242 255 248 255 110 196 126 182 255 255 166 56 74 52 25 123 116 46 127 145 86 42 70 82 40 11 16 4 2 27 26 24 14 20 55 51 0 50 46 39 11 73 66 37 32 50
27 4 12 8 30 11 49 114 53 12 10 11 24 8 2 16 6 3 6 11 8 2 1 5 8 5 17 11 19 4 12 13 2 14 23 29 4 6 9 16 15 14 29 79 40 82 92 185 72 248 254 248 254 244 255 231 254 250 165 242 176 255 237 254 243 84 76 68 12 76 109 110 190 179 77 16 19 40 50 72 41 10 35 24 62 13 29 26 17 34 0 31 23 9 24 46 51 32 36 57
51 42 20 13 22 22 65 123 67 16 14 5 23 9 0 13 6 4 11 15 8 5 8 7 13 7 17 11 22 9 17 17 6 19 11 17 6 14 11 29 18 16 40 49 26 5 100 151 153 253 252 238 255 241 179 253 237 255 18 248 244 112 205 255 201 103 84 66 83 85 45 24 43 72 28 23 26 27 10 5 59 46 60 29 68 33 49 42 35 35 10 32 16 16 32 10 54 47 60 78
35 54 34 43 27 40 59 75 82 34 30 4 15 2 0 13 12 7 11 11 5 9 18 15 14 3 6 0 10 3 17 20 14 32 17 26 20 26 14 36 22 32 0 40 54 105 254 255 164 250 180 71 14 247 255 250 255 236 213 209 248 248 255 239 170 68 168 191 136 102 121 50 14 25 0 44 63 56 41 47 77 38 1 22 50 36 12 26 29 24 23 40 3 20 36 10 30 29 46 62
31 72 51 18 2 41 45 48 55 70 23 19 11 10 14 20 11 9 11 7 0 9 19 15 10 7 3 0 0 2 8 11 14 16 26 0 15 23 6 11 18 69 91 226 245 227 255 229 79 177 41 85 76 159 255 247 245 253 100 95 255 255 253 217 255 85 252 255 52 37 111 72 27 0 15 106 56 36 22 38 30 64 74 42 57 73 38 44 55 30 20 28 18 28 52 35 34 25 47 94
62 72 81 62 16 30 54 53 11 21 0 8 6 17 24 23 3 4 7 5 3 14 16 2 7 5 3 0 0 3 7 11 6 5 19 18 46 24 7 16 50 58 118 255 247 255 247 114 6 25 47 88 67 255 217 72 230 255 252 106 91 85 149 255 123 55 169 232 54 66 22 10 22 20 28 43 36 28 33 51 29 146 81 30 66 86 89 88 62 44 38 29 11 5 24 51 44 18 21 58
41 13 50 77 78 104 113 45 43 31 10 24 4 13 17 4 4 5 6 0 1 18 19 0 6 7 7 6 6 7 11 14 0 17 26 29 45 12 20 38 46 47 37 171 238 155 101 219 244 216 10 243 184 250 255 245 12 156 236 215 252 251 223 81 76 138 94 51 38 0 17 32 57 75 51 0 34 56 94 116 47 92 40 12 50 66 19 54 29 56 79 56 46 35 17 57 81 44 34 62
58 10 20 38 91 143 138 34 60 29 16 28 0 5 14 1 12 13 9 0 0 17 25 7 2 5 8 9 8 8 11 13 2 36 31 22 38 15 32 27 28 1 38 72 61 136 238 209 255 254 6 255 250 250 223 255 58 35 151 113 85 147 39 89 247 178 180 255 37 15 28 24 87 142 143 53 43 26 64 97 58 15 7 35 43 47 0 47 64 106 112 48 56 74 33 59 73 47 48 75
70 41 22 2 46 85 112 88 73 34 32 44 1 12 19 9 12 15 15 2 0 13 23 11 0 3 8 8 6 5 8 11 12 35 24 24 52 28 29 8 26 33 52 9 12 111 230 101 158 158 139 229 248 255 255 242 192 110 49 227 245 225 94 102 255 224 29 172 31 42 33 14 78 124 164 143 92 37 21 20 55 61 21 48 38 22 47 66 66 86 77 24 56 83 25 28 23 18 33 54
16 20 19 22 42 36 66 123 95 52 56 70 27 30 20 11 7 11 17 13 4 10 14 3 3 8 14 14 10 9 11 15 18 24 25 28 44 13 30 58 51 32 7 22 101 110 189 167 132 151 212 255 244 217 246 243 240 225 79 239 255 255 175 118 170 227 62 13 109 112 11 13 32 40 79 118 76 48 35 39 33 55 21 11 46 28 23 65 68 53 46 42 77 77 17 6 29 36 48 40
16 18 21 48 47 24 32 94 75 29 32 53 30 38 18 15 13 7 13 16 9 8 7 0 7 13 18 17 13 10 14 18 15 13 24 15 33 25 57 118 113 255 255 153 122 95 115 157 255 253 246 243 239 255 233 255 241 255 200 172 75 55 46 46 34 42 49 115 35 25 65 10 13 18 39 57 14 0 18 57 12 0 8 0 62 45 7 58 106 69 53 62 68 58 37 25 57 69 70 32
66 48 22 32 14 25 51 104 82 27 19 36 23 35 7 8 26 9 7 13 10 7 8 2 3 9 14 12 7 4 8 13 9 0 9 0 50 80 89 117 57 183 239 233 248 255 169 145 242 255 245 243 255 238 255 240 64 94 155 72 49 94 73 12 21 15 15 71 3 21 5 6 67 43 27 41 58 43 13 0 25 12 20 17 37 0 24 8 24 16 32 58 51 49 54 24 42 59 56 6
78 57 13 70 52 24 82 147 57 1 29 4 38 30 14 3 16 0 14 11 9 0 16 0 0 5 0 7 36 0 0 4 0 8 31 56 57 71 155 161 86 219 255 239 254 244 172 214 86 124 164 255 233 105 168 101 55 33 36 16 61 113 110 45 47 68 0 33 32 112 85 13 71 103 35 47 62 83 30 1 47 27 21 86 80 42 59 12 2 22 39 74 65 57 27 22 22 42 46 37
33 18 30 56 47 15 0 49 70 70 46 43 91 45 13 10 0 10 7 3 26 11 4 20 7 7 23 17 17 18 17 8 13 14 88 40 26 65 236 242 230 249 250 254 241 255 198 166 242 137 43 36 32 93 147 168 77 12 27 31 56 76 50 48 25 36 49 19 54 82 79 12 30 34 31 10 30 52 22 28 39 91 68 62 93 60 51 51 63 50 45 57 71 39 4 0 12 43 47 29
23 43 59 47 58 35 6 22 14 22 28 93 94 18 45 41 11 28 3 0 6 12 0 4 1 14 48 48 47 58 16 15 18 0 72 70 35 40 255 247 255 255 244 115 255 229 172 68 64 40 92 23 23 26 110 198 98 56 87 73 47 59 33 79 32 9 36 61 64 77 38 40 32 9 77 22 23 26 0 18 18 5 13 44 89 44 24 36 15 0 9 44 84 23 15 58 76 78 52 21
82 127 75 26 38 10 32 18 56 32 64 148 130 20 67 69 16 27 24 34 2 49 46 20 19 31 31 55 74 70 10 24 37 48 89 29 45 36 63 149 220 109 65 97 5 93 112 47 17 56 71 82 70 33 53 97 33 34 74 83 46 43 17 59 48 10 8 67 43 56 8 40 39 33 139 77 30 16 1 15 62 16 31 22 58 81 87 65 2 52 51 12 39 46 47 53 79 59 39 42
91 119 65 36 61 38 81 94 88 56 66 97 133 29 23 29 16 58 69 69 10 61 68 54 91 57 14 41 39 56 51 22 18 54 81 38 60 75 114 135 99 96 103 105 48 23 26 29 22 79 50 58 65 33 69 92 25 29 50 122 115 66 20 26 3 0 36 10 31 20 69 74 28 38 115 83 18 27 42 45 41 30 51 18 24 39 42 56 28 39 6 7 32 48 49 94 122 92 60 57
62 48 48 50 68 38 23 66 52 22 51 47 65 29 24 0 41 110 95 64 13 40 57 114 150 75 41 53 12 63 110 7 40 10 61 0 72 96 49 80 57 113 84 41 48 30 13 18 61 87 76 24 77 36 48 31 2 31 38 96 106 65 41 25 3 22 84 29 40 10 105 132 60 25 30 40 13 56 70 41 26 0 52 70 25 19 25 35 33 64 30 9 4 33 23 38 163 137 81 34
16 14 34 70 90 85 55 71 59 33 66 85 43 54 67 28 46 83 71 65 33 42 71 152 123 56 55 50 27 72 101 8 68 5 9 37 84 80 80 17 53 27 0 35 74 47 44 64 54 79 39 46 53 54 54 86 0 31 50 57 73 60 62 62 56 57 92 70 32 33 50 96 78 12 9 43 39 66 53 19 49 31 45 43 0 48 72 32 60 44 31 43 36 12 11 49 129 128 101 71
7 47 23 62 75 89 89 43 22 19 0 59 39 51 34 34 30 10 31 77 38 25 44 80 61 21 27 7 39 57 44 27 29 42 4 41 72 111 84 43 26 3 15 80 95 56 57 45 30 26 5 67 137 68 100 113 52 40 61 58 70 21 0 19 35 21 52 27 16 75 27 29 37 0 56 92 66 46 27 29 72 74 25 31 10 35 21 46 78 41 16 0 22 22 36 32 72 66 51 47
60 98 53 14 28 55 68 38 25 46 24 52 49 65 63 46 53 49 40 48 63 0 1 60 52 44 28 42 79 128 94 63 29 0 47 19 14 59 28 67 71 25 15 113 138 61 47 82 110 100 81 62 153 114 0 29 40 56 27 68 46 41 74 54 37 11 61 64 53 18 3 9 36 7 60 151 103 57 26 25 53 45 44 14 105 159 13 60 53 69 38 34 71 59 74 52 47 59 68 70
50 51 37 32 44 72 86 60 12 0 10 58 43 55 69 19 71 17 0 47 94 50 32 79 123 86 91 33 4 55 28 16 40 51 139 110 43 40 44 107 56 21 33 72 69 0 0 93 192 179 116 72 107 73 22 61 34 55 65 44 28 44 92 117 45 20 43 84 46 5 13 28 10 44 78 90 86 70 25 36 35 13 17 54 178 227 91 37 37 50 54 71 105 71 49 24 15 34 73 26
41 11 54 73 32 30 37 13 0 8 43 74 67 21 42 66 73 40 31 32 33 37 34 90 135 116 150 116 82 104 79 30 43 66 137 76 68 16 25 55 38 0 15 40 114 80 28 52 149 162 108 74 60 29 28 53 51 27 53 13 42 80 76 68 40 58 20 41 25 18 31 46 27 27 50 19 24 10 19 112 87 21 5 73 158 146 76 14 63 41 49 53 77 46 14 9 45 64 118 38
75 51 11 3 65 63 15 59 42 26 37 49 79 12 18 60 47 31 41 27 0 28 30 95 146 143 113 107 92 80 105 58 35 45 76 0 121 73 89 76 0 62 112 72 104 62 33 43 138 115 58 43 48 58 52 34 49 1 32 14 31 87 97 86 58 85 22 16 51 48 35 69 62 42 93 34 37 49 44 55 44 25 35 54 67 29 43 56 108 50 41 9 21 16 0 16 54 62 86 45
29 13 39 40 30 29 24 49 12 0 49 34 29 5 57 70 60 5 15 55 61 59 9 45 97 98 37 35 43 33 80 110 82 58 72 14 85 49 85 70 71 123 98 16 38 17 46 55 58 60 76 77 86 89 56 28 88 22 16 28 0 58 122 136 100 58 49 57 84 43 23 73 50 55 139 76 56 41 52 87 44 41 34 13 86 118 85 46 122 63 62 20 29 40 27 45 58 47 18 57
89 62 43 28 28 32 27 35 62 62 73 25 74 100 104 63 53 36 46 63 69 52 0 4 39 23 5 11 25 27 0 58 115 53 72 67 0 0 32 34 45 92 81 59 80 36 53 57 36 45 62 26 36 31 29 38 65 29 14 55 9 19 73 96 99 19 59 62 37 12 24 35 64 39 76 69 119 61 0 7 39 53 49 0 40 75 48 64 59 10 25 0 8 22 19 31 74 49 0 61
64 37 48 64 30 23 38 5 48 94 92 11 38 37 22 33 0 61 77 33 26 22 22 32 23 2 8 39 42 78 25 93 79 28 58 60 0 27 76 94 87 67 37 39 79 73 66 68 99 103 82 47 103 61 47 23 0 21 42 82 68 17 21 62 53 17 38 48 27 27 34 10 19 27 41 7 54 71 64 52 67 50 32 18 30 47 41 97 61 9 21 11 17 19 34 53 104 76 27 66
89 73 14 33 85 70 44 27 38 44 76 37 24 21 41 71 0 60 62 15 24 6 22 38 30 35 26 63 5 26 13 63 64 55 71 0 14 37 69 91 61 24 12 21 67 94 48 34 26 72 47 11 73 7 50 56 58 64 49 67 143 79 11 28 20 36 12 76 110 79 34 29 56 30 59 47 18 12 38 11 13 15 11 25 11 20 20 47 74 16 21 23 21 4 26 51 63 43 24 17
101 79 77 6 73 66 46 23 38 41 36 54 21 41 75 81 43 0 5 28 33 0 8 9 21 25 46 65 44 35 42 12 21 52 66 34 85 41 31 38 24 32 25 56 38 41 60 46 52 97 120 54 23 32 60 37 32 14 67 72 98 134 15 21 48 0 33 120 178 117 21 44 44 12 38 31 27 50 78 37 68 50 14 41 55 14 8 40 55 4 21 99 107 75 65 37 39 63 47 14
79 21 28 43 16 0 47 64 47 76 47 27 41 79 70 22 85 111 72 23 17 23 73 34 21 16 7 26 25 23 39 11 14 46 77 64 60 63 56 16 22 11 73 88 30 13 46 45 34 48 65 51 41 38 50 45 56 34 79 83 34 60 40 32 51 36 35 86 146 142 37 44 18 0 44 49 80 54 70 69 21 15 60 37 0 24 48 0 34 29 23 82 142 113 41 0 57 86 75 43
54 60 19 36 94 66 57 51 35 79 56 15 27 27 25 9 29 85 45 27 39 29 66 26 58 65 37 56 59 42 54 26 19 40 58 32 11 27 52 42 31 16 58 64 83 47 9 25 2 2 4 21 23 30 28 33 50 82 88 76 18 6 36 54 84 41 18 63 96 159 83 38 54 54 54 2 74 48 50 80 113 22 42 47 64 70 78 68 12 62 69 65 54 23 24 44 40 72 66 37
65 10 34 44 69 22 69 47 10 39 48 49 88 76 70 41 32 54 22 45 74 32 22 16 58 82 53 68 65 33 46 30 43 65 83 80 92 36 8 19 4 43 59 65 90 45 0 32 7 28 16 12 2 28 26 29 13 65 71 68 39 19 44 58 46 60 30 30 38 46 0 37 73 8 48 38 44 51 64 26 64 54 98 97 112 68 62 49 35 29 43 76 72 52 39 1 23 50 42 16
45 28 90 26 21 52 116 66 33 31 28 15 42 73 110 73 53 50 15 5 33 30 10 45 47 63 39 56 62 41 59 53 23 7 0 9 28 27 15 51 9 53 48 88 68 54 26 32 50 88 74 49 20 34 28 37 19 15 59 75 58 74 92 60 28 0 14 49 48 51 47 40 54 8 16 37 59 40 0 35 32 20 55 86 77 14 72 66 34 42 56 83 85 73 59 21 27 45 28 2
66 0 30 42 15 59 106 84 23 15 33 52 41 27 39 6 26 25 13 0 12 24 6 69 36 33 32 59 76 70 65 49 58 59 48 88 13 55 45 47 31 66 3 64 92 111 61 53 63 86 79 67 46 22 2 18 28 19 43 36 62 82 69 53 7 29 48 61 71 29 5 26 52 20 27 19 2 31 16 57 54 63 15 17 72 76 115 51 20 74 56 53 99 92 44 9 52 62 38 10
34 75 50 0 36 61 77 113 72 45 27 65 65 42 32 29 37 52 50 63 58 43 14 55 9 0 21 49 56 56 29 9 19 46 70 74 0 35 50 36 14 66 17 43 79 84 39 99 53 51 45 52 73 34 0 0 5 42 37 2 50 41 18 43 79 39 44 102 97 77 47 19 2 43 65 6 17 75 47 64 57 49 33 111 172 106 52 3 35 78 29 0 34 54 56 68 70 81 58 29
38 80 88 41 82 46 75 49 46 93 73 60 28 14 14 42 30 70 50 59 55 56 37 28 23 0 41 55 44 52 33 29 31 43 54 3 26 23 51 39 22 28 39 42 24 22 12 80 61 46 34 45 107 81 35 10 6 52 73 49 56 37 57 65 119 75 44 113 92 57 15 32 52 32 100 48 17 76 78 27 59 5 35 121 146 154 116 8 9 19 12 25 43 59 83 85 51 66 48 20
82 80 81 60 40 79 76 90 80 41 40 35 29 32 82 60 44 56 60 27 34 40 40 0 1 15 17 53 31 21 25 30 26 18 8 22 40 21 53 52 68 39 70 56 56 82 66 65 140 184 83 66 78 72 13 29 50 15 33 100 35 33 73 48 86 35 56 76 28 20 2 19 57 53 74 12 25 99 53 30 61 5 53 95 81 104 48 37 48 22 54 36 89 84 76 57 15 63 16 21
72 63 34 27 34 41 54 102 157 88 44 21 40 90 142 88 45 53 52 10 14 38 14 11 16 44 42 20 35 23 19 71 44 29 47 83 88 57 44 21 27 46 39 15 7 63 66 46 155 183 97 69 83 35 11 25 52 10 33 60 33 59 68 28 47 11 30 58 45 54 41 76 54 0 30 36 38 106 83 34 0 23 48 54 39 86 60 0 27 47 60 41 47 63 24 0 60 68 18 52
30 24 3 27 64 34 36 92 112 52 33 56 101 148 155 60 16 18 50 9 28 29 0 22 6 20 41 5 37 36 43 100 55 38 66 93 70 35 9 13 39 61 52 0 37 51 77 26 29 59 51 63 115 48 38 31 21 40 99 58 39 75 65 14 36 39 71 76 34 24 22 89 96 14 14 34 83 78 82 87 69 84 37 20 0 32 73 26 36 49 54 56 58 55 29 47 94 119 78 76
0 17 61 80 80 38 31 84 69 14 7 50 79 108 123 64 92 21 28 7 62 39 39 34 10 18 74 74 33 3 39 75 56 32 39 53 49 28 0 47 57 52 35 15 67 75 75 55 44 44 57 30 48 14 24 38 11 84 143 57 45 72 82 28 10 7 54 77 42 41 33 73 55 46 75 36 72 7 41 44 59 56 20 52 64 59 75 39 8 10 32 38 69 27 17 35 105 140 119 97
21 62 155 136 61 41 47 93 67 39 20 24 7 33 86 90 75 18 25 58 51 0 27 19 41 11 13 107 107 73 74 50 48 13 0 18 67 50 4 45 48 44 0 42 3 71 0 51 36 56 135 113 82 82 51 51 57 90 86 19 37 40 80 46 29 29 94 106 24 4 0 15 67 114 163 78 26 27 95 30 47 78 74 35 4 0 28 54 9 21 20 7 38 38 41 31 56 63 69 88
15 42 105 94 11 24 22 26 20 52 41 22 0 18 67 88 25 33 50 136 75 26 51 58 61 73 45 136 122 42 38 62 86 47 39 49 91 52 25 43 62 73 64 99 31 84 13 72 44 23 74 64 46 117 90 58 83 63 36 19 39 0 32 40 30 57 136 133 31 9 22 70 93 118 95 54 12 66 81 33 62 41 27 10 58 69 28 9 60 60 21 35 12 26 8 0 42 65 104 118
49 60 35 70 26 43 39 16 12 51 21 7 3 36 64 92 45 35 10 48 60 53 66 71 68 58 42 108 106 35 45 77 69 22 50 59 62 13 49 33 34 31 67 73 54 45 46 77 135 64 44 36 26 102 95 10 60 43 59 68 68 1 13 44 33 39 53 41 9 12 0 50 75 84 62 55 56 68 29 13 88 59 42 34 81 53 4 3 13 21 23 92 67 78 68 51 22 57 103 87
72 90 0 51 18 18 41 41 49 60 4 11 34 50 48 78 52 57 52 0 39 8 37 65 90 36 65 98 63 6 46 59 56 0 57 96 96 63 141 81 71 36 29 48 26 1 36 65 77 23 2 23 24 88 134 36 39 37 92 99 100 66 49 72 66 76 46 16 24 37 19 97 60 72 128 61 21 15 43 6 31 63 68 37 47 6 4 35 11 20 26 31 15 42 83 42 15 0 25 27
60 40 34 52 25 19 17 64 47 38 1 28 20 42 81 89 91 60 20 75 9 21 20 44 43 84 36 76 65 2 14 72 61 29 50 79 69 78 103 96 33 39 7 46 21 60 33 45 33 5 34 20 90 77 60 99 56 15 48 27 32 45 65 95 102 51 15 48 63 48 63 73 80 78 58 7 33 37 39 61 12 25 57 11 81 40 14 23 25 28 33 42 21 65 80 63 51 45 50 83
28 24 11 27 7 2 0 14 0 27 58 31 42 60 34 32 18 14 85 75 10 42 0 53 51 49 31 10 78 94 85 87 31 1 30 53 35 14 33 34 16 35 12 20 27 77 67 62 30 58 71 70 35 75 30 19 59 42 29 11 16 31 0 90 92 61 31 55 108 85 46 86 117 115 78 43 49 46 22 55 4 73 96 25 41 28 18 19 23 13 11 30 49 87 89 65 43 71 75 91
75 78 42 47 36 37 49 41 47 41 60 5 14 38 36 20 80 91 89 55 42 48 46 31 30 20 39 48 98 84 64 74 38 1 14 22 30 12 20 3 24 58 53 34 33 53 71 97 79 64 95 116 37 10 36 76 62 47 18 0 27 48 0 52 26 11 64 62 22 26 28 31 79 117 85 25 0 31 12 21 29 106 98 32 13 15 30 37 39 46 30 7 44 85 86 52 44 74 57 49
109 114 64 57 42 26 44 23 0 3 35 70 59 34 60 18 82 123 77 34 37 5 80 49 29 56 11 25 40 70 80 56 56 42 46 19 20 5 21 11 62 41 9 19 33 24 17 52 38 10 14 18 22 25 54 28 73 68 72 38 56 51 30 0 26 18 25 40 50 41 39 67 36 23 44 63 33 23 9 22 48 103 79 32 35 51 75 52 74 43 27 28 53 16 37 95 56 44 13 6
111 124 91 83 60 20 31 6 12 23 9 48 40 27 63 99 97 75 98 22 31 12 4 12 18 41 0 6 11 51 88 104 67 48 40 37 58 40 36 36 83 69 45 69 42 21 20 83 95 81 52 81 79 48 8 1 43 85 98 88 77 39 57 24 45 5 18 153 186 82 47 53 98 19 33 36 11 16 47 39 53 80 68 36 65 77 96 39 30 39 41 27 40 6 31 92 47 8 9 31
50 70 65 56 49 27 52 43 41 52 9 1 48 73 42 132 102 2 25 0 52 81 25 31 12 0 38 19 36 22 23 90 39 22 14 51 71 37 11 40 85 53 15 38 30 44 26 31 89 73 36 32 123 133 83 50 39 80 46 81 73 33 28 52 44 2 61 245 246 125 83 7 26 15 70 47 27 54 89 47 89 48 43 41 52 18 39 32 35 123 132 64 69 102 99 70 18 0 39 76
22 48 65 40 48 63 99 100 41 40 16 5 59 79 53 114 98 24 0 19 35 36 35 35 37 42 52 0 27 49 10 21 63 86 75 95 72 41 22 83 47 31 26 19 0 17 33 20 63 20 28 25 86 45 49 121 97 60 21 48 45 29 6 33 22 16 0 82 139 99 59 10 75 56 71 63 37 15 22 54 97 38 42 55 25 0 6 41 56 104 99 71 65 78 57 39 30 37 76 83
26 61 91 46 53 76 96 83 26 32 61 85 61 3 34 27 71 29 15 69 49 34 35 32 23 71 46 42 44 38 16 50 73 79 17 31 56 95 55 69 49 10 19 7 13 26 57 24 13 38 49 43 8 32 0 56 110 10 38 30 25 43 57 56 55 26 32 42 5 2 34 18 41 39 7 13 35 39 0 39 48 53 82 74 24 58 49 45 42 68 51 38 26 49 35 30 80 100 106 75
50 80 89 40 45 38 37 58 44 59 96 108 135 31 49 58 74 71 12 36 43 25 48 0 26 93 102 43 0 60 84 47 41 89 67 19 56 81 57 75 64 33 23 12 54 59 35 18 24 40 69 121 66 38 26 66 141 38 5 44 40 72 105 25 34 15 25 32 85 127 65 6 39 126 80 62 77 5 4 87 38 37 41 54 29 45 50 46 70 68 58 75 89 83 77 58 95 84 75 75
60 44 54 43 49 16 14 50 51 52 55 38 83 47 79 47 85 36 0 66 83 35 46 38 51 88 89 50 7 51 64 36 14 70 76 40 60 76 51 59 69 34 59 79 75 12 19 90 51 47 41 76 45 52 40 55 27 27 11 1 8 64 91 20 59 78 116 106 110 125 91 81 67 94 82 84 56 24 63 84 37 23 12 23 11 33 32 20 46 37 17 22 28 38 66 72 72 63 57 59
84 31 43 57 62 24 20 46 23 25 39 33 79 65 84 7 2 16 38 64 34 0 28 57 11 24 32 39 25 66 83 74 7 46 66 46 61 89 77 69 15 0 31 95 146 95 40 36 21 17 0 26 22 71 72 74 58 66 28 3 17 39 62 66 31 41 72 68 76 80 40 36 34 32 30 37 3 4 56 45 51 38 19 21 8 31 31 26 32 34 29 32 19 15 44 52 13 7 5 9
79 21 33 41 48 34 27 15 44 22 33 40 61 45 86 31 52 44 40 38 64 98 68 10 33 28 26 36 15 35 38 29 19 17 22 6 24 77 85 65 38 56 88 63 48 15 7 23 9 16 3 22 6 52 57 63 40 16 0 13 40 15 12 57 52 25 28 45 95 106 37 10 46 71 45 32 41 47 71 84 62 68 55 43 14 30 40 54 33 48 68 81 50 21 30 24 13 10 10 17
