52 42 21 17 0 24 20 15 61 75 58 57 41 5 10 15 36 16 9 2 0 10 26 18 33 14 20 2 72 63 95 55 71 56 72 10 28 4 34 2 25 52 26 16 6 27 41 46 12 7 19 37 34 16 10 19 29 27 12 18 13 27 59 38 38 29 10 31 20 16 8 40 26 4 52 55 26 20 56 25 15 13 25 9 54 34 1 27 66 17 17 25 21 32 35 32 25 0 4 16
35 24 1 33 33 22 31 23 31 47 46 64 58 20 18 23 38 20 13 19 23 27 25 15 21 20 25 35 64 53 68 54 44 20 29 35 30 2 17 36 66 94 60 33 1 4 7 6 15 7 18 35 35 29 29 27 21 20 7 9 7 22 48 25 7 16 10 27 16 9 0 13 30 13 8 32 43 34 12 4 0 9 8 6 47 22 10 20 35 14 14 31 68 82 49 31 17 19 11 2
39 27 5 49 61 10 22 7 6 19 25 53 60 32 24 28 55 49 39 37 41 30 15 12 38 47 34 46 17 1 7 23 12 24 41 39 36 27 31 31 52 86 59 34 3 13 23 27 27 11 17 27 27 39 45 29 29 31 19 16 15 28 40 15 10 29 27 29 20 18 5 11 45 64 57 61 30 24 4 15 22 48 21 23 55 27 21 5 0 17 16 0 16 23 6 27 29 54 37 13
11 11 14 38 66 32 40 29 5 9 7 21 38 34 23 19 49 65 51 28 25 18 7 12 3 22 15 25 3 15 57 97 50 55 58 0 19 11 30 3 34 69 47 30 7 22 36 43 35 13 5 1 1 26 38 15 24 26 20 14 16 22 18 0 19 41 41 34 33 34 19 9 36 47 64 56 14 46 58 19 26 41 13 11 45 45 36 18 43 30 19 15 44 51 15 5 40 55 48 37
32 40 59 23 39 36 17 12 37 38 28 23 45 62 47 32 25 50 36 6 13 27 21 16 18 37 35 13 0 1 51 73 52 30 34 27 67 33 28 23 20 54 40 38 20 25 28 31 73 52 32 17 20 51 64 44 17 20 22 21 29 32 18 9 14 30 33 27 42 41 21 1 3 14 48 31 14 28 45 5 28 32 25 6 22 51 41 51 44 13 20 22 16 25 30 38 36 23 35 51
11 32 60 12 28 58 29 37 43 44 41 30 51 72 52 41 34 46 32 12 28 54 46 22 8 29 44 14 19 0 35 29 28 23 12 56 80 68 29 38 10 44 42 57 39 26 14 16 48 41 18 0 12 37 43 35 17 16 25 31 45 45 30 42 43 35 24 15 41 41 38 29 23 49 71 63 82 37 23 35 39 43 48 21 12 47 44 77 82 23 16 16 6 27 48 58 39 15 33 60
25 47 52 29 34 47 11 24 13 9 19 14 27 36 20 31 49 43 35 27 29 45 49 32 35 47 60 41 42 5 21 7 53 67 23 7 12 38 15 17 30 57 54 72 43 12 0 8 23 37 19 6 29 38 29 33 17 5 12 18 32 27 12 46 67 40 23 13 40 29 36 43 3 6 6 37 80 46 6 14 23 29 19 18 11 42 51 72 38 36 53 43 21 19 27 52 32 29 35 42
15 38 25 46 54 46 16 34 13 3 18 20 25 22 13 48 36 22 25 22 2 8 33 42 46 46 48 43 38 0 10 8 36 66 55 11 36 39 33 21 28 51 49 70 42 13 12 39 8 36 24 17 45 42 20 31 36 15 17 18 27 14 0 47 46 22 20 21 43 8 2 8 7 15 38 72 41 34 26 29 51 48 3 23 24 38 43 29 56 44 23 15 59 81 54 54 7 31 20 3
6 16 1 62 89 65 23 33 19 29 24 4 22 15 32 25 27 21 15 41 15 17 39 48 53 27 6 25 6 5 48 20 19 23 52 0 33 10 40 17 35 56 39 48 42 31 0 21 21 21 11 30 47 28 24 42 70 31 38 45 63 41 24 29 14 20 27 34 39 43 42 40 39 36 63 65 44 33 30 44 78 97 57 9 23 43 28 13 38 26 0 33 103 86 27 20 25 38 24 52
66 55 14 52 73 52 15 19 44 27 14 0 10 25 29 18 15 28 29 42 2 6 41 63 65 34 18 29 11 6 44 52 3 14 23 11 44 35 26 7 16 39 27 28 24 31 6 8 19 25 30 47 57 53 68 91 72 38 31 20 29 37 45 62 46 61 62 55 29 24 21 27 16 32 38 3 4 47 44 15 20 56 40 1 14 45 35 7 29 39 34 18 16 33 46 49 28 57 52 75
57 57 28 46 49 23 1 10 15 5 24 15 0 24 22 27 12 16 7 31 16 25 37 36 35 26 31 20 12 21 33 54 26 29 7 19 23 37 23 33 17 39 36 31 28 49 35 16 24 29 42 40 24 24 45 64 46 33 36 26 18 38 47 62 58 70 58 49 15 19 16 28 63 45 44 31 18 14 13 35 28 47 41 14 9 26 24 5 55 48 54 32 2 30 52 19 32 65 56 67
32 38 22 36 44 29 24 28 0 6 62 67 23 47 28 38 26 18 9 59 71 67 44 23 12 34 55 17 21 48 18 18 92 56 19 34 10 31 30 39 19 33 42 41 36 52 47 25 43 44 66 54 24 29 46 55 17 15 40 44 22 28 26 33 44 46 24 28 17 47 46 52 80 79 82 57 35 22 15 38 36 25 28 34 28 31 53 70 33 42 74 64 15 11 27 8 23 40 17 25
44 29 0 6 36 42 44 25 18 15 66 74 32 50 15 13 13 21 29 88 88 59 34 36 9 26 49 17 43 81 38 38 109 48 30 50 24 28 32 17 7 9 26 34 32 25 24 13 30 24 47 30 2 9 9 9 19 4 37 48 26 17 16 21 31 35 23 30 31 59 59 58 51 52 54 42 42 37 19 32 39 27 30 34 18 7 20 37 28 53 69 56 33 26 32 36 49 48 21 45
53 49 32 22 35 30 35 8 20 17 48 42 9 14 0 7 7 19 21 69 65 35 21 39 38 16 21 9 37 59 30 56 48 20 31 45 25 11 30 40 15 8 21 31 41 16 10 12 38 24 41 24 12 21 5 8 36 4 47 56 51 31 33 21 19 38 49 36 27 26 30 26 20 32 39 29 33 24 5 28 21 43 55 47 42 44 42 36 36 66 57 33 39 43 33 32 31 25 1 37
51 74 85 58 40 18 37 17 26 32 46 33 20 8 16 25 27 35 11 38 47 42 31 39 61 27 17 7 11 8 0 21 22 41 34 41 49 26 18 67 36 26 26 30 58 28 15 20 28 11 22 10 24 43 24 45 50 7 55 48 65 46 54 16 17 39 64 28 19 0 16 13 0 58 72 23 26 50 26 10 25 56 51 23 22 24 9 0 23 46 49 32 17 2 2 19 29 29 5 33
42 61 68 32 16 4 35 17 39 34 28 23 47 24 21 3 21 38 5 12 21 33 28 31 17 8 13 10 10 13 13 29 67 98 42 55 109 80 2 42 42 32 21 16 59 33 14 15 52 28 27 7 25 40 16 48 61 8 45 14 46 41 63 11 26 40 66 20 27 7 40 37 13 31 42 48 80 74 30 30 36 54 35 16 33 39 36 50 71 25 10 32 38 19 10 14 33 41 14 27
39 52 31 19 17 13 17 10 48 37 25 4 19 9 18 0 21 28 36 35 34 39 33 15 30 68 67 10 45 10 23 59 86 48 51 90 85 63 19 62 31 42 20 12 38 31 5 11 48 49 62 50 32 27 24 44 30 0 27 12 24 24 60 28 39 30 32 52 52 21 13 37 29 34 19 36 79 63 20 16 37 43 39 15 29 31 0 12 34 12 5 41 38 29 50 23 21 29 12 54
37 50 39 31 26 29 39 23 51 41 31 8 15 8 28 27 61 67 42 19 24 20 11 22 45 70 71 41 20 10 23 45 39 22 31 41 45 29 45 100 39 23 23 37 40 29 16 6 69 58 54 34 31 40 26 21 21 27 44 37 35 24 35 37 37 42 57 73 60 17 1 23 38 15 11 41 64 48 20 9 27 25 34 28 33 30 16 42 33 17 36 52 43 32 23 13 2 19 17 60
21 26 29 40 40 54 75 54 29 20 24 21 36 37 50 55 88 79 24 0 22 24 22 55 35 41 43 54 1 24 26 21 37 41 40 19 21 0 39 70 58 11 17 38 18 13 25 13 0 20 50 36 23 25 12 8 16 49 52 43 27 13 8 34 3 19 34 40 30 9 13 42 25 6 28 58 42 23 35 50 46 12 15 30 37 35 27 39 19 0 41 61 55 34 7 37 26 27 16 40
56 32 25 45 47 67 101 88 51 26 20 19 33 39 32 32 51 36 11 18 48 45 31 41 18 12 7 36 10 42 25 0 5 31 21 10 18 2 21 8 57 22 25 36 16 13 29 25 0 34 83 73 41 23 10 19 13 39 44 20 12 16 27 33 0 30 49 46 41 31 25 29 49 47 60 62 29 3 19 50 42 4 11 36 31 27 28 23 26 5 34 76 83 51 45 103 85 60 28 25
81 36 15 35 34 43 73 63 67 36 19 3 3 22 16 31 40 13 16 32 24 21 29 25 17 18 4 9 27 39 19 2 0 37 20 24 21 25 18 0 8 19 20 21 26 17 6 10 29 28 47 47 38 30 19 33 16 16 37 1 13 40 76 34 23 39 26 0 0 19 25 24 46 59 46 33 36 18 6 26 6 4 41 68 39 25 38 29 15 11 3 36 47 27 51 85 73 52 38 26
37 19 15 41 46 42 47 23 42 38 44 22 1 22 15 42 38 17 38 45 3 0 25 24 10 25 15 0 32 28 23 29 16 61 48 39 14 29 22 18 15 42 28 23 55 47 20 33 43 20 24 34 44 46 40 56 28 13 40 3 23 52 90 26 2 30 46 51 57 46 16 0 19 45 28 13 33 24 8 29 17 22 58 97 78 53 52 26 34 51 26 22 20 26 56 40 21 26 52 42
35 55 52 54 59 65 64 33 34 52 76 51 11 24 0 15 5 11 47 63 37 19 16 4 2 21 21 9 38 36 34 39 3 38 51 24 6 21 31 53 29 32 4 7 48 41 10 20 19 11 22 22 21 19 9 21 31 29 39 14 30 52 76 46 31 27 30 43 41 14 4 22 75 72 48 27 21 10 10 31 53 30 34 86 94 64 48 15 18 29 31 16 2 19 29 0 15 20 56 39
87 114 77 26 19 46 65 44 21 39 63 39 7 34 2 14 19 18 15 20 30 29 21 18 11 20 27 35 50 56 41 24 15 34 68 24 20 21 31 58 69 48 26 48 86 69 28 21 15 13 25 22 27 40 33 36 21 38 31 23 37 59 74 94 51 21 12 36 39 19 50 121 149 91 50 38 27 29 44 50 52 16 2 57 69 35 32 23 4 0 31 35 19 31 18 6 18 0 19 0
47 52 9 4 20 14 17 9 0 35 22 36 6 12 33 9 24 14 10 34 11 11 12 29 29 32 30 30 71 93 55 14 22 30 71 40 26 7 12 42 74 80 58 68 59 35 11 39 60 66 22 15 21 49 43 41 6 25 44 10 20 64 65 66 31 0 39 34 36 59 118 156 117 29 58 59 30 24 55 52 46 15 1 20 71 37 28 55 22 0 21 40 11 25 13 31 48 27 19 5
17 45 39 43 50 41 28 0 11 19 9 23 14 0 41 42 30 31 38 32 22 18 26 24 18 42 40 31 44 74 49 18 40 19 18 28 56 45 49 95 105 79 58 53 23 22 11 27 67 19 0 26 26 27 30 28 16 41 92 85 18 21 53 74 35 0 19 14 32 61 89 90 28 30 55 26 18 43 41 16 38 47 31 8 36 47 33 12 25 41 32 14 55 76 43 22 8 6 14 2
12 40 51 53 54 63 64 29 26 17 15 22 31 10 64 72 32 47 64 36 46 45 58 40 0 33 31 32 22 57 33 4 21 27 18 53 67 36 14 31 16 0 27 42 16 40 34 36 0 23 53 61 60 26 26 59 30 23 29 37 0 54 108 73 59 27 32 17 22 35 30 2 27 44 30 7 12 24 7 26 52 55 39 24 11 22 26 31 8 63 51 25 72 25 15 59 18 27 44 35
15 19 25 23 18 39 57 36 10 10 7 8 22 34 86 90 17 37 44 22 35 42 44 27 5 26 5 23 4 36 16 0 50 56 13 15 9 50 89 86 52 36 49 38 7 31 14 23 20 10 70 62 14 0 42 54 20 38 33 52 3 78 129 83 3 0 17 18 11 12 12 0 13 22 7 29 39 32 4 39 72 48 28 39 9 5 4 25 38 48 2 39 132 72 9 8 8 4 16 13
25 11 19 22 13 18 20 8 8 13 8 29 33 67 98 107 51 65 49 43 42 52 34 31 37 32 0 28 0 20 20 14 17 25 18 36 24 99 147 93 46 44 31 24 30 54 24 36 42 6 5 12 54 22 6 51 7 34 22 50 0 5 23 28 8 17 30 42 19 0 1 9 25 39 20 26 24 44 28 15 51 49 32 37 29 56 40 15 35 88 58 60 78 80 64 51 41 18 19 23
28 13 24 27 22 18 5 5 16 17 27 74 66 73 64 70 64 79 51 51 44 53 34 50 27 24 12 62 38 34 46 41 15 14 33 35 0 45 100 68 19 32 6 23 52 60 23 20 23 0 31 39 40 36 24 31 13 36 17 35 26 29 10 13 18 22 18 47 40 27 30 41 71 69 44 37 29 47 47 13 23 35 21 4 1 25 21 7 52 90 72 48 20 64 78 59 27 5 3 1
18 16 26 13 15 19 5 19 15 11 29 52 48 42 25 16 18 41 25 6 11 16 18 43 18 16 20 77 70 54 66 35 6 27 70 43 5 15 52 62 10 35 19 54 56 54 62 58 4 66 76 17 4 12 0 47 8 29 40 40 44 54 28 22 50 47 9 27 24 20 11 6 33 38 44 77 98 70 60 38 69 62 44 27 36 20 16 29 17 29 56 48 21 30 29 19 39 46 58 39
29 45 56 29 31 40 21 37 35 25 30 0 12 33 49 31 19 50 48 5 21 18 41 66 48 27 12 54 64 54 67 13 11 48 87 36 33 35 37 53 0 48 75 126 71 29 51 32 6 49 68 47 35 43 5 62 118 44 19 14 26 29 11 22 47 51 4 19 25 42 40 28 8 32 37 61 105 67 60 51 27 15 4 13 82 74 44 25 7 0 32 2 3 15 28 33 4 44 74 44
36 36 59 63 57 66 19 39 36 40 20 10 34 54 66 85 41 22 58 61 38 28 64 60 60 27 21 34 47 74 68 19 22 32 28 15 24 51 60 49 0 33 91 109 83 39 9 10 22 75 111 18 68 93 18 96 71 1 66 11 26 15 8 16 27 24 15 4 41 36 32 29 16 20 37 39 78 43 21 55 66 50 35 27 68 71 55 27 37 40 16 1 19 10 53 58 25 43 82 69
18 21 53 76 80 85 36 55 39 46 35 27 38 42 50 71 52 42 75 72 50 35 53 32 13 7 24 36 34 56 70 47 14 17 15 7 8 19 27 29 34 10 48 54 28 35 35 29 13 71 120 38 145 92 175 202 43 116 123 56 0 48 14 0 12 31 58 35 44 28 23 47 31 15 38 82 118 64 12 34 47 32 16 2 38 45 45 32 82 55 40 22 20 18 30 43 50 67 77 38
0 0 21 49 59 66 20 34 48 46 34 26 29 35 59 95 53 35 49 45 50 52 61 32 11 17 37 35 13 17 30 20 26 25 25 24 18 15 22 33 15 28 12 0 43 53 30 72 167 253 255 67 243 239 148 171 148 54 136 67 33 12 8 21 51 71 84 36 44 45 30 29 36 15 33 79 86 44 0 20 40 30 21 8 40 46 59 60 81 64 66 36 32 81 51 13 36 38 46 50
11 10 12 24 35 56 25 31 21 13 7 9 11 18 45 80 38 15 20 30 66 70 66 36 9 8 17 16 5 9 13 2 14 16 18 16 11 9 14 21 25 6 0 12 31 103 212 250 255 255 251 200 95 255 84 144 102 202 146 56 14 37 43 13 25 74 66 10 27 55 81 67 24 13 16 37 27 29 3 18 30 24 22 12 34 26 31 32 40 54 75 70 54 106 75 15 22 38 44 63
12 18 2 0 10 45 27 21 4 0 12 33 35 27 26 31 23 24 48 69 99 68 37 13 11 5 4 4 4 9 9 1 0 6 6 0 0 5 7 1 2 5 5 48 26 74 238 255 254 232 236 234 67 204 209 133 63 215 254 236 176 233 131 0 10 80 64 21 10 0 58 60 15 12 14 27 21 40 23 36 12 6 10 10 36 25 28 31 6 16 32 74 38 30 35 22 53 110 90 57
35 47 28 26 35 65 46 31 24 16 30 52 55 47 35 18 21 53 82 83 91 41 9 5 19 19 15 8 1 0 0 1 4 14 13 3 2 11 12 3 0 28 1 32 23 32 170 226 188 36 133 60 144 201 168 253 152 25 227 242 239 242 149 14 3 26 9 27 58 25 49 43 15 28 41 37 22 20 23 68 45 32 30 28 52 38 45 54 32 24 12 51 38 21 43 36 45 105 69 44
22 32 19 38 48 59 37 28 48 25 21 26 26 35 35 16 26 67 74 40 50 24 10 14 1 10 11 7 5 1 4 16 5 9 11 8 3 3 7 11 15 0 13 52 11 0 49 51 48 92 93 134 166 175 131 146 147 139 191 244 255 250 166 39 45 21 14 27 78 54 13 0 13 41 54 26 31 30 35 73 74 55 44 29 39 16 22 37 20 9 8 17 33 29 35 28 50 81 25 29
10 16 10 52 68 69 52 55 72 42 25 16 10 24 30 9 29 69 54 1 29 31 19 9 3 9 6 5 8 2 0 4 8 7 13 19 11 0 9 29 34 20 0 1 43 27 7 68 51 130 59 57 65 43 13 34 118 91 61 220 249 239 116 23 16 20 64 26 42 46 5 20 6 37 40 7 73 99 71 47 30 17 17 13 30 14 32 57 31 18 64 71 77 38 34 82 144 163 65 35
46 48 27 11 38 69 69 55 30 20 4 33 16 16 17 20 41 55 28 12 46 56 23 3 10 4 2 5 7 4 0 0 0 9 17 12 6 8 14 16 22 7 20 57 20 11 32 77 150 255 200 45 56 31 55 109 141 36 146 247 244 131 79 88 62 68 34 27 50 26 41 9 7 20 24 19 78 112 55 27 23 6 6 7 0 12 3 34 27 24 59 59 44 36 36 80 185 147 67 10
70 64 39 13 46 71 67 41 3 32 48 28 0 13 23 21 27 47 32 17 41 46 19 4 9 3 0 3 5 3 1 1 5 16 23 18 10 9 11 12 5 10 18 29 20 24 21 17 97 154 189 110 72 29 114 139 136 141 188 249 253 115 143 22 4 19 8 52 65 33 31 23 12 40 41 23 41 50 25 24 7 9 25 33 23 47 17 4 24 15 12 28 30 19 29 44 80 66 23 0
53 61 54 20 43 44 33 0 1 21 53 9 0 20 22 12 22 44 33 16 25 26 11 7 7 1 0 2 5 4 2 2 2 13 20 17 10 6 6 5 1 8 6 0 22 40 50 47 57 25 0 11 50 143 155 52 51 68 231 247 229 255 83 22 16 42 8 21 7 17 40 55 53 62 32 20 36 37 37 38 0 7 27 37 36 80 54 12 37 41 31 67 76 48 53 39 22 26 16 9
38 64 76 34 39 27 31 14 26 0 33 3 9 18 12 21 32 43 29 6 5 7 4 8 4 0 0 7 10 7 3 1 0 5 14 15 11 7 7 8 0 4 14 13 38 15 23 46 19 29 36 92 212 255 255 248 96 248 249 169 236 188 52 13 20 45 31 41 29 25 41 59 80 65 13 18 44 44 57 53 37 34 25 16 0 42 37 2 35 46 54 83 81 51 45 37 9 9 4 0
36 58 61 20 18 20 47 60 51 2 28 9 12 5 3 33 34 34 20 3 0 1 2 4 1 0 4 13 17 11 4 0 2 8 16 20 18 15 16 19 20 11 14 14 37 13 35 77 23 41 81 41 255 220 244 255 180 144 74 52 101 21 38 122 68 28 20 56 70 5 0 17 48 44 17 30 35 20 39 44 13 10 0 9 0 29 44 41 45 29 37 32 25 21 12 30 50 39 30 26
77 85 67 38 18 16 25 45 81 22 14 3 8 9 0 10 26 20 13 8 6 6 3 0 2 1 6 15 19 13 4 0 10 12 16 19 17 14 16 21 25 11 0 0 19 43 84 116 105 97 109 29 237 245 255 243 255 240 212 144 75 23 84 124 171 84 34 35 67 24 18 35 13 14 20 44 45 25 23 23 24 30 21 54 48 40 36 46 63 26 23 5 7 20 5 25 43 29 30 35
0 11 8 25 6 19 26 65 106 44 4 13 13 13 0 0 24 13 11 11 7 6 5 0 5 2 5 13 16 11 4 1 11 8 8 10 9 6 10 18 3 5 6 13 13 36 46 44 56 14 15 39 183 247 253 243 253 254 252 119 255 120 50 75 99 56 20 13 35 32 23 30 16 0 19 47 61 54 25 10 12 27 14 69 93 76 60 77 47 23 10 9 18 24 20 24 31 21 36 53
70 90 70 73 11 4 1 56 113 62 20 47 20 0 2 28 31 16 11 9 1 1 6 4 7 3 3 9 12 8 4 2 10 5 3 5 5 4 10 20 14 14 20 37 6 16 19 22 37 67 94 38 91 162 226 255 231 247 254 120 206 56 12 56 48 39 36 61 44 24 0 33 29 4 28 44 54 55 18 5 26 35 0 47 84 66 44 62 28 26 2 16 23 20 45 44 29 23 46 66
33 60 82 49 19 25 39 62 78 54 38 39 34 16 9 14 14 14 8 0 0 5 7 3 0 0 5 12 13 8 5 6 9 7 7 9 11 9 3 0 2 13 21 24 46 41 21 47 41 68 65 54 173 244 157 132 245 251 255 48 33 30 34 65 59 19 48 83 61 21 12 41 33 48 21 12 46 40 5 0 36 37 37 30 70 38 16 12 15 4 41 22 29 9 52 51 14 31 30 19
19 17 24 14 26 61 71 76 38 31 27 31 34 28 16 6 2 6 6 4 5 8 6 0 0 0 3 8 9 5 3 4 11 10 10 13 16 17 14 11 0 8 30 26 18 11 0 11 15 117 93 73 122 86 174 237 255 255 236 253 209 34 0 64 45 28 37 34 24 20 6 5 29 99 88 8 0 18 8 6 31 62 79 62 51 22 24 45 48 13 13 10 39 32 37 12 1 14 12 5
26 48 81 62 36 49 68 88 25 27 25 22 26 27 13 0 2 5 5 5 6 8 5 0 4 2 3 6 7 3 2 4 10 7 6 8 13 16 15 13 10 3 10 0 0 23 45 74 28 35 33 91 102 21 116 250 239 234 254 241 199 55 16 38 30 38 39 14 16 30 15 11 65 104 104 38 17 20 0 18 32 73 88 72 22 11 15 36 33 22 17 17 19 15 16 17 8 15 12 10
73 58 60 34 11 24 28 26 38 36 27 16 12 13 8 0 13 10 5 2 2 4 5 4 10 6 5 7 6 3 4 7 11 7 3 4 8 11 12 11 10 5 6 11 33 33 20 48 17 99 141 74 99 65 149 255 255 255 226 255 139 56 32 8 23 35 43 33 40 42 31 53 52 42 44 26 32 27 1 39 20 47 46 54 14 35 19 12 34 29 12 24 25 33 16 11 10 13 8 7
51 19 23 22 24 45 31 0 37 29 20 13 6 1 7 17 11 7 3 2 2 3 3 4 12 7 5 6 5 3 4 8 15 10 5 6 10 15 17 17 15 22 14 23 58 25 0 35 144 230 193 20 114 95 200 255 250 216 255 213 140 26 16 42 54 52 48 35 38 30 11 32 49 56 52 14 11 28 23 44 10 34 29 51 24 59 33 15 27 36 32 54 45 62 34 13 28 34 30 26
12 8 46 50 28 41 49 40 25 19 16 15 8 0 4 15 0 0 0 6 9 5 1 0 9 5 2 3 3 1 2 6 11 7 3 5 11 17 20 21 20 26 10 7 37 19 15 100 129 172 255 213 97 35 83 238 227 255 145 187 151 59 46 22 23 21 18 5 26 55 49 48 61 81 75 54 48 52 50 44 28 62 57 63 24 41 17 16 3 22 43 68 56 87 68 27 7 21 18 8
40 27 55 41 0 9 32 34 17 18 17 15 16 17 15 11 1 0 1 9 12 7 2 2 8 4 2 3 3 1 3 7 8 4 0 2 8 14 16 17 5 9 18 16 18 14 21 71 54 90 252 247 32 47 34 182 240 253 250 255 144 15 12 61 59 54 52 22 12 34 26 10 27 42 39 76 86 56 54 35 37 68 53 48 24 31 11 24 25 8 16 38 55 117 105 21 18 41 38 18
45 65 130 120 45 17 17 12 10 18 16 11 23 42 40 22 15 8 5 9 10 6 6 9 9 5 4 6 6 4 5 9 12 8 3 4 8 12 13 12 11 0 28 29 13 27 37 37 52 149 251 254 233 203 148 172 255 231 248 255 49 21 19 34 58 56 76 53 19 21 23 21 30 58 44 75 66 20 27 0 15 32 8 15 36 58 42 57 41 27 41 32 21 88 115 44 33 61 57 29
6 66 127 106 57 29 10 13 60 22 48 19 0 23 60 42 8 11 0 0 17 12 4 18 12 6 1 2 8 10 7 2 4 16 9 0 6 0 0 13 21 10 26 23 5 52 43 78 114 136 255 246 231 253 142 254 255 234 93 192 54 43 20 36 20 12 50 50 15 8 4 0 29 75 85 44 33 0 57 20 0 20 22 5 24 28 19 57 58 27 16 55 21 14 33 43 41 42 36 22
12 9 40 51 64 46 11 0 22 26 30 29 13 45 68 26 18 24 9 0 7 9 3 9 9 5 2 3 7 9 7 4 4 10 10 12 19 18 14 17 30 20 8 22 29 28 28 134 212 159 79 103 206 65 235 255 246 249 220 160 48 49 6 23 23 23 40 33 8 8 15 11 24 55 82 45 12 9 45 55 38 10 21 17 0 2 26 54 67 20 0 33 17 5 25 30 27 32 32 28
47 18 31 30 57 43 25 15 9 44 23 36 32 81 99 57 14 25 16 1 5 10 6 4 6 5 3 2 1 0 0 0 6 3 12 23 26 29 27 16 30 52 15 29 71 16 0 121 111 89 40 85 253 106 244 247 254 255 239 10 70 42 26 20 3 15 14 18 28 38 37 15 16 41 95 71 23 35 26 58 72 21 15 17 19 43 50 44 15 17 59 100 75 26 47 63 37 36 31 29
60 11 5 0 51 59 51 34 28 56 38 23 19 49 49 30 11 15 14 13 14 11 8 8 9 10 9 6 0 0 0 0 10 1 12 22 17 22 26 11 41 10 27 44 19 12 57 56 68 6 166 70 255 240 244 255 240 168 183 156 94 60 53 32 9 25 18 41 81 92 68 21 13 25 62 42 8 25 14 31 10 42 53 29 38 56 49 63 41 29 53 79 75 27 44 47 67 54 36 25
25 14 42 42 41 19 30 63 30 33 59 20 24 28 7 23 38 20 16 24 17 3 2 12 11 13 14 10 5 3 5 8 12 1 10 15 5 12 22 13 5 23 45 26 28 15 35 9 54 59 116 240 244 180 255 220 247 130 155 161 80 76 71 62 23 31 27 44 76 80 51 15 23 35 42 36 34 28 32 0 14 48 66 38 26 27 9 11 33 22 26 31 38 10 29 24 58 41 21 11
49 19 38 78 80 45 14 35 46 21 65 24 37 43 30 73 76 35 20 27 12 0 0 9 3 5 7 6 4 3 6 10 9 5 8 9 5 11 19 18 8 11 59 34 39 21 44 20 48 85 77 139 255 239 241 255 235 255 46 102 9 32 60 81 28 13 22 21 23 28 20 31 82 83 50 57 60 36 57 10 19 0 27 51 31 42 46 23 0 23 34 38 47 40 43 19 45 34 24 25
5 14 38 71 47 44 24 57 72 35 42 16 14 29 22 54 75 33 17 22 8 0 1 4 1 2 2 2 1 1 3 5 7 10 6 7 17 17 13 14 9 19 30 0 80 59 51 93 65 47 60 251 168 127 77 236 255 177 195 116 28 22 3 89 56 6 34 30 14 25 26 71 110 93 30 51 29 8 43 37 39 29 92 102 32 8 21 21 56 60 17 14 55 100 77 13 56 46 39 42
15 41 33 30 2 55 39 46 56 30 13 19 7 28 15 19 46 15 10 18 10 9 11 0 12 10 8 6 5 4 3 3 7 14 5 8 27 23 5 5 15 0 46 26 116 87 37 17 38 151 65 240 238 255 99 255 254 248 243 54 40 57 58 64 80 2 42 45 29 41 28 77 48 51 26 95 48 12 7 21 10 52 110 105 65 34 14 22 57 79 31 22 62 137 124 63 40 26 13 8
19 68 37 49 10 55 66 16 0 30 13 34 40 86 42 10 8 15 19 18 16 16 12 7 16 3 10 17 8 12 17 6 18 20 17 36 13 50 21 16 14 14 94 91 255 251 168 106 106 159 100 99 242 255 252 249 255 247 181 4 31 34 75 43 76 10 45 46 68 81 5 20 43 82 50 20 27 42 46 43 22 54 55 50 70 57 62 24 22 35 2 20 20 73 117 73 55 35 21 24
65 65 20 36 4 17 43 32 16 26 19 59 66 101 64 38 17 20 19 12 7 10 13 14 13 4 3 6 6 13 20 17 17 14 5 19 0 36 20 30 19 41 101 221 247 255 244 27 59 91 33 33 134 234 250 244 226 255 227 12 54 58 56 28 36 13 33 51 69 65 21 13 39 56 40 45 77 99 91 52 50 15 9 17 24 6 33 36 41 31 21 35 40 18 65 88 41 21 8 11
43 42 31 50 28 3 26 28 32 23 25 69 55 67 42 27 26 27 22 12 5 7 11 12 20 16 4 0 8 15 18 25 8 6 3 19 1 23 2 17 15 69 44 229 255 237 174 55 48 0 112 85 187 255 241 187 223 246 241 8 33 56 61 54 6 32 26 33 24 10 32 25 25 29 39 54 54 56 77 61 41 10 24 12 7 13 45 57 14 38 41 37 24 13 16 33 59 34 13 10
16 37 46 35 25 8 43 44 22 8 19 54 27 36 33 25 21 21 18 14 15 18 17 13 23 26 6 0 9 13 10 20 6 3 2 18 11 21 0 13 40 0 110 255 248 245 66 40 35 54 48 62 156 255 254 247 253 194 234 60 52 62 55 25 52 54 7 14 36 47 63 20 32 0 5 23 20 8 35 17 9 16 46 10 8 21 42 71 53 34 19 78 36 41 0 31 90 61 30 18
8 29 40 13 19 4 20 5 41 23 25 42 26 45 49 30 17 13 7 9 19 29 28 20 12 19 5 0 15 19 11 16 16 9 1 8 16 27 10 33 47 40 67 126 84 59 51 0 25 30 41 38 62 239 239 254 236 156 193 74 67 62 39 8 42 49 34 34 50 63 56 21 30 26 38 25 14 1 29 2 41 27 23 0 42 46 39 80 73 31 5 55 12 53 31 38 66 42 15 4
68 64 61 42 58 31 16 0 50 30 21 30 38 65 64 36 32 22 8 2 9 19 19 13 5 13 13 15 31 39 32 24 19 23 23 21 33 35 11 29 17 59 89 18 46 27 0 26 49 50 20 67 78 165 249 239 210 213 211 94 67 30 4 17 10 45 74 54 23 15 21 37 65 101 99 37 27 13 37 12 0 42 63 25 33 26 51 107 24 26 22 4 0 31 51 18 47 34 20 15
70 56 34 6 17 10 8 22 23 19 18 24 40 53 53 42 32 25 13 2 1 6 7 4 11 15 26 34 42 53 47 25 8 33 47 38 50 41 13 27 15 26 54 31 61 51 35 30 6 47 1 84 135 228 139 180 38 107 107 64 44 13 13 31 36 44 47 42 29 20 27 37 109 105 59 18 79 52 31 0 48 60 65 60 89 101 110 76 16 38 28 26 33 3 29 47 71 63 52 45
17 42 44 18 17 24 27 50 40 51 54 40 26 1 0 4 6 10 10 6 3 6 9 9 19 18 32 41 40 49 43 11 0 32 49 32 46 46 33 56 35 24 22 32 72 99 57 4 27 5 26 73 108 218 166 3 48 58 18 33 20 16 45 22 11 20 14 34 31 14 35 42 62 45 12 26 122 54 14 21 42 23 47 73 46 15 65 52 6 91 37 19 25 18 28 57 71 60 42 26
2 54 56 27 44 4 41 22 32 17 49 66 23 1 10 0 11 15 6 3 12 13 8 8 17 37 51 33 16 13 15 29 38 44 41 15 55 25 4 63 55 32 11 19 49 97 50 34 20 19 4 0 104 124 108 44 28 98 55 14 2 34 36 19 10 9 41 12 16 7 46 35 31 17 30 100 118 58 34 49 11 4 32 38 42 2 14 33 2 13 12 33 32 50 39 39 9 21 31 21
38 63 44 29 36 10 20 15 29 39 68 67 27 12 14 1 0 3 13 9 9 7 0 10 34 68 77 39 33 28 6 34 53 61 31 0 25 41 8 28 37 20 36 26 43 37 46 52 0 21 3 42 0 17 66 187 183 136 28 14 27 29 15 19 29 32 42 28 30 26 23 0 15 13 15 75 131 115 58 0 14 27 24 24 6 19 27 42 62 73 57 43 39 48 47 56 40 12 14 40
3 13 4 22 44 39 19 20 43 76 92 64 28 18 18 10 10 3 21 11 5 14 19 52 73 94 68 29 62 72 31 44 22 37 25 43 76 114 66 52 47 18 26 36 37 7 34 35 26 31 17 12 11 54 90 124 141 121 50 23 10 7 17 46 47 40 22 19 17 14 7 16 34 50 26 11 19 28 29 10 27 52 29 37 0 19 4 19 18 46 41 11 19 24 51 92 63 24 21 55
14 14 17 25 60 59 28 23 44 82 81 43 19 13 17 29 15 0 12 3 0 13 17 51 102 108 44 15 48 64 53 29 15 15 32 88 115 109 61 42 46 23 4 50 23 19 39 37 69 8 23 10 51 24 58 71 50 57 31 13 15 23 24 28 77 33 9 50 105 79 23 1 7 24 16 20 25 17 16 10 29 47 31 56 8 27 15 46 45 57 43 12 32 5 13 51 36 28 34 41
46 40 42 11 54 48 39 30 18 47 43 20 13 5 11 38 17 0 16 20 14 20 12 16 54 70 13 13 17 32 87 42 38 22 39 69 83 47 37 33 18 25 22 53 13 25 75 91 19 35 65 50 10 16 23 50 82 43 27 39 52 32 22 39 26 21 43 60 110 76 64 63 30 31 9 9 13 12 39 63 31 40 31 36 2 9 18 49 37 26 15 26 79 46 30 54 24 31 41 39
37 45 49 14 55 37 47 33 8 23 21 16 18 7 4 25 19 7 16 29 24 29 34 15 23 35 0 23 25 40 106 48 8 11 17 11 27 10 34 30 19 30 56 44 33 29 91 109 50 38 46 62 33 34 0 36 68 31 39 43 39 10 17 55 57 34 21 0 35 47 78 68 23 67 77 63 30 3 23 47 44 61 64 45 25 26 33 36 25 20 19 36 57 18 3 34 31 13 12 24
41 63 54 47 67 33 43 35 14 17 14 16 24 21 13 17 4 11 9 24 10 12 45 14 44 40 12 22 32 42 58 17 30 55 40 31 46 52 68 55 34 39 72 58 60 45 56 66 64 68 68 3 21 54 36 31 38 13 27 4 8 9 19 31 88 70 58 13 4 1 31 31 32 61 70 82 78 52 45 41 2 14 23 28 26 28 25 22 23 32 31 36 21 7 15 56 74 39 27 39
26 49 20 43 51 25 46 57 10 7 3 6 22 36 34 26 2 32 32 50 21 8 46 1 14 19 18 3 16 28 16 26 17 42 5 19 35 58 60 53 22 43 78 94 68 55 9 30 72 59 76 72 89 75 33 74 83 63 80 34 13 7 35 67 90 38 18 34 31 26 24 19 14 20 27 66 84 56 44 45 43 24 12 43 41 38 30 49 52 45 20 20 9 34 46 67 51 27 14 12
58 61 28 49 5 9 48 9 33 33 15 3 22 43 42 33 21 7 27 19 19 55 59 55 17 36 38 52 35 27 17 38 0 33 0 12 0 2 19 15 7 55 63 67 54 26 20 3 20 29 88 57 45 55 16 55 86 9 9 0 4 32 56 27 47 64 80 40 28 28 49 34 25 41 27 61 53 5 21 35 68 69 41 1 0 38 32 62 26 10 20 5 9 38 50 82 49 60 60 0
29 27 11 35 22 25 44 11 34 9 0 9 29 37 34 29 34 5 6 5 27 70 84 98 46 43 35 55 43 35 29 57 42 50 5 28 27 18 16 4 27 50 30 15 7 0 8 1 24 23 62 25 42 33 3 23 40 16 48 25 4 27 71 64 53 56 49 31 48 64 60 35 19 47 23 36 28 12 22 15 12 22 23 28 40 71 53 75 46 35 28 32 30 43 76 92 50 33 25 38
8 10 21 21 21 18 37 47 50 17 23 46 34 17 31 49 57 41 24 10 33 65 65 70 27 10 3 37 31 18 3 22 47 36 0 25 35 20 16 11 29 36 37 60 61 25 14 21 38 39 56 23 62 39 31 45 42 16 50 44 28 16 14 0 13 18 4 26 72 92 47 9 32 71 37 35 24 34 24 0 30 40 35 40 52 82 59 59 17 11 1 30 28 28 76 76 43 53 16 44
28 20 33 5 18 15 33 76 63 30 45 67 35 11 33 55 58 73 50 12 15 30 23 21 48 26 15 47 42 38 20 22 24 20 0 13 19 2 9 19 17 25 32 48 49 28 28 47 5 23 17 5 35 17 29 57 60 4 29 68 96 67 35 13 11 21 0 29 69 81 22 0 44 65 26 31 31 55 47 28 50 55 31 19 23 58 39 18 41 23 18 36 19 6 28 21 40 114 59 8
50 23 22 0 31 36 29 60 52 22 33 53 35 24 27 18 48 71 56 29 19 16 30 54 60 32 8 18 7 25 19 11 20 24 17 19 22 4 7 13 0 22 27 4 0 10 27 48 29 44 13 28 31 30 36 66 45 6 23 41 62 35 21 32 74 73 30 28 33 38 14 34 98 78 32 39 43 54 57 72 58 51 31 47 52 75 62 44 26 0 15 21 16 22 22 32 73 143 123 21
26 16 22 9 34 37 18 35 30 29 46 52 32 21 15 0 25 36 39 51 36 7 30 67 59 37 20 25 7 29 27 12 14 14 20 25 47 32 28 28 7 10 27 29 21 10 19 65 52 43 4 33 18 26 10 25 12 25 51 34 50 47 50 66 82 73 39 20 5 0 15 61 95 62 39 45 56 37 39 64 60 28 5 47 45 40 38 38 35 14 21 5 6 14 0 9 75 80 108 49
10 22 25 21 16 22 9 19 15 39 58 49 27 18 21 24 1 6 11 35 26 5 23 28 30 12 14 35 14 29 31 21 22 5 14 22 51 33 36 52 39 13 20 28 27 11 13 70 52 25 16 44 24 27 10 13 44 66 75 34 48 42 24 21 39 25 23 17 11 0 29 68 23 7 18 15 44 23 35 54 72 44 14 47 33 27 33 26 16 30 25 20 40 41 20 26 22 13 29 31
35 36 12 12 3 22 10 3 9 25 29 23 26 32 40 52 18 24 14 19 22 45 72 38 21 0 1 33 13 30 48 56 56 23 24 20 33 1 14 55 31 40 46 14 15 34 12 9 27 0 32 53 34 28 26 31 47 54 51 18 46 42 28 39 29 4 17 23 32 18 54 82 38 28 39 0 29 18 46 59 26 32 15 35 21 39 46 10 19 64 42 46 70 44 20 4 0 33 0 20
53 39 0 31 9 26 18 14 9 6 12 14 21 51 56 25 18 21 8 24 31 39 68 53 41 46 43 9 2 20 31 59 62 14 16 15 34 36 45 31 24 19 21 53 63 38 27 21 23 0 42 68 44 8 25 21 6 24 15 14 38 38 31 50 36 26 29 30 13 14 49 81 78 39 37 16 26 10 11 19 13 23 22 4 10 24 67 29 32 62 62 37 60 36 33 29 10 67 33 42
43 43 12 31 0 14 18 22 3 18 35 40 42 52 49 29 14 14 8 14 20 32 43 24 33 41 34 10 7 20 24 29 35 16 18 23 44 53 46 25 6 28 7 44 90 57 34 45 24 1 31 43 28 0 20 29 28 34 25 21 27 20 21 44 30 11 9 21 25 23 25 26 33 33 34 27 0 21 12 15 79 64 40 48 39 41 55 34 19 35 33 11 29 14 12 5 16 58 22 34
8 24 8 23 0 14 18 12 5 33 54 60 59 52 49 54 31 22 23 14 21 48 44 25 22 37 27 17 20 30 30 7 18 25 13 17 32 49 33 17 12 36 7 35 63 32 32 31 17 4 15 15 21 9 42 70 62 40 21 24 35 34 27 25 16 13 19 32 35 26 14 7 36 53 69 46 0 40 63 69 80 50 18 59 56 64 62 61 28 39 49 30 29 22 30 31 31 51 11 26
0 22 16 33 20 42 38 12 23 47 53 49 46 34 37 64 50 32 34 8 14 54 44 29 14 33 29 27 31 43 48 15 24 41 10 13 13 25 14 18 6 13 3 21 0 2 55 21 10 11 12 1 22 20 54 90 66 49 39 41 49 58 48 23 45 35 16 5 12 24 37 49 45 41 83 44 13 34 90 95 66 38 12 34 42 52 46 44 16 10 24 21 20 25 25 21 30 44 27 61
26 48 37 34 16 34 40 14 39 49 40 26 21 8 13 43 40 24 27 0 1 37 26 12 10 26 37 34 28 43 54 30 23 42 13 28 20 11 7 23 7 19 12 19 11 45 101 59 7 24 28 8 25 12 26 48 34 56 72 60 45 51 48 26 40 34 9 0 22 39 36 34 40 10 47 39 29 35 66 58 45 37 29 6 25 34 34 20 51 26 33 44 56 72 47 34 17 31 37 84
65 84 67 35 0 8 36 30 34 36 28 19 14 8 12 27 16 15 24 14 15 38 36 21 12 17 49 37 14 30 37 34 6 25 14 42 37 12 17 19 28 54 25 12 50 72 64 48 6 35 48 24 31 10 5 7 15 44 55 41 34 36 22 0 12 34 26 14 29 33 17 11 43 13 11 28 10 42 32 21 11 21 33 0 17 24 25 18 64 51 62 66 62 72 40 53 70 59 46 66
69 90 83 54 21 25 58 55 24 22 25 21 13 15 20 16 5 18 25 33 32 41 55 43 17 7 63 44 7 22 15 30 12 21 14 33 37 17 41 19 29 40 22 7 46 48 6 18 18 44 58 29 30 17 20 12 22 28 15 12 34 33 7 0 28 55 35 0 3 14 18 33 28 43 42 17 0 25 17 6 9 18 34 19 23 17 0 17 69 63 67 60 49 56 19 57 119 87 55 52
21 45 56 52 42 43 64 48 26 21 26 20 2 6 11 0 8 23 20 31 23 19 46 36 22 2 74 52 10 24 4 29 42 37 18 16 27 22 66 27 25 5 34 42 52 59 41 68 38 54 59 22 18 19 37 31 28 28 9 12 39 30 13 27 27 52 31 6 26 34 13 5 10 82 128 42 5 18 33 14 7 11 27 52 46 34 1 48 72 42 16 13 31 49 0 17 72 46 31 43
29 29 12 18 28 28 30 11 0 46 38 24 22 3 0 5 25 10 17 12 2 6 31 81 39 22 21 3 33 37 23 16 26 28 41 17 38 48 55 16 27 17 35 19 74 76 64 40 20 28 25 6 36 13 38 24 10 13 30 45 33 7 6 23 8 5 23 25 36 59 48 30 15 64 106 66 16 20 25 25 11 21 9 72 47 48 36 59 56 56 28 20 10 18 1 3 19 32 38 33
40 35 11 8 12 15 24 13 53 82 49 14 11 7 25 49 27 12 18 15 12 17 26 57 53 35 30 4 27 30 24 24 26 41 25 45 20 63 41 25 34 37 48 14 85 122 107 51 41 41 44 6 21 0 17 18 10 12 27 42 33 9 5 20 15 9 25 30 45 73 63 44 62 52 54 30 14 21 9 0 37 49 35 33 29 39 59 59 38 58 54 52 25 20 15 39 65 72 74 67
59 54 28 18 15 16 29 22 55 87 58 27 23 16 29 50 29 16 21 19 23 29 20 27 59 48 47 15 27 25 21 27 20 35 13 50 9 53 24 23 50 55 60 13 76 115 103 44 21 20 53 10 25 14 24 45 33 20 15 18 12 4 15 37 34 21 29 29 44 70 55 33 74 45 43 35 26 29 25 32 66 62 51 6 23 17 66 59 9 30 34 41 12 1 7 50 78 79 76 69
70 72 52 42 34 27 36 29 15 64 59 46 44 24 17 22 27 19 25 21 29 37 17 9 52 52 62 33 37 24 16 21 17 15 18 31 20 24 20 15 34 26 35 0 32 35 33 15 25 21 76 29 38 24 8 33 16 13 22 36 34 17 9 13 51 32 32 27 40 63 44 17 9 0 16 17 1 0 7 32 80 50 42 14 33 0 45 60 25 22 9 25 12 9 16 60 56 51 45 43
