21 52 51 105 119 24 5 74 69 5 55 102 62 1 25 36 60 35 126 150 94 49 36 86 130 87 42 47 36 59 78 102 57 34 38 76 70 19 63 60 43 59 108 44 20 29 49 75 94 140 98 18 29 19 56 112 111 91 125 24 61 74 61 155 198 110 20 35 37 87 179 124 55 41 29 13 45 64 79 40 82 69 22 63 17 67 104 77 123 126 40 53 162 106 63 50 57 20 44 68
68 60 45 62 94 46 27 44 61 32 48 64 80 24 17 28 45 55 71 86 90 77 16 73 59 46 8 47 44 14 68 70 77 58 23 38 41 6 39 52 72 34 87 126 76 40 11 46 62 72 25 70 46 23 31 170 152 104 164 125 46 0 24 73 135 85 27 48 71 91 128 96 23 28 39 39 29 18 59 98 120 55 0 46 22 86 105 26 166 121 39 68 127 64 50 102 53 0 69 117
41 20 40 44 44 16 13 27 72 58 60 37 74 42 38 26 124 136 72 30 27 68 9 33 0 79 103 11 24 29 28 41 72 81 32 27 23 8 19 32 44 69 50 64 66 108 53 90 150 58 18 77 123 61 53 130 127 72 56 35 0 44 86 0 108 87 89 64 9 19 59 53 10 55 71 48 12 16 49 95 137 39 35 40 57 36 101 35 63 61 116 0 43 82 95 125 69 44 165 184
106 22 25 52 34 34 42 78 35 36 70 27 31 36 87 66 90 103 87 55 20 99 101 59 92 5 145 118 21 9 50 18 79 92 40 11 0 19 45 43 37 80 44 31 20 55 0 16 90 29 73 66 93 36 60 52 36 23 18 76 82 87 73 19 18 71 90 44 48 53 19 48 47 87 78 39 11 37 21 20 55 67 33 60 72 76 73 87 63 116 104 51 0 48 65 65 24 35 114 59
95 27 39 88 34 34 36 86 123 91 73 41 95 126 133 74 40 34 56 60 28 78 127 82 93 40 40 86 126 21 16 71 68 76 67 58 28 82 93 33 38 65 116 121 39 45 45 29 15 19 87 109 38 57 47 7 18 41 41 54 42 62 58 74 110 53 54 36 56 83 18 0 35 55 67 68 62 80 24 0 92 80 111 100 15 74 149 97 14 20 71 10 11 57 69 73 71 43 72 11
4 11 50 91 27 16 12 44 92 146 133 88 116 111 120 164 88 60 36 55 54 31 62 67 70 57 6 5 70 60 45 98 93 45 24 11 0 77 115 58 43 78 155 167 77 18 26 37 11 48 125 149 23 38 45 84 66 11 16 52 36 42 26 44 130 71 25 2 66 83 40 113 104 101 100 55 40 94 84 63 98 86 114 45 86 55 93 53 31 51 29 129 79 22 47 109 70 23 76 90
43 37 28 35 42 38 48 45 94 141 103 65 61 33 24 102 99 93 38 79 94 54 49 66 102 47 30 28 0 56 59 82 83 40 56 72 76 96 108 73 16 43 105 193 179 57 3 59 45 30 61 56 64 59 52 98 82 74 73 42 12 55 54 12 35 21 60 52 33 29 40 125 141 133 155 89 54 87 67 13 62 58 65 96 138 158 92 10 28 83 130 77 73 17 24 43 15 10 58 95
54 49 30 8 42 6 41 41 81 69 33 51 55 68 77 134 116 118 28 47 31 28 30 31 95 107 36 70 12 53 62 11 31 19 78 119 126 77 59 56 0 30 76 163 184 152 83 45 54 64 62 25 89 78 35 87 56 57 41 32 21 17 29 33 33 90 155 140 118 100 86 149 160 79 87 44 26 50 59 38 0 59 93 43 21 98 99 16 32 92 101 29 67 36 45 39 48 81 51 38
36 133 63 79 71 39 27 35 33 59 67 41 84 90 116 79 99 49 26 20 0 40 36 21 80 66 61 77 36 29 48 54 31 28 80 118 81 11 34 22 22 69 27 117 59 89 80 29 42 45 0 70 54 47 54 39 47 29 10 44 37 46 0 17 42 114 140 78 43 77 176 169 107 53 76 48 33 0 92 96 81 59 60 0 11 52 57 15 72 89 37 11 42 40 41 78 69 72 42 19
36 54 33 39 17 17 14 46 45 146 124 47 112 78 43 0 0 34 71 0 28 21 15 30 16 23 4 13 0 25 42 87 50 28 41 79 68 30 49 46 26 61 2 75 42 5 88 60 51 75 64 72 97 100 111 38 18 64 82 50 35 80 67 41 18 67 94 33 17 94 185 152 32 24 80 46 55 84 123 56 0 67 55 16 41 45 3 56 17 14 30 66 68 43 44 63 67 95 59 13
50 34 64 91 43 19 27 35 54 115 60 17 54 18 0 39 47 63 122 39 3 37 34 24 31 49 49 41 69 109 61 47 13 11 2 28 41 56 68 64 19 49 90 182 173 17 108 128 119 56 36 67 126 109 125 100 11 29 59 34 26 53 49 16 42 12 45 45 48 95 112 48 39 0 30 63 50 27 71 54 50 61 51 14 0 5 28 87 68 12 37 83 66 60 66 38 56 100 66 2
72 64 77 131 97 52 87 51 108 74 25 16 22 94 57 50 65 54 95 18 0 49 44 61 43 41 73 48 104 155 105 46 96 69 33 58 48 26 16 57 40 35 119 162 181 47 112 177 151 111 77 77 91 102 82 44 79 62 90 83 24 15 52 102 109 37 60 52 7 21 42 31 8 25 22 58 30 25 116 105 45 11 78 61 27 5 73 59 63 7 21 38 40 104 139 98 65 91 79 23
43 39 31 64 68 81 142 127 76 16 81 58 6 59 46 68 68 0 94 32 22 41 86 74 39 26 82 83 51 77 48 22 46 51 20 16 23 46 34 55 61 44 53 34 67 27 83 134 217 169 122 88 36 2 20 50 99 59 50 69 23 44 59 97 100 17 11 20 21 62 53 17 28 56 52 60 55 74 80 27 18 23 47 13 15 8 84 120 94 74 78 48 38 92 108 85 64 52 74 42
41 46 70 40 6 51 77 100 70 3 135 104 92 56 29 66 39 32 50 2 63 50 5 55 40 29 85 152 37 30 0 17 24 42 31 13 39 75 40 15 38 62 26 47 54 6 37 74 139 75 34 39 97 88 77 12 89 63 45 52 0 35 86 173 157 74 26 40 43 51 43 56 35 0 18 73 161 185 82 43 10 50 21 25 23 31 33 71 122 105 102 77 85 106 81 77 53 21 65 42
92 84 101 65 0 34 17 0 8 41 183 120 86 58 39 22 44 62 59 55 68 99 47 69 15 11 47 109 37 40 55 93 38 0 4 28 63 43 4 7 62 110 79 119 120 94 85 122 151 75 32 87 89 4 20 35 49 38 51 84 72 79 79 125 137 63 3 91 158 128 68 76 36 35 37 78 204 231 136 82 42 64 32 74 49 53 22 22 86 51 45 32 54 62 10 4 62 44 87 42
86 41 0 35 18 94 97 6 41 26 81 83 41 75 87 56 8 65 109 71 78 86 80 79 19 41 73 55 35 15 68 82 58 50 52 4 32 65 50 15 14 69 53 42 82 162 96 92 122 116 62 128 82 39 36 32 54 63 67 37 32 54 85 128 95 72 0 57 125 98 41 50 3 69 21 59 155 117 99 55 22 62 62 105 100 69 51 63 95 75 91 79 89 100 52 42 63 68 99 27
49 41 81 93 85 159 122 42 66 83 68 44 66 97 146 105 63 36 72 75 77 104 72 40 23 64 61 68 40 64 29 21 14 103 67 75 60 51 56 21 42 50 68 60 90 206 170 113 112 174 89 99 101 0 99 28 7 46 32 39 12 0 121 184 128 70 12 6 42 1 49 64 51 15 44 9 89 83 61 34 33 29 57 62 50 34 17 58 27 63 86 180 150 94 50 75 91 52 40 21
93 67 94 130 63 117 157 35 77 78 47 40 20 29 59 31 52 23 49 74 73 82 105 139 55 30 32 55 64 97 20 26 25 61 38 47 0 10 24 65 103 47 48 88 69 67 168 131 114 123 87 55 92 3 101 20 5 93 98 78 60 12 69 109 67 17 54 8 60 1 38 40 41 0 16 7 64 61 56 18 23 16 28 32 26 63 105 41 16 65 81 87 114 120 68 17 81 143 99 91
0 34 53 48 0 65 128 57 0 27 41 79 29 21 42 32 91 55 34 62 73 66 103 144 104 51 8 71 86 52 5 56 59 0 113 123 70 13 31 37 89 42 40 114 102 45 150 139 74 33 49 28 0 49 44 46 59 103 108 83 124 38 47 100 66 79 107 84 65 20 75 71 58 36 12 0 22 45 87 76 27 17 38 64 110 94 105 105 36 117 167 80 85 89 68 43 75 148 104 102
96 31 14 23 40 40 1 10 56 38 11 33 22 43 67 28 0 28 16 38 59 55 61 29 73 85 59 0 54 98 1 90 57 42 190 241 107 56 49 94 70 25 74 94 0 23 100 83 41 95 78 187 74 84 63 21 91 79 26 54 89 88 66 147 134 124 185 104 21 23 23 63 70 110 121 101 38 35 98 77 72 20 79 30 28 48 79 116 117 102 129 93 159 149 56 14 55 94 85 13
50 29 33 10 25 56 45 43 0 4 0 7 31 61 102 50 57 56 33 74 64 6 43 80 126 75 57 57 20 53 60 0 48 111 142 147 83 72 24 78 30 36 49 25 46 79 43 28 100 108 66 104 40 23 95 77 100 67 54 9 33 19 29 53 45 50 92 47 40 10 89 82 16 122 86 88 113 51 17 41 63 39 86 44 70 62 37 44 110 74 92 77 113 121 58 81 76 143 128 9
22 45 33 75 131 71 24 3 14 46 47 15 12 14 76 65 0 11 25 89 90 47 82 107 84 14 28 69 92 70 21 77 85 59 58 42 34 97 97 17 87 92 109 46 35 14 93 103 47 37 99 89 93 79 53 41 32 38 120 99 100 39 74 86 74 18 44 8 18 30 39 57 54 40 65 133 98 56 86 64 59 20 64 66 0 8 136 99 49 36 44 4 0 39 28 73 83 154 96 69
19 85 56 21 52 18 24 44 62 65 34 49 70 45 42 24 0 44 39 17 29 89 106 25 29 47 25 65 85 39 55 86 58 89 8 11 60 124 63 122 102 137 114 52 87 36 74 59 44 94 62 63 71 68 56 20 0 51 106 185 105 67 34 69 105 64 0 24 16 5 25 39 38 41 92 134 76 13 49 56 77 90 26 0 24 95 179 107 32 42 78 52 11 41 39 64 36 60 14 55
59 19 65 68 68 67 95 129 120 79 0 29 54 36 26 49 39 2 0 31 43 46 45 5 20 30 10 37 59 26 57 111 94 11 29 55 85 51 15 43 10 38 40 25 83 143 154 83 4 78 62 26 54 70 36 8 30 80 147 136 142 57 51 17 91 40 19 32 66 19 55 89 63 65 41 46 96 58 20 7 41 84 46 25 43 42 47 66 62 16 37 47 38 56 64 79 34 35 54 35
46 50 8 44 15 27 116 119 85 50 6 49 58 27 0 9 63 48 47 69 65 26 27 49 69 29 18 56 65 59 76 66 80 30 74 44 17 45 106 19 83 89 22 0 155 215 170 174 104 5 47 96 68 96 46 13 46 66 100 137 119 105 97 50 32 9 23 17 21 37 88 84 104 81 83 77 56 14 6 98 63 0 16 54 62 27 34 59 82 39 95 141 72 114 115 32 43 23 47 56
3 19 32 68 22 84 208 204 82 61 63 44 17 25 54 58 17 26 12 77 104 68 66 81 67 30 3 29 74 44 26 39 66 76 63 120 55 54 17 50 107 101 32 52 46 167 182 110 134 105 76 128 85 60 35 18 45 36 112 129 127 63 62 63 70 26 57 51 47 43 50 56 74 35 34 57 60 23 4 73 69 0 40 110 151 82 64 15 19 45 17 68 143 85 0 32 38 9 10 32
80 36 2 21 21 93 142 105 93 65 102 92 81 48 52 81 60 63 29 42 45 49 20 34 80 51 53 36 52 50 36 0 43 29 9 50 66 116 65 0 72 88 60 47 25 94 91 45 93 119 71 12 39 75 149 152 120 0 116 157 67 26 97 82 53 2 43 38 21 7 0 31 19 32 45 20 66 84 38 33 52 25 18 124 141 63 6 21 88 54 51 93 80 0 4 38 82 46 22 58
71 72 43 29 18 25 26 71 120 101 105 82 94 41 13 113 125 115 37 61 34 54 96 106 85 28 35 38 49 6 7 42 14 42 100 68 50 77 120 66 43 48 49 0 50 86 42 127 119 94 87 99 167 139 119 77 85 91 40 15 61 68 25 35 22 13 64 85 66 42 40 72 37 43 81 29 116 94 13 44 54 73 63 15 77 57 40 16 35 18 37 67 59 5 86 108 135 84 30 54
54 44 17 24 50 63 24 42 45 110 137 90 55 34 0 82 85 95 32 142 86 30 79 14 8 65 53 33 99 63 21 71 69 80 93 109 56 45 50 79 60 39 40 42 59 101 52 148 98 14 0 94 115 52 48 9 59 105 82 91 86 48 48 53 39 36 17 25 12 13 62 90 29 49 104 13 131 94 11 91 47 78 84 53 0 55 68 92 100 63 22 19 61 22 74 72 58 28 17 55
42 24 19 18 3 47 51 31 30 84 124 87 12 32 41 76 72 48 34 58 16 51 70 17 42 57 31 74 116 63 41 100 55 59 70 68 3 30 56 54 45 44 29 43 67 49 33 50 72 24 181 91 100 201 171 87 46 44 48 95 128 55 86 46 54 67 23 39 27 10 24 4 37 84 107 1 101 83 22 86 98 65 1 0 111 88 52 124 124 53 33 44 62 24 88 101 68 51 90 114
41 25 17 24 1 41 60 30 20 37 83 100 63 47 41 32 37 31 61 9 0 46 21 2 71 72 31 49 6 30 81 59 48 43 74 18 19 64 113 33 7 23 0 4 61 28 29 36 19 80 250 244 94 0 100 96 3 48 61 36 58 57 105 42 78 79 30 36 23 20 21 16 113 121 74 58 90 40 0 32 107 79 30 86 66 100 113 68 32 18 31 66 101 22 34 119 126 80 112 68
23 27 7 42 53 47 23 8 26 40 44 41 60 27 25 23 0 53 46 71 57 0 25 21 58 104 80 125 55 49 79 44 45 51 53 22 72 30 17 11 2 10 13 80 71 91 28 50 36 142 255 238 26 128 77 25 44 31 26 34 15 23 47 35 35 36 17 25 17 35 40 74 99 137 46 82 72 66 45 0 60 138 79 110 102 46 62 36 57 2 8 53 84 16 2 65 98 52 110 51
32 47 0 27 62 34 0 32 116 120 40 14 42 22 28 73 66 39 27 51 42 17 34 48 62 31 29 53 49 70 111 94 78 26 26 16 28 9 0 15 10 76 22 22 36 44 89 86 10 85 77 138 43 236 131 75 25 16 65 47 22 68 52 22 24 0 18 31 8 54 19 57 38 95 30 102 75 49 69 12 54 108 77 123 126 111 60 61 101 82 80 147 75 16 11 54 86 40 50 111
47 51 38 55 109 79 18 14 51 82 50 43 49 13 38 113 71 38 27 60 56 29 43 59 59 31 17 29 20 25 56 51 46 12 10 0 20 30 17 5 30 22 22 61 23 0 100 22 80 193 255 185 235 253 175 68 20 46 59 46 25 56 52 40 51 37 33 47 83 68 9 21 33 46 73 125 82 23 41 37 72 23 42 134 107 91 76 55 58 70 118 110 111 127 85 36 82 81 54 27
119 90 47 7 83 78 21 21 13 16 0 18 66 56 64 111 60 33 29 65 59 21 20 24 38 22 3 12 8 0 6 11 9 3 15 0 9 19 21 13 25 0 32 10 35 43 38 32 112 207 248 203 255 255 76 32 30 16 24 77 78 77 86 73 47 24 32 44 91 81 73 42 53 32 79 89 122 53 44 152 151 86 109 113 47 56 63 6 30 57 38 54 42 97 77 34 126 159 126 61
155 62 63 41 47 79 56 8 53 54 34 49 89 92 84 98 44 28 23 44 31 2 2 0 13 14 2 22 34 8 1 10 13 11 26 15 20 6 16 23 22 20 16 47 68 44 73 60 45 196 252 252 240 252 121 53 107 54 53 44 58 101 115 20 34 66 99 64 65 66 94 121 43 32 57 23 118 126 60 90 124 54 52 46 71 84 64 33 8 10 84 103 62 84 1 43 39 46 35 3
72 38 45 47 55 80 31 30 52 60 56 51 72 89 78 71 36 30 16 16 4 0 18 13 10 19 8 32 54 29 15 22 29 21 23 20 37 24 26 12 30 29 35 78 120 27 81 87 98 227 250 248 255 235 240 117 44 26 112 77 65 26 38 25 52 92 73 46 103 110 40 131 183 90 78 78 105 126 89 65 6 46 71 16 65 107 74 20 39 47 92 72 78 27 67 99 122 80 91 79
11 31 36 36 31 44 14 53 24 20 32 31 36 53 60 74 35 33 21 19 8 6 22 11 14 23 6 18 34 17 13 18 4 19 22 10 26 25 34 5 38 11 41 17 135 65 82 73 86 205 255 252 100 206 252 200 191 38 28 37 129 71 44 85 107 59 14 55 124 151 38 105 133 119 138 179 136 71 29 46 91 27 22 65 160 172 115 42 52 29 82 54 62 56 46 108 72 15 53 38
18 16 90 98 13 40 102 79 52 38 89 118 84 43 43 94 54 35 17 26 17 2 8 0 8 19 5 4 5 0 11 16 0 11 16 11 24 14 33 11 44 8 10 59 158 106 142 59 71 169 255 95 243 245 250 168 195 71 30 15 69 92 84 37 67 8 11 67 32 51 10 43 20 136 158 147 135 88 32 48 123 91 64 76 121 132 111 51 49 85 53 93 50 56 49 91 93 26 71 60
0 76 102 55 52 63 137 188 69 11 80 186 185 98 29 45 86 38 0 11 8 0 9 16 0 18 12 7 0 1 24 28 20 7 0 20 49 24 33 13 38 30 42 136 253 182 58 150 239 129 62 255 249 255 252 85 90 25 47 55 4 102 209 135 33 25 32 81 45 55 32 31 9 51 89 151 192 122 27 10 45 64 33 35 46 20 30 50 9 88 88 69 18 37 30 52 110 17 39 32
64 17 51 21 92 115 98 98 105 66 12 58 141 125 76 59 5 9 22 3 12 1 12 6 4 11 20 0 9 14 38 41 13 26 5 23 51 20 2 21 30 31 44 246 247 255 75 148 247 255 242 255 255 254 198 158 30 0 101 124 10 96 176 66 32 42 8 37 32 72 46 27 5 15 71 78 173 83 22 79 41 64 116 66 9 55 28 57 4 106 113 90 41 9 87 40 65 6 50 82
110 0 12 46 29 26 18 57 25 48 45 60 105 84 41 0 50 37 36 15 14 0 14 24 0 6 20 7 20 25 45 44 19 35 13 12 24 12 15 30 42 0 1 211 253 245 96 100 191 255 238 242 150 233 240 255 66 48 116 110 51 82 140 46 53 56 66 92 100 58 24 16 58 58 85 124 177 171 30 30 106 173 171 112 51 56 46 24 35 85 149 49 71 40 70 56 7 0 46 40
99 0 44 120 90 48 25 76 20 89 128 88 53 24 57 59 25 11 14 14 15 0 7 23 16 20 33 22 40 44 62 59 45 60 43 25 11 9 29 32 0 25 28 88 91 121 86 36 130 234 179 255 254 255 255 245 209 97 18 19 27 157 184 78 20 49 106 156 152 50 0 19 63 60 43 45 117 130 64 64 99 48 145 131 23 68 54 19 58 84 118 83 70 54 23 93 72 43 63 64
56 14 41 36 59 35 25 62 20 82 155 143 84 6 17 8 24 13 12 17 18 5 1 4 4 2 8 0 14 17 32 28 41 49 45 35 10 7 29 20 43 36 14 33 31 36 56 81 141 238 255 30 239 126 252 251 247 60 50 14 27 89 169 120 63 73 76 118 105 51 0 56 96 82 74 51 48 22 77 65 60 61 66 102 42 45 50 53 11 77 60 102 34 27 22 99 102 58 59 84
0 21 52 29 79 133 134 116 82 53 54 65 59 24 26 0 24 15 2 3 11 22 17 10 20 17 24 15 31 27 36 29 23 22 28 41 25 25 49 36 22 24 24 42 26 0 24 151 207 94 218 242 245 252 252 252 255 57 55 82 34 48 32 80 173 136 81 72 81 66 12 46 46 34 105 127 61 82 128 77 16 47 54 89 13 53 110 115 15 90 105 68 26 0 59 43 62 55 55 76
18 13 17 30 43 181 214 176 93 69 47 57 46 39 39 11 1 1 0 2 13 35 22 8 2 2 16 12 25 13 15 6 15 10 12 29 27 33 55 42 30 65 48 19 31 50 38 92 248 193 88 251 143 46 253 244 248 95 94 29 80 62 49 109 239 177 138 76 100 63 25 31 76 65 121 62 95 135 96 55 12 25 100 113 29 49 104 141 49 65 119 41 31 12 53 27 66 40 9 38
77 42 22 45 33 122 120 75 88 92 66 70 22 12 9 11 23 21 10 26 21 26 2 0 0 0 11 4 15 0 4 0 4 10 2 5 7 19 34 13 9 50 43 16 13 5 32 59 247 255 235 139 5 63 255 240 250 255 248 116 35 17 55 161 252 156 119 59 82 48 30 50 105 108 94 0 92 106 76 47 21 1 86 150 73 23 200 148 33 20 57 25 23 25 22 59 99 61 13 54
133 82 24 7 47 90 96 92 54 41 3 51 35 38 12 13 28 14 0 16 5 8 0 10 18 12 16 2 9 0 8 8 7 30 20 9 14 31 39 10 8 25 13 21 62 59 110 64 255 241 251 196 12 70 97 255 255 250 255 146 66 31 157 246 220 95 44 51 78 66 8 19 68 88 49 80 43 49 75 0 41 48 84 17 65 3 105 107 55 71 71 23 30 16 11 51 20 51 33 57
120 4 39 7 57 85 66 110 50 65 53 27 20 38 65 55 26 12 16 6 0 19 25 2 9 1 15 24 9 10 20 16 15 20 16 24 26 41 2 0 17 0 52 8 58 67 49 95 225 184 97 6 245 225 255 254 255 235 242 192 53 110 87 114 183 38 96 38 83 61 27 1 57 77 23 10 29 4 42 0 105 169 208 163 35 81 45 0 95 58 2 7 0 84 88 58 25 67 39 1
48 23 35 37 91 83 24 36 64 58 39 19 21 78 96 79 30 24 36 4 21 43 20 13 10 2 13 20 10 13 26 26 11 14 26 16 23 23 14 27 21 27 44 13 55 36 48 98 46 254 237 242 255 247 245 248 249 241 60 40 62 100 140 29 51 12 48 52 50 0 59 16 71 80 68 62 64 20 79 79 17 109 200 206 73 40 69 45 40 37 64 65 36 93 116 22 2 20 24 57
79 57 46 49 4 0 58 100 69 0 39 11 78 82 97 17 94 42 52 9 9 11 6 30 18 10 15 20 13 17 30 34 9 10 34 12 20 7 25 58 34 33 21 10 39 37 93 91 132 244 175 248 247 244 255 0 255 251 241 195 70 0 107 5 86 88 66 62 100 56 59 22 78 72 78 60 58 52 115 120 52 114 120 91 77 9 0 46 89 19 26 57 92 91 126 52 0 10 47 116
105 83 96 112 67 56 95 56 39 65 38 46 0 75 53 138 137 23 0 11 43 36 35 13 20 15 15 16 13 14 22 27 7 7 25 11 13 3 19 60 68 42 33 19 25 88 208 195 117 190 239 255 243 242 241 168 229 255 242 252 192 132 15 53 128 93 64 51 32 32 55 25 16 21 63 66 12 15 86 155 99 44 50 15 28 67 47 77 57 49 29 6 59 39 62 13 30 68 112 153
76 98 111 50 42 35 57 47 43 43 25 2 72 32 25 191 138 145 78 31 28 6 41 31 12 11 8 9 11 8 9 16 10 8 10 16 8 13 5 39 15 31 72 57 32 37 86 113 60 91 247 241 248 124 165 253 255 249 234 251 151 111 65 51 63 92 27 76 102 49 56 75 49 6 74 198 120 30 18 128 88 61 73 49 11 82 52 37 51 58 42 15 41 34 61 37 36 71 92 98
63 35 81 66 80 44 43 42 40 27 8 8 16 44 44 111 89 232 117 8 15 11 24 5 9 13 9 10 17 12 7 17 22 18 9 21 15 28 3 24 0 13 35 24 43 20 18 131 115 45 128 115 94 182 80 241 255 229 255 255 151 109 97 81 80 38 39 119 110 58 21 5 29 56 83 125 83 94 41 16 47 88 37 67 38 87 63 20 68 11 23 24 10 37 86 63 58 66 53 51
13 0 59 101 74 16 36 67 34 31 23 34 19 151 129 0 15 187 123 48 12 4 19 37 15 20 12 10 21 14 6 18 25 20 17 12 19 26 8 17 8 11 21 24 48 32 18 110 160 173 141 124 247 250 107 187 255 255 253 248 188 208 61 65 16 38 62 57 49 54 38 80 43 47 44 60 39 38 59 95 83 67 21 107 38 71 92 25 43 34 99 50 20 81 107 31 54 63 34 22
53 47 11 21 57 62 65 87 80 5 15 21 89 64 147 172 220 229 139 103 15 0 22 53 18 23 10 5 15 6 0 10 16 10 18 0 12 9 7 10 25 11 30 27 6 38 90 132 173 145 112 110 209 153 135 255 250 255 243 98 255 255 148 47 27 132 119 71 1 2 61 7 13 51 65 52 56 30 32 10 34 50 37 112 64 45 34 83 38 0 47 18 75 126 95 19 54 92 67 39
37 35 73 47 88 133 97 57 31 15 10 79 140 91 129 208 217 160 124 53 27 57 51 61 2 26 21 4 5 3 2 16 9 7 10 27 35 23 23 45 65 43 13 70 121 103 84 84 58 90 67 131 253 126 115 133 252 225 253 255 225 255 131 78 90 66 93 12 46 49 15 65 34 0 69 75 64 63 124 85 136 134 39 49 59 25 40 112 95 56 0 34 45 74 76 12 38 86 75 51
24 68 112 136 100 134 102 56 24 51 79 101 139 116 85 40 68 73 94 64 77 122 82 37 14 35 32 17 14 6 0 7 7 5 9 25 36 26 28 50 79 50 66 87 112 99 48 70 47 110 71 116 251 164 179 247 147 98 253 253 222 40 158 157 53 22 0 50 24 18 62 125 76 75 91 47 58 32 81 79 140 113 16 28 62 29 23 56 1 3 45 26 35 31 69 63 15 63 44 35
29 58 57 73 55 163 206 153 46 40 65 60 78 80 71 44 71 46 64 82 117 130 72 37 0 10 10 6 7 0 0 0 4 2 4 18 27 16 16 35 38 17 32 32 44 39 29 68 17 82 83 109 156 164 255 246 87 33 101 253 181 75 234 157 104 92 65 19 16 55 79 71 76 94 86 56 83 37 45 23 23 69 17 26 89 21 0 62 48 70 44 42 66 29 89 46 40 40 17 25
92 42 14 7 58 140 152 63 21 30 54 17 49 96 99 79 108 89 58 30 85 154 120 62 16 12 7 10 19 19 13 10 2 1 1 11 16 1 0 7 0 18 12 33 38 0 30 28 65 14 86 100 184 221 162 239 205 95 113 162 34 255 255 76 99 103 79 11 41 44 34 58 126 106 58 56 55 48 69 50 63 34 30 72 107 47 27 12 39 83 23 73 72 61 70 28 101 26 25 23
11 0 63 46 36 30 48 66 56 35 41 32 82 93 67 66 106 98 58 29 84 140 95 24 43 15 0 0 6 9 4 0 4 6 8 18 23 7 0 2 1 19 12 28 41 7 49 27 69 28 33 37 75 71 81 155 219 142 168 160 175 232 232 197 0 68 70 102 63 25 32 72 126 101 21 42 25 39 32 46 103 49 37 105 163 65 6 19 2 32 58 67 16 58 23 83 93 0 45 0
51 19 64 27 0 27 52 77 91 25 16 39 64 25 25 66 71 37 0 0 58 98 101 106 78 35 9 10 13 16 15 7 6 10 15 27 37 25 13 19 8 0 6 0 8 12 42 34 86 99 129 50 23 61 128 158 139 62 201 193 246 255 251 255 55 70 150 94 28 57 92 91 89 106 46 96 128 123 11 20 41 49 63 30 14 58 88 37 40 28 59 62 52 63 36 64 74 16 90 16
92 29 91 64 26 35 100 75 32 16 41 45 32 38 80 50 0 22 18 31 69 75 62 61 72 28 7 9 2 0 5 0 3 7 10 21 32 24 15 20 17 11 31 7 20 11 39 12 91 170 76 0 42 42 161 223 216 51 99 207 167 217 255 163 110 2 174 92 93 111 61 31 46 69 54 79 129 142 35 42 10 24 14 37 75 60 12 27 42 22 36 89 123 76 72 20 49 16 53 27
167 23 116 137 104 0 77 10 41 0 43 85 64 82 148 79 5 0 0 51 74 28 36 106 84 43 28 28 9 0 5 3 0 1 0 5 15 8 0 4 26 42 22 13 27 9 97 56 45 184 219 72 64 67 135 154 202 165 112 67 199 255 221 169 133 22 97 43 74 117 45 13 23 36 79 53 54 96 81 105 58 84 31 9 58 102 56 56 59 38 86 100 76 42 70 94 83 39 21 64
191 57 61 92 77 5 38 36 89 75 25 43 106 120 102 90 46 26 29 76 130 60 35 83 108 99 32 38 13 34 0 14 0 8 7 9 8 12 17 33 57 88 79 60 13 67 105 34 30 74 121 139 233 176 113 102 179 144 20 54 62 145 86 48 89 5 83 57 54 70 32 73 66 55 62 120 80 96 144 117 68 64 26 61 37 39 73 61 0 44 86 86 18 50 101 131 115 33 69 26
79 18 46 61 13 53 54 60 84 100 10 29 111 126 60 32 12 11 25 96 85 61 151 236 196 146 79 20 36 8 7 18 7 0 21 6 23 39 82 95 94 138 141 116 30 117 99 52 83 117 255 247 243 220 120 80 69 81 17 39 46 89 48 24 25 35 3 92 62 10 18 0 24 0 39 57 81 113 133 91 50 3 20 68 40 24 6 22 58 41 65 61 55 87 125 147 100 35 59 52
51 104 65 34 3 36 0 49 76 0 113 102 27 44 41 48 80 63 25 63 20 71 190 184 109 39 2 29 5 18 23 29 11 56 72 42 51 119 203 161 117 91 114 67 73 156 117 56 62 57 124 86 113 203 154 113 59 84 50 67 107 129 91 56 2 86 80 171 104 22 39 56 81 71 57 30 0 81 98 62 49 68 122 125 72 99 141 167 103 24 17 0 10 8 68 135 67 40 49 83
43 124 46 65 100 54 28 67 106 118 238 67 59 41 0 30 101 74 39 55 28 85 146 62 28 55 29 5 60 53 21 22 47 79 18 66 71 111 176 141 81 46 80 34 71 113 99 63 102 100 29 59 137 140 80 62 91 121 73 45 48 65 73 88 33 46 7 108 121 19 53 85 94 83 5 60 36 73 77 24 58 81 58 50 43 103 159 80 104 76 62 41 44 21 69 106 50 72 67 115
109 91 17 63 68 21 26 31 65 77 124 43 82 63 80 10 5 11 65 98 89 83 118 98 46 31 0 64 49 41 0 48 14 117 134 119 42 7 26 43 58 74 53 39 22 63 49 32 94 188 66 36 104 131 89 33 63 91 47 29 14 28 34 54 64 62 66 4 58 121 46 20 119 107 23 0 13 42 129 94 20 49 52 49 9 0 54 19 34 76 34 11 32 40 64 26 27 82 67 94
129 111 81 78 59 62 47 105 52 43 22 48 105 88 64 36 34 51 92 82 76 51 75 87 57 15 7 23 126 9 7 110 54 122 218 102 81 94 80 72 74 114 57 23 10 42 74 64 97 88 21 38 85 92 36 14 60 67 42 58 58 62 50 39 65 85 26 25 45 73 94 109 52 72 67 42 45 70 141 175 42 7 24 28 33 31 37 43 48 74 20 13 43 31 41 24 11 63 41 38
62 107 124 71 99 83 34 80 32 62 30 20 63 107 51 33 31 43 25 25 49 77 122 120 56 43 36 11 23 22 32 20 114 62 134 35 22 33 85 111 98 134 90 44 30 25 98 139 104 62 31 13 46 106 76 55 74 58 52 42 26 7 46 54 14 44 52 40 51 44 24 16 96 44 28 116 127 53 53 124 58 14 15 25 61 50 40 51 65 60 60 54 96 38 17 48 36 54 33 17
41 48 67 6 101 77 89 39 58 123 108 98 52 32 96 88 52 54 4 50 47 54 110 117 60 29 14 1 2 19 40 30 67 9 47 47 47 85 168 117 131 123 38 71 41 39 31 91 108 129 109 37 12 37 42 49 43 0 17 19 41 11 55 36 42 57 78 41 82 49 118 128 64 58 45 101 163 43 95 88 12 16 21 78 96 1 7 22 32 16 47 0 60 41 15 47 55 42 24 12
102 77 45 21 52 65 83 47 43 141 116 61 86 26 97 31 17 20 118 186 96 40 85 89 66 51 36 16 21 23 52 75 59 49 68 86 92 0 45 112 63 0 98 120 71 37 18 22 27 79 125 41 28 0 0 19 34 55 69 35 38 30 96 89 57 25 27 37 52 74 102 142 83 42 86 80 102 29 101 78 0 29 8 56 87 68 73 0 11 14 12 2 32 51 48 82 48 24 71 30
161 56 30 46 30 102 131 127 22 45 18 97 112 38 54 46 37 69 113 146 100 34 53 98 83 65 35 17 44 49 40 28 72 101 48 65 92 88 36 22 52 55 114 97 82 52 18 82 84 37 84 60 63 47 37 28 14 47 73 79 81 83 130 130 63 18 71 73 65 60 100 148 57 61 83 60 122 93 70 35 67 65 50 62 37 97 109 6 28 39 19 10 40 20 61 85 23 31 88 69
18 110 29 34 86 86 90 127 39 82 25 69 34 37 34 43 34 100 64 29 58 47 21 29 53 97 62 86 135 135 63 78 98 81 18 32 25 92 77 30 58 82 78 31 31 44 36 128 153 84 93 36 52 73 47 23 74 145 171 129 51 36 68 76 68 62 175 173 127 64 53 49 62 64 66 36 102 130 88 71 12 51 78 111 78 116 84 47 42 16 32 21 49 53 86 56 57 68 108 126
50 74 26 26 63 73 138 83 18 49 14 73 61 32 11 77 57 93 64 60 83 39 9 37 96 55 52 2 107 28 46 64 79 98 134 129 102 91 81 26 42 52 61 47 18 41 39 75 99 76 96 40 40 15 15 131 194 183 146 85 43 43 63 58 20 94 186 157 81 24 38 54 91 61 56 30 40 58 72 82 19 20 45 132 126 97 63 93 43 44 95 36 66 119 61 22 104 96 108 150
35 117 125 25 92 144 65 4 0 107 98 46 88 104 82 63 28 86 129 129 72 19 29 45 53 0 29 108 143 69 33 30 63 101 92 24 65 61 69 82 42 59 76 69 7 9 31 65 92 101 112 50 54 44 25 106 150 85 64 43 62 35 28 5 68 114 75 71 61 42 31 38 39 57 71 69 63 3 8 12 9 0 63 171 140 68 82 93 50 15 46 88 112 74 0 99 74 85 100 125
26 119 116 43 53 133 75 21 34 26 0 0 118 112 97 70 37 97 133 104 48 51 65 14 38 25 57 119 188 74 25 77 111 71 38 29 55 57 23 12 7 105 146 147 103 43 39 95 96 108 99 36 60 126 99 44 21 32 86 62 79 57 51 16 7 69 41 87 89 56 37 102 123 174 121 80 96 18 0 22 48 72 67 81 73 29 39 36 57 66 58 69 31 79 80 52 26 74 116 92
38 36 3 65 69 84 113 73 37 29 40 82 74 9 54 88 109 113 105 120 123 93 70 51 0 37 15 75 111 82 53 167 171 46 22 43 10 65 105 102 2 99 97 75 83 29 37 98 104 106 89 75 77 73 53 35 74 69 81 31 40 58 39 0 51 47 32 59 72 47 6 81 54 113 73 71 110 75 12 50 48 97 57 60 137 148 70 54 52 46 40 51 25 126 191 112 52 81 132 76
15 43 52 11 9 32 72 29 27 44 51 84 19 34 99 64 60 128 130 136 152 92 45 62 61 2 8 7 10 19 91 115 118 90 145 137 81 118 160 145 40 90 55 30 73 43 51 60 62 101 65 86 150 125 70 62 103 48 41 56 76 88 55 43 78 30 43 25 38 47 13 89 135 120 66 70 67 88 39 100 61 85 75 65 60 86 22 51 75 75 52 22 49 87 94 127 109 85 125 69
40 53 71 133 56 7 44 33 50 19 71 10 104 126 26 45 1 112 141 90 7 51 86 94 93 23 89 127 134 151 93 38 42 42 122 102 80 130 126 107 72 91 22 42 28 2 46 30 16 35 56 80 85 83 67 32 82 68 68 44 45 58 32 29 34 27 99 45 31 12 7 141 253 251 99 68 67 13 53 55 58 24 26 52 67 81 0 14 3 61 93 15 0 51 93 95 91 91 92 55
41 55 92 205 131 48 105 52 35 28 0 96 160 92 0 48 18 78 112 109 143 109 134 125 117 31 150 179 238 232 121 15 62 138 6 14 105 52 60 93 14 14 81 156 83 29 99 65 15 11 4 13 4 25 53 69 66 30 18 57 111 94 39 35 75 63 81 12 0 46 53 113 229 196 130 135 137 58 59 46 93 76 65 109 86 160 75 53 25 58 61 21 25 43 101 72 81 59 74 85
57 56 93 191 158 53 59 14 47 61 37 69 57 36 79 48 12 31 38 77 153 73 47 20 63 49 0 91 204 128 51 67 112 112 19 4 8 12 54 28 53 42 64 60 30 38 81 33 7 24 31 34 0 8 17 32 131 104 53 51 58 31 58 130 80 29 22 40 35 65 25 14 88 113 97 113 139 92 50 73 123 87 114 106 126 163 124 37 13 30 65 30 36 10 40 28 81 41 48 69
59 44 67 92 135 69 8 35 49 34 87 101 49 53 82 11 17 18 22 33 76 38 50 57 69 43 97 37 129 70 55 77 57 16 5 28 28 36 41 77 85 54 60 30 0 88 104 19 28 19 5 15 16 58 32 7 96 94 61 64 66 63 106 133 111 85 44 42 67 118 111 74 64 29 0 43 37 84 97 96 73 97 150 196 167 160 98 43 57 13 62 31 127 119 42 23 51 38 65 89
37 23 22 4 52 32 3 50 43 54 60 81 47 111 71 29 35 22 26 34 0 13 33 64 67 64 135 34 58 69 59 92 119 178 58 23 41 54 73 71 55 80 94 99 42 84 36 52 70 40 26 23 14 43 35 43 114 93 67 77 81 98 121 81 74 95 80 79 106 79 75 69 81 88 42 41 44 30 43 70 78 114 148 165 102 21 10 51 14 10 69 38 144 113 14 14 56 33 49 65
56 52 32 30 15 10 70 68 53 10 0 51 15 0 67 135 117 35 40 31 59 48 94 71 15 76 65 80 66 116 35 64 130 165 38 32 21 7 48 70 80 48 113 178 33 94 84 74 35 5 37 47 42 50 87 157 118 78 49 45 41 64 90 68 94 77 50 63 88 11 22 76 30 45 96 66 50 44 101 38 0 30 99 121 141 22 52 85 61 57 29 0 75 52 54 71 74 25 18 29
36 33 15 42 10 24 97 74 50 57 99 103 94 53 141 154 186 150 0 84 15 89 76 68 57 31 88 18 21 123 67 17 46 129 65 26 43 63 11 38 0 13 51 102 27 105 91 101 90 35 55 33 41 42 75 127 131 114 96 88 104 97 42 8 46 51 39 43 45 26 55 93 108 77 70 14 33 60 56 8 43 68 72 118 122 95 115 105 5 24 46 54 53 9 52 69 30 26 62 86
49 37 21 41 38 68 75 77 102 87 54 82 151 134 97 136 74 112 43 53 67 24 104 61 21 49 45 53 105 111 65 34 75 79 14 16 35 75 37 44 33 69 79 78 0 42 52 112 91 94 153 75 37 12 43 82 50 84 77 44 85 98 44 52 62 61 83 120 58 26 73 156 149 58 66 85 13 33 7 59 23 40 63 38 49 17 78 0 92 11 32 49 35 24 28 9 0 43 105 106
67 71 45 0 61 128 121 30 53 58 55 85 63 85 64 0 21 89 47 23 4 35 126 115 66 42 35 35 184 128 106 80 64 14 12 26 22 13 1 18 67 58 29 72 81 56 64 18 19 97 202 113 12 0 92 82 0 26 62 85 52 98 84 59 46 61 96 87 52 35 43 77 80 56 60 28 0 53 38 32 0 41 141 137 64 10 4 78 123 35 109 123 81 26 42 25 32 85 136 81
20 0 25 29 76 147 104 62 30 41 57 5 36 47 77 127 70 45 59 61 74 69 141 111 42 37 50 31 34 3 134 129 78 40 44 0 15 11 44 20 91 125 107 113 83 20 49 89 63 79 116 83 11 0 66 72 53 53 67 44 46 152 133 92 28 63 85 84 118 128 56 0 31 57 24 22 23 25 35 21 54 11 102 128 132 53 17 15 86 18 120 212 148 32 46 98 49 87 100 59
26 20 44 28 59 149 61 4 37 36 32 0 61 23 16 27 48 29 69 57 51 13 48 57 65 49 105 141 102 42 111 99 70 37 7 30 10 40 53 44 70 104 74 78 81 19 6 42 96 74 49 77 71 81 96 72 60 38 114 30 52 63 67 42 67 31 65 80 62 90 104 72 37 68 72 33 56 56 37 74 43 16 74 127 93 75 50 69 13 33 102 107 96 78 102 50 0 37 29 25
41 34 26 58 97 93 28 26 0 44 39 71 76 37 102 94 34 93 70 19 9 14 45 118 154 143 164 156 159 103 21 44 60 0 31 13 82 27 96 56 94 77 23 17 45 29 6 11 0 48 49 64 72 109 150 135 108 121 154 98 36 54 72 114 100 53 114 138 49 9 35 49 120 112 107 40 83 88 23 29 46 49 40 56 19 62 33 45 63 20 49 74 100 23 55 32 77 118 65 49
46 83 36 79 126 40 49 80 53 76 45 82 116 82 102 40 89 146 79 25 41 50 63 81 113 185 161 74 76 74 13 80 62 64 27 62 0 51 45 52 88 54 56 61 41 31 44 68 50 106 100 55 53 88 135 117 133 123 100 9 6 0 40 11 19 32 60 72 73 49 24 44 103 119 66 15 49 59 81 65 52 73 67 35 66 85 71 62 2 24 73 109 97 28 26 0 107 143 83 49
117 160 79 73 99 21 65 74 39 69 82 32 72 38 54 83 123 107 75 51 88 64 85 37 0 75 54 49 40 36 62 93 72 80 67 62 2 45 64 124 119 56 101 122 61 32 45 74 85 85 75 43 64 99 113 92 55 103 68 75 6 15 40 70 31 20 32 38 50 68 69 78 52 78 55 1 13 23 19 25 84 112 104 80 71 52 35 50 54 35 5 41 8 30 29 30 92 112 86 58
141 130 114 115 75 15 40 77 26 56 109 80 90 52 49 94 51 2 5 8 56 50 88 95 79 38 21 111 104 81 119 91 36 44 98 57 70 84 116 186 197 106 117 94 29 24 31 48 42 34 54 43 15 32 20 40 106 62 25 35 52 25 31 46 51 0 56 100 69 89 127 117 26 57 80 66 115 123 19 43 90 82 71 102 78 82 73 76 75 44 18 20 12 75 59 16 69 38 31 7
51 90 197 162 34 35 25 46 113 69 40 79 49 54 67 56 51 36 43 54 85 76 38 97 115 12 22 112 106 100 104 52 0 60 102 56 42 106 53 80 133 90 111 54 0 25 39 54 35 15 39 51 5 42 8 43 67 45 32 26 27 30 14 38 88 14 15 30 32 89 142 145 20 114 85 79 100 62 32 122 52 19 67 74 67 43 89 56 41 12 51 11 31 82 136 121 64 10 44 54
70 88 135 67 84 60 38 10 121 112 15 66 87 37 88 64 54 21 24 90 152 120 43 43 27 28 34 80 12 22 78 0 22 123 111 85 128 130 121 37 41 43 41 0 25 51 31 52 73 27 45 50 16 96 110 77 64 16 93 85 47 26 34 100 127 34 23 69 102 89 172 109 15 44 36 33 24 0 34 99 73 42 25 26 35 91 103 10 14 37 74 60 12 30 56 130 81 81 75 92
103 89 79 42 71 102 55 17 84 63 20 83 140 125 119 86 26 46 109 83 125 64 64 77 61 45 56 100 31 22 62 22 75 88 136 198 182 79 59 39 31 48 39 24 40 57 35 55 137 35 34 52 13 25 64 119 76 28 58 76 56 20 43 69 54 88 96 106 108 95 75 0 35 51 29 13 10 7 19 23 75 74 38 58 96 69 66 110 104 96 80 37 37 112 77 20 31 39 30 32
2 65 102 110 85 129 79 79 25 25 55 91 122 108 55 39 15 27 81 23 61 7 37 57 36 32 60 85 36 49 73 72 51 40 136 191 123 26 24 19 107 111 43 30 22 47 62 107 120 26 33 62 85 71 47 47 0 4 59 151 150 65 64 27 117 228 183 81 8 33 28 61 85 20 4 59 56 8 14 38 115 134 54 16 48 33 68 178 85 95 125 93 45 98 98 78 18 47 43 40
84 133 126 101 40 97 64 91 105 85 75 23 1 16 25 77 84 38 24 22 47 34 36 74 42 67 100 70 34 86 85 82 33 66 172 151 74 57 73 44 119 132 40 48 17 28 46 93 70 73 106 39 23 23 73 126 82 83 109 168 131 27 44 22 60 127 75 45 71 120 27 24 38 65 72 43 26 82 106 26 80 115 85 46 38 38 65 95 48 37 94 94 10 20 43 70 52 90 70 33
