54 24 43 31 17 24 15 39 29 13 26 8 5 19 63 52 44 59 71 52 6 5 37 32 33 20 27 17 42 29 18 13 39 45 35 37 48 8 36 43 16 32 44 73 35 13 32 58 26 27 11 24 26 56 45 37 12 17 20 18 13 21 54 88 89 44 14 0 24 25 39 39 29 28 21 52 9 31 26 37 47 14 2 12 25 9 48 37 9 23 3 17 14 18 13 17 57 58 40 13
31 7 16 19 16 24 27 43 46 36 39 26 1 17 34 43 31 43 40 39 44 42 32 20 0 25 56 36 9 0 12 30 38 52 36 24 32 13 48 46 5 48 69 54 31 39 87 94 60 38 35 18 37 47 76 70 14 14 10 17 32 38 43 57 59 55 67 55 42 4 9 21 20 24 44 16 14 1 21 13 24 34 28 15 38 49 64 15 14 41 8 11 4 10 36 66 71 50 33 32
4 19 24 32 45 72 91 69 97 78 63 53 24 40 16 35 42 57 43 30 41 30 13 29 53 46 33 19 3 29 35 12 14 41 29 13 18 21 60 46 4 34 46 21 32 58 102 78 27 5 18 10 14 9 36 29 33 36 19 9 19 22 32 59 56 36 25 11 34 36 39 21 26 43 61 4 20 4 33 24 12 19 28 49 75 51 40 22 42 90 50 47 23 0 15 40 42 30 23 28
0 26 22 42 49 51 71 33 43 48 63 47 18 22 16 67 44 50 49 35 30 18 8 32 69 67 44 32 0 36 48 15 0 33 29 27 22 25 57 37 5 10 8 21 31 44 56 32 26 20 29 54 19 21 16 15 2 23 23 23 35 29 25 44 30 54 67 34 37 41 43 15 26 52 37 13 11 30 38 54 27 11 16 63 88 46 38 75 21 77 42 60 51 20 21 28 22 43 54 43
7 16 3 41 37 7 30 12 21 13 32 19 30 28 34 64 31 9 35 51 55 58 30 10 18 47 49 51 5 25 47 22 0 19 20 35 16 8 32 15 7 19 10 51 24 32 24 23 48 42 41 60 29 30 24 27 29 29 15 12 28 26 12 10 15 54 87 58 37 16 23 15 31 45 17 33 28 55 45 72 35 23 2 4 22 25 16 36 37 62 15 31 36 24 20 17 25 48 64 60
38 59 37 35 25 24 53 20 33 21 28 25 52 50 73 72 47 16 52 66 66 79 46 13 3 20 12 27 15 27 56 34 5 20 23 53 26 18 43 34 23 39 14 56 23 53 38 32 29 22 29 19 35 15 17 11 22 16 9 3 7 26 46 54 40 23 25 21 31 14 25 32 30 19 14 33 49 45 39 51 40 38 27 26 43 76 52 41 17 22 0 19 29 49 54 57 33 22 27 47
63 81 52 23 12 33 54 14 0 24 36 44 23 23 86 95 59 51 77 57 49 65 46 52 23 30 9 13 13 3 52 58 21 40 46 82 48 46 71 58 35 37 6 39 22 56 51 41 23 29 27 15 54 38 23 13 32 37 58 49 10 1 12 3 35 26 33 28 36 20 29 34 22 0 2 14 31 15 18 11 0 5 29 45 45 81 64 62 44 45 61 62 28 38 30 39 44 21 12 27
44 16 0 24 31 29 51 59 43 48 10 37 12 24 61 25 34 49 67 33 44 66 47 81 63 45 4 9 35 6 37 32 7 32 41 73 31 30 47 22 26 25 13 37 17 22 42 57 19 38 2 6 33 50 12 16 9 2 30 38 11 20 36 13 14 17 17 0 23 43 52 28 38 10 8 22 18 20 22 13 23 45 66 35 0 21 22 27 47 53 103 91 23 28 21 45 39 33 18 3
16 7 50 46 56 35 15 21 49 94 26 29 54 19 0 63 87 36 11 13 46 80 94 116 84 32 12 11 33 8 9 12 6 48 42 16 10 9 4 22 30 34 21 42 0 34 43 36 36 5 18 38 44 40 31 43 16 13 27 24 22 20 5 10 29 10 25 34 19 23 26 9 36 17 2 14 15 38 15 21 0 55 28 41 21 48 36 11 39 69 85 78 39 46 43 69 41 29 28 28
24 8 0 12 57 85 109 106 72 80 8 18 57 53 37 74 78 63 42 9 24 73 88 89 35 30 28 17 20 13 11 1 24 33 36 39 33 11 7 32 11 9 0 14 19 43 44 33 21 14 20 16 18 20 5 8 11 11 15 15 40 52 22 9 18 20 44 26 7 26 28 22 12 16 11 22 41 71 31 13 8 41 39 37 1 36 30 39 38 68 54 37 38 44 75 77 37 0 0 23
50 45 10 36 49 56 85 86 4 24 13 35 48 51 51 62 85 83 68 22 18 49 39 20 23 9 5 24 19 9 4 20 68 23 7 23 39 30 28 30 4 15 30 30 36 34 37 38 22 25 33 41 65 63 28 27 29 57 61 37 46 49 24 34 58 35 47 20 23 51 30 38 36 35 21 22 46 67 29 23 16 26 57 56 4 27 13 36 34 71 38 12 38 36 94 85 33 23 24 29
29 33 21 53 29 8 11 31 33 41 49 38 5 22 64 81 52 32 21 6 10 18 0 0 49 20 5 48 47 35 11 23 53 14 26 52 73 67 57 19 5 23 74 90 58 43 30 21 6 4 19 57 103 80 18 16 42 80 82 47 40 29 19 64 72 16 20 6 23 39 1 36 53 40 27 25 35 26 5 36 45 31 50 62 15 23 14 21 22 59 34 13 24 16 59 71 36 26 22 18
40 37 40 40 15 23 10 37 34 23 42 30 11 49 103 109 59 34 29 25 27 30 21 33 50 53 49 76 74 73 29 3 29 4 39 53 50 32 54 43 53 13 26 43 0 27 42 45 31 41 60 86 119 92 24 14 28 36 28 19 39 30 16 63 42 4 26 16 24 34 0 43 38 48 69 63 54 31 26 63 83 48 17 34 13 21 42 30 39 50 39 35 23 26 30 64 81 21 2 37
58 69 79 33 2 28 19 34 35 39 82 64 34 26 29 10 20 27 42 31 24 28 15 15 29 32 43 71 68 51 26 21 63 7 21 24 17 0 31 53 40 15 56 98 33 62 43 37 6 44 67 53 62 68 31 13 24 12 6 14 37 25 6 43 28 14 41 31 44 70 40 39 26 57 100 72 51 48 60 70 74 50 7 20 18 27 58 38 51 33 27 41 23 39 28 56 53 17 9 31
32 47 58 31 19 16 15 9 25 49 104 74 42 14 11 17 0 10 34 33 43 60 41 24 15 0 15 44 48 12 12 36 63 13 32 43 58 16 32 31 19 5 40 61 31 37 3 16 0 30 47 17 20 55 47 27 36 26 30 28 28 16 8 38 32 12 22 20 31 62 46 15 22 33 74 40 19 31 53 39 31 42 40 32 27 30 36 28 23 9 13 32 18 23 45 42 25 46 63 52
56 34 21 48 78 36 30 0 15 45 100 70 53 22 13 32 30 10 6 7 34 58 37 20 9 9 31 31 43 17 13 3 17 3 35 32 57 33 53 41 40 10 12 10 44 44 0 16 27 25 28 6 10 45 41 20 38 26 30 21 19 25 26 47 45 17 20 21 6 17 30 18 32 12 54 42 30 34 50 26 8 41 77 39 19 21 9 23 12 22 40 56 40 24 87 58 15 32 57 64
66 103 70 22 119 90 34 20 37 86 28 53 41 31 9 19 12 4 43 24 39 70 33 31 17 25 37 43 35 20 11 8 26 25 26 0 21 29 40 20 36 22 25 44 67 69 0 34 40 45 1 29 25 23 25 1 14 14 46 32 24 23 3 41 35 17 0 9 37 38 77 32 26 29 33 67 74 68 73 41 0 16 40 22 13 8 0 45 20 62 67 60 80 109 107 74 23 0 55 51
37 84 66 17 102 92 48 20 59 66 10 49 56 36 21 30 22 28 57 62 77 104 56 32 6 1 24 33 32 16 33 42 42 35 44 34 32 5 14 22 23 0 12 27 34 47 18 21 52 69 44 38 33 18 35 8 6 1 33 32 36 33 0 4 45 31 2 0 32 56 97 44 41 37 3 18 60 69 63 40 21 20 7 24 52 43 21 13 38 31 36 27 28 92 120 59 35 14 61 51
7 59 68 24 58 41 34 35 67 54 13 33 45 22 22 21 25 57 63 65 34 50 42 50 24 14 37 37 36 31 52 47 64 32 22 28 48 40 53 65 51 14 24 25 15 27 45 19 38 36 11 0 34 41 68 28 35 24 44 42 49 60 38 48 43 23 13 32 38 29 69 58 23 40 16 39 98 88 42 15 32 34 0 12 38 38 53 41 26 0 19 41 32 52 82 76 19 7 45 28
12 40 67 52 48 4 8 33 22 30 22 14 25 18 43 34 41 51 17 47 23 31 18 13 14 19 34 43 34 60 70 49 5 9 16 12 11 21 56 86 77 42 38 31 26 21 56 39 67 69 44 16 18 26 70 72 39 32 44 27 17 36 49 72 56 33 28 53 47 33 65 69 25 26 11 31 66 50 20 20 3 37 34 24 14 13 28 19 11 13 29 54 72 53 46 93 14 16 46 25
31 30 48 57 60 26 16 19 27 38 48 30 43 33 58 51 13 26 6 76 70 59 30 11 18 28 29 53 17 38 35 42 24 31 41 53 47 41 38 46 55 41 31 32 54 27 42 56 89 71 28 18 3 15 35 51 34 35 50 34 13 30 55 71 85 66 37 30 39 80 98 63 50 12 8 29 30 17 17 34 31 60 80 37 11 29 23 12 20 36 38 28 63 81 54 64 17 34 57 31
24 24 25 18 23 30 38 35 16 7 11 10 37 14 14 19 0 13 8 62 62 63 63 63 44 49 41 64 19 4 1 51 69 37 23 64 76 59 19 7 32 38 32 41 76 42 19 54 78 40 0 18 30 55 39 37 5 4 15 11 5 38 76 79 77 56 33 30 23 55 58 34 56 9 21 50 44 28 21 32 17 37 69 22 0 28 37 46 8 0 21 16 17 40 22 8 18 48 61 27
10 20 17 8 8 22 36 46 22 20 17 22 60 47 27 38 35 28 0 4 25 60 69 54 27 38 39 42 49 26 29 68 66 59 54 77 59 48 39 60 30 37 37 41 63 53 7 44 27 26 26 22 10 8 6 17 24 19 22 17 11 52 101 99 47 23 24 44 10 3 0 15 42 13 14 15 19 17 12 42 11 38 78 70 35 39 62 76 50 27 60 64 58 57 26 31 26 64 68 28
16 17 22 46 58 44 21 21 44 66 51 27 47 41 5 6 41 64 60 17 6 30 39 22 12 33 37 3 66 50 43 31 38 52 44 45 22 36 34 43 26 23 28 24 30 52 6 37 41 48 66 34 26 9 13 11 36 36 37 19 0 10 52 42 40 22 19 30 1 18 15 21 10 22 22 0 12 12 0 49 41 40 35 43 9 0 28 37 48 52 42 12 55 68 2 8 20 62 60 16
26 25 20 22 38 51 40 18 31 45 47 4 49 30 25 7 44 34 17 16 27 37 28 18 33 37 36 58 61 21 48 29 36 27 11 26 13 70 37 0 24 34 29 47 49 31 0 63 104 80 75 32 19 47 46 36 38 51 47 40 37 17 6 22 58 82 57 27 38 34 24 45 34 5 5 10 17 37 1 34 40 32 29 42 27 47 38 17 18 30 39 20 31 40 9 14 26 31 14 35
19 17 10 3 5 13 18 17 21 41 40 18 10 0 5 20 36 64 60 12 13 0 14 56 35 34 25 35 40 20 65 59 27 37 28 50 28 70 64 49 37 35 99 65 50 14 36 42 72 91 37 28 10 12 80 114 84 59 27 22 46 52 28 5 40 74 66 39 42 42 28 27 47 42 34 13 9 33 0 26 37 40 50 70 45 46 29 12 32 36 33 6 11 21 1 11 2 21 21 53
3 8 14 14 5 0 5 17 31 28 13 37 16 31 11 10 14 63 69 13 62 40 36 35 33 22 9 11 15 1 50 52 29 41 18 54 48 72 67 34 35 0 72 59 58 0 33 32 18 9 22 24 0 84 132 113 68 47 24 16 30 54 47 15 3 18 18 15 40 65 46 8 51 66 50 12 6 34 12 44 57 31 11 33 30 42 26 14 20 25 26 10 14 23 14 24 0 21 30 67
15 15 22 28 18 3 4 18 9 24 42 75 31 43 29 19 26 65 57 0 54 76 63 14 60 37 29 38 40 10 36 37 7 53 32 43 16 26 54 40 77 97 88 32 15 18 22 16 58 18 67 100 26 61 61 75 43 47 53 39 25 46 62 43 33 18 12 17 36 65 56 14 77 85 58 29 20 30 13 57 70 36 11 42 52 56 26 12 18 23 25 20 22 30 37 49 35 52 52 85
43 25 14 16 13 3 3 14 5 15 46 59 36 52 55 23 28 61 71 30 7 27 35 4 69 39 43 64 69 27 30 27 39 58 2 1 16 50 73 37 19 33 39 71 58 57 82 140 19 84 32 31 14 32 25 11 41 43 49 36 17 31 43 27 32 10 9 9 0 16 40 38 24 20 9 31 40 40 33 86 79 59 35 51 42 36 20 33 34 34 31 28 18 18 35 46 23 29 20 54
32 13 3 13 22 16 9 7 13 0 13 10 29 61 82 42 40 33 46 47 9 12 19 3 40 17 33 51 62 33 30 22 23 61 37 24 29 49 70 56 22 18 39 46 54 93 169 167 77 62 15 37 39 34 8 18 29 25 27 21 9 9 17 18 50 22 17 23 16 27 53 63 68 50 40 70 59 38 18 44 71 56 24 27 19 21 17 45 24 31 39 49 28 8 19 17 17 16 5 44
12 5 6 20 31 27 15 5 0 0 17 5 3 24 67 70 72 34 17 7 21 28 36 17 19 19 44 39 49 45 45 25 36 43 31 35 67 76 59 43 36 2 33 83 112 54 69 55 6 0 64 58 18 61 55 42 25 22 25 38 40 23 21 41 49 25 15 21 24 26 20 6 32 24 17 36 16 19 14 6 30 40 30 45 41 34 14 31 16 28 44 65 38 9 22 13 14 8 0 25
25 18 13 14 17 17 12 8 14 3 4 6 4 14 29 31 47 59 61 12 39 22 20 0 4 26 56 28 30 43 44 12 37 32 32 35 63 66 58 79 171 160 109 97 113 43 36 70 28 42 64 95 76 48 53 17 29 15 12 44 70 42 16 29 10 19 29 35 39 36 19 0 18 22 15 14 0 33 49 19 8 41 41 40 15 4 1 40 43 44 45 58 28 7 38 39 42 30 2 26
41 12 27 51 43 45 37 0 7 24 30 8 4 8 16 58 84 63 27 1 41 24 8 6 9 43 25 38 9 0 18 41 38 21 49 1 49 45 59 151 249 255 254 183 102 30 36 111 79 81 58 135 177 248 167 51 6 2 6 19 42 19 31 42 25 21 51 48 47 30 0 43 8 0 23 26 0 21 50 12 26 37 48 24 18 34 24 17 41 35 19 18 25 13 26 43 44 26 0 33
7 33 55 58 65 73 49 9 10 22 28 11 9 9 5 34 44 32 13 3 47 36 25 26 17 28 8 21 13 14 10 22 40 28 38 4 10 0 81 167 245 253 255 224 211 99 70 111 54 77 27 255 230 254 182 90 24 0 21 2 26 19 49 64 47 42 62 41 33 36 20 52 0 4 10 22 25 8 1 16 47 25 21 18 28 41 32 37 9 29 2 21 12 44 24 23 29 31 20 53
70 98 77 33 32 45 39 32 13 28 43 27 14 6 0 21 46 41 28 20 45 27 9 6 20 15 6 11 15 23 2 12 32 38 35 26 21 17 134 167 255 220 235 255 255 254 14 80 0 41 97 105 255 254 157 60 61 5 21 20 23 34 62 84 47 24 26 1 1 27 12 6 26 44 31 17 31 34 30 44 45 25 23 20 27 33 17 16 30 48 21 28 11 47 34 48 24 33 21 43
95 103 85 48 27 21 19 19 14 17 31 25 22 22 11 21 28 29 25 25 37 22 5 4 11 6 17 10 10 16 0 14 2 23 15 11 22 21 80 50 147 255 242 231 255 244 80 24 40 91 129 249 251 229 135 56 73 3 0 47 19 17 28 37 59 37 45 30 21 41 33 19 49 40 32 13 3 30 49 33 23 33 42 19 15 36 31 27 30 36 49 40 35 31 52 97 31 33 8 23
14 17 39 42 32 58 82 67 15 0 3 8 24 40 28 23 4 8 8 16 18 14 4 6 7 2 19 6 11 10 0 11 2 22 28 24 45 37 42 38 120 230 116 56 96 149 85 40 70 36 225 239 255 245 121 60 83 30 37 78 50 11 34 5 25 27 56 51 14 7 26 49 40 25 45 72 60 34 16 0 56 58 55 20 12 36 40 43 7 26 63 58 43 23 18 55 10 19 4 26
33 27 35 16 0 46 84 53 19 11 27 21 9 18 21 28 7 8 5 15 4 5 0 3 18 8 13 6 26 18 5 6 0 0 20 21 24 12 23 88 35 188 112 73 21 48 22 35 105 122 159 246 239 255 221 250 60 15 54 40 45 0 45 0 36 32 46 51 26 10 33 68 28 36 21 13 21 6 0 20 62 40 35 30 38 45 28 27 1 32 47 53 24 46 0 7 2 29 38 75
12 20 26 14 12 46 67 50 28 29 54 38 2 0 7 21 2 2 0 15 0 11 9 15 21 15 7 7 34 15 15 3 15 3 27 28 4 3 28 74 73 145 230 102 95 100 44 63 190 167 83 240 255 0 255 229 125 28 52 27 44 42 61 61 62 38 13 22 33 22 21 34 0 44 71 63 48 30 11 3 11 0 12 36 67 75 41 21 1 13 18 28 19 63 15 27 22 48 66 117
42 43 26 15 19 16 19 39 36 18 32 28 13 17 9 0 13 9 2 16 0 2 0 2 8 14 3 4 26 0 12 0 7 0 16 26 4 33 60 34 48 101 149 220 176 36 53 126 71 71 141 149 255 255 242 253 218 50 24 30 28 79 37 99 74 53 13 14 33 20 6 8 42 31 83 100 29 0 15 6 17 22 37 41 65 84 45 7 27 5 25 17 30 31 0 18 9 21 32 94
74 64 60 14 8 37 65 17 38 24 19 20 14 13 10 0 9 2 0 2 5 4 3 5 14 11 5 2 3 6 5 2 6 0 24 5 31 17 37 11 32 0 61 112 90 55 62 244 213 95 95 246 208 245 243 249 99 69 26 28 54 64 18 57 83 14 30 39 0 17 42 23 54 33 75 118 55 34 30 45 22 9 0 25 10 49 26 31 51 6 31 12 0 8 28 0 6 9 26 41
49 36 47 26 23 66 110 109 72 51 35 24 10 11 19 19 13 8 6 8 9 7 7 10 8 6 4 3 5 8 7 4 15 9 5 0 40 3 3 32 2 30 94 124 54 96 157 181 244 42 78 123 255 253 255 246 121 63 53 47 73 41 41 32 39 10 42 48 16 24 32 16 36 47 38 42 19 22 12 11 0 7 29 35 17 33 38 60 62 23 43 74 26 23 10 6 11 0 15 58
28 4 14 14 25 91 119 133 86 66 52 39 19 13 18 19 10 7 6 7 5 2 4 9 4 2 2 4 7 8 8 7 11 0 10 15 3 10 26 15 61 51 46 56 30 131 206 255 250 255 208 243 255 233 255 134 89 34 22 7 37 8 29 9 10 14 47 50 33 31 21 16 10 72 46 32 26 21 30 51 33 2 1 9 47 65 42 19 25 15 37 51 11 31 27 24 33 14 27 61
10 0 14 17 13 68 66 81 76 53 39 30 14 6 9 9 6 5 5 5 2 0 1 7 5 2 1 4 6 6 8 11 10 0 19 34 0 16 34 0 11 35 43 129 113 104 124 194 251 250 250 255 239 171 247 255 41 16 14 26 48 38 4 0 16 14 26 31 42 41 21 27 39 68 27 50 77 53 56 60 6 20 36 28 20 24 18 35 11 5 34 10 11 25 51 47 24 26 40 49
20 27 60 80 44 40 31 72 67 33 10 4 0 1 11 14 11 9 10 10 7 3 6 13 10 5 2 5 5 3 7 14 21 16 7 34 14 8 0 17 47 51 19 121 124 90 72 31 182 190 206 245 255 240 255 242 129 24 10 23 20 35 31 65 45 11 0 9 38 45 23 27 50 72 63 78 58 19 58 74 57 54 27 28 21 40 0 0 29 2 19 13 25 11 27 53 34 31 42 54
22 8 27 79 59 6 1 49 51 20 6 12 13 14 18 16 11 8 8 10 8 6 8 13 12 6 5 8 7 3 6 15 20 13 6 24 4 15 14 23 27 44 70 42 41 60 14 68 40 59 99 69 240 255 226 242 197 26 15 40 24 15 54 83 79 22 3 7 24 43 28 12 52 36 17 13 13 14 49 20 12 34 18 33 28 64 29 49 24 19 5 11 10 34 30 68 84 38 19 35
71 40 16 61 78 24 33 49 31 10 11 26 27 19 14 8 7 2 0 4 6 5 6 9 9 5 8 14 12 5 6 15 11 1 11 15 0 22 39 12 5 33 123 91 138 145 29 71 96 15 20 255 245 232 255 255 255 137 25 27 22 19 71 107 86 34 30 21 13 57 71 37 35 36 42 18 25 41 74 58 24 50 41 32 26 37 4 23 14 37 24 13 19 57 48 74 77 28 1 7
82 70 20 23 44 7 43 32 22 1 0 12 8 1 3 4 6 0 0 2 6 6 6 8 5 3 9 19 18 8 6 14 11 14 0 7 27 10 0 17 22 33 36 46 63 52 74 0 83 101 102 202 251 255 145 148 253 255 49 39 50 53 40 74 68 30 47 31 10 85 132 93 8 1 11 1 45 59 55 40 0 23 28 11 32 33 9 19 9 15 35 25 51 19 4 32 28 24 30 33
68 83 21 23 28 14 4 22 12 2 1 13 18 12 8 10 16 9 4 6 8 5 4 5 7 0 8 22 12 0 5 14 12 15 5 23 36 18 10 6 33 11 5 40 70 55 65 90 92 176 121 246 239 250 253 230 228 172 59 56 41 18 47 64 49 25 57 81 25 9 51 43 3 29 10 10 50 42 30 72 87 43 7 33 63 66 20 34 33 23 2 19 18 8 45 68 30 7 19 57
20 62 34 39 54 83 44 12 5 1 6 20 23 13 5 5 12 6 4 8 10 8 7 8 8 0 9 18 10 3 7 10 13 19 8 22 30 16 20 25 16 28 32 23 44 19 158 251 147 101 71 107 255 250 255 255 195 36 32 35 20 15 20 39 21 19 80 77 23 31 37 13 9 25 28 28 36 39 41 52 85 61 33 57 89 86 22 22 55 49 34 36 18 9 37 39 20 8 24 54
0 61 73 64 30 67 21 0 6 4 10 19 19 8 2 2 6 3 4 9 12 10 8 9 7 3 9 13 7 8 11 5 13 21 9 15 16 4 17 30 19 2 40 70 59 96 39 128 143 105 132 68 255 246 251 240 255 80 19 0 31 11 30 45 58 23 77 65 16 24 26 46 28 5 22 39 17 10 29 34 10 14 4 38 84 84 16 17 21 12 14 24 13 25 53 33 15 16 37 56
0 36 67 67 5 39 19 33 12 9 8 9 6 0 0 5 3 1 4 10 12 8 6 7 4 4 9 7 4 14 17 5 19 28 14 14 12 0 9 19 2 28 21 47 132 179 117 43 245 171 123 217 241 248 255 253 198 96 42 22 52 40 38 29 56 32 81 86 42 20 9 32 29 7 13 18 3 11 32 30 15 28 23 54 92 89 32 51 41 13 17 27 14 29 48 21 14 21 41 52
44 28 33 36 0 18 0 6 11 7 5 3 1 0 3 9 2 2 5 11 10 5 2 4 2 3 7 5 3 16 21 8 28 36 21 23 25 11 13 14 33 57 19 57 126 158 189 200 248 39 209 248 249 255 246 241 120 43 61 42 0 40 4 4 23 46 68 60 28 15 20 14 31 40 25 6 22 46 45 32 16 24 19 39 55 51 21 64 64 28 37 38 5 8 28 22 27 24 30 33
16 3 5 10 0 32 30 19 9 7 6 6 6 7 8 9 4 4 7 11 9 3 1 3 2 2 7 5 2 13 21 12 23 32 18 24 32 23 24 20 27 34 16 65 75 106 127 250 255 240 202 230 250 247 212 255 229 181 56 48 20 47 27 57 23 33 19 11 0 0 42 73 67 50 22 35 67 45 16 34 23 28 27 31 20 24 17 62 36 19 43 38 0 1 30 57 56 35 23 16
31 35 34 22 16 16 42 37 27 21 13 8 9 12 12 11 6 6 9 12 10 4 3 7 6 3 8 8 1 7 16 14 10 21 8 15 27 25 32 31 17 83 72 66 170 189 255 255 222 183 196 255 255 250 255 238 245 255 7 26 57 27 13 33 16 12 18 22 17 3 20 78 75 28 4 46 76 30 0 32 33 44 48 30 0 3 0 12 35 32 54 37 10 17 31 56 59 33 20 21
17 15 8 4 17 0 52 65 52 39 20 6 5 10 13 13 7 7 11 13 11 6 7 11 10 5 10 11 1 2 12 15 6 18 4 9 21 23 38 42 33 46 81 106 209 255 220 250 128 231 255 225 248 244 255 251 241 255 55 53 55 29 0 1 19 33 60 27 14 15 0 29 34 11 0 17 43 47 35 29 19 44 64 41 0 27 23 12 23 22 33 11 8 28 19 24 32 13 16 34
0 24 21 20 25 23 40 47 72 41 19 16 14 9 10 13 8 7 9 12 10 6 5 8 3 7 9 7 2 0 4 9 6 0 12 12 25 13 30 41 3 17 53 122 182 246 190 98 222 255 182 110 255 251 231 240 250 244 58 59 46 31 52 11 34 85 71 52 55 33 23 31 18 31 38 35 63 31 12 20 22 38 40 22 5 8 19 27 47 28 27 29 21 25 26 9 22 16 22 29
16 11 0 48 37 10 5 37 38 28 47 51 25 28 39 19 18 11 7 7 7 5 7 10 0 3 6 6 4 4 7 10 0 0 7 7 21 11 28 39 35 68 8 34 138 85 75 35 141 113 107 84 255 252 252 152 177 113 32 17 48 51 42 24 27 73 64 18 19 38 33 27 32 26 17 31 58 20 19 23 17 29 28 18 13 9 24 53 101 63 43 42 29 15 26 45 73 47 26 10
6 34 2 18 4 47 40 27 42 23 56 68 22 20 47 33 27 14 2 0 2 4 7 10 0 2 4 6 7 7 6 6 5 0 8 3 14 2 16 23 42 31 14 36 22 25 18 60 59 54 104 140 233 255 255 124 248 245 74 0 41 35 45 21 7 8 26 45 50 39 33 48 69 54 38 40 48 9 9 0 31 52 42 28 37 32 29 53 47 28 14 20 23 15 31 67 88 62 44 36
20 33 0 15 18 72 74 47 25 2 36 78 52 19 16 16 31 14 0 0 1 4 5 5 4 4 5 6 7 6 2 0 9 1 9 2 11 0 11 14 36 29 93 154 154 62 155 136 99 145 171 107 251 252 252 163 255 245 106 46 15 65 68 26 18 27 22 32 28 31 48 20 26 21 41 27 28 20 16 0 14 48 37 30 71 82 56 51 67 68 45 24 22 13 9 25 62 45 44 56
19 24 13 20 41 79 83 34 7 19 57 117 142 98 43 26 29 14 2 2 7 8 5 2 5 4 5 6 7 5 1 0 3 0 7 0 14 6 19 21 8 81 120 103 194 128 166 108 91 38 63 180 242 255 185 144 252 253 29 11 20 5 39 46 20 38 21 55 47 28 54 0 42 26 70 34 18 10 0 6 16 32 14 23 79 85 42 24 21 22 2 0 6 9 10 25 42 22 19 31
10 15 13 9 22 53 71 21 0 23 27 47 99 102 53 22 25 14 7 10 16 14 7 3 1 2 4 5 5 4 4 3 8 3 10 1 14 7 18 17 0 32 52 23 87 83 25 31 53 76 72 87 254 233 133 246 254 127 52 13 24 48 39 51 35 41 34 98 97 49 61 19 49 27 63 34 24 11 7 51 42 35 14 27 63 51 12 4 38 19 12 32 44 27 16 29 28 10 13 29
42 14 7 43 17 7 28 38 31 41 18 0 30 72 67 40 17 10 7 13 18 14 7 3 0 3 5 5 2 1 3 6 15 9 13 1 11 3 12 7 34 1 35 86 120 60 81 46 53 255 254 102 178 255 130 255 255 158 33 10 31 17 38 67 89 93 71 48 45 68 75 38 61 69 54 15 14 0 9 22 28 47 48 38 43 43 31 24 33 14 26 59 65 46 33 32 23 11 24 47
46 71 66 74 6 22 25 6 39 35 29 16 21 56 67 38 10 5 5 11 15 11 5 1 4 7 9 5 0 0 0 4 8 4 9 0 10 5 14 9 61 82 104 71 51 255 228 113 86 238 255 66 133 158 66 246 247 125 20 97 53 1 23 72 100 60 52 21 26 57 47 66 36 97 50 8 32 36 73 35 19 85 103 52 21 40 42 15 29 18 28 41 39 45 47 30 34 18 23 39
34 72 123 81 0 38 10 30 31 46 15 3 2 71 52 49 50 48 8 5 18 14 19 5 0 7 5 6 14 1 0 11 0 2 16 0 5 10 27 14 122 208 142 55 52 194 177 57 25 120 147 174 131 175 127 152 147 116 19 35 39 25 33 44 77 91 60 74 63 24 48 56 27 45 41 23 27 47 55 52 30 61 89 77 30 27 7 36 53 50 13 43 37 23 12 14 33 20 25 27
44 49 71 43 0 39 41 79 32 31 15 24 40 90 67 63 72 58 10 6 30 38 40 19 8 8 2 5 16 15 5 2 7 6 19 15 29 18 30 35 117 168 79 28 148 205 224 217 51 236 244 176 185 196 107 15 19 35 22 40 33 23 13 34 42 63 67 67 51 25 25 38 19 13 43 59 24 5 21 31 11 40 66 39 20 5 9 59 81 53 12 38 23 6 11 25 17 15 37 54
51 52 49 19 2 38 56 81 14 2 5 17 29 46 32 38 85 72 29 18 40 53 51 31 0 2 7 8 8 17 17 3 18 6 6 14 47 24 20 33 29 0 93 164 194 147 255 252 232 109 230 37 192 165 33 6 39 18 2 13 42 65 24 13 2 27 61 64 69 66 39 38 38 8 44 68 18 0 36 48 31 31 36 6 32 27 44 79 95 83 49 36 12 34 57 46 48 26 28 46
43 76 71 24 14 31 37 34 16 20 47 39 20 18 32 60 68 67 40 22 28 36 32 24 0 17 39 29 3 10 24 13 18 21 20 16 42 12 10 37 43 34 191 255 211 85 160 220 216 105 195 113 111 40 59 31 52 37 21 22 31 38 27 24 10 40 57 51 54 53 38 29 39 18 30 32 4 15 44 38 35 19 16 0 19 46 75 76 60 59 55 33 5 36 67 49 29 11 2 6
27 70 67 24 17 17 17 33 41 7 7 16 46 76 62 34 47 41 22 2 7 14 7 8 23 44 65 47 12 15 27 15 14 44 52 24 27 2 17 53 27 52 164 224 149 59 29 99 108 1 106 88 45 88 55 6 11 31 36 62 53 17 38 36 11 47 31 31 29 20 41 32 25 31 32 23 17 19 16 7 19 18 30 31 0 52 99 77 32 8 34 49 24 9 29 43 28 53 64 51
15 31 24 13 22 22 15 82 52 8 0 22 62 111 74 16 44 20 1 0 9 20 6 11 27 36 39 26 16 24 26 11 22 39 37 6 19 15 26 35 41 8 53 99 5 51 67 83 104 48 45 23 6 44 32 5 35 33 18 51 57 21 52 30 18 36 9 46 74 56 58 22 15 24 28 31 24 3 0 14 15 16 26 44 4 62 101 59 23 5 41 50 36 10 10 19 47 74 69 39
17 15 6 20 49 61 14 91 11 18 41 50 7 31 21 16 40 12 8 11 31 35 14 28 25 24 9 0 15 29 25 18 30 23 17 0 15 21 29 15 10 27 10 35 1 30 45 40 91 141 48 49 30 109 77 56 46 35 31 23 13 0 36 31 50 39 24 71 107 79 40 2 11 0 13 29 9 0 5 24 7 3 0 16 17 39 58 21 26 19 44 23 29 21 7 0 63 69 41 8
24 28 23 43 81 105 7 55 68 52 53 71 24 48 22 10 24 9 26 38 48 37 12 36 42 40 14 1 19 29 26 32 27 27 39 18 11 6 31 33 43 70 16 26 24 10 52 20 63 78 63 34 64 57 29 23 36 24 50 28 25 24 35 19 37 20 31 58 73 51 25 42 27 1 29 51 21 17 35 20 4 14 6 9 34 9 26 23 59 26 36 25 49 30 11 21 34 50 40 23
44 46 16 7 46 33 44 24 88 35 77 84 74 112 78 13 5 4 23 50 54 37 37 53 57 45 41 18 55 53 33 25 24 33 19 36 17 33 15 67 86 93 36 46 28 48 17 1 30 48 79 46 66 15 23 29 63 37 43 46 20 38 26 35 41 7 52 11 30 34 56 79 71 24 0 24 24 35 22 23 27 50 10 32 42 40 24 8 23 13 51 33 37 31 16 3 18 31 45 49
69 49 26 13 35 26 37 27 60 21 64 60 34 69 69 44 45 39 35 33 28 26 37 52 55 42 41 30 52 58 36 25 16 22 14 41 35 49 11 35 83 89 36 33 35 66 49 24 16 43 49 62 60 53 34 44 57 21 14 27 14 27 25 60 70 34 49 14 19 18 30 41 50 50 28 35 25 21 7 28 55 36 40 53 75 76 22 29 25 7 29 36 30 10 2 7 10 47 65 47
72 41 66 81 72 41 36 44 24 3 49 45 11 30 43 45 46 45 39 29 27 34 42 44 25 11 16 23 27 46 25 13 7 11 5 26 24 42 10 26 64 55 38 54 43 8 14 43 54 50 7 16 10 49 47 71 79 40 22 47 44 39 32 81 72 41 25 15 15 22 30 29 24 43 48 42 15 20 21 24 13 13 44 37 49 44 14 25 45 45 43 50 17 1 23 45 23 51 59 35
75 39 100 134 94 46 27 45 40 24 57 60 35 43 54 65 46 40 34 35 43 52 53 50 30 13 17 33 19 44 25 14 7 15 20 26 7 20 6 28 3 16 19 27 59 44 34 3 29 30 24 41 52 58 30 10 78 45 11 36 44 35 21 65 59 33 0 9 7 24 27 16 31 34 52 42 12 39 53 15 0 42 48 29 36 26 53 25 37 58 35 36 0 6 29 26 37 32 26 23
62 24 62 75 33 25 14 10 30 20 36 40 30 39 60 85 86 56 31 32 44 53 59 66 48 28 28 38 16 36 20 14 17 23 41 45 20 19 6 21 23 17 15 21 56 35 48 42 63 48 21 27 26 51 39 29 58 36 0 15 32 36 27 51 82 55 12 29 19 35 24 8 52 69 61 29 36 58 55 27 46 70 61 41 53 50 70 22 28 42 16 29 10 19 22 0 25 25 30 40
51 30 38 43 31 75 73 33 12 28 48 57 56 59 82 113 95 60 31 29 39 44 51 60 34 18 19 20 11 23 14 18 31 13 28 40 32 33 25 33 18 8 37 85 90 5 10 50 56 56 17 39 0 40 18 18 45 43 19 49 59 60 44 38 75 48 25 39 32 49 29 17 37 94 59 6 59 59 36 58 64 49 75 52 40 39 19 14 37 39 35 42 17 11 31 43 18 52 78 77
11 5 6 42 37 61 57 17 0 19 34 44 51 46 55 75 68 53 36 28 30 36 39 40 22 12 18 9 21 21 17 31 40 5 20 39 40 38 33 40 38 30 2 0 39 53 67 54 32 44 27 43 0 23 11 11 25 30 24 65 57 48 37 20 25 0 9 19 22 44 20 19 18 61 43 3 51 49 41 62 47 42 75 63 24 24 9 22 23 26 51 34 9 6 39 75 35 70 95 91
34 21 18 81 51 14 5 0 14 32 21 20 34 32 34 44 62 61 45 22 15 27 35 33 15 9 16 0 19 6 0 18 43 13 43 68 58 35 19 20 23 33 12 18 53 70 60 23 6 23 53 50 25 24 35 24 18 12 3 42 24 19 35 32 19 0 23 24 29 49 20 24 28 16 34 21 30 40 63 36 31 56 44 57 23 32 47 19 6 11 53 25 31 46 51 46 52 56 68 80
36 29 39 83 84 37 20 19 18 24 20 48 59 57 24 43 59 36 28 7 2 23 28 30 29 15 29 23 21 22 6 19 40 22 29 59 63 33 13 16 37 33 25 23 34 47 46 37 3 12 44 29 14 17 4 19 16 14 26 8 6 16 11 42 27 31 45 61 48 26 19 31 24 16 35 36 41 66 58 37 40 47 37 12 35 45 67 37 33 22 17 20 33 55 58 38 28 58 79 76
25 24 28 57 52 17 16 22 28 50 52 41 59 45 16 17 25 18 35 31 19 24 23 30 32 31 42 23 20 34 26 31 29 11 12 46 81 79 42 6 19 14 13 12 3 0 14 38 28 25 23 20 10 15 31 26 21 62 79 46 34 41 23 10 26 29 51 67 74 48 25 7 9 20 39 47 66 76 66 81 65 42 16 5 29 35 76 81 43 20 12 17 18 24 39 46 22 43 61 64
52 45 28 35 30 13 19 18 11 39 38 13 52 32 19 21 0 11 53 63 48 41 34 42 53 84 99 52 10 9 11 20 46 28 22 41 60 59 44 33 43 40 51 57 34 14 47 101 46 33 12 23 12 15 44 10 41 76 55 16 13 36 50 33 32 23 42 47 77 54 40 11 5 33 42 30 56 77 83 124 51 28 4 3 20 18 49 58 23 16 18 17 6 10 27 37 27 33 44 53
87 72 34 23 24 23 25 8 24 46 26 14 51 25 1 0 5 21 61 63 49 49 39 35 37 79 104 74 32 19 21 27 34 43 38 18 10 21 27 24 12 18 43 61 40 11 26 68 48 33 36 54 38 41 57 14 15 30 5 8 19 19 36 30 49 28 43 36 67 35 38 25 9 49 72 44 32 36 15 9 31 34 19 17 25 25 36 21 23 40 46 23 5 21 38 31 36 30 33 45
41 40 14 8 22 43 59 44 58 86 44 47 75 80 49 27 0 8 26 12 5 25 18 2 20 37 56 73 73 55 37 22 29 64 70 43 46 76 67 26 17 20 36 51 43 21 12 20 29 10 46 53 34 50 48 25 10 24 12 28 27 0 13 22 7 0 23 26 51 14 34 47 30 24 44 22 0 19 34 19 27 32 15 17 18 22 28 16 29 41 44 20 0 12 26 18 32 22 21 34
39 52 33 19 16 27 43 30 40 65 6 5 28 81 89 63 30 27 35 19 23 56 56 42 11 18 32 69 74 44 27 15 15 22 41 62 68 58 50 50 70 46 22 16 23 33 39 42 32 10 42 33 14 34 28 23 31 54 49 33 13 0 18 42 29 18 40 41 54 28 55 79 38 8 41 45 12 26 32 2 33 28 8 26 17 9 8 10 12 13 33 47 33 17 16 18 19 14 17 28
4 22 18 26 48 73 94 80 67 62 12 11 19 44 88 77 28 16 27 23 24 42 43 43 0 11 23 51 44 14 24 30 22 8 36 83 72 26 38 94 109 67 22 6 18 41 64 79 48 39 45 41 34 39 34 21 17 42 62 50 39 33 24 35 44 36 33 21 20 11 15 16 24 10 25 10 3 50 65 38 40 43 21 36 22 20 15 13 12 14 45 77 66 41 35 41 21 26 34 40
25 29 18 36 74 104 110 80 43 14 3 32 32 0 39 44 47 28 43 46 32 21 14 27 21 27 16 28 19 0 10 12 0 12 44 65 54 34 46 76 73 38 8 4 9 11 21 34 25 36 25 45 55 43 39 6 20 18 41 46 60 60 27 34 13 24 27 31 44 57 38 8 37 75 83 31 34 92 77 20 24 43 13 5 0 25 33 19 20 26 42 48 33 27 35 39 35 47 58 60
33 19 12 0 36 67 88 70 25 0 18 42 42 20 30 107 72 51 56 8 22 7 20 16 5 1 49 39 37 30 27 35 45 30 24 47 39 20 37 48 24 43 68 25 3 13 55 46 30 22 27 11 32 40 48 16 18 34 37 55 100 107 72 45 45 51 41 49 35 17 27 10 38 27 73 39 1 49 52 22 37 57 27 25 4 28 45 22 11 26 27 14 16 32 28 9 27 36 52 65
48 53 36 20 68 67 64 73 45 36 45 33 33 50 50 63 23 36 28 23 28 7 29 33 42 17 48 20 26 38 26 28 53 36 10 22 41 46 60 59 41 44 68 55 17 0 18 27 26 30 45 24 32 41 29 21 34 30 24 30 67 64 50 44 38 29 5 11 13 1 9 0 40 9 65 15 31 34 46 12 46 47 33 34 23 38 51 41 10 17 24 27 28 22 11 1 26 40 39 20
28 58 52 60 132 96 53 75 48 26 35 34 30 42 29 9 95 87 13 26 47 34 37 17 8 2 61 22 11 22 9 26 34 75 82 84 79 51 37 32 14 13 13 12 0 27 38 22 17 35 40 20 14 24 4 21 30 22 31 36 64 36 24 18 64 45 11 17 30 20 16 14 40 8 51 30 75 57 45 24 34 29 45 36 42 54 55 42 19 12 20 37 35 16 7 13 47 53 43 18
27 46 49 72 136 86 38 58 26 0 11 23 13 22 27 10 104 106 44 23 33 17 24 13 34 1 50 21 27 37 0 2 54 65 26 11 27 20 18 24 44 35 15 15 6 53 52 23 53 78 42 29 18 20 11 31 13 18 53 72 108 83 70 51 33 20 1 15 36 30 23 31 37 31 31 71 90 90 28 37 25 16 46 21 36 54 51 36 24 11 12 25 24 12 16 33 31 21 16 19
37 29 36 46 68 39 47 80 44 38 39 23 0 9 35 18 34 43 48 15 50 44 41 19 17 0 53 19 0 4 16 67 45 60 39 45 62 37 15 13 42 24 20 39 7 7 6 12 74 98 29 32 28 15 20 22 0 7 36 51 80 77 64 32 40 27 22 26 31 24 16 26 34 48 17 71 72 86 14 42 39 9 37 26 37 32 29 34 17 11 9 10 8 7 18 33 58 47 44 53
56 43 60 47 24 5 53 90 5 9 27 50 35 26 57 67 21 8 38 13 61 66 57 16 35 3 22 6 17 30 47 69 33 51 40 44 45 22 18 25 26 15 20 32 12 18 29 31 39 52 2 18 28 13 24 16 2 8 22 39 47 55 32 0 46 23 25 16 2 5 2 4 25 44 17 34 61 75 47 72 42 5 33 70 66 16 0 19 12 18 21 16 10 9 15 21 67 65 55 43
69 68 83 55 22 0 22 40 23 17 26 72 63 11 12 28 34 25 42 33 26 15 42 21 48 56 69 42 29 24 50 49 31 26 6 20 49 62 57 28 13 7 16 5 2 16 33 13 21 10 14 17 33 33 36 40 28 30 37 76 65 82 52 25 41 7 24 24 16 48 54 38 8 37 19 5 53 77 85 95 36 16 28 83 64 13 1 18 14 21 31 32 22 11 10 15 53 48 36 26
28 36 43 22 25 10 18 22 0 14 8 38 55 40 43 37 66 37 15 54 40 26 57 20 32 48 43 19 25 35 62 25 34 42 29 22 27 48 59 27 12 3 41 52 41 11 32 39 28 0 38 15 25 36 26 50 54 40 27 66 31 43 13 2 33 0 11 14 7 49 49 11 0 35 14 0 34 75 85 82 42 40 17 46 20 11 30 40 14 17 28 36 25 6 4 15 25 6 2 17
27 25 39 28 20 36 39 41 29 7 0 40 52 26 30 43 92 30 23 35 30 30 73 46 5 18 21 3 17 74 82 27 39 30 17 42 35 18 32 6 10 24 56 73 44 44 30 44 30 14 5 19 25 8 7 34 40 28 13 17 32 29 21 25 73 46 11 18 14 26 14 16 5 4 10 49 53 60 57 74 33 50 26 12 16 12 27 43 20 17 21 44 49 10 28 11 36 3 19 65
60 28 37 45 29 13 10 34 23 44 36 31 37 48 52 24 45 11 21 38 33 15 43 22 49 29 20 24 46 84 78 28 38 36 19 46 52 31 32 7 29 26 35 37 7 19 18 40 29 16 6 15 23 11 9 28 50 32 12 16 34 33 24 27 84 53 11 11 6 24 25 36 16 16 15 41 39 46 39 49 43 63 47 45 54 39 28 22 29 23 17 31 38 10 35 17 55 16 15 47
62 24 32 47 33 11 8 38 18 21 15 28 27 13 17 14 13 10 31 48 45 11 27 21 27 10 18 31 19 16 24 20 32 36 5 24 43 19 12 0 19 26 49 60 29 25 0 0 37 29 18 23 36 34 30 38 58 38 15 18 37 37 28 29 66 49 24 33 26 35 27 34 28 31 22 31 20 29 18 19 29 49 40 55 78 61 32 8 30 27 17 22 33 16 41 13 50 17 6 36
39 24 36 33 25 30 30 38 61 26 23 78 74 16 23 65 14 26 42 52 55 16 32 43 29 32 64 72 24 0 21 57 81 90 40 44 67 43 38 42 48 47 57 61 30 31 6 5 43 42 31 33 52 61 57 56 57 41 22 23 38 36 27 31 45 42 36 56 46 45 25 26 35 42 27 23 7 20 8 2 13 30 20 39 71 60 31 4 22 28 21 24 37 25 42 1 34 15 4 41
