95 46 6 5 8 68 137 105 87 81 39 8 12 47 86 87 97 41 41 44 24 29 30 21 22 50 19 42 68 38 30 17 18 31 60 68 22 2 82 60 32 61 35 22 35 59 24 22 46 65 48 27 34 30 27 49 128 91 2 2 70 75 45 59 63 23 20 31 9 25 5 11 50 65 44 14 34 68 63 34 16 18 27 110 96 37 5 6 22 61 90 98 76 37 31 69 121 80 34 12
102 60 16 7 18 75 131 100 44 30 36 18 8 22 39 80 79 69 57 19 4 21 20 19 0 55 48 62 85 70 57 25 21 44 74 42 22 11 73 92 39 59 42 12 39 44 22 32 49 59 44 22 16 8 13 36 83 65 44 51 53 26 12 22 39 20 34 19 14 33 36 32 17 6 7 7 59 61 51 23 0 55 98 66 55 50 51 0 20 33 61 71 101 74 55 38 59 63 66 66
49 43 26 27 35 59 78 54 42 0 14 19 43 64 29 45 79 60 38 20 29 20 0 7 31 58 26 23 46 53 65 54 49 49 54 1 34 23 32 51 69 51 45 10 25 10 41 109 33 63 69 40 20 23 20 7 33 23 47 51 27 19 29 17 12 2 40 37 46 32 39 39 57 36 38 28 74 49 40 17 23 23 77 67 40 14 26 19 36 36 64 36 39 0 12 15 15 38 55 52
5 21 35 48 46 24 11 7 24 10 34 36 55 77 47 45 51 30 36 49 56 35 0 4 19 24 14 39 50 29 45 70 26 17 26 13 70 33 18 8 15 44 105 70 29 27 53 79 66 65 53 23 0 10 27 27 19 2 21 16 32 58 59 17 33 21 25 10 14 17 39 52 35 46 55 38 51 37 31 18 0 12 67 72 11 39 52 70 20 8 36 41 60 26 38 41 27 39 40 27
46 41 52 74 75 37 14 35 0 7 14 26 36 40 41 34 13 22 64 61 33 37 29 8 27 38 60 90 70 16 17 51 13 19 48 75 83 16 42 32 43 27 100 109 22 15 30 58 70 32 15 19 8 0 18 45 42 20 29 24 74 78 46 18 10 32 26 26 20 31 16 0 0 29 40 54 41 36 12 14 39 77 122 81 0 37 48 43 0 15 28 24 23 20 28 38 22 35 38 30
37 8 17 52 70 44 17 39 37 33 28 53 62 51 64 69 35 15 48 50 16 19 20 2 61 62 67 71 58 36 24 22 48 41 46 78 52 15 94 109 52 10 73 111 48 47 20 28 21 19 19 27 38 45 50 56 67 40 55 50 101 69 40 69 46 34 0 31 28 18 4 20 27 34 23 63 49 47 14 32 36 26 60 41 33 37 56 38 42 123 129 56 0 0 25 66 13 26 32 25
34 6 25 54 69 58 32 45 11 19 40 42 32 30 43 70 45 7 20 41 39 30 13 13 23 25 32 32 43 63 54 28 53 32 16 41 28 49 111 138 42 44 63 14 25 101 72 41 16 28 19 13 35 53 62 76 71 39 61 41 82 58 48 87 44 30 10 55 73 31 12 21 25 20 4 34 41 51 36 53 28 20 17 5 32 42 50 1 29 106 114 51 41 29 38 67 34 37 37 31
28 8 30 32 21 17 4 18 22 8 25 7 31 76 43 31 0 13 35 41 63 71 47 48 17 23 31 10 0 28 54 62 47 44 38 46 29 55 50 69 23 15 41 22 90 99 41 58 23 4 0 34 50 3 0 49 64 31 57 16 52 52 37 30 41 66 43 19 56 57 62 25 8 23 23 21 34 44 35 27 31 36 14 51 43 38 45 49 41 67 52 0 33 0 4 46 37 34 38 49
22 30 59 47 8 27 49 16 40 26 48 57 17 21 63 74 51 29 12 23 44 53 50 42 35 42 63 58 56 76 88 70 54 33 15 36 76 77 36 5 42 65 38 22 105 66 45 15 14 23 14 7 36 51 53 88 72 31 34 27 65 112 62 17 78 59 53 14 36 42 38 61 51 55 23 19 41 42 37 26 21 44 19 20 11 15 14 21 22 40 19 28 19 27 53 5 39 73 17 30
22 68 60 34 40 23 7 30 8 1 30 45 11 17 34 50 19 33 39 14 2 16 21 24 59 115 55 32 45 143 130 45 52 43 44 70 81 49 38 71 112 139 90 25 33 60 52 11 28 37 28 23 40 38 33 62 33 14 41 49 83 119 74 37 63 52 45 40 51 13 11 29 43 66 44 23 30 48 56 34 31 59 51 31 0 24 40 0 27 33 24 11 6 12 44 5 21 26 0 31
30 68 40 22 56 35 5 42 20 19 49 65 29 27 2 21 18 43 73 40 14 29 41 70 129 140 25 9 28 99 91 21 26 26 19 30 33 2 12 77 88 137 140 92 2 20 25 44 67 74 66 66 69 45 31 49 55 21 61 100 105 85 58 79 95 48 27 10 37 29 25 42 59 73 53 23 8 27 52 34 27 40 60 59 0 24 76 53 41 11 17 16 22 19 58 62 17 14 26 60
33 38 39 33 26 28 34 39 18 14 37 55 34 46 20 55 31 31 63 51 35 41 51 99 184 124 54 40 40 39 68 61 33 43 22 15 39 36 27 50 43 67 94 95 32 31 8 46 45 44 30 40 51 41 51 72 71 21 40 81 88 68 52 78 59 23 44 11 39 61 26 26 47 32 13 7 0 6 43 41 48 17 3 29 20 71 96 49 40 5 11 12 12 25 47 59 25 39 78 81
25 32 57 43 1 7 31 17 15 2 10 23 12 25 21 59 47 38 53 41 23 21 26 64 100 65 84 54 13 39 68 66 21 39 32 29 55 56 29 18 24 39 57 52 51 44 12 42 62 49 16 19 28 30 64 86 71 48 37 33 57 87 62 17 7 21 51 36 35 26 30 24 23 19 25 48 44 35 32 0 11 43 23 10 5 53 63 26 21 15 20 22 16 55 53 35 26 38 64 59
21 39 37 22 21 24 12 0 30 20 35 51 34 5 5 8 44 61 60 36 9 3 16 27 25 36 86 76 3 64 48 41 5 7 12 21 22 7 2 14 14 23 50 66 95 52 19 37 55 55 25 24 13 3 33 36 42 50 48 32 38 65 53 9 31 49 22 46 40 0 75 63 44 45 27 22 29 44 45 6 17 44 8 10 32 55 32 8 51 25 31 63 62 54 51 39 25 28 17 33
22 31 9 3 35 37 16 18 36 34 66 96 84 22 41 11 23 53 42 38 17 0 26 23 3 14 32 45 1 24 0 26 49 18 21 40 26 8 19 38 26 9 20 67 115 93 62 20 22 47 37 44 30 26 71 71 24 35 41 35 20 25 46 47 41 43 26 50 52 19 71 46 0 24 23 33 50 48 27 0 21 50 35 45 31 17 18 46 82 34 34 51 66 9 41 30 32 62 16 32
20 22 18 14 12 11 30 61 61 50 74 99 90 21 74 35 27 43 24 58 53 16 48 46 27 33 19 17 33 13 25 79 74 27 29 57 50 38 32 15 18 35 32 30 37 90 122 50 0 30 15 13 0 12 89 104 102 101 73 34 13 30 50 34 30 18 57 21 6 16 16 11 87 82 41 29 35 21 23 32 58 79 51 36 10 18 23 19 44 31 36 0 42 19 105 56 39 115 49 36
52 55 93 60 0 24 67 51 59 55 19 51 59 39 56 17 23 12 3 70 89 53 54 27 33 32 53 34 44 58 47 94 39 3 41 27 46 51 26 26 40 71 89 84 19 52 89 31 6 25 20 22 8 22 39 77 70 41 33 2 20 53 29 36 26 21 13 70 45 34 53 28 75 81 72 49 63 18 12 46 63 76 51 32 9 41 57 40 54 15 12 15 20 71 84 27 56 44 86 69
15 42 41 42 10 61 67 39 12 20 14 51 70 56 44 0 13 30 48 60 53 44 34 6 27 28 51 30 53 61 34 50 28 46 41 20 7 24 32 26 30 66 100 119 49 34 41 7 18 32 36 57 44 32 21 46 64 60 57 58 32 74 29 37 36 39 1 29 37 23 62 102 120 96 67 53 64 44 31 35 35 29 40 11 19 64 70 53 70 27 6 23 29 33 31 0 29 16 65 30
119 105 53 48 21 7 23 32 28 20 16 30 52 63 51 28 14 4 40 56 34 12 10 42 55 36 47 30 65 52 13 12 46 91 45 38 14 22 34 15 76 100 111 121 66 34 17 1 20 31 22 34 34 45 35 45 84 54 40 45 26 68 22 2 36 98 59 34 73 53 50 68 101 64 31 20 2 15 26 26 65 58 102 46 33 58 47 32 66 38 3 20 29 22 31 12 46 36 58 6
69 47 43 53 66 4 46 28 39 23 27 22 29 29 4 11 67 28 37 68 48 12 34 92 78 38 36 32 74 46 12 16 26 47 9 26 35 39 49 38 63 74 48 42 32 34 9 0 19 37 11 0 17 77 83 75 59 34 61 37 17 16 26 16 53 111 73 27 83 70 51 41 18 27 56 73 16 20 29 24 47 40 68 32 4 34 26 8 43 36 10 10 7 31 75 44 22 40 22 1
25 16 32 35 53 38 75 0 65 34 26 5 7 18 25 84 80 68 28 26 17 13 48 39 29 14 13 15 55 41 14 9 18 22 37 21 31 36 46 58 77 73 34 28 40 49 14 18 37 54 29 21 41 96 92 75 36 16 61 61 55 32 40 24 21 29 27 36 82 59 53 52 0 21 71 102 47 44 45 34 32 16 0 29 16 73 68 31 25 18 24 27 0 24 74 36 6 52 3 40
31 17 8 24 1 52 93 31 8 7 23 24 30 20 8 55 77 78 23 18 29 50 83 33 19 45 43 40 62 73 44 24 19 36 109 52 18 18 18 34 58 41 8 11 19 15 0 29 46 41 16 26 33 47 29 28 42 7 12 58 62 49 20 1 0 0 39 63 67 53 43 17 19 12 23 43 34 38 32 22 27 24 19 94 68 112 96 54 23 0 37 69 35 21 34 25 37 59 0 33
30 22 15 36 6 50 61 40 53 59 48 32 41 33 17 40 55 34 1 15 42 69 92 67 28 50 23 29 28 45 24 28 22 18 88 54 2 13 8 19 18 9 0 5 15 25 8 58 81 67 42 59 61 64 51 68 32 13 20 54 40 0 0 26 46 49 58 44 18 44 39 0 22 14 14 30 64 50 30 27 5 0 35 101 59 78 55 36 35 2 46 89 87 45 11 53 97 64 18 26
14 22 25 12 47 105 97 55 35 59 43 33 61 67 47 42 68 38 28 26 52 97 108 101 73 61 6 33 19 31 28 77 96 29 40 43 0 19 14 25 20 31 31 27 34 52 16 31 35 39 26 41 50 68 63 76 45 17 39 55 79 2 20 51 82 53 32 30 9 40 29 11 39 40 34 34 81 61 62 94 63 8 47 71 31 46 19 16 52 24 51 80 110 69 7 84 78 13 22 13
17 23 16 44 105 78 54 7 11 19 47 66 39 0 0 31 37 11 26 39 52 67 80 100 98 69 35 45 56 77 79 134 145 70 29 26 0 22 27 15 18 31 47 55 48 81 59 42 37 46 47 7 43 30 19 71 149 85 75 66 91 4 30 38 54 25 0 36 43 102 93 11 16 30 25 42 13 48 54 94 62 42 18 55 40 57 23 10 48 53 35 40 45 28 83 52 7 38 90 76
38 19 19 40 58 16 21 37 31 58 67 37 5 7 34 57 42 24 37 27 8 56 64 31 44 69 82 32 44 83 72 75 111 47 0 5 6 46 43 22 19 15 14 25 10 47 37 43 37 79 69 20 22 2 38 97 109 58 46 24 56 25 34 3 23 26 6 7 34 69 93 52 0 28 35 70 19 27 7 41 24 15 5 35 28 47 30 21 39 62 28 10 41 26 64 86 24 48 100 98
30 25 50 44 39 27 28 32 13 55 66 29 2 14 27 22 28 52 70 58 23 77 76 54 44 55 80 12 10 17 11 19 51 48 32 43 47 70 51 29 34 39 43 61 23 51 43 69 46 66 25 15 53 45 60 53 39 22 82 112 94 26 11 17 38 56 43 0 28 26 44 30 8 47 69 114 54 36 19 62 47 42 39 46 39 53 52 44 35 34 14 4 40 29 18 23 32 42 78 68
6 22 66 40 16 36 39 34 21 64 93 74 40 28 35 43 84 97 72 57 17 33 0 9 7 22 53 53 59 45 50 62 74 63 10 22 65 103 72 32 51 53 48 61 15 36 6 13 34 40 16 24 57 60 63 54 78 61 81 80 68 70 45 14 39 44 63 16 33 31 17 11 1 52 111 167 128 70 49 68 19 22 33 35 40 55 65 55 80 24 26 18 12 30 25 3 4 22 54 26
8 39 105 99 49 39 32 47 16 57 85 66 26 15 45 79 95 54 21 42 26 60 28 22 45 78 59 62 53 72 94 72 59 58 0 7 46 78 60 32 17 15 11 31 28 78 51 36 75 40 30 45 79 98 64 49 25 25 32 34 30 54 48 26 28 12 57 29 16 32 9 16 58 70 99 121 112 37 23 8 81 62 41 21 24 55 89 95 50 16 45 36 3 27 28 21 41 85 131 93
9 40 71 64 23 17 0 0 0 29 41 28 24 38 42 33 76 27 42 77 44 84 73 29 118 115 51 28 0 17 42 27 33 60 25 34 31 27 29 31 39 52 69 67 55 81 62 45 129 88 72 45 27 71 87 120 57 28 0 23 58 64 62 48 21 9 46 35 6 2 11 33 45 27 9 16 52 31 56 34 100 75 41 19 0 20 36 41 1 15 33 26 19 37 9 14 41 82 120 73
64 68 29 22 15 32 31 29 55 55 41 31 53 79 57 11 9 8 39 54 42 58 57 59 81 38 35 31 9 9 13 37 78 67 8 33 39 31 33 26 11 27 67 56 46 47 48 45 71 57 53 66 67 112 96 56 50 117 97 81 82 52 52 12 16 41 45 64 74 9 62 79 35 47 16 25 28 23 33 3 32 37 40 65 40 44 23 18 34 43 32 20 15 53 43 35 21 35 54 13
55 50 21 78 82 48 40 70 110 84 39 7 12 37 44 33 24 50 25 8 60 50 37 122 76 9 53 18 3 4 0 43 54 50 16 66 64 37 33 22 38 12 29 15 35 35 42 36 5 31 19 30 20 82 119 77 74 92 16 7 37 0 22 12 46 104 73 114 168 37 106 97 12 65 36 48 9 24 41 32 42 38 24 53 28 57 62 86 32 38 60 65 10 54 76 35 17 13 34 18
54 57 37 38 64 57 42 59 76 37 29 28 28 49 97 32 9 47 18 25 0 10 42 41 37 56 66 44 14 14 24 19 12 26 33 53 70 34 7 30 33 32 41 16 47 45 53 73 68 113 85 43 37 69 103 58 11 28 47 60 77 43 16 1 45 76 58 90 115 9 60 68 20 43 53 50 36 12 7 29 50 63 68 23 24 41 87 99 38 18 48 40 11 41 56 27 50 53 38 20
84 51 1 0 34 40 35 57 27 5 14 11 13 27 40 27 0 36 46 35 30 0 31 12 42 61 77 64 40 38 40 27 42 77 85 43 48 27 37 52 33 7 10 24 57 49 45 81 140 140 152 21 55 132 105 41 67 26 49 151 99 50 13 44 42 19 41 45 24 12 20 45 2 45 45 54 69 48 8 23 23 43 61 32 26 26 61 76 49 28 43 27 6 36 42 11 90 79 50 30
65 51 26 22 29 17 24 65 80 35 18 23 56 88 56 65 4 33 42 36 45 27 58 40 16 29 43 38 25 25 23 7 33 66 76 11 19 7 42 57 65 50 17 5 33 78 48 28 108 96 86 128 209 223 135 75 249 246 255 197 99 57 0 58 63 30 16 5 0 50 8 27 7 61 40 44 72 71 26 50 2 11 31 30 35 30 51 66 34 73 119 76 5 0 12 19 46 37 12 0
13 88 100 39 10 28 36 27 24 11 6 20 24 50 31 46 44 55 24 34 23 39 43 32 8 8 13 11 6 13 15 4 12 17 21 2 11 0 15 38 6 25 41 68 41 52 32 65 37 58 10 69 188 253 157 224 255 252 255 245 136 43 19 45 32 87 27 31 65 77 14 5 34 79 55 45 45 57 32 54 66 43 32 35 41 29 25 27 42 64 89 57 21 22 12 0 25 35 30 19
28 61 75 61 51 57 69 78 95 57 6 19 16 49 56 23 58 65 41 46 28 38 29 21 9 1 3 5 3 10 16 9 15 12 4 26 15 7 0 18 11 29 45 73 22 28 13 55 96 20 86 160 159 40 164 244 66 248 236 255 215 33 21 46 10 95 46 30 57 41 31 30 0 16 22 27 19 43 39 32 37 14 5 31 57 72 76 83 66 35 21 14 42 82 62 22 10 23 21 13
52 24 37 82 86 54 62 106 72 64 34 38 15 31 75 54 33 35 42 16 14 0 12 9 1 0 0 7 3 4 7 3 7 20 8 28 0 14 0 8 10 12 14 42 29 73 47 41 148 66 176 226 253 154 62 193 255 239 255 226 255 68 36 19 33 37 46 10 14 29 46 48 36 30 38 34 31 47 51 19 38 32 21 35 40 55 53 58 80 40 35 36 54 90 80 47 45 45 32 22
52 54 69 78 64 43 32 26 17 0 0 41 103 105 66 12 62 54 57 25 24 9 18 18 8 2 11 18 10 5 9 10 0 8 1 11 0 17 9 4 18 4 44 107 67 33 4 38 103 26 147 105 218 45 102 248 255 238 255 44 86 33 6 4 33 0 38 28 40 56 34 28 16 7 14 0 26 35 58 47 44 48 30 30 21 42 31 23 80 29 34 44 42 61 48 11 13 15 4 0
93 44 58 119 115 55 35 59 97 44 28 51 149 134 39 0 16 11 1 12 8 28 5 3 12 4 10 15 3 0 6 13 18 1 0 7 15 24 21 5 19 12 44 75 41 39 40 70 135 156 138 45 98 137 180 255 224 255 218 112 6 24 44 39 41 28 19 15 41 43 23 58 71 75 71 17 40 5 16 22 39 42 18 18 24 65 53 33 56 13 36 41 9 21 38 28 14 33 40 35
27 12 31 82 98 29 35 46 88 48 64 26 78 131 90 43 6 32 34 19 20 23 10 0 3 6 11 17 0 11 3 26 13 25 0 0 14 14 15 0 9 13 41 47 63 73 49 60 121 104 103 108 107 164 167 242 255 253 244 231 57 0 62 50 66 71 12 11 63 71 10 12 36 39 45 22 40 40 40 13 22 13 16 36 37 75 100 26 15 17 81 71 49 0 39 51 21 41 29 53
30 0 22 34 32 13 54 2 16 37 76 44 63 67 38 27 41 38 20 7 8 6 2 6 4 2 12 13 3 11 5 23 10 30 10 35 49 28 32 12 18 27 31 32 42 71 52 35 52 71 106 246 249 75 191 248 247 255 248 255 107 31 48 86 84 97 14 42 56 72 12 39 17 27 37 20 44 53 51 17 60 26 23 53 56 79 104 54 30 32 61 82 84 39 35 56 50 44 36 85
0 8 8 0 0 13 50 38 74 49 37 38 47 12 33 101 63 38 9 3 6 0 0 17 6 0 13 6 11 10 8 17 10 24 6 33 43 18 31 30 21 30 16 32 29 64 73 61 77 78 89 239 252 54 252 255 239 255 255 136 81 22 61 71 59 79 9 51 50 34 0 26 13 41 69 53 36 13 14 11 68 28 36 74 57 44 61 43 40 42 35 66 75 41 17 58 95 51 18 55
38 46 13 19 4 29 31 55 48 57 37 22 12 9 40 39 42 24 5 5 10 0 0 17 10 0 12 0 16 9 8 11 10 12 12 13 17 13 13 31 22 24 4 39 14 18 49 68 0 42 69 19 194 174 240 241 247 255 248 20 23 15 79 43 16 33 4 36 60 8 2 36 35 52 81 89 67 28 17 23 20 0 34 77 52 32 62 81 57 39 15 28 34 22 15 47 114 80 51 55
85 25 17 41 27 59 63 28 39 71 88 91 36 20 46 9 8 11 6 3 8 4 2 10 12 0 10 0 16 11 10 11 12 10 40 13 15 36 6 30 9 14 5 44 28 16 42 66 47 96 50 247 252 244 255 255 255 250 244 84 34 39 67 42 15 27 10 27 49 2 1 30 23 18 8 9 16 29 26 20 40 25 58 84 62 55 83 110 46 17 12 7 5 8 28 27 39 32 46 46
53 13 30 13 47 65 73 28 53 35 39 77 23 0 21 30 3 17 14 4 7 11 10 12 11 0 6 2 15 19 15 20 24 15 40 3 8 42 14 40 4 17 17 31 48 36 38 45 41 91 211 244 250 249 242 255 250 241 255 144 62 28 41 23 9 33 22 44 50 52 15 32 29 89 110 86 51 60 46 23 40 14 29 37 23 17 12 14 26 32 66 53 18 14 55 61 48 18 35 42
39 44 43 10 32 53 39 36 31 38 16 21 11 24 20 15 16 23 16 7 13 15 12 13 9 0 3 10 14 31 24 37 33 23 15 0 6 23 23 41 26 24 26 7 44 16 7 32 46 39 236 255 228 255 247 247 247 238 229 125 49 9 27 23 12 31 38 41 72 123 81 83 46 93 87 41 0 19 32 36 45 7 11 19 26 38 31 36 45 76 98 94 43 35 59 98 66 36 59 56
54 29 16 48 0 76 56 51 40 49 10 14 28 24 0 28 19 17 8 6 15 13 4 6 6 0 0 15 14 40 32 49 30 32 2 18 29 13 26 26 33 14 27 6 61 23 33 110 40 32 210 254 247 245 58 47 255 244 156 128 31 35 21 71 68 52 57 0 50 109 91 80 22 13 0 31 62 99 66 32 67 13 2 0 17 54 80 116 64 76 38 51 26 32 14 61 18 51 123 108
55 41 14 1 10 29 8 48 32 22 19 3 28 15 15 15 8 16 15 12 12 4 0 6 10 9 16 17 12 19 27 21 21 36 22 14 36 8 25 26 59 36 13 14 57 18 9 45 14 126 203 238 237 150 162 254 243 244 255 97 17 39 10 74 102 42 59 48 44 88 63 19 14 26 33 33 36 60 59 7 45 22 48 43 19 15 71 69 45 26 18 34 20 14 2 27 0 38 81 79
64 3 33 43 1 52 88 58 110 88 21 5 54 34 28 12 0 0 0 0 12 11 6 11 4 6 16 19 13 15 17 7 15 23 0 16 28 10 12 24 43 30 7 2 32 28 33 59 54 61 149 126 26 64 255 244 229 254 239 81 22 35 4 32 21 35 58 38 46 79 59 40 38 21 22 36 34 39 56 53 34 12 62 98 50 8 29 14 0 22 38 34 26 40 35 30 15 31 47 32
47 12 35 41 23 34 43 25 131 125 41 30 69 28 17 0 23 32 34 29 19 0 0 6 2 4 14 16 10 12 14 5 26 30 4 43 50 39 13 24 39 32 12 12 23 38 18 0 28 0 158 227 163 229 243 252 249 255 255 232 9 38 18 30 11 55 41 18 63 92 54 22 23 15 31 45 31 28 61 97 66 49 70 100 36 4 30 31 15 47 53 20 8 27 45 39 58 47 45 27
16 16 5 7 36 9 0 18 18 42 36 47 51 17 14 14 8 26 37 38 30 9 0 5 6 5 10 10 4 12 20 15 3 8 0 36 65 59 16 4 14 21 15 10 0 21 36 35 34 58 111 94 245 255 243 195 255 250 180 129 59 33 41 40 32 83 56 14 22 25 7 0 10 18 36 31 22 29 35 45 59 59 24 51 52 58 56 41 23 46 61 57 44 21 27 23 15 1 14 18
35 13 9 18 9 17 30 17 14 14 55 58 24 10 0 5 22 25 21 27 44 40 16 0 7 5 10 8 3 11 20 15 22 27 34 48 108 111 75 42 14 7 6 23 14 53 61 48 26 29 31 29 186 254 229 132 224 244 255 115 30 5 87 115 45 44 19 13 32 52 49 16 18 12 18 14 38 64 42 29 49 111 58 46 38 21 39 96 36 38 30 48 41 24 44 58 6 9 58 91
33 27 29 46 11 54 67 7 30 0 17 23 14 42 20 38 49 58 45 27 29 31 16 2 2 3 11 11 4 7 10 1 20 21 29 15 76 89 63 34 30 23 31 55 58 75 62 30 183 228 47 168 73 82 255 255 253 255 246 159 61 17 92 109 96 96 107 78 23 9 23 26 22 2 11 14 39 57 43 68 26 91 51 87 126 52 0 12 4 28 22 65 54 37 27 15 10 25 95 139
16 38 14 52 36 72 54 18 52 24 0 1 16 32 0 17 28 65 63 22 0 6 14 16 0 1 8 9 1 4 7 0 13 15 16 1 33 52 28 25 26 44 62 42 28 38 72 81 247 255 107 181 137 166 255 245 232 34 166 74 30 73 91 145 94 78 88 55 20 18 6 9 30 8 21 19 30 28 10 57 0 53 31 61 94 20 4 14 42 54 7 48 19 21 17 16 12 23 86 114
77 61 5 59 23 39 18 11 48 70 23 33 62 46 0 39 45 86 82 32 7 13 15 9 3 1 4 2 0 4 13 9 6 14 14 17 25 50 21 45 50 48 43 11 33 50 62 38 235 255 98 151 108 206 224 230 251 239 100 113 79 18 19 30 40 38 57 19 8 26 9 34 34 9 22 33 72 83 41 62 36 81 57 50 56 0 14 0 61 61 1 62 23 23 20 37 20 20 66 76
66 108 81 31 14 20 28 17 16 60 79 83 43 43 43 64 105 162 83 18 20 19 31 0 13 8 4 6 10 10 5 0 11 12 12 18 34 47 44 32 44 25 29 16 0 10 33 66 83 121 42 86 71 192 252 252 250 255 19 139 66 31 14 10 21 37 58 35 16 17 15 50 68 8 26 3 34 54 30 47 27 75 74 49 25 27 27 0 21 39 29 51 58 24 20 26 30 18 28 33
34 43 12 15 42 35 31 40 21 50 50 69 45 50 29 43 70 80 21 16 28 21 15 3 8 8 7 7 6 5 4 2 0 11 20 17 19 25 20 7 21 32 34 3 21 78 62 7 97 53 3 4 83 84 255 235 255 247 125 71 54 49 19 36 52 61 53 22 17 50 44 55 37 25 37 84 65 35 24 41 25 78 74 35 3 3 28 33 37 31 0 7 48 23 14 7 26 11 25 53
14 30 55 81 54 15 23 29 45 77 60 56 40 52 24 26 54 44 21 43 22 14 0 12 2 4 7 6 4 4 6 8 8 18 19 12 13 23 26 20 39 40 46 31 47 91 76 38 140 255 226 172 0 109 235 255 250 150 148 39 47 76 61 38 21 27 10 2 10 61 61 76 47 48 20 140 112 64 60 46 8 50 47 32 38 29 24 9 25 20 20 19 26 18 50 53 22 21 46 77
52 22 36 57 30 46 72 17 11 50 49 30 60 84 66 40 49 41 42 53 8 29 2 14 0 2 3 5 6 8 11 13 12 5 3 9 16 18 18 19 25 3 14 22 23 29 27 35 127 227 245 237 131 76 255 233 255 181 173 31 5 38 58 25 7 14 3 16 9 30 32 65 88 70 11 112 99 70 74 33 0 43 50 31 30 5 14 22 54 49 12 20 59 69 50 54 18 20 36 52
52 32 13 17 29 61 69 10 22 28 38 15 69 62 51 12 34 13 15 27 3 54 24 18 9 6 3 4 9 12 11 9 7 2 16 41 40 15 5 16 33 19 28 29 40 57 32 4 78 105 248 247 203 78 220 245 135 225 242 42 31 29 11 8 11 30 22 26 11 12 14 35 92 74 41 52 42 30 40 12 16 39 46 30 32 0 7 13 14 48 0 9 61 71 7 48 29 22 17 24
39 95 74 50 58 34 20 38 18 0 25 17 51 29 67 77 32 6 8 21 5 43 28 32 19 12 6 5 9 10 7 2 5 6 28 52 40 12 17 47 29 19 23 17 35 68 45 5 57 50 166 176 244 55 250 255 226 253 255 12 36 29 0 8 41 76 64 32 27 32 40 22 64 48 60 20 39 40 35 28 34 17 21 24 47 14 28 14 23 46 77 96 36 40 45 88 16 31 33 29
59 104 78 49 50 37 43 68 45 23 42 42 28 19 55 67 38 27 25 23 13 30 30 33 18 14 8 6 6 6 4 3 0 0 8 17 12 7 24 50 23 13 18 14 37 84 88 73 49 121 207 63 105 95 238 239 255 222 249 41 82 74 48 23 84 124 116 57 56 46 63 28 45 18 43 12 63 63 32 50 46 11 20 14 18 0 64 78 69 16 69 80 13 10 42 37 0 38 51 33
25 52 71 55 12 23 57 29 22 12 26 55 42 73 57 5 31 28 13 3 23 49 47 18 10 10 9 6 3 3 6 9 9 7 5 7 17 27 28 24 3 10 18 8 50 132 142 107 52 134 152 23 28 44 191 255 215 255 247 35 51 34 19 8 49 91 104 56 62 31 68 50 41 8 23 6 52 32 0 41 60 1 11 23 40 20 73 59 56 12 21 7 60 38 38 65 27 64 64 40
21 35 52 70 35 36 23 10 25 38 11 34 32 92 96 3 21 22 61 41 56 50 76 45 24 18 0 4 13 0 3 8 15 13 0 13 6 25 15 15 0 12 34 68 19 21 107 87 2 39 108 80 143 99 173 253 255 249 255 17 14 26 21 43 17 42 68 28 65 28 51 21 14 15 62 107 77 17 9 37 71 37 9 21 54 9 4 12 40 36 57 39 53 55 108 73 19 32 27 27
21 28 19 14 25 60 43 0 8 7 17 11 59 26 39 18 30 43 92 74 70 42 64 47 24 25 4 4 7 3 15 19 19 17 11 22 0 6 5 11 1 30 65 159 219 177 41 7 25 40 78 144 145 166 255 245 255 220 254 13 23 37 39 28 16 0 7 25 35 27 46 5 0 27 102 139 84 23 21 39 30 42 19 0 14 26 37 15 20 56 89 63 31 54 55 34 28 10 9 7
71 34 13 23 48 33 25 31 24 9 43 0 37 0 20 18 10 32 79 58 39 4 25 23 40 32 17 29 29 12 18 21 24 12 19 39 14 8 5 3 11 30 38 28 102 155 17 77 100 57 95 85 61 76 255 255 220 255 230 39 78 131 26 33 3 49 32 28 31 44 43 48 24 12 46 68 45 60 113 136 87 43 21 66 64 38 48 73 24 45 94 81 40 25 8 37 66 53 78 48
38 41 37 18 44 28 16 7 36 6 56 44 14 24 15 0 17 36 60 30 17 1 21 20 30 33 49 77 51 7 23 51 31 0 2 26 19 18 21 15 8 49 18 76 78 22 42 97 149 137 116 42 15 147 236 255 255 172 77 61 72 118 27 26 53 95 39 23 55 68 44 56 49 4 15 35 21 49 99 101 76 54 23 35 2 14 48 68 54 28 49 41 64 12 12 27 33 64 137 81
2 13 22 16 49 31 14 0 62 16 41 45 6 19 0 23 51 59 52 18 23 31 36 19 24 60 102 113 55 14 61 109 23 4 21 44 43 24 14 2 17 7 21 30 34 7 35 61 92 72 48 25 55 176 202 220 133 107 95 89 55 45 44 9 82 47 24 36 45 21 41 56 52 26 57 74 24 4 24 19 28 70 67 45 0 22 52 40 73 54 21 19 77 46 54 1 5 36 108 52
38 21 15 17 22 0 6 31 64 67 66 17 40 23 0 41 69 67 43 17 34 46 32 7 34 66 93 84 32 18 64 80 75 68 69 54 42 10 11 22 0 43 43 9 42 41 79 32 44 15 30 45 94 112 137 68 88 48 6 50 34 0 5 29 47 44 47 33 46 10 55 87 72 55 82 92 44 25 48 56 44 47 42 55 34 17 19 15 12 28 0 27 35 14 37 4 53 34 58 28
58 68 49 13 0 20 30 15 28 70 81 39 106 65 2 17 67 58 32 25 44 45 25 19 23 30 51 65 27 4 23 16 26 65 100 97 98 36 0 0 40 22 68 43 60 63 41 49 52 58 28 22 38 177 216 143 52 20 44 81 2 27 41 35 27 59 47 13 60 53 72 75 66 58 73 80 62 62 74 68 93 71 26 6 20 22 43 44 11 22 16 50 32 17 63 63 62 28 19 27
88 67 52 75 68 85 57 20 44 24 20 43 107 76 32 48 45 32 9 19 35 26 13 32 14 18 71 125 76 10 21 36 5 34 42 28 63 38 28 42 48 5 9 46 59 86 91 25 35 45 131 90 82 87 102 139 69 4 31 12 37 9 12 83 5 16 45 38 16 10 60 54 22 30 39 35 30 47 60 52 62 51 28 12 26 0 38 75 29 12 19 0 13 35 86 43 34 21 4 22
56 42 9 66 70 94 75 55 63 23 35 41 91 53 10 60 75 58 5 75 37 36 30 46 32 25 63 113 79 21 29 50 1 23 87 73 17 4 9 35 39 2 37 9 42 9 33 10 17 29 46 75 11 63 233 225 78 18 34 43 24 6 43 40 26 28 10 20 28 67 55 37 7 32 26 38 37 25 0 13 48 45 15 38 13 33 22 49 18 37 20 13 0 0 32 0 13 82 107 59
66 67 62 17 40 64 52 10 12 29 48 6 39 58 56 94 94 92 53 52 26 37 42 24 37 29 6 44 26 24 53 25 7 45 144 112 25 30 38 37 34 39 13 33 54 66 46 85 3 30 48 30 52 135 234 182 56 32 13 34 59 56 29 19 51 13 24 1 13 77 57 69 38 45 36 29 31 54 65 71 54 21 1 23 13 69 83 64 36 35 34 46 41 41 54 31 12 81 124 113
59 61 108 105 115 73 34 53 54 28 29 10 27 22 29 91 104 97 77 29 18 22 36 7 6 30 15 53 23 36 101 70 15 46 117 63 2 13 6 38 47 44 35 17 113 25 95 72 25 38 48 0 40 61 78 38 1 26 22 29 7 20 23 49 82 63 37 24 17 27 68 55 46 48 49 41 53 86 101 79 41 24 56 61 23 67 103 54 26 17 29 32 37 51 37 18 3 55 103 131
69 90 48 61 81 129 55 22 50 35 35 20 27 35 38 67 37 15 21 20 33 34 59 65 27 31 50 78 46 32 97 87 48 59 69 33 59 51 7 107 53 38 0 50 25 41 59 28 72 74 65 21 39 28 58 75 27 40 84 96 29 26 42 31 26 34 14 32 33 15 99 81 23 25 24 25 54 58 29 0 9 22 84 67 13 14 49 8 19 21 45 17 25 65 36 14 5 27 57 100
81 116 16 39 17 61 34 26 39 29 24 7 0 18 44 68 74 40 22 50 35 15 16 29 83 34 52 31 23 8 45 41 20 15 22 31 91 67 4 97 72 8 49 16 34 62 67 41 65 87 88 107 109 83 84 58 47 47 107 122 90 78 107 89 66 28 35 20 21 13 30 38 9 15 13 52 116 114 66 49 10 17 49 27 16 0 19 2 14 23 58 28 36 71 39 36 19 17 24 62
45 90 7 7 24 63 66 2 18 13 28 50 38 48 36 12 78 71 26 63 43 46 47 33 50 36 71 16 8 18 48 60 25 6 32 53 62 39 4 30 34 45 39 48 74 70 71 45 99 62 22 69 82 58 48 17 21 26 51 62 111 120 145 153 79 38 13 23 47 39 39 44 52 51 39 89 114 92 27 23 23 29 36 18 33 12 16 21 8 9 43 36 38 40 12 41 22 18 14 28
4 3 0 27 31 0 44 74 43 42 19 4 5 91 106 42 86 100 27 52 42 65 87 39 20 52 69 50 51 81 78 73 38 17 25 41 23 2 3 5 12 41 29 76 65 36 36 18 42 17 19 49 87 62 47 51 38 23 9 28 93 128 110 72 49 46 7 54 84 54 45 50 48 40 44 102 60 51 13 14 40 51 52 32 26 6 3 8 14 14 32 30 32 22 11 54 44 49 35 13
10 20 36 56 49 37 57 65 21 0 0 24 7 42 56 29 111 124 30 37 33 50 89 22 78 78 13 55 100 142 70 0 31 27 6 32 49 22 32 59 75 0 93 77 29 48 10 45 1 49 97 29 53 51 52 83 40 23 15 13 0 52 77 40 3 4 38 69 86 73 0 48 40 21 34 90 0 15 23 30 90 84 71 45 22 17 14 1 7 19 21 8 15 24 33 73 88 99 76 23
13 12 28 37 55 28 41 73 20 14 11 18 47 51 53 105 121 69 43 23 21 28 59 13 29 95 37 14 126 94 2 64 56 21 49 16 19 28 31 52 42 15 101 96 28 58 27 56 46 75 97 83 30 30 0 66 77 37 24 0 36 33 26 51 15 21 80 54 61 42 15 56 25 17 34 30 45 12 20 65 82 64 91 72 41 29 1 12 7 15 7 17 2 23 28 45 53 77 66 56
35 22 40 36 43 51 65 33 8 29 29 13 54 108 109 106 79 56 37 22 12 18 39 6 25 29 37 46 23 29 46 50 57 63 71 24 19 29 27 0 18 13 35 62 27 37 49 51 74 74 65 30 0 25 29 93 125 96 84 48 57 40 32 57 49 21 28 4 36 51 41 48 58 5 44 76 39 61 42 50 90 93 80 38 20 12 2 26 22 24 19 24 5 24 17 4 34 35 12 14
60 35 64 49 20 32 63 12 16 23 24 6 35 93 102 93 35 33 5 9 19 36 31 0 17 25 26 66 29 40 58 36 30 64 63 22 15 37 65 25 37 66 64 81 51 30 36 26 43 22 65 4 34 6 20 17 55 44 45 26 35 27 25 43 40 28 34 27 34 37 53 54 38 5 54 80 74 102 32 25 59 97 55 31 55 34 34 88 15 11 10 12 2 46 56 26 19 21 9 26
50 12 39 41 21 23 68 57 66 59 54 21 17 59 80 84 6 33 13 30 40 51 25 1 51 79 16 50 55 61 47 38 22 24 33 42 58 68 53 10 47 59 41 19 40 69 61 63 48 21 18 21 41 76 78 92 72 50 24 0 7 25 47 65 22 13 11 38 51 51 59 22 44 18 44 15 45 75 61 44 43 24 35 77 42 25 77 58 27 37 64 64 42 68 65 8 2 35 47 64
107 67 51 37 41 28 47 54 91 96 86 31 13 55 70 60 30 68 40 30 12 19 27 50 99 96 22 34 3 27 53 47 10 0 36 44 38 47 21 27 42 112 105 34 13 19 41 72 44 9 28 25 80 49 35 14 25 33 30 29 22 27 29 20 3 42 23 6 21 82 97 8 22 10 50 39 20 51 92 16 12 43 15 33 40 13 32 28 54 63 89 71 35 45 52 5 18 63 72 64
36 50 36 0 14 18 36 52 75 67 62 38 33 44 37 41 27 54 35 29 19 13 26 50 79 76 31 41 20 41 56 43 12 4 39 23 0 29 24 61 30 99 57 36 70 63 82 51 78 64 8 40 42 61 9 19 9 20 8 7 0 28 63 66 41 28 2 33 33 35 52 52 33 45 21 22 0 34 76 42 78 111 70 42 28 20 39 11 57 52 64 37 16 29 65 54 42 71 53 24
25 76 84 24 17 18 35 39 52 44 49 52 53 29 8 39 0 8 24 53 73 42 25 9 38 54 27 32 65 74 43 36 34 16 21 32 24 44 17 14 70 112 77 54 86 76 112 115 105 102 49 18 53 36 0 0 0 11 0 19 15 52 72 48 10 40 9 0 4 59 55 20 22 40 9 24 34 44 29 36 116 168 117 70 67 31 11 18 43 41 65 59 57 41 50 39 20 42 23 6
12 52 73 31 23 22 30 10 18 54 67 39 30 17 0 19 29 18 20 32 53 29 48 51 43 36 18 0 27 47 35 37 8 20 24 50 9 0 21 56 38 45 64 21 35 25 23 72 48 86 40 22 66 72 28 17 27 31 11 47 63 109 112 61 5 19 18 40 25 24 45 120 63 0 9 18 41 38 42 40 57 61 87 107 67 28 32 23 22 15 36 42 56 25 18 8 0 28 35 44
36 57 46 38 5 25 22 24 7 37 40 62 64 58 13 4 10 6 0 36 18 19 34 56 35 33 22 6 29 26 8 58 52 14 6 49 54 46 1 5 33 40 52 28 43 19 27 42 36 103 62 25 32 46 71 47 24 7 35 26 93 97 151 117 76 14 0 33 20 47 132 171 83 52 48 10 18 27 39 30 8 18 14 66 69 78 80 65 59 38 48 13 64 44 29 35 11 10 23 95
73 70 98 61 19 20 67 54 18 16 29 68 67 36 17 38 63 46 39 26 38 2 27 0 50 39 27 23 49 42 22 69 41 28 44 50 58 102 121 150 104 49 83 65 26 43 115 140 111 168 117 30 0 26 62 45 7 11 27 32 63 8 45 61 58 20 0 29 25 26 48 68 0 28 74 43 27 19 24 20 48 46 37 19 25 24 65 50 70 37 30 35 12 27 28 61 75 21 33 69
45 72 122 85 45 26 68 64 52 31 52 79 66 17 13 32 29 38 38 33 54 24 56 8 8 43 64 55 54 36 25 68 16 29 78 29 10 77 150 210 142 61 73 74 65 66 69 106 181 162 88 20 32 87 92 46 62 71 43 52 71 6 27 51 38 38 19 41 42 24 15 22 16 24 46 18 6 5 16 31 26 34 51 45 45 24 44 28 65 34 15 0 30 27 32 60 60 8 52 65
16 52 105 102 33 33 57 49 25 17 52 63 63 39 43 27 0 48 38 76 42 35 46 23 101 108 72 23 19 25 17 25 49 23 68 41 57 101 111 111 93 51 71 88 104 89 19 62 76 50 31 11 24 62 67 52 1 38 18 33 38 26 67 70 15 41 60 49 50 40 77 78 23 12 22 23 30 26 24 47 50 33 23 55 35 26 13 19 66 7 31 29 43 51 78 27 21 17 54 45
28 39 83 74 16 29 69 53 14 7 34 39 57 56 59 25 14 56 38 93 32 29 28 34 71 73 38 9 21 51 86 112 57 0 11 5 35 50 43 45 107 103 128 98 50 69 15 34 22 38 67 61 46 54 58 62 16 26 22 60 73 106 135 79 9 25 76 34 34 35 123 101 34 48 58 45 33 29 20 48 64 25 0 24 28 48 28 20 24 35 17 57 57 58 19 23 36 56 45 51
5 57 65 4 61 29 43 75 57 32 31 41 58 56 53 40 18 17 21 53 38 29 46 63 43 56 44 36 23 22 71 119 69 32 24 17 13 0 19 70 148 167 132 76 58 127 61 44 34 71 80 62 53 57 46 17 49 22 33 67 67 102 127 78 40 27 69 26 24 13 88 42 62 84 64 19 4 29 24 45 59 35 35 15 63 97 79 20 67 28 29 90 68 51 39 17 60 67 23 42
2 79 72 0 84 29 16 62 47 31 16 37 54 62 62 80 45 15 39 31 38 21 37 55 82 67 18 3 13 29 57 55 48 50 23 42 48 18 4 22 41 59 27 52 79 149 75 49 28 87 75 49 37 34 48 35 4 4 53 44 14 31 75 97 58 35 49 47 51 22 44 12 59 62 28 9 21 55 34 51 85 70 64 12 47 97 83 18 32 27 2 11 53 22 14 9 19 30 22 22
67 82 102 67 38 22 37 23 10 19 1 19 31 53 52 79 72 43 74 47 34 20 17 39 61 79 40 10 21 54 63 12 16 59 17 32 35 18 17 36 27 8 57 159 80 90 60 32 21 64 27 22 34 25 52 57 19 11 41 8 12 26 16 16 37 26 25 72 88 54 41 46 106 71 18 17 27 38 18 66 43 45 38 19 19 84 51 11 4 53 17 24 4 44 47 43 29 52 74 8
51 35 38 55 58 51 5 39 37 63 45 15 25 57 40 53 60 39 33 53 45 36 49 35 23 61 49 34 0 95 110 75 14 27 31 47 44 33 54 70 60 52 86 184 117 79 37 9 27 49 62 46 71 77 78 59 4 44 14 0 27 34 19 7 30 39 86 96 83 56 72 75 113 88 59 65 27 31 38 66 37 53 43 68 68 71 47 16 45 105 45 18 38 57 42 75 124 83 32 3
98 82 75 74 66 58 12 44 77 78 42 23 48 81 44 42 46 41 42 46 19 16 67 91 59 49 24 1 12 67 75 34 34 48 39 46 45 23 32 50 99 54 56 134 109 103 87 51 45 39 33 15 37 41 63 77 65 139 100 15 0 13 22 16 26 98 105 38 45 51 49 37 9 4 50 38 42 0 37 53 9 49 58 72 43 29 16 4 43 86 37 9 30 34 13 15 75 53 27 15
98 89 77 61 48 50 13 45 69 57 15 14 47 81 37 39 58 36 21 26 16 30 86 109 73 59 54 13 37 23 42 34 28 52 36 47 70 52 54 85 107 51 57 114 123 122 118 60 72 52 44 32 34 2 10 33 55 154 131 36 0 7 25 29 33 105 136 101 103 79 56 37 67 25 43 11 43 3 43 39 38 53 35 43 29 37 36 27 1 70 81 36 16 0 24 46 42 33 22 16
64 65 56 32 20 35 7 39 51 49 16 27 46 76 42 66 72 31 2 19 31 52 88 87 62 81 103 56 66 11 31 55 48 75 47 55 92 68 59 98 91 55 90 124 136 112 114 41 43 36 50 56 56 4 0 15 25 102 91 40 23 15 26 44 78 54 75 66 38 27 74 87 58 18 15 47 91 102 97 76 83 65 15 23 38 72 75 59 25 21 12 0 38 46 62 15 44 33 18 8
