255 243 167 15 172 253 252 166 29 16 64 64 33 138 167 171 194 132 135 229 175 137 132 227 249 221 162 142 216 173 130 58 100 118 166 62 33 16 93 114 41 17 116 110 103 74 93 36 93 142 255 198 101 113 83 34 34 45 83 126 89 74 113 213 247 225 89 123 43 209 54 136 24 65 120 124 97 92 181 181 254 169 121 119 134 91 99 124 133 56 21 88 52 19 105 51 50 77 90 55
226 118 130 43 171 255 255 119 10 23 33 45 20 19 55 130 181 200 102 233 122 125 143 249 225 253 170 53 65 72 155 118 166 181 248 253 193 103 67 35 6 27 83 139 141 132 103 40 41 95 125 183 95 105 77 34 12 0 66 170 204 210 189 163 156 101 67 94 58 140 68 137 30 112 255 84 128 123 195 184 255 109 93 52 149 176 96 103 53 35 51 98 118 132 177 8 0 53 150 179
133 63 227 255 255 190 182 74 52 180 103 58 88 26 125 221 255 241 16 220 85 103 51 187 174 248 209 190 152 173 244 149 37 86 227 255 176 116 68 73 71 64 93 182 146 120 48 67 63 134 68 57 0 91 78 0 47 22 25 67 127 138 116 80 64 28 4 29 17 30 89 104 0 138 203 249 255 244 199 64 111 57 75 162 174 148 41 74 80 117 176 251 180 75 100 84 120 77 29 162
110 188 243 248 255 114 6 107 83 229 149 106 172 11 126 202 127 255 221 136 65 61 88 119 165 127 189 226 158 255 144 122 249 107 247 233 41 48 84 77 105 121 191 165 60 64 17 43 127 93 62 59 41 38 22 23 69 101 66 45 110 80 57 80 27 36 89 70 66 137 148 163 139 31 167 249 245 255 120 113 124 137 87 168 138 160 168 160 175 255 247 255 168 131 101 126 39 81 189 159
98 203 255 216 165 150 0 127 87 133 193 132 172 70 158 143 152 253 240 86 82 31 144 186 160 160 143 160 128 200 122 188 254 147 132 111 64 212 224 141 96 122 248 192 56 22 83 82 89 133 148 74 47 42 54 35 35 83 61 54 111 62 40 66 45 150 163 139 121 153 168 164 139 113 222 127 112 173 178 161 32 47 110 189 151 46 86 76 229 178 71 133 76 72 30 70 12 98 92 140
42 89 155 87 24 142 32 162 141 45 229 124 74 94 106 16 54 196 160 124 61 45 157 212 200 255 216 81 102 107 29 136 230 129 56 215 219 255 232 149 68 72 209 214 95 14 178 154 71 155 148 95 25 12 66 64 61 55 31 34 36 22 59 65 126 206 250 166 117 92 36 93 143 132 186 103 81 95 30 81 0 68 85 117 94 32 94 35 175 114 65 79 25 95 137 140 73 94 69 38
94 23 67 62 22 153 150 86 190 32 198 180 113 128 72 55 68 132 98 68 35 33 125 138 203 255 151 21 71 28 67 104 117 147 93 170 225 207 168 147 71 102 248 223 120 129 255 195 50 88 94 92 41 32 48 49 42 35 15 29 0 5 64 61 124 235 243 255 193 81 32 54 91 51 50 6 52 76 20 65 51 69 18 112 192 177 119 57 94 76 45 37 19 137 185 186 166 169 49 123
159 149 85 72 117 171 233 39 156 72 92 88 49 64 3 45 8 23 18 36 45 152 167 157 252 189 96 2 16 27 113 144 103 108 120 25 82 125 175 163 61 69 251 216 112 175 222 174 100 33 61 57 57 58 12 17 23 52 22 39 20 25 49 44 80 175 166 252 176 95 33 53 78 77 17 60 22 50 53 86 52 79 129 59 139 161 53 113 176 171 57 36 29 120 71 101 216 255 152 57
111 243 95 49 118 156 124 47 88 145 16 92 43 59 44 153 76 51 75 23 50 185 139 120 192 145 89 41 17 0 73 144 102 67 133 32 52 45 123 113 39 41 98 146 40 144 125 69 87 30 55 36 64 55 3 0 22 45 9 42 58 6 15 24 50 157 157 108 124 82 95 40 46 83 78 76 109 142 21 20 14 113 180 70 33 87 47 172 107 169 179 150 37 50 106 163 161 205 215 117
120 197 137 45 83 116 44 84 116 152 116 74 0 95 104 190 26 88 86 60 59 84 133 104 84 78 131 138 82 20 48 85 70 47 82 59 77 50 79 73 81 146 84 117 52 77 37 29 41 67 29 53 35 12 35 18 35 37 0 16 33 0 7 26 69 175 255 150 163 141 140 70 16 99 59 19 98 196 102 70 64 115 80 189 116 119 144 180 15 58 171 254 48 54 149 226 83 116 199 188
121 80 149 75 175 60 21 117 255 130 230 162 75 207 246 244 75 175 129 114 161 181 235 237 71 114 201 170 130 142 128 110 64 4 50 85 204 243 179 62 72 199 114 148 120 66 98 49 0 76 8 63 12 0 51 36 26 23 7 12 26 17 29 68 108 178 255 102 79 70 125 73 60 106 79 57 44 85 112 179 84 114 204 47 222 248 142 139 156 132 144 242 137 46 6 102 91 121 138 103
253 255 115 41 190 103 34 96 98 20 145 88 163 255 255 246 127 218 225 156 254 72 241 241 121 240 100 79 88 138 99 196 169 68 77 11 173 239 170 78 106 251 255 255 196 144 78 11 8 54 18 60 15 20 29 30 21 20 31 20 14 9 10 57 102 144 163 81 34 31 136 108 137 126 112 106 44 92 146 111 148 159 125 88 67 164 169 140 72 33 141 178 53 53 122 99 75 115 102 61
246 250 146 192 168 31 70 136 141 30 67 152 255 238 137 72 48 181 184 0 231 180 99 75 155 230 109 250 194 173 87 181 122 78 175 93 63 90 122 10 110 249 179 207 144 128 83 47 39 45 34 57 33 27 16 25 24 17 38 27 21 24 13 48 45 48 26 30 20 109 216 232 140 78 53 85 70 158 255 232 174 208 194 196 139 80 15 70 108 49 90 88 20 0 65 140 177 108 40 29
114 134 148 254 248 102 126 164 176 59 58 215 147 80 78 99 78 109 87 107 149 216 138 111 43 0 131 194 229 243 116 111 131 141 108 118 119 4 11 99 70 76 59 95 85 59 88 26 37 44 23 50 45 18 42 43 33 13 23 23 34 49 36 46 35 34 54 61 68 163 144 140 42 122 150 105 47 114 237 255 255 251 208 158 178 185 158 157 130 79 83 91 63 72 71 104 160 186 132 82
192 68 7 156 198 181 117 47 112 121 48 34 20 51 91 133 26 1 53 47 100 189 160 177 190 117 159 33 202 255 159 180 189 98 53 151 209 66 63 252 240 67 146 80 57 77 72 43 19 33 8 34 37 24 53 46 41 20 18 16 17 22 12 4 51 68 109 63 92 135 120 131 85 89 109 112 67 64 159 245 214 153 164 113 165 155 126 74 73 83 175 210 150 72 33 83 195 241 130 43
102 190 165 74 165 184 147 13 83 139 147 39 75 105 111 50 65 68 63 62 143 133 94 104 158 101 0 65 128 149 194 180 108 89 149 40 47 56 65 133 162 108 58 85 37 54 66 31 20 21 8 19 20 41 29 21 26 23 26 27 16 13 15 8 33 86 127 50 79 24 72 96 132 47 53 104 121 142 154 112 116 144 146 122 84 25 27 58 37 103 183 127 148 95 54 71 158 138 69 84
104 254 252 173 191 187 226 130 129 146 199 223 208 175 200 157 166 103 141 97 41 4 80 118 35 52 119 66 146 145 149 108 93 83 143 75 132 216 207 202 174 58 24 44 4 33 39 19 3 17 15 7 15 22 19 18 11 12 16 23 33 38 36 30 44 81 99 64 83 30 107 82 80 5 121 150 170 155 144 195 211 213 208 77 38 39 116 169 98 79 102 57 126 131 73 51 75 73 84 201
32 239 231 150 110 115 194 161 112 58 134 255 200 255 244 193 94 103 246 241 191 69 110 90 30 67 139 14 219 150 92 70 121 127 76 71 147 255 250 240 176 52 53 49 33 5 32 17 5 14 11 15 33 38 18 1 25 16 8 10 23 36 41 39 44 54 82 1 158 182 197 184 133 91 108 165 146 82 126 239 246 245 232 19 78 53 83 105 27 76 127 84 95 29 22 110 109 73 69 255
202 204 46 16 67 44 117 120 124 65 72 171 139 186 203 95 134 61 187 215 96 41 53 77 52 64 182 44 210 139 99 64 112 134 117 191 38 159 175 24 16 48 95 52 0 31 71 49 16 29 33 40 57 58 38 23 21 17 14 14 16 16 13 10 26 9 48 122 246 255 104 218 246 215 98 162 90 1 62 195 198 154 176 35 97 21 8 38 24 73 98 49 48 24 61 110 109 40 70 203
175 226 254 0 0 55 29 67 144 111 66 43 80 86 37 42 62 221 129 86 69 37 48 152 128 93 154 74 122 134 145 118 0 161 255 244 181 133 195 120 132 33 7 64 38 28 0 0 16 38 46 41 38 31 26 31 40 42 46 46 39 29 24 25 0 38 87 239 236 252 34 139 229 255 76 137 0 80 81 155 113 141 208 151 41 28 69 104 93 33 29 54 60 48 88 59 72 128 35 168
171 195 223 36 79 124 71 97 152 96 74 149 33 7 111 115 85 214 174 50 70 190 235 171 183 199 146 82 57 79 117 199 138 182 237 255 240 229 224 103 121 50 42 17 26 14 24 15 28 49 53 40 25 10 9 21 14 4 0 4 12 15 17 20 49 75 84 143 107 111 37 67 134 158 109 63 52 233 255 190 78 118 149 228 88 118 125 91 36 15 19 58 95 133 172 103 48 82 34 33
31 12 45 0 118 253 75 25 74 0 104 163 110 94 72 61 120 199 100 145 214 255 255 137 132 168 110 87 66 50 85 198 150 202 255 201 255 251 198 52 84 42 31 19 19 17 13 19 34 45 45 42 41 32 22 25 20 0 0 6 30 38 34 29 72 65 67 120 90 43 44 59 120 16 60 0 122 241 255 117 68 75 36 198 221 255 182 67 62 106 50 7 77 152 160 100 101 153 30 123
77 107 95 92 163 249 145 90 89 36 189 160 51 65 110 130 15 82 70 200 250 174 28 87 113 78 67 110 121 95 91 146 87 208 240 182 201 255 141 34 40 30 14 33 16 36 8 28 14 18 16 22 36 35 26 27 25 13 11 25 37 39 40 44 92 109 69 79 94 140 138 193 252 112 80 137 187 255 218 99 81 163 90 91 109 185 129 11 95 89 28 32 98 93 75 110 236 232 116 128
137 195 246 122 47 61 31 105 130 25 174 156 22 129 75 168 4 51 70 114 158 95 45 121 206 168 181 202 155 93 64 157 151 219 255 179 137 142 111 72 84 53 42 14 33 22 15 21 11 14 10 12 22 24 22 30 18 17 18 16 7 9 38 72 76 91 55 42 140 196 120 193 218 133 109 119 165 175 179 46 17 134 106 55 16 102 110 76 68 79 105 151 142 64 30 85 232 255 50 29
73 126 239 181 63 4 72 157 150 122 242 208 149 189 56 169 102 83 13 115 81 122 120 106 198 255 255 204 133 57 106 254 252 253 204 143 48 67 65 87 65 47 29 20 14 12 18 27 23 13 16 34 44 38 34 38 15 21 24 25 20 6 14 43 31 37 40 90 155 174 130 96 11 71 124 118 106 66 157 119 94 86 14 113 81 109 121 164 143 132 145 206 126 25 36 82 124 156 58 52
87 112 253 116 66 18 88 77 27 126 211 251 132 162 202 230 93 11 62 106 48 96 110 51 66 158 199 107 171 147 145 255 223 212 158 80 7 89 56 93 35 30 27 29 31 28 25 23 26 21 27 45 54 46 33 25 24 37 41 41 42 27 5 0 28 53 25 109 124 89 225 126 74 193 254 170 228 71 161 255 247 196 72 79 130 110 66 102 195 84 85 149 63 13 99 95 100 118 48 169
77 38 219 198 164 60 96 96 10 139 168 72 164 224 235 166 192 41 39 39 77 74 114 154 64 58 165 27 176 233 240 175 50 135 121 77 46 156 114 114 58 52 44 39 39 39 31 21 20 13 10 15 25 30 26 20 26 37 28 16 27 36 27 17 97 113 98 60 107 18 239 149 159 224 207 121 214 27 80 176 212 235 135 60 106 70 26 155 98 27 113 111 62 48 156 174 177 129 16 171
92 141 124 95 24 255 255 94 61 50 120 108 94 88 56 132 223 170 170 139 115 72 145 163 127 38 114 116 129 222 251 255 229 224 111 123 122 102 66 71 44 41 34 30 36 40 32 19 24 21 13 7 11 22 28 27 15 24 17 7 14 24 30 37 130 130 34 46 54 0 55 50 194 231 70 199 170 177 245 64 128 215 97 22 96 135 13 118 111 189 122 41 62 218 86 107 251 172 34 72
172 172 164 116 38 176 237 101 91 126 198 189 102 143 141 99 160 173 162 197 188 91 42 57 155 149 152 42 68 91 150 197 124 141 99 128 151 63 24 30 42 42 42 43 44 37 18 0 21 27 27 22 19 22 25 25 23 24 27 39 40 16 0 4 79 162 88 136 144 156 120 41 141 177 165 255 247 181 161 59 41 49 108 144 27 82 119 181 158 204 255 252 213 204 73 42 136 112 70 17
252 148 94 157 78 166 164 66 19 88 180 130 76 173 206 87 56 96 47 77 213 255 149 80 74 115 52 6 33 32 67 184 74 153 204 118 103 53 4 13 68 57 47 43 38 26 12 4 22 23 23 22 24 32 45 56 64 33 16 35 47 21 5 21 65 46 115 82 32 132 213 114 103 14 187 218 166 59 115 94 114 153 208 205 135 110 99 46 162 254 235 245 215 164 67 39 51 70 123 85
247 101 80 35 57 195 252 144 48 41 106 122 52 212 189 101 121 40 52 124 146 185 175 47 33 76 83 29 66 37 95 163 82 105 165 131 149 106 22 30 38 19 8 13 18 19 28 42 40 28 20 27 40 55 76 95 80 37 5 17 34 25 34 70 32 0 16 133 224 187 13 1 79 102 61 122 55 61 159 54 91 248 255 127 85 121 242 185 102 56 103 130 173 54 70 89 62 72 103 94
144 82 226 140 155 226 255 151 50 66 63 81 140 115 59 121 139 85 111 175 125 66 166 35 122 82 54 110 133 80 42 121 44 77 109 130 165 133 58 28 23 6 3 19 26 23 32 51 36 19 15 32 48 54 62 73 59 38 25 36 41 23 30 66 48 23 59 160 148 32 91 102 42 120 187 226 164 130 163 71 143 201 124 70 107 81 200 215 117 0 96 151 175 66 22 88 102 106 75 58
113 124 239 199 187 105 99 46 30 61 41 32 121 81 13 132 166 76 120 133 170 184 201 133 198 125 12 32 125 70 26 105 64 151 185 99 117 81 30 29 40 24 75 101 58 45 6 36 12 38 32 68 76 52 26 46 56 60 61 45 24 12 38 75 87 69 86 1 147 101 144 149 93 255 166 103 175 31 1 34 90 37 45 127 203 45 33 127 203 61 137 191 146 108 23 91 138 72 35 156
89 116 85 46 93 75 83 78 65 127 38 31 103 144 106 142 166 92 112 137 234 249 116 143 117 155 86 14 46 91 107 115 83 190 227 108 67 25 21 28 45 59 108 94 59 37 22 37 43 18 37 65 51 64 44 46 30 80 90 56 10 13 53 109 154 109 39 175 140 116 153 148 63 224 203 1 255 240 133 51 67 129 255 136 133 75 139 236 138 50 87 136 73 144 125 113 167 62 0 205
59 131 114 208 255 199 105 51 37 141 127 75 66 113 113 89 74 43 75 75 139 226 26 145 66 127 84 13 38 138 168 112 0 102 165 105 58 0 10 40 16 31 62 46 43 8 17 34 27 1 34 14 31 76 56 40 58 50 90 123 42 44 78 93 158 170 66 0 8 102 31 66 150 238 102 180 243 238 242 82 80 126 95 39 164 179 129 123 159 106 30 61 29 160 181 168 182 73 63 36
191 157 135 244 214 133 77 61 55 95 178 115 73 117 4 74 109 134 75 168 112 150 87 125 56 82 30 28 95 184 192 131 96 51 0 9 94 53 67 94 62 91 85 49 31 0 10 25 50 58 8 23 8 73 6 45 74 11 31 116 36 6 66 174 242 231 120 126 152 85 165 51 181 111 67 239 245 236 178 49 93 49 68 48 0 120 189 19 81 80 58 111 64 149 130 71 132 135 99 92
218 95 89 160 136 86 74 116 121 110 154 209 54 85 116 157 22 15 53 255 224 228 115 77 25 63 0 1 57 92 74 49 89 95 52 35 83 7 20 83 93 145 121 72 25 19 28 43 49 37 11 49 58 58 52 94 4 79 40 20 37 97 107 173 254 255 107 96 164 122 127 112 193 79 76 194 158 72 189 138 80 60 139 72 85 115 147 92 131 16 4 32 10 188 255 173 86 105 96 70
182 57 55 85 167 133 42 57 65 79 158 114 156 211 77 99 88 74 49 219 249 255 188 112 125 172 99 127 150 109 64 81 165 195 142 52 77 46 64 100 58 61 50 59 30 25 21 60 69 35 27 33 26 117 238 247 164 105 15 23 54 98 136 223 255 207 44 154 189 92 75 155 255 42 65 159 171 127 131 97 146 129 112 124 170 37 74 209 239 178 221 174 47 80 152 171 126 75 194 188
88 22 49 78 226 200 63 56 42 62 133 71 71 109 55 63 75 50 81 84 177 245 138 99 158 190 118 172 181 119 79 111 145 145 135 70 97 98 106 101 60 35 61 75 46 17 2 40 42 72 68 124 21 217 255 254 233 101 85 115 52 84 179 202 192 145 105 212 225 140 127 148 191 53 59 40 186 178 115 76 202 236 192 255 248 62 107 165 193 182 195 163 106 89 137 245 253 110 94 255
46 22 71 80 177 146 66 98 112 77 102 223 29 36 43 89 26 21 85 73 194 214 122 66 167 198 107 122 101 70 58 72 48 24 98 108 113 78 77 77 61 99 179 111 44 23 20 28 52 37 74 59 32 143 202 227 255 118 114 133 77 142 246 209 117 166 255 255 255 255 151 73 129 64 52 64 82 93 189 155 166 146 211 236 229 69 130 87 71 64 55 76 110 172 215 255 222 80 113 241
50 44 37 107 98 107 60 63 80 103 172 245 231 223 58 22 49 71 42 40 121 109 57 17 119 154 103 92 93 75 90 124 43 39 152 138 41 0 46 69 105 61 159 104 63 56 37 49 45 40 55 36 98 78 186 227 226 187 160 144 183 235 255 230 205 255 247 255 150 159 103 65 149 117 22 159 113 94 239 242 193 100 104 58 57 99 180 133 111 94 78 53 86 140 158 173 127 69 118 241
71 92 111 100 86 111 130 70 50 145 175 255 255 255 71 49 26 44 59 135 213 213 176 110 199 226 181 69 89 78 101 133 65 43 161 134 38 0 20 103 96 42 79 167 86 20 44 24 23 67 119 234 252 159 162 174 147 123 224 230 238 255 235 255 255 205 117 169 110 56 40 145 214 93 28 104 118 125 221 213 255 153 104 69 26 137 231 123 150 84 85 124 124 125 80 116 122 52 72 174
81 207 228 123 59 131 255 255 208 178 136 243 251 196 87 128 180 137 64 162 222 211 233 115 128 103 80 9 118 143 120 172 94 62 138 179 70 64 41 75 100 50 163 171 96 21 2 16 38 114 173 255 242 206 220 255 255 41 255 250 228 251 255 222 233 163 30 110 177 154 96 160 171 74 63 138 154 106 107 103 141 77 40 95 84 101 121 80 109 23 104 205 250 205 18 0 142 176 85 132
89 179 111 98 13 200 250 223 82 223 184 184 252 133 92 248 154 51 178 164 145 156 134 230 183 102 111 147 255 210 48 107 92 86 76 169 20 57 62 50 35 143 69 164 93 35 72 81 67 107 173 226 255 255 211 202 228 255 243 251 255 251 252 235 254 155 42 69 45 92 167 247 129 108 81 147 132 102 75 44 74 86 39 28 71 119 84 61 85 82 71 208 188 182 129 220 147 148 152 25
86 134 185 57 10 112 255 254 201 124 96 142 106 54 114 96 82 152 146 55 66 122 255 246 255 130 107 74 123 84 26 186 255 218 110 131 28 59 77 120 85 138 174 199 149 101 39 147 154 117 86 178 235 251 240 253 251 231 233 238 254 204 239 239 74 164 137 153 145 144 118 220 143 109 123 140 98 150 152 52 29 108 128 71 25 115 66 84 24 95 152 93 92 152 155 255 255 178 170 181
115 96 145 143 105 77 41 177 251 156 134 215 118 121 148 31 120 242 229 195 169 106 255 237 182 63 78 42 153 133 84 117 238 251 250 242 233 167 96 225 160 69 152 57 118 129 129 252 247 234 113 232 230 225 239 247 241 202 115 246 241 249 254 255 69 214 161 125 121 114 32 208 148 46 191 195 108 118 143 77 18 43 80 147 149 224 90 150 123 144 161 38 78 157 102 82 164 106 255 114
56 65 132 96 100 173 19 81 157 107 70 201 164 67 37 82 103 166 175 245 206 93 151 129 155 75 114 75 135 92 57 15 155 199 244 218 186 103 59 255 234 136 69 26 144 255 209 248 241 255 177 255 247 255 246 219 232 226 229 210 218 249 131 99 163 72 24 82 35 96 38 146 155 38 157 186 131 73 88 121 41 40 76 89 69 97 13 74 88 101 0 153 96 133 140 127 234 100 144 161
83 73 255 255 69 162 15 62 46 68 67 164 181 84 80 175 158 117 28 255 250 68 107 51 145 58 103 179 255 217 127 15 46 52 48 102 81 97 97 232 255 235 97 64 207 255 208 237 218 243 255 241 208 216 196 227 255 249 239 255 255 242 78 44 189 136 91 103 34 138 62 160 150 88 53 117 179 133 91 132 96 50 187 181 116 83 109 97 154 112 165 215 115 125 128 133 233 63 59 44
230 243 247 255 126 101 72 62 159 162 147 188 159 118 173 205 235 218 45 210 220 77 54 43 140 98 129 55 154 153 125 76 149 219 248 149 101 128 109 136 220 255 226 96 212 241 255 252 253 233 240 152 149 247 231 144 200 231 242 210 248 170 146 42 84 121 60 129 54 112 76 127 139 85 41 79 210 101 39 129 110 26 167 137 161 175 231 118 195 114 167 126 76 76 115 107 153 122 93 79
255 255 217 61 105 62 50 133 255 168 80 101 70 25 61 87 149 176 46 106 98 74 89 85 144 171 237 91 110 54 0 127 175 209 217 102 51 77 65 116 123 226 255 120 239 241 238 206 238 102 78 203 118 255 246 224 249 250 232 251 255 237 203 180 114 93 82 113 96 91 40 154 140 79 44 90 137 93 37 85 73 51 37 49 187 244 255 206 255 129 108 65 41 53 161 241 250 163 28 85
107 200 176 53 128 97 0 226 169 165 136 41 71 61 46 84 128 137 77 81 80 146 143 151 88 109 174 88 174 145 45 125 82 81 145 110 67 106 160 226 95 76 138 19 157 89 123 60 187 92 62 153 85 254 250 201 255 235 255 62 0 154 76 157 255 178 229 136 172 86 44 217 174 72 47 44 113 174 149 56 19 55 78 39 54 129 219 255 249 151 115 80 84 76 126 135 33 173 68 57
116 17 132 148 100 131 94 134 129 103 64 64 116 4 111 106 119 52 59 85 109 206 193 255 67 35 86 120 115 37 73 134 101 47 98 105 39 70 208 255 183 196 244 165 51 95 179 167 114 217 162 99 143 253 225 223 246 255 60 76 102 58 192 117 243 129 103 171 108 101 189 204 96 99 113 123 47 182 229 223 173 100 156 66 30 138 197 173 147 96 81 49 58 65 99 43 43 4 74 213
104 59 104 109 70 122 41 51 171 255 223 105 143 108 200 195 122 108 210 189 97 112 93 235 152 77 19 102 87 154 244 222 195 187 173 141 64 54 210 246 255 247 250 249 94 200 237 215 161 241 232 231 169 241 254 255 255 237 90 55 129 145 199 91 203 155 225 183 84 26 171 255 130 54 44 58 123 210 246 169 148 159 240 138 51 122 171 178 146 165 240 232 185 135 138 56 111 117 104 131
116 121 108 101 98 206 96 64 110 128 24 48 61 68 208 151 76 136 255 201 89 94 47 122 63 118 53 54 17 173 170 125 128 244 226 142 84 43 182 252 254 239 251 255 207 242 248 248 167 255 245 246 210 240 232 243 180 167 67 95 150 173 181 112 126 62 76 116 52 56 201 243 164 58 5 110 121 79 78 91 115 217 255 226 70 70 120 128 79 144 255 255 230 198 184 100 213 227 75 81
75 44 117 73 74 134 150 184 120 73 131 181 175 101 78 115 98 113 130 69 74 160 92 44 36 155 172 135 104 88 21 76 133 236 249 165 121 76 182 255 225 255 244 237 179 255 243 234 159 242 244 225 214 251 254 152 52 65 83 55 17 72 62 131 163 56 44 0 61 52 65 90 91 88 63 41 133 132 196 84 35 101 150 194 82 59 99 69 113 148 217 199 238 226 166 97 173 183 76 98
92 17 49 94 72 123 97 255 166 41 181 177 167 92 90 132 94 127 122 71 100 198 171 124 125 211 240 159 215 74 29 87 170 171 242 242 227 184 227 246 250 242 252 224 167 207 238 240 206 252 238 255 233 254 222 92 57 100 132 112 82 92 31 21 7 12 40 103 130 182 250 255 185 178 135 114 174 145 240 151 41 56 127 158 123 63 61 46 237 180 158 130 210 176 102 113 91 73 78 87
214 129 67 161 235 191 64 224 137 21 3 55 29 27 116 196 103 131 198 58 127 212 223 189 191 242 254 117 209 61 24 64 146 122 240 255 255 227 249 255 232 250 255 241 201 231 187 216 200 255 253 242 255 209 139 88 123 144 168 36 15 42 34 37 61 78 131 101 101 126 255 251 150 63 14 194 132 82 251 171 112 46 108 185 155 76 55 20 197 135 57 133 203 132 37 115 53 11 91 87
213 180 132 252 245 219 50 128 181 129 48 102 49 54 139 207 70 102 125 58 97 161 177 211 204 212 249 143 171 99 55 108 129 131 235 227 252 244 255 244 240 255 223 255 240 240 194 240 199 241 231 255 214 134 107 78 140 126 186 136 82 53 39 56 88 13 38 255 184 86 122 138 106 101 79 0 90 158 255 144 93 3 112 217 120 129 83 72 107 67 10 168 205 184 37 75 11 54 98 141
45 88 89 64 98 195 95 155 235 208 69 48 56 33 58 152 98 76 39 44 69 39 108 202 202 193 231 140 105 116 65 150 98 129 111 218 250 247 255 250 245 254 244 240 227 255 254 255 222 255 255 234 250 138 118 70 131 146 191 178 123 81 54 48 73 50 65 244 255 153 66 42 96 146 43 117 121 115 145 15 96 22 160 220 60 160 116 219 90 111 82 151 190 229 107 32 39 100 90 219
0 7 126 32 112 240 65 248 227 245 142 0 133 92 30 103 153 55 34 81 17 81 0 142 255 164 144 109 43 29 38 254 112 71 99 67 201 255 250 241 255 228 255 235 255 223 225 255 255 239 111 208 156 83 251 239 0 77 143 149 50 83 114 3 60 72 125 237 244 201 40 115 255 147 50 109 171 101 65 185 141 173 125 121 31 123 131 107 165 184 137 112 135 112 226 255 105 83 127 233
117 71 23 56 149 255 100 176 184 255 225 44 183 144 88 80 187 120 117 126 32 14 94 216 181 105 128 149 94 78 90 191 186 110 103 81 202 238 235 248 197 220 240 209 255 244 252 250 255 224 137 67 139 153 204 140 51 52 24 162 162 123 117 125 73 0 139 250 234 183 68 63 88 43 170 55 69 87 38 225 249 215 146 63 34 67 91 88 179 180 55 37 76 144 243 253 188 78 214 129
136 75 144 113 66 135 7 46 109 183 139 78 128 95 151 138 123 53 146 39 118 68 151 79 84 132 209 168 90 164 255 252 197 137 6 126 144 139 199 248 255 196 151 247 231 211 255 255 175 28 6 174 223 195 83 10 21 141 164 216 131 98 73 142 65 46 190 178 131 67 152 74 63 3 115 170 109 117 43 138 253 176 106 82 120 61 147 111 31 108 106 114 127 66 195 159 86 196 50 50
129 87 142 158 101 91 95 67 107 140 67 98 111 57 108 110 116 26 12 80 114 3 30 37 120 102 110 136 189 245 246 210 158 91 65 79 122 172 239 252 225 185 161 230 198 250 244 213 255 242 254 166 180 238 94 7 48 79 220 255 61 117 70 63 17 82 59 119 110 63 107 30 107 88 126 165 196 174 56 75 173 160 123 15 60 51 167 192 62 153 253 216 9 151 97 130 153 150 175 82
97 146 55 115 88 128 155 0 13 82 48 103 198 166 116 89 176 156 137 148 105 95 9 58 19 35 25 89 213 177 37 40 50 39 90 173 215 249 255 196 205 248 255 233 255 239 31 57 245 255 202 139 69 125 94 57 63 26 99 92 16 179 81 146 107 133 12 69 166 126 173 116 222 87 32 175 215 127 45 10 90 146 78 98 209 97 163 193 102 126 114 200 79 115 255 191 21 164 149 84
204 214 255 251 211 204 173 75 80 104 74 47 61 72 148 69 72 75 125 152 193 255 81 45 12 35 84 169 180 156 105 225 133 78 157 226 232 248 219 166 190 251 241 243 183 92 57 147 239 231 255 182 119 90 0 78 155 89 28 13 70 163 62 186 143 109 67 47 178 147 209 182 165 106 106 127 183 59 75 26 106 166 31 71 139 67 60 121 102 144 149 212 143 244 250 55 175 53 89 72
135 72 245 255 189 150 81 95 71 114 135 75 79 94 194 151 102 61 153 121 241 165 100 102 125 138 40 63 97 85 165 218 163 84 72 49 147 220 142 37 62 118 112 76 69 148 239 154 15 109 206 153 146 149 126 170 252 146 31 71 152 191 49 143 89 17 45 154 187 44 71 126 100 137 234 98 61 39 80 114 190 201 95 140 134 53 58 62 54 92 149 104 193 179 255 60 243 208 145 244
89 129 125 158 165 155 65 97 140 204 253 111 118 76 76 38 144 110 6 32 166 90 234 174 45 53 38 169 232 176 94 0 238 242 162 117 105 110 101 52 144 192 129 171 232 211 255 255 150 159 133 51 110 155 193 193 175 140 98 46 2 169 171 113 101 124 67 81 200 53 113 244 138 118 255 168 100 133 142 65 233 118 76 48 49 50 5 77 215 171 66 110 82 202 242 126 169 70 255 255
94 161 61 120 19 204 235 39 116 255 233 150 215 78 119 51 18 3 52 71 133 221 251 248 165 70 44 227 245 232 139 62 255 247 180 107 109 114 96 17 152 142 160 236 106 89 221 243 132 88 64 57 70 22 66 149 137 164 120 65 101 125 52 107 87 140 36 137 59 104 115 116 75 40 108 136 119 176 252 105 52 34 54 121 255 225 156 184 243 108 15 63 58 145 159 83 56 255 221 196
167 154 42 137 38 111 83 76 180 231 250 182 205 55 52 45 87 72 37 38 97 105 131 154 90 53 87 255 174 130 127 69 181 146 185 6 75 136 52 24 35 89 161 192 108 74 82 67 8 108 144 99 24 30 67 129 88 36 72 30 67 95 59 71 94 208 176 55 133 136 95 35 47 94 31 47 67 114 210 92 53 82 76 86 240 214 173 144 203 120 31 75 72 158 87 112 63 127 115 87
155 118 20 65 47 74 56 104 123 77 99 139 141 43 123 137 252 177 39 56 183 112 54 132 129 137 245 236 92 37 73 57 86 38 43 38 152 253 167 251 131 52 93 65 81 67 101 108 122 162 126 114 27 49 83 162 126 13 75 55 62 75 90 127 94 232 253 99 186 193 72 42 92 122 68 98 103 139 166 67 92 126 140 80 147 199 196 111 122 74 50 38 44 110 53 58 85 84 68 198
205 136 20 61 56 33 61 62 85 9 23 46 40 41 116 176 240 198 101 52 129 69 0 75 121 139 255 181 92 69 95 148 162 127 55 153 157 215 178 189 118 97 186 85 69 49 112 111 123 149 81 140 88 98 128 166 189 82 53 13 24 72 146 245 201 220 134 161 124 118 50 85 67 47 68 128 74 89 70 16 45 135 108 128 119 172 230 75 50 69 119 121 107 122 86 38 40 102 69 86
199 164 97 119 56 32 39 24 75 157 121 147 128 92 158 179 255 248 226 31 51 39 27 42 80 111 108 89 41 0 59 157 144 124 131 125 125 249 255 42 55 130 207 88 84 110 175 192 116 97 7 156 145 102 139 175 129 90 48 33 0 10 99 250 255 235 33 140 60 52 109 67 27 41 74 148 122 126 57 32 104 155 135 168 120 196 182 79 71 148 167 117 117 67 92 111 120 147 193 90
145 93 63 142 91 150 170 14 57 252 254 116 52 80 168 99 209 216 233 167 107 117 78 48 83 127 90 146 67 38 116 236 154 228 252 98 86 204 247 61 87 127 145 49 85 154 234 215 95 85 62 139 135 48 152 183 62 90 101 130 74 9 20 191 227 223 27 48 73 94 96 71 35 67 82 192 207 227 165 119 188 241 156 81 92 175 82 54 113 200 117 60 65 32 92 175 249 209 215 176
122 90 105 161 125 171 169 25 65 255 236 116 78 184 210 162 241 235 204 255 239 135 84 109 80 90 141 119 76 68 104 163 97 147 241 107 0 80 69 32 134 226 170 89 59 48 99 47 18 131 147 109 76 50 121 131 62 68 150 221 153 111 107 153 131 124 25 3 65 98 103 94 93 86 68 130 162 231 137 95 127 235 187 26 58 128 93 109 158 194 77 99 171 140 123 155 206 147 59 21
102 114 147 233 131 0 20 50 109 251 150 120 132 222 255 155 255 195 146 226 241 212 154 194 131 60 184 30 152 103 84 144 96 152 125 136 113 127 79 108 108 140 168 113 76 16 57 40 46 129 123 108 107 132 64 54 68 41 110 187 191 241 255 229 81 87 46 111 86 79 130 229 208 138 79 28 124 209 54 52 115 248 206 114 41 117 213 255 209 168 116 83 255 217 114 52 138 72 46 142
136 130 39 204 101 187 69 96 57 140 16 41 240 237 219 154 65 44 241 158 255 92 249 220 56 159 147 95 255 132 250 113 31 112 53 155 188 116 94 138 143 72 84 66 73 94 173 153 67 95 86 93 30 101 71 224 172 161 147 139 173 248 254 238 61 26 33 19 27 29 88 67 251 196 93 64 139 114 86 85 64 179 255 249 248 24 170 89 133 89 110 69 244 255 115 145 47 114 111 98
53 103 134 33 242 255 160 154 150 81 64 68 250 232 117 88 91 91 108 147 196 79 251 227 42 59 99 219 228 171 221 157 164 76 64 102 132 107 69 76 39 86 151 248 177 49 172 247 146 81 72 96 107 197 109 177 98 165 185 171 189 255 255 255 175 130 120 73 0 48 127 108 112 175 224 107 43 103 100 130 45 246 223 232 255 184 210 60 191 45 247 255 246 165 150 93 121 64 94 113
95 68 108 72 232 232 224 56 130 91 78 65 192 203 71 112 140 130 55 107 159 108 186 245 147 126 75 150 152 153 255 245 255 101 54 43 104 122 65 50 49 86 167 204 230 31 114 174 192 83 74 34 85 125 54 75 7 69 131 167 155 237 232 203 119 132 31 189 65 35 193 243 108 134 115 176 168 155 80 214 9 105 167 174 179 39 96 134 243 129 241 214 255 77 179 74 105 111 146 120
140 140 68 83 142 205 244 95 59 24 75 98 76 131 97 77 66 72 80 53 97 118 136 255 195 198 165 159 219 61 169 124 79 81 29 71 80 57 43 68 97 139 207 90 144 75 120 19 139 73 73 27 66 61 45 138 108 99 111 171 151 255 243 191 133 159 23 148 196 18 155 55 75 104 87 115 136 152 62 233 80 58 153 175 234 74 124 212 250 217 159 243 255 171 248 115 164 88 95 145
110 137 189 73 88 78 132 181 46 2 165 174 99 171 114 85 0 79 148 135 66 76 98 214 91 129 243 125 180 118 233 199 86 77 6 120 98 118 106 99 145 229 248 217 105 92 187 55 103 60 12 18 89 118 81 190 183 142 96 146 129 237 203 169 157 195 127 95 179 18 110 80 149 153 72 31 38 104 130 68 61 98 88 138 179 66 84 255 247 227 103 233 231 187 250 175 161 123 73 122
98 90 102 124 97 40 0 92 46 69 156 150 138 255 166 105 65 80 147 119 95 54 38 117 70 99 210 129 17 3 1 38 87 19 45 79 127 218 249 142 115 156 151 153 80 102 179 59 107 57 21 0 124 206 148 93 78 74 71 95 53 119 78 69 73 158 151 69 97 53 116 254 204 154 25 48 78 127 158 40 100 53 95 124 7 84 17 209 233 134 32 209 194 125 153 171 118 96 4 59
144 35 33 92 75 80 59 88 105 123 22 80 65 162 124 62 124 35 90 53 166 81 12 12 85 155 128 175 34 96 118 162 185 22 54 0 85 230 245 117 31 18 27 6 20 136 88 45 103 59 31 84 148 226 201 21 43 120 76 100 98 104 42 44 37 116 119 74 100 81 116 97 22 51 193 45 91 162 122 130 118 87 166 148 80 166 98 91 84 76 75 255 232 115 148 159 95 10 72 81
122 156 112 85 158 110 27 144 157 97 192 163 125 102 63 55 127 46 169 85 204 32 16 33 66 83 51 90 62 11 142 173 113 151 138 72 115 179 198 75 67 125 143 0 52 77 99 165 63 0 149 116 85 154 102 22 114 182 131 113 89 65 20 84 49 57 71 108 118 97 165 108 111 41 222 223 38 197 191 61 11 49 32 126 54 0 100 78 137 196 64 94 108 35 108 155 78 99 248 193
131 75 78 40 131 143 121 62 104 170 73 115 25 46 46 83 74 0 94 41 161 19 52 30 42 69 41 121 66 95 154 212 249 42 117 138 209 179 89 244 250 124 66 76 75 113 132 80 48 24 37 26 111 105 148 0 120 116 108 57 55 124 57 44 20 15 86 158 104 39 138 158 86 68 176 215 168 92 151 19 64 48 58 85 33 69 13 69 153 225 149 20 36 79 13 65 61 173 255 243
145 98 84 36 221 247 255 170 47 105 204 92 1 21 62 69 55 15 86 79 99 22 74 14 0 27 125 65 45 125 146 168 121 122 243 103 81 81 226 251 237 137 62 69 75 170 178 114 82 104 124 15 43 55 111 40 115 53 65 73 68 65 13 37 64 46 90 124 93 59 98 103 48 76 157 255 194 122 61 31 68 172 191 200 66 68 28 49 105 208 173 123 59 102 107 109 88 146 205 255
243 249 134 69 245 238 251 236 47 113 213 83 63 0 32 88 29 38 87 154 138 156 144 33 52 95 208 135 24 150 138 204 83 141 180 96 61 24 156 157 108 164 52 17 128 142 148 146 150 198 237 215 139 107 82 0 22 83 39 30 113 124 81 22 26 119 220 221 136 42 6 5 58 54 87 116 119 129 25 60 100 143 176 182 58 57 72 56 60 137 157 187 99 68 36 93 35 75 112 148
203 243 27 51 206 255 248 245 142 49 27 29 95 47 97 90 36 94 135 165 94 149 84 13 116 105 137 133 15 112 142 200 89 143 77 57 73 101 87 113 102 72 15 136 134 66 53 88 116 129 141 163 124 193 186 120 33 169 149 147 207 123 100 118 170 241 252 216 146 75 49 29 73 74 69 97 96 141 129 227 122 112 131 89 41 124 147 113 6 85 55 145 136 57 52 117 222 253 190 135
63 214 75 185 166 243 212 185 135 66 4 10 72 62 121 160 116 188 210 154 40 112 48 61 183 99 36 48 29 81 162 106 18 114 166 161 126 109 61 112 154 26 108 121 92 32 22 95 186 238 255 112 33 154 140 119 60 146 151 143 178 78 82 194 201 227 124 57 52 87 129 76 28 52 51 136 80 84 62 210 63 49 53 53 83 186 155 153 73 54 36 37 22 7 0 49 172 170 86 123
38 239 137 247 110 186 128 178 147 111 67 64 115 84 152 220 207 170 136 97 58 175 144 132 114 74 138 104 56 55 163 52 76 120 228 255 129 60 30 179 241 56 228 240 179 162 108 88 106 168 188 188 82 74 40 61 14 62 85 105 107 84 100 174 177 101 56 96 22 87 128 58 29 51 91 215 51 93 94 224 73 61 71 65 112 158 111 111 64 81 41 65 55 41 74 127 201 136 82 59
159 146 18 115 108 116 144 252 143 155 55 80 117 143 180 255 222 105 75 30 22 169 140 142 101 43 145 204 103 49 142 117 178 92 255 184 60 70 120 238 227 36 136 140 62 118 194 54 43 89 116 101 99 40 50 125 72 73 67 229 144 43 75 213 247 171 54 229 106 45 76 36 55 116 94 73 18 77 116 191 59 59 38 40 89 107 50 75 28 55 63 0 50 35 105 160 255 237 158 137
213 98 107 104 239 180 47 124 2 236 192 21 82 201 220 183 206 67 81 75 46 78 53 238 231 136 39 142 86 65 143 217 253 92 212 85 20 85 101 63 92 83 46 136 40 165 250 134 66 98 48 131 132 80 54 98 104 79 190 205 74 54 21 114 211 141 203 142 74 83 98 22 55 139 115 64 18 138 184 173 79 90 61 21 42 84 67 91 51 37 46 8 117 72 62 77 210 203 124 171
126 60 144 182 255 136 92 101 63 167 255 17 235 255 200 255 133 61 76 163 240 219 71 240 234 171 125 219 227 18 58 82 218 88 59 77 48 70 107 91 26 19 48 177 255 76 135 57 202 225 115 217 181 226 219 187 145 86 43 248 126 88 104 110 112 103 61 142 23 79 136 114 207 104 40 59 24 46 89 176 192 169 138 16 48 148 123 55 5 31 39 93 108 51 55 164 84 108 91 158
88 102 246 255 120 60 162 59 81 237 205 99 245 239 100 125 110 90 84 203 250 186 42 195 127 113 99 138 59 47 79 82 245 231 97 92 51 131 216 157 110 52 0 172 204 133 156 110 152 144 96 72 91 182 248 255 255 174 208 229 96 97 100 110 136 123 159 54 68 76 61 65 216 168 112 0 56 100 114 132 198 238 255 58 58 122 90 51 94 103 29 121 85 78 91 153 128 209 255 255
67 94 169 122 0 79 204 97 1 226 168 147 243 255 160 54 46 23 43 180 168 87 0 55 65 54 84 27 27 176 143 187 252 179 83 33 5 104 213 156 124 164 106 154 90 178 161 89 109 73 96 56 108 137 130 237 255 153 247 115 76 40 94 99 115 174 214 75 167 62 28 57 120 143 180 140 130 120 80 58 110 168 209 29 68 93 61 93 184 200 123 128 42 80 158 120 154 206 252 233
72 103 61 77 121 89 171 155 42 79 223 44 201 236 216 57 71 74 73 71 52 66 54 32 88 93 85 138 116 219 0 150 102 88 186 105 68 98 130 48 36 99 108 104 77 117 79 78 69 97 86 106 114 132 67 109 101 112 142 84 27 33 115 146 118 213 200 95 154 48 85 36 28 75 131 210 118 108 122 120 66 103 150 82 95 118 166 242 255 247 227 160 30 76 200 97 182 170 138 151
92 110 152 90 171 68 54 137 56 19 150 120 102 80 130 52 93 73 52 11 81 143 174 163 199 168 80 102 110 222 40 128 69 21 168 134 124 71 83 101 38 23 78 60 144 140 118 106 4 145 69 59 35 134 173 48 76 97 58 98 105 93 169 172 158 167 123 71 88 70 175 42 27 103 72 74 44 59 148 133 70 21 47 92 80 133 220 224 163 148 245 238 106 142 255 145 188 178 77 77
76 52 131 31 87 131 110 69 25 14 32 139 117 69 111 53 14 19 49 86 102 215 243 252 232 155 65 79 34 244 255 160 140 137 38 31 81 11 86 213 140 35 71 54 222 251 227 133 1 138 67 34 10 180 166 84 121 161 90 94 146 74 136 154 132 161 66 72 56 130 182 61 114 118 18 38 81 149 73 50 92 86 30 4 35 70 116 127 43 64 223 106 90 66 130 19 29 112 29 24
59 48 50 34 62 180 231 73 38 96 15 23 97 138 119 65 15 31 136 148 109 170 157 254 151 161 46 145 161 236 229 76 251 255 40 51 91 63 112 156 98 11 50 127 206 251 244 193 63 70 52 120 25 145 152 48 85 166 127 79 103 61 98 66 127 199 78 70 83 114 139 92 161 115 39 49 139 115 78 69 193 255 169 23 90 133 111 91 149 176 249 145 233 102 70 72 66 185 111 95
56 172 85 45 20 114 147 64 55 81 56 98 83 109 60 18 7 74 174 146 47 56 75 236 84 86 149 104 223 152 133 68 255 209 25 124 75 125 122 37 13 96 183 187 113 194 255 194 102 75 67 147 128 128 104 37 78 41 63 166 225 93 50 55 108 240 157 123 62 34 97 142 189 92 139 55 110 74 0 98 255 198 97 35 209 198 119 127 205 255 242 162 253 85 11 165 87 211 140 156
122 255 155 74 74 136 59 96 50 75 210 49 31 120 255 96 97 143 70 65 57 76 102 139 70 93 202 149 108 174 14 162 243 255 55 117 183 241 59 150 80 108 45 77 203 161 108 73 99 124 115 108 233 132 77 35 137 61 53 101 195 164 114 64 47 104 41 68 28 51 134 115 93 166 104 135 146 51 133 204 59 118 204 126 245 253 166 60 15 151 198 241 255 144 37 212 149 231 150 228
