86 64 20 41 25 63 49 41 93 69 77 93 83 7 75 93 50 35 29 34 46 33 85 84 51 68 112 117 52 80 66 94 100 175 172 88 5 86 73 49 108 98 66 12 14 38 20 123 131 172 62 18 62 29 36 107 199 101 50 77 46 51 76 78 124 120 75 77 64 82 37 53 144 129 77 81 136 107 20 74 24 37 73 70 62 70 77 87 73 78 59 81 22 6 60 75 73 37 17 70
69 49 61 41 20 36 22 13 64 8 63 93 87 31 94 50 19 77 120 100 18 42 105 109 1 64 144 65 38 48 27 49 66 112 142 107 15 76 21 41 70 26 31 56 83 99 58 120 79 58 31 49 46 58 102 73 114 85 52 59 49 73 68 43 6 33 111 87 4 51 57 36 80 121 95 38 56 74 36 18 41 54 26 21 54 41 6 65 36 39 55 27 0 66 138 43 13 43 23 40
54 0 42 26 24 14 29 56 59 46 90 114 82 17 21 26 5 41 77 88 18 97 91 34 23 41 28 73 90 102 28 76 56 91 95 78 72 78 120 97 49 40 92 102 61 67 39 57 19 63 59 32 19 56 78 3 52 55 70 134 137 80 18 36 69 100 104 89 33 45 25 36 42 44 62 33 84 60 64 8 32 26 24 90 129 104 22 42 84 0 54 134 128 70 84 8 0 32 34 53
65 0 38 57 63 24 35 50 84 57 24 76 46 59 30 86 33 50 70 68 0 64 56 48 43 57 40 74 116 58 31 29 47 84 17 44 32 91 88 19 12 15 83 81 7 34 46 51 61 104 94 74 49 10 9 21 0 47 76 138 178 125 20 26 23 68 41 55 0 76 123 101 90 65 7 86 56 40 10 34 59 90 121 178 146 90 5 32 58 18 110 157 141 61 50 27 31 11 43 93
111 36 19 77 68 12 44 77 22 11 20 84 21 65 37 28 58 38 21 23 38 88 52 41 56 24 34 65 107 86 76 61 19 46 98 57 7 54 66 118 132 44 36 57 31 55 30 0 84 51 60 83 55 44 54 23 0 31 19 53 133 133 37 44 59 27 10 49 45 45 59 120 111 74 12 31 102 69 44 29 30 125 132 108 58 41 40 166 188 111 47 66 113 63 24 88 44 10 41 76
76 91 32 19 0 25 80 71 0 46 70 43 12 50 82 69 53 66 54 29 44 68 66 81 27 12 90 113 62 70 17 32 67 12 68 19 57 11 73 113 92 77 76 54 0 4 2 9 1 11 60 64 27 60 90 39 37 50 21 20 77 92 23 54 50 35 56 0 79 65 10 87 151 146 54 40 110 127 68 41 91 127 109 52 1 54 105 174 169 226 104 9 26 51 19 69 23 30 39 20
67 68 41 72 58 16 16 44 47 133 130 68 70 62 78 56 144 138 94 53 28 39 77 101 53 32 68 0 14 51 68 2 4 37 20 71 50 36 94 107 107 120 79 37 32 58 27 18 54 12 0 42 104 106 51 10 42 81 71 33 57 92 21 14 38 0 44 46 50 24 13 50 104 112 91 32 111 116 114 118 89 93 132 94 19 83 132 95 56 146 64 13 28 57 31 37 38 40 54 26
17 111 117 53 65 105 64 0 13 92 114 92 26 21 93 95 123 91 50 65 31 24 43 33 43 82 67 96 100 81 116 60 51 124 103 78 8 56 95 97 64 79 27 9 38 53 27 64 49 44 34 46 86 79 20 0 60 30 27 60 102 97 3 8 40 54 5 71 93 97 53 0 37 51 38 58 115 163 61 8 0 94 195 134 21 25 66 57 8 33 1 52 54 29 55 107 86 35 74 81
0 101 134 50 58 43 28 85 53 0 104 87 16 18 32 25 66 72 113 131 88 67 54 23 52 149 151 68 32 42 108 77 54 63 121 105 28 37 68 76 47 27 26 31 84 78 63 63 63 86 88 73 39 41 56 37 19 60 94 131 150 92 25 34 46 89 59 5 61 98 45 50 45 53 108 84 57 101 38 38 38 19 116 153 93 77 120 76 16 17 40 97 42 29 133 118 72 30 56 82
24 60 78 68 36 12 86 167 110 14 81 70 46 44 49 37 35 42 101 114 108 73 81 66 29 123 140 93 58 21 66 76 27 149 255 139 65 77 51 85 78 49 5 61 80 94 28 25 22 60 35 36 66 81 75 29 37 95 168 128 107 76 60 17 26 107 85 30 107 78 36 43 143 92 69 31 9 26 82 44 6 20 96 83 58 88 119 82 21 15 27 44 31 35 79 99 43 51 61 58
65 107 118 164 98 24 101 173 95 62 114 58 16 19 37 33 6 44 59 46 74 33 38 87 76 143 171 113 44 49 103 55 41 255 255 115 85 73 36 20 40 62 21 37 8 54 36 55 35 19 16 21 61 59 55 126 70 5 37 2 29 24 74 55 18 19 29 72 75 19 43 59 108 121 88 13 3 1 31 29 51 24 28 0 4 33 47 38 27 65 80 12 6 37 34 89 37 46 58 59
5 110 124 149 85 2 21 84 98 51 39 35 64 112 87 46 55 84 74 82 127 100 51 60 52 89 80 67 66 42 43 42 64 154 121 63 106 108 11 73 35 5 23 99 118 52 27 46 2 61 19 50 72 13 50 22 0 37 107 71 108 52 25 26 22 91 70 122 142 107 13 9 21 151 67 41 32 27 68 44 83 84 88 61 32 0 17 29 35 91 125 55 43 53 8 48 73 37 68 93
49 86 62 61 68 71 42 55 109 63 20 49 18 18 3 42 45 40 91 71 36 30 87 76 49 21 24 51 42 59 85 63 64 149 131 25 64 88 35 34 47 12 64 149 181 59 29 20 12 66 68 44 15 2 115 147 54 26 135 143 88 94 121 90 85 80 33 98 165 152 53 112 169 151 82 21 17 85 65 30 115 107 62 31 11 0 57 43 46 52 62 27 17 38 54 101 43 20 47 52
137 97 74 36 26 52 14 0 16 29 43 136 114 83 38 52 7 20 41 5 95 50 50 42 56 88 52 26 37 43 16 24 42 62 68 26 62 0 69 76 0 64 149 202 174 87 66 33 23 57 5 52 58 4 147 120 48 77 118 93 50 27 12 99 179 145 108 31 35 59 58 76 108 125 78 40 38 9 66 87 139 83 16 29 67 49 67 25 110 68 43 37 73 126 94 9 28 59 65 26
73 98 131 66 24 20 29 81 118 107 78 105 81 43 29 20 50 0 39 57 47 36 75 29 27 34 45 82 74 49 22 55 34 0 47 0 12 9 54 71 38 45 56 96 76 39 78 90 89 126 121 77 75 42 78 45 44 66 66 44 85 105 15 30 40 55 57 21 46 7 14 60 72 68 50 37 77 27 1 41 124 76 29 17 61 37 29 63 137 50 4 25 131 237 175 36 36 53 59 38
153 195 165 62 65 36 14 69 117 58 20 46 56 3 27 31 26 39 24 87 82 62 1 29 76 103 57 26 22 17 0 34 44 17 7 36 16 16 54 34 85 78 54 34 36 43 122 111 104 109 95 86 134 76 74 69 55 14 23 68 151 145 55 98 106 70 53 53 10 22 63 12 47 65 41 78 36 4 39 56 66 76 71 19 83 84 15 51 57 7 40 68 91 118 93 90 76 24 50 90
206 233 148 79 24 35 60 29 81 63 3 30 37 129 174 61 60 6 34 26 63 39 94 66 59 58 48 53 0 8 28 17 90 77 12 53 42 22 59 66 75 106 97 51 36 39 90 71 70 118 133 145 173 106 31 81 72 105 45 60 86 119 65 49 44 86 31 55 92 37 68 65 34 34 58 98 38 47 39 35 61 84 42 62 111 112 44 25 14 23 60 48 38 58 17 86 114 109 60 71
120 112 46 26 16 65 57 35 67 113 104 38 75 141 111 55 0 26 39 19 22 55 89 83 145 62 111 124 38 67 67 32 109 94 60 67 20 83 21 27 65 67 62 61 30 7 17 27 48 146 141 81 98 117 77 38 110 78 42 18 28 68 53 54 69 30 34 56 88 35 52 26 24 31 11 73 35 23 65 42 0 67 95 101 101 84 90 11 20 52 55 96 71 59 27 41 100 159 101 62
57 72 31 17 19 47 29 87 134 119 37 0 5 89 51 100 133 100 38 28 31 50 60 105 121 109 83 73 19 50 104 55 69 55 102 98 62 89 65 119 21 61 55 53 43 36 6 53 61 83 51 28 63 87 70 48 56 30 63 110 10 25 22 128 115 34 57 83 22 42 52 52 55 0 36 100 72 30 11 56 21 30 129 143 79 77 173 35 13 87 102 155 113 33 37 19 21 89 58 22
36 87 89 64 75 131 140 133 81 55 76 80 57 13 44 67 150 75 48 66 68 25 29 92 192 171 76 94 71 17 76 90 33 84 97 60 56 91 124 94 124 74 31 19 28 52 54 117 136 105 89 93 101 47 0 50 1 23 98 91 51 51 69 108 83 45 171 165 106 84 129 119 78 77 67 69 28 0 44 44 115 165 69 47 68 33 134 39 14 46 12 6 54 5 40 66 14 21 42 69
13 7 64 125 88 33 101 121 146 132 110 110 0 32 72 99 68 29 50 82 108 148 144 128 129 109 114 119 77 12 6 32 3 111 75 57 25 91 123 88 48 62 114 60 2 20 71 96 132 71 39 28 95 100 22 71 59 59 6 64 37 56 20 71 38 64 151 206 84 53 35 40 40 80 88 77 27 0 30 19 47 99 49 24 106 141 113 92 54 6 108 128 37 52 123 86 68 32 35 47
74 97 50 44 75 39 36 1 42 41 95 70 70 93 96 107 137 98 65 57 44 141 97 24 52 60 11 0 34 57 76 76 24 108 103 45 15 29 33 53 12 71 83 25 50 40 35 59 48 42 103 136 146 77 0 82 126 131 47 18 82 98 50 7 34 27 87 116 80 18 36 35 46 33 69 80 48 31 17 59 99 44 53 64 69 141 128 168 99 52 66 73 19 75 64 47 13 41 64 53
84 120 45 30 44 20 0 32 42 48 40 54 26 54 60 130 113 88 76 59 26 68 30 23 76 126 98 87 83 7 44 91 36 110 119 19 70 93 78 71 29 90 80 94 129 40 0 88 147 86 117 193 171 82 80 169 172 129 35 87 139 161 47 33 41 45 61 93 32 48 41 40 22 71 43 94 93 88 74 5 88 110 33 95 88 64 107 118 90 84 71 74 50 71 92 47 27 48 56 0
56 37 31 67 0 33 26 44 91 73 15 54 62 69 131 133 75 28 32 12 45 42 26 59 42 0 39 43 50 67 69 50 25 99 69 40 54 46 26 84 66 117 108 100 71 105 143 135 185 105 63 89 45 31 130 165 88 64 49 58 73 85 23 64 30 49 90 56 3 71 104 90 106 72 21 52 74 118 62 21 119 104 122 85 34 99 79 29 82 98 88 103 151 90 128 0 14 23 96 83
26 23 39 51 42 16 59 47 100 82 0 28 80 90 50 0 44 61 28 12 0 31 50 72 125 119 132 81 36 31 74 68 48 78 42 13 37 57 57 57 39 64 67 26 17 94 203 164 117 62 20 0 57 138 108 114 37 26 22 36 50 22 51 32 27 4 39 22 106 129 110 133 122 72 50 41 33 71 45 28 63 65 29 58 63 18 29 43 81 63 105 169 111 53 65 7 67 39 106 150
42 72 96 117 87 36 22 35 76 36 40 43 85 41 5 113 66 60 57 24 28 6 9 104 151 165 167 156 117 128 155 127 62 18 17 99 98 63 20 16 11 35 0 19 70 103 98 147 111 105 48 98 43 25 11 32 91 58 52 49 31 66 48 53 46 77 86 34 42 67 40 45 53 38 64 37 24 44 99 60 97 81 76 18 41 0 63 86 53 26 159 138 20 81 127 14 116 43 54 92
7 56 67 67 48 47 25 65 69 8 87 118 30 59 112 72 44 87 87 9 0 32 27 23 80 90 126 146 69 128 200 154 99 48 3 65 92 118 92 106 63 14 46 106 40 48 120 133 27 126 127 125 29 67 84 48 67 53 103 84 11 87 100 37 12 62 59 53 41 76 80 109 55 14 26 102 107 20 26 36 95 19 54 24 53 53 27 68 69 9 132 188 133 87 78 45 125 62 40 51
54 24 13 24 31 30 4 47 49 72 113 146 36 89 108 87 95 31 9 47 12 24 89 119 62 38 32 51 40 37 44 86 163 62 18 12 0 94 122 53 49 20 14 131 120 7 123 90 34 76 161 115 37 68 36 5 29 87 96 48 39 63 129 97 39 44 34 97 110 104 126 177 110 60 0 32 156 103 53 56 69 25 47 56 86 82 36 26 56 88 96 137 123 10 27 24 29 54 47 20
0 15 71 46 28 34 34 27 77 125 126 78 56 135 56 118 142 81 64 26 3 42 121 149 63 70 94 7 0 67 90 79 63 17 30 40 78 82 49 9 30 3 59 46 110 123 104 85 54 22 94 70 33 75 19 26 39 33 46 47 44 64 136 98 120 87 66 107 128 76 94 112 16 65 111 91 166 86 36 64 11 62 63 44 115 103 172 98 45 132 120 111 42 0 118 76 35 123 132 85
20 52 108 66 39 43 50 2 76 81 76 25 32 78 46 30 37 10 57 18 84 51 19 65 43 76 90 34 82 70 28 77 89 24 82 77 64 62 116 137 63 46 34 38 43 103 146 28 27 32 22 46 36 106 47 28 38 38 16 18 76 147 98 86 154 116 83 48 70 29 57 34 97 75 88 138 93 52 0 44 21 36 61 72 172 230 224 205 86 67 51 82 35 34 119 92 13 97 92 47
78 23 8 63 99 75 62 54 9 44 30 30 37 4 23 6 98 96 40 6 70 44 22 75 2 48 78 95 132 134 80 10 15 44 99 81 120 139 154 202 89 10 0 32 66 46 45 34 47 49 14 132 179 178 94 81 106 42 29 40 54 139 126 84 144 90 65 26 53 18 34 3 97 109 74 103 8 55 39 81 79 36 71 126 188 244 121 190 164 104 23 27 30 86 90 48 35 103 83 40
9 56 37 55 49 37 28 35 17 58 79 48 39 137 119 20 17 117 12 69 54 39 49 38 23 117 91 70 29 30 49 14 51 63 89 85 139 179 117 87 61 17 80 26 45 34 88 158 139 92 37 122 219 181 90 88 113 29 22 75 75 29 70 58 109 31 37 67 109 48 27 9 35 81 56 1 11 33 100 110 36 57 66 96 118 67 39 122 137 129 53 43 22 102 112 39 77 152 132 84
32 25 33 12 16 26 7 25 61 95 85 34 65 97 144 59 12 37 56 74 61 48 44 21 35 77 69 8 46 0 7 56 38 4 112 76 139 172 50 108 145 124 245 160 75 58 124 153 138 70 42 93 129 153 47 50 48 60 15 13 85 100 0 4 44 50 79 70 68 97 36 49 56 12 38 68 16 81 79 95 45 53 63 40 56 57 23 58 75 84 77 56 45 17 61 62 106 132 94 14
92 78 8 9 10 40 50 71 95 136 81 2 39 33 32 26 15 54 79 66 39 21 37 21 0 22 15 0 40 12 2 25 52 35 74 33 136 102 97 163 254 236 226 255 232 125 75 0 23 27 55 77 124 141 29 77 19 13 64 77 15 17 31 76 43 47 114 48 88 50 48 89 29 46 64 42 13 39 59 59 82 49 65 49 37 68 88 55 27 66 93 106 56 0 10 108 106 58 48 53
81 96 18 27 44 51 80 68 83 20 48 50 14 50 110 97 47 50 42 6 10 10 41 11 7 9 0 9 40 31 10 14 15 0 19 10 47 54 93 168 185 122 163 211 247 255 189 58 13 111 62 52 108 100 62 17 24 45 96 91 46 44 18 25 47 123 52 9 128 124 0 66 61 60 46 13 43 16 47 49 51 36 29 32 17 65 191 128 10 47 48 92 69 135 132 91 61 17 74 105
43 74 62 50 94 65 111 84 30 42 59 40 37 31 29 119 102 62 29 0 22 18 39 0 19 10 1 22 19 23 10 13 7 38 0 33 32 11 83 78 55 68 176 55 71 192 244 208 112 67 113 87 28 46 88 59 86 24 108 152 67 41 66 87 66 32 62 53 0 16 24 41 81 45 31 16 83 50 38 11 27 60 44 82 88 90 206 117 115 90 15 72 46 90 128 107 70 28 107 119
15 5 32 26 57 31 71 88 52 14 37 42 85 155 109 55 56 28 25 15 41 15 35 6 13 2 0 26 8 24 20 20 24 20 20 0 61 24 16 52 88 44 44 113 255 229 238 255 192 88 128 142 110 36 33 107 90 32 82 86 24 27 93 153 84 27 79 118 67 51 57 68 68 79 126 86 99 97 67 40 72 53 75 112 112 114 139 46 116 91 34 67 70 28 30 139 117 6 37 58
42 0 37 74 43 29 18 64 49 82 108 58 111 197 141 50 9 0 2 13 30 6 31 23 12 1 0 25 14 35 27 11 38 0 20 60 7 0 72 55 150 114 85 164 255 249 255 241 251 228 136 69 85 26 12 51 57 60 63 27 64 93 71 70 64 46 78 52 0 14 76 111 112 80 89 48 73 106 80 75 106 21 104 109 49 93 75 27 53 8 44 48 77 86 31 96 144 48 53 70
52 30 86 109 26 26 9 27 34 96 92 8 80 126 71 11 35 19 8 14 16 5 23 16 6 2 3 11 3 20 16 0 0 18 7 4 0 29 8 67 176 103 221 255 229 253 255 255 247 240 249 117 34 81 78 22 32 0 45 77 65 45 28 0 72 63 127 35 68 41 122 103 83 76 58 0 12 6 29 95 83 54 115 124 32 60 59 47 93 0 49 77 52 72 56 59 72 69 86 78
77 88 152 107 14 37 81 68 28 73 82 4 34 30 25 17 4 11 9 17 7 9 27 21 7 15 21 10 0 13 22 10 22 11 26 36 74 144 175 77 159 72 251 255 254 253 240 248 255 250 128 53 27 26 87 90 95 63 99 83 65 30 26 51 52 30 32 42 90 67 56 70 132 138 69 10 103 85 48 21 40 94 41 74 26 35 97 105 80 62 68 135 120 125 128 61 16 52 67 58
89 108 91 38 55 71 75 5 13 23 28 16 71 11 3 33 9 5 8 20 28 25 21 20 0 23 12 4 3 2 12 10 6 38 42 57 158 255 232 0 132 198 255 254 250 171 163 247 157 228 255 231 250 49 6 32 57 78 41 54 100 26 47 102 107 130 101 82 116 59 40 63 96 103 34 58 85 85 40 76 112 101 62 34 66 71 79 87 21 35 101 132 141 176 168 22 39 27 16 59
22 37 32 32 97 155 129 21 112 20 25 10 13 13 18 0 17 15 18 24 24 18 16 18 0 20 9 3 5 4 13 10 11 26 13 44 75 188 255 217 123 173 244 255 236 57 29 227 223 255 226 239 255 63 25 38 42 38 64 110 51 0 71 152 109 110 37 21 62 26 38 39 10 25 45 92 29 85 96 72 68 54 27 11 134 80 66 47 23 78 52 55 74 139 230 135 69 73 37 11
51 67 85 83 123 112 42 153 135 0 19 43 20 30 22 9 19 18 18 17 11 4 4 7 7 23 7 3 8 7 13 9 11 10 3 16 0 64 166 255 210 46 0 135 110 70 30 3 242 234 255 255 244 153 64 61 83 126 120 108 47 34 42 93 55 12 24 67 117 72 12 22 32 29 71 76 0 68 104 31 26 102 81 14 102 35 52 53 26 62 76 5 8 108 134 132 104 164 133 52
66 126 125 112 115 90 40 201 141 42 0 14 28 43 10 13 17 14 10 7 4 2 2 3 17 26 6 2 9 7 13 9 2 0 16 1 14 21 76 135 113 48 82 36 3 76 231 255 255 236 129 254 237 197 90 30 76 144 167 122 46 63 45 28 22 21 12 70 74 11 37 56 44 52 60 23 39 84 97 63 70 145 57 0 25 15 47 62 104 56 47 42 17 10 28 104 192 208 140 67
80 126 108 123 47 20 30 70 2 52 34 50 37 25 16 35 20 13 5 4 10 16 16 12 15 21 0 0 8 6 13 10 9 5 16 1 29 23 24 32 37 16 42 20 50 235 255 254 202 255 244 253 239 23 25 76 66 80 40 0 19 51 65 121 71 37 47 41 70 106 41 5 53 76 46 22 71 81 36 66 127 146 59 52 32 31 90 128 126 40 67 53 28 29 15 85 110 78 18 27
59 70 99 83 25 75 76 132 120 94 19 51 45 16 9 0 18 11 2 1 12 23 22 15 5 13 0 1 11 7 12 11 6 14 0 19 12 13 0 5 33 69 7 65 250 255 254 242 255 85 180 240 255 28 98 134 169 75 68 93 55 87 129 85 56 67 36 40 45 68 80 63 66 53 4 28 48 83 18 62 126 96 51 42 66 63 104 59 66 0 85 22 24 69 13 48 19 84 102 126
14 45 74 13 17 128 92 116 130 83 28 65 73 39 21 12 14 9 1 0 5 15 16 9 2 15 6 14 21 10 10 7 0 10 0 31 19 19 29 33 50 77 6 239 255 222 181 74 0 80 131 250 231 193 189 191 36 44 66 132 88 82 58 0 46 10 10 14 16 40 22 81 118 63 30 24 18 49 17 41 64 101 136 62 54 34 99 63 46 40 32 19 56 13 57 73 0 127 138 76
5 55 64 126 84 60 101 65 97 92 33 0 47 73 41 26 14 13 6 0 1 8 10 5 7 23 18 28 32 14 8 2 10 19 6 10 23 7 48 20 42 31 27 229 242 252 123 18 111 36 160 253 149 220 242 255 254 193 70 88 35 64 62 27 90 83 58 42 11 10 13 80 71 39 73 16 34 38 71 103 37 84 133 58 39 14 83 98 22 108 105 12 78 84 126 105 45 127 82 0
35 65 13 99 96 9 23 69 131 74 56 44 75 46 4 16 19 43 12 18 5 0 21 3 25 17 15 20 20 10 0 0 0 16 14 19 18 14 27 22 36 0 4 187 250 226 89 52 156 131 180 193 66 76 221 249 241 255 255 208 69 89 63 7 91 66 27 34 34 32 11 17 28 30 21 120 100 62 89 60 15 165 201 89 37 47 218 171 40 142 216 126 47 40 70 75 47 98 82 70
58 30 0 73 147 49 9 64 147 67 14 4 49 38 31 52 38 14 17 38 31 1 13 14 15 9 7 12 16 14 13 15 9 18 9 11 12 16 35 34 16 14 0 51 36 43 28 73 103 185 234 239 250 82 119 255 94 141 242 255 255 127 24 53 160 135 64 39 43 1 42 30 16 57 111 140 72 76 90 36 55 149 200 138 67 31 146 123 4 51 119 126 68 14 0 0 70 63 49 99
64 65 94 54 98 48 46 104 102 77 40 17 29 4 7 2 43 12 70 40 9 0 0 0 13 8 4 4 5 6 10 15 20 25 10 9 9 11 26 22 18 32 15 19 17 37 24 26 21 86 244 247 255 255 171 252 218 81 239 243 254 177 67 93 78 114 32 48 85 71 31 43 48 74 157 127 8 14 27 7 9 53 86 84 89 60 78 80 35 27 38 97 136 90 46 46 127 85 29 49
38 17 98 89 102 34 16 43 71 64 42 34 35 11 56 74 111 48 126 56 10 11 8 10 11 10 7 5 3 2 5 9 12 19 8 11 11 7 14 3 21 30 11 0 0 26 40 44 53 35 80 200 236 7 255 255 239 134 252 245 79 117 85 176 140 60 45 104 92 84 31 65 117 87 149 162 74 14 0 15 0 29 44 72 165 163 63 52 0 0 38 94 159 62 9 103 94 106 78 68
77 62 72 63 84 40 16 30 49 14 0 18 33 10 74 117 151 21 78 34 8 5 0 7 0 4 8 10 10 12 13 14 0 7 1 9 12 9 15 4 0 22 43 42 43 28 28 36 38 18 34 46 48 83 83 244 255 237 247 101 180 111 97 111 67 45 44 7 74 67 60 68 94 46 42 90 86 11 0 40 57 67 90 81 122 130 24 15 45 50 84 0 62 77 45 44 37 33 6 29
134 168 109 47 58 41 22 46 59 55 58 44 35 24 61 65 120 13 57 30 5 13 15 23 0 3 6 8 10 12 10 6 3 12 3 6 6 4 15 7 13 18 25 30 29 6 0 9 15 33 11 5 119 255 239 255 255 234 253 50 69 144 226 244 90 121 69 33 35 66 101 0 75 83 49 60 83 47 87 132 66 69 149 112 47 49 14 31 36 0 70 32 36 44 74 89 60 60 15 31
126 120 129 146 142 84 31 20 48 55 77 35 18 30 51 39 59 17 57 43 1 3 13 8 14 13 9 4 5 10 7 1 9 19 8 7 2 0 9 4 1 29 42 45 30 16 5 16 13 0 37 1 117 238 255 232 255 213 210 86 238 241 250 248 124 201 46 61 34 35 31 41 10 50 47 40 52 26 62 71 31 79 190 150 95 91 59 76 147 106 82 28 22 63 84 45 16 114 110 84
134 103 196 208 158 168 184 125 55 10 48 66 79 66 54 55 85 41 64 100 56 16 11 9 28 24 14 6 9 18 19 14 0 12 8 9 5 0 10 5 0 23 22 32 43 64 37 16 30 21 29 58 127 131 15 135 199 87 53 161 248 98 255 247 78 224 126 58 0 12 16 63 44 23 16 20 44 26 34 11 17 89 131 50 80 100 42 65 81 156 82 42 57 97 84 41 20 112 82 40
62 79 107 127 88 139 194 168 44 45 70 105 113 58 21 45 78 50 73 86 67 28 4 19 36 26 7 0 8 17 28 45 45 26 4 0 7 16 8 0 0 10 14 8 7 46 16 17 41 27 20 31 42 55 48 110 243 255 233 233 251 254 253 231 255 141 87 42 24 101 58 57 90 63 31 66 24 43 91 69 19 66 60 47 24 65 93 95 24 85 105 89 47 75 76 38 23 53 33 11
17 50 34 21 26 64 51 34 47 71 59 50 44 45 29 14 0 23 7 30 106 56 36 28 23 5 6 17 5 0 13 56 50 37 17 8 18 29 20 1 9 7 9 7 0 20 1 7 4 27 0 10 0 32 58 196 255 228 254 247 238 244 133 250 129 95 59 58 142 136 90 66 54 58 29 21 14 27 83 74 50 86 55 27 0 49 105 107 73 68 64 91 127 72 41 63 20 36 70 83
132 193 94 17 22 83 97 46 7 78 59 61 78 83 54 92 58 0 73 40 145 90 36 15 11 4 20 34 21 13 14 6 21 20 11 7 25 47 41 19 18 0 4 12 0 16 18 25 66 79 45 51 40 21 23 153 212 24 92 244 252 255 133 53 227 206 152 108 95 124 93 28 14 56 72 34 30 46 126 111 63 93 81 86 41 27 53 31 57 34 24 93 161 120 37 24 69 45 74 46
158 191 98 90 32 2 83 82 90 43 40 57 23 76 76 105 42 55 71 67 64 91 40 18 12 13 46 65 42 29 18 0 17 21 13 3 16 36 25 0 23 0 5 16 6 29 45 38 22 48 46 10 62 75 70 62 109 205 253 255 244 144 112 73 159 93 162 49 34 53 94 15 0 51 102 52 10 34 121 97 94 92 88 134 91 25 39 27 47 70 79 118 63 98 70 77 42 7 59 11
0 81 96 126 90 71 118 142 52 39 87 83 44 93 60 132 107 50 52 17 111 83 26 54 23 36 94 119 58 5 14 33 14 21 15 6 17 35 23 0 30 10 11 10 7 26 44 15 9 22 36 1 22 88 196 228 246 238 194 230 199 72 125 120 229 155 131 45 39 13 7 28 14 81 95 39 18 55 120 135 135 109 93 128 102 35 43 39 63 95 103 102 12 54 60 110 99 11 51 40
65 34 40 82 115 84 18 115 74 13 114 126 27 53 54 114 144 127 20 108 129 24 57 22 39 96 159 150 82 41 37 33 12 17 15 13 28 45 38 15 29 19 13 5 10 16 35 2 18 14 10 42 29 127 231 255 255 250 71 145 219 173 192 98 158 108 0 84 14 51 12 15 61 109 66 5 38 64 97 162 174 152 129 122 128 100 95 81 45 77 73 24 34 66 54 86 115 35 51 46
87 49 10 0 43 80 6 30 37 18 72 111 113 97 56 104 80 101 101 96 47 0 68 4 61 143 174 123 98 118 90 18 30 27 19 16 23 30 19 1 21 19 11 6 20 8 32 18 33 40 8 49 49 128 116 48 143 157 66 165 250 178 173 162 136 173 14 38 101 78 2 90 127 125 112 65 83 59 87 134 126 94 61 28 85 117 124 137 52 92 93 9 31 79 76 92 55 49 85 90
55 66 53 69 54 62 52 8 10 55 68 35 15 13 38 74 132 92 15 83 51 40 38 53 81 141 136 80 92 147 129 61 17 10 4 5 14 20 12 0 17 17 8 8 25 0 24 31 30 17 18 87 79 73 156 255 187 88 147 124 153 97 22 79 115 100 76 159 124 89 0 78 89 45 127 120 91 33 90 87 99 54 26 0 85 127 125 159 98 91 101 73 52 99 55 22 81 18 0 47
47 6 14 82 80 81 25 75 33 46 21 110 73 23 8 16 55 100 125 155 120 33 68 115 141 130 130 124 75 65 146 92 25 24 27 23 13 17 18 8 14 27 9 24 31 42 81 53 59 7 83 143 158 53 66 214 189 86 81 148 239 255 80 31 24 57 154 133 114 14 37 26 16 116 144 99 25 14 60 39 28 37 41 3 0 70 66 84 96 146 47 29 68 82 81 76 168 134 32 14
116 83 81 117 62 44 57 97 60 64 112 96 66 12 70 28 44 103 135 98 42 8 129 123 130 120 141 72 79 53 165 142 85 30 80 68 28 10 15 27 27 20 49 29 24 54 97 52 32 52 127 65 50 45 47 66 86 105 93 168 251 247 115 59 69 28 21 114 149 61 47 84 21 66 109 118 89 85 82 24 9 7 40 41 31 31 28 57 129 219 163 111 52 28 50 30 59 109 86 69
120 64 35 64 30 9 36 2 65 131 139 55 69 39 51 60 29 11 103 92 29 85 80 87 70 7 70 41 72 70 178 142 98 99 92 120 79 25 46 39 43 40 42 98 84 35 152 84 17 140 156 91 92 102 80 79 70 118 62 61 42 49 56 66 85 46 78 165 124 55 24 63 0 11 80 108 71 49 38 27 86 17 33 69 103 45 43 56 54 91 177 78 13 64 88 0 78 104 68 34
117 49 2 5 21 34 78 39 3 30 71 43 68 80 50 5 47 57 82 18 67 105 139 62 55 42 71 61 54 23 34 84 87 95 14 93 131 85 29 15 12 25 74 66 38 56 98 45 62 138 95 57 94 43 60 44 37 27 74 45 42 93 0 56 104 82 76 42 45 36 0 69 59 28 59 75 82 79 54 81 84 16 44 73 100 7 33 46 7 180 224 85 167 155 123 30 75 47 14 22
99 87 72 17 4 0 37 50 79 39 51 8 101 130 98 25 31 131 64 15 18 59 101 121 65 21 53 82 29 43 38 59 82 24 9 14 57 59 0 58 24 29 75 60 24 64 48 57 96 105 36 103 19 103 60 13 67 111 60 27 90 99 45 109 115 38 29 69 79 120 91 85 51 89 124 85 82 77 33 76 118 50 60 53 71 11 60 64 0 101 130 14 199 255 120 94 58 18 4 12
19 49 68 29 30 33 69 92 61 62 41 27 113 134 43 0 51 86 52 6 97 64 70 87 44 30 16 25 64 72 22 35 37 19 92 36 26 42 69 46 24 9 21 74 51 67 76 137 122 71 119 57 47 83 70 47 111 139 74 48 26 1 80 43 0 60 56 142 92 80 49 74 55 104 100 19 34 82 66 98 115 47 39 18 30 23 49 27 41 41 0 25 137 224 105 30 2 8 55 63
37 43 20 2 6 37 108 105 43 14 30 72 40 79 86 78 0 110 56 52 34 11 81 36 24 10 32 60 54 38 35 60 107 93 78 28 13 87 188 89 41 18 85 57 33 131 115 145 156 126 134 44 32 27 18 79 91 114 86 0 80 59 0 76 84 46 23 86 28 73 45 14 32 79 102 40 0 4 17 61 76 43 66 54 20 28 23 11 28 28 29 76 119 167 13 13 91 83 111 80
63 78 49 49 14 38 151 132 30 19 67 78 72 22 109 207 116 113 126 115 84 64 106 43 89 67 45 97 81 33 18 99 90 88 85 100 51 126 159 145 62 49 71 49 0 38 74 26 51 69 51 74 36 42 42 52 97 96 79 33 77 0 38 75 56 0 84 85 22 40 12 84 105 43 28 25 13 46 124 197 133 57 41 29 0 45 32 33 26 0 29 76 80 115 65 16 41 30 72 52
48 59 29 39 12 33 84 80 26 39 18 86 20 5 81 159 174 168 109 60 26 24 25 49 111 29 86 87 31 65 22 28 8 76 120 58 55 72 26 58 62 52 26 71 51 63 141 156 99 46 23 14 49 47 35 37 95 187 99 92 54 36 41 16 85 112 100 94 86 49 112 121 85 57 29 26 8 79 206 227 203 101 14 34 47 48 21 29 51 42 81 40 28 19 26 66 98 17 30 31
50 94 19 4 37 82 97 67 44 44 22 7 40 19 96 112 135 111 67 51 18 28 28 71 95 33 88 44 51 21 83 156 122 151 110 57 102 112 47 48 40 32 11 35 22 56 134 123 130 54 23 72 47 57 64 130 59 177 83 83 61 37 0 26 128 138 55 28 102 118 163 180 137 38 56 41 50 42 99 101 82 119 51 5 36 42 40 43 14 19 55 114 119 46 79 132 82 46 58 102
44 99 49 18 2 73 145 100 29 31 38 24 22 47 114 74 141 108 65 50 10 60 51 81 113 110 74 13 20 28 49 96 137 158 115 70 62 87 105 71 71 52 55 74 50 58 108 81 56 12 33 9 32 50 81 58 51 107 45 73 32 35 6 28 94 145 89 21 41 67 131 172 151 12 45 15 36 30 66 88 71 28 41 8 68 13 40 45 37 75 58 49 89 112 127 78 50 50 59 145
23 53 35 41 2 44 109 59 10 37 22 24 67 116 158 189 108 44 9 42 12 60 32 65 106 36 16 44 0 45 51 48 77 103 72 69 37 7 42 19 68 41 90 134 89 39 50 35 9 36 55 32 4 58 93 113 125 97 39 52 20 32 20 32 36 58 87 98 87 85 113 116 63 0 49 40 34 53 77 104 88 0 38 57 108 70 53 81 39 68 82 48 73 123 108 76 38 40 36 75
47 65 43 69 42 16 39 69 95 13 35 49 71 56 77 53 24 28 28 71 68 143 82 36 90 118 134 34 55 61 63 104 87 106 39 102 177 81 11 16 28 19 95 146 91 36 25 28 13 70 87 61 52 87 58 36 13 26 31 63 108 67 11 14 19 25 86 128 99 74 82 113 66 59 76 63 46 52 100 129 67 115 70 48 28 54 3 33 47 21 17 27 37 61 67 75 10 32 62 32
70 44 71 121 65 17 27 81 106 57 73 107 139 79 8 20 54 63 21 27 30 110 89 44 98 255 255 43 57 51 15 59 51 71 28 72 164 121 40 24 38 54 107 118 64 65 38 37 29 89 136 48 20 7 31 31 15 3 21 28 55 11 6 0 17 73 103 79 62 61 6 4 50 68 74 80 105 50 81 85 0 102 94 104 82 45 47 18 25 20 13 98 93 57 54 0 43 69 94 28
89 22 96 166 111 92 66 64 91 45 89 108 79 62 30 44 58 36 11 97 92 32 3 21 106 158 191 152 49 82 74 46 28 45 59 38 49 71 47 38 60 83 90 69 32 93 39 24 47 50 105 156 73 54 52 93 22 0 13 33 27 13 52 11 32 102 126 47 0 31 22 58 51 64 17 30 81 46 50 64 94 75 62 64 55 11 63 65 79 52 70 197 150 78 108 88 98 117 81 19
37 11 65 69 23 32 14 72 22 0 77 12 44 4 9 11 0 27 13 81 79 14 6 14 0 44 41 85 31 87 71 20 30 30 54 29 41 48 19 82 59 75 57 40 28 121 45 24 18 20 133 142 49 27 87 95 32 28 0 12 32 25 42 18 35 9 84 140 112 108 44 35 59 100 29 62 94 93 24 31 126 120 78 60 42 104 36 99 99 39 87 195 153 127 120 89 30 100 75 72
17 14 51 99 8 66 72 16 44 48 51 37 35 33 17 22 46 78 31 111 49 48 73 33 70 171 113 71 146 105 104 35 13 26 0 37 47 52 21 99 58 36 20 47 52 103 83 31 28 52 113 150 70 16 83 115 52 25 0 46 37 38 42 0 83 93 146 160 89 40 35 31 37 44 22 15 29 13 14 62 77 102 115 153 169 83 34 92 72 0 92 71 32 50 35 36 50 34 20 18
25 43 2 37 77 70 23 75 48 92 95 89 41 23 37 43 35 25 64 39 34 35 55 70 85 127 112 107 120 76 127 72 9 0 36 12 8 38 29 64 33 41 13 94 95 35 45 0 22 29 82 89 91 10 86 86 28 16 24 45 46 42 48 39 92 135 155 72 64 31 0 4 48 70 89 36 45 31 82 110 73 4 42 150 119 33 53 28 40 39 109 175 157 129 140 98 48 39 39 52
45 39 22 25 51 102 87 36 25 72 64 77 33 28 70 53 62 112 122 46 74 29 12 30 16 1 45 95 102 132 213 89 50 53 60 23 33 25 11 67 25 67 49 104 61 79 24 20 76 22 10 115 152 29 59 117 105 51 77 48 53 47 35 26 61 122 136 104 98 32 87 107 140 66 43 20 35 28 62 53 148 60 41 24 55 34 3 36 23 2 83 137 127 123 77 70 70 77 101 129
115 87 21 14 19 29 25 66 21 43 49 49 32 43 94 64 31 115 104 55 20 37 10 52 33 26 32 91 121 51 50 34 72 122 44 38 39 23 21 54 45 110 33 27 31 13 54 10 37 93 74 120 126 68 131 209 139 69 101 32 44 47 40 58 107 115 116 116 73 0 82 106 121 80 45 20 0 64 97 51 69 19 147 135 56 75 120 102 67 41 21 70 65 60 53 44 17 42 78 103
60 88 32 56 73 86 35 80 53 53 80 29 10 20 83 82 19 69 147 152 38 89 3 67 48 26 44 69 64 56 63 0 38 82 35 21 23 72 103 59 47 90 4 120 94 36 3 5 47 99 67 37 93 65 132 156 134 162 186 62 50 22 32 164 165 111 124 96 82 73 29 57 50 13 29 66 2 21 63 80 27 63 62 58 22 0 104 132 89 45 13 30 37 64 49 50 18 45 66 67
86 65 61 121 45 44 33 63 29 49 116 94 88 68 67 42 23 63 68 94 70 69 9 81 93 27 21 66 86 82 90 80 80 73 75 8 50 65 43 27 77 113 75 3 33 57 53 6 0 99 75 12 10 56 73 47 69 138 92 12 75 63 31 170 142 45 41 47 38 73 70 76 80 20 24 58 92 112 81 0 25 51 34 54 61 72 103 72 95 51 82 53 53 100 41 44 50 58 54 38
80 93 47 69 117 182 95 7 29 32 26 40 55 65 55 28 30 91 38 59 99 47 41 26 53 27 88 96 35 83 141 100 38 21 45 12 88 54 0 48 121 154 64 61 49 26 61 37 22 46 15 72 36 77 29 51 39 139 118 93 56 36 35 138 74 53 72 99 56 28 64 0 29 9 55 113 97 44 38 55 98 65 76 48 0 74 96 97 46 81 71 59 40 39 76 23 73 60 48 45
40 57 19 23 80 114 70 50 39 62 17 80 90 96 61 18 1 13 52 44 30 84 168 93 14 22 82 92 57 76 84 69 26 22 42 65 74 48 13 19 43 83 100 41 53 53 64 36 39 53 56 59 3 31 22 57 57 101 114 170 58 67 95 87 77 131 129 20 13 19 35 0 17 11 15 87 62 50 22 57 55 36 51 102 35 44 43 49 21 58 76 28 5 40 113 91 83 58 53 76
4 11 20 22 35 62 77 77 121 139 0 108 59 58 67 55 15 70 136 81 53 92 176 105 2 22 59 102 93 66 20 49 58 85 66 58 16 14 68 18 40 122 123 43 85 129 55 40 90 125 54 8 33 6 37 39 53 58 60 67 99 119 125 154 186 163 61 53 26 43 24 4 57 26 7 40 44 55 27 7 93 77 10 49 75 64 57 76 93 83 67 58 1 20 79 110 82 89 59 71
41 10 29 16 21 45 38 0 56 104 35 69 58 27 52 114 100 62 101 58 52 68 125 92 28 13 27 55 41 31 25 36 39 110 59 121 44 44 56 24 16 123 84 8 96 107 0 9 55 78 48 13 73 41 46 15 35 8 14 62 61 41 95 165 181 113 22 31 22 0 29 21 97 24 29 26 32 12 66 22 115 95 77 47 52 89 62 114 142 79 15 6 28 99 81 13 0 62 129 126
96 3 13 0 5 49 65 52 35 24 35 29 58 61 88 156 113 43 69 14 16 21 58 43 32 38 71 72 32 21 75 92 33 0 50 58 36 68 122 49 53 25 7 50 132 145 74 13 48 42 42 80 114 74 47 73 26 89 97 88 72 68 130 192 150 131 123 58 65 55 40 122 18 10 30 43 115 60 62 29 48 95 111 31 15 93 105 151 69 64 67 47 39 102 84 48 84 57 117 141
23 15 83 66 17 36 25 51 100 33 94 55 62 77 61 103 119 35 27 5 35 26 62 50 61 70 72 46 45 63 138 157 55 40 9 15 6 90 180 47 14 36 32 61 99 73 33 20 49 26 29 50 85 79 72 129 5 56 82 64 39 36 59 85 125 124 181 96 47 85 102 188 134 82 104 101 29 33 53 17 89 98 61 65 37 0 56 114 42 26 43 33 27 85 75 86 52 41 90 135
39 72 102 71 37 82 26 43 110 85 184 87 66 25 0 69 59 12 5 51 69 21 109 167 224 166 73 33 114 139 114 68 8 103 114 26 20 131 95 41 7 27 11 25 104 163 121 24 98 34 41 52 110 59 42 106 69 67 95 71 49 72 53 17 13 102 88 40 80 49 105 181 121 50 101 132 47 110 92 35 10 50 28 77 89 43 73 42 54 86 130 90 23 41 54 115 134 91 52 140
99 64 21 16 41 88 40 77 160 4 86 55 48 66 69 0 22 41 29 82 69 16 90 142 160 136 73 12 35 29 12 55 67 172 112 30 38 133 122 43 15 54 33 23 102 148 100 56 73 76 52 69 87 93 64 147 27 121 179 182 193 147 50 17 72 130 121 26 58 45 117 112 72 21 58 84 73 107 68 37 21 9 35 85 89 23 13 23 3 72 114 72 29 85 119 163 190 104 3 128
49 15 14 24 39 18 0 26 65 61 27 28 54 68 13 40 97 102 37 66 65 56 43 24 33 10 39 78 105 75 2 51 9 107 147 109 0 75 20 28 29 0 25 43 25 37 36 28 59 163 103 7 0 60 47 83 38 102 126 185 180 81 79 135 208 255 163 6 42 93 62 76 49 16 70 117 56 22 37 16 51 36 62 19 12 21 25 39 44 125 128 57 13 81 135 161 208 174 66 72
98 54 40 0 37 51 68 20 14 64 11 117 33 93 20 35 88 76 14 45 36 54 43 79 178 93 111 142 112 70 12 104 57 86 121 66 90 65 56 72 76 65 66 50 66 43 0 52 8 72 98 1 91 7 14 31 18 20 60 150 68 37 166 118 178 213 57 47 71 143 56 23 82 84 25 99 112 41 18 42 62 29 55 50 64 49 29 18 6 107 120 73 30 66 89 82 54 38 10 48
85 41 39 40 8 104 70 30 0 43 54 133 39 89 26 96 73 39 50 75 47 18 42 83 109 75 72 96 82 81 27 41 48 6 8 9 64 96 40 44 83 53 5 26 8 14 9 54 105 53 13 0 53 139 129 83 58 100 110 111 10 125 108 55 20 67 30 64 90 74 128 58 29 11 65 57 61 35 8 54 19 28 22 5 32 52 23 9 47 97 85 20 33 72 20 60 76 125 78 60
133 137 82 25 45 93 34 73 15 21 45 67 32 47 33 88 188 139 123 89 44 28 58 133 105 51 43 19 20 14 11 42 83 94 97 34 11 47 62 89 95 79 31 57 85 133 94 70 110 47 71 30 47 108 51 53 50 198 119 30 22 86 65 31 39 8 67 120 28 65 160 68 41 29 63 61 85 67 22 16 64 80 71 26 17 30 27 42 70 42 30 91 91 35 6 52 138 165 96 62
75 107 59 5 96 106 25 90 43 15 33 24 24 25 31 74 115 108 148 113 81 68 54 137 80 33 59 17 49 31 65 99 85 110 117 68 31 65 108 113 65 109 101 103 84 116 92 84 86 78 1 23 20 0 61 36 62 54 65 122 50 8 105 33 35 76 83 88 55 74 63 110 134 90 41 13 63 86 76 45 29 71 96 62 35 26 10 18 30 31 10 85 83 65 74 20 53 85 44 44
59 50 41 21 139 131 39 46 60 26 18 31 16 34 13 54 15 59 171 152 134 108 24 93 89 52 91 34 51 1 12 25 26 14 19 47 45 60 91 62 0 38 51 85 78 109 109 137 63 15 78 80 89 104 30 42 0 38 43 126 125 3 54 44 98 60 88 128 17 67 70 69 132 103 54 55 120 121 85 5 18 46 66 37 17 21 12 13 59 46 0 69 70 59 79 13 25 71 75 125
