15 18 40 62 24 33 41 15 16 77 75 95 74 25 99 49 19 73 74 14 56 111 67 108 74 54 46 70 65 50 33 9 22 28 6 9 15 12 58 88 49 49 44 58 46 100 143 128 60 42 104 115 88 59 82 86 49 59 70 9 2 62 117 81 41 17 42 16 62 21 123 146 116 86 122 118 73 29 86 109 74 44 64 27 20 76 76 79 102 101 93 53 15 81 128 149 118 60 64 92
14 30 10 0 53 0 32 28 57 100 107 124 114 88 126 44 6 128 26 79 80 166 90 106 88 70 121 85 61 72 61 46 30 25 53 70 29 0 16 40 38 98 19 25 69 105 130 103 90 58 65 60 57 64 97 76 87 90 36 82 62 75 171 95 0 0 43 12 39 46 90 131 108 165 173 112 134 41 29 60 102 23 30 25 3 19 46 106 39 14 82 78 79 48 75 14 57 60 92 88
51 80 51 75 187 153 47 91 78 94 90 73 50 47 89 55 29 103 130 135 165 134 77 62 87 87 81 116 26 29 76 134 100 45 51 44 20 100 146 85 48 36 58 77 19 17 52 87 113 78 81 119 106 64 116 149 84 85 47 25 50 28 174 182 78 22 30 17 91 181 114 84 86 105 148 158 58 133 163 136 159 78 65 68 52 37 35 77 61 53 35 141 96 71 179 134 77 27 30 44
69 181 129 82 162 117 104 88 56 79 84 56 37 30 49 78 114 101 131 128 94 32 11 25 0 77 118 146 106 95 81 68 72 95 74 56 21 21 61 108 71 63 56 42 2 16 31 60 94 39 8 71 72 17 73 126 99 62 124 90 14 71 104 115 26 15 70 49 70 182 163 154 39 172 89 23 78 161 253 201 123 112 70 32 48 63 56 71 51 58 16 88 81 227 231 122 131 26 0 30
180 176 124 37 42 97 108 138 87 112 86 26 19 28 24 77 118 103 32 66 63 7 38 47 53 59 197 62 166 121 89 80 11 44 22 39 17 35 53 13 68 85 64 148 114 78 110 21 0 53 66 86 53 10 40 57 74 32 91 15 64 49 34 5 37 15 55 29 31 116 141 106 20 121 133 17 40 156 206 123 60 123 80 30 64 76 67 88 124 90 0 18 32 43 92 8 74 41 49 55
129 113 15 62 17 61 53 7 64 121 129 84 67 74 35 48 68 73 64 18 123 53 73 80 65 53 31 47 92 155 30 41 110 59 35 109 75 54 75 90 105 49 70 157 76 63 125 57 16 72 48 35 36 50 52 35 34 23 27 94 73 34 95 14 25 3 25 10 25 70 117 99 99 22 50 42 10 138 163 128 45 90 41 37 97 93 82 95 54 12 28 18 69 111 100 54 11 23 67 70
31 60 103 92 102 121 115 71 69 64 66 56 26 59 64 67 70 69 110 55 83 84 64 102 30 92 70 44 43 65 106 98 41 69 37 36 66 106 67 125 84 60 62 24 20 81 36 26 24 76 65 51 39 44 42 76 79 67 42 47 69 0 121 109 61 38 19 10 53 55 47 70 66 24 67 143 90 28 138 138 216 181 70 44 78 92 95 50 37 31 19 94 50 62 77 56 40 11 40 70
155 115 55 87 74 32 67 159 169 58 28 59 20 49 64 42 55 44 100 129 85 99 142 131 64 38 11 33 17 49 83 92 59 13 74 68 16 144 149 140 150 91 60 24 1 55 54 66 80 105 67 30 19 44 52 115 109 38 64 57 67 48 102 94 58 60 34 33 91 73 23 106 146 79 69 83 86 146 56 135 206 170 69 26 39 103 137 30 45 37 23 96 88 208 204 93 65 13 22 53
74 22 46 29 131 147 63 130 224 82 27 83 56 15 67 71 103 40 64 158 156 64 20 49 71 19 8 24 74 68 20 49 107 91 186 255 137 163 181 195 165 83 30 46 60 11 87 64 148 134 50 46 14 55 25 38 46 47 60 34 51 34 21 34 57 116 79 35 45 52 89 144 117 59 51 52 17 131 19 105 213 169 30 89 43 90 142 39 17 44 40 48 34 82 110 89 61 81 26 69
11 14 5 77 196 98 83 32 153 136 69 6 35 50 101 182 135 111 85 64 112 63 29 24 45 44 36 72 124 160 84 40 78 139 250 255 196 137 80 73 62 56 25 80 64 0 39 36 38 63 57 29 2 99 109 61 86 73 29 45 70 77 84 72 110 146 79 82 156 204 195 87 71 41 17 76 130 26 103 35 94 127 27 97 164 125 52 0 62 63 59 36 15 37 123 188 105 70 61 138
17 20 10 98 145 18 56 22 8 127 96 50 67 54 125 199 125 118 99 16 68 54 80 68 68 121 62 27 50 167 121 3 94 188 243 188 66 54 7 11 23 21 26 49 100 98 0 80 59 73 57 16 61 150 119 58 43 21 20 90 112 119 90 77 96 158 73 42 97 193 234 79 79 70 32 48 65 117 142 206 69 57 40 159 244 135 31 52 103 38 29 46 87 58 62 95 66 86 99 124
31 0 11 37 22 42 47 92 62 83 198 214 95 88 103 122 89 33 38 0 30 38 110 101 37 88 59 54 11 36 57 31 18 27 63 41 107 24 0 74 121 76 37 79 104 110 46 67 50 49 64 33 43 134 113 39 77 15 26 22 75 172 96 40 85 123 44 12 59 126 150 47 29 22 17 40 84 171 138 144 72 51 52 147 208 95 2 113 115 70 45 40 90 98 82 89 12 48 54 26
63 24 80 58 1 59 30 85 73 108 66 124 90 65 27 34 109 41 15 19 68 97 111 73 16 20 1 38 25 2 58 81 79 33 33 33 8 29 38 76 134 130 83 86 110 76 37 65 67 38 0 54 114 96 30 109 117 17 40 40 82 123 100 123 87 84 31 18 86 98 46 37 66 2 46 94 112 144 194 110 35 16 59 120 95 77 45 88 105 124 80 22 16 70 85 98 93 53 67 84
81 32 56 99 86 45 13 26 65 62 78 85 19 89 66 101 71 95 50 41 103 122 43 0 25 39 30 62 72 30 26 0 26 5 73 70 96 31 58 137 76 33 100 105 80 76 59 26 58 49 0 9 28 78 60 45 98 117 96 0 0 59 166 190 45 63 48 12 103 128 27 60 79 35 72 88 48 111 135 106 12 60 37 55 81 69 15 67 90 121 95 82 33 22 29 48 54 39 23 26
81 14 12 93 168 181 104 90 70 54 11 34 40 73 56 54 57 133 111 88 110 93 15 5 13 37 35 74 59 22 43 97 70 44 65 59 30 60 47 33 33 34 34 81 118 102 88 0 39 77 58 56 49 37 66 82 107 108 63 35 29 34 86 108 50 46 54 63 188 200 48 65 153 131 49 40 55 67 92 58 64 67 23 30 38 17 16 7 67 107 102 107 56 22 84 110 0 47 23 39
28 42 86 50 69 222 93 113 98 63 76 74 55 24 27 109 81 109 105 89 64 24 11 53 62 110 79 78 47 49 28 47 103 51 27 0 21 54 64 91 60 0 25 57 116 183 122 38 51 44 84 136 98 17 60 30 100 42 14 51 52 30 16 95 112 36 52 136 244 176 33 114 178 138 78 150 114 101 72 68 42 61 17 0 24 26 75 18 38 93 56 5 4 50 157 108 22 43 50 150
22 35 63 126 166 169 56 82 46 99 183 103 0 77 33 17 3 50 84 129 83 6 20 37 56 72 43 51 2 81 28 24 69 74 39 21 9 16 55 45 35 13 53 1 101 169 131 97 69 6 60 165 198 103 49 56 42 94 111 96 57 51 73 155 153 63 55 168 141 53 35 78 77 104 115 142 162 146 33 127 90 59 43 77 76 17 33 9 99 124 94 49 47 100 133 62 84 48 84 67
1 36 62 55 203 170 75 79 36 81 47 46 6 113 150 40 105 52 72 69 88 80 58 39 94 103 7 72 55 92 19 64 29 50 60 47 32 15 83 94 97 72 101 86 63 96 45 47 60 76 79 174 171 131 45 118 56 109 180 131 53 48 14 72 87 78 52 57 59 48 20 7 36 88 130 100 81 73 102 200 173 20 89 136 82 51 51 43 38 19 11 97 64 72 73 21 68 23 38 65
63 36 76 90 77 172 217 182 119 42 56 90 49 80 146 176 122 54 93 37 96 140 78 20 136 106 26 69 7 54 80 95 8 6 85 133 104 42 118 124 135 96 101 75 36 114 0 50 43 53 77 70 57 56 57 105 102 126 115 101 37 29 56 61 39 75 72 42 69 67 33 27 51 60 172 136 68 59 84 195 214 25 103 139 86 87 67 19 48 132 49 34 23 31 29 29 37 21 19 64
94 72 41 110 102 253 231 185 59 49 173 159 17 124 114 111 147 120 128 66 105 112 70 65 77 91 52 60 112 120 102 88 63 47 105 138 64 10 78 68 51 46 38 78 40 141 125 68 110 116 87 68 32 95 75 77 128 95 23 86 85 69 86 16 36 64 105 100 115 70 47 80 103 53 66 150 99 56 98 192 141 54 41 36 49 93 116 43 34 92 58 51 37 3 50 53 11 36 14 19
70 63 29 75 174 230 122 74 36 133 181 180 14 253 217 24 116 141 97 103 138 75 49 100 62 44 69 45 34 49 88 108 147 134 58 40 32 65 103 104 49 76 77 23 20 110 147 159 141 144 67 48 89 94 31 34 77 47 27 48 31 45 55 48 16 45 122 156 145 59 22 32 101 70 64 3 0 92 65 62 19 34 40 66 108 110 94 0 81 93 51 71 72 7 5 0 60 78 57 46
56 21 51 64 100 114 54 44 65 150 81 47 92 203 145 71 99 177 109 104 141 82 30 27 61 36 79 87 32 79 76 51 171 185 49 20 36 38 46 135 52 97 129 153 78 35 152 86 37 54 65 97 159 63 46 52 47 89 60 47 19 28 53 51 53 47 89 163 153 52 30 53 102 56 29 25 60 37 76 81 103 57 108 173 213 181 110 30 123 148 44 25 33 53 27 37 79 50 83 127
32 19 44 45 66 83 6 79 128 24 78 43 50 82 107 40 6 103 103 36 70 83 48 25 12 0 99 154 29 60 103 42 128 157 103 98 54 13 65 182 42 62 129 196 144 79 99 91 132 142 56 96 31 0 44 107 195 203 54 24 55 76 90 50 32 54 86 220 222 72 15 45 125 53 78 50 46 15 45 89 94 21 88 162 201 160 80 39 133 76 56 85 18 40 55 59 105 21 105 180
20 2 61 32 40 51 8 114 151 18 24 37 10 29 49 39 27 103 206 112 94 78 32 39 39 60 89 145 142 49 47 88 183 122 83 73 23 43 109 71 32 34 107 248 167 100 89 56 131 175 41 40 54 35 105 170 186 186 103 56 92 111 54 68 62 108 77 168 167 38 5 62 99 84 115 126 76 70 107 110 78 46 49 54 75 49 45 72 53 24 72 109 96 65 51 68 125 1 86 129
24 28 6 24 16 42 78 63 78 32 51 31 18 36 34 43 66 111 109 82 44 60 59 71 33 28 22 91 76 21 21 60 119 57 52 31 29 66 105 58 57 37 63 59 135 22 37 36 99 60 25 23 71 34 31 74 112 67 4 0 31 63 59 35 70 125 83 57 83 19 36 79 58 63 72 95 124 68 94 61 63 0 21 31 28 100 110 138 32 19 93 122 74 48 83 41 131 25 41 82
77 74 14 40 60 73 54 99 100 25 49 1 60 68 45 16 54 27 26 39 66 45 57 54 67 68 23 31 50 55 17 52 101 135 49 10 53 33 20 5 32 31 52 90 149 9 88 121 132 94 89 79 91 55 75 99 82 82 135 88 0 44 89 52 114 101 121 191 115 30 22 40 22 74 108 66 141 121 108 19 22 9 34 58 23 137 162 121 30 30 68 104 52 0 20 100 102 45 57 70
95 131 50 83 76 146 45 106 98 15 67 111 70 115 86 48 16 20 54 79 63 17 73 102 27 0 41 117 60 11 0 94 73 110 68 48 61 67 62 65 108 54 39 113 130 147 50 69 96 75 104 57 23 47 138 134 70 154 192 157 0 65 130 35 64 69 140 186 102 98 103 53 49 69 104 63 120 123 86 25 18 24 29 65 0 100 141 66 10 14 0 17 35 101 85 50 52 82 96 32
111 86 82 99 46 143 70 69 110 40 130 165 60 0 47 73 26 44 43 78 47 60 94 80 61 85 139 141 38 95 115 90 57 50 140 201 206 221 123 75 172 106 52 127 176 182 91 21 27 31 27 26 76 28 50 137 89 47 131 75 95 65 102 102 13 32 104 98 89 96 94 33 91 101 102 98 110 100 9 31 24 19 62 119 54 46 83 58 14 16 63 100 37 125 132 57 25 0 9 25
145 101 84 23 81 84 0 54 79 122 96 61 75 92 99 27 34 41 29 58 57 96 87 19 49 118 140 130 74 150 176 106 52 62 117 161 187 171 54 63 96 57 47 102 88 63 32 22 48 24 11 17 65 82 57 4 13 49 7 11 60 80 101 77 19 38 70 38 79 159 193 142 70 20 72 115 57 95 79 43 71 2 33 90 97 20 23 28 49 32 104 142 62 137 136 39 26 54 119 106
129 53 74 62 58 132 81 81 140 118 21 58 44 65 86 116 74 58 60 22 13 24 68 73 76 172 85 40 78 51 36 113 0 49 54 107 163 132 64 41 43 28 56 93 40 78 22 20 29 55 51 57 43 27 16 54 35 5 17 18 95 116 62 34 67 54 43 24 0 106 167 115 147 115 42 12 62 37 49 109 70 32 46 91 107 52 48 52 19 73 137 89 53 131 128 50 27 30 104 131
121 111 112 87 45 129 54 69 66 6 14 48 90 105 113 69 37 21 71 68 71 36 9 19 54 87 100 40 32 116 123 0 35 55 39 85 184 238 212 78 6 36 41 76 99 97 132 11 65 71 37 55 47 101 75 55 41 66 1 57 119 183 97 9 52 10 45 123 46 24 66 51 75 78 51 111 163 44 42 75 0 70 71 136 75 97 108 78 58 71 103 47 93 120 98 66 12 77 140 104
87 94 117 36 58 47 19 98 98 88 57 34 73 195 134 79 38 12 44 84 94 89 4 17 37 38 45 3 70 122 81 9 22 54 60 20 99 211 205 78 10 41 65 113 63 97 111 69 146 141 17 37 83 124 83 174 117 71 5 29 153 146 60 44 9 25 106 170 112 23 61 36 7 10 10 130 105 13 64 58 135 174 41 129 59 191 181 60 45 18 52 7 101 115 96 60 39 69 82 47
113 136 55 30 28 51 74 74 96 144 61 34 108 162 118 97 135 158 153 102 53 15 8 26 103 60 52 31 42 107 15 63 49 68 148 105 69 72 65 48 5 5 54 49 26 57 70 62 117 123 61 50 91 121 136 174 112 12 56 77 126 140 71 107 41 1 80 92 95 63 73 36 38 101 77 119 48 0 5 2 83 143 62 52 128 60 80 49 0 72 8 46 63 93 184 182 44 45 84 26
44 84 75 53 17 0 22 10 56 50 10 37 66 95 128 118 86 136 205 155 67 68 75 47 38 47 63 6 58 90 58 38 38 55 103 102 42 21 29 41 0 27 39 59 43 104 86 95 10 85 110 126 118 126 127 127 100 69 38 56 49 57 0 17 54 34 119 143 132 18 46 99 91 43 30 23 37 57 33 36 49 72 73 153 181 129 41 67 48 11 40 71 110 130 151 117 64 44 5 40
79 52 63 94 85 21 50 49 7 24 19 17 26 67 119 60 34 47 83 50 47 114 120 123 66 74 43 41 76 76 42 0 0 45 66 82 33 32 23 0 5 19 26 2 40 59 56 56 55 0 44 30 49 69 27 47 78 0 25 36 85 137 146 94 68 88 76 114 100 68 44 84 88 30 30 33 55 13 9 2 57 82 66 97 144 112 137 198 83 16 20 23 117 202 170 77 64 58 30 86
68 24 18 75 109 61 53 50 59 30 23 23 42 40 97 142 46 21 107 136 115 177 189 207 86 40 4 75 96 38 14 35 25 18 28 60 41 34 40 55 49 27 30 0 25 6 24 13 48 35 0 60 72 70 106 132 116 99 60 124 163 168 157 35 187 111 84 41 21 64 142 76 45 11 60 96 93 17 39 72 76 75 115 60 22 53 219 205 18 81 24 2 40 124 164 158 113 64 77 89
27 69 37 22 36 42 20 22 51 38 56 12 12 34 78 128 19 73 106 108 172 219 101 76 24 79 108 19 44 57 64 0 16 45 81 14 0 27 34 28 62 29 17 31 6 5 14 9 23 28 42 21 141 50 85 36 37 129 150 11 20 41 68 71 42 148 122 50 29 166 212 191 121 18 54 44 49 90 104 190 162 141 165 83 45 55 116 230 42 109 57 68 57 49 111 170 178 63 41 66
63 153 126 78 64 68 30 46 32 0 30 25 10 22 33 39 37 13 35 92 113 112 18 19 21 43 89 80 110 136 118 88 6 1 55 25 33 34 23 44 31 0 9 35 9 0 15 0 18 22 24 1 1 51 2 101 246 173 139 213 89 142 174 127 121 215 201 21 57 84 131 161 133 52 39 24 8 51 27 27 35 55 89 24 37 39 73 86 64 90 145 143 100 32 58 97 89 40 3 73
68 138 148 119 114 93 41 33 15 56 41 23 21 56 67 29 12 43 11 14 63 123 39 2 92 75 71 141 156 186 116 82 69 70 61 12 14 37 21 8 12 5 17 19 25 0 22 0 11 27 0 45 50 55 21 37 79 71 255 236 48 108 208 220 113 4 87 67 15 7 72 73 79 47 21 43 29 60 103 90 139 102 50 61 115 18 43 59 62 55 93 86 123 126 83 45 4 9 22 72
48 86 88 19 27 47 44 14 32 112 65 108 102 9 7 68 45 28 25 70 25 22 29 84 109 70 65 125 165 145 95 40 23 34 10 20 8 8 3 14 0 34 0 20 4 23 12 12 21 32 26 0 4 27 67 57 35 117 255 255 248 105 22 163 125 35 157 62 42 37 106 57 66 25 80 93 54 44 38 58 82 75 98 140 110 184 139 28 23 70 43 49 118 180 152 161 89 19 67 62
155 86 85 129 66 20 67 40 38 112 113 238 255 61 35 103 75 87 46 58 111 136 78 51 54 34 29 40 52 57 45 20 13 6 8 0 8 3 13 9 13 12 8 20 3 14 10 8 5 43 23 7 59 55 54 65 30 167 28 181 158 95 89 71 43 108 117 37 30 32 36 75 27 18 51 15 0 54 30 107 90 56 42 151 217 218 143 150 56 28 20 60 32 91 108 104 49 41 73 47
167 182 153 135 50 98 165 71 13 22 49 207 166 95 133 66 46 78 60 12 83 119 174 131 95 92 80 47 16 13 18 10 13 10 16 2 11 3 15 14 7 0 0 8 11 38 40 40 32 24 0 5 35 55 20 33 112 188 130 20 152 141 183 176 166 108 70 31 81 105 109 47 26 34 71 67 68 47 0 44 54 80 66 99 208 217 131 91 24 17 58 84 3 44 39 67 57 84 141 50
141 125 105 84 105 216 123 44 57 41 38 45 29 79 59 121 163 73 56 59 56 98 96 106 52 72 79 46 8 8 20 14 7 6 16 3 7 0 8 10 1 9 7 18 7 25 33 48 44 57 71 22 149 255 250 250 219 236 229 39 78 123 170 223 244 242 95 125 162 105 68 23 39 23 6 59 108 78 9 38 30 3 33 57 42 83 17 94 17 50 110 65 102 99 41 64 106 62 158 88
98 107 74 19 80 129 0 66 116 68 70 148 90 27 25 84 117 91 38 33 128 63 72 92 44 49 52 37 17 16 12 0 5 2 11 1 7 0 2 4 5 25 25 31 10 9 0 13 36 52 21 38 90 96 234 255 245 247 255 58 97 84 22 55 188 143 58 40 79 66 0 59 32 78 42 27 40 88 57 101 115 158 95 22 106 46 13 27 25 127 123 98 82 148 49 80 99 40 108 72
39 148 88 9 37 26 19 101 51 99 181 235 129 29 52 55 32 0 50 41 106 68 48 109 80 50 28 20 14 12 9 0 14 5 12 6 16 1 7 6 8 18 7 21 25 27 0 0 47 114 139 98 85 255 255 143 162 167 148 190 203 101 231 172 12 73 130 245 127 255 243 228 33 46 63 39 56 93 123 235 171 165 117 39 91 91 61 64 36 70 64 74 6 94 73 46 41 77 58 12
24 72 56 12 40 69 71 68 0 133 193 135 92 41 15 48 44 16 36 123 140 107 73 68 58 26 8 8 5 5 11 12 18 6 11 7 20 5 10 9 0 15 2 14 23 32 15 29 65 173 168 56 97 238 250 255 208 131 154 181 255 247 228 237 164 2 184 211 192 240 246 167 93 26 77 51 81 51 110 212 121 43 0 175 118 96 105 46 45 2 29 37 34 37 68 29 69 81 35 37
72 16 28 14 25 83 39 38 34 74 51 116 98 20 19 1 6 19 64 32 135 121 32 26 27 13 9 9 1 0 3 0 14 3 10 6 16 0 8 12 0 23 12 13 14 26 27 64 113 121 170 27 147 146 79 214 146 118 255 198 218 249 210 250 205 191 212 146 102 163 249 131 35 23 82 44 34 40 107 113 62 41 96 126 93 6 48 115 83 49 48 88 30 40 23 71 122 49 40 78
83 42 5 43 56 83 27 17 35 27 18 30 0 21 33 79 67 14 85 120 22 17 26 25 17 12 11 6 4 16 23 12 11 4 13 8 14 0 9 18 5 25 4 8 21 38 36 69 63 60 170 181 253 189 164 255 255 232 238 255 99 116 0 255 245 255 160 165 30 104 193 199 58 5 14 87 50 41 46 4 15 41 126 127 94 9 102 207 156 38 40 69 16 75 67 90 99 49 63 44
74 80 29 25 40 32 10 70 120 123 105 198 120 29 23 35 27 13 22 47 45 14 0 5 15 29 10 0 17 17 8 23 13 4 11 3 52 11 11 25 40 65 0 11 15 50 46 32 56 81 214 247 239 254 254 248 231 241 255 242 91 189 104 231 236 135 255 250 51 84 110 212 103 32 33 58 82 109 59 111 102 47 123 110 88 43 84 212 187 66 89 81 2 19 77 102 108 101 86 71
56 76 18 77 59 44 38 84 105 143 79 169 134 9 2 26 32 36 36 30 22 15 8 3 13 29 15 2 16 14 7 23 8 8 25 12 43 8 21 37 31 61 27 46 2 7 22 84 131 174 155 255 255 255 222 255 255 234 248 255 246 225 248 77 214 253 238 230 53 90 137 91 48 6 68 97 96 78 0 38 35 33 137 111 81 42 38 74 97 75 64 37 43 22 67 85 101 79 69 75
96 87 70 9 110 143 55 48 56 48 41 102 87 0 40 62 46 42 26 8 7 16 14 2 8 25 18 5 11 8 4 19 26 19 31 15 32 10 24 24 0 28 26 50 25 61 49 101 109 163 28 78 233 249 80 126 242 249 242 255 200 255 255 17 254 233 255 152 99 52 19 46 70 42 63 12 43 115 71 32 30 31 35 59 57 90 29 64 110 106 53 70 65 8 50 69 2 28 47 52
137 7 114 52 90 133 110 83 124 92 127 51 22 10 39 37 53 25 0 0 9 15 10 2 1 18 17 6 5 1 2 14 17 0 5 7 41 50 61 39 2 26 33 45 31 74 25 58 60 78 67 240 255 255 232 180 112 251 255 242 255 225 218 255 254 247 145 41 86 74 34 34 9 21 62 35 35 53 80 81 30 79 141 148 172 72 36 131 150 165 72 133 108 62 37 62 165 82 14 7
109 9 46 58 54 94 91 50 121 155 142 29 23 85 51 44 36 18 0 0 5 11 8 2 0 12 14 7 3 3 6 13 17 0 0 10 49 69 72 43 3 3 26 39 23 35 5 79 107 21 37 59 240 252 242 255 59 247 226 255 254 234 255 247 74 106 19 21 101 83 109 20 68 40 29 86 133 92 98 65 70 69 58 118 141 125 90 149 170 175 3 14 91 115 4 7 92 113 108 69
44 61 69 28 65 72 22 46 100 111 59 79 50 82 39 26 12 27 25 4 0 6 11 3 4 8 11 9 7 11 15 15 19 14 14 20 41 46 38 24 40 28 42 32 45 47 6 29 9 17 198 255 245 88 164 152 227 255 231 240 255 158 177 111 92 10 39 31 50 4 51 25 27 44 41 112 133 53 42 21 13 2 36 22 49 68 127 81 97 91 5 0 69 113 77 102 79 51 33 39
77 8 44 66 119 118 58 49 64 22 27 93 77 54 51 38 10 25 27 10 0 4 9 7 7 4 5 7 9 19 24 16 1 12 12 23 43 38 21 23 17 22 47 29 92 108 76 47 25 82 133 239 168 44 14 169 255 242 255 217 62 94 72 26 65 61 28 79 71 86 76 49 44 64 49 75 64 8 13 74 64 108 82 60 6 66 86 31 14 57 90 71 14 4 40 85 59 76 60 16
6 57 9 81 82 101 61 21 27 22 86 17 75 31 29 24 26 10 4 13 14 5 4 12 8 0 0 3 9 23 27 15 19 29 19 30 52 37 4 8 14 31 78 57 99 73 89 107 123 201 201 111 62 27 210 252 248 224 252 168 110 84 26 40 51 119 65 56 114 95 74 108 8 109 121 67 60 92 39 29 69 147 96 87 90 108 72 40 8 64 21 7 0 48 46 44 35 55 52 20
96 62 21 12 38 102 32 22 22 15 90 72 40 78 34 11 21 22 32 28 7 3 22 9 8 5 6 12 16 16 19 24 20 17 10 21 36 26 18 33 31 57 87 79 37 115 233 166 185 254 164 202 211 130 255 221 253 230 14 128 78 30 19 57 41 21 68 155 62 9 66 124 40 37 72 73 50 107 74 17 3 70 5 81 63 75 40 35 35 41 46 45 9 23 132 63 35 63 22 22
142 59 49 112 150 83 13 4 33 69 133 80 65 54 39 67 40 13 59 1 19 0 0 28 12 16 19 17 12 8 12 18 32 5 6 19 7 2 24 44 45 0 8 46 40 108 250 144 84 203 255 240 255 199 245 255 255 255 181 69 13 98 11 52 76 16 1 67 51 56 84 82 36 66 55 23 16 112 214 126 54 11 13 1 0 33 89 90 61 74 95 68 15 56 92 89 129 102 19 10
62 80 97 93 85 36 62 81 56 132 148 94 12 30 23 52 91 52 0 11 17 21 3 0 2 5 7 7 8 10 9 6 2 0 18 37 6 2 25 20 24 15 10 37 13 88 112 51 136 251 255 244 160 74 238 174 71 131 135 105 84 38 37 63 54 44 66 81 39 61 70 0 0 53 25 8 59 150 222 158 87 35 78 41 19 46 32 51 48 71 53 55 37 27 79 92 46 49 22 29
30 111 196 95 122 42 98 109 97 120 187 131 47 15 109 126 53 67 4 62 3 21 38 17 14 8 4 11 27 34 25 10 5 4 21 19 0 7 25 11 0 43 2 18 54 126 122 34 83 146 255 254 181 146 141 133 87 58 43 79 128 86 90 38 56 26 8 15 64 101 83 5 49 14 43 43 35 119 128 102 139 12 40 44 27 119 102 64 7 20 14 34 105 78 103 23 57 68 63 62
37 180 237 122 62 36 5 43 148 139 92 67 20 129 180 122 22 39 33 37 44 56 35 19 18 8 3 12 25 28 20 11 12 16 16 20 24 15 5 4 19 54 32 10 63 53 197 132 255 255 228 249 98 27 58 55 20 78 76 157 65 35 69 32 22 30 27 17 68 45 58 118 51 40 65 0 18 48 15 67 84 40 29 15 85 121 100 86 45 68 121 56 67 102 113 67 76 99 120 105
164 189 119 47 13 91 14 31 73 118 123 41 55 106 141 64 20 97 40 54 50 15 4 39 20 7 2 7 9 5 9 20 1 0 5 37 58 26 1 19 48 29 50 70 146 120 93 123 132 169 23 135 187 133 56 108 169 91 0 93 15 111 39 33 99 60 75 20 23 58 160 198 89 74 84 0 4 10 46 12 26 37 34 84 88 122 112 53 1 87 165 170 88 84 94 120 78 94 131 111
143 63 56 30 44 32 54 72 56 45 35 35 9 47 68 83 78 125 29 140 99 27 44 62 83 47 21 22 21 11 16 33 14 1 4 20 23 20 32 49 29 48 35 64 91 175 69 255 254 255 96 158 135 65 35 98 185 184 43 110 56 77 60 41 58 28 106 61 61 127 230 191 167 163 63 0 22 21 52 54 113 116 0 34 53 124 97 42 16 64 44 111 83 73 88 135 110 54 47 26
38 38 40 105 13 70 64 22 19 41 121 93 29 70 105 48 71 58 138 255 163 44 112 153 153 85 31 26 29 13 4 12 9 14 36 27 0 19 43 19 10 79 0 40 28 146 133 248 238 236 17 94 87 19 38 29 39 33 36 81 127 48 0 32 60 55 89 38 94 87 116 134 139 109 4 34 8 33 49 120 67 58 11 16 43 102 162 91 73 89 57 13 19 42 8 69 69 23 56 64
75 70 45 74 60 55 101 58 59 206 251 167 70 19 50 19 28 41 122 134 84 53 90 80 56 51 54 18 39 27 72 75 35 18 45 27 37 35 50 0 37 81 41 119 126 87 20 233 248 195 102 83 80 58 45 19 75 106 42 114 169 162 69 40 89 38 33 81 109 68 43 93 138 59 32 51 13 0 25 67 95 54 54 25 23 36 104 136 81 61 105 16 23 62 78 77 59 32 50 60
51 54 0 26 24 134 136 117 140 204 193 141 120 60 59 30 30 0 46 73 28 49 94 109 74 20 26 14 61 87 155 137 50 32 48 53 108 77 59 58 65 44 106 222 237 255 131 226 255 134 150 115 43 37 48 58 0 53 56 98 169 109 101 97 11 74 99 98 134 101 39 88 142 114 4 51 0 50 38 52 0 31 40 50 7 46 145 160 41 70 68 39 40 21 72 86 0 146 96 74
20 47 110 116 3 111 112 88 169 162 77 66 104 92 54 21 3 15 16 14 12 64 74 109 82 43 57 23 60 87 168 168 65 63 53 31 119 97 71 126 147 4 128 255 249 223 197 119 46 14 66 55 11 0 35 34 40 68 26 25 37 57 40 70 58 100 145 115 93 79 72 149 64 44 54 31 80 62 77 107 102 36 20 81 13 36 162 111 0 46 82 64 52 44 59 113 51 135 126 53
26 74 128 74 47 86 84 102 54 88 34 48 58 110 100 94 60 49 55 67 27 40 66 54 53 0 78 69 36 38 94 28 53 87 74 2 82 78 28 43 4 19 111 182 251 247 193 65 37 68 90 64 14 0 26 45 70 66 47 0 23 95 55 44 39 41 106 128 132 112 65 99 65 52 84 117 102 8 56 121 180 164 10 20 19 67 48 11 38 77 137 137 113 133 99 103 106 63 64 12
56 64 110 60 68 83 109 52 0 31 41 52 82 141 169 152 100 72 19 59 90 15 41 97 78 23 39 39 60 38 36 38 23 60 70 36 154 204 155 94 40 77 85 98 120 212 78 43 37 0 38 70 74 108 74 90 79 106 29 21 5 113 70 40 6 79 141 150 164 98 4 47 53 75 15 98 84 0 40 81 192 202 83 142 71 83 0 90 24 34 48 102 85 135 171 120 122 136 69 75
61 25 85 76 25 101 206 81 41 36 59 13 73 68 115 97 39 0 11 108 132 47 48 15 32 18 56 96 103 48 17 91 10 18 38 67 200 236 180 67 69 42 34 62 25 65 42 62 31 107 171 164 103 42 27 64 130 128 30 0 42 38 120 44 25 32 64 150 236 192 82 59 61 132 95 37 210 159 45 76 136 105 119 127 65 112 66 67 77 41 94 118 54 98 123 104 114 108 123 126
67 77 81 61 79 106 121 42 47 74 87 0 41 0 17 44 40 18 25 64 102 80 36 17 61 0 71 125 10 34 82 96 77 84 86 106 167 125 83 0 8 80 98 85 126 41 41 45 43 155 152 110 92 15 94 108 96 115 24 57 69 94 157 90 14 5 44 170 251 206 110 30 0 107 152 73 200 241 72 100 41 56 136 90 53 32 51 143 57 20 145 132 69 113 60 55 40 0 88 68
90 77 62 3 39 38 76 82 27 86 60 18 95 79 17 25 24 0 48 105 111 130 68 64 132 86 86 99 60 139 121 109 62 90 70 60 95 79 163 181 152 121 157 136 155 72 42 81 66 16 37 2 31 18 139 131 60 86 53 49 24 81 99 60 50 78 23 63 181 197 137 71 40 101 194 168 54 76 116 36 19 49 95 88 0 72 80 129 82 47 83 53 42 102 65 10 17 75 64 49
70 35 57 32 28 23 128 185 86 70 126 7 38 61 37 52 27 18 75 137 132 51 59 82 80 78 83 85 67 163 131 84 38 83 123 123 44 28 85 183 125 75 142 171 187 80 56 144 135 19 78 38 74 28 39 65 0 24 47 52 18 61 90 73 125 109 119 26 95 142 127 40 24 9 113 105 96 118 112 46 66 25 71 69 105 64 38 50 44 45 44 49 46 82 33 0 60 58 71 87
30 59 68 59 107 112 100 116 89 149 133 63 39 38 26 89 43 0 39 112 57 59 117 94 63 103 72 17 120 84 56 70 31 111 131 158 134 1 0 114 24 120 59 85 109 106 111 91 109 71 32 40 78 7 65 48 41 75 87 62 29 41 40 151 168 121 166 64 15 0 35 39 47 62 111 0 86 139 112 23 50 47 31 121 23 55 40 93 35 29 12 28 75 80 45 29 0 6 38 65
9 90 115 93 115 126 60 61 147 81 11 17 79 55 85 15 15 53 36 6 49 12 48 41 17 114 61 62 113 33 110 105 54 133 137 37 109 122 54 103 60 107 48 38 83 215 160 22 76 104 67 68 68 24 67 76 77 116 74 29 0 11 0 67 98 128 192 84 36 72 82 0 18 55 72 48 44 14 50 16 8 47 121 164 92 59 117 105 61 103 94 3 56 5 32 0 58 37 44 74
42 46 59 70 121 166 92 39 112 94 16 65 57 115 164 57 93 149 82 0 56 40 75 58 66 31 18 0 30 89 143 95 54 113 147 55 112 159 77 97 83 5 45 8 10 181 242 132 61 40 31 105 106 55 30 60 168 202 133 120 54 89 118 61 0 74 133 103 33 77 156 149 45 28 116 74 99 68 87 25 42 0 37 17 80 36 119 58 45 103 87 17 50 29 103 71 2 14 69 131
52 14 14 43 119 138 84 47 67 119 45 49 90 214 207 61 132 209 116 76 32 24 14 58 123 78 41 0 49 58 91 21 86 120 60 54 85 77 56 75 118 32 39 67 40 93 226 75 10 38 29 63 38 58 107 138 187 186 130 131 63 105 153 76 61 78 45 134 96 59 64 40 73 81 0 58 39 27 46 36 138 98 64 99 106 81 30 19 20 25 8 100 83 49 60 38 94 44 30 62
131 73 8 46 163 151 85 68 85 76 75 89 168 255 252 103 26 155 119 49 29 116 85 25 41 22 82 42 37 48 22 102 178 164 53 6 40 76 64 117 95 104 78 132 111 103 187 104 34 57 109 66 60 116 53 44 165 118 61 32 76 180 176 132 50 122 176 255 119 34 83 46 74 52 40 34 64 96 61 2 43 77 59 69 69 65 44 98 67 50 80 156 120 21 56 46 42 20 29 58
65 59 10 69 124 107 90 103 88 19 16 120 126 204 186 98 37 26 120 114 18 11 75 74 62 65 42 95 64 32 57 131 139 83 100 42 21 46 11 88 139 99 39 68 129 149 119 147 105 74 185 123 138 136 33 170 241 159 73 5 80 149 114 98 115 215 134 88 121 23 0 71 119 86 14 64 24 3 4 38 48 58 43 45 105 48 69 97 45 52 81 59 66 31 148 163 80 32 4 9
42 32 4 114 127 142 133 84 36 26 39 53 61 58 82 63 63 45 76 105 96 106 47 36 0 24 11 70 139 38 62 102 103 32 89 46 10 69 101 70 38 17 45 113 186 120 28 108 128 142 176 76 124 95 26 147 186 108 44 14 28 0 26 83 148 203 195 59 42 13 47 24 96 89 25 39 156 141 65 105 129 96 21 137 125 22 17 90 58 79 32 36 46 102 136 132 65 46 47 59
113 65 40 139 121 129 104 1 73 72 0 77 4 36 11 0 58 44 79 88 86 98 79 48 3 57 14 62 142 80 35 58 60 23 57 23 61 142 156 107 97 59 73 126 196 115 104 120 139 160 121 23 75 54 29 39 40 29 64 20 74 67 0 52 157 185 141 97 123 86 5 13 10 13 41 62 167 153 0 108 138 138 0 247 159 70 120 135 105 61 53 27 0 47 41 95 66 121 55 34
143 73 65 96 64 93 95 88 104 60 51 68 24 29 41 33 41 89 88 51 44 84 51 64 82 85 131 102 56 49 35 62 49 34 45 53 40 78 113 94 24 75 8 67 100 26 42 37 43 91 144 100 70 84 97 76 135 124 137 27 39 55 82 160 179 99 43 114 127 40 23 44 65 5 38 59 70 62 68 97 30 39 0 110 75 53 102 137 73 22 91 116 97 56 56 49 0 72 48 25
136 78 84 62 21 101 114 14 77 98 85 80 33 8 21 80 68 134 55 75 49 31 43 46 50 104 159 109 33 72 101 30 130 142 131 191 105 36 48 25 27 82 126 67 66 72 0 38 21 71 135 107 33 67 91 72 105 141 140 0 19 67 142 204 193 108 23 34 76 106 116 79 50 65 101 51 70 84 117 72 60 48 41 76 103 57 76 111 90 89 73 132 114 133 71 39 24 92 99 61
91 86 47 69 70 39 79 95 132 102 63 79 43 37 82 76 34 39 0 78 80 72 95 75 37 22 59 135 105 28 43 79 132 156 128 214 146 74 118 84 65 84 59 76 104 26 31 30 40 51 54 57 79 95 42 11 68 52 60 26 35 64 98 81 77 49 49 49 118 159 82 51 152 162 124 19 117 170 116 66 50 61 168 248 136 35 121 88 92 153 160 174 11 130 121 93 31 64 79 49
23 96 166 196 104 27 98 138 76 122 125 42 92 60 56 40 78 11 51 42 76 125 43 49 66 19 36 41 57 65 20 28 81 114 76 109 86 85 146 67 0 3 63 35 20 24 25 31 67 62 55 58 105 82 35 44 15 50 102 86 8 87 119 28 34 8 30 51 86 90 51 72 180 129 73 39 81 102 73 98 125 194 232 252 105 0 15 7 16 111 197 165 79 91 51 76 51 36 39 47
33 79 129 146 110 55 36 104 55 0 47 88 143 125 65 84 60 14 33 2 73 98 0 52 100 27 5 30 29 46 70 41 42 81 64 36 28 101 140 45 45 28 11 25 25 116 104 33 24 9 35 31 19 1 12 39 0 100 100 53 3 88 72 37 52 32 17 67 62 43 67 19 98 92 38 63 43 14 26 91 141 102 116 145 91 97 74 78 57 38 157 157 66 21 44 132 114 58 23 64
36 43 91 108 82 167 134 7 61 164 128 82 77 141 89 94 22 35 0 13 63 49 0 27 63 58 18 54 23 40 165 119 81 86 102 64 13 94 85 57 148 86 8 78 60 71 108 115 54 29 50 79 84 129 114 70 50 50 20 87 142 137 58 125 85 67 13 60 59 26 60 1 89 127 61 45 55 59 20 46 118 93 125 94 105 108 38 75 136 69 10 9 5 39 45 152 155 98 46 127
63 42 36 87 27 97 149 49 89 226 156 127 107 92 119 64 25 63 55 63 64 109 54 21 87 87 29 0 30 148 218 122 39 28 115 144 57 93 23 65 118 110 83 94 77 42 57 55 36 42 26 35 41 137 114 70 84 52 111 178 128 64 3 38 46 118 76 35 52 67 66 26 18 82 119 68 59 100 28 45 101 87 158 51 19 47 53 14 106 124 78 56 51 116 106 99 96 71 45 174
110 143 32 59 113 57 14 51 35 109 175 193 142 75 54 67 86 103 116 17 63 129 66 0 38 0 62 125 128 111 122 103 53 62 102 139 17 39 14 27 46 51 47 42 70 46 27 38 46 40 69 8 169 167 39 19 27 8 125 131 87 42 50 16 19 7 23 50 48 22 57 45 65 113 108 74 106 97 14 13 83 83 76 15 41 45 130 71 19 35 57 28 95 156 150 139 121 30 50 17
135 153 55 65 92 62 40 45 87 94 45 101 75 14 33 128 109 120 65 29 32 55 17 71 38 31 88 119 118 87 76 51 80 96 132 62 19 92 79 76 76 75 13 61 96 75 43 77 56 15 22 60 109 69 27 104 123 55 40 115 76 76 49 19 19 72 34 72 138 101 108 54 68 38 46 109 126 132 93 89 110 74 40 47 22 132 201 96 95 68 19 10 38 61 111 181 119 75 90 65
83 55 29 88 67 25 34 18 62 35 81 152 105 85 56 78 54 41 20 22 0 113 149 82 11 32 63 65 94 97 71 5 87 124 103 27 49 12 41 20 79 70 35 25 120 69 57 129 83 114 57 34 45 54 32 37 101 85 0 21 46 23 36 101 4 52 102 143 207 152 62 28 35 32 101 107 129 96 142 111 25 53 47 57 64 101 151 139 81 40 36 1 50 68 47 87 102 120 113 74
40 93 93 102 83 44 34 9 82 96 20 117 30 38 51 99 69 21 0 7 36 113 102 46 72 27 8 7 36 65 98 62 0 48 50 32 118 12 48 68 41 4 101 48 89 95 114 63 79 149 85 22 73 72 35 32 50 21 41 84 102 95 127 107 43 23 121 147 142 95 55 106 96 59 80 82 144 42 52 19 47 49 25 61 141 82 47 65 9 25 15 9 96 66 63 0 34 89 71 57
43 211 175 62 70 57 15 0 31 87 82 85 144 89 12 112 94 18 23 56 65 71 34 78 104 23 51 117 93 48 92 80 38 56 109 49 130 62 10 56 57 84 103 57 90 98 64 0 75 110 94 54 64 50 25 90 132 66 27 23 16 54 67 90 68 71 121 156 146 86 85 88 79 93 86 127 133 82 41 15 44 62 105 151 86 51 63 85 29 21 75 83 131 125 91 91 95 107 43 45
83 153 137 83 72 29 20 35 40 51 159 198 111 0 78 76 5 22 38 63 65 82 23 140 67 14 77 156 112 58 99 56 57 64 102 83 151 82 25 34 44 30 57 134 181 100 157 145 142 96 88 70 1 35 10 52 9 48 63 58 131 90 42 130 20 117 206 188 173 127 85 76 87 78 40 20 33 83 95 52 21 47 129 118 30 47 101 55 26 55 42 102 88 93 118 102 116 104 48 62
70 32 32 57 63 9 26 58 28 132 111 54 25 155 130 67 23 7 62 91 20 30 35 83 14 22 104 174 131 68 79 6 42 53 73 130 179 66 64 25 35 12 76 157 231 86 133 194 166 81 86 90 13 30 14 39 131 113 121 86 96 48 60 82 61 34 64 43 99 137 71 25 59 79 104 54 61 29 61 107 102 109 135 84 60 76 96 46 92 79 72 45 19 79 106 69 8 15 29 68
69 107 43 0 77 86 65 78 70 107 92 46 93 65 52 2 38 95 116 47 31 25 59 81 120 119 171 220 152 45 75 75 45 44 102 128 146 50 47 0 71 0 68 65 31 42 53 64 87 109 164 97 38 28 46 56 62 111 76 75 28 52 88 125 120 42 41 92 94 70 83 9 39 120 91 16 57 86 83 182 140 91 22 46 18 77 44 39 115 96 104 43 31 23 91 1 48 20 14 16
117 150 86 62 51 85 41 45 64 41 44 54 80 89 129 112 34 52 97 6 73 67 91 90 116 117 99 85 55 28 42 55 10 74 66 76 108 73 88 70 32 42 44 115 126 80 52 45 18 111 154 97 34 54 44 80 105 21 42 72 32 2 24 60 69 27 96 154 86 42 45 11 96 132 51 31 26 74 38 119 125 26 44 32 24 92 20 86 76 87 141 72 51 91 70 19 9 67 59 33
78 106 57 2 15 36 15 6 40 0 18 82 96 41 54 64 9 10 61 0 43 70 67 113 123 141 90 30 13 24 39 30 73 55 61 46 36 105 178 72 23 37 48 100 116 98 52 34 13 15 14 11 28 75 69 112 192 130 8 94 78 93 86 28 31 68 84 81 77 51 23 22 57 31 68 118 27 26 3 0 110 41 21 35 48 97 37 69 63 55 79 74 60 45 47 3 36 84 72 53
17 116 155 69 60 33 49 58 96 37 28 84 125 99 70 16 31 35 36 7 9 21 17 77 181 201 112 17 12 34 36 19 33 34 77 111 157 181 169 93 88 48 12 18 59 115 65 46 41 38 58 82 102 103 55 76 170 177 17 34 0 18 53 23 65 55 100 100 45 71 101 45 64 92 10 0 106 145 36 14 121 120 66 57 32 43 42 95 102 63 15 31 25 0 63 40 45 75 60 50
139 163 124 17 72 106 138 120 80 35 9 65 171 238 204 88 24 73 28 55 64 54 115 154 150 162 66 0 8 18 11 15 26 54 48 59 165 132 66 122 76 51 43 17 19 86 37 59 51 63 69 35 24 36 29 72 62 75 29 29 89 145 95 20 15 68 45 27 71 59 38 89 125 166 141 36 56 131 105 14 94 113 75 153 226 233 141 93 103 75 18 29 25 3 77 42 40 53 36 34
