86 125 95 16 53 53 32 46 84 67 69 34 27 2 16 53 37 37 17 24 13 70 98 68 30 29 8 18 21 11 35 33 44 15 24 43 49 40 18 9 17 9 1 38 17 30 15 50 48 18 55 38 44 25 49 51 29 22 41 61 66 22 23 4 46 15 8 12 16 25 82 51 34 45 43 63 2 22 34 65 5 35 28 39 21 29 29 23 10 22 38 34 31 50 59 51 30 21 36 63
66 46 48 27 56 50 30 43 53 31 17 0 12 34 36 28 44 46 40 64 40 45 57 53 3 27 22 16 0 5 20 24 21 19 7 23 28 23 33 14 33 34 12 12 5 42 30 26 31 10 36 15 17 21 60 79 31 35 40 62 44 22 23 17 17 11 40 37 9 0 39 37 35 46 43 49 11 27 43 71 5 25 31 31 25 14 32 33 11 24 15 33 47 55 69 39 42 25 28 45
90 21 39 28 22 28 27 44 37 14 18 9 23 20 14 20 14 34 38 54 26 8 15 27 21 25 20 26 8 30 14 24 36 48 21 43 40 12 30 8 9 0 0 7 13 19 17 21 20 11 32 19 11 20 47 72 60 60 33 39 5 18 45 65 40 23 49 41 19 3 10 9 34 33 18 9 14 26 34 45 35 32 37 34 46 20 45 47 36 46 13 35 53 52 75 44 57 34 29 36
69 39 85 63 33 48 42 51 57 12 10 25 43 34 6 0 1 44 40 22 6 10 23 21 50 24 15 44 26 45 13 48 56 51 21 43 42 8 17 17 64 26 4 26 34 6 3 11 9 0 19 32 25 17 7 25 25 33 21 24 0 0 23 32 62 29 31 16 22 35 13 2 24 27 16 0 15 15 25 34 47 28 22 43 67 51 70 76 30 32 5 12 24 25 43 39 65 46 45 57
72 73 92 52 18 34 23 39 17 20 36 20 0 18 22 23 5 44 36 10 12 24 34 11 38 21 19 41 10 28 11 62 57 38 14 10 28 32 32 49 108 65 12 14 25 16 29 25 43 10 14 43 54 36 11 30 26 30 35 29 23 12 42 38 36 31 31 9 17 43 18 16 20 35 41 15 34 23 44 63 89 67 39 62 45 18 13 25 20 8 14 16 35 40 15 30 55 43 55 80
105 93 60 27 6 16 12 39 45 14 13 26 23 44 23 2 3 13 17 21 36 29 33 6 20 22 11 14 0 27 21 36 39 37 25 7 33 51 26 25 77 54 11 28 14 0 41 80 97 41 21 31 61 46 32 56 12 7 16 13 24 15 57 58 41 64 54 37 37 47 19 22 46 32 31 27 62 59 67 65 40 39 26 62 34 12 14 43 33 15 42 54 87 81 10 17 31 22 39 68
61 63 38 54 42 49 52 49 38 16 40 70 33 26 12 21 25 9 20 38 51 31 43 18 21 25 6 10 16 32 32 15 22 36 28 47 74 47 8 0 114 105 58 80 29 0 43 100 85 38 19 2 43 29 23 39 0 10 34 62 59 38 50 47 79 103 68 63 56 44 26 47 81 35 20 36 70 73 66 45 27 25 27 57 45 13 18 37 22 14 32 57 93 73 9 14 25 11 19 39
22 35 14 36 9 30 60 30 15 15 39 50 14 41 39 34 49 22 27 29 29 13 38 10 17 28 19 34 33 13 30 26 41 47 31 103 135 63 41 48 175 174 88 75 30 48 76 83 48 28 33 5 51 33 25 24 17 28 34 70 37 16 11 17 85 113 64 64 45 19 34 93 97 56 48 62 59 53 55 49 26 11 20 45 66 27 32 29 0 8 10 42 75 51 27 46 40 18 14 24
26 38 36 52 25 15 20 39 33 23 50 61 37 40 59 59 42 27 26 41 22 6 17 9 28 30 18 36 28 0 15 16 52 71 68 111 94 3 39 19 67 76 41 54 26 50 121 130 54 34 25 24 30 53 50 14 8 32 0 51 51 14 14 19 34 38 35 30 22 10 18 43 77 67 45 50 40 5 8 27 15 0 16 65 75 24 43 27 9 30 0 16 15 25 44 52 31 20 20 23
9 18 22 43 24 27 21 18 17 26 38 59 32 17 48 35 39 37 28 38 23 20 50 37 22 20 23 34 19 0 8 8 20 72 107 80 42 67 104 120 61 44 36 46 10 42 107 144 63 40 33 34 32 37 26 0 0 36 28 57 47 45 59 58 11 14 20 20 14 12 19 27 60 44 22 40 46 16 13 24 57 55 46 50 34 12 41 24 30 37 21 41 28 16 13 35 28 21 26 34
12 18 25 36 16 38 35 20 34 27 0 26 22 15 50 19 0 27 30 45 24 16 61 45 37 25 45 46 25 25 28 31 22 27 46 41 5 53 105 186 135 79 48 38 16 49 52 57 50 26 22 34 34 29 25 17 11 17 24 41 39 66 69 51 6 11 33 37 16 15 28 26 63 48 32 63 80 49 32 30 67 77 48 38 8 11 49 47 67 64 39 27 31 61 39 34 5 0 10 23
14 24 41 40 12 42 39 24 75 52 19 23 21 20 34 10 2 47 65 88 45 4 35 15 44 23 51 45 27 41 42 49 88 84 44 30 15 59 123 148 142 116 54 25 18 39 25 24 45 20 13 25 23 12 19 36 46 0 16 30 27 54 52 40 32 32 64 73 32 17 35 41 35 28 19 54 76 55 47 48 42 52 19 32 9 15 45 55 55 55 48 36 46 83 44 33 18 12 24 39
33 38 56 56 39 69 50 38 25 19 39 25 11 18 12 24 8 29 50 89 59 11 25 7 23 4 30 30 23 32 22 26 107 92 57 20 13 25 75 73 63 117 79 76 59 19 11 38 42 30 28 38 37 28 44 77 59 7 32 28 14 48 71 77 57 36 59 77 43 18 29 36 64 65 49 56 51 19 8 7 36 51 14 25 13 18 28 21 8 9 40 70 57 36 0 31 49 39 48 64
37 21 15 11 17 54 33 45 3 0 25 6 8 34 18 44 21 1 11 51 49 28 29 17 21 11 22 38 48 36 9 7 70 56 81 36 19 19 51 84 57 88 42 70 60 5 0 20 34 43 45 44 39 29 43 77 49 6 24 7 13 64 98 90 49 16 20 46 41 24 19 14 24 57 70 86 85 60 44 30 46 77 37 20 17 27 30 0 12 10 15 35 25 22 15 59 58 39 42 58
53 33 18 10 22 51 34 88 62 42 38 18 31 52 34 41 59 23 34 46 39 34 19 12 42 39 24 55 85 53 20 17 0 41 63 20 0 29 67 68 66 48 15 29 6 15 34 27 35 58 54 28 9 0 9 38 37 0 8 6 26 50 69 45 21 7 6 23 38 37 26 15 28 72 86 94 95 75 50 18 33 68 39 14 22 21 37 16 37 41 5 5 13 48 69 85 59 32 25 38
5 8 14 10 12 16 0 72 41 47 38 34 45 49 45 42 29 10 48 44 26 33 15 18 53 51 14 52 96 57 27 28 17 36 0 43 19 0 53 57 15 52 130 125 30 54 70 28 29 64 62 29 18 25 48 82 31 1 23 39 40 6 13 5 0 17 22 25 40 50 42 34 70 99 85 70 73 73 62 31 6 32 19 7 23 0 27 33 26 43 21 52 51 49 64 79 50 16 2 12
24 55 35 16 24 29 36 34 31 54 45 55 60 56 65 41 22 9 23 19 23 39 74 22 35 33 62 53 84 91 16 23 9 19 8 0 23 1 0 17 56 75 97 103 61 28 0 31 20 17 20 29 34 37 49 64 19 27 13 61 54 32 14 1 0 35 40 0 24 66 43 40 111 122 59 44 47 52 77 31 23 24 16 40 56 28 82 85 31 63 23 38 35 47 59 34 6 11 13 7
51 52 8 0 25 34 44 55 33 25 11 21 29 30 41 44 41 27 33 27 34 61 106 65 67 58 35 39 47 32 37 57 55 20 31 36 25 4 50 90 114 63 44 27 75 85 52 1 16 20 29 37 33 25 26 33 33 23 16 28 36 18 18 13 12 16 15 33 47 34 40 65 74 58 16 27 33 21 40 31 14 4 26 38 26 34 77 75 59 14 0 14 21 24 41 27 13 19 21 15
34 45 13 7 19 10 32 72 26 4 10 22 25 22 33 68 36 29 39 50 69 97 123 74 16 33 24 15 10 29 66 65 62 17 29 51 57 38 76 109 103 43 26 18 66 94 61 0 27 25 22 17 12 18 35 53 30 10 19 2 21 18 31 38 38 63 60 67 42 21 61 69 40 18 8 25 35 30 35 48 44 24 57 57 15 42 53 31 77 21 31 6 4 23 44 15 12 20 24 18
12 44 37 36 37 15 26 55 27 17 48 50 31 16 11 54 23 21 29 51 75 101 105 48 36 30 66 43 26 60 55 44 10 20 28 45 100 79 66 86 55 32 33 62 30 56 32 23 29 38 43 39 29 23 23 25 33 19 35 7 7 11 10 25 42 59 57 35 0 7 39 14 8 8 26 18 23 40 26 25 1 29 67 76 19 30 44 47 56 35 33 14 26 54 70 38 15 25 32 29
29 44 31 39 62 64 48 19 1 2 36 35 25 21 13 42 24 29 20 25 30 56 67 32 76 20 41 60 45 40 29 32 0 24 36 36 71 41 20 30 46 24 20 50 8 43 30 37 75 69 50 24 9 9 14 15 17 18 31 21 2 17 5 29 74 30 42 50 36 46 44 33 9 23 54 32 30 48 18 6 14 21 0 28 56 60 39 5 49 51 0 12 29 25 24 19 7 18 27 25
35 30 12 17 41 73 68 7 0 0 7 9 17 31 31 39 19 40 27 18 0 17 36 25 79 54 36 85 81 57 83 55 24 2 16 21 32 27 39 24 33 11 13 16 17 49 41 24 37 44 46 42 43 44 28 8 24 28 27 37 17 32 21 42 38 3 42 51 32 37 34 48 29 38 71 68 65 65 35 31 21 51 4 27 49 26 23 12 73 129 60 44 31 22 28 34 14 21 26 23
23 17 18 18 11 48 76 22 35 34 22 24 22 14 17 12 13 40 25 23 6 27 36 25 39 58 42 66 55 39 66 23 31 19 27 20 46 75 96 67 18 12 18 32 34 53 35 38 70 61 40 27 41 64 66 51 60 52 38 50 45 29 23 20 12 27 52 37 4 12 36 44 27 34 59 70 67 54 34 31 30 39 19 25 61 61 57 25 16 87 65 16 9 38 61 50 39 39 35 28
28 18 35 42 16 48 87 34 19 36 33 49 35 4 15 13 23 36 6 15 19 55 56 37 20 18 39 46 29 19 25 37 33 95 89 23 45 59 51 29 35 30 14 68 39 59 26 78 138 116 76 45 48 63 55 31 45 30 22 45 72 38 44 23 36 43 22 16 1 3 40 33 31 46 57 59 51 37 21 5 25 19 43 31 58 80 71 21 21 21 32 4 37 74 84 54 33 27 16 5
46 66 58 35 27 71 39 6 19 25 29 16 46 32 23 11 18 23 37 26 30 46 30 22 11 82 68 14 16 54 64 29 30 72 74 38 26 25 28 35 56 7 25 7 78 56 33 33 73 89 50 30 1 11 21 38 59 38 62 64 55 82 70 20 58 33 36 37 31 41 38 22 10 42 75 113 80 15 25 50 51 45 46 55 24 68 29 6 16 10 13 10 11 41 55 59 46 65 23 34
53 54 64 41 31 28 15 11 15 3 26 29 32 19 32 23 6 22 29 17 15 10 43 51 28 58 64 74 85 80 72 51 14 41 47 39 15 15 32 66 28 26 32 25 28 39 42 26 62 49 51 73 64 41 5 50 52 12 24 32 23 42 50 40 38 22 32 38 31 41 48 42 20 31 37 60 45 8 13 20 28 13 48 72 7 48 41 15 0 7 43 58 43 31 24 24 42 26 4 32
19 29 81 83 92 55 30 18 16 15 55 54 26 21 39 10 0 15 23 32 32 8 50 57 9 19 46 89 80 41 35 33 35 33 17 25 1 23 25 34 74 41 82 80 49 19 70 29 11 0 28 62 90 77 6 44 58 23 43 60 43 30 22 28 17 11 27 39 26 26 39 35 36 34 23 32 31 18 23 21 11 14 49 72 15 40 48 55 48 38 53 62 45 21 32 47 44 5 4 7
64 56 74 65 76 66 41 22 0 27 58 33 10 36 53 15 20 20 18 41 40 31 28 31 22 14 26 57 43 17 22 12 45 43 16 20 0 42 29 2 0 43 57 116 82 52 0 37 68 50 30 13 57 80 24 22 50 29 36 32 22 23 27 44 30 9 0 5 0 1 40 52 18 12 9 16 13 6 15 26 21 49 40 46 39 38 30 82 55 25 29 56 61 23 27 29 40 20 49 19
53 30 17 20 19 31 8 12 45 81 73 35 30 63 68 52 43 18 16 35 36 83 51 75 72 28 0 20 32 33 36 7 19 35 26 34 1 46 40 22 47 46 109 84 51 13 21 129 224 157 55 12 44 49 26 11 23 42 52 26 20 28 12 8 4 0 8 46 44 32 47 34 37 17 16 26 27 19 26 52 63 74 40 42 49 32 14 51 55 14 6 35 59 27 52 54 19 12 59 41
21 7 21 68 61 56 32 64 42 57 38 32 36 43 25 29 8 0 14 12 9 74 35 64 96 45 2 16 28 21 24 13 19 23 18 36 16 33 23 22 24 22 94 128 36 33 48 242 255 135 35 44 72 23 11 15 73 91 65 0 0 15 18 34 68 42 21 53 55 48 78 70 54 14 3 10 19 18 17 41 104 77 59 71 51 31 29 12 32 24 47 86 112 64 85 70 42 17 26 30
20 0 15 40 39 30 32 74 28 22 17 43 42 51 35 31 32 43 81 50 49 74 41 32 80 62 27 25 25 8 13 21 25 30 21 23 22 24 13 15 18 45 51 2 34 10 33 241 190 57 13 45 73 26 9 22 31 65 64 24 21 21 11 42 87 60 36 71 68 42 57 35 76 38 28 22 28 36 27 42 85 63 54 69 47 28 41 17 5 0 3 14 36 0 47 34 74 60 25 29
20 1 15 4 24 29 49 70 66 39 26 36 7 36 36 9 8 36 81 41 71 73 72 29 45 51 15 1 14 14 13 5 0 42 48 18 16 25 35 47 3 14 38 10 22 156 237 253 182 56 37 23 39 38 24 26 26 58 68 49 42 12 0 47 71 44 18 55 46 11 22 0 59 40 41 22 19 29 17 28 27 42 22 26 35 15 29 41 30 27 29 33 57 16 51 16 40 74 38 38
7 1 14 24 9 3 27 53 33 23 54 55 22 58 96 60 42 45 47 49 51 45 28 11 20 25 37 19 6 11 9 20 18 13 30 24 50 78 61 56 15 29 45 14 15 154 241 249 255 195 107 32 34 27 0 32 73 27 31 11 11 6 29 36 40 53 51 20 14 7 31 7 65 53 89 44 14 18 44 52 42 36 27 16 31 17 0 43 42 73 52 83 36 29 25 34 17 67 75 46
24 20 23 20 8 8 25 37 14 23 60 58 23 49 89 72 45 29 17 17 19 20 25 33 44 19 18 15 9 1 0 13 16 12 13 48 135 171 109 48 24 8 51 42 34 52 90 95 255 230 140 91 55 3 42 69 59 31 20 20 37 11 48 47 16 51 32 24 56 32 19 32 54 65 80 41 33 23 33 44 25 5 0 24 51 43 0 23 66 66 49 93 48 36 10 17 18 52 65 53
17 19 19 14 11 14 17 17 22 45 73 55 10 11 34 32 24 8 1 8 9 3 10 27 36 7 4 8 15 13 0 10 14 31 28 88 195 243 167 56 0 72 72 87 11 38 56 255 253 244 203 28 22 42 0 36 59 47 8 0 27 3 79 95 33 59 9 0 19 26 25 50 52 67 44 24 48 28 15 9 12 7 22 60 55 50 21 41 31 16 37 49 35 33 31 32 9 15 31 41
5 11 15 22 26 16 6 7 7 33 51 38 12 7 14 16 4 2 7 14 11 2 1 8 8 5 13 6 16 32 15 5 14 36 34 90 171 255 225 87 60 40 50 44 16 55 19 144 235 255 212 136 79 9 75 35 30 50 32 12 34 12 61 72 55 76 43 20 0 33 50 32 54 63 31 31 51 37 33 13 3 14 32 52 15 21 20 35 89 75 117 41 28 14 38 22 35 13 25 48
13 14 19 39 48 22 5 20 6 19 27 27 26 24 18 14 3 11 12 3 0 5 9 7 3 11 25 12 10 21 9 4 14 14 13 55 97 237 255 133 105 93 67 0 16 75 16 197 255 242 112 236 255 3 40 28 31 57 60 32 48 48 35 21 50 77 51 28 0 29 51 40 27 24 7 20 11 14 36 14 34 34 30 33 11 37 44 23 48 54 95 33 20 26 45 39 28 0 7 32
16 15 19 48 66 37 17 40 22 22 23 26 26 21 9 0 0 9 12 0 0 11 15 7 10 4 16 12 5 2 0 17 16 9 21 43 28 168 240 164 58 32 66 63 20 103 79 203 243 253 255 255 216 128 97 23 51 65 62 53 63 94 46 10 22 55 18 8 26 24 30 69 72 37 14 33 29 52 58 25 18 19 10 0 0 17 35 0 11 23 23 30 10 23 1 10 24 9 15 37
18 25 29 56 83 54 20 29 9 9 22 28 17 12 13 8 0 1 7 5 7 12 10 4 6 0 8 6 4 6 2 16 20 13 33 48 1 90 138 133 62 60 109 44 49 25 74 124 253 248 239 239 235 165 112 102 42 65 51 87 67 93 46 4 6 34 20 31 75 49 32 46 67 30 3 17 32 64 40 25 26 33 37 15 16 2 41 25 21 38 14 29 44 50 39 50 18 18 13 16
32 48 51 72 98 65 9 0 12 15 36 37 7 0 8 11 6 1 0 1 3 4 8 14 1 7 16 1 4 21 6 0 23 1 9 37 7 53 46 68 89 84 89 62 42 60 152 114 255 240 244 255 215 128 112 139 63 82 28 72 11 32 33 18 35 23 16 15 44 43 51 13 9 14 8 10 21 49 24 61 43 41 44 19 29 0 35 33 29 53 28 0 49 40 77 76 53 57 34 11
36 43 51 11 3 6 34 27 9 0 0 5 14 11 4 0 6 7 8 9 10 10 11 12 6 10 13 12 14 15 7 0 8 8 9 21 51 79 81 67 66 97 91 105 167 115 112 43 216 255 249 84 111 60 56 63 19 48 8 33 28 59 48 26 46 27 5 26 23 31 16 20 47 40 25 22 29 49 23 64 52 35 38 40 47 28 38 2 0 12 8 28 43 41 60 72 34 60 64 46
39 82 114 86 45 12 6 1 18 19 15 8 6 8 4 0 4 3 3 5 7 8 8 7 9 14 15 10 8 10 11 8 10 15 15 14 27 51 68 72 62 67 72 153 186 155 61 25 21 252 234 255 251 255 224 4 49 25 47 94 75 52 32 37 45 45 57 51 31 15 11 0 51 50 47 13 6 29 44 49 76 61 57 62 80 61 47 0 7 2 21 48 69 59 37 50 5 25 26 16
21 54 67 63 44 29 6 0 16 29 26 8 1 11 15 7 4 2 1 3 7 8 6 3 7 14 17 12 6 7 11 14 5 13 15 9 8 17 25 26 5 7 33 108 154 200 105 101 246 242 253 225 255 249 255 81 53 46 58 53 87 80 29 40 18 34 80 57 28 12 40 25 0 7 38 30 29 26 61 41 50 65 70 69 78 62 55 21 20 21 45 35 34 38 21 49 23 46 52 45
63 60 22 14 9 26 10 13 19 26 23 7 2 10 16 15 7 4 3 6 10 11 8 4 0 7 15 16 11 7 7 7 25 23 18 12 14 19 17 11 47 26 42 32 79 108 78 97 224 130 232 255 229 242 147 105 80 12 22 56 47 41 32 34 40 25 46 32 8 14 42 18 53 45 39 61 65 27 52 61 64 59 37 46 86 101 85 36 5 47 63 34 23 31 22 15 16 44 55 46
61 72 52 39 12 22 17 27 31 23 15 10 7 4 6 9 7 6 6 8 11 11 8 4 0 3 7 10 9 6 3 3 30 22 9 0 3 17 31 37 51 15 15 8 50 19 35 73 87 235 255 244 116 255 237 133 82 106 67 88 76 59 41 76 71 30 17 29 7 28 31 2 2 22 11 81 114 61 21 37 53 50 28 38 61 86 83 44 29 66 35 26 33 36 48 12 9 22 18 5
5 42 80 90 65 63 51 29 29 16 10 14 16 10 7 9 3 4 7 8 8 6 5 3 8 4 2 3 2 1 3 8 10 14 13 5 0 3 20 36 47 46 16 23 34 7 10 21 149 255 228 255 238 253 222 9 63 96 65 69 16 59 75 33 68 62 64 75 23 27 29 29 38 64 20 51 94 78 19 34 11 31 42 55 28 44 68 56 44 62 12 29 35 15 58 52 65 54 26 8
24 40 84 88 77 84 80 24 20 19 18 19 22 22 17 11 0 4 9 9 5 2 2 4 9 8 8 8 3 0 3 13 10 18 26 25 16 11 17 25 24 61 39 39 35 38 28 24 129 205 255 255 230 255 244 122 64 66 24 24 25 41 30 42 58 80 95 73 21 8 21 32 0 24 17 22 72 81 28 19 30 19 27 63 39 63 78 42 12 39 30 60 53 12 37 49 71 64 42 29
49 34 56 30 18 49 88 39 23 35 36 25 22 26 18 1 0 5 12 11 5 1 2 6 4 9 18 20 9 0 2 13 13 8 4 6 11 15 17 19 32 55 66 66 58 25 11 31 73 27 184 244 255 246 240 255 37 42 51 2 0 26 19 4 23 29 33 0 9 17 37 25 48 34 39 8 43 52 28 17 31 13 27 66 23 43 64 29 24 38 36 45 46 31 34 43 7 25 32 32
55 35 63 25 27 42 48 38 33 22 11 9 14 16 9 1 4 5 7 8 4 0 2 10 13 18 24 21 10 1 3 9 15 6 1 8 15 18 19 21 35 33 52 51 46 10 81 204 175 34 73 108 248 255 247 255 180 61 15 28 4 66 30 9 34 53 5 10 18 12 54 47 73 58 29 9 5 31 62 46 79 79 44 78 42 14 34 13 52 31 12 31 13 55 37 45 7 49 79 28
22 50 26 16 18 50 43 3 27 19 11 10 14 15 9 3 9 9 9 9 3 0 0 7 5 8 11 11 7 3 3 5 6 1 3 11 11 4 5 13 10 24 31 16 4 16 175 255 244 45 41 255 43 249 255 245 244 54 26 27 32 13 10 21 54 59 32 15 7 1 23 39 57 42 35 11 22 20 38 102 144 116 63 69 27 9 28 26 29 31 32 41 13 62 46 31 39 49 55 9
67 111 30 53 18 9 5 8 16 12 8 7 9 8 5 1 7 7 8 8 3 0 0 5 5 6 7 9 11 12 11 9 7 3 9 19 14 1 6 24 43 20 11 29 25 23 201 237 255 220 187 248 130 228 255 255 233 153 49 55 10 6 38 17 11 12 27 24 24 19 7 30 64 72 81 32 69 51 9 60 85 66 37 32 9 19 15 6 35 28 49 68 25 55 43 28 32 17 17 0
37 83 14 53 28 7 3 43 11 10 9 8 7 5 3 1 0 0 4 8 6 1 0 3 5 8 11 11 13 17 17 15 12 5 10 23 20 10 20 43 21 4 19 47 66 67 224 255 255 216 67 249 252 251 255 238 253 227 223 40 22 50 34 32 80 70 60 34 16 16 40 94 38 56 79 55 107 84 27 37 0 35 67 49 11 33 25 37 54 36 59 69 19 47 45 23 38 20 37 23
13 50 30 35 37 37 0 2 14 14 14 13 10 8 6 5 0 0 6 12 12 5 2 3 1 8 12 8 6 9 11 11 9 2 9 25 28 19 23 37 24 36 70 71 133 171 228 239 250 61 125 248 255 251 158 109 255 255 228 16 15 28 33 102 129 128 91 54 17 3 59 120 36 23 39 66 89 51 42 50 30 13 14 19 30 62 24 26 66 42 55 47 7 46 57 31 30 3 25 21
9 7 39 36 37 42 12 26 12 11 10 9 8 8 7 6 8 7 11 16 15 8 4 4 2 11 14 6 2 5 8 6 5 5 15 31 35 26 19 18 0 8 51 51 126 183 195 255 250 255 248 252 225 249 255 227 197 255 161 71 42 4 32 73 81 77 49 48 48 28 31 32 75 47 35 60 52 43 45 19 31 8 16 43 35 31 28 101 96 29 33 56 33 32 49 72 64 15 25 24
49 10 49 50 9 5 0 15 10 8 6 6 9 12 12 11 13 9 8 11 11 8 7 9 10 16 14 6 4 10 10 3 6 12 21 28 30 26 18 12 10 14 45 22 23 68 111 252 255 248 255 234 217 234 255 166 255 253 237 46 16 4 41 76 80 41 13 15 54 66 21 0 65 50 34 39 27 77 64 39 47 12 0 34 38 23 22 91 109 31 34 69 54 22 32 80 69 13 22 22
30 4 39 53 15 55 51 17 16 12 9 11 17 22 24 23 12 5 1 3 5 6 10 15 12 15 9 2 5 13 9 0 6 14 18 15 14 18 19 15 7 16 42 45 58 130 138 203 159 97 168 195 244 255 247 61 209 237 255 123 17 35 47 50 58 15 17 8 54 95 41 34 43 25 22 27 3 62 54 108 127 99 51 57 50 37 31 74 85 59 63 50 36 31 29 37 45 0 20 24
46 33 19 25 48 94 105 41 3 26 24 5 27 13 16 4 7 22 23 6 0 6 15 14 15 10 5 5 8 10 8 5 7 12 12 5 1 5 8 6 13 4 17 8 13 59 71 172 105 186 120 100 126 100 163 235 197 191 254 250 49 33 70 43 15 0 37 18 24 73 41 26 3 18 12 17 49 0 16 73 138 91 72 90 78 30 15 37 95 80 56 37 28 11 9 21 39 33 24 19
48 42 0 17 30 83 75 37 58 39 65 18 26 47 0 2 8 18 20 8 0 0 5 4 10 6 3 3 6 8 7 6 7 11 12 6 4 6 6 3 0 36 20 5 59 0 32 79 48 43 66 60 101 56 25 133 151 181 243 155 113 34 82 27 44 46 23 37 40 40 50 0 40 35 20 12 32 17 38 43 46 16 4 24 39 33 32 43 65 110 106 49 1 19 37 41 45 41 34 27
26 29 0 23 49 52 24 4 93 65 34 26 41 76 56 18 13 17 18 15 7 2 2 5 4 2 1 1 4 6 7 7 7 10 11 8 7 7 4 0 0 29 11 15 82 52 67 178 152 106 81 119 157 100 28 86 167 231 182 67 93 26 25 45 29 58 37 65 53 23 53 14 35 21 7 0 14 47 91 70 48 41 42 43 26 14 43 87 109 88 53 50 20 33 24 25 22 22 22 21
40 27 20 18 72 19 29 45 79 101 88 90 47 50 57 31 18 13 12 15 12 4 4 11 4 3 3 3 3 4 7 8 8 9 9 10 11 9 4 0 9 30 15 26 63 38 32 139 148 126 54 90 67 59 87 216 236 253 253 252 173 117 35 18 16 7 17 13 7 14 25 46 57 43 17 4 9 38 83 78 37 15 22 55 53 18 9 32 49 49 25 32 0 31 24 21 4 6 12 19
14 7 25 41 78 8 30 67 114 75 85 65 44 84 38 32 24 11 5 8 7 1 2 9 7 8 9 7 4 4 7 11 11 8 7 10 14 12 6 1 0 27 3 0 50 8 73 61 121 83 82 160 233 255 197 254 250 255 255 252 243 157 12 21 42 6 22 14 29 47 14 36 72 61 24 26 32 29 43 62 73 33 10 21 29 23 29 49 42 24 2 46 32 39 3 0 24 19 19 28
4 19 44 97 77 42 41 58 53 35 44 43 37 54 39 46 36 20 8 6 6 3 3 7 8 12 14 11 6 5 10 15 16 8 4 9 15 15 10 6 1 30 20 1 19 76 110 58 72 130 159 171 252 255 243 246 244 236 244 242 250 191 36 0 24 21 17 22 27 14 1 11 44 42 13 39 53 43 34 47 23 38 44 39 38 40 30 13 37 34 42 102 84 37 0 40 37 24 17 23
3 8 15 49 8 38 60 40 33 21 5 56 104 70 36 0 41 27 12 7 9 11 9 7 7 12 16 13 7 7 13 20 21 8 1 7 16 17 14 13 46 69 80 50 0 85 39 37 149 255 255 239 255 255 241 255 244 255 151 131 166 140 18 11 32 56 35 26 13 0 30 64 56 63 48 59 36 37 32 13 29 36 27 18 41 72 58 18 12 43 29 42 101 128 73 30 23 14 12 21
12 11 38 45 27 83 129 58 68 24 43 53 110 98 44 47 33 22 9 3 8 14 11 5 4 11 15 13 8 8 15 24 23 9 0 6 15 18 17 17 55 85 81 61 20 62 117 170 227 230 229 255 245 238 67 165 252 208 57 12 24 6 15 0 5 37 52 47 40 23 21 49 84 101 99 82 9 29 46 4 17 30 31 17 12 20 20 10 8 41 17 6 76 101 58 29 11 12 23 39
14 13 34 41 27 44 89 90 69 30 36 95 126 62 43 16 6 1 7 37 14 15 3 2 0 19 14 1 9 13 9 13 18 9 17 11 51 36 14 12 11 37 43 45 102 113 221 248 135 37 84 133 149 162 212 107 150 50 60 8 10 38 58 32 22 18 16 49 59 37 38 35 59 44 26 24 25 10 1 9 32 45 30 25 22 13 14 4 2 11 22 31 29 22 20 20 26 28 67 0
0 4 27 52 41 30 55 68 40 42 33 58 90 69 55 30 32 48 28 22 16 32 20 24 8 7 11 9 0 1 19 32 33 31 14 26 65 36 31 17 13 41 87 101 119 128 131 255 255 224 167 165 115 85 49 29 20 109 53 60 93 67 115 62 17 26 18 52 32 29 10 23 45 33 22 16 12 10 4 0 16 45 68 63 26 25 61 57 33 14 16 0 3 33 37 57 57 54 86 17
14 19 3 15 15 6 12 18 27 40 37 89 112 57 11 28 45 59 30 29 56 68 32 24 3 0 18 29 4 0 15 26 36 41 6 33 66 27 37 21 12 63 140 113 95 171 92 66 196 194 88 66 47 55 15 30 28 105 49 49 73 47 49 43 5 5 9 27 24 20 1 20 39 21 12 7 6 30 49 39 19 25 52 72 54 73 107 76 36 26 45 6 6 61 83 130 74 66 85 26
68 105 64 46 38 34 27 17 27 22 0 51 72 27 2 81 24 10 4 46 94 102 72 57 23 29 42 45 29 16 21 31 34 43 18 42 60 26 33 38 31 29 58 53 20 36 62 45 50 80 73 42 35 43 63 43 56 50 64 35 18 32 35 42 48 18 35 18 57 19 16 33 33 10 19 33 34 56 76 61 13 11 17 32 19 19 44 37 31 40 53 20 13 47 62 81 65 55 65 22
105 147 80 49 26 29 44 59 36 52 13 1 12 30 30 87 61 35 52 67 53 48 60 47 20 35 20 2 8 8 4 17 24 31 31 38 40 22 11 39 31 41 18 54 83 50 42 34 34 12 11 0 41 42 53 0 26 70 100 73 38 29 103 48 46 24 34 20 59 16 31 66 73 26 18 31 25 37 62 63 50 34 4 28 57 37 25 31 6 20 2 10 36 59 68 31 16 9 16 0
88 97 14 28 26 22 29 44 38 61 51 14 8 38 30 34 6 21 79 65 10 14 73 71 34 46 33 21 36 44 32 27 30 39 44 46 42 38 12 39 55 36 22 51 37 34 8 46 101 92 44 30 36 9 3 17 46 85 84 52 49 6 63 31 15 42 18 27 22 5 22 74 83 34 17 28 25 24 40 50 77 63 28 71 133 98 41 27 61 70 22 26 39 36 42 0 34 36 46 51
56 74 20 83 88 64 32 8 34 16 34 12 3 26 36 27 4 22 70 51 13 4 44 39 31 15 30 48 45 54 50 17 46 64 45 63 71 71 46 44 56 46 49 20 33 113 70 10 47 62 15 30 60 51 20 36 50 33 47 18 36 19 1 30 36 97 40 38 16 9 24 45 21 12 26 58 71 55 35 26 46 64 56 69 73 32 10 13 47 54 25 24 30 32 40 10 33 43 60 86
47 92 47 87 61 46 39 21 50 18 56 32 16 35 47 10 41 19 25 25 43 25 31 26 49 0 25 62 35 49 70 25 26 53 9 47 69 69 52 21 43 35 58 68 128 52 19 53 12 50 34 8 9 11 19 15 6 23 72 60 47 56 19 20 22 95 35 14 33 29 60 36 5 8 16 39 66 69 57 52 55 52 31 20 11 20 55 63 40 28 18 18 38 55 39 16 11 27 48 85
81 96 77 12 7 0 8 15 40 11 89 76 28 3 56 31 30 0 50 51 1 32 3 122 59 14 30 29 49 59 16 38 6 21 42 59 27 43 33 6 54 28 50 72 71 19 24 29 4 0 0 41 10 24 10 14 32 40 53 89 76 57 33 42 9 41 13 29 7 26 60 44 0 0 37 68 42 25 43 55 51 23 1 24 39 29 38 48 30 37 53 29 23 39 22 17 11 19 44 61
83 118 81 42 28 22 24 25 0 18 48 31 13 42 64 44 75 48 67 55 10 52 2 97 69 9 21 37 50 68 38 18 15 22 32 44 32 32 25 21 76 38 31 66 18 47 42 2 1 42 37 59 24 23 31 19 8 10 18 65 72 59 32 45 28 43 24 35 2 4 37 53 0 32 44 43 51 38 27 45 22 19 17 29 55 57 27 7 15 38 70 47 17 13 11 32 29 28 43 58
49 46 29 100 94 24 0 51 16 41 10 18 21 51 31 44 26 24 39 37 29 79 12 73 75 13 6 24 24 57 76 42 30 16 18 26 39 25 23 27 4 94 28 51 29 16 50 59 47 20 9 0 16 58 20 16 3 14 1 21 40 52 28 30 59 5 0 51 63 33 16 41 11 27 18 18 45 50 39 49 38 50 63 43 52 59 29 39 9 23 53 48 26 15 20 49 17 6 10 21
42 44 33 47 51 35 4 35 53 65 4 10 17 28 0 5 41 37 55 69 118 138 46 54 24 13 18 41 31 41 71 38 54 14 18 18 26 19 38 28 26 16 47 20 28 20 24 17 20 32 5 23 44 20 25 22 10 55 36 15 25 63 36 10 0 12 29 36 51 65 39 23 38 9 18 36 25 33 63 74 45 43 56 24 21 29 13 64 39 18 15 29 38 33 29 41 35 21 20 26
52 24 67 75 89 57 10 39 98 113 58 26 37 55 47 17 43 25 46 60 137 116 33 18 0 25 22 35 31 23 48 38 55 20 52 47 15 9 46 21 17 31 68 44 64 22 60 34 13 1 34 4 9 20 0 34 17 74 70 45 39 69 42 10 12 16 41 56 57 26 13 46 41 36 62 69 30 21 53 73 30 23 37 9 15 34 8 32 74 39 11 19 28 19 15 15 19 8 9 12
26 0 44 25 26 22 18 35 88 86 43 20 37 30 47 24 17 19 52 53 87 44 18 39 2 27 16 23 29 26 50 56 17 21 88 101 40 11 26 0 1 5 50 6 53 90 20 40 55 49 11 3 25 60 59 41 38 55 50 43 20 33 25 18 40 78 91 69 66 37 23 21 23 61 66 58 66 54 30 31 32 50 66 23 12 44 28 9 62 55 33 27 13 0 6 10 15 9 15 19
50 9 61 127 79 3 16 47 64 64 24 33 62 18 23 29 12 30 47 52 33 3 0 30 0 19 50 75 63 50 55 45 2 19 64 97 59 23 4 0 13 23 66 87 15 33 45 24 26 20 49 32 16 70 22 26 47 26 17 26 0 13 19 15 52 81 88 96 90 13 19 47 20 41 35 38 72 72 34 15 35 55 65 25 0 31 44 8 29 48 39 38 28 16 25 12 13 11 23 34
25 66 100 153 72 44 92 62 12 61 19 26 64 29 7 3 31 32 17 58 49 60 26 21 34 36 91 111 64 48 62 48 32 24 3 36 44 28 3 37 23 14 32 73 53 38 14 18 39 34 49 57 7 31 1 15 29 9 15 37 15 41 40 9 49 63 23 23 74 50 54 23 33 13 29 50 41 43 53 41 37 27 26 23 12 43 64 14 16 37 30 42 55 54 46 3 22 21 38 56
51 44 118 101 31 3 38 34 31 68 56 0 72 22 29 0 45 10 22 29 59 70 94 71 31 50 10 59 36 44 54 59 62 30 9 0 21 27 5 33 38 22 29 81 122 72 24 40 40 0 70 91 24 19 21 21 0 22 19 50 58 69 46 33 46 31 0 61 36 55 74 14 46 46 26 14 1 9 38 31 20 8 4 31 24 58 67 65 41 18 15 47 11 53 30 4 37 3 31 36
65 50 89 48 29 32 45 0 7 30 48 72 80 53 55 40 62 16 28 49 52 61 79 54 39 38 0 35 27 37 46 28 18 47 38 20 18 46 23 52 47 34 46 108 126 60 20 29 0 14 63 45 1 37 33 2 10 25 39 35 64 54 57 44 56 37 21 34 5 30 21 63 80 36 49 23 15 36 20 51 54 44 24 24 19 66 79 67 32 35 41 65 29 41 34 19 56 30 24 13
59 40 63 35 37 25 26 8 3 17 22 38 93 45 26 25 109 50 37 58 25 32 46 39 0 15 16 31 14 18 60 54 27 60 43 44 24 27 0 58 31 6 0 32 37 9 13 13 15 48 54 40 14 53 51 32 45 59 70 39 44 29 39 42 43 30 39 33 19 81 64 79 37 24 26 57 58 31 35 50 82 62 23 8 21 77 72 31 65 73 52 51 30 14 34 31 46 47 30 36
28 34 47 42 36 27 12 31 9 42 40 22 90 63 38 32 69 49 41 88 63 66 56 76 38 29 26 23 25 27 57 25 33 47 23 27 31 21 10 70 82 53 10 32 26 42 69 45 52 69 61 64 26 40 38 19 48 47 24 24 32 67 48 49 49 5 10 44 11 51 59 1 9 26 19 76 82 35 56 61 32 57 57 27 8 28 36 24 45 62 40 46 59 15 26 9 36 45 21 54
9 46 26 19 17 61 17 16 35 77 89 83 10 20 1 0 24 30 0 28 27 47 43 106 60 40 33 12 24 25 53 29 32 55 38 1 26 20 31 48 80 58 36 64 36 45 56 31 65 70 80 89 45 62 71 30 13 33 37 27 15 51 47 74 103 25 29 82 36 17 32 31 36 13 11 16 32 29 13 40 35 38 33 26 40 44 27 2 28 42 19 27 60 17 40 35 76 60 15 44
23 49 15 14 10 52 6 18 21 53 81 66 22 16 24 62 0 40 33 71 74 70 20 46 28 29 31 6 16 18 55 72 39 48 47 16 32 0 19 24 50 26 28 64 26 40 51 72 68 20 33 41 13 18 41 26 17 46 88 38 27 24 36 64 73 33 41 42 37 24 0 47 83 67 19 27 56 45 37 34 35 42 46 38 51 40 41 44 71 68 37 20 32 4 46 75 91 57 17 26
42 52 39 29 26 28 2 30 31 28 40 0 40 6 4 39 4 25 24 51 53 76 48 36 45 42 28 14 39 33 27 44 31 21 28 40 45 3 28 32 25 12 27 48 25 78 77 108 95 27 34 19 27 11 10 14 36 27 52 27 68 84 52 34 44 65 53 11 22 32 3 9 47 73 10 54 80 29 47 23 61 41 20 11 60 64 61 51 84 74 61 43 31 6 28 65 78 46 30 10
46 68 74 26 42 44 26 12 46 19 36 43 39 54 30 14 33 20 17 32 27 79 82 41 29 60 66 53 53 22 2 42 45 45 36 46 38 32 42 6 12 29 63 68 59 137 85 69 25 15 48 5 64 74 38 8 9 20 41 44 56 96 41 35 31 69 35 19 2 0 51 15 18 37 35 58 70 29 17 43 43 39 24 0 37 45 59 65 79 49 35 21 10 10 33 79 111 79 71 15
42 28 29 37 57 55 21 14 24 23 25 55 14 53 36 12 22 14 16 0 63 69 92 92 46 41 51 41 58 47 13 70 87 101 59 59 38 42 68 91 49 36 28 82 59 64 28 24 22 55 45 32 68 90 69 53 25 18 39 47 19 31 17 41 31 30 16 21 32 8 5 48 25 0 43 41 34 18 15 22 14 45 68 35 19 18 17 69 58 43 0 10 1 14 43 92 93 62 59 3
51 45 40 17 24 50 35 15 25 59 41 42 20 17 36 39 14 6 35 37 57 15 44 79 50 42 10 34 45 27 17 48 67 73 54 43 32 58 102 128 77 62 72 69 29 20 26 14 64 76 47 27 61 82 58 37 31 31 28 33 9 5 11 14 28 23 19 18 42 21 6 6 13 1 23 10 6 0 10 24 18 45 67 58 27 23 39 30 22 37 21 9 5 42 42 46 10 1 32 22
61 30 19 11 40 92 74 24 53 85 33 20 46 14 25 16 3 0 29 55 90 69 82 80 17 32 3 69 67 20 23 8 48 9 2 0 30 65 66 38 4 0 28 21 27 21 39 0 83 101 80 45 39 31 11 4 22 20 7 29 51 46 59 18 38 44 52 32 32 19 23 18 28 40 43 31 34 8 17 15 6 28 53 66 26 35 90 54 46 53 65 48 32 52 33 42 30 28 60 67
58 24 26 16 6 32 36 18 49 90 78 62 63 29 33 41 34 21 37 42 84 101 83 9 38 49 34 72 63 18 54 28 16 4 57 35 7 0 13 20 38 45 65 27 26 7 43 51 33 72 88 72 50 27 15 22 11 11 19 32 61 52 52 4 23 41 52 43 12 17 33 44 29 49 37 37 68 45 42 17 14 10 24 40 17 26 56 26 45 52 90 62 30 36 10 24 54 60 66 60
101 38 14 5 15 52 51 22 39 31 44 28 3 28 40 64 13 11 28 26 39 51 47 0 7 7 34 41 50 15 35 0 72 14 36 29 32 29 27 19 44 51 29 18 46 35 41 85 11 46 80 92 84 64 54 59 27 30 66 39 31 22 23 18 17 39 45 67 30 47 46 61 31 32 2 11 72 79 85 55 25 0 8 27 48 46 15 13 19 42 89 38 12 39 14 0 19 44 33 17
19 13 25 11 11 50 63 53 25 0 40 55 35 71 46 30 43 31 40 45 31 11 19 31 61 20 25 11 46 59 83 60 45 21 38 37 24 18 35 52 103 78 18 37 80 65 14 37 21 45 79 94 79 62 69 89 88 65 76 36 16 22 18 30 43 75 75 78 32 42 45 77 47 28 4 7 61 76 79 51 16 8 21 30 59 51 22 75 49 33 53 19 9 26 21 0 25 58 26 3
25 18 30 40 68 92 66 40 33 0 37 21 1 21 50 54 32 41 38 40 59 83 97 107 42 16 17 52 74 79 58 37 12 36 43 48 27 26 46 60 76 53 22 34 32 22 21 61 31 35 55 64 44 34 61 96 118 73 36 27 22 32 16 1 52 95 97 50 18 7 26 55 41 17 24 14 32 34 29 12 25 32 26 23 28 9 11 66 57 15 26 25 17 1 20 18 37 66 19 5
25 11 26 54 81 76 49 58 17 0 33 36 64 42 55 16 24 79 62 15 48 128 135 96 35 29 13 84 70 51 3 0 15 43 11 24 31 56 61 44 19 0 13 41 31 26 46 57 81 47 31 32 20 11 24 40 70 44 0 41 52 62 56 27 50 92 103 33 48 24 32 24 32 8 40 22 15 16 22 26 40 40 9 24 35 14 19 18 13 17 53 56 41 21 48 25 9 41 4 16
14 2 9 32 66 62 34 50 47 10 7 25 14 37 8 24 36 28 53 34 44 64 64 30 13 16 28 21 40 39 44 30 43 45 34 46 65 39 16 38 24 24 2 23 57 46 21 2 105 69 24 21 0 19 38 17 21 15 17 25 51 44 8 12 35 34 24 8 44 42 34 24 48 53 66 50 2 20 24 34 53 74 37 19 42 43 26 7 7 32 62 39 83 43 38 33 0 28 47 50
39 26 10 5 40 64 53 66 66 33 42 44 27 29 5 21 84 69 75 33 27 43 54 34 15 14 21 13 38 48 65 58 52 76 66 52 61 45 18 19 31 46 24 15 18 13 40 72 89 51 6 8 0 48 97 96 21 20 22 24 41 37 15 32 32 27 25 11 33 31 29 12 69 86 101 69 2 12 14 22 40 77 51 25 30 22 14 9 27 32 19 32 82 76 29 4 18 48 66 67
41 39 19 0 36 73 59 53 80 54 86 74 63 47 40 59 56 56 77 44 45 61 75 66 31 26 27 14 36 46 62 55 40 87 76 37 46 57 37 22 0 27 33 46 51 26 22 31 55 41 26 44 23 45 61 39 18 21 24 17 25 24 19 53 58 40 41 21 22 23 37 15 58 82 98 65 9 30 27 18 14 60 44 23 27 21 19 20 39 53 17 44 62 81 27 21 43 70 83 80
33 37 23 4 42 77 51 33 33 10 59 40 43 20 29 50 88 93 109 68 53 41 29 11 39 34 36 21 37 37 42 28 24 75 57 9 26 62 54 34 40 34 0 0 15 16 26 36 34 28 21 40 13 27 38 14 12 16 18 7 12 15 20 62 94 61 59 30 10 18 50 29 33 53 64 44 22 70 57 21 2 41 23 13 34 36 29 21 28 56 18 32 20 44 12 37 11 34 41 33
