5 88 76 99 96 35 106 86 40 95 133 0 102 114 119 35 45 86 80 36 60 23 62 85 53 61 132 139 77 78 3 71 28 13 58 35 94 119 177 143 92 35 0 54 46 2 4 46 156 145 160 15 72 66 8 51 38 40 20 66 94 112 91 63 54 46 4 42 33 88 109 84 82 7 28 2 44 62 101 28 10 61 55 137 187 112 76 0 50 104 88 96 72 32 0 8 26 8 104 164
56 48 25 32 58 52 64 63 22 35 0 58 73 97 112 29 21 77 62 63 120 30 18 49 158 121 90 95 77 92 24 67 31 55 28 31 26 109 154 114 86 12 64 0 15 30 37 106 94 110 131 129 48 9 28 28 13 4 51 26 0 10 13 51 62 36 31 22 0 125 220 40 37 36 15 21 9 124 138 67 72 53 74 248 216 93 41 82 75 91 60 34 26 65 56 34 41 13 49 54
9 44 16 9 69 84 45 81 65 18 39 107 144 149 71 63 37 39 42 75 110 49 65 70 124 78 11 0 86 159 139 110 92 66 16 31 63 42 86 85 32 69 30 51 43 3 73 61 73 72 131 133 65 11 19 20 52 54 16 22 62 31 67 66 26 7 43 45 87 128 113 151 142 71 23 53 85 82 133 47 39 11 12 91 145 97 30 59 44 44 63 43 17 57 56 54 66 53 52 19
0 23 45 100 82 83 102 103 156 51 92 55 109 147 44 72 92 48 67 86 101 76 65 34 137 77 75 62 170 201 172 82 26 52 100 106 152 74 112 134 76 85 44 142 115 49 46 46 64 47 91 59 35 35 31 45 56 39 18 44 155 139 52 44 65 108 103 101 174 191 56 164 112 88 59 63 176 144 8 22 5 57 26 70 123 140 8 100 58 5 30 36 30 45 48 119 117 104 57 0
57 46 42 91 66 30 31 71 49 33 41 82 40 119 132 133 127 65 46 18 63 82 68 123 124 13 55 78 101 78 40 2 0 55 102 68 25 135 175 146 110 40 40 128 135 51 16 54 38 63 75 118 35 45 36 30 14 24 48 95 123 97 12 0 77 116 103 138 116 142 114 45 78 67 2 73 126 67 66 48 0 43 73 31 136 120 50 114 73 4 8 13 58 70 48 130 255 244 138 17
66 0 48 56 0 36 64 50 51 51 0 34 16 86 150 176 136 78 85 51 28 25 46 155 96 9 48 97 54 65 41 58 55 47 117 100 0 113 148 99 59 50 4 134 128 31 30 23 27 48 76 111 92 62 17 80 89 65 45 90 33 32 74 39 98 56 81 156 140 93 96 48 56 48 21 83 107 62 83 80 36 49 37 19 50 126 59 14 28 40 75 39 53 45 11 71 172 223 150 20
28 7 33 22 40 105 139 132 114 68 24 20 77 54 11 29 51 53 121 149 88 32 35 78 43 27 54 85 59 58 37 35 62 32 105 78 27 15 99 155 60 72 60 147 137 92 53 30 26 12 27 26 98 57 43 178 189 73 47 19 3 66 77 65 107 49 44 88 144 106 31 44 48 94 78 138 31 105 161 87 63 21 36 76 119 149 142 77 29 55 112 70 43 14 13 70 33 109 86 15
108 42 0 37 75 73 137 112 46 48 109 111 82 22 30 84 118 136 89 87 83 29 10 23 45 28 27 33 78 29 56 64 45 78 79 37 124 83 109 166 73 56 74 71 126 71 78 31 26 47 20 105 96 36 81 148 166 112 39 18 66 56 40 0 68 45 11 75 58 63 66 74 41 75 215 171 100 101 83 95 125 72 0 60 83 131 111 63 63 17 70 102 107 67 62 95 127 131 70 30
127 33 15 43 66 62 30 40 20 111 211 147 53 54 53 21 12 33 38 42 13 48 66 46 9 100 99 73 114 21 32 82 92 102 68 0 55 113 58 94 118 40 62 13 59 71 85 62 66 36 19 138 132 51 69 101 91 53 101 78 41 42 12 40 15 19 43 56 50 80 39 37 27 9 101 144 70 52 84 52 21 39 41 23 65 112 87 38 92 106 65 28 54 132 102 54 87 163 38 65
85 40 49 27 48 80 89 50 30 116 159 67 12 32 79 94 66 31 46 84 36 48 112 100 36 115 119 8 4 0 18 107 192 188 143 45 33 53 38 34 117 25 3 0 45 33 47 69 81 154 124 46 94 91 106 64 46 33 106 116 109 48 39 12 20 64 89 64 53 135 191 55 17 39 37 59 77 145 97 67 14 41 84 44 46 58 0 8 58 52 62 39 119 120 38 57 14 28 72 33
70 33 25 90 85 87 135 90 41 27 22 8 11 47 89 57 36 16 15 12 4 45 113 85 37 34 41 37 53 25 22 132 131 133 91 30 44 12 42 111 115 26 11 21 32 113 151 89 72 150 166 129 33 54 53 67 38 20 43 80 77 21 70 39 22 19 57 59 76 128 113 65 30 38 1 0 44 134 86 109 84 52 107 76 0 54 120 118 73 33 34 28 112 61 3 36 25 11 63 57
97 2 21 66 129 177 192 100 13 88 104 136 93 20 28 110 75 0 68 86 8 20 105 91 60 81 45 46 27 0 6 62 159 76 19 0 62 28 10 26 41 18 53 49 26 149 145 28 52 143 144 115 150 143 56 89 71 51 38 112 72 30 59 38 6 24 25 14 34 121 54 83 73 13 45 47 48 54 34 77 17 82 81 62 1 15 75 58 52 53 39 70 67 32 75 89 63 43 42 55
144 9 105 35 99 137 130 88 59 66 68 139 43 20 79 177 150 23 35 8 3 33 53 85 94 73 28 62 56 23 2 47 87 35 108 53 0 9 61 69 83 58 53 14 0 60 31 45 81 155 91 95 216 255 119 112 62 37 44 128 87 42 37 34 20 101 88 65 43 90 64 47 106 9 46 60 41 43 37 69 112 125 39 23 25 45 48 19 50 62 28 93 58 49 37 23 53 33 46 0
100 70 83 61 21 9 29 25 22 53 38 102 51 21 0 67 61 7 109 97 36 66 72 69 89 143 205 176 119 95 33 96 105 48 99 42 9 39 76 110 85 19 33 28 18 27 5 16 126 166 85 130 164 204 124 97 73 30 50 104 99 43 54 83 81 153 193 126 134 89 30 49 82 42 22 15 0 60 45 70 84 36 11 13 3 46 29 60 32 21 13 83 95 98 0 39 136 165 96 72
80 147 50 78 48 68 110 60 77 27 41 112 86 81 48 43 47 14 47 98 111 92 53 87 89 89 138 139 122 80 22 121 126 68 24 12 85 94 50 87 84 21 51 45 31 63 128 45 123 193 143 80 158 108 143 89 84 67 88 161 159 78 70 109 76 99 142 22 84 89 13 50 37 63 66 59 22 65 36 29 28 82 100 66 23 27 32 210 94 64 100 108 100 56 23 128 145 220 114 127
92 84 59 30 59 30 98 154 116 34 47 91 95 68 43 63 63 34 0 42 69 79 49 20 60 100 85 48 58 62 59 106 93 71 26 49 131 136 59 20 10 35 67 35 25 32 140 32 100 135 147 129 92 29 197 156 4 34 49 182 168 94 64 109 126 66 60 38 70 91 70 37 25 37 97 118 92 89 98 72 48 89 114 119 38 46 83 174 128 42 74 66 72 10 80 138 70 134 163 111
144 85 32 44 59 9 52 91 3 46 135 49 35 45 112 99 116 110 49 56 59 119 84 13 19 52 34 33 63 110 69 23 44 35 31 95 204 189 27 38 32 58 121 47 4 32 56 67 51 37 71 105 151 47 129 104 89 116 22 128 106 30 23 69 168 83 25 30 52 97 91 127 73 63 87 99 117 71 53 54 46 68 65 140 58 0 3 5 19 14 36 71 60 32 8 124 96 60 122 101
140 116 37 114 89 53 57 72 74 98 111 95 68 24 54 122 92 80 55 93 57 58 51 53 40 62 92 99 90 125 95 4 14 55 93 107 159 166 48 66 33 60 124 100 93 97 45 81 56 10 33 34 51 13 8 24 131 86 65 44 48 41 44 71 115 103 22 17 85 101 76 102 59 92 53 8 34 34 56 42 60 44 55 22 8 86 92 78 106 41 34 5 43 43 61 115 146 59 110 136
77 135 67 89 43 61 73 73 13 68 78 145 79 108 86 0 39 39 14 44 52 105 90 33 32 92 154 112 38 31 53 22 29 93 171 141 125 141 72 98 70 84 62 0 17 102 41 60 62 0 0 71 36 60 84 58 75 36 84 29 22 61 100 132 89 73 42 82 102 34 47 96 65 99 32 60 23 55 78 92 83 46 87 39 20 96 157 225 97 0 30 78 131 70 43 38 44 7 138 69
62 112 90 30 95 154 111 84 84 58 150 93 87 107 83 75 60 48 11 18 13 56 73 52 58 100 111 55 44 41 77 103 36 53 158 168 136 121 52 60 74 0 30 77 34 131 110 34 40 68 33 50 34 141 160 86 49 41 33 75 72 110 132 136 86 86 80 80 90 45 49 51 56 90 136 71 54 32 99 46 58 66 73 61 29 80 190 246 125 37 104 171 120 22 17 57 42 2 68 75
14 40 108 53 195 216 53 39 67 2 56 35 25 58 95 79 56 86 75 60 22 19 32 35 21 36 49 35 48 21 15 18 38 7 133 215 181 103 27 21 11 59 77 63 6 81 96 53 83 85 122 90 51 156 118 36 63 91 16 69 54 61 80 105 97 97 74 58 138 112 31 14 31 48 125 44 74 31 54 29 30 46 26 65 15 41 149 206 166 126 174 161 69 13 48 65 51 34 66 170
75 72 105 34 138 178 25 59 0 117 141 61 64 50 51 82 61 118 114 92 70 42 21 13 8 16 76 99 69 53 78 74 67 48 173 249 165 48 28 40 30 63 45 41 73 66 53 102 121 143 126 71 48 74 51 0 47 93 28 12 13 24 81 163 137 86 62 43 78 82 58 90 15 4 0 25 106 107 12 45 34 22 24 66 8 28 63 115 199 179 202 117 52 17 75 58 46 70 119 243
64 50 44 35 102 112 13 0 55 25 148 29 62 48 49 67 132 155 119 96 75 6 0 55 54 39 53 65 38 56 77 65 52 69 158 186 94 17 56 37 51 0 41 2 55 148 157 85 128 243 108 8 52 54 68 61 145 152 61 26 38 20 46 83 57 62 93 89 48 70 79 51 19 12 14 0 91 94 27 0 25 33 46 27 7 75 57 10 140 174 213 149 78 21 43 29 67 56 20 156
55 27 19 73 96 31 60 65 58 102 85 165 65 51 71 0 122 177 125 67 81 51 16 19 0 50 72 102 109 110 59 36 3 29 78 97 71 67 109 5 41 99 216 71 75 104 88 100 84 31 53 98 54 46 96 86 89 118 33 70 67 15 40 47 76 58 20 63 66 55 52 51 43 31 55 83 29 19 28 23 12 37 71 59 32 55 92 79 117 125 72 36 11 59 70 56 35 76 65 26
111 85 11 106 105 44 46 85 44 19 93 155 127 110 103 57 106 83 51 13 14 39 17 87 52 71 84 117 142 129 103 55 27 24 34 26 17 47 103 17 11 141 179 71 12 31 74 22 146 187 102 28 6 38 45 35 57 90 49 41 44 47 70 49 90 64 54 22 38 2 42 93 83 13 69 84 48 75 84 95 39 35 53 92 29 101 95 21 86 142 149 63 24 28 10 25 73 92 38 21
38 73 24 11 87 90 91 94 88 158 110 0 3 17 37 20 37 14 15 60 60 60 43 37 0 73 7 40 30 32 95 41 15 34 23 88 107 44 59 35 75 203 134 5 17 50 65 39 82 223 185 76 50 55 29 6 19 31 111 60 13 51 81 97 87 30 64 62 46 55 41 53 36 36 91 85 51 88 85 63 49 20 46 16 31 116 141 52 178 163 114 66 42 49 21 18 2 42 34 56
10 70 72 36 43 103 123 186 188 242 156 80 56 94 111 38 1 96 42 10 8 8 49 113 117 126 45 26 0 40 52 37 66 24 34 77 132 166 94 36 216 237 125 71 66 76 101 73 85 20 4 31 33 25 57 51 25 74 85 65 40 69 2 138 117 19 98 105 21 86 59 32 71 145 120 91 36 59 24 39 5 44 114 104 113 189 191 115 219 151 67 71 83 93 101 125 157 145 93 90
121 45 75 79 37 62 80 167 221 222 84 68 25 175 183 25 69 58 20 65 59 26 35 62 97 90 13 64 67 71 93 77 8 39 46 15 83 176 86 58 113 165 58 39 63 94 116 71 15 82 117 56 26 32 66 48 22 30 6 0 52 95 76 48 22 0 76 100 88 119 58 87 98 87 70 8 49 0 34 23 0 38 52 110 109 191 189 155 84 53 14 47 65 13 48 120 139 118 82 91
145 30 107 77 68 22 59 137 134 137 8 43 62 158 100 4 88 73 90 118 72 23 0 32 96 61 39 58 52 34 50 86 79 33 0 26 16 81 126 58 37 41 1 68 65 65 96 35 51 85 128 83 48 42 62 41 47 69 40 122 44 43 80 174 137 12 73 133 95 46 34 24 8 21 48 106 57 31 52 39 6 8 45 114 167 113 117 52 41 19 15 78 152 61 53 94 49 46 58 94
57 90 154 94 57 43 63 150 105 56 0 15 86 108 92 137 104 90 79 46 52 92 56 93 59 14 78 59 69 101 78 149 145 83 64 72 37 40 81 113 88 104 54 154 205 69 2 48 124 72 101 76 5 21 70 48 24 14 76 70 1 26 154 246 240 59 54 131 141 24 31 48 0 59 85 108 85 49 44 49 89 59 30 144 163 149 106 47 58 21 24 70 137 87 97 129 86 38 9 14
62 125 92 94 35 93 50 87 121 50 53 26 95 153 147 177 167 44 66 91 37 56 40 36 0 11 26 82 106 120 132 141 165 36 108 105 70 92 51 42 89 111 115 170 181 71 29 41 57 31 40 63 61 46 19 46 31 64 58 35 20 44 61 204 171 27 69 156 153 41 65 69 45 79 0 28 19 100 44 32 60 0 42 27 127 92 94 0 80 50 76 75 13 14 73 123 128 80 63 72
101 79 17 85 53 108 78 69 154 36 35 26 91 135 46 72 115 21 15 31 7 33 26 45 62 26 0 18 12 65 74 133 124 45 94 72 53 48 38 64 72 69 92 124 111 23 42 91 44 12 39 55 7 31 32 32 59 73 63 26 79 134 98 21 8 6 57 88 124 45 57 131 62 28 58 91 42 117 112 0 53 103 180 127 29 63 41 35 144 76 101 120 15 60 71 42 16 34 100 145
100 73 103 132 133 117 117 169 138 54 84 14 82 77 46 82 52 58 49 48 74 49 63 71 9 18 23 71 28 8 64 134 134 33 54 43 22 0 26 107 72 89 84 133 146 60 24 86 80 49 60 72 30 104 95 111 64 144 50 13 92 106 129 83 49 7 5 46 6 24 73 128 89 63 137 22 66 150 127 49 85 103 125 95 57 5 121 68 32 55 74 68 13 71 49 17 55 63 42 120
125 106 89 69 71 120 104 85 45 49 82 30 31 116 101 102 89 31 69 79 3 54 122 124 65 24 16 95 76 30 50 108 72 47 45 25 14 18 0 25 25 65 80 93 90 68 51 33 55 72 30 91 37 92 188 245 41 255 147 52 31 56 0 60 12 45 45 37 21 7 63 71 60 44 76 63 86 124 126 49 48 0 20 47 34 70 129 97 75 100 6 61 18 56 25 5 45 72 53 43
44 63 72 53 41 100 96 62 18 49 110 53 130 100 65 101 32 30 1 48 37 123 131 33 64 46 44 91 79 47 27 21 2 37 15 5 8 30 3 9 25 0 6 36 26 23 59 52 67 80 33 75 65 86 47 142 41 91 104 66 53 55 53 55 61 6 32 18 46 53 0 45 107 36 45 0 106 111 85 71 66 21 29 55 99 92 52 55 84 110 76 38 73 67 47 24 33 76 85 49
10 28 76 83 71 89 138 160 111 33 72 0 154 144 98 66 32 45 38 11 25 125 73 60 19 55 92 109 92 76 52 20 1 29 12 26 18 4 4 15 24 7 23 38 41 63 108 75 52 144 39 60 81 49 100 171 108 99 78 84 148 172 124 87 21 47 56 104 69 43 29 63 107 18 126 83 66 67 120 111 16 96 79 14 90 70 45 9 54 61 64 0 89 46 88 38 41 91 112 111
61 47 62 36 40 44 127 164 111 24 129 108 53 107 116 137 53 53 97 138 82 52 79 55 70 78 123 139 97 31 7 14 14 6 13 44 36 0 18 12 7 8 16 9 27 36 68 40 98 187 136 32 99 44 56 21 7 34 36 90 181 146 114 152 47 55 21 73 92 117 125 38 25 27 69 142 40 28 96 114 20 38 22 0 39 9 35 57 86 94 14 85 122 67 168 109 56 86 81 140
93 105 86 18 23 33 86 78 38 69 78 94 139 154 22 142 128 7 81 79 43 54 68 53 56 33 70 87 64 9 0 28 30 0 2 17 22 0 34 8 26 23 20 1 18 2 34 29 92 255 146 67 84 146 56 118 117 58 76 107 94 25 83 165 104 23 58 117 175 130 168 145 77 77 35 113 125 66 7 54 63 126 97 33 57 103 49 50 38 92 107 206 143 85 150 131 52 40 28 157
50 88 47 12 23 44 45 22 30 26 22 39 100 156 82 53 79 20 55 45 29 23 54 25 50 21 41 26 24 7 1 4 50 32 9 0 0 0 10 0 0 24 44 2 10 18 62 26 237 242 221 86 208 178 59 144 11 39 53 66 46 68 35 99 128 48 68 190 255 81 153 166 27 0 45 116 142 89 41 43 43 114 82 75 107 83 0 23 0 39 186 226 160 96 78 91 52 55 56 131
63 65 0 11 49 89 69 75 75 59 35 84 82 76 63 59 54 12 114 125 76 38 19 6 22 0 8 0 10 8 7 7 18 35 14 13 11 16 0 17 29 0 11 11 14 5 97 121 255 207 174 252 236 92 132 152 99 70 120 34 66 41 26 84 115 28 28 44 112 32 29 55 76 102 67 126 102 46 34 19 33 70 57 105 113 20 43 44 29 0 73 160 155 85 28 34 69 142 138 53
70 34 56 71 50 103 89 49 74 60 70 156 85 31 19 40 46 60 46 49 35 15 33 30 6 7 6 4 3 6 13 19 9 9 14 9 10 0 17 2 7 0 17 27 18 65 58 157 154 67 255 246 202 0 203 210 155 99 27 74 52 11 53 227 235 36 33 24 47 0 36 16 24 9 76 2 51 83 18 8 48 102 25 96 146 26 74 74 57 103 77 75 108 166 89 78 109 120 82 20
41 16 96 65 0 32 29 45 24 7 21 60 43 11 64 54 38 26 28 31 27 18 13 25 3 5 7 7 5 6 11 15 8 6 8 1 4 0 21 8 6 5 50 15 24 72 226 237 217 150 252 255 144 197 183 137 169 154 0 114 171 215 133 255 211 58 3 15 47 19 52 5 53 51 147 107 54 93 57 66 63 135 103 117 133 41 49 45 66 99 34 47 63 63 36 21 28 62 96 31
24 15 77 49 51 135 151 123 58 41 61 73 65 65 170 172 106 35 8 0 21 35 5 12 6 10 12 11 8 6 7 10 13 13 15 9 14 7 32 17 22 14 38 38 85 158 255 252 247 198 166 244 217 186 4 121 37 13 69 93 249 255 155 116 122 146 88 48 48 33 49 127 140 97 123 59 28 103 95 96 17 93 114 90 72 19 30 76 63 24 118 155 56 9 38 97 113 78 87 13
0 28 40 49 92 120 166 139 115 29 5 17 18 70 128 130 41 27 35 28 19 12 0 13 14 16 17 13 8 4 5 6 4 6 11 4 9 1 22 2 19 0 36 65 10 159 255 227 255 237 117 127 212 244 150 198 56 162 173 71 134 232 229 184 86 102 146 155 47 37 48 138 178 96 71 0 48 59 30 35 34 74 80 55 67 64 41 35 60 0 130 181 145 113 103 142 181 141 104 33
53 45 38 95 152 77 55 72 94 67 148 174 149 138 64 15 15 47 49 39 14 0 8 3 12 13 12 9 4 2 5 8 14 15 15 4 9 3 24 2 14 18 41 84 52 135 211 255 218 0 50 162 255 255 41 212 151 255 248 212 64 255 230 252 255 137 24 50 40 71 80 135 199 115 102 69 91 31 5 42 22 89 97 70 56 62 51 18 52 38 121 178 175 168 157 18 53 94 54 19
10 28 108 135 137 63 0 61 42 71 182 134 90 62 24 2 52 67 31 14 6 2 17 0 2 4 5 3 0 1 6 11 33 32 26 10 15 14 40 19 10 70 106 96 101 173 67 255 126 250 255 236 230 255 242 118 146 255 221 87 174 204 236 255 215 211 63 13 40 12 18 67 131 73 63 53 26 41 40 27 58 86 111 177 179 136 80 28 21 67 127 136 144 149 167 120 80 82 7 38
22 26 111 118 117 143 67 52 26 37 53 12 4 16 19 7 0 18 24 14 2 1 7 2 0 2 5 5 2 2 5 8 17 18 16 3 11 12 36 12 1 60 152 84 0 131 101 227 251 242 216 255 255 221 255 82 178 235 108 250 253 89 77 95 83 36 50 27 56 49 65 36 73 63 55 27 16 72 78 16 34 56 124 219 194 124 64 49 16 101 118 124 184 100 17 97 132 83 9 52
14 13 75 98 68 131 128 79 8 41 10 53 37 44 27 18 25 6 11 0 3 21 6 13 3 7 11 11 7 3 2 3 2 11 18 12 23 21 38 8 21 14 45 77 72 51 211 255 255 255 255 245 249 245 184 255 252 222 255 158 240 168 162 203 180 20 128 95 111 52 26 94 96 107 96 24 33 20 56 64 73 60 69 84 80 132 133 132 55 31 9 82 52 0 48 26 35 58 56 33
23 77 143 121 90 154 124 80 8 10 21 51 27 0 22 23 11 4 12 12 0 5 16 5 20 14 5 0 5 13 13 7 4 12 22 11 20 42 36 34 39 15 72 91 124 182 233 255 156 251 235 251 255 255 250 241 255 248 255 253 180 181 182 172 123 73 86 90 77 94 105 129 71 49 21 34 6 130 214 98 86 102 61 85 41 95 103 105 46 44 51 46 8 58 43 59 13 2 0 10
71 42 36 109 190 176 122 33 40 25 7 15 11 12 23 0 6 9 24 21 0 0 11 6 4 14 20 15 7 6 10 14 25 31 30 19 25 19 16 61 51 37 80 212 98 136 255 238 255 226 255 245 228 244 135 254 219 254 235 255 32 68 159 118 98 42 53 24 20 48 85 167 141 59 67 76 29 169 209 42 13 35 57 37 38 101 55 95 74 62 57 10 38 50 26 13 53 41 33 34
90 44 26 70 69 72 70 0 57 44 30 25 6 6 23 6 9 13 25 25 11 9 10 1 1 12 19 13 5 3 8 12 0 2 4 15 36 15 6 75 29 32 6 9 103 255 165 146 63 255 245 255 255 255 19 169 163 97 103 104 75 70 84 52 84 164 143 69 55 65 132 85 97 104 122 94 98 108 66 81 73 56 45 15 78 115 38 74 48 68 40 54 45 51 4 48 34 32 32 37
57 92 64 115 125 104 14 100 49 35 44 51 18 0 15 29 17 12 12 16 24 27 16 0 22 17 8 5 10 16 14 6 16 21 31 33 37 24 30 92 39 29 40 78 172 198 126 226 255 209 233 232 255 233 255 148 118 159 57 116 93 61 44 88 72 81 36 29 53 34 103 19 80 9 89 116 121 81 63 32 79 76 19 46 94 63 22 25 9 62 53 3 27 52 54 30 30 37 42 41
73 140 114 142 126 95 5 74 41 10 18 34 22 11 9 9 14 12 6 9 23 30 20 10 35 26 16 14 22 28 19 6 8 14 29 11 0 18 54 98 90 12 72 37 149 236 245 255 254 233 254 255 151 242 255 162 71 127 0 38 0 117 140 157 71 21 107 121 100 47 27 0 136 69 25 0 129 107 132 122 63 80 21 58 40 29 74 96 66 36 0 49 69 86 94 89 11 26 38 39
45 70 58 61 8 19 99 57 40 11 14 12 11 27 17 0 2 15 14 8 13 15 17 27 16 23 29 28 25 21 12 3 10 7 12 10 34 69 75 83 42 26 4 85 156 255 255 237 254 255 222 255 247 152 33 80 91 113 125 37 50 104 81 17 4 15 106 73 31 51 86 63 98 70 31 23 115 63 125 124 28 28 41 83 69 97 84 66 42 16 58 22 96 18 106 51 44 53 50 31
56 51 17 58 71 31 94 98 44 16 24 15 8 25 17 6 1 20 17 5 7 6 9 27 0 13 26 26 18 11 4 0 9 9 0 19 82 75 20 31 43 5 92 110 173 148 189 136 255 228 255 236 219 161 164 42 52 100 53 15 66 83 73 24 44 44 26 24 42 72 119 87 133 82 33 66 108 91 147 126 103 32 45 57 80 118 86 84 101 93 86 82 93 0 43 40 31 43 41 24
21 37 70 108 64 53 69 82 52 1 8 18 16 19 4 4 9 22 12 0 9 8 3 15 1 9 16 16 15 13 7 1 0 28 20 47 119 72 7 77 186 231 0 97 40 75 210 255 242 255 247 95 67 115 127 26 10 58 77 27 30 80 28 49 39 46 35 3 28 65 45 53 109 84 0 30 83 143 152 105 94 12 18 9 23 10 37 112 153 155 60 28 79 56 76 31 44 59 61 45
51 31 53 56 13 76 169 135 63 39 8 18 3 10 5 19 6 1 2 7 7 6 18 34 19 1 15 17 20 23 6 19 24 32 22 70 135 126 80 67 251 235 253 109 150 251 255 244 249 253 255 82 34 79 47 57 86 72 110 127 59 70 129 109 63 60 33 44 17 26 31 8 46 90 143 114 104 118 122 56 34 44 26 21 110 99 96 46 104 105 19 34 43 50 59 4 50 46 40 89
28 52 47 46 24 76 147 134 58 15 36 47 6 9 11 6 0 3 6 7 8 14 25 35 9 0 9 0 1 11 0 2 12 0 20 9 47 2 22 17 225 255 175 93 234 193 126 6 168 155 208 99 60 56 78 73 102 85 96 59 51 46 118 78 9 64 2 50 23 4 26 70 72 93 145 130 79 34 45 38 5 53 55 0 51 98 62 19 94 51 0 41 24 29 24 0 79 113 54 20
117 97 21 27 57 77 52 34 89 40 55 48 23 8 2 0 4 10 10 4 0 4 7 7 17 17 21 4 5 21 14 11 20 0 13 25 39 53 74 64 98 156 160 250 249 227 252 158 251 179 108 79 40 48 84 164 88 128 31 83 32 135 91 29 0 97 107 108 59 43 79 131 69 74 79 77 80 29 5 19 67 149 131 45 8 26 23 40 61 68 55 34 8 64 46 43 68 141 84 9
53 56 25 19 55 91 34 51 62 51 25 20 62 27 11 20 3 3 5 11 18 23 25 25 14 14 14 5 6 16 17 15 33 30 25 15 7 62 117 167 143 183 216 254 255 255 115 117 49 50 67 73 9 99 142 116 150 181 84 27 93 116 112 47 38 63 165 90 38 38 68 83 100 84 63 35 14 0 7 17 30 86 15 6 26 24 27 0 23 32 57 17 15 43 0 41 41 120 147 111
41 49 80 45 83 147 47 42 76 92 52 55 87 28 19 0 10 0 0 8 17 16 12 14 17 12 6 11 10 6 13 19 42 22 44 23 91 100 168 247 160 245 255 249 121 82 246 234 45 41 45 0 59 100 92 50 113 160 41 7 44 57 59 113 80 21 87 31 21 32 62 80 26 0 46 102 74 60 68 50 56 124 84 32 11 0 45 33 20 16 96 60 64 97 64 63 49 101 188 177
24 29 116 96 120 130 36 77 38 45 42 59 41 22 62 26 42 30 21 20 19 13 7 4 33 26 12 21 18 5 19 27 36 0 0 20 88 63 50 116 255 239 248 241 130 134 170 138 62 47 111 139 126 78 86 130 107 0 22 49 13 39 158 153 109 105 75 48 36 40 59 74 77 47 37 102 124 74 51 119 173 136 122 52 19 27 52 97 25 15 115 74 16 76 104 55 48 82 139 110
55 29 66 65 143 109 11 38 91 79 91 74 21 40 60 39 13 25 23 7 3 16 22 16 32 32 11 11 7 2 24 27 33 11 16 32 47 76 70 134 229 246 237 255 150 175 61 44 12 84 70 153 174 128 60 121 137 72 40 0 29 14 34 58 21 56 48 51 43 61 79 70 59 86 53 72 96 59 45 155 95 24 62 80 61 94 96 158 76 30 59 79 0 0 22 33 22 77 77 71
30 79 90 40 132 110 57 68 86 82 93 47 10 43 0 3 53 86 87 52 39 64 77 64 35 44 18 8 5 12 42 37 27 0 28 0 42 96 112 89 133 202 255 209 109 199 72 35 66 80 4 97 163 87 43 81 8 11 36 5 42 87 61 28 51 0 38 52 48 45 43 8 57 36 6 0 0 78 128 129 49 28 52 83 20 60 77 102 58 57 4 52 34 47 11 23 4 96 73 131
40 132 162 129 149 82 15 9 66 54 21 16 14 39 84 64 126 102 53 15 93 107 42 82 35 80 55 18 57 71 29 41 53 23 21 76 35 88 61 56 75 65 17 147 56 91 39 14 55 64 14 101 112 103 77 45 52 102 81 99 39 145 200 71 105 104 62 67 59 47 13 6 5 13 44 40 76 136 114 66 8 25 20 2 38 78 19 35 1 0 45 12 9 39 45 19 87 39 69 99
57 137 142 103 93 61 54 80 71 39 16 4 28 82 81 36 4 71 24 24 95 87 95 66 85 104 130 15 99 121 53 63 94 103 120 121 99 96 38 100 56 83 117 135 157 51 43 69 38 21 51 125 76 84 56 10 43 110 121 109 85 57 169 161 122 91 40 113 94 29 48 74 63 12 9 38 51 79 66 36 0 40 54 61 68 44 2 80 61 4 0 37 8 45 15 27 54 32 48 52
61 108 93 36 36 48 116 132 98 46 34 21 57 123 103 62 79 152 172 99 49 80 105 12 86 129 93 34 90 87 48 92 73 97 133 162 122 58 57 112 102 63 68 105 206 109 41 17 13 35 87 71 78 192 131 1 55 66 40 67 62 0 50 58 87 56 38 87 62 54 126 173 134 53 17 11 23 23 61 43 38 53 64 71 55 74 40 0 0 67 55 2 41 86 44 74 49 85 125 120
93 113 47 42 15 101 143 125 59 28 32 33 48 85 83 65 29 126 145 53 0 55 51 66 50 152 80 9 61 109 79 61 26 68 102 122 114 99 68 49 77 100 30 51 124 79 0 48 22 46 70 28 103 143 84 50 24 41 76 6 17 15 75 6 49 44 103 78 27 81 149 211 234 138 56 0 37 6 68 61 90 29 3 56 61 80 100 102 46 27 57 30 19 84 134 148 27 73 76 44
99 57 37 28 46 70 106 42 0 23 36 37 19 28 53 29 35 36 14 46 3 52 51 60 101 115 101 0 109 157 94 47 54 62 72 141 213 190 59 85 123 97 46 34 23 45 59 66 53 52 53 32 131 73 48 75 81 36 14 49 18 95 61 81 79 57 98 59 14 57 130 205 251 180 58 10 58 35 50 60 51 57 0 24 66 37 13 84 120 26 0 31 0 61 61 71 66 93 63 21
73 21 58 69 80 70 88 38 16 69 74 48 8 19 65 37 26 72 71 76 57 87 19 110 123 63 20 5 74 78 55 41 43 72 55 174 211 132 63 62 145 136 49 44 60 118 118 66 36 56 71 45 104 86 97 38 58 66 57 5 35 115 67 63 97 73 20 2 13 24 90 99 106 130 38 21 30 82 56 72 13 148 155 107 108 100 30 30 47 18 34 16 7 59 58 31 116 207 187 101
19 45 52 122 5 108 48 45 58 93 113 80 23 25 65 72 35 75 166 121 15 25 2 107 121 94 21 38 30 59 101 62 44 141 143 134 118 117 107 0 79 118 101 129 45 111 167 77 20 36 66 67 41 55 76 12 74 64 27 34 73 136 71 33 57 90 30 4 34 23 71 63 52 66 29 40 27 85 60 79 113 198 240 197 126 82 32 71 73 127 128 16 76 24 3 61 76 76 73 125
39 91 137 103 0 100 62 23 72 84 146 135 67 34 46 97 96 58 50 100 108 68 86 127 112 15 29 24 36 42 78 53 50 76 144 26 79 159 53 31 46 91 78 88 64 100 176 61 53 48 38 59 45 125 100 19 52 52 86 49 34 17 73 19 22 90 84 25 32 35 137 255 179 51 29 74 81 49 27 57 138 139 141 162 181 125 38 124 79 107 135 68 61 59 29 4 87 146 141 118
61 96 146 48 3 75 63 17 23 106 133 157 113 43 48 120 142 118 69 49 64 104 145 141 110 76 48 19 68 88 102 0 40 58 114 50 81 106 52 108 109 29 83 133 137 50 66 71 108 88 137 138 83 116 69 33 40 5 74 56 14 53 46 61 72 81 23 130 54 22 77 184 157 47 46 66 40 74 63 96 137 130 80 191 174 77 0 87 74 135 139 132 74 54 23 41 65 88 91 33
51 45 49 33 15 34 48 28 18 53 62 88 83 62 18 51 52 107 108 53 60 0 53 134 127 122 51 8 53 99 57 24 38 57 40 82 123 92 26 82 195 110 21 25 80 81 120 146 51 24 215 239 162 118 52 22 2 13 58 70 68 122 118 110 119 131 28 86 50 49 29 39 46 62 25 24 108 95 58 102 209 173 133 119 48 24 51 56 71 82 68 36 9 19 20 40 16 58 121 92
42 57 15 55 40 5 45 13 34 47 9 50 104 85 85 52 45 28 33 21 29 2 47 51 103 87 37 19 21 114 93 111 63 24 71 44 63 78 67 70 83 52 82 129 38 26 92 84 98 52 112 189 161 61 55 4 23 47 39 44 68 106 117 124 65 132 36 27 30 80 55 29 96 115 57 66 93 30 43 99 180 189 98 41 91 151 102 10 54 55 83 74 70 72 35 10 18 47 138 104
80 55 76 41 55 122 66 67 81 44 64 47 114 120 121 118 9 62 43 60 89 85 51 57 94 78 59 56 41 83 88 120 114 6 106 90 10 0 48 92 47 89 39 9 26 25 0 83 61 62 33 1 11 48 51 68 49 138 116 13 77 168 164 91 40 90 83 126 133 47 0 34 111 160 94 53 23 25 69 88 107 165 84 46 98 215 171 112 50 33 47 45 37 79 52 35 3 29 149 138
33 35 14 42 102 153 88 33 115 111 61 68 68 59 126 123 16 97 101 110 89 74 63 101 71 81 51 41 85 24 18 54 24 177 103 75 80 44 57 234 169 100 82 40 66 128 47 34 30 72 83 87 114 100 51 36 51 136 150 4 62 118 128 94 26 55 46 22 61 30 33 70 70 31 94 103 29 46 99 13 64 68 111 111 18 101 153 102 67 72 71 85 37 75 22 1 24 31 119 112
68 57 29 80 115 105 19 6 29 48 58 86 7 37 0 0 49 43 68 76 34 10 63 82 85 60 36 38 92 30 56 63 62 157 155 148 129 66 70 160 127 31 88 87 73 108 27 77 72 46 37 75 157 130 154 65 88 75 117 82 146 99 83 108 89 66 47 21 46 37 46 82 81 26 78 69 78 22 46 64 67 123 180 174 174 115 59 52 11 48 33 75 36 99 78 78 42 30 48 38
117 163 47 106 91 20 42 48 49 98 64 88 0 37 50 24 10 40 47 56 51 16 35 83 78 30 24 32 22 20 49 42 27 21 81 22 58 37 65 39 66 9 24 61 93 117 9 151 98 73 106 16 91 172 156 55 76 19 2 14 77 58 60 64 54 63 56 24 1 74 69 60 35 54 108 92 78 64 55 39 37 32 131 141 97 72 63 8 15 73 43 85 62 101 93 86 3 14 8 40
6 89 15 49 38 11 21 32 45 96 125 102 40 74 87 36 38 39 38 77 21 59 87 82 60 73 67 65 28 50 16 49 43 23 65 179 255 115 87 44 116 105 7 2 81 148 0 110 63 70 40 20 105 144 103 31 16 56 110 176 116 4 10 44 50 26 21 60 1 78 53 68 64 99 49 60 34 74 39 63 35 34 69 64 33 105 133 123 46 103 51 69 53 60 59 38 31 46 0 35
23 48 62 57 27 28 21 23 21 56 128 120 52 121 120 42 22 37 116 106 86 119 128 94 85 99 67 127 90 49 50 93 73 38 45 145 182 62 1 82 197 191 68 34 73 133 82 79 48 83 74 0 90 90 125 69 21 53 23 165 113 39 52 24 51 14 41 47 77 80 46 28 67 42 68 0 38 72 62 41 0 6 95 68 57 91 129 209 141 76 40 10 41 6 47 37 41 62 38 52
120 111 188 112 26 18 56 74 64 0 22 54 59 0 81 94 86 68 17 48 50 111 149 128 161 155 101 202 108 45 131 98 94 14 27 114 96 30 56 108 160 174 139 31 25 37 57 59 70 105 108 44 78 28 84 59 0 62 27 118 92 35 8 24 79 30 52 123 48 16 52 12 36 29 0 23 54 30 28 37 99 5 115 138 23 39 66 60 44 37 36 43 44 57 62 0 30 66 126 89
73 112 101 130 56 53 85 72 70 68 96 39 55 3 108 117 86 104 94 74 44 41 92 84 87 112 77 158 44 16 191 190 95 83 3 89 119 56 100 73 58 19 27 16 109 101 64 39 30 6 8 14 82 49 85 36 6 16 81 114 81 32 102 120 97 39 59 72 76 74 61 53 78 114 40 55 77 34 31 42 66 51 28 98 97 26 2 54 57 0 81 18 0 63 76 6 69 96 128 72
65 96 8 133 108 93 68 22 81 17 34 4 28 37 69 116 105 92 96 123 12 40 5 32 47 72 35 44 23 56 112 108 106 61 63 59 12 54 131 106 22 73 89 75 126 165 112 113 91 37 39 14 38 24 42 12 45 91 44 49 28 77 108 153 63 63 128 44 116 116 88 79 168 234 147 15 40 58 98 121 175 85 58 49 84 64 4 99 50 62 60 124 50 32 17 20 48 90 57 75
76 23 41 145 107 56 50 88 98 14 38 63 39 1 0 83 86 28 114 163 92 49 47 55 115 151 101 15 9 65 45 22 42 73 115 125 39 21 89 57 105 82 38 34 44 111 92 100 65 65 129 85 78 85 71 67 56 181 177 87 36 17 53 40 42 18 93 47 65 76 162 85 84 198 143 16 3 12 87 151 194 103 95 54 56 63 70 22 0 117 135 39 59 70 41 67 78 126 86 85
1 89 38 34 73 112 36 47 19 8 5 30 83 71 34 7 80 24 0 75 24 68 75 21 104 124 67 7 30 123 145 73 62 69 136 94 62 46 5 100 180 56 15 49 36 30 40 19 23 62 128 83 79 85 34 36 52 115 84 88 3 55 112 138 108 26 109 82 13 41 104 51 49 114 33 85 90 47 60 84 76 19 120 39 89 177 136 66 82 173 86 65 0 0 30 50 85 119 138 52
57 80 115 165 12 32 33 27 11 47 27 29 109 89 23 31 35 37 42 40 22 19 52 0 0 40 52 41 45 109 172 132 29 23 68 73 53 41 47 111 116 76 36 36 60 62 74 8 103 154 142 79 57 41 29 85 2 47 51 21 37 8 58 182 145 134 246 138 31 39 15 3 27 76 25 81 41 0 41 96 75 26 93 87 126 192 215 123 54 75 106 52 21 43 51 19 4 31 84 49
68 94 197 124 54 129 75 58 26 56 46 71 180 167 0 60 60 27 32 32 26 20 4 45 65 64 52 26 41 69 69 50 33 32 16 9 111 121 18 56 122 176 79 20 20 0 20 61 146 189 111 70 65 15 6 63 40 33 64 26 36 55 72 131 80 137 204 64 40 87 123 39 78 78 56 25 33 74 100 104 90 44 70 100 147 124 71 49 77 106 62 10 41 70 38 64 53 45 23 79
25 121 229 149 58 90 62 122 48 57 68 14 134 136 43 20 115 82 29 6 47 39 7 56 60 55 46 14 0 17 58 73 62 81 79 25 36 70 58 67 107 93 96 130 113 50 29 55 80 150 85 52 141 98 33 37 87 80 55 25 8 80 97 19 3 22 46 31 72 154 177 48 39 119 37 16 40 66 103 123 112 55 19 27 72 45 0 60 134 99 18 47 41 76 36 58 48 72 19 0
81 10 98 91 0 34 111 173 48 102 94 14 89 38 29 68 58 45 115 146 89 58 32 87 51 39 93 113 80 61 72 37 63 106 81 35 23 60 45 171 123 59 78 106 33 21 0 25 109 109 16 34 147 147 67 40 53 59 78 66 60 88 56 48 74 39 28 11 16 50 89 27 77 155 147 32 64 68 57 72 103 52 61 129 154 91 5 64 95 62 79 66 14 70 78 52 33 21 47 72
150 144 53 18 24 7 52 60 70 134 49 68 64 77 57 83 56 78 181 230 149 42 6 22 61 34 63 109 65 26 35 62 48 98 78 22 5 46 9 102 100 47 11 45 16 17 88 93 126 95 17 42 99 108 58 42 108 89 62 56 34 146 34 113 102 24 16 50 30 0 33 51 54 64 125 142 117 78 8 19 49 8 43 143 190 136 60 108 66 5 97 104 53 24 25 82 115 13 0 0
75 109 109 13 9 64 88 60 80 89 50 77 57 22 35 34 54 121 122 112 145 71 66 50 63 106 113 9 53 23 35 12 41 48 51 13 18 48 51 56 46 62 51 12 32 5 124 162 148 110 60 27 9 19 53 74 26 92 68 46 63 80 89 82 30 29 32 27 22 57 96 59 87 78 25 64 103 94 32 49 6 85 128 80 95 96 121 189 136 65 134 83 35 53 48 85 8 16 78 51
65 51 31 16 26 77 150 73 58 48 30 44 62 29 9 17 53 130 155 203 252 141 28 17 33 97 65 3 34 67 44 23 57 62 76 108 118 97 103 103 98 78 145 46 76 84 80 99 99 57 67 53 89 108 126 77 64 52 59 12 46 115 79 47 19 38 39 45 71 131 126 37 24 42 122 142 115 43 33 6 7 6 15 21 130 49 10 59 93 9 89 84 30 119 126 94 59 50 96 74
150 118 107 44 45 44 12 70 28 74 24 15 96 162 60 26 25 108 195 245 218 188 47 41 124 109 72 83 14 12 2 40 49 95 75 123 134 120 64 78 63 87 203 135 55 76 100 128 76 54 87 33 54 69 111 76 70 63 31 69 19 89 87 111 103 51 20 76 107 110 77 26 39 58 107 122 162 126 28 23 10 88 141 131 236 150 70 42 63 16 94 176 112 99 77 106 110 94 173 208
96 66 33 58 75 88 116 147 46 76 68 5 81 114 72 12 0 90 150 137 105 146 91 23 125 109 126 70 53 29 93 110 74 72 31 21 35 79 22 52 36 56 102 88 30 45 116 127 70 24 35 20 102 146 133 61 34 0 56 107 138 99 73 95 101 61 15 38 39 53 49 32 73 110 113 109 99 151 96 54 14 78 112 92 123 70 47 49 0 41 73 138 104 61 48 96 81 92 139 176
140 96 42 40 13 19 65 150 115 36 4 50 5 23 25 19 54 28 13 100 154 51 98 90 87 84 0 18 0 82 106 196 167 69 80 37 25 51 21 66 72 43 65 7 22 19 45 88 55 25 27 10 64 104 83 42 74 71 74 155 163 32 70 92 19 19 31 89 60 26 26 52 71 126 114 129 137 43 25 0 8 34 23 6 15 44 56 39 12 38 53 128 103 61 59 27 59 117 92 72
110 108 109 72 14 18 71 102 89 52 81 141 108 96 56 91 128 103 4 106 198 69 94 176 186 157 95 56 42 53 93 109 69 30 52 89 34 27 34 17 51 71 23 39 52 22 61 88 124 78 3 33 68 141 118 102 99 43 27 31 69 37 51 25 51 23 48 86 72 55 62 65 78 120 134 152 53 37 105 49 14 59 144 78 50 149 123 39 89 33 8 107 124 85 59 31 61 95 47 37
51 78 14 0 80 85 61 122 53 59 98 82 74 78 63 68 70 105 52 35 90 89 141 181 210 125 14 0 31 71 72 31 57 13 15 51 21 25 32 26 52 89 63 42 33 42 109 147 137 62 15 25 46 179 177 44 11 134 206 183 52 19 26 19 68 51 36 25 37 76 93 72 59 114 133 58 90 0 39 0 24 112 208 141 81 151 154 88 159 40 22 56 82 107 36 31 0 40 30 13
104 92 40 23 53 35 9 34 29 37 77 85 82 66 54 109 46 35 34 12 56 100 129 143 4 36 43 44 47 60 82 77 116 67 35 55 37 29 9 6 63 86 74 32 26 74 108 94 107 24 14 20 8 91 119 13 59 124 160 155 29 34 71 80 80 152 168 93 23 9 20 23 0 107 118 32 39 5 42 80 29 81 113 75 78 175 192 93 63 27 84 81 43 55 0 32 1 34 64 20
68 23 60 78 13 14 68 63 23 21 45 132 110 76 35 159 142 27 29 61 71 40 22 22 84 86 49 17 15 40 68 57 64 33 6 45 66 63 34 42 11 15 33 18 59 161 171 117 102 60 60 53 40 28 64 80 29 0 42 64 37 48 163 195 141 163 133 85 77 66 30 7 28 61 11 15 18 141 129 121 85 120 87 36 39 123 156 46 16 55 88 97 39 29 43 51 25 41 92 19
