12 11 16 20 39 66 11 38 53 19 16 21 52 73 38 20 48 32 44 17 29 16 4 16 20 52 44 17 23 42 53 65 48 36 0 33 42 47 44 58 39 25 53 54 0 63 32 0 29 26 0 8 0 21 22 9 8 28 26 66 57 36 11 11 15 19 8 8 36 59 0 40 17 5 4 21 27 69 54 47 22 28 12 29 25 22 15 53 54 23 36 5 46 36 24 19 52 59 29 11
13 25 25 42 50 59 29 36 37 18 38 60 78 70 24 8 28 27 33 24 22 24 3 17 5 34 33 9 1 13 46 87 93 65 23 55 55 36 22 37 48 27 43 32 16 56 31 13 21 24 17 24 30 29 13 24 17 21 6 39 46 51 37 22 29 28 37 44 25 19 15 36 43 35 42 20 15 31 32 26 29 33 12 14 37 53 42 46 25 17 34 18 29 0 2 21 58 67 40 26
10 27 29 57 50 48 45 29 11 6 41 79 93 70 29 20 18 35 37 42 25 32 1 12 22 20 8 3 12 19 34 58 94 90 63 77 66 41 26 30 46 35 53 25 25 32 31 49 37 20 26 24 53 44 18 43 85 60 8 2 9 47 66 50 20 13 12 29 47 34 70 93 31 18 36 7 17 25 36 25 18 39 33 21 60 77 56 25 20 22 27 38 34 2 30 74 104 102 62 36
13 12 30 47 33 38 41 19 24 21 38 63 70 49 18 4 30 48 49 47 31 25 3 9 62 40 19 21 36 33 14 0 21 62 62 53 40 31 30 21 6 12 59 62 65 72 71 70 66 27 48 18 23 18 9 35 52 53 31 19 13 34 46 15 29 22 6 3 75 45 56 105 93 51 45 33 46 43 24 2 5 35 43 16 48 51 38 9 41 34 13 41 42 19 59 107 105 102 62 39
29 0 37 28 15 35 26 11 19 23 27 43 57 52 30 2 51 54 48 29 31 12 21 29 37 34 33 33 35 43 43 35 5 41 43 30 28 22 31 24 37 5 19 36 30 77 83 44 57 22 71 39 11 18 35 47 2 36 48 39 29 30 44 24 45 16 33 12 70 39 31 81 105 47 24 46 56 64 31 24 34 45 41 11 36 32 34 31 48 43 16 36 35 9 32 58 42 52 37 37
39 4 46 20 11 33 19 9 1 19 26 48 69 72 58 22 63 51 34 16 31 12 47 66 29 23 22 18 18 42 68 73 58 47 29 31 42 16 26 35 69 20 10 12 0 37 65 25 29 0 30 26 11 23 19 0 35 58 47 19 20 18 52 67 79 0 28 18 39 50 69 77 93 42 17 40 29 38 14 28 41 38 25 21 46 37 26 30 37 51 50 44 43 17 14 10 28 38 24 27
23 11 44 23 20 25 26 12 20 37 36 52 56 43 39 16 53 40 13 23 33 17 46 73 74 37 17 14 8 17 31 30 61 36 20 27 41 1 16 35 33 16 41 49 38 35 55 27 63 40 27 46 56 52 21 9 39 50 25 11 44 24 33 48 103 1 19 21 18 36 74 53 38 13 19 30 30 43 45 60 8 13 6 27 44 32 1 5 33 51 69 33 55 55 42 14 48 51 27 23
0 12 34 26 28 15 36 15 17 28 20 33 26 6 22 23 30 25 0 34 30 15 23 51 65 20 9 22 14 6 14 16 27 30 34 35 44 7 30 49 52 27 37 26 49 5 19 4 8 28 0 34 58 49 40 90 30 31 3 13 85 61 47 55 55 20 26 32 21 3 39 33 31 17 38 19 24 19 20 11 10 26 19 42 43 37 8 23 37 41 57 0 48 80 68 25 32 40 25 31
47 70 44 35 35 13 17 19 17 28 29 23 43 40 56 7 8 16 22 23 28 31 19 2 21 14 0 14 17 12 25 5 52 79 50 13 24 0 10 22 35 3 9 23 0 54 32 53 47 12 17 38 45 28 33 120 67 20 16 36 44 79 101 73 24 55 43 9 19 15 41 19 33 47 17 2 6 52 53 51 46 0 20 32 34 31 14 52 21 23 53 36 32 41 58 18 6 47 31 15
31 66 38 6 23 26 45 47 19 29 36 36 51 47 66 31 22 27 33 39 44 44 35 24 8 5 2 29 32 16 20 5 69 90 77 40 15 11 33 7 18 28 15 26 37 82 42 64 69 53 32 27 55 65 47 56 40 21 24 22 22 68 91 53 26 63 48 23 40 59 69 31 25 20 5 0 37 69 72 57 48 43 49 23 25 29 14 62 29 15 42 56 43 33 47 39 23 51 25 4
15 38 27 14 49 26 42 71 25 30 38 39 42 34 52 37 51 35 17 6 0 1 8 16 18 31 27 33 40 44 45 24 32 48 72 72 18 33 64 31 14 24 42 62 27 74 88 78 15 31 9 2 42 63 61 41 35 31 41 33 20 45 52 11 14 47 35 26 23 31 24 3 65 43 35 18 43 36 41 26 37 39 29 5 32 39 13 55 17 6 29 69 58 47 35 25 58 71 35 13
9 30 32 20 57 21 23 55 25 21 27 31 22 16 32 37 12 8 10 18 18 12 14 23 43 33 13 13 27 34 38 41 42 21 32 65 25 37 48 30 22 18 52 89 35 65 98 62 15 26 7 16 48 31 46 46 46 28 32 35 27 36 41 18 10 19 13 42 37 30 9 17 31 9 11 19 42 45 61 63 16 2 4 13 36 30 6 33 33 35 39 66 63 84 58 26 51 56 23 6
20 61 59 12 31 30 21 21 23 10 16 23 12 16 28 45 38 35 36 37 27 11 8 15 70 27 2 20 41 25 19 52 55 16 0 33 44 64 43 33 37 31 28 68 73 68 46 20 34 30 18 35 65 18 27 35 33 12 5 8 21 51 69 58 30 29 27 58 62 56 20 24 31 15 11 33 24 34 32 31 9 0 28 38 15 5 7 12 46 48 32 35 30 64 59 46 54 56 33 26
47 67 70 49 43 42 15 16 36 15 16 24 13 25 22 37 26 26 25 21 15 18 34 50 57 47 36 33 56 57 29 35 4 11 21 41 68 85 59 60 58 19 15 38 37 35 19 2 5 27 45 37 58 16 24 31 11 20 17 4 17 58 67 38 16 49 70 63 54 55 24 16 0 12 35 56 14 21 23 27 15 14 39 32 0 13 31 0 23 22 21 32 20 15 21 46 38 37 22 25
59 39 49 83 57 46 10 36 53 28 26 35 25 44 22 26 24 39 51 45 29 17 12 10 20 37 39 19 41 53 18 15 6 17 56 56 61 55 48 64 58 3 23 22 0 18 28 19 10 41 73 29 46 25 28 29 15 42 47 24 19 39 38 12 0 42 86 68 77 83 54 34 0 20 58 61 26 30 38 19 15 22 28 18 5 29 48 22 14 10 35 63 63 16 11 40 41 33 22 35
49 22 24 58 22 47 24 49 59 34 34 48 44 70 38 34 13 31 41 30 14 9 9 8 26 6 9 23 43 18 0 40 58 5 26 28 37 31 48 75 32 17 27 7 38 59 24 37 14 16 37 0 39 48 39 28 32 49 51 31 14 18 33 42 39 37 66 65 114 114 56 7 19 11 37 37 61 81 81 15 5 30 35 30 21 19 43 63 18 8 34 62 82 31 17 29 25 10 0 19
53 19 10 18 15 23 33 26 18 28 30 17 0 58 56 35 0 21 18 30 40 82 66 40 46 25 25 46 69 49 21 46 40 22 2 0 18 20 74 69 21 24 63 33 45 21 29 3 32 21 3 10 21 34 46 24 17 30 13 0 23 28 24 41 21 23 56 47 59 67 15 11 10 17 33 47 95 146 97 22 0 26 37 31 71 20 35 60 42 41 29 46 90 93 56 34 26 27 46 64
40 13 6 9 6 22 39 34 0 16 26 18 9 46 22 0 47 53 38 39 35 63 57 49 32 23 11 4 34 49 26 29 55 29 18 17 39 39 60 44 65 72 30 63 53 24 37 25 32 32 21 24 22 29 48 37 32 51 48 25 37 32 26 22 27 42 56 45 29 15 8 23 13 26 60 44 115 125 104 58 23 24 19 38 57 32 34 72 69 68 30 14 53 74 58 52 15 19 33 38
17 11 23 29 22 36 50 41 5 31 32 17 26 55 27 17 54 58 47 45 31 38 34 36 23 24 16 3 28 43 22 24 31 11 23 16 20 19 24 24 46 93 29 24 21 53 61 32 26 32 28 27 16 22 54 57 35 34 50 42 47 20 24 26 48 67 64 55 23 0 16 33 15 34 62 21 55 46 59 73 61 35 5 20 16 36 16 30 58 81 44 5 28 42 29 33 8 12 21 20
8 27 63 71 50 46 47 28 14 38 29 9 39 61 35 42 46 54 47 31 16 22 25 26 13 7 14 27 50 48 41 78 40 8 18 9 12 27 24 35 68 62 44 10 32 51 29 46 23 24 14 15 10 25 68 79 50 16 38 56 58 9 27 55 44 51 54 44 22 10 11 6 56 55 59 36 9 12 18 43 45 28 17 22 27 76 47 12 28 69 50 17 28 20 0 6 24 17 26 37
17 40 77 79 46 33 31 14 0 25 22 6 45 45 6 10 58 64 50 16 13 35 53 47 36 17 16 32 53 45 37 80 80 19 0 1 23 55 39 36 53 67 56 6 44 95 52 29 40 27 7 12 21 45 88 96 48 15 30 48 43 0 11 38 52 44 72 51 38 53 25 10 42 15 39 50 29 44 44 29 10 8 39 39 54 68 59 10 28 50 36 26 47 35 8 13 23 3 12 41
17 23 45 46 22 22 35 29 28 40 38 19 55 41 0 0 41 49 46 21 43 72 85 62 31 26 23 24 50 55 27 31 93 39 4 11 20 46 39 40 68 38 0 56 80 66 24 26 56 36 15 27 43 63 93 91 24 31 34 35 28 21 11 10 22 8 51 28 10 33 9 4 19 0 52 34 34 29 57 33 16 5 37 37 52 15 58 46 38 38 30 43 72 69 39 24 40 19 27 55
17 4 14 25 21 32 49 46 60 55 50 29 66 53 25 27 14 15 25 24 67 84 79 42 0 17 23 15 47 74 57 55 91 63 23 30 13 28 50 67 58 52 31 50 55 50 16 0 38 27 20 41 52 57 70 58 19 55 41 41 38 63 33 24 21 2 36 40 20 27 29 32 52 61 88 31 33 18 32 28 31 17 21 38 71 23 96 96 40 44 49 52 56 59 44 20 30 23 29 36
31 6 12 34 41 48 52 39 42 33 38 26 66 56 35 34 22 3 4 10 60 65 53 16 29 44 39 11 25 57 72 101 86 59 3 18 3 19 55 71 38 20 87 44 63 62 44 37 5 7 15 43 49 40 41 24 17 52 21 33 33 64 25 28 22 0 14 52 40 26 48 48 35 70 55 26 56 75 35 35 36 34 14 44 91 44 92 55 44 60 69 41 5 14 31 17 59 67 71 58
53 64 48 70 68 45 3 21 11 4 19 25 46 50 7 0 8 21 20 27 49 41 14 5 36 46 13 4 0 25 60 74 63 42 28 27 22 23 29 23 21 41 32 48 43 23 36 49 4 10 0 32 45 59 40 14 10 48 36 50 22 47 23 3 17 14 43 47 38 22 47 9 7 18 17 38 39 52 34 19 26 23 40 60 94 69 46 2 46 60 41 49 9 40 27 0 56 39 37 41
20 28 59 92 52 40 25 12 38 18 32 42 48 43 15 15 43 41 27 24 27 12 12 42 57 57 22 21 11 31 48 52 42 43 78 68 41 37 30 50 0 0 55 35 46 35 46 44 23 50 9 27 47 18 42 32 68 59 54 41 21 11 27 25 10 27 11 36 36 44 34 29 27 19 45 24 13 0 7 17 23 26 35 61 72 71 40 0 7 19 24 37 39 81 90 59 0 10 50 88
22 21 34 39 0 7 33 45 71 28 32 46 44 37 21 15 48 63 57 39 26 8 17 55 65 64 37 49 36 38 43 47 49 21 53 48 44 47 0 0 11 53 38 2 83 55 35 40 30 11 48 22 8 0 15 45 30 13 29 32 10 6 20 10 6 42 6 19 39 36 17 44 61 20 40 28 20 10 14 23 25 26 22 38 29 65 48 14 42 23 16 12 44 97 111 71 44 43 62 81
27 44 34 28 29 18 19 56 77 43 47 53 30 24 29 20 36 77 78 44 30 28 30 43 27 32 21 45 29 19 25 40 65 51 65 47 22 21 18 34 20 6 20 4 9 66 67 49 79 33 54 36 34 18 0 2 39 31 33 50 7 60 61 48 1 38 30 12 41 6 16 46 42 0 0 28 10 46 8 6 30 29 34 27 12 52 50 25 42 71 106 84 43 53 57 45 19 12 23 37
36 38 31 38 58 31 12 31 63 62 74 64 23 19 44 38 46 72 57 23 22 29 29 35 16 16 5 39 29 20 22 36 0 25 49 68 38 2 8 0 0 40 24 24 4 18 81 65 0 60 38 85 63 4 41 64 30 27 47 62 5 43 31 23 5 30 39 24 29 2 25 32 12 8 11 35 4 41 6 5 26 31 64 40 31 37 29 7 32 66 97 84 11 25 12 21 15 3 10 28
51 14 23 33 32 24 34 17 56 59 54 48 32 36 52 31 56 48 22 14 25 16 6 20 37 26 5 40 40 35 30 33 83 62 5 15 18 8 35 5 31 62 79 47 51 20 60 45 64 42 26 102 64 48 70 13 21 8 66 75 40 18 7 17 30 46 34 41 9 19 22 8 25 41 41 43 38 42 33 27 15 17 57 32 41 29 13 15 44 24 16 22 0 35 12 19 41 13 0 2
28 23 57 56 52 43 49 15 36 37 18 24 31 32 42 25 54 37 11 14 31 16 0 10 24 20 1 29 22 16 15 22 86 65 23 17 4 0 22 12 22 23 81 0 85 88 0 73 82 24 62 95 72 86 73 37 39 4 33 30 19 15 6 34 40 64 42 34 7 25 28 12 29 54 20 41 53 40 29 23 8 4 28 26 47 41 9 43 27 18 50 56 16 31 12 32 47 25 18 26
0 49 72 40 58 45 36 27 1 23 16 23 15 0 25 46 55 47 17 2 21 25 15 18 5 19 12 31 8 0 11 31 33 25 31 29 16 14 20 25 11 18 5 69 51 33 93 46 50 85 45 37 118 66 14 33 54 28 16 26 14 54 0 5 25 62 56 11 19 19 48 44 21 68 0 59 43 29 1 16 8 8 22 48 70 66 4 51 48 24 66 58 28 19 3 22 56 32 21 21
35 29 37 33 13 20 35 30 4 0 18 16 16 21 10 29 34 38 19 12 6 5 23 24 16 19 27 35 33 23 13 9 21 46 38 16 21 30 32 43 19 29 34 27 10 55 73 107 90 226 252 136 207 251 181 38 23 62 48 30 32 5 4 16 31 21 25 48 20 25 33 46 35 105 53 45 0 16 36 19 11 0 18 60 39 55 43 14 19 39 19 22 23 36 13 18 12 11 16 24
56 26 35 59 39 8 4 12 29 20 33 31 36 41 19 19 21 30 18 31 49 38 24 6 9 11 18 26 26 19 12 10 7 25 30 33 39 27 17 29 20 19 31 54 11 83 215 107 249 245 192 151 159 255 227 80 102 78 17 17 15 49 34 22 28 14 4 38 21 24 9 18 39 105 69 39 0 27 49 28 8 7 4 24 14 22 14 17 49 31 15 4 42 29 18 8 8 17 21 15
58 28 41 79 69 29 15 24 13 12 23 21 32 48 37 30 16 49 37 36 51 37 24 22 8 7 11 17 18 13 9 10 7 10 21 44 51 26 10 24 46 48 62 117 89 59 161 83 249 103 154 253 227 235 255 189 122 134 125 113 74 48 14 35 29 37 12 32 18 42 22 33 23 48 58 74 33 43 20 0 24 34 20 29 43 52 39 51 60 41 33 23 48 27 30 35 19 33 34 17
22 18 28 43 43 32 24 21 24 30 26 7 5 19 18 9 8 65 48 20 27 25 24 31 12 9 9 12 12 7 5 7 16 7 12 31 36 18 11 23 34 35 53 83 128 148 190 210 255 231 191 255 252 255 224 244 255 234 186 98 84 21 2 41 19 59 28 19 0 40 31 49 40 11 22 49 41 72 41 14 20 28 20 21 38 52 31 8 20 27 17 30 17 27 21 37 26 33 32 22
38 45 41 30 29 33 33 33 40 43 27 10 12 26 26 6 2 67 48 11 24 31 20 5 9 6 6 8 7 4 3 6 17 7 5 9 9 8 11 14 19 25 58 42 66 194 182 101 249 246 157 100 129 113 253 254 244 255 243 106 25 19 45 31 4 38 17 15 0 23 10 28 32 16 27 17 28 106 89 44 19 21 36 31 33 63 69 22 0 11 8 21 15 42 32 22 19 12 13 22
35 32 21 16 17 8 8 24 27 27 9 16 44 64 63 31 19 81 66 23 15 14 11 0 1 0 1 5 6 4 4 7 14 8 8 5 0 8 15 6 24 15 12 22 21 110 116 43 180 187 38 150 229 105 124 35 255 239 244 234 44 0 16 3 12 8 8 44 57 50 23 24 5 13 45 39 36 75 61 37 12 7 31 17 5 33 68 35 1 15 43 29 39 45 61 37 19 7 11 32
27 27 24 36 49 32 20 37 28 30 9 20 40 49 53 26 27 66 57 29 4 0 6 12 0 0 2 8 9 6 4 6 14 6 11 12 2 9 18 9 17 21 21 77 101 63 44 58 83 67 44 78 126 93 252 182 104 225 255 246 41 38 72 23 32 6 16 50 85 79 59 29 12 16 37 37 20 10 21 51 51 32 39 24 20 10 24 12 3 12 45 33 35 36 61 48 24 20 24 38
1 16 23 40 64 51 26 25 21 31 13 16 17 16 37 28 6 13 9 19 15 1 7 6 5 4 8 13 13 7 4 4 13 0 6 13 0 3 16 13 25 23 24 19 65 44 23 42 32 114 223 152 77 92 193 234 242 243 120 86 7 0 60 89 37 14 21 14 50 65 64 7 0 27 40 26 13 6 29 57 47 22 19 28 62 25 7 8 24 13 11 39 32 60 59 48 19 25 29 29
64 58 20 41 51 48 17 16 21 51 62 57 24 0 22 41 36 33 26 14 3 0 3 9 0 3 7 11 13 12 10 9 7 13 0 4 12 9 18 0 14 16 31 53 32 68 145 116 85 148 255 241 64 85 255 250 244 48 153 55 46 0 22 59 20 24 36 30 68 77 70 33 46 72 65 42 51 11 10 33 19 29 15 16 53 53 26 17 40 37 12 37 22 33 42 24 21 32 14 20
60 80 74 46 32 24 27 24 26 53 68 79 57 26 29 33 24 22 17 11 6 3 2 3 4 5 6 7 7 6 5 5 6 11 0 6 14 13 21 3 2 3 37 0 4 60 80 149 97 61 174 117 93 32 184 216 121 172 243 107 79 73 27 81 28 22 8 17 38 48 33 25 16 36 53 38 40 26 40 39 51 43 11 10 33 45 20 10 29 45 6 13 19 26 8 0 11 19 33 0
17 39 68 33 23 27 73 86 42 45 40 48 34 7 6 4 26 17 8 3 4 5 3 1 6 5 4 4 4 4 5 6 6 10 0 6 14 14 18 4 9 5 49 15 23 44 0 46 6 117 71 41 35 90 241 255 106 101 50 43 76 81 27 55 29 47 41 62 49 40 25 59 8 4 25 16 25 37 52 24 16 33 24 27 1 20 26 48 74 104 54 34 63 81 51 32 46 55 100 21
43 30 53 41 30 38 77 98 75 63 40 42 35 16 21 21 40 24 5 0 0 4 6 4 3 4 5 6 8 9 9 10 7 7 2 4 10 13 12 2 21 8 15 33 27 22 26 12 58 153 150 164 242 110 254 251 254 247 91 114 89 43 93 40 42 68 70 77 58 34 24 65 35 7 6 0 30 46 40 12 28 29 13 33 4 25 7 6 27 59 32 7 34 61 40 12 28 39 79 23
50 31 38 34 6 22 18 27 27 26 15 24 21 8 13 10 38 23 4 0 0 6 8 6 1 4 7 10 11 10 8 7 7 5 5 3 9 17 13 9 8 17 1 37 28 7 52 34 61 177 193 250 244 234 245 247 243 253 255 197 57 63 29 70 78 72 58 35 44 27 24 29 44 21 14 6 58 57 31 38 21 37 36 59 18 31 18 28 17 38 54 35 36 55 49 17 29 30 30 24
53 69 84 65 30 60 31 28 17 28 20 21 16 10 21 16 17 11 5 4 7 10 9 6 4 6 9 10 10 7 3 0 10 4 9 3 10 24 18 21 3 24 15 29 45 19 4 6 5 29 16 154 206 255 255 242 246 245 236 255 48 20 19 4 57 47 46 17 25 16 25 8 21 17 29 21 68 56 29 66 63 40 11 52 82 116 86 68 24 22 50 26 6 10 27 26 52 29 3 17
47 70 93 51 28 43 16 24 34 47 28 10 0 1 19 12 2 4 6 7 9 10 12 13 7 8 9 10 9 7 5 3 17 8 15 3 8 24 17 23 11 12 11 16 32 37 29 33 97 187 197 255 209 236 255 236 255 249 248 252 33 35 54 11 15 12 29 23 2 6 24 12 20 8 33 17 43 42 26 52 69 64 41 49 70 82 75 88 52 42 65 40 27 8 31 80 73 30 25 18
37 36 61 14 19 12 0 32 37 55 37 12 0 3 17 3 3 6 8 6 4 7 16 23 9 9 9 10 10 11 12 12 25 12 18 2 3 19 9 17 3 4 32 59 23 33 92 67 77 145 147 88 50 243 251 255 248 255 255 195 61 3 0 27 43 18 15 31 0 26 42 32 50 11 32 4 13 32 23 19 48 49 26 13 32 27 27 53 6 12 43 31 40 0 0 75 49 0 32 0
44 68 73 33 35 40 8 21 14 93 89 20 0 1 2 17 2 8 10 6 4 10 18 22 0 14 18 6 3 12 13 4 13 15 14 10 4 2 6 11 10 21 31 14 43 22 22 45 140 161 0 51 58 238 253 205 246 249 173 50 29 43 64 43 25 38 26 20 21 24 30 12 35 35 48 47 12 25 48 20 27 60 47 4 58 68 34 33 17 14 29 30 21 37 54 32 30 23 73 13
53 70 70 52 58 61 40 41 31 64 51 17 17 19 4 0 5 11 13 9 7 12 18 21 5 12 11 3 1 7 8 4 8 12 15 14 11 9 12 15 1 15 17 28 42 53 32 44 59 81 45 47 30 163 205 251 249 255 67 190 79 33 4 52 71 42 31 5 9 25 25 69 49 28 37 55 28 13 37 52 39 55 53 21 7 17 0 5 17 35 13 41 52 66 40 7 29 18 32 19
11 26 33 51 65 63 58 41 19 31 35 27 17 8 6 9 5 11 13 9 8 11 15 16 11 7 3 1 1 2 3 3 7 9 11 11 10 12 18 24 17 6 28 44 39 17 0 20 58 62 85 51 4 181 252 250 252 245 251 255 100 17 55 24 40 18 47 21 37 52 2 57 31 29 38 34 22 13 32 54 35 25 45 62 31 44 28 16 36 62 0 43 62 69 32 7 30 19 11 44
19 21 11 32 34 23 35 15 6 10 27 29 5 0 12 18 3 8 10 7 5 8 10 9 18 8 3 9 11 8 7 11 16 14 11 8 9 16 26 34 58 15 42 6 28 18 56 85 69 255 255 113 52 105 255 253 247 251 237 253 80 35 78 23 50 49 69 36 68 95 38 71 19 31 45 25 28 15 18 40 31 4 34 61 54 48 29 13 60 69 2 57 64 45 38 23 23 10 24 50
43 34 8 15 12 10 44 43 23 6 10 13 5 13 18 0 4 8 9 5 4 7 7 5 18 9 8 18 22 17 15 19 21 19 17 16 16 20 26 31 37 19 55 6 23 33 45 44 255 233 252 44 40 74 208 252 255 239 255 255 22 62 60 36 28 50 59 61 99 90 28 20 41 36 59 49 58 13 0 34 21 2 31 27 58 26 25 37 72 48 13 74 73 29 47 21 33 14 61 37
18 19 8 13 19 26 50 62 30 17 18 18 9 16 15 0 7 9 9 5 5 8 9 7 7 2 4 12 15 11 11 14 9 12 15 18 18 15 12 10 30 10 21 20 0 45 70 164 203 255 134 73 150 187 255 252 253 228 252 54 60 73 45 69 50 52 25 47 70 35 14 16 44 56 92 49 53 22 3 17 17 3 27 14 88 51 39 44 77 27 1 53 59 27 49 19 19 0 49 0
17 26 26 16 26 29 18 34 13 26 46 45 19 4 8 11 8 9 6 2 3 8 9 7 0 0 1 3 4 4 6 9 4 5 7 9 9 6 1 0 17 0 10 37 2 24 12 131 255 218 132 225 206 193 179 208 245 255 244 168 114 2 29 0 44 57 55 82 82 37 28 30 25 63 110 25 20 26 23 14 33 16 31 20 84 56 19 0 59 33 0 32 43 46 43 28 35 25 53 25
35 40 35 8 26 42 23 51 1 24 55 63 35 5 6 25 6 6 2 0 0 5 7 6 5 8 8 4 2 5 11 13 13 10 5 2 2 3 4 5 16 10 15 1 22 66 22 62 85 155 250 253 250 255 247 250 238 245 123 165 50 56 47 32 22 39 41 32 15 10 33 49 22 44 98 20 10 11 27 41 39 30 45 31 51 43 21 2 26 52 24 48 54 76 36 36 16 21 26 45
58 26 63 34 6 33 17 19 13 13 29 62 47 18 26 22 11 0 23 7 3 0 1 2 0 10 15 9 3 7 16 22 13 9 4 3 5 8 8 7 23 0 17 20 93 30 25 31 50 123 143 210 184 248 255 227 254 219 108 13 51 50 7 45 42 40 16 26 16 9 0 37 0 32 6 23 0 45 52 29 24 48 98 72 24 14 12 40 40 53 20 9 6 27 14 22 29 44 23 40
60 58 80 61 21 17 29 44 36 20 55 88 52 25 36 27 25 2 7 4 12 13 8 3 2 7 9 6 4 8 13 14 11 8 4 3 5 5 4 2 11 29 0 26 34 69 50 76 59 67 86 238 240 207 254 111 255 229 79 135 57 0 44 2 59 51 22 5 0 16 41 73 54 67 15 13 3 68 76 42 15 43 87 57 17 9 8 46 39 42 26 38 38 44 19 14 5 35 29 46
40 46 34 33 16 0 20 26 40 16 18 61 89 47 11 50 21 20 1 15 23 20 9 3 3 5 5 3 5 9 9 6 7 5 4 4 6 8 7 7 29 0 18 39 70 69 102 99 82 101 100 232 255 134 212 26 255 249 246 255 108 60 23 2 8 30 51 32 18 23 44 43 11 44 23 22 12 76 88 59 40 26 22 4 31 60 44 64 57 44 36 46 31 26 13 8 14 26 4 20
38 39 16 13 23 26 33 31 42 25 12 27 63 35 0 6 3 32 9 34 31 16 3 3 2 5 6 4 4 7 6 3 5 4 4 5 9 13 17 19 13 12 35 48 41 4 6 25 85 187 119 120 237 85 159 126 245 255 185 100 53 52 0 40 12 16 41 25 24 24 41 15 30 53 40 26 6 57 81 78 49 34 18 0 33 60 34 55 38 30 33 29 4 7 19 18 33 38 13 36
25 26 19 0 6 29 24 27 6 5 52 57 26 56 68 15 8 38 16 41 34 17 3 3 0 7 10 6 3 4 6 5 7 6 4 4 7 13 20 25 2 19 0 15 110 127 63 28 85 143 151 229 255 176 109 94 162 72 71 141 49 5 11 23 53 19 18 15 37 40 43 8 31 29 24 18 3 26 30 29 27 17 15 15 63 79 22 16 0 4 19 11 5 26 48 33 2 24 19 49
46 31 27 10 18 41 26 15 36 34 60 81 42 29 41 0 34 37 20 32 34 24 11 4 0 7 10 6 2 4 7 8 10 9 6 4 4 8 15 21 13 4 38 78 98 109 82 14 0 54 88 243 234 228 95 241 250 252 177 241 120 33 26 30 40 25 33 41 45 33 30 21 31 34 57 57 34 28 16 19 30 7 11 30 93 115 47 15 25 24 20 0 11 37 55 34 52 53 25 45
35 15 6 24 23 17 19 0 7 26 3 45 59 12 21 25 44 27 37 30 28 20 11 4 3 6 5 2 2 7 8 7 9 10 10 9 8 9 13 17 39 3 14 116 53 104 59 0 49 117 27 110 243 255 53 255 255 241 118 255 196 31 36 42 26 39 37 33 15 9 17 46 42 41 63 40 11 10 10 25 35 27 51 55 74 85 43 30 53 52 40 3 16 21 34 28 76 56 3 14
29 32 31 78 48 5 45 31 0 53 33 47 37 27 83 59 34 16 57 37 22 8 4 4 6 4 0 0 3 10 9 4 5 9 14 15 14 14 16 19 4 23 16 3 57 71 52 25 44 60 81 77 91 107 52 99 144 187 255 238 248 193 37 21 21 39 21 24 16 22 6 22 15 15 45 38 42 61 48 37 17 0 30 48 73 90 42 10 22 43 54 27 34 11 19 32 45 45 17 37
45 0 34 75 92 0 4 48 41 18 32 65 36 86 86 110 36 63 48 10 0 0 0 2 9 10 5 0 1 10 9 0 5 2 21 2 0 0 21 6 15 5 17 51 66 61 237 157 56 93 153 103 41 60 122 247 240 236 255 246 255 229 56 29 58 36 55 44 45 48 3 0 7 27 21 24 11 40 46 54 24 16 54 12 44 52 58 39 34 15 34 55 24 15 38 26 19 0 23 8
5 1 18 22 26 10 32 55 67 38 15 32 3 38 37 55 20 36 30 9 3 6 5 4 8 9 7 2 1 4 6 4 2 18 27 8 4 2 15 21 21 47 35 56 43 48 198 230 80 213 255 64 7 41 50 215 253 255 0 243 254 255 37 45 45 9 20 20 37 55 37 57 49 28 9 26 5 0 8 48 40 0 17 4 23 43 63 31 36 16 31 43 10 3 24 16 6 19 51 21
32 48 40 31 29 52 35 7 32 27 0 19 2 18 22 36 17 13 14 10 3 6 10 5 9 7 6 6 3 0 3 9 4 15 5 7 17 28 15 13 22 13 35 40 4 178 236 255 232 159 141 15 20 73 35 32 100 231 141 255 244 178 0 29 33 8 25 28 30 35 30 64 53 38 17 19 10 24 41 70 67 23 20 31 15 29 55 13 27 27 61 68 29 20 41 45 27 46 76 54
41 34 11 3 5 24 15 2 20 37 6 24 10 6 17 28 30 13 17 21 7 5 14 9 11 3 2 7 8 2 4 11 11 5 0 18 13 35 18 0 33 0 27 52 105 34 134 26 149 80 70 35 32 2 41 69 108 150 66 243 255 64 54 18 27 15 31 33 33 33 21 36 35 32 16 6 11 36 47 47 50 32 3 27 20 47 67 29 14 9 38 40 15 19 31 35 57 53 67 78
19 31 55 56 46 18 14 17 32 39 3 16 18 20 33 36 27 12 23 34 18 8 13 11 13 1 0 8 16 13 10 12 21 6 20 39 0 21 36 18 10 21 34 41 144 51 243 255 65 61 67 12 7 15 72 49 4 35 111 161 152 102 58 21 18 16 22 21 35 52 40 29 16 4 2 11 32 39 40 34 61 79 26 31 40 72 67 40 48 19 23 12 8 28 23 18 40 39 43 64
40 44 47 22 11 2 18 25 28 15 0 23 50 64 59 37 5 0 13 27 19 6 3 3 10 3 1 13 25 28 22 16 32 4 16 32 6 36 68 53 18 8 22 71 107 120 65 32 110 25 47 48 39 0 11 60 20 30 118 83 81 64 25 42 11 40 57 41 27 29 25 15 1 10 19 13 39 54 51 22 54 124 111 84 56 49 21 17 43 36 57 36 20 32 21 26 10 35 34 42
10 25 21 22 18 38 29 17 33 8 22 43 63 76 50 12 9 6 2 6 12 4 0 3 5 8 12 21 33 40 35 26 24 4 1 8 32 49 63 55 37 25 38 83 94 51 79 28 45 78 64 23 55 39 13 65 53 56 62 72 43 58 0 11 15 52 68 49 16 0 8 10 14 33 39 2 15 27 27 0 0 80 134 111 58 34 11 23 5 17 55 27 3 12 0 16 11 39 32 52
6 27 11 25 0 33 23 32 27 0 32 40 44 63 47 22 39 32 5 0 9 9 3 15 1 12 22 27 37 47 44 34 4 16 12 0 41 26 22 37 21 67 56 2 38 57 52 17 46 31 24 73 34 0 21 12 25 0 19 28 26 53 17 8 25 25 13 10 10 16 34 39 29 20 26 13 22 6 21 24 12 48 116 108 69 64 50 52 49 33 42 8 6 33 14 23 28 34 23 80
16 18 19 26 29 16 13 29 32 21 36 49 26 44 78 40 23 27 20 11 11 7 4 12 7 7 18 5 12 26 16 33 13 16 0 15 24 19 33 24 18 84 88 90 24 27 10 10 20 30 37 36 9 12 53 60 41 50 12 33 31 26 19 12 33 0 27 7 18 32 26 22 22 8 13 9 4 8 10 34 48 42 66 53 50 15 22 62 73 65 49 18 19 35 28 36 7 21 26 71
22 25 18 45 57 31 18 11 21 27 53 75 52 47 58 23 17 20 11 5 9 6 2 8 19 5 6 0 18 53 40 25 22 40 5 14 8 17 11 6 11 96 128 101 33 40 44 69 53 28 0 13 31 37 35 5 17 50 64 42 35 24 22 41 23 14 57 31 38 56 36 8 14 52 73 45 18 36 23 16 86 68 46 16 34 38 25 35 95 70 46 21 26 33 9 2 50 37 8 32
1 2 0 47 80 58 43 29 49 58 67 78 56 34 40 28 13 13 4 1 11 12 6 9 8 4 25 32 52 84 59 10 40 51 0 0 0 17 15 45 16 17 34 24 15 26 41 102 110 38 0 24 42 4 13 54 43 53 82 49 67 40 5 21 27 0 1 11 50 70 47 26 13 76 99 60 13 42 27 16 74 72 31 0 6 36 19 29 31 14 14 11 20 30 23 31 92 61 9 18
33 15 17 41 65 56 33 39 25 50 66 84 67 23 9 6 11 11 3 3 17 19 14 16 6 3 25 29 24 48 52 20 17 33 8 26 40 29 6 40 56 0 17 23 58 49 21 47 47 51 28 26 24 5 27 64 43 33 42 58 113 91 40 40 13 11 42 45 40 28 8 10 0 43 65 48 2 19 2 8 30 47 25 12 19 38 14 42 39 15 20 26 32 40 38 51 79 60 21 38
34 21 56 58 66 59 13 34 14 42 55 75 67 24 13 20 8 10 4 5 16 18 15 18 10 9 33 47 26 24 37 20 24 41 38 21 64 59 61 88 57 20 40 0 5 21 19 23 1 16 7 20 32 16 21 37 22 34 4 31 60 54 19 0 23 48 50 25 35 74 60 31 13 41 64 62 34 38 12 14 16 28 39 69 71 56 16 50 77 24 10 15 24 30 14 4 31 36 23 51
46 27 38 10 12 38 38 87 12 25 21 30 23 0 0 11 7 14 11 7 11 9 7 14 16 20 40 68 56 35 31 9 6 44 74 27 61 47 28 7 23 8 66 52 26 15 22 15 26 14 25 90 110 59 29 28 13 42 4 24 45 83 77 32 38 79 69 27 0 26 56 87 54 69 83 55 48 61 49 36 14 27 72 107 84 40 14 54 86 40 36 38 32 38 28 19 11 27 23 52
9 34 40 36 31 21 18 21 26 38 43 57 49 25 21 12 16 28 27 18 11 2 1 13 24 26 9 17 20 17 31 20 4 23 53 24 57 80 89 92 67 9 42 65 22 1 30 24 41 45 20 8 24 66 91 61 43 34 20 23 36 66 54 4 7 25 17 37 36 41 50 88 50 52 64 13 23 36 50 40 9 18 74 79 45 13 21 48 48 26 46 43 17 17 19 16 23 33 21 45
25 60 20 18 14 0 33 16 22 22 18 28 23 19 32 23 29 44 44 30 16 1 2 16 8 28 6 2 11 15 32 23 14 5 29 35 44 55 56 86 59 14 47 84 42 44 81 40 20 43 55 68 94 142 155 99 34 0 29 35 43 38 26 7 13 47 36 42 29 34 40 73 30 25 54 10 30 22 45 45 16 3 39 22 11 17 40 32 25 7 36 45 30 39 38 24 30 32 11 32
59 27 17 47 34 22 36 1 26 22 9 16 34 61 30 29 20 17 0 6 15 5 33 26 12 43 21 16 25 27 2 24 23 19 10 9 2 17 44 27 16 15 63 78 33 38 63 38 6 29 33 60 86 148 136 64 39 27 21 16 12 20 27 20 37 59 74 54 22 55 42 20 0 20 32 29 29 36 48 61 39 0 21 0 5 35 60 49 48 38 53 54 68 69 36 44 46 35 22 58
32 28 12 27 33 26 32 16 12 30 20 22 41 57 19 30 58 61 48 66 43 12 39 34 12 37 18 15 18 28 7 16 53 58 40 30 33 52 66 39 66 78 83 61 35 38 46 35 40 22 13 33 43 90 84 57 38 24 21 23 22 29 35 30 39 66 68 59 51 62 23 18 18 1 12 25 16 24 46 50 28 10 8 10 25 45 43 74 70 54 44 47 71 78 57 53 52 37 22 65
37 53 24 6 12 8 5 1 5 26 13 6 20 37 6 26 89 96 109 122 63 9 32 28 26 44 36 35 25 42 29 20 56 62 23 0 18 48 62 41 35 61 50 27 31 32 38 65 22 0 10 25 3 20 15 38 34 28 35 41 29 21 24 26 29 46 26 21 36 40 0 13 8 0 22 45 35 54 71 42 36 35 4 18 35 34 10 77 64 50 12 4 22 30 35 29 15 29 13 25
30 49 37 15 19 40 54 52 28 25 16 11 13 52 47 56 84 87 117 134 62 4 21 15 8 26 33 34 7 24 18 0 39 45 6 0 19 41 51 43 7 29 27 21 23 9 12 48 5 15 79 84 24 18 0 39 23 26 43 50 28 9 11 17 26 32 15 16 30 43 8 23 3 22 41 30 18 40 39 0 46 42 6 10 27 17 7 72 29 47 23 22 23 11 17 5 41 51 23 29
13 18 39 32 21 56 81 65 31 7 18 30 18 72 80 57 50 46 81 104 50 10 21 13 11 34 54 57 15 26 24 8 17 27 9 19 41 34 27 23 12 20 32 31 25 31 33 22 13 51 123 106 35 35 11 30 24 17 24 33 24 17 19 18 13 16 29 43 37 56 28 15 38 70 56 18 19 34 40 47 54 37 18 5 18 10 38 68 40 56 30 27 27 17 33 30 45 35 0 28
24 12 44 40 11 26 32 6 17 0 26 44 18 58 50 8 14 8 38 60 33 17 22 15 3 28 52 59 14 16 17 14 23 24 13 29 36 16 10 7 2 8 24 21 26 76 84 27 17 42 77 54 4 27 16 13 42 18 5 9 19 31 31 16 4 1 23 42 27 46 24 5 33 49 26 12 27 20 31 87 80 57 44 21 19 4 42 39 53 48 22 19 25 19 21 24 18 65 46 33
29 14 38 38 26 29 16 13 23 35 54 53 28 46 21 1 5 5 26 33 21 17 16 14 18 41 59 69 33 30 31 42 51 41 27 35 32 24 31 19 3 11 24 17 18 56 66 27 30 33 37 35 3 23 25 17 33 19 9 6 14 34 37 19 13 11 20 44 46 51 18 22 46 39 29 40 48 23 23 67 77 70 50 45 33 11 24 17 21 25 46 63 68 42 3 1 10 87 67 23
20 8 16 17 32 32 12 40 19 58 60 39 25 37 12 30 17 24 38 31 21 17 11 14 11 29 40 54 26 22 22 42 47 40 34 42 37 40 47 17 2 13 28 31 20 16 29 43 40 36 34 56 23 15 18 13 0 8 21 18 14 31 44 34 4 13 19 58 83 63 3 25 17 0 4 24 27 20 24 34 35 51 26 56 51 33 22 31 9 12 50 64 64 44 15 41 63 75 28 28
22 27 5 14 35 4 50 58 34 49 36 11 17 36 36 28 3 6 24 6 37 37 72 42 16 24 5 25 6 41 30 35 31 35 28 60 12 35 40 20 0 21 9 9 6 20 36 86 60 32 58 84 52 25 28 21 25 34 26 17 2 12 48 52 33 41 39 23 44 33 40 52 70 67 71 24 10 25 62 48 35 42 40 38 42 36 28 29 45 1 17 9 20 16 10 16 41 41 11 20
27 37 21 11 25 14 58 71 32 37 24 19 41 58 47 31 20 17 21 12 39 30 73 48 24 30 17 30 12 66 54 21 34 29 0 28 21 34 25 14 20 26 25 27 8 40 54 53 59 47 55 73 70 48 35 36 49 36 22 36 44 53 75 68 49 58 62 44 54 31 27 31 64 68 59 42 12 26 58 61 52 34 19 12 7 10 28 47 18 3 40 54 67 59 51 28 23 27 3 16
23 36 34 12 17 12 26 32 42 40 33 39 61 64 44 30 39 31 19 22 38 9 56 37 16 35 25 17 0 64 64 23 38 31 0 21 45 37 24 29 60 32 30 39 7 47 64 32 16 6 5 39 67 46 32 59 46 37 33 54 56 51 69 67 21 34 49 38 45 18 10 8 69 76 44 47 8 20 58 76 62 23 4 9 21 39 37 11 17 23 63 87 99 92 87 26 24 27 3 15
46 52 56 36 33 30 27 40 69 66 60 64 66 47 29 31 50 45 30 43 41 0 34 20 5 57 51 23 2 42 40 28 36 29 19 39 50 28 33 42 61 33 30 45 17 40 45 19 46 47 38 28 26 17 4 0 5 11 16 30 23 15 30 24 7 20 44 40 48 27 26 22 43 60 33 39 17 21 57 64 53 41 39 19 1 31 59 41 33 34 47 64 85 93 102 22 58 49 13 20
48 50 51 40 28 30 48 97 83 72 61 62 59 35 22 34 43 47 44 63 50 2 27 17 12 80 72 46 45 40 13 33 46 25 26 44 27 14 37 30 27 49 44 42 30 45 27 13 31 62 77 39 18 65 81 31 0 9 9 17 19 26 33 6 23 28 50 46 50 36 43 38 6 32 32 26 36 29 49 33 30 13 16 11 0 13 42 36 38 26 14 22 60 88 107 34 83 63 15 17
19 33 28 31 9 6 36 91 64 43 26 34 44 30 20 32 29 33 45 56 43 19 25 17 22 62 40 29 57 44 16 51 73 44 30 42 15 26 47 18 25 81 58 22 23 54 37 34 47 47 69 60 30 52 72 38 13 35 38 32 21 29 44 22 31 26 44 39 44 37 52 45 26 36 40 8 29 28 36 28 55 10 4 34 44 43 44 39 43 30 18 17 61 84 91 46 64 45 1 10
45 56 21 33 20 17 31 45 35 22 12 21 32 24 21 38 34 28 40 31 22 32 19 9 18 20 7 14 41 38 29 47 72 72 40 45 24 53 51 22 40 75 43 13 14 41 33 43 30 8 20 45 40 26 24 22 10 32 37 28 6 6 32 29 30 19 37 37 45 44 63 52 43 34 34 0 9 26 17 45 36 26 20 16 3 0 20 50 40 39 47 36 68 65 48 38 27 24 4 30
97 87 6 17 28 41 43 17 26 29 30 34 32 20 26 53 57 37 43 14 8 39 14 2 10 0 19 40 42 33 28 15 40 81 45 45 32 63 41 25 33 32 14 27 22 17 0 17 0 13 11 14 40 46 19 0 24 23 16 23 21 25 47 41 19 4 23 25 33 34 52 36 9 2 16 8 6 33 0 53 29 59 62 35 23 26 23 17 21 34 61 43 63 40 7 25 9 24 26 67
60 32 25 13 28 31 44 32 66 46 37 36 58 64 34 27 20 34 41 20 28 17 23 23 37 15 6 28 27 22 34 18 26 69 22 31 13 16 32 18 9 6 20 18 31 19 25 23 5 35 40 24 64 64 53 43 74 34 18 31 14 53 97 21 41 30 42 65 60 33 32 55 43 38 20 69 42 6 18 27 30 47 89 60 30 7 13 19 37 64 65 30 73 74 40 29 0 27 74 103
13 12 31 22 21 16 42 47 61 48 46 48 68 69 35 25 28 38 42 18 27 19 30 33 47 20 0 14 11 0 23 44 24 34 13 5 22 35 11 12 30 17 19 11 26 19 31 32 0 12 29 34 68 61 62 64 71 44 26 36 16 31 61 0 22 18 36 62 55 31 39 71 55 34 17 57 45 32 32 36 32 35 65 38 22 11 16 15 0 24 31 8 57 65 46 49 22 27 48 62
0 7 37 29 24 19 55 69 45 37 37 35 51 53 22 15 39 45 42 13 20 15 29 35 53 61 43 43 38 15 31 59 33 21 36 3 55 65 9 44 47 28 24 16 35 30 39 36 20 5 26 39 44 13 18 24 25 20 12 35 33 34 56 20 15 16 36 56 41 14 29 67 46 22 19 39 30 43 35 49 37 24 39 14 16 20 23 14 19 30 33 7 40 37 24 37 47 31 29 35
24 18 32 23 30 36 69 76 31 23 17 7 19 26 6 7 46 50 43 9 13 6 21 27 8 64 51 23 18 2 0 6 19 15 49 1 65 54 4 69 50 32 33 33 57 48 45 31 29 5 37 54 42 9 24 27 15 23 11 38 49 33 40 23 17 16 33 48 29 0 15 54 22 11 34 31 7 34 29 65 42 22 28 3 15 28 31 16 28 31 38 16 39 30 25 47 51 30 26 36
