73 37 62 31 43 39 18 32 3 19 42 71 45 32 20 32 33 34 8 41 71 78 36 41 68 61 47 31 33 61 74 57 29 22 35 53 41 52 32 31 55 56 44 72 58 50 34 39 0 54 15 38 25 24 13 57 53 52 51 63 10 21 12 46 35 48 78 92 67 52 27 75 79 71 74 18 0 40 38 38 3 0 20 31 24 46 67 51 32 13 36 40 56 80 100 57 41 65 38 56
81 69 38 14 34 30 51 46 64 74 34 16 23 44 21 17 15 18 7 42 66 73 41 43 61 35 29 27 62 113 99 66 31 5 35 69 54 44 37 51 113 97 67 97 67 41 17 47 6 43 21 46 20 21 6 9 32 19 32 38 15 43 23 46 25 76 72 63 67 62 36 85 116 101 93 55 26 30 22 16 0 31 33 26 53 80 82 79 22 28 38 32 58 59 60 46 34 34 13 12
42 44 52 83 99 41 31 49 46 60 10 1 38 61 17 4 18 16 10 23 19 20 13 22 15 3 12 8 42 108 123 116 44 1 32 54 34 33 57 75 64 107 91 64 18 19 2 22 18 17 18 55 18 10 19 31 62 38 53 41 21 30 2 11 15 70 67 69 53 39 33 61 47 46 34 31 26 36 58 50 66 53 40 42 45 33 30 44 45 69 67 48 77 54 47 68 24 8 34 41
41 10 42 60 75 42 2 63 47 32 0 15 33 35 6 15 27 19 15 11 0 5 30 51 9 30 37 30 31 68 114 119 52 16 45 39 6 15 35 21 2 65 77 20 9 25 14 5 65 79 93 90 39 16 30 50 72 54 62 60 36 9 3 10 25 43 79 128 70 45 71 65 21 40 29 48 56 64 97 74 55 57 68 36 6 60 90 33 40 69 85 77 93 62 63 91 56 11 62 85
79 49 41 9 18 48 29 66 37 6 8 53 42 36 23 20 37 22 17 11 10 19 39 45 4 44 46 71 68 63 97 69 63 22 32 21 0 31 59 44 46 20 36 20 69 47 30 25 56 107 129 85 53 31 25 27 16 6 5 48 43 6 29 38 2 4 35 95 54 46 71 48 17 32 28 74 72 37 50 23 23 37 52 19 0 41 67 12 19 16 40 34 26 20 66 94 84 31 60 63
82 86 63 57 26 22 44 61 27 4 21 62 43 57 44 6 40 27 26 25 46 38 27 10 19 53 61 96 90 65 81 50 46 7 4 18 0 50 68 70 72 4 24 16 60 31 23 29 41 42 61 41 54 22 18 41 48 28 15 70 71 46 57 61 24 36 15 28 37 55 41 25 55 42 37 98 91 34 47 49 10 28 23 28 50 41 32 58 45 29 69 67 36 30 79 81 35 42 71 54
77 57 44 63 10 0 30 63 66 46 25 23 6 35 32 5 31 43 52 47 72 52 40 34 64 66 89 98 78 58 54 60 28 24 19 38 5 51 23 8 39 8 39 12 5 24 30 32 81 19 37 30 52 25 40 61 51 24 25 50 31 39 12 27 28 32 9 1 12 38 10 9 76 53 39 69 56 20 40 54 11 59 33 0 30 44 19 18 30 31 86 90 55 28 40 14 0 37 60 71
84 22 27 25 0 46 37 47 44 45 22 20 14 31 20 19 39 70 81 49 50 15 17 39 34 4 53 59 57 66 39 68 68 83 44 29 0 78 61 48 32 16 47 36 3 62 63 61 64 22 63 25 37 57 88 49 17 0 35 36 5 55 11 51 24 2 31 51 29 53 48 57 46 46 36 31 16 12 30 25 10 20 10 6 40 77 86 80 78 62 69 40 17 15 53 56 22 29 9 62
21 12 30 4 19 62 36 29 36 32 24 6 41 94 78 41 7 24 60 61 63 35 24 13 43 17 33 40 46 44 22 39 77 105 68 57 3 30 35 32 34 45 61 86 31 82 90 54 25 55 36 34 31 21 93 50 14 5 15 39 19 0 27 41 22 25 8 38 43 5 32 54 50 50 48 17 2 39 12 35 33 4 29 33 34 70 84 91 81 48 5 27 16 6 6 18 9 6 24 73
16 8 11 12 18 23 25 41 57 57 65 32 37 49 47 37 24 26 75 47 32 19 7 24 17 10 12 32 34 19 26 40 49 62 29 23 40 44 50 57 67 37 75 110 40 57 48 55 14 29 19 37 41 37 83 53 16 22 15 19 22 37 61 51 50 49 40 58 56 19 9 9 49 79 100 49 16 35 11 20 39 66 70 46 70 108 82 40 49 21 36 88 37 18 53 73 50 46 53 84
13 21 16 33 35 16 32 51 33 32 52 29 27 23 32 46 39 37 110 67 37 27 4 34 32 36 19 41 38 8 16 5 40 45 29 19 73 36 41 55 41 47 106 109 44 69 35 33 31 40 42 61 42 29 37 30 38 56 33 17 33 64 95 94 92 47 10 0 14 32 16 13 24 40 74 43 35 42 27 27 35 50 23 39 100 98 48 14 22 29 53 92 39 18 47 71 62 62 69 98
0 16 24 35 48 37 22 23 12 4 9 12 17 36 33 46 40 32 90 53 24 20 18 43 45 35 4 8 27 42 56 41 32 47 57 46 68 20 35 46 9 56 63 23 0 42 32 45 36 26 12 17 1 20 21 38 29 55 34 14 13 20 57 88 50 20 19 7 9 49 26 32 58 49 83 61 39 7 16 46 24 25 5 58 101 53 23 24 38 84 57 50 48 43 28 41 23 26 49 100
28 18 24 19 50 62 23 38 35 24 5 19 12 49 23 28 14 14 63 61 49 39 48 40 52 41 32 6 17 48 32 14 16 31 52 55 30 20 53 49 30 93 64 64 70 28 0 22 0 7 21 45 49 60 11 0 36 81 81 64 41 15 28 50 0 24 84 74 21 40 26 64 76 55 88 89 69 14 0 0 0 36 46 65 51 10 10 5 26 58 14 7 28 43 20 10 23 22 51 117
18 9 46 71 110 91 9 24 38 32 19 31 12 38 14 27 21 14 53 67 66 63 82 59 21 23 42 14 14 42 26 27 29 26 26 34 0 24 59 39 17 79 36 54 92 53 48 76 31 48 54 50 44 44 23 29 47 105 128 119 86 48 32 15 4 24 79 78 7 24 26 78 77 55 57 44 24 15 24 13 9 25 25 26 19 9 9 0 36 23 14 43 30 51 60 32 35 26 42 93
39 37 36 38 68 59 28 66 20 10 30 37 34 23 23 49 58 16 42 24 18 43 75 75 60 47 35 15 2 6 20 42 48 37 14 18 3 31 56 40 0 57 46 33 44 41 32 0 13 32 41 42 47 21 20 35 20 58 89 99 61 20 17 8 20 4 26 56 10 35 34 70 38 61 93 97 36 11 15 10 39 26 11 23 64 56 17 26 22 11 17 46 12 32 55 31 56 51 50 71
10 64 64 61 78 62 48 59 27 2 47 48 66 19 33 63 52 7 67 40 22 41 36 38 19 17 10 48 53 23 37 44 41 38 14 16 34 47 67 68 30 49 61 28 22 71 93 54 52 28 2 13 55 22 20 19 24 28 57 85 41 0 30 66 59 13 0 36 1 40 62 106 112 62 30 56 30 30 25 10 25 52 55 56 107 83 2 17 13 44 31 27 12 35 46 35 14 19 11 10
18 34 58 78 71 36 24 45 25 31 37 59 59 33 40 66 64 11 3 26 14 44 43 32 40 39 44 66 84 54 40 64 36 51 40 43 50 35 31 68 36 56 48 27 43 132 94 2 9 42 40 23 29 30 36 67 77 32 29 49 42 30 27 51 42 30 29 27 30 35 54 102 117 84 8 2 14 52 60 56 87 113 41 29 15 70 70 45 30 30 13 7 6 32 27 40 20 65 47 6
71 49 21 17 29 25 12 10 41 58 58 60 67 55 30 8 34 44 33 71 73 75 70 54 30 56 56 40 45 52 60 74 50 37 19 22 46 39 23 51 66 45 39 31 51 93 56 18 4 66 91 60 28 20 44 83 59 5 36 14 54 51 35 30 20 13 25 43 28 13 46 92 114 70 27 45 30 42 50 36 68 79 40 29 10 42 42 32 42 21 49 55 38 53 71 43 61 48 24 6
0 12 17 28 48 50 33 23 7 47 79 87 87 69 34 12 99 114 53 78 90 70 52 19 39 64 50 17 5 21 24 24 49 14 3 4 42 54 53 98 86 47 47 18 27 35 20 48 8 50 56 21 17 46 43 10 52 12 63 20 46 53 53 86 53 30 18 46 45 47 79 62 64 54 56 62 7 9 45 40 12 20 40 31 7 13 19 29 33 20 44 25 4 27 107 125 125 48 30 56
50 64 63 50 41 31 32 44 44 25 20 29 45 45 44 72 140 114 38 47 51 51 52 38 31 36 29 40 40 48 35 33 26 0 14 7 27 28 40 99 111 14 22 62 122 75 10 44 24 18 24 26 13 5 7 7 16 17 66 76 58 44 35 98 57 30 0 12 32 81 121 43 29 62 67 40 0 16 65 64 11 27 86 65 42 33 39 53 53 82 65 41 39 57 122 189 121 40 33 83
52 43 29 28 35 34 43 65 7 17 65 93 84 41 6 34 79 34 14 26 0 17 35 49 55 54 50 76 61 57 27 18 33 21 52 37 32 0 4 45 41 21 58 67 107 83 41 58 46 36 27 21 24 36 32 9 29 30 26 47 46 23 30 66 92 72 38 37 26 67 119 47 27 62 39 6 17 34 53 50 25 36 81 45 44 43 40 32 50 92 65 92 89 93 78 101 80 58 51 62
24 28 38 57 64 39 14 13 16 35 78 78 69 52 15 30 30 0 13 45 17 26 13 1 36 55 55 68 39 62 47 34 36 27 46 37 42 7 30 44 38 36 36 23 54 74 55 32 0 37 53 31 14 25 41 45 74 68 32 0 36 14 64 72 93 60 41 44 12 18 57 19 32 60 37 17 43 22 23 39 17 27 33 2 39 57 47 21 25 41 15 70 33 54 50 41 70 103 86 43
48 60 64 63 61 46 34 37 30 10 12 0 35 68 23 6 21 20 25 67 68 73 42 0 70 83 63 55 14 56 48 29 9 8 14 17 40 12 62 52 45 32 41 92 69 20 25 54 34 22 24 57 71 33 13 40 51 61 56 24 60 32 60 73 61 22 23 41 30 44 66 48 43 68 64 43 48 19 40 62 38 69 48 30 72 79 62 40 37 48 8 47 17 38 64 72 68 91 76 41
92 87 54 19 16 26 30 33 0 5 36 15 15 29 3 20 13 59 29 50 58 56 43 3 60 52 21 29 6 65 66 52 7 25 34 43 60 14 61 27 36 52 36 65 43 47 60 32 42 109 120 86 77 67 35 17 22 19 18 25 43 37 24 73 32 9 24 25 17 45 61 50 40 51 49 18 18 21 65 60 44 101 72 53 67 36 10 0 30 69 20 49 74 51 29 33 69 49 46 59
63 59 34 26 24 33 2 8 6 63 63 55 34 0 9 40 41 30 59 91 56 28 47 35 47 34 9 32 44 92 91 51 11 0 23 60 46 20 25 23 13 33 28 32 6 22 56 85 90 116 112 78 59 89 46 35 30 61 7 0 15 27 1 37 37 30 40 20 55 69 70 68 36 26 16 10 20 31 38 37 44 77 35 38 41 14 29 12 42 48 44 68 56 15 14 11 26 38 83 31
15 12 17 45 22 23 36 57 38 61 60 77 72 37 39 52 30 30 54 66 43 20 41 23 34 19 31 47 50 32 24 26 11 5 42 76 48 21 31 31 48 10 11 31 11 59 80 55 36 17 15 36 36 81 63 7 13 49 37 19 7 24 17 27 40 38 46 37 24 29 22 33 88 41 0 4 18 47 41 47 36 66 42 17 23 17 54 52 31 39 40 65 62 34 36 32 11 15 42 20
30 21 15 50 19 24 63 64 46 27 28 70 79 46 24 3 29 73 79 22 17 50 95 56 49 24 45 38 59 24 2 28 40 16 45 67 32 14 22 13 34 18 34 32 0 23 12 17 45 48 26 26 23 39 40 35 16 36 48 38 4 48 77 71 75 48 37 44 17 40 29 35 58 77 46 37 0 37 31 37 28 34 38 22 31 28 43 41 12 50 67 67 47 24 15 0 8 4 11 21
59 74 31 35 8 20 62 54 81 54 54 59 30 20 49 64 95 73 53 35 44 24 58 63 34 30 42 10 40 42 13 49 86 29 32 42 21 26 28 8 26 19 38 47 51 63 18 49 88 62 47 30 25 48 47 45 13 23 41 55 33 76 100 87 109 62 40 27 2 32 35 30 91 91 38 10 0 59 73 75 31 21 38 29 0 15 39 83 58 42 54 89 74 18 3 25 50 40 32 40
45 89 36 28 13 7 38 67 66 31 30 26 4 19 46 46 37 8 11 49 70 31 42 54 25 44 45 14 18 39 16 81 98 35 32 35 31 53 53 38 49 29 60 64 25 26 9 56 87 5 61 59 2 47 71 24 2 19 35 63 52 57 44 42 75 49 61 32 17 36 63 57 87 55 28 30 33 34 34 42 86 59 59 59 20 70 62 74 88 49 32 41 44 29 19 31 79 61 37 17
61 79 27 44 55 21 10 55 44 21 42 51 40 46 34 8 28 60 82 87 48 25 35 31 58 45 17 14 12 19 7 92 70 34 45 39 35 52 43 47 75 77 0 0 80 87 5 73 55 0 57 61 19 28 45 21 31 35 21 29 17 15 10 37 34 22 59 54 70 78 90 76 72 73 72 47 21 4 24 47 47 38 51 52 17 82 63 23 11 0 1 1 10 29 40 61 86 68 34 8
94 72 34 71 92 60 13 34 31 37 80 68 19 8 27 63 65 68 77 111 46 26 47 73 53 22 0 26 42 11 9 78 45 36 56 41 37 42 15 32 98 51 31 38 21 62 60 17 54 54 56 100 137 64 34 25 60 42 15 16 6 26 34 49 36 16 37 59 79 72 49 47 23 44 36 24 19 45 27 0 27 40 94 75 19 46 98 92 56 8 18 44 34 0 0 40 28 26 2 24
87 64 58 89 92 84 43 46 48 36 70 72 46 35 43 84 85 63 30 58 18 54 46 6 12 18 50 93 109 37 43 89 43 42 61 42 49 51 11 30 65 88 71 76 87 124 109 64 94 146 171 255 248 83 56 36 48 29 28 55 52 76 56 15 30 17 26 66 63 53 30 70 130 99 27 22 19 73 56 42 82 47 103 95 59 15 52 21 35 22 19 2 27 67 44 19 16 34 29 109
29 68 77 86 66 64 38 37 42 41 40 40 42 45 48 50 55 42 35 67 88 77 51 5 16 17 35 68 79 52 39 57 16 19 41 38 25 22 30 63 67 85 113 154 136 97 91 215 193 243 201 216 254 82 105 130 52 6 25 63 77 136 89 51 29 39 14 24 5 16 64 128 159 104 48 58 20 90 65 80 76 35 49 74 40 80 93 43 12 40 37 0 8 0 58 20 7 27 74 111
17 36 40 56 34 19 6 31 30 35 26 4 0 10 31 42 36 48 22 31 54 31 24 46 45 55 40 10 0 0 6 19 7 13 35 28 13 17 41 86 82 88 86 124 120 108 192 255 135 158 30 73 255 202 164 168 132 46 43 17 65 120 96 58 43 38 18 32 21 15 64 126 102 86 53 19 81 86 48 22 41 27 29 52 18 23 63 48 39 49 64 35 69 73 60 31 9 49 87 89
14 19 12 24 17 9 0 17 26 19 22 33 35 19 1 0 10 31 59 114 116 46 21 43 18 46 48 27 20 21 14 6 5 0 16 20 24 32 36 58 80 65 69 31 76 47 51 135 55 253 229 161 255 151 103 157 140 104 69 30 46 13 23 51 37 13 4 27 33 1 25 53 58 58 51 45 42 50 81 85 77 45 33 39 42 32 29 31 10 34 78 26 24 55 13 18 37 29 37 47
21 24 8 4 23 41 26 9 11 5 4 18 43 60 57 47 63 8 28 91 60 16 40 51 28 23 18 26 35 23 7 8 9 0 10 14 21 27 17 24 11 19 68 40 193 196 120 144 87 62 178 255 238 182 237 192 247 201 45 32 56 14 12 22 16 5 18 39 55 30 62 74 37 68 61 64 35 89 141 121 107 51 36 16 59 71 20 36 29 74 139 78 12 54 28 33 42 14 14 39
28 28 12 0 28 50 47 33 28 55 62 45 47 69 67 43 46 8 18 51 21 0 19 0 26 8 0 15 27 9 0 12 9 9 21 8 0 0 7 31 25 40 57 82 245 255 200 64 247 253 253 234 255 228 246 243 255 193 108 63 15 0 34 43 16 23 32 13 1 0 46 51 25 37 17 13 41 17 66 112 104 88 51 32 56 55 23 33 27 47 111 108 20 37 24 0 19 28 39 35
32 27 20 7 25 29 54 77 55 25 5 12 25 31 41 55 44 77 50 16 13 17 20 10 0 5 16 26 30 17 6 13 4 4 17 9 3 8 8 23 23 27 34 89 235 245 206 149 161 224 123 172 147 186 156 255 243 45 63 26 6 5 29 14 3 15 18 9 18 55 96 67 51 39 23 35 23 7 41 94 57 92 37 71 67 36 30 0 34 16 58 104 29 16 24 0 37 31 38 46
27 30 31 10 22 22 60 92 92 33 17 65 88 50 14 13 24 73 49 16 21 16 11 9 2 15 14 4 1 0 0 3 3 0 8 10 17 24 8 4 30 33 19 47 116 94 48 100 54 108 101 58 100 156 252 238 255 75 57 5 27 15 22 27 24 31 22 26 31 78 86 25 34 65 70 33 4 85 74 0 16 26 0 65 50 51 30 5 48 22 35 59 20 11 28 34 60 26 28 65
14 34 38 2 20 35 67 73 48 28 18 34 58 61 36 10 17 13 6 14 2 0 2 1 0 0 0 3 13 8 0 5 7 5 14 3 0 7 4 14 26 67 15 62 57 48 74 35 95 171 97 169 107 241 255 249 247 255 158 61 72 35 12 17 22 41 36 35 8 51 67 26 64 95 126 16 42 44 64 53 76 19 22 54 8 59 10 45 54 39 28 11 17 34 26 31 33 25 28 32
31 44 64 46 0 54 89 46 39 44 5 1 46 114 83 27 42 28 14 8 7 4 3 4 10 14 14 8 5 8 9 6 4 10 14 10 4 0 0 0 17 43 65 14 89 90 60 86 96 255 216 191 101 255 245 255 255 108 68 74 42 40 13 30 12 30 47 79 52 0 25 62 59 42 37 20 29 0 53 78 103 92 0 69 16 32 34 52 52 17 8 27 29 21 28 41 32 35 32 13
63 72 84 58 14 38 68 54 55 58 44 63 73 75 32 9 29 19 11 10 11 9 8 8 6 7 7 6 5 4 6 8 8 10 13 14 14 14 13 11 10 28 74 25 16 48 83 63 76 117 121 140 200 210 255 252 80 61 59 43 56 4 19 15 3 24 43 72 54 24 65 109 115 72 41 15 25 34 45 63 47 53 5 15 15 52 31 42 13 31 28 0 61 28 30 60 35 31 37 37
36 42 36 24 12 8 8 15 4 29 43 62 39 24 21 58 18 11 8 10 12 9 5 5 8 3 3 8 6 0 2 9 14 10 7 9 12 10 5 0 4 23 38 35 41 19 37 101 4 48 11 59 165 255 252 227 17 151 92 103 81 20 13 20 15 36 50 58 32 6 35 67 44 73 52 39 0 60 15 29 20 10 0 31 26 21 64 40 9 0 14 19 52 7 24 65 77 31 6 15
46 52 15 29 47 51 8 15 6 21 17 35 41 47 16 4 24 18 14 15 13 7 3 2 12 4 3 11 9 0 0 11 16 11 8 10 11 7 2 0 12 4 38 38 24 38 41 63 33 14 96 102 129 165 233 254 253 251 176 75 31 2 42 77 47 33 25 47 73 72 48 20 40 26 34 11 59 39 30 14 23 0 19 3 46 51 12 57 76 40 10 31 21 25 51 110 109 50 15 24
55 64 0 18 30 61 5 18 37 63 53 40 21 30 16 15 33 26 21 19 15 9 6 7 9 1 1 10 9 0 2 14 15 12 13 19 20 16 17 21 29 7 28 18 33 47 17 72 88 53 79 125 255 250 243 244 243 245 47 37 68 30 52 84 70 45 25 28 59 86 80 66 40 82 7 2 4 49 50 26 28 16 0 19 20 45 63 4 41 85 48 40 52 54 4 19 28 10 9 20
53 66 12 20 10 47 19 41 71 54 11 8 14 35 24 27 25 18 13 12 9 5 5 9 1 0 0 6 6 2 6 14 13 9 10 16 16 11 13 20 32 21 14 14 82 57 29 158 230 235 178 88 245 230 255 253 251 98 227 110 72 27 37 35 39 38 50 50 58 64 41 28 22 98 45 12 28 38 70 31 21 29 28 24 32 52 14 48 16 26 28 26 60 74 75 69 29 23 31 40
24 34 33 38 22 23 17 26 21 31 19 22 6 5 0 5 10 6 4 5 3 0 2 7 1 2 4 4 4 4 7 10 12 2 0 7 10 5 3 8 20 11 34 41 57 52 103 116 255 255 220 222 158 255 229 243 255 135 160 48 14 42 28 21 88 37 6 0 31 69 51 37 48 63 7 76 103 84 53 57 25 31 22 75 42 2 37 41 35 0 19 47 23 21 42 26 55 41 46 61
21 22 70 81 73 27 19 0 19 25 1 0 1 21 3 0 7 4 5 7 6 3 5 9 9 13 12 6 3 5 6 4 12 0 0 8 19 18 15 17 16 17 8 48 75 0 35 39 233 250 195 125 115 255 95 223 160 251 150 42 29 1 21 41 38 23 32 26 35 46 23 22 20 50 50 11 85 74 83 60 22 33 16 38 50 20 19 0 36 40 16 31 0 28 31 53 17 23 56 88
12 32 35 49 67 34 41 27 2 39 28 7 13 22 24 20 14 0 7 1 7 18 1 7 13 8 6 8 8 6 6 8 5 0 4 14 12 4 19 44 55 20 19 10 28 35 40 105 255 248 122 111 180 153 17 59 247 254 157 58 44 67 72 53 44 39 1 12 66 49 64 37 1 47 63 92 9 25 8 21 20 60 36 44 60 42 16 50 38 28 61 31 4 61 23 47 57 35 32 60
31 65 95 79 62 38 28 36 0 32 30 19 34 44 31 11 8 0 3 0 2 12 0 7 2 5 13 18 14 5 2 4 12 0 3 8 18 11 27 44 29 64 7 0 45 25 53 69 136 168 136 53 116 255 255 255 251 205 148 147 68 85 104 101 81 92 72 64 67 37 78 84 33 80 78 75 24 66 59 56 26 12 14 52 16 66 99 99 45 15 24 34 49 51 42 58 62 18 27 54
25 43 69 43 28 33 8 26 42 92 109 77 49 34 16 6 13 7 13 6 7 14 8 13 0 5 14 19 13 4 2 6 14 0 8 10 31 17 27 29 20 23 27 0 27 44 44 112 92 8 60 50 180 245 247 244 233 255 254 160 118 30 32 52 51 94 86 44 27 33 63 21 46 65 51 47 30 44 34 40 54 13 52 82 11 41 107 112 65 48 32 39 58 4 25 29 3 12 66 40
32 24 18 8 10 29 25 51 73 118 142 96 42 17 4 7 4 7 11 5 2 5 3 5 8 7 7 8 5 3 7 14 12 5 24 24 44 21 21 10 29 38 25 24 9 25 45 99 192 253 120 50 171 132 215 255 255 251 235 230 92 29 25 48 53 52 62 85 73 48 52 27 38 55 42 24 27 27 23 31 49 0 25 56 65 41 44 44 15 40 38 24 33 0 39 45 29 66 139 67
52 36 4 13 22 15 50 85 51 50 60 36 22 28 12 6 1 12 13 11 8 8 12 8 15 6 0 1 4 6 10 13 9 12 31 30 39 21 18 8 10 41 27 30 15 58 28 125 255 247 255 150 126 155 205 253 237 251 245 247 67 38 43 56 0 24 50 51 28 37 42 10 17 67 61 3 5 34 46 34 40 41 68 91 83 59 19 32 27 39 43 13 9 15 23 27 42 45 94 34
62 30 0 18 54 23 59 76 46 10 14 6 11 29 10 7 6 19 14 13 10 10 20 12 10 2 0 4 11 11 8 7 2 12 18 20 13 14 12 12 0 13 26 29 34 72 24 255 251 242 166 97 114 197 101 235 255 255 248 162 2 11 72 22 54 33 34 63 37 11 14 49 26 61 62 20 3 11 23 24 25 77 117 118 4 28 4 34 52 11 25 15 25 47 32 34 15 51 100 58
58 15 14 20 77 40 54 58 57 18 40 36 20 22 7 22 13 24 6 1 0 0 10 0 4 0 1 8 13 11 7 6 3 17 9 19 0 17 7 12 0 44 5 50 42 13 86 251 251 67 255 251 255 111 123 66 228 252 134 78 34 51 35 82 88 78 48 41 30 42 30 44 69 52 45 46 18 11 37 77 62 67 92 84 6 46 27 37 79 24 61 41 36 26 34 28 0 80 130 105
29 0 44 16 58 18 25 43 43 6 46 54 37 33 18 43 45 52 23 11 3 0 17 3 3 1 3 7 8 6 8 12 13 32 16 34 5 32 10 12 6 18 31 33 15 50 131 144 61 218 248 248 246 127 200 31 122 218 245 146 103 46 51 28 58 47 20 27 23 28 12 47 80 43 15 18 1 43 108 163 76 42 66 29 23 1 0 16 21 5 87 56 41 17 83 83 24 69 83 96
33 34 50 42 40 0 18 52 23 12 32 32 61 64 27 74 71 39 31 15 1 6 4 9 0 4 9 10 14 18 15 8 24 32 19 15 12 13 26 20 22 44 32 46 0 33 114 187 178 88 14 103 240 252 222 230 252 243 248 241 255 85 34 80 56 51 23 26 27 47 39 46 19 25 14 26 4 13 90 96 33 10 14 71 61 8 16 35 56 30 86 55 6 85 20 37 23 51 69 70
36 29 42 46 51 7 0 14 13 31 36 39 28 53 5 69 79 29 15 9 4 16 14 11 6 8 8 6 10 15 13 6 7 15 4 4 5 9 27 24 28 57 31 6 50 11 67 245 247 48 210 174 189 103 253 255 255 252 255 239 252 108 43 40 69 68 38 27 0 22 33 53 51 75 31 23 31 11 19 17 17 25 13 51 46 59 65 60 78 41 70 27 22 61 27 20 22 39 25 0
52 19 1 11 47 32 14 5 17 19 7 10 34 79 27 74 82 33 36 40 25 27 26 21 15 12 6 3 6 11 9 3 12 19 8 9 10 13 30 28 15 19 37 41 69 49 1 212 104 58 142 255 218 159 230 246 234 255 230 255 247 103 49 27 49 74 73 74 11 34 43 57 29 69 40 24 26 18 40 52 35 43 3 27 39 95 81 50 28 46 62 41 22 19 30 39 10 45 49 18
29 36 40 42 53 37 10 0 16 25 63 41 68 56 28 79 53 31 66 76 37 21 25 31 15 10 3 1 5 7 4 0 2 9 0 4 5 3 17 14 21 55 11 7 48 81 9 104 80 53 59 66 14 223 255 239 255 252 161 123 111 38 4 40 64 84 83 84 14 53 75 90 47 37 19 16 9 34 67 35 50 51 30 48 64 83 52 24 81 76 1 47 55 63 37 1 47 29 2 0
49 47 19 2 16 39 31 17 10 18 94 94 103 53 19 65 32 24 60 63 21 4 11 29 9 4 1 3 6 6 2 0 0 1 0 7 9 5 17 14 24 27 6 42 49 56 147 108 0 73 69 90 214 240 132 229 247 251 234 96 176 121 36 34 34 54 72 93 45 68 64 51 31 57 79 60 10 11 49 44 61 71 84 69 75 41 14 0 41 69 9 58 33 17 35 39 41 31 15 16
65 68 45 40 51 72 52 37 27 8 64 94 74 51 12 56 61 43 46 34 16 9 4 16 4 2 3 7 9 5 2 2 4 10 6 16 16 7 17 14 11 0 9 17 23 120 172 139 54 9 28 76 52 11 56 130 209 255 115 130 157 161 48 34 32 22 19 31 23 50 59 52 26 60 57 42 50 48 43 57 44 45 53 10 48 40 37 31 31 30 12 61 74 35 58 46 27 66 83 67
66 71 47 31 0 0 16 63 52 25 85 82 19 1 7 63 71 55 39 26 42 43 11 7 5 4 7 12 10 4 4 9 6 9 1 9 7 0 6 5 7 13 9 23 26 24 0 255 242 48 97 113 166 97 34 72 157 165 67 136 205 113 59 0 9 0 11 30 58 57 49 32 4 39 44 23 18 13 19 56 7 9 14 0 36 58 64 81 42 11 11 53 50 11 11 1 69 67 39 11
68 36 0 27 33 41 40 77 66 11 87 63 41 21 47 60 33 37 30 30 69 72 22 8 8 8 11 14 10 3 6 14 10 11 2 12 12 5 20 23 3 22 22 31 59 91 139 161 119 35 107 117 48 132 194 134 71 89 98 248 227 255 67 45 33 18 28 38 81 61 51 38 26 11 31 33 13 22 31 25 27 54 77 58 49 28 7 51 81 56 56 92 23 15 24 70 61 48 29 26
86 37 13 27 34 22 22 42 15 17 36 53 24 74 82 34 1 30 54 77 56 43 14 6 12 0 0 11 10 0 3 20 12 8 0 12 12 12 29 16 11 31 29 80 13 148 255 229 244 254 215 120 0 46 145 159 145 238 245 255 210 132 29 47 66 58 4 66 59 4 14 41 47 64 63 11 18 11 14 20 18 76 73 11 73 49 82 55 44 62 69 74 31 15 25 59 45 9 32 32
47 16 10 65 69 25 16 6 4 18 23 43 40 55 38 28 18 37 39 45 24 27 10 4 0 10 15 9 9 17 22 20 16 0 9 18 18 26 19 0 13 28 10 27 51 210 234 255 255 232 255 227 83 81 32 1 111 255 243 229 255 249 65 27 33 18 8 37 9 4 93 90 62 36 52 26 30 28 58 43 32 44 51 31 63 43 75 25 26 42 74 86 28 5 19 73 34 22 12 41
70 23 23 74 96 64 29 21 2 15 41 63 31 21 32 56 39 43 26 19 1 13 5 4 0 13 19 10 10 20 22 13 9 8 7 12 7 39 82 61 56 64 27 37 78 175 243 236 237 249 254 156 13 118 108 40 93 176 165 181 233 251 91 39 36 27 39 46 28 40 147 129 42 50 40 14 56 44 60 85 31 0 19 54 60 55 87 19 23 40 77 76 46 75 67 68 26 43 10 62
50 16 22 19 51 50 0 41 62 4 25 64 40 64 94 65 52 40 16 18 5 12 3 10 12 7 6 12 14 10 6 6 8 25 0 15 16 49 134 95 60 56 42 24 63 104 254 250 255 180 58 14 0 99 104 0 101 89 86 61 24 18 2 51 80 87 75 81 81 55 80 60 77 135 90 40 47 21 0 14 45 11 21 73 65 64 83 19 142 110 88 44 13 59 36 12 2 32 13 52
14 61 54 30 55 42 21 75 62 8 21 44 46 90 123 78 57 29 3 20 12 11 3 20 22 7 1 11 22 21 15 12 17 12 20 62 66 60 79 51 42 38 69 32 61 68 110 155 195 117 47 31 22 36 77 81 43 29 63 76 109 77 39 36 53 77 66 87 77 57 33 0 54 112 78 59 23 57 43 14 18 22 17 57 62 62 72 40 120 71 50 42 10 18 9 30 14 45 54 56
0 71 28 27 51 21 41 45 0 23 31 13 38 61 78 73 56 24 0 13 8 11 7 28 18 15 10 13 30 45 41 27 23 2 74 111 95 55 10 51 23 14 25 65 46 19 7 13 16 15 90 64 37 36 48 78 62 20 45 54 47 13 30 11 15 45 61 81 41 64 69 29 86 123 41 19 7 63 56 29 52 90 70 79 87 68 72 76 110 85 45 40 16 7 2 21 23 57 66 44
11 50 40 40 28 18 44 26 1 33 28 0 47 59 45 23 52 32 3 10 5 19 17 27 18 13 13 23 36 42 39 34 41 47 80 87 67 25 5 54 47 30 12 83 82 36 94 109 99 58 127 109 32 36 83 131 134 54 12 48 35 34 64 22 35 63 74 63 33 40 66 65 109 119 23 4 35 46 41 40 0 38 36 50 78 57 86 121 149 134 31 2 4 20 35 39 6 55 23 13
25 20 107 76 0 15 20 36 28 49 70 38 41 45 51 15 49 44 19 15 9 32 26 21 24 3 7 35 39 16 13 31 72 112 35 25 29 0 19 0 22 22 46 32 101 3 20 126 81 37 65 92 4 30 102 74 38 72 5 57 91 96 61 23 25 57 47 23 49 13 30 94 106 71 46 68 75 33 50 15 17 57 55 58 67 22 54 93 145 133 23 21 31 10 16 26 41 105 30 44
67 14 93 88 18 36 48 49 62 54 53 54 26 39 31 26 42 12 11 16 2 12 29 18 27 5 27 43 25 13 59 14 49 63 29 34 24 23 69 59 48 5 39 39 67 73 22 92 85 0 42 50 38 42 47 34 24 29 8 39 75 68 48 8 14 3 11 24 27 20 47 84 59 19 8 50 79 14 0 11 35 50 45 64 109 46 17 32 69 74 52 10 34 15 54 47 63 67 31 51
77 23 51 89 35 44 69 51 103 40 54 46 48 64 3 73 36 2 0 6 8 16 25 20 25 17 25 32 25 36 38 37 3 20 63 77 81 51 38 68 67 14 42 57 77 78 10 3 93 77 54 0 8 26 31 55 45 23 33 14 41 75 35 36 37 41 37 17 4 12 32 43 46 38 14 12 60 23 11 62 54 56 26 55 90 58 10 0 11 63 59 25 54 36 40 22 27 22 28 25
49 51 24 19 0 26 79 2 50 23 43 64 116 112 6 80 52 23 5 15 27 26 20 16 0 13 19 23 31 50 4 31 22 27 58 48 61 18 13 50 48 15 54 96 100 101 90 80 63 59 40 38 72 26 0 14 33 40 22 19 42 61 69 63 2 11 34 51 27 12 23 46 87 63 98 82 30 4 31 24 40 81 72 77 38 19 13 31 58 75 40 17 34 7 7 33 17 5 38 9
35 41 44 59 29 17 55 0 20 40 0 87 194 142 40 57 13 11 4 8 24 26 15 9 7 16 7 2 17 35 11 33 70 70 43 19 31 0 48 28 25 44 43 50 77 125 133 68 22 23 41 61 59 50 51 20 14 34 8 26 43 37 60 50 47 24 28 60 42 36 45 67 60 101 136 123 67 0 9 9 24 58 61 59 24 18 23 16 40 35 13 17 29 21 16 33 32 30 54 38
25 11 50 53 52 22 43 11 42 74 2 110 218 137 35 10 0 23 30 20 21 23 11 0 16 16 15 18 29 22 37 12 42 37 41 36 37 12 66 9 20 56 34 49 81 85 87 53 5 12 67 107 63 60 98 85 57 33 43 29 34 38 10 37 35 13 2 29 26 57 43 12 4 44 73 115 85 6 46 32 13 24 36 35 40 38 50 16 3 11 15 5 12 53 46 1 9 26 12 23
34 4 29 2 20 27 36 19 40 96 63 67 104 92 22 6 13 42 58 47 34 36 33 18 22 12 16 22 26 13 46 0 23 0 42 33 24 17 33 12 7 51 38 65 96 81 97 104 31 8 13 38 12 4 30 80 81 63 47 34 30 19 9 27 13 8 27 77 52 66 53 38 27 0 24 105 82 22 70 19 19 24 32 17 23 21 68 66 43 30 32 2 6 38 37 1 42 68 40 58
57 8 16 55 59 35 13 38 43 72 64 13 2 56 40 48 9 13 33 42 33 41 54 46 45 24 14 8 5 22 41 16 39 33 36 11 19 33 32 31 50 91 67 65 117 177 183 110 41 58 54 29 26 63 25 14 33 60 26 29 24 1 20 4 30 14 29 75 15 19 38 72 63 28 16 52 91 37 21 37 59 40 10 10 24 29 53 57 47 40 51 20 41 21 10 27 1 24 32 37
22 20 2 38 17 30 10 26 42 6 16 63 69 75 42 34 49 20 27 42 26 24 37 31 24 27 46 56 50 71 21 4 10 68 9 0 38 56 57 22 18 0 3 60 91 105 119 85 88 64 59 30 12 69 53 61 6 35 63 37 32 42 12 7 14 10 20 55 6 42 57 59 82 0 11 24 37 36 44 76 85 78 47 72 66 55 39 42 46 77 75 0 30 3 0 34 29 41 86 62
11 13 3 10 60 44 46 42 19 56 31 77 36 55 30 8 24 41 69 60 42 32 12 9 4 12 39 50 13 26 19 25 15 58 64 66 58 49 51 21 51 37 33 0 76 74 41 27 32 42 88 89 19 75 68 76 11 21 61 49 31 46 30 8 31 32 24 48 54 55 62 20 47 37 12 21 55 46 54 118 104 63 78 57 28 35 46 95 97 162 137 74 33 21 31 18 64 115 109 58
36 30 8 0 0 12 40 24 33 67 60 24 13 0 13 18 27 2 44 58 18 18 42 53 38 27 49 63 48 51 37 35 0 51 75 75 47 24 30 17 30 29 42 19 80 60 25 19 40 60 77 53 33 65 54 90 59 51 72 61 43 47 27 9 14 48 59 39 70 55 28 23 60 39 12 74 108 42 23 57 84 48 102 109 62 59 77 111 88 124 78 41 24 40 52 50 66 88 68 29
39 30 29 54 37 103 123 55 33 45 26 13 6 9 3 55 52 34 46 29 13 42 50 30 18 12 27 13 23 55 71 68 0 20 26 30 31 43 76 86 47 46 47 13 47 25 14 28 20 95 78 0 90 172 94 6 15 23 59 58 25 5 0 10 13 22 38 31 50 58 35 76 49 59 23 52 56 9 34 61 44 22 109 138 73 51 59 70 3 58 48 44 52 76 64 44 57 58 31 10
20 33 53 59 18 64 108 66 20 13 4 14 24 60 28 47 29 62 48 9 40 68 31 14 0 7 65 65 65 39 21 10 9 9 3 7 19 34 50 52 30 47 53 24 39 17 9 13 75 72 53 19 113 83 39 59 36 15 25 52 61 47 29 27 21 71 90 56 10 95 76 13 6 74 70 29 12 34 67 51 31 22 81 93 40 21 24 29 30 86 86 43 48 62 57 32 13 31 23 10
27 32 40 26 12 11 48 32 20 11 44 4 34 58 58 23 35 67 72 54 69 62 25 36 53 27 44 39 38 1 8 47 35 31 26 16 15 22 25 28 15 38 36 11 24 22 26 19 49 86 105 43 65 36 50 81 40 16 4 30 46 31 22 26 30 47 59 58 21 49 83 45 32 68 84 26 21 83 75 30 53 51 50 29 13 15 22 41 33 57 65 9 25 14 23 17 31 89 111 96
48 26 15 23 61 49 68 60 34 33 50 47 29 34 51 78 40 36 60 46 28 49 39 2 21 12 14 5 32 47 50 65 28 22 27 25 42 68 63 59 34 42 16 0 6 18 34 26 40 74 109 89 71 34 30 30 23 38 39 52 45 14 15 30 51 94 86 13 21 17 82 57 64 24 45 25 20 57 41 39 57 64 44 25 30 27 21 35 17 16 44 37 78 53 46 56 22 104 141 118
38 28 21 30 22 12 57 90 48 78 34 74 37 36 26 109 62 44 56 34 26 84 87 25 25 31 19 10 40 80 60 52 5 16 44 48 65 82 48 24 42 41 18 27 33 22 22 7 44 76 78 64 19 14 13 17 29 37 16 31 51 34 16 0 6 12 32 23 33 11 34 38 32 0 30 59 33 16 11 29 37 42 50 66 61 33 18 16 41 40 43 42 57 59 31 49 25 95 120 92
19 17 28 67 25 12 28 39 56 128 60 31 56 45 19 47 71 52 38 14 14 32 26 23 58 27 2 30 45 45 15 52 30 55 86 58 40 49 33 32 67 44 10 32 36 20 29 30 20 49 16 27 22 80 80 80 43 52 12 6 24 21 23 13 52 36 52 61 7 73 49 3 32 9 41 75 40 14 27 25 28 18 50 94 72 35 35 30 52 88 77 59 32 66 14 18 53 102 107 78
21 16 12 31 53 40 32 54 46 71 28 11 23 46 16 20 27 28 17 22 13 40 29 57 138 115 41 20 24 1 12 33 46 88 90 74 22 43 68 61 78 43 2 18 37 21 16 17 9 34 15 0 51 110 103 70 9 32 11 44 36 41 43 13 41 24 48 93 73 95 76 21 96 25 8 34 13 35 28 23 28 29 28 87 109 42 32 69 71 53 65 78 13 34 8 1 29 58 99 75
23 28 13 0 8 26 26 17 49 50 38 32 8 36 35 16 10 34 38 25 21 65 45 29 115 108 56 28 31 44 54 29 47 70 58 30 18 27 59 60 70 41 41 42 27 19 52 30 25 32 34 57 97 106 85 74 53 33 4 37 69 90 77 95 101 60 93 138 125 93 55 0 61 46 36 24 12 63 45 5 24 26 2 31 49 41 41 49 65 32 22 48 34 4 52 88 33 80 130 103
35 57 62 33 11 21 21 0 47 49 45 36 10 27 29 13 8 31 43 15 4 45 40 18 45 39 28 31 26 24 29 7 15 47 32 0 31 40 62 51 52 53 57 42 31 25 52 27 10 13 32 75 103 89 73 82 56 48 41 32 46 60 36 88 55 57 131 146 103 49 69 62 0 19 31 17 7 43 43 44 56 37 7 40 27 31 37 52 76 10 8 4 60 11 37 78 47 76 95 56
35 19 22 28 26 38 43 26 32 57 35 19 37 37 16 27 15 18 48 34 24 34 52 61 18 43 63 74 66 43 30 30 28 81 60 26 74 93 90 66 52 81 36 22 46 41 18 21 5 13 24 33 35 28 25 30 38 72 91 46 21 32 11 23 85 41 40 41 50 70 96 71 43 49 49 32 25 30 33 72 104 91 75 93 24 17 14 28 19 34 45 5 53 2 35 62 35 52 56 13
27 24 44 50 20 4 13 15 27 42 23 15 52 51 30 36 31 21 57 49 56 34 43 55 2 63 79 58 64 59 27 18 26 67 40 38 55 61 35 23 75 88 18 24 37 44 14 34 19 30 40 34 18 13 19 24 38 58 66 38 33 58 56 12 0 16 59 100 86 101 110 107 80 62 39 21 46 55 46 67 75 96 99 86 12 47 50 38 15 77 48 20 42 14 48 38 0 25 53 23
0 22 48 42 22 29 53 63 45 24 30 31 39 40 43 18 33 23 46 20 65 51 54 54 36 54 53 39 58 57 20 17 40 49 46 95 82 54 20 15 81 58 20 42 7 24 39 48 27 31 58 76 56 32 37 50 60 41 28 22 52 73 82 54 65 50 53 86 48 43 50 78 38 5 1 11 48 40 41 81 52 54 61 55 19 72 88 87 40 33 42 25 30 67 12 28 36 28 47 27
46 40 11 0 20 57 62 46 42 25 37 29 27 14 23 7 21 25 46 8 81 71 83 95 55 10 19 33 33 33 16 12 43 26 51 105 86 56 52 29 47 27 31 40 11 5 44 40 27 25 58 84 55 19 16 25 72 47 38 22 78 75 45 70 85 60 60 75 52 35 51 79 32 7 26 31 40 9 24 77 78 52 54 43 23 48 55 67 0 0 52 60 13 60 21 86 98 41 40 31
0 30 44 44 57 56 41 38 11 32 31 8 30 0 0 21 30 45 73 26 84 33 32 58 53 5 41 44 14 44 50 11 47 16 40 52 38 40 83 38 7 20 40 25 47 6 29 24 16 20 54 74 49 29 34 35 42 31 35 3 92 79 0 30 60 40 41 21 16 4 31 39 33 40 59 19 21 25 40 45 55 57 69 25 7 35 34 24 8 44 18 93 26 13 87 88 74 14 32 39
30 46 45 34 38 38 19 0 19 45 60 41 11 0 12 28 28 40 82 48 29 0 43 15 29 23 51 87 39 14 7 13 20 25 34 21 1 19 44 38 2 48 51 49 74 21 3 20 11 21 50 44 56 95 86 66 50 26 30 8 15 49 31 18 39 21 8 13 24 26 17 9 41 80 58 49 62 7 27 60 33 86 75 15 44 23 13 31 22 42 12 51 22 31 53 79 34 12 34 31
32 16 21 41 39 19 9 10 1 25 41 31 10 3 13 25 9 36 41 65 12 31 33 10 32 77 104 88 18 9 13 19 21 32 52 48 27 31 35 15 47 96 85 40 44 17 11 0 9 16 29 29 26 34 28 8 16 24 64 47 24 35 31 46 25 15 7 14 28 35 36 38 17 22 34 41 45 22 54 69 88 116 91 51 69 48 12 5 0 22 9 58 33 29 34 45 47 13 20 5
36 3 18 51 39 22 25 24 19 36 50 48 39 36 42 48 10 33 14 66 11 64 46 21 39 85 85 55 17 27 19 14 29 33 47 44 30 42 51 33 42 78 75 31 26 25 44 19 24 30 28 51 38 11 20 5 11 14 65 70 55 50 29 39 10 9 2 1 7 9 14 28 70 31 65 62 34 25 49 39 65 77 52 48 54 52 15 7 22 38 12 50 32 35 53 69 72 37 41 25
32 12 37 51 30 42 56 25 8 15 22 23 20 19 20 21 29 30 15 40 23 67 74 38 45 55 25 23 31 38 10 12 34 26 31 28 23 46 66 56 10 17 39 41 37 33 72 60 22 30 21 69 53 0 26 20 27 5 46 73 80 68 23 14 45 55 47 36 31 21 24 47 32 0 48 47 29 46 68 68 30 38 22 45 32 53 40 53 54 47 0 14 3 20 65 95 39 14 30 20
