33 10 20 49 31 70 148 125 112 93 58 59 48 66 61 68 113 101 60 45 32 26 41 13 9 30 39 39 44 16 45 34 16 17 97 78 75 37 26 34 32 38 35 19 9 18 25 13 21 43 12 66 38 27 18 11 20 37 28 70 104 35 80 35 0 0 17 34 34 64 33 23 22 28 39 41 37 26 27 58 24 27 17 31 24 0 38 78 38 79 90 113 48 28 16 64 77 48 36 40
11 10 9 69 131 117 77 59 55 32 16 33 36 33 31 49 72 71 65 41 60 64 75 34 28 29 42 23 34 40 64 74 28 45 72 51 45 24 32 20 42 12 45 57 30 53 59 10 0 47 71 48 29 0 41 12 48 24 47 92 102 44 55 36 33 27 30 71 58 73 18 20 21 27 27 23 32 33 17 13 24 32 39 47 18 0 35 51 32 34 61 67 29 27 25 51 58 49 64 87
29 39 37 58 104 82 36 61 54 36 20 14 27 22 33 50 56 31 50 35 67 49 50 37 4 16 56 25 22 45 65 99 11 33 29 33 37 13 35 15 6 17 30 57 122 117 37 26 13 35 46 58 34 20 47 29 21 0 64 93 80 52 30 37 47 51 46 96 62 62 17 58 37 22 16 31 33 12 16 48 60 40 27 46 42 44 36 0 33 0 33 50 44 27 25 37 19 24 55 88
49 8 18 24 40 65 33 0 42 61 65 33 47 32 21 1 54 43 59 27 36 33 22 29 17 21 37 23 29 41 24 13 11 21 49 78 89 22 22 0 26 74 55 69 181 134 13 77 59 29 12 50 46 43 50 33 15 31 73 53 33 34 10 39 49 54 46 80 54 39 4 34 40 23 6 22 21 1 30 82 70 51 16 21 29 47 39 31 31 41 53 63 74 56 43 22 28 25 46 69
36 0 39 44 16 39 39 11 53 76 71 30 45 32 20 7 28 86 91 28 6 64 46 35 12 30 28 52 74 90 94 70 46 27 73 69 74 17 31 16 48 48 57 82 121 91 62 134 58 20 19 0 25 5 36 3 35 70 49 8 20 31 29 79 10 7 8 35 67 69 48 25 27 43 21 15 22 24 36 27 47 49 20 45 79 88 44 54 21 104 70 54 66 69 57 12 16 0 3 18
66 29 32 48 50 44 31 29 64 61 32 8 30 25 31 61 7 79 74 41 11 59 38 39 27 33 2 31 49 65 77 56 3 0 66 61 60 60 103 74 38 12 20 61 74 68 88 116 76 42 21 14 37 31 39 41 47 73 39 15 52 37 35 76 83 75 63 38 45 45 52 2 40 72 66 76 71 37 24 0 29 33 16 58 97 103 23 19 8 59 13 15 22 4 4 2 34 15 17 36
22 41 51 65 48 6 5 27 11 26 9 17 39 31 11 39 17 50 34 48 36 23 5 27 34 16 0 32 59 81 58 36 29 17 26 42 16 89 204 192 39 63 33 51 83 64 61 62 46 32 0 18 26 51 19 52 45 67 78 46 57 23 15 20 98 110 103 63 17 28 67 29 66 79 71 108 100 38 32 33 17 22 20 28 3 35 13 31 63 31 39 53 56 21 21 41 39 25 34 60
44 42 25 39 40 36 46 16 0 36 18 23 40 47 12 23 33 54 29 42 54 19 9 15 0 32 84 96 48 31 1 36 2 16 25 115 49 92 177 134 0 80 50 45 62 44 63 62 23 57 40 8 39 66 50 54 7 38 104 46 29 22 39 27 64 90 94 79 9 26 56 9 69 67 29 55 75 54 61 45 26 13 30 44 1 62 51 30 50 0 70 46 48 43 31 6 27 16 29 56
75 39 16 18 36 70 83 55 9 22 13 30 59 76 15 2 31 11 21 29 32 15 41 26 0 62 194 184 57 73 40 54 43 12 74 90 67 26 74 33 33 168 102 56 43 0 48 67 76 52 52 42 67 96 68 50 24 2 26 66 1 40 97 37 50 73 65 19 91 37 13 71 72 42 37 30 84 55 61 68 60 65 63 42 1 11 20 60 52 38 77 87 103 103 35 12 27 28 13 66
45 24 65 59 44 59 45 55 38 2 11 45 39 63 51 45 39 14 8 31 28 13 28 0 9 89 185 173 94 83 35 59 36 24 60 73 62 35 64 31 43 136 124 92 50 9 37 43 45 39 23 17 12 40 25 21 43 31 29 51 41 48 56 41 36 22 3 37 126 109 54 88 51 29 36 31 70 36 26 8 70 60 50 36 1 29 85 174 74 25 45 70 58 30 20 64 68 54 6 26
21 12 42 36 2 1 21 52 78 25 17 38 34 53 41 31 77 77 69 86 26 0 25 0 59 154 168 92 49 47 31 69 12 52 56 42 45 58 71 48 24 36 61 46 15 26 52 68 23 46 36 14 19 42 53 25 26 17 18 22 66 84 71 62 39 9 29 90 63 85 66 70 83 42 33 18 42 25 28 5 24 49 79 84 46 51 72 132 109 39 22 49 47 30 35 53 30 48 21 21
3 24 11 40 22 6 66 54 8 21 19 12 35 53 48 81 23 66 93 131 49 10 43 25 47 121 107 45 33 19 11 26 2 53 31 30 46 60 61 82 65 9 38 23 19 52 36 57 24 65 63 10 31 47 93 48 53 44 59 10 25 59 55 24 10 51 46 47 6 37 20 62 121 48 13 0 11 11 33 22 10 49 79 73 43 54 40 47 63 57 47 34 19 37 58 32 2 39 40 32
15 33 9 32 34 46 108 80 93 64 41 44 90 85 35 28 18 37 42 82 38 31 61 42 36 56 55 60 64 51 48 33 35 49 10 57 90 69 44 99 48 0 39 40 69 94 31 56 71 77 40 13 18 30 60 36 55 70 82 23 37 50 26 2 49 39 41 43 15 79 89 77 131 52 14 11 20 11 20 13 11 26 36 41 40 69 45 35 32 26 7 4 25 60 56 0 42 45 34 16
29 18 27 4 0 47 70 70 44 21 88 130 101 37 22 38 47 32 15 25 16 27 40 28 21 50 65 48 14 57 87 47 35 49 9 48 90 78 33 43 57 21 41 29 58 77 25 62 149 86 10 64 67 73 25 14 0 30 25 44 152 147 58 37 29 45 21 7 31 55 32 58 117 59 25 27 30 15 9 7 5 1 21 64 75 78 34 26 0 13 45 64 51 22 17 41 44 21 25 13
18 7 46 29 16 46 35 36 47 14 91 152 135 60 48 73 6 0 15 16 38 39 17 7 34 83 112 79 16 88 109 60 9 31 8 26 55 52 22 6 49 19 21 17 51 93 92 120 163 79 33 90 102 83 22 26 7 38 0 49 169 173 78 43 43 44 57 54 15 49 42 25 65 47 22 13 19 19 16 24 34 29 45 74 62 50 16 27 21 22 60 89 92 47 13 70 50 5 33 38
22 13 20 28 22 35 56 52 36 16 40 66 99 48 39 96 39 12 19 0 47 60 31 32 47 32 38 52 12 74 74 60 36 26 23 63 70 30 32 63 60 30 31 43 66 99 98 79 108 55 77 50 53 0 11 53 80 94 30 32 60 89 69 35 36 45 47 57 44 122 91 33 23 44 33 21 32 49 51 62 47 63 79 74 37 30 12 30 14 34 71 62 68 54 34 112 121 33 45 55
26 3 7 21 30 32 79 43 23 12 103 51 17 18 40 65 41 24 24 3 37 54 59 33 35 23 0 61 32 54 49 22 27 17 30 29 59 42 34 58 77 62 19 37 76 61 40 44 50 15 21 47 61 25 0 50 90 102 0 35 52 59 66 26 0 32 29 23 32 72 93 30 22 38 36 0 27 40 38 42 34 31 65 103 57 25 45 17 23 39 65 38 10 25 35 72 114 67 10 55
34 34 35 25 69 69 47 24 60 55 85 112 5 44 73 23 0 2 38 59 41 55 46 30 46 28 55 61 17 21 37 27 45 47 52 18 30 25 27 45 64 71 10 58 69 10 11 11 13 31 35 84 110 35 32 0 17 63 4 49 53 71 85 38 27 14 15 24 17 29 40 3 29 51 55 4 29 55 51 35 13 19 54 91 58 30 52 40 61 83 62 15 0 21 44 36 31 26 10 61
59 91 106 38 50 88 72 58 47 6 86 78 61 56 29 70 77 36 41 39 31 54 50 26 15 18 63 48 104 80 32 15 65 52 46 7 15 16 26 45 5 24 29 61 53 30 2 34 24 35 42 54 56 0 44 32 41 58 30 95 51 24 55 63 32 8 14 43 63 42 16 33 32 46 66 43 59 71 51 22 19 15 12 20 10 17 61 79 108 93 36 18 25 37 83 79 26 34 16 22
69 73 93 42 6 61 104 93 60 24 44 99 82 140 131 55 29 6 40 0 30 31 43 30 32 64 151 104 73 37 78 94 74 32 26 18 39 34 45 71 16 46 42 27 1 27 37 80 55 61 89 20 58 149 109 12 93 58 23 88 40 26 65 86 15 22 30 55 110 78 13 61 26 15 40 49 48 39 22 18 19 35 30 18 19 32 47 51 110 73 32 25 41 33 57 56 4 26 30 26
22 6 15 50 39 44 63 32 40 0 33 97 69 49 71 63 20 27 57 11 60 55 18 0 0 67 81 57 84 31 27 46 77 36 39 28 29 7 11 32 25 98 46 66 37 19 93 84 50 40 107 84 93 176 83 42 123 97 45 51 24 84 90 27 20 27 41 43 71 66 20 31 60 52 69 63 30 24 40 79 41 84 90 51 35 44 44 43 56 42 51 21 39 42 29 9 5 19 31 18
43 60 6 3 20 40 47 27 16 9 61 5 65 50 31 31 3 12 15 15 47 91 14 6 24 51 66 78 75 53 83 64 42 38 66 38 12 0 11 29 13 53 56 91 79 32 58 44 46 72 86 63 46 122 66 28 57 70 58 61 49 140 137 63 36 18 42 33 11 50 65 22 58 88 103 70 18 24 49 101 58 97 101 39 3 22 48 77 36 8 39 21 49 44 34 39 36 40 52 19
10 77 78 59 44 61 33 3 1 22 13 74 23 2 35 35 30 37 71 84 31 62 3 23 34 67 92 98 126 77 45 33 5 16 68 56 35 30 71 106 86 37 70 31 32 21 0 15 46 81 93 97 46 28 35 84 72 63 64 83 50 90 78 65 25 27 37 32 15 51 84 42 20 53 57 33 2 12 11 54 50 69 90 53 15 15 24 52 47 6 24 35 68 27 29 38 10 39 88 63
19 19 67 79 24 39 31 36 23 48 36 27 53 47 8 25 54 2 51 62 9 39 27 44 56 31 73 55 74 42 23 11 25 10 56 59 35 14 55 104 154 95 96 27 42 41 41 30 31 44 45 24 31 42 34 52 103 50 24 47 19 42 21 32 0 52 32 26 48 44 44 38 56 51 26 29 34 45 23 64 84 70 90 78 46 26 5 17 22 24 43 64 106 58 58 14 10 42 85 35
30 15 37 37 47 40 11 56 30 64 84 26 41 14 78 43 8 57 22 60 17 13 38 43 53 0 18 50 8 5 42 42 31 26 26 8 40 41 65 108 122 57 53 12 22 9 39 40 27 56 40 12 28 52 65 84 110 108 27 31 58 64 44 50 3 42 22 10 48 83 94 91 61 29 58 22 53 80 45 31 59 43 48 83 55 15 29 23 25 20 31 72 108 114 31 13 28 0 19 18
29 37 38 83 102 65 38 11 31 13 45 65 42 4 29 0 0 41 79 90 57 20 6 7 8 20 37 40 59 25 11 19 55 35 27 48 69 52 43 20 29 39 79 39 25 25 49 45 35 33 77 76 12 13 58 55 99 80 9 35 60 36 28 85 68 67 0 17 53 62 85 91 6 20 83 89 51 56 6 23 45 61 53 65 61 25 25 37 48 34 21 39 66 66 30 36 4 19 38 46
12 34 23 25 14 24 80 89 76 27 43 85 38 70 103 68 46 38 90 41 25 0 0 34 3 41 103 103 41 33 47 26 40 56 9 45 108 87 41 42 39 19 25 15 9 21 33 45 29 40 21 20 51 44 21 32 76 101 45 13 19 28 13 9 166 141 20 25 28 22 57 68 38 24 66 74 32 43 20 52 47 66 30 28 63 37 4 9 34 44 25 10 26 16 18 19 43 86 65 59
55 63 83 43 7 39 72 91 71 39 52 80 23 61 76 40 49 12 49 21 48 40 20 26 58 61 101 106 4 61 88 20 17 39 0 17 56 51 10 46 76 43 31 53 58 67 32 26 15 21 26 25 23 24 17 3 23 23 36 56 38 16 19 32 66 88 28 29 18 29 44 39 16 0 59 70 80 66 37 18 49 54 25 30 68 49 11 11 32 73 57 20 29 15 36 21 56 100 40 28
52 95 170 172 94 31 16 30 59 47 53 71 31 18 27 25 25 4 16 51 101 101 49 0 42 96 92 35 2 35 49 39 38 13 39 51 8 35 38 43 49 78 87 83 63 83 47 35 11 17 29 47 56 43 20 7 43 46 105 113 48 18 30 17 29 58 56 38 28 60 56 56 46 23 47 20 29 45 53 47 19 14 34 56 57 42 36 47 20 48 30 4 17 0 27 25 50 85 30 39
56 130 193 255 167 16 21 41 19 43 21 13 8 5 47 50 24 41 32 65 73 74 52 16 12 99 117 16 25 0 26 55 35 18 37 33 0 35 63 65 30 61 67 48 16 30 24 54 35 34 79 98 48 22 43 54 32 0 42 80 52 15 16 12 23 13 31 13 26 64 73 92 84 90 68 35 11 44 29 32 42 15 54 87 75 72 73 71 25 21 10 26 52 27 26 41 58 71 37 47
61 90 85 148 121 11 6 0 23 68 27 29 26 30 68 29 7 48 53 61 45 44 36 14 43 65 84 41 39 35 48 20 48 85 47 27 44 52 103 110 39 40 38 37 34 33 18 49 77 101 65 41 71 56 19 33 25 38 56 19 47 72 45 0 46 41 76 67 78 59 55 43 98 119 81 37 16 37 18 31 45 8 34 55 55 64 46 24 10 0 0 32 68 61 12 10 39 32 22 10
45 46 18 7 14 11 26 50 61 66 0 51 36 18 54 14 5 20 26 27 47 67 46 5 37 48 48 65 12 48 37 13 10 68 32 39 54 49 151 118 49 55 40 16 42 74 59 58 31 57 70 40 26 70 74 14 31 57 60 15 52 33 0 16 6 32 79 74 90 51 71 36 52 87 80 15 20 8 23 56 58 42 62 61 62 74 51 36 25 21 14 32 72 104 30 0 29 23 45 23
32 38 47 13 21 33 5 40 69 60 38 24 16 50 61 6 11 15 56 49 9 66 64 39 5 0 51 91 49 18 41 59 65 71 14 36 68 31 82 79 64 31 64 35 18 32 77 105 44 27 51 42 51 136 86 6 27 70 25 15 7 31 12 102 77 20 22 28 48 35 47 65 54 29 36 24 31 11 30 31 54 63 76 67 43 53 10 15 17 30 37 31 20 76 66 40 58 54 49 46
17 25 49 28 22 21 2 41 28 28 17 15 16 42 60 27 24 28 46 36 49 12 73 69 12 21 39 53 36 6 19 64 83 79 76 35 54 41 63 60 37 14 49 54 47 25 12 0 12 39 33 50 22 117 103 68 63 31 2 23 0 22 46 44 58 18 36 34 37 30 10 25 22 8 18 31 36 9 14 35 31 60 58 32 39 73 39 61 50 25 8 0 40 25 3 20 25 58 78 68
23 15 37 27 15 11 0 26 5 21 29 37 37 23 25 8 24 80 102 42 51 5 69 75 0 42 81 73 37 16 18 26 23 52 106 50 63 120 94 54 66 33 25 34 44 43 62 43 11 66 58 81 46 106 112 96 76 23 55 47 59 57 42 11 29 29 59 44 16 17 0 24 8 35 29 34 47 65 47 43 45 106 86 15 41 113 90 99 64 43 31 15 64 59 47 61 34 35 30 22
63 33 33 25 23 32 20 20 20 25 18 12 17 0 29 48 67 77 72 23 28 67 41 32 41 15 65 100 47 26 48 38 39 60 85 84 80 128 84 24 26 35 49 84 83 60 76 60 35 48 37 13 16 55 90 96 103 49 37 134 135 83 25 29 69 54 19 18 24 51 23 11 33 82 59 49 40 70 38 37 11 66 78 25 40 84 47 33 20 7 25 41 16 55 62 59 82 36 7 20
55 32 23 16 22 39 30 14 8 10 8 6 32 29 84 116 91 60 56 73 32 56 45 92 54 21 26 27 10 46 70 27 37 18 3 66 98 80 115 85 58 79 88 118 102 76 94 98 74 64 82 48 44 55 44 52 73 48 27 76 123 80 118 27 68 84 28 19 6 17 34 38 12 50 33 52 27 31 8 50 24 18 53 41 32 38 21 19 38 13 36 59 12 26 33 41 36 14 12 33
11 14 18 21 26 27 23 22 0 0 15 17 47 43 88 93 54 19 0 48 45 31 46 44 50 93 92 67 78 86 54 20 58 43 16 29 82 20 97 53 87 102 113 145 128 95 72 69 90 65 71 50 4 34 16 55 52 63 95 0 69 102 87 25 67 66 7 5 22 25 32 29 0 28 11 33 30 60 33 40 51 42 84 54 31 49 51 31 35 33 44 12 22 16 12 9 35 40 44 43
4 19 27 47 52 25 20 46 25 11 16 0 24 27 74 50 7 51 38 33 37 43 66 55 40 61 73 107 127 69 23 53 66 60 45 27 72 43 61 22 83 69 61 79 68 53 9 14 30 24 64 93 58 72 73 95 90 81 93 69 84 173 21 59 39 38 39 18 29 17 7 45 50 78 52 36 38 96 71 25 9 34 89 48 34 42 24 0 20 31 52 14 29 40 34 7 55 45 29 19
10 15 15 47 58 10 0 41 34 25 48 39 68 73 107 54 33 74 46 0 26 104 80 97 57 54 36 32 74 131 147 129 93 42 26 56 79 88 24 52 44 20 14 35 44 58 22 45 52 35 82 112 112 93 140 134 57 41 66 65 172 251 220 78 63 23 49 18 51 42 0 27 64 89 81 61 42 88 98 82 32 22 50 26 31 6 1 43 16 0 31 64 13 28 23 4 37 16 4 14
15 32 53 40 33 34 59 29 0 1 11 54 50 80 87 40 42 80 83 75 86 67 23 6 13 16 3 26 88 137 150 136 61 22 40 46 59 44 40 21 9 0 6 18 14 47 28 39 48 20 28 95 130 104 117 69 63 191 220 255 239 253 255 139 19 26 0 60 74 82 40 17 14 40 26 38 86 81 53 38 20 13 20 77 73 30 0 24 28 46 113 95 29 56 69 5 19 20 32 12
68 35 11 14 31 35 83 75 45 39 50 77 65 54 13 10 25 24 40 82 105 71 35 36 22 47 55 60 72 68 48 25 27 0 7 10 17 5 13 2 20 3 12 0 24 2 39 16 28 18 45 39 77 98 57 105 128 205 119 243 255 246 243 186 35 38 46 104 67 76 85 27 13 21 11 84 69 85 13 4 33 79 77 81 59 29 22 9 38 104 122 59 57 87 48 19 7 3 27 28
30 20 13 52 78 51 75 45 6 18 41 63 70 59 4 38 57 25 43 106 125 88 57 54 2 31 46 41 39 31 14 5 25 0 5 9 7 0 18 14 3 22 0 14 19 0 46 13 4 36 49 57 36 78 119 110 61 126 151 246 245 197 245 233 230 19 40 57 26 69 21 17 21 31 14 44 19 116 48 1 39 107 93 48 11 0 42 38 36 97 94 28 76 122 65 65 51 49 74 77
29 52 48 62 69 37 65 35 11 35 30 30 25 23 0 1 38 5 20 64 73 66 53 29 6 13 13 0 6 18 11 15 18 0 1 12 4 0 17 10 0 23 1 26 26 26 55 19 19 29 58 16 134 228 244 184 72 6 170 244 250 249 255 250 234 136 60 24 66 72 20 43 2 4 40 32 15 43 19 34 3 29 29 24 27 14 25 23 62 49 53 16 41 92 57 47 63 62 80 73
44 61 40 24 19 0 30 26 14 30 0 9 2 13 37 21 72 36 38 51 40 43 44 18 4 4 8 0 2 17 4 13 9 1 0 19 6 0 13 0 30 9 20 8 79 105 138 96 61 63 69 255 225 245 190 231 114 108 230 255 90 255 205 255 255 179 112 72 56 57 51 25 10 15 45 6 32 37 27 64 61 61 64 53 29 11 26 79 85 43 47 23 31 86 75 50 52 38 59 74
32 33 34 37 50 13 17 23 77 73 6 31 19 15 54 34 88 41 30 34 9 0 3 0 0 1 21 5 8 24 13 35 16 19 12 43 24 17 28 7 47 7 13 29 125 245 255 250 119 239 146 211 255 243 251 255 255 12 216 225 122 93 243 255 255 100 58 41 2 58 65 24 59 96 78 14 30 71 48 56 11 56 78 84 29 0 0 46 59 64 51 21 48 102 101 78 48 22 55 101
5 1 21 20 50 33 8 12 84 98 31 37 44 46 54 45 50 13 7 19 7 0 7 12 16 13 30 5 4 19 6 34 7 21 11 46 19 12 30 12 22 15 4 47 84 239 237 249 229 255 255 250 233 255 243 235 183 154 116 231 72 150 102 255 242 255 111 57 71 92 78 49 88 128 120 87 53 51 30 32 9 50 2 52 33 34 42 38 27 57 34 13 28 51 59 36 19 6 39 68
36 51 84 55 83 86 42 29 55 104 48 17 43 64 31 23 25 7 4 9 4 3 6 2 11 0 15 0 5 23 0 19 0 17 6 41 8 2 28 15 0 14 22 9 5 77 80 78 248 189 182 255 255 255 244 156 25 61 135 123 74 144 168 245 255 192 105 61 47 100 54 62 105 122 95 49 73 140 137 38 9 86 10 82 28 0 18 1 14 24 14 27 12 7 37 9 12 24 46 27
50 7 42 73 65 61 25 12 28 23 17 15 16 16 14 11 12 3 0 3 10 11 7 5 1 1 0 13 4 14 2 8 2 8 9 5 0 20 4 7 0 39 5 8 59 54 60 81 4 39 148 188 157 239 249 252 248 158 151 194 254 151 84 245 238 255 203 30 30 59 64 47 81 79 51 8 70 106 120 109 74 74 52 46 34 17 36 49 47 32 20 26 12 11 41 43 37 44 25 44
57 8 20 23 24 49 44 47 24 20 15 13 13 13 12 10 7 4 3 6 7 5 6 9 3 4 0 14 3 9 0 5 10 10 10 12 3 23 6 10 19 21 0 34 59 70 58 74 155 183 161 186 253 255 232 225 239 214 3 164 221 205 226 255 255 216 227 61 44 65 37 69 42 35 0 34 27 38 30 12 105 153 86 21 21 15 6 0 0 24 34 48 40 12 14 24 9 26 24 56
91 50 51 33 36 55 44 42 13 14 15 17 16 14 11 9 3 5 8 9 4 0 4 13 5 8 6 14 3 5 0 8 11 5 6 14 5 18 1 14 7 12 10 29 0 21 31 75 156 247 201 255 110 238 242 255 250 227 74 60 109 123 117 254 242 255 247 127 44 54 45 0 0 34 19 76 29 46 61 31 100 146 80 42 82 66 41 64 45 16 14 31 11 15 46 28 11 20 16 55
75 46 58 45 65 64 32 24 5 10 17 21 21 17 11 8 3 5 8 9 3 0 3 12 8 12 12 12 4 6 10 19 11 4 7 18 4 13 3 27 0 0 8 18 11 55 15 4 100 127 125 248 255 126 246 243 255 255 132 150 231 138 205 253 248 235 182 130 14 46 48 43 2 21 15 31 10 23 37 15 58 95 62 4 59 86 17 8 30 35 3 1 18 16 35 64 32 23 5 44
69 42 50 33 71 59 22 21 15 14 14 13 12 11 9 7 7 4 4 6 5 2 3 7 9 13 16 9 7 9 22 31 14 11 18 28 9 16 14 48 17 28 28 1 16 46 35 58 129 149 65 255 224 22 255 244 232 253 135 255 203 54 247 244 255 234 103 92 33 44 90 15 45 5 0 17 59 82 45 62 22 1 54 44 70 82 10 58 104 55 41 61 51 59 79 42 22 21 12 55
63 54 63 32 79 63 24 25 30 21 8 1 1 5 7 8 10 3 1 4 6 5 3 4 8 11 18 5 10 9 25 30 11 13 23 32 11 19 17 50 21 16 13 19 52 40 18 40 132 191 122 98 82 36 255 251 251 255 247 138 146 234 255 251 249 252 255 97 20 40 37 21 71 44 12 34 58 108 28 50 35 18 81 32 46 111 27 9 9 8 0 26 72 67 47 32 0 21 33 77
22 52 79 31 85 77 40 33 29 18 7 3 8 13 13 10 9 4 1 4 6 3 2 4 6 9 19 3 12 5 18 14 2 7 18 26 9 18 8 31 11 16 16 40 18 4 28 67 71 81 174 74 54 76 251 246 255 230 255 77 240 255 132 214 248 255 229 108 50 35 46 59 25 32 27 27 33 92 64 65 32 36 112 87 43 36 24 100 130 88 53 39 14 33 93 108 12 29 27 57
39 92 119 42 85 81 43 29 17 11 9 15 26 29 21 11 7 4 3 5 4 1 2 5 4 7 20 3 12 0 8 0 0 4 14 23 10 21 2 13 20 10 0 70 56 80 80 45 129 159 140 24 113 75 220 255 190 250 251 62 255 241 122 157 106 255 254 136 3 19 43 97 48 12 18 13 27 32 66 52 72 39 39 49 65 53 38 84 91 48 6 30 68 78 69 36 46 37 0 7
60 176 203 28 72 73 28 29 24 0 7 11 23 31 10 19 7 0 1 11 12 5 6 13 2 9 6 0 0 6 12 8 2 0 3 9 12 6 8 17 13 1 27 53 99 85 20 51 200 243 221 63 77 139 238 254 64 165 76 142 159 255 243 250 255 41 196 82 10 7 29 116 102 45 44 42 39 8 13 37 111 96 24 25 64 48 46 59 53 33 6 29 27 21 75 74 25 11 23 3
47 144 147 1 41 55 30 27 14 15 19 6 7 20 16 15 5 0 0 6 8 4 7 15 12 1 0 5 7 0 2 10 7 24 13 17 11 17 7 22 27 41 12 56 65 55 76 163 162 255 227 255 35 249 251 255 191 101 92 97 55 243 247 232 189 92 50 14 28 12 62 75 122 65 65 52 51 24 10 24 134 98 37 26 83 96 48 28 3 22 12 46 15 14 34 18 62 89 20 29
28 69 62 20 51 25 6 23 10 22 18 16 10 7 17 13 13 6 4 9 10 7 10 18 15 4 1 10 12 4 1 7 13 2 0 21 48 38 29 41 90 67 33 35 32 96 180 254 100 249 253 169 113 250 246 238 35 126 199 102 168 47 104 148 20 44 15 5 22 30 40 79 121 49 37 12 41 51 28 33 69 76 76 41 54 72 35 37 12 24 6 61 34 46 34 5 46 83 7 2
56 45 3 15 31 0 4 35 5 19 25 61 61 34 49 54 18 14 12 15 14 9 9 12 9 16 15 5 4 12 11 3 9 21 31 0 56 121 133 41 20 64 46 29 48 58 156 255 178 223 255 218 96 252 252 124 66 97 79 62 10 79 126 126 1 5 23 9 18 60 6 57 83 34 35 1 31 48 15 15 69 66 56 27 37 65 55 51 10 7 1 64 59 74 69 50 25 23 30 0
45 49 4 9 14 7 14 7 25 61 83 109 83 34 39 41 10 10 12 15 14 8 5 4 5 15 15 3 0 9 13 9 14 16 25 6 36 118 125 24 75 62 52 61 31 152 255 141 247 246 255 247 134 69 38 25 4 56 59 13 32 127 146 44 13 29 13 42 76 61 12 36 48 34 43 0 17 36 31 51 66 45 8 8 25 55 89 81 19 34 55 72 56 58 68 51 24 0 42 32
8 21 4 20 27 10 7 0 50 113 146 125 70 30 22 12 2 5 11 16 17 14 10 7 9 2 2 9 9 3 8 21 11 9 13 68 35 56 30 19 39 95 254 226 83 205 199 99 246 250 181 203 105 90 56 47 88 86 51 14 55 133 159 80 0 52 32 59 98 44 0 53 37 40 37 10 45 57 55 58 89 86 69 69 34 17 57 50 32 49 65 41 25 42 55 23 17 2 17 78
40 29 10 9 16 0 8 32 37 87 123 91 57 55 44 36 0 5 10 14 16 16 14 11 11 0 0 12 20 17 18 24 24 108 100 68 59 100 92 105 103 50 252 252 139 182 187 222 255 155 7 82 67 19 16 19 54 5 50 4 32 86 88 118 49 66 45 35 35 33 0 42 40 70 67 61 91 61 33 0 17 10 33 52 33 33 47 26 8 9 18 26 18 51 52 32 21 20 29 72
68 78 65 18 18 9 13 20 22 26 47 26 21 34 14 13 0 3 7 8 9 10 9 6 7 8 6 8 25 41 35 18 88 187 156 30 99 146 206 255 247 165 92 26 130 88 103 67 132 205 102 52 37 7 72 75 21 17 20 6 32 43 141 89 22 54 59 74 0 15 30 26 52 102 86 64 67 27 43 41 42 22 62 58 31 55 61 52 24 21 43 96 56 55 30 45 27 18 66 23
31 51 58 21 10 0 12 0 52 98 82 55 26 20 0 18 6 17 4 0 23 9 23 21 35 2 6 26 26 58 85 35 99 148 75 116 129 189 255 255 254 135 31 19 86 65 0 71 177 212 129 52 0 48 3 56 48 75 11 30 66 72 72 75 36 39 75 91 33 0 24 26 10 114 81 33 35 47 33 69 17 14 2 46 5 36 12 37 42 59 32 65 42 9 7 19 42 60 123 96
18 26 67 83 50 11 16 10 40 98 90 46 25 25 4 0 24 0 24 10 0 9 28 4 17 33 69 13 17 65 114 44 92 79 28 72 20 81 244 242 87 35 8 21 61 77 50 108 125 150 139 41 75 66 32 64 87 122 49 28 74 41 6 48 39 56 103 85 36 29 39 61 36 77 48 15 55 109 95 84 20 36 38 9 39 65 76 11 69 81 40 46 38 46 50 41 52 57 106 92
85 55 62 75 31 18 34 47 25 47 56 47 51 26 15 27 35 0 42 40 29 26 19 3 11 42 34 44 49 70 113 32 47 77 37 52 58 9 0 38 49 29 22 25 37 93 93 123 96 72 128 84 61 42 14 19 47 15 36 60 38 67 87 23 20 47 88 37 14 47 56 105 49 34 27 2 58 123 97 47 47 42 12 51 58 80 66 29 96 92 37 13 29 74 63 13 0 0 25 19
84 68 50 53 46 82 79 82 78 60 64 66 74 20 10 28 25 16 34 45 62 19 1 23 37 29 32 64 87 80 76 23 66 0 52 83 47 50 47 38 36 46 39 29 20 58 37 44 64 18 88 95 71 73 41 51 27 65 10 35 72 59 9 4 26 38 44 7 25 61 47 65 71 55 73 22 41 75 70 70 33 41 76 64 48 15 40 51 47 71 63 21 13 57 56 19 26 41 72 81
47 57 36 23 43 87 61 73 36 24 28 21 37 14 18 22 34 68 66 70 67 15 44 58 33 21 68 10 29 46 26 16 29 32 66 75 56 24 14 37 47 78 65 46 45 59 45 76 18 24 54 14 90 83 32 57 44 76 26 91 53 20 9 21 15 22 17 34 76 87 57 24 10 32 86 45 35 16 7 53 56 81 100 47 49 100 83 31 25 66 111 56 6 18 26 27 6 33 55 78
56 60 51 19 16 27 11 55 54 30 32 43 42 16 27 53 52 103 120 114 65 33 102 59 61 105 44 53 20 57 73 82 53 92 66 91 49 8 58 51 54 61 35 22 57 63 67 103 57 117 104 40 47 61 11 27 22 129 110 119 45 18 7 21 2 25 49 73 62 51 60 39 12 21 56 53 60 36 0 17 8 48 65 79 31 81 81 107 71 43 74 40 31 46 20 0 51 60 32 34
38 37 88 68 35 21 18 49 21 0 19 67 52 27 53 117 69 88 94 85 56 41 87 33 53 101 0 84 57 62 77 89 45 61 45 95 48 39 77 45 42 26 27 31 72 54 57 49 81 128 98 72 1 24 10 25 0 98 128 81 45 52 25 23 42 50 101 83 6 2 37 36 61 40 33 37 25 37 30 14 32 5 35 85 113 37 121 169 79 6 33 20 54 90 54 22 79 88 32 16
24 8 91 68 15 10 27 25 22 36 59 86 45 40 65 114 112 80 33 20 58 50 53 46 29 17 64 49 101 66 29 49 20 15 25 50 25 64 51 80 30 2 26 17 27 0 38 21 115 116 73 48 70 27 40 74 68 23 83 43 28 42 21 9 65 34 100 75 1 33 53 33 65 82 113 122 44 50 73 45 0 18 9 65 68 2 113 132 67 31 96 58 41 57 55 73 52 93 60 57
16 37 47 82 16 12 10 5 23 85 62 31 46 57 132 147 130 76 52 63 48 45 10 38 84 64 42 107 112 58 18 44 20 34 86 36 36 84 100 87 24 9 0 56 35 40 16 19 54 54 38 18 70 62 55 83 66 39 42 42 40 23 0 26 18 57 128 71 32 68 39 5 38 71 126 85 30 73 38 31 23 55 40 34 28 48 96 91 51 55 87 129 45 29 88 106 64 43 36 40
98 81 40 23 0 17 45 42 35 64 126 28 24 24 105 110 87 48 31 68 77 65 15 13 96 97 44 25 24 21 39 79 52 12 70 27 30 50 110 122 101 72 77 56 34 66 57 18 23 17 43 28 3 30 27 11 40 58 46 70 28 46 8 32 12 74 142 108 20 37 38 55 44 18 67 39 36 56 9 17 52 0 6 0 31 109 113 92 52 4 74 91 49 40 54 100 64 34 19 22
81 74 31 1 20 58 114 130 81 37 82 26 40 37 76 17 22 25 22 59 60 34 13 17 25 44 8 0 54 60 39 15 34 17 35 13 62 91 87 79 106 73 29 8 77 82 84 49 56 38 42 39 0 28 14 0 44 46 53 79 59 23 31 60 58 48 64 109 57 84 69 40 33 17 73 29 30 27 13 63 43 13 98 67 29 39 39 11 38 19 55 72 47 0 45 83 33 32 51 69
30 54 23 6 16 36 75 112 39 19 6 59 45 33 60 19 4 29 18 35 31 6 20 40 48 68 45 33 83 56 33 18 102 116 24 6 80 138 76 122 140 49 46 19 64 105 103 50 125 102 15 21 60 43 19 51 17 15 30 49 53 11 58 78 110 87 25 71 92 89 59 60 13 56 101 63 49 32 15 35 20 41 73 53 29 26 129 108 37 27 4 29 49 21 32 0 9 20 52 75
69 82 29 40 40 48 45 80 34 47 0 57 33 22 22 24 30 42 15 28 59 44 43 36 78 81 46 19 48 22 26 36 94 109 24 29 65 82 44 145 144 37 47 25 67 68 0 92 193 182 38 26 98 26 13 40 0 36 20 26 0 26 46 24 16 75 34 79 159 83 4 29 90 112 62 34 25 36 34 23 1 55 59 61 73 41 116 66 10 34 58 33 37 88 45 20 42 21 19 31
72 59 0 43 73 94 57 62 84 73 31 4 30 42 1 1 30 43 30 40 93 80 49 22 31 56 51 48 64 50 44 30 30 18 6 4 20 55 121 187 128 33 8 71 64 33 34 85 120 151 65 39 74 22 49 36 19 33 40 27 19 36 49 5 38 41 41 77 96 63 49 23 29 62 40 50 16 2 2 5 25 40 53 40 53 36 51 32 28 58 36 11 40 139 114 45 64 44 43 54
73 57 10 52 94 108 71 49 53 61 51 0 28 34 32 40 11 33 42 28 77 68 32 21 0 33 50 58 31 18 22 15 13 12 45 45 23 26 53 21 52 78 0 27 60 38 45 22 73 140 117 57 21 6 24 7 28 0 49 32 66 53 74 37 99 58 101 124 31 54 92 14 24 45 82 70 21 14 48 107 94 30 49 59 66 61 26 12 54 121 96 64 58 110 156 92 5 2 16 31
45 43 18 24 51 52 45 24 44 65 32 24 36 14 49 38 16 27 31 0 42 48 18 24 46 28 11 49 41 47 41 22 15 25 47 97 69 58 49 46 77 16 39 78 96 59 14 73 33 128 141 79 35 63 63 95 47 32 57 40 31 63 45 4 110 73 59 63 6 81 97 39 34 13 77 39 24 47 68 116 115 33 61 99 61 36 22 20 46 77 121 59 43 71 65 17 59 38 31 38
73 44 17 18 10 17 60 77 62 74 56 0 40 27 37 33 38 78 72 27 22 28 21 39 51 29 10 37 20 37 0 44 22 43 100 119 96 63 35 73 63 25 128 143 124 34 55 180 130 49 100 51 34 56 81 76 17 50 36 58 22 14 3 23 93 56 44 88 107 102 151 65 5 17 42 17 78 72 73 79 85 33 88 102 65 26 29 42 99 124 80 102 60 40 115 142 98 8 18 47
120 53 24 41 37 64 114 102 121 91 33 0 19 28 54 36 33 80 77 37 41 54 46 52 36 37 36 45 42 25 60 49 97 69 73 69 42 26 20 24 22 27 106 115 100 1 78 157 191 68 21 48 72 51 81 53 29 55 20 32 14 20 6 20 33 18 60 162 144 91 76 60 15 25 28 21 53 60 33 38 46 52 40 1 9 24 36 0 96 73 83 173 109 33 95 164 115 61 30 19
107 44 23 31 24 83 134 75 96 73 20 43 26 29 59 41 7 44 35 24 65 90 67 45 74 56 69 15 30 43 64 86 140 78 54 67 50 24 25 0 26 25 16 93 56 49 11 0 61 54 55 86 57 7 49 52 37 54 1 14 19 35 10 16 1 23 39 96 45 35 8 44 0 21 26 42 34 50 14 36 18 84 84 57 54 16 29 24 59 29 44 111 68 32 61 98 124 41 30 55
62 44 32 32 63 164 200 101 89 90 15 49 15 15 35 25 3 34 21 25 67 75 50 27 50 68 83 71 83 66 16 44 63 108 130 102 44 5 52 59 52 28 66 53 18 36 45 64 15 78 141 142 91 55 44 50 25 52 15 39 36 33 5 24 24 49 9 46 45 75 31 17 11 26 22 38 26 47 18 42 57 74 44 20 71 82 61 0 34 75 41 20 41 53 30 74 58 0 11 43
42 45 24 23 83 181 199 110 58 106 18 25 23 45 34 0 26 61 43 33 34 9 6 16 27 86 100 186 164 62 60 18 32 145 169 82 33 28 92 94 68 10 41 24 18 26 35 3 42 99 137 112 56 25 23 41 59 71 30 49 27 16 8 49 0 45 29 83 69 38 54 75 69 33 8 9 27 40 13 9 33 7 69 102 87 34 24 41 22 10 67 91 18 21 40 45 45 62 29 0
27 32 15 12 32 78 117 103 12 102 49 13 28 63 53 1 59 82 41 30 36 17 28 39 49 52 131 195 138 51 103 51 37 73 78 23 25 23 59 48 25 15 17 47 3 8 75 41 67 98 62 34 38 52 90 50 71 64 33 84 77 59 7 0 54 47 5 55 63 31 72 67 42 10 16 16 39 29 11 2 46 44 126 103 46 39 51 37 34 34 19 29 21 10 23 113 81 61 21 17
38 30 35 37 10 35 116 145 49 85 62 8 10 19 52 44 74 85 24 24 71 81 81 54 50 31 131 125 68 58 49 38 53 36 90 67 40 19 65 70 14 19 85 78 46 0 74 6 6 47 60 14 10 32 99 86 113 74 14 41 35 66 51 25 63 63 62 90 63 55 93 68 0 0 36 42 40 26 34 53 37 21 92 121 92 58 59 30 25 41 24 60 99 101 63 66 54 18 11 54
79 39 40 44 5 42 128 127 59 18 34 31 46 10 50 62 43 66 6 4 58 78 67 14 78 115 102 74 38 70 21 36 53 30 114 68 15 32 88 49 41 33 91 83 8 31 87 65 50 0 42 15 35 38 37 56 54 63 48 64 22 55 68 50 29 13 51 100 62 76 92 70 33 21 40 40 25 31 59 101 48 28 41 86 126 136 161 107 28 27 2 49 98 123 81 23 47 111 91 55
60 28 75 84 40 28 89 51 62 0 38 37 95 46 61 81 42 58 39 50 47 107 76 28 62 72 86 76 39 65 43 24 17 91 52 25 23 23 45 0 27 43 75 21 52 69 60 2 0 27 45 17 55 33 22 82 114 64 58 3 52 54 89 41 65 50 48 40 29 62 41 38 20 25 74 65 28 42 66 97 48 75 100 116 102 85 88 76 33 43 32 65 65 97 46 13 43 101 142 102
49 27 77 52 9 29 49 41 62 18 23 24 33 38 52 111 119 78 62 43 55 149 110 71 22 41 53 39 15 46 30 21 31 72 45 34 32 32 48 7 8 41 55 53 73 73 127 42 83 56 19 33 60 81 54 100 108 106 114 36 78 62 72 14 23 19 15 13 17 55 42 50 5 21 70 34 10 39 110 73 43 47 79 64 47 34 9 46 55 29 38 70 47 45 8 13 27 105 182 124
24 43 83 26 32 123 56 5 45 48 55 26 6 47 52 106 86 40 60 4 47 196 133 42 47 96 43 49 45 50 93 64 32 24 26 55 49 27 26 4 8 29 32 36 23 17 109 42 111 77 24 76 63 119 63 62 141 162 116 116 108 100 23 5 20 38 30 16 9 39 47 87 36 13 19 24 9 55 144 94 39 51 70 86 112 85 39 68 28 41 77 33 16 95 70 5 61 69 113 34
41 38 39 14 9 56 3 57 59 67 62 3 31 83 47 14 73 0 45 37 54 121 70 30 89 84 56 11 25 66 55 63 53 1 12 55 37 11 22 28 17 23 44 26 4 0 49 32 60 109 118 133 16 47 16 8 81 131 69 99 77 93 3 27 27 52 33 21 18 29 21 53 81 50 19 54 15 78 123 117 42 74 38 91 154 105 62 36 66 70 148 94 31 76 84 71 3 22 133 114
66 105 72 49 26 48 11 60 102 133 107 30 18 52 42 38 85 53 103 92 40 52 88 120 91 92 42 26 56 63 61 33 33 8 36 68 43 31 40 20 13 39 61 70 87 66 56 45 39 84 112 122 44 72 70 39 20 101 82 13 10 13 0 16 30 37 6 26 59 68 26 13 3 20 24 34 3 55 45 59 17 45 8 39 99 88 77 66 101 38 98 83 23 36 45 63 41 39 114 92
125 90 2 30 20 3 16 107 203 181 57 25 23 70 60 68 114 72 37 31 36 99 119 71 49 14 50 30 69 96 37 35 3 21 43 56 42 59 68 2 20 56 38 77 123 89 68 35 30 79 124 108 34 4 37 39 94 142 119 51 27 19 22 46 36 35 1 31 69 93 80 71 15 16 58 58 76 59 20 25 58 49 63 22 18 38 21 61 123 57 68 52 32 97 90 50 19 17 36 22
54 79 32 26 4 19 40 68 134 151 36 18 13 30 54 67 65 29 2 33 12 23 27 29 30 24 35 59 85 67 75 49 28 33 10 24 37 70 102 36 42 45 26 38 58 51 36 20 61 84 100 94 97 65 73 46 70 71 49 60 24 24 16 48 40 41 8 24 29 60 96 115 87 60 85 85 95 55 59 62 50 6 55 21 0 28 12 53 105 93 108 95 29 70 83 75 84 97 69 60
76 72 27 13 12 44 35 11 22 101 50 20 43 16 59 29 41 27 13 48 39 70 38 26 58 40 46 55 56 29 59 49 34 25 0 65 101 98 112 45 56 21 56 24 3 35 12 40 63 83 66 53 103 97 84 26 26 25 56 49 35 16 39 39 55 53 20 31 17 38 79 93 79 100 106 95 56 90 185 201 93 20 42 49 32 52 51 46 74 127 154 131 39 85 105 91 115 94 15 42
45 2 58 21 3 44 15 51 76 87 67 38 24 13 20 49 45 0 10 34 66 87 91 34 22 23 29 27 24 40 61 65 58 55 71 18 95 99 111 46 80 34 19 38 40 71 55 43 73 88 35 7 23 85 70 50 35 0 43 60 34 38 42 55 43 39 19 13 30 84 123 93 74 77 60 0 7 123 199 203 80 50 26 28 42 52 58 65 66 89 93 86 67 64 43 74 90 45 84 89
83 29 26 22 34 57 25 0 59 86 84 58 36 21 33 71 79 10 5 38 99 144 149 83 53 40 28 22 31 54 61 43 26 22 43 21 22 38 82 74 23 26 31 26 20 72 67 47 57 71 43 18 15 26 20 28 24 33 103 106 52 24 11 31 60 78 83 73 53 66 96 78 30 41 60 50 61 102 117 121 48 11 3 34 51 46 67 106 120 65 42 81 79 58 81 197 174 102 102 75
48 24 0 31 54 59 61 8 3 38 50 40 32 22 34 68 66 47 74 71 62 78 125 113 56 48 40 37 56 88 86 53 53 35 52 85 28 17 7 0 35 51 53 27 2 38 20 0 15 19 26 25 36 8 14 45 34 35 67 51 30 34 32 62 36 63 87 88 49 34 56 49 68 71 72 61 74 87 86 112 70 42 33 46 39 18 35 75 59 62 37 16 21 68 94 149 133 60 64 45
26 25 2 39 47 37 59 11 24 42 40 35 39 27 16 28 65 65 99 74 27 21 68 66 31 48 62 63 78 110 110 75 36 5 0 60 35 40 14 19 7 2 6 19 22 49 28 22 21 2 16 27 64 11 9 30 36 29 33 13 28 45 21 32 12 21 41 58 32 13 33 30 42 99 131 127 145 131 72 56 29 40 43 35 33 48 74 91 28 55 45 23 22 60 54 74 54 1 37 46
