101 28 81 123 69 11 59 78 59 50 43 35 30 37 35 18 52 5 10 67 77 56 50 30 5 15 10 33 42 77 80 82 35 38 24 17 35 31 21 75 90 75 24 26 65 86 107 118 63 59 49 60 35 21 2 10 12 20 0 12 29 48 0 73 64 20 32 40 74 89 18 14 16 20 0 40 92 37 12 79 51 7 74 42 24 32 25 49 38 38 28 14 44 43 1 25 17 61 2 13
66 87 67 36 22 17 23 57 76 58 40 27 23 33 31 12 36 21 35 29 49 37 32 10 17 62 100 93 54 35 9 5 26 11 11 26 44 24 0 25 57 46 1 63 70 89 43 55 51 75 89 34 24 17 39 27 19 27 28 34 43 46 11 24 65 43 25 15 35 48 26 21 34 26 52 60 55 49 43 72 91 4 5 12 46 65 66 60 51 58 29 26 77 105 54 37 24 42 0 51
19 95 62 21 18 27 0 31 81 78 70 45 19 23 38 40 36 39 58 10 44 34 22 28 24 42 86 75 73 69 43 34 47 38 54 48 38 24 10 11 57 33 14 22 44 51 27 28 56 56 21 23 10 49 36 29 64 37 15 19 30 33 55 51 89 69 23 10 22 14 23 18 15 0 54 62 45 40 12 34 81 46 59 80 70 44 69 86 24 66 41 54 91 115 60 13 13 10 6 45
64 44 10 18 27 37 24 28 22 45 68 59 27 12 11 4 10 5 18 0 43 39 15 70 79 31 29 5 34 42 24 19 18 19 51 26 21 53 62 21 65 31 33 12 32 22 33 53 0 33 26 76 31 57 12 18 85 54 13 51 54 20 29 24 19 31 42 54 59 17 11 9 26 3 29 66 95 64 18 70 136 49 0 4 36 58 73 73 0 56 45 64 61 59 30 6 16 7 62 33
53 19 27 28 14 1 30 37 46 43 44 38 30 32 29 11 46 33 22 27 56 65 18 83 101 52 46 21 25 8 10 34 39 14 43 26 47 96 100 21 16 0 5 50 34 25 8 37 15 52 57 27 0 17 27 24 86 78 2 48 49 22 14 25 12 32 59 21 14 0 16 39 43 30 4 15 44 31 23 52 58 34 44 45 55 81 64 68 4 39 23 41 33 21 22 28 22 8 86 60
13 44 69 28 11 0 16 28 55 39 22 7 3 21 34 27 39 37 16 27 31 59 13 43 33 20 25 29 19 0 21 58 67 13 33 14 24 51 74 24 0 4 9 26 39 43 55 26 39 78 84 73 42 51 29 10 39 73 20 62 62 55 23 11 6 39 71 20 39 47 33 0 3 28 21 4 8 58 100 72 58 62 70 39 22 55 40 54 30 27 13 22 43 36 26 10 43 21 75 115
51 50 31 14 31 37 28 19 33 38 48 48 41 44 42 26 11 17 17 37 32 61 51 47 40 44 18 38 26 9 30 36 77 31 58 26 23 41 96 86 40 40 34 14 57 51 125 78 22 58 43 45 9 48 29 22 73 72 24 28 16 32 39 27 22 40 38 7 57 66 72 19 24 58 69 35 26 51 48 27 80 101 78 47 20 43 44 50 37 40 54 28 66 73 47 0 21 0 22 65
31 13 30 83 60 41 25 31 36 24 19 23 34 50 45 20 16 11 24 41 20 14 27 8 11 32 0 24 20 19 34 10 73 43 74 29 27 47 92 67 49 29 0 61 60 25 98 113 36 49 32 0 58 128 111 7 52 17 10 22 10 16 47 31 28 52 40 33 59 8 40 5 23 44 56 45 83 64 2 59 32 54 6 23 35 55 53 21 39 68 110 41 73 100 88 30 40 28 36 18
23 8 77 142 109 59 37 8 21 18 38 2 10 0 27 14 33 81 61 23 46 47 30 52 23 31 56 28 0 22 47 25 74 63 24 22 18 15 62 78 77 39 42 36 47 54 32 72 70 9 29 39 44 97 89 32 43 25 31 23 6 43 17 27 15 19 36 94 90 33 30 38 43 18 52 64 103 72 34 55 17 47 43 19 11 24 27 1 37 58 104 25 51 78 69 29 30 45 54 51
29 45 107 143 98 46 33 31 53 28 27 28 38 33 37 24 42 76 86 45 86 59 77 21 33 63 81 38 12 13 21 10 44 34 62 37 30 52 77 110 131 56 55 40 57 98 21 77 63 42 60 79 44 24 33 20 17 42 35 30 13 30 19 10 20 8 19 56 55 32 30 24 18 21 45 33 78 110 111 105 25 37 39 41 42 40 33 18 5 34 28 36 73 102 88 51 68 47 34 41
30 34 43 61 68 50 29 23 58 34 24 35 23 16 10 10 13 40 61 95 57 9 41 19 40 64 60 14 20 9 18 19 13 24 85 58 47 55 64 63 47 26 25 107 102 52 11 94 60 43 37 102 115 61 43 22 30 83 52 38 28 38 57 50 51 55 87 73 28 25 37 38 37 24 24 12 37 72 103 102 27 28 30 33 41 45 34 20 10 45 5 60 105 87 78 44 50 61 78 89
30 43 25 12 26 23 16 34 17 29 48 41 22 20 41 51 51 31 30 97 61 29 26 30 43 28 13 0 21 4 15 6 8 37 57 42 31 15 47 0 4 47 18 61 71 37 27 30 32 24 4 29 43 13 14 36 13 62 29 7 8 11 32 38 65 91 150 111 45 64 90 94 25 8 10 6 0 6 28 25 21 23 22 5 14 42 39 28 27 61 34 59 102 29 32 14 5 62 105 99
67 82 62 37 33 16 5 25 30 52 85 48 44 32 48 22 73 48 65 51 77 59 43 48 66 25 21 47 50 19 31 5 33 53 45 20 12 18 68 43 21 50 75 34 38 28 19 41 31 42 48 29 32 38 32 58 16 47 44 28 37 23 9 16 31 39 82 50 12 50 58 34 13 25 48 41 22 43 48 34 31 21 25 10 14 37 38 51 17 42 26 24 49 2 1 17 11 38 48 33
51 58 63 60 43 15 4 12 2 3 38 31 78 74 70 13 44 37 46 30 45 52 12 58 62 29 25 70 50 34 63 46 25 35 51 16 2 37 51 86 90 40 26 23 74 48 46 35 6 8 39 34 54 85 44 13 9 24 33 22 37 20 2 0 26 23 40 24 9 34 31 0 22 7 24 21 10 42 45 79 58 20 35 45 39 24 14 59 22 31 0 4 3 27 11 50 36 25 17 21
9 15 58 73 24 0 28 62 44 9 22 49 86 61 36 0 45 27 0 24 33 75 16 44 31 30 0 36 20 35 62 57 1 25 32 23 6 25 1 50 83 99 72 28 14 10 65 29 19 8 30 33 22 48 58 27 32 46 32 19 30 14 34 5 1 16 30 41 35 32 32 8 58 14 25 21 21 56 36 107 59 10 36 62 56 24 3 58 52 43 0 12 1 33 25 56 39 33 36 45
66 19 39 70 40 35 77 94 69 17 17 68 67 21 0 9 21 37 25 7 22 59 66 46 39 68 8 36 34 58 52 36 32 72 22 53 42 30 10 36 54 69 130 83 16 21 18 29 44 18 29 67 50 65 113 75 57 83 46 30 29 6 51 0 27 49 56 84 80 46 34 6 36 26 56 32 43 102 41 77 33 0 30 54 59 44 22 69 67 49 19 19 15 5 22 32 40 40 33 23
57 50 58 83 42 21 10 9 10 21 51 50 28 21 23 29 20 32 64 40 28 47 78 48 49 54 40 37 28 17 26 23 28 58 52 62 45 13 21 29 72 66 109 123 40 26 25 29 53 2 14 21 30 0 62 75 39 49 72 100 60 35 60 2 34 28 56 61 89 56 20 37 62 67 95 58 138 150 47 38 28 19 54 68 59 44 27 52 42 13 5 18 25 35 55 68 51 49 20 18
14 15 54 46 18 58 57 86 87 58 37 30 47 75 68 39 44 35 87 80 78 13 66 59 18 4 28 25 24 56 32 59 23 36 33 43 45 26 16 12 63 62 85 90 49 0 50 46 44 25 41 58 51 31 67 63 48 44 56 58 27 75 61 6 64 56 50 30 66 46 22 55 0 12 23 59 125 115 22 0 22 33 73 57 25 43 73 100 54 7 0 10 15 35 69 85 91 72 24 9
48 19 5 11 22 70 56 46 50 29 14 28 73 113 96 41 83 34 48 57 74 9 50 46 38 15 29 23 16 40 4 26 13 0 12 38 61 42 21 36 52 68 34 40 43 13 73 29 0 3 3 29 25 63 95 89 42 52 86 63 26 116 63 24 50 72 76 45 63 32 12 43 29 62 38 73 77 67 50 50 19 24 60 57 30 43 67 81 53 16 30 51 25 18 42 47 58 59 40 47
36 44 0 28 16 8 54 58 63 48 20 9 12 34 51 33 66 43 38 25 11 29 61 86 58 47 33 41 49 34 40 34 36 25 45 33 50 41 12 15 27 47 0 26 32 32 54 25 49 71 39 40 0 41 40 18 16 23 58 37 17 92 39 17 32 55 75 51 48 23 20 24 26 65 40 32 13 30 75 89 49 62 57 30 14 8 0 0 22 5 47 71 27 26 77 97 95 109 88 75
32 66 28 47 15 0 62 92 75 63 35 27 15 24 73 91 78 34 25 11 49 124 95 78 31 12 14 15 46 19 46 41 15 29 50 7 41 74 62 40 30 33 12 54 55 43 40 64 71 111 80 62 6 42 51 48 69 38 27 21 44 78 57 45 38 32 50 35 21 28 66 49 18 18 28 11 25 40 49 38 25 73 44 3 18 20 17 41 4 5 55 69 17 15 55 59 75 110 96 67
45 54 47 31 25 50 24 29 14 10 1 36 50 54 89 88 47 25 65 50 94 106 71 51 51 9 47 25 50 40 34 60 67 41 41 23 61 57 67 75 42 34 41 10 40 48 34 20 38 93 94 72 20 20 41 53 71 41 7 7 32 24 24 31 15 33 78 74 43 40 94 82 44 6 32 19 48 45 24 29 68 89 66 83 105 37 0 35 15 27 63 58 18 20 29 0 14 57 55 35
61 77 93 71 64 89 44 58 75 63 30 49 57 54 78 54 51 26 23 45 96 75 44 8 38 10 40 42 38 42 21 62 71 25 23 42 77 34 92 157 105 77 57 3 44 90 74 25 19 59 85 74 57 15 23 23 35 41 17 22 30 28 14 34 0 49 90 87 65 32 62 61 17 1 18 9 19 24 16 53 53 51 65 142 151 50 3 26 25 45 53 24 15 67 99 73 47 62 35 12
51 60 34 34 26 25 17 41 60 64 32 37 35 32 59 30 42 51 0 41 48 41 54 46 43 51 32 77 41 34 27 54 57 55 53 37 46 9 101 166 118 58 5 14 25 68 64 68 147 119 90 43 51 4 29 31 19 36 12 27 46 90 52 69 34 60 37 20 42 10 12 13 14 43 45 36 21 32 11 33 16 45 77 107 70 18 21 12 34 72 72 20 5 59 87 58 20 31 24 37
33 36 18 38 10 40 31 34 32 9 50 30 3 33 24 13 14 53 41 3 6 19 31 54 55 72 58 76 73 14 13 40 20 67 39 69 79 42 88 115 73 19 12 10 20 86 79 90 169 141 100 49 2 29 44 67 44 6 25 26 53 112 81 41 18 32 11 19 79 82 40 30 37 57 60 21 26 33 8 37 35 24 24 58 23 11 13 24 89 97 75 37 22 29 43 57 29 7 77 47
62 54 20 25 25 64 58 59 58 40 69 80 72 56 29 44 34 48 20 1 35 53 33 21 23 27 65 84 43 30 25 22 2 33 10 45 57 50 65 73 41 20 22 38 42 65 75 88 59 74 65 41 0 42 80 127 100 39 16 2 57 93 53 32 37 11 9 2 39 46 47 14 37 49 36 5 36 51 35 92 87 50 5 42 39 33 34 33 111 97 56 15 5 12 26 43 33 34 93 80
67 98 72 32 31 55 32 2 6 10 34 79 100 63 35 61 56 65 32 10 42 60 43 35 24 12 39 56 41 82 41 13 36 52 53 65 59 70 59 55 33 29 44 30 67 39 72 53 62 59 6 45 47 20 71 71 85 58 46 15 84 102 76 71 60 22 54 28 9 11 61 25 47 51 37 15 51 55 27 81 87 56 5 25 34 27 30 40 53 41 22 17 25 21 14 18 0 15 46 47
79 37 0 15 52 30 17 51 71 77 87 118 119 77 54 52 70 81 45 9 22 29 17 20 54 61 25 27 43 85 20 6 39 51 91 57 29 32 23 29 76 101 107 74 53 39 40 31 48 65 22 81 49 18 24 40 56 61 73 22 67 77 67 41 26 9 50 44 17 35 88 62 48 61 74 43 29 20 0 32 43 39 35 29 43 53 36 57 93 66 35 27 27 12 1 9 32 49 43 46
35 69 69 52 64 59 49 59 58 43 66 109 100 83 95 87 67 69 29 4 33 45 27 21 81 121 76 72 44 45 18 22 38 41 107 41 18 10 17 41 54 108 125 136 17 45 0 58 65 31 96 27 116 45 48 16 58 41 63 29 47 43 47 4 11 10 9 25 22 59 58 38 53 69 114 83 38 47 48 56 30 35 78 45 70 108 61 76 109 78 42 28 24 11 17 44 50 54 35 35
80 101 82 52 31 33 43 73 55 13 41 80 57 41 57 64 78 79 38 9 31 43 35 42 66 95 88 100 38 33 52 34 58 47 100 42 35 30 37 80 59 60 115 133 53 51 22 73 138 102 22 76 147 129 80 10 36 12 58 75 63 20 32 24 29 57 24 25 19 43 10 15 25 22 69 73 78 118 98 60 36 46 103 46 50 85 49 63 127 101 64 38 18 0 9 44 64 53 57 54
54 100 73 42 62 152 117 33 21 0 31 43 30 25 19 39 85 110 87 43 27 12 6 27 56 53 49 41 13 32 43 15 30 20 39 19 14 26 23 94 69 17 49 50 37 38 51 40 164 169 80 89 146 116 131 68 9 9 52 94 72 4 6 40 19 73 57 39 24 29 10 36 32 26 52 69 118 150 98 62 43 43 73 25 14 24 27 29 86 72 48 31 23 23 54 101 58 35 78 68
31 78 59 37 24 104 72 0 13 32 70 49 54 71 41 60 53 107 121 101 86 56 34 46 103 95 59 0 6 32 8 10 2 4 3 19 4 34 27 125 64 41 7 49 14 119 157 132 178 199 232 33 87 124 127 86 8 18 27 69 81 38 32 78 21 69 67 36 28 16 2 14 11 31 39 23 54 55 10 35 57 30 16 4 16 15 40 10 12 27 39 46 40 23 27 52 37 4 73 56
37 52 62 57 0 10 27 26 38 20 18 52 66 107 36 46 42 113 122 116 88 29 16 22 70 63 38 30 18 4 12 11 0 5 14 12 3 7 36 67 7 23 54 90 135 191 165 209 124 248 248 251 160 159 62 92 100 70 5 114 121 28 28 41 21 24 42 43 21 40 11 18 34 37 26 18 33 32 12 43 46 57 66 20 13 34 62 30 11 23 49 47 58 53 21 41 40 53 17 32
54 28 35 12 16 58 80 96 85 61 27 25 64 81 18 19 88 115 94 71 68 48 31 28 55 51 33 31 22 5 6 0 5 9 14 13 8 13 37 62 39 66 158 141 186 168 0 93 45 240 254 255 206 255 176 208 57 33 54 118 66 28 13 15 32 52 22 3 11 31 39 54 95 81 68 55 46 16 4 58 51 70 46 26 37 48 34 34 32 55 45 40 71 99 105 99 91 61 5 28
49 0 27 25 78 84 47 46 49 65 50 26 51 29 10 32 92 72 40 33 79 94 42 8 26 24 9 16 16 5 8 0 6 7 8 8 7 14 31 49 43 57 145 95 37 73 94 76 80 125 216 111 43 255 93 220 144 0 19 33 29 72 74 38 25 69 40 20 25 0 30 70 115 98 90 74 66 35 28 77 18 37 23 37 44 69 32 7 31 54 39 58 70 63 90 95 72 39 1 29
31 20 43 52 76 42 10 41 98 74 27 6 23 19 43 67 33 32 48 43 55 55 19 26 20 13 0 0 6 3 13 8 4 6 7 7 7 15 30 43 7 76 89 96 157 113 103 72 71 36 155 120 179 244 251 225 171 2 17 11 25 28 81 57 14 32 45 54 54 0 27 78 81 70 66 37 41 27 12 21 1 8 46 74 64 113 97 6 42 55 48 54 42 16 18 16 38 40 46 65
19 43 13 37 64 59 46 50 63 41 29 55 50 56 76 83 50 33 44 33 21 10 0 28 33 24 1 5 8 3 13 8 6 12 16 15 14 22 37 49 27 51 224 251 255 216 107 26 0 18 210 248 245 246 247 255 190 60 0 24 47 14 45 4 41 0 23 25 23 8 25 42 57 43 50 25 41 32 26 26 14 8 54 68 73 108 115 33 32 36 41 16 28 66 49 18 15 18 53 76
5 54 2 22 47 61 45 5 23 13 20 35 24 53 82 101 91 43 18 16 21 15 0 2 19 17 3 11 13 5 11 4 6 13 18 16 16 25 37 45 13 66 255 246 222 179 76 49 101 108 161 179 255 217 234 218 217 152 28 67 70 72 62 30 73 38 62 29 12 59 82 71 30 1 20 10 27 5 18 37 28 17 19 13 51 46 52 47 21 6 31 27 39 75 66 65 49 6 35 64
8 59 50 42 20 0 8 21 31 31 34 10 57 78 35 9 55 50 38 34 16 2 10 7 0 1 0 8 11 3 9 4 3 7 8 6 11 21 28 28 21 33 108 149 158 59 13 44 112 136 79 151 236 255 255 255 255 169 62 76 114 152 74 26 23 43 46 11 0 68 114 106 69 30 47 28 42 11 17 21 39 29 8 8 35 27 24 48 48 13 31 62 42 12 22 55 98 34 53 66
35 26 57 80 85 18 5 33 50 81 84 0 68 84 38 26 37 52 37 31 13 6 23 0 0 3 0 6 6 0 6 3 4 4 1 0 9 21 22 15 42 18 21 30 29 0 45 96 149 115 117 151 231 255 251 246 249 152 136 55 54 61 21 51 59 90 37 10 7 70 117 114 69 37 54 26 54 41 33 0 33 23 18 37 22 44 41 31 50 18 7 49 38 10 44 59 48 7 45 48
48 26 47 43 68 18 21 12 25 46 41 30 54 61 38 42 35 50 32 9 13 15 7 10 4 4 4 4 5 5 6 6 12 2 0 5 9 8 13 23 30 42 14 46 53 90 16 80 112 74 112 67 113 255 255 238 231 108 99 140 40 21 31 44 76 28 16 11 1 55 102 86 19 29 41 12 77 94 90 31 22 44 46 51 2 53 68 60 58 24 23 34 54 68 112 90 44 21 9 34
58 31 45 62 81 56 41 46 41 22 48 24 52 80 11 13 54 55 29 5 12 18 13 15 9 8 7 5 4 4 3 3 0 1 4 9 9 5 4 7 1 24 44 43 112 132 39 49 27 54 61 97 150 141 183 238 255 231 92 33 37 90 94 64 22 7 18 18 31 34 74 65 45 56 75 13 82 123 141 48 28 28 44 79 34 19 13 33 7 64 128 120 63 53 93 70 75 54 37 54
48 19 31 55 50 42 22 58 64 24 44 36 72 106 39 21 71 58 25 1 7 14 10 8 9 9 8 8 6 5 4 3 0 6 12 10 7 7 8 7 34 27 88 65 76 96 65 45 36 112 106 210 252 151 255 241 226 255 31 45 61 66 112 84 22 26 23 18 64 32 80 102 92 56 76 26 76 95 133 54 26 25 37 61 44 17 2 14 23 77 138 146 74 67 84 42 85 87 96 124
40 69 89 41 13 51 43 50 20 27 29 31 19 16 29 23 52 37 14 0 5 10 7 3 2 5 8 11 11 9 6 4 5 16 19 8 3 12 23 27 29 49 45 23 16 21 26 68 35 58 64 248 255 254 245 238 255 156 104 124 56 47 26 95 34 56 36 51 120 65 70 98 29 60 119 65 56 90 125 34 25 23 31 52 70 54 37 37 53 67 111 153 84 67 79 57 65 65 87 139
32 35 60 33 11 0 2 27 50 44 26 29 18 8 22 11 13 5 2 6 7 9 11 8 0 3 10 15 15 11 5 0 10 21 22 9 2 12 26 32 36 13 16 40 14 32 100 66 30 225 249 255 226 240 255 247 244 120 255 196 132 60 23 18 49 67 23 53 127 83 39 60 60 62 105 114 48 30 61 72 35 23 41 86 106 73 58 78 103 64 54 88 42 40 64 63 46 27 43 116
48 22 34 60 58 8 10 39 44 5 5 4 26 40 2 0 5 0 5 14 7 3 6 5 2 6 11 14 13 8 1 0 7 16 20 13 6 7 14 19 0 13 10 1 46 38 91 52 128 230 246 240 197 217 255 239 240 250 248 175 49 41 39 28 50 54 13 36 109 96 30 43 53 56 37 32 0 14 16 20 43 48 64 87 72 58 59 81 114 77 42 43 22 30 46 27 5 10 51 129
16 64 46 42 35 59 69 28 29 24 35 35 49 43 13 32 20 2 7 15 1 0 4 4 6 7 8 9 8 5 2 0 6 10 15 17 11 5 8 15 27 10 49 37 35 45 93 63 93 76 120 137 54 244 231 255 255 249 252 65 66 2 18 18 38 40 49 49 116 105 29 23 62 41 10 50 62 54 32 72 53 57 58 68 25 36 40 49 64 86 95 89 76 52 46 16 0 21 61 110
21 67 23 54 26 47 69 58 94 88 31 59 101 68 38 6 25 0 0 8 0 0 13 16 5 5 4 3 4 5 6 7 10 8 11 17 14 8 12 24 31 5 35 51 36 67 53 91 161 92 31 72 122 110 237 243 248 252 124 60 75 63 60 43 73 57 81 33 87 81 31 28 62 72 31 8 17 12 31 105 65 31 29 85 37 23 7 24 83 69 49 51 97 85 68 23 78 64 47 55
13 9 37 44 10 70 70 19 41 75 43 90 86 76 28 3 30 14 7 3 0 0 11 16 18 1 10 6 1 9 10 17 18 13 17 16 7 9 17 15 20 13 3 34 0 22 42 78 116 140 73 65 190 2 255 245 248 255 250 189 104 77 23 41 31 32 23 3 18 12 11 1 0 11 1 0 58 29 47 72 44 0 43 48 18 47 2 14 43 37 9 31 94 121 86 22 53 45 65 26
0 13 34 31 10 42 34 27 60 74 31 73 61 43 13 8 21 22 22 11 0 4 8 2 1 0 8 13 11 18 13 16 21 19 24 20 5 3 11 12 5 9 6 5 20 50 39 0 0 93 144 98 196 19 254 255 252 173 255 154 60 69 47 73 26 13 35 32 49 21 29 51 21 20 6 90 33 13 22 83 66 24 44 64 43 13 2 0 10 44 21 39 46 54 61 43 63 57 65 51
1 35 47 44 44 47 24 53 57 72 19 30 18 24 18 8 0 13 15 2 0 6 7 0 6 0 14 18 14 18 10 11 11 13 22 20 6 5 16 19 26 2 7 0 32 6 22 34 31 42 191 215 70 102 236 246 254 249 235 241 157 37 59 20 57 17 51 41 68 19 0 0 39 67 42 92 103 61 45 51 154 135 91 60 44 24 81 51 9 65 60 74 46 28 54 68 82 73 49 57
44 46 41 35 42 35 18 53 92 88 24 23 9 14 14 0 3 10 4 0 3 9 8 5 21 6 17 15 9 15 12 16 5 6 16 17 7 8 18 18 24 19 19 0 37 22 26 20 185 255 255 252 165 95 236 255 255 234 255 255 229 121 99 30 74 25 49 0 16 0 25 42 12 50 30 10 87 41 46 1 116 119 57 20 19 43 127 102 1 23 40 49 58 48 66 87 84 73 26 47
75 43 41 29 17 13 21 43 92 70 22 46 49 46 54 41 30 22 7 9 22 15 3 10 20 3 13 10 6 14 15 21 13 8 13 15 8 8 10 4 24 32 30 21 26 11 22 54 225 255 250 251 201 90 239 171 247 249 250 255 218 220 21 64 53 8 42 15 54 38 59 53 51 50 35 57 23 10 50 47 18 23 0 22 19 31 60 61 32 0 20 7 57 56 53 66 52 52 21 55
45 22 59 59 36 27 39 37 26 44 31 48 65 94 117 77 27 19 3 11 29 13 0 9 17 3 15 14 7 10 5 8 11 5 9 14 10 11 12 2 26 28 36 60 27 5 37 121 215 221 255 255 112 119 255 241 236 251 232 43 68 87 80 45 73 25 43 37 51 18 59 64 71 55 30 62 30 21 17 32 12 26 19 46 38 46 30 25 53 17 34 20 66 56 36 34 17 35 47 80
20 15 65 67 64 55 51 31 10 48 55 59 52 65 91 50 18 21 4 1 19 9 0 15 20 6 19 17 8 9 0 1 5 2 10 16 12 13 16 9 4 23 31 38 36 65 63 46 56 249 253 242 251 72 214 247 152 103 247 252 131 136 87 27 10 32 76 85 42 0 40 53 60 48 43 35 72 52 8 5 22 44 38 54 65 63 54 32 28 32 13 34 49 40 40 35 24 51 100 109
65 54 71 56 79 80 69 47 30 27 47 92 62 4 34 51 36 49 24 1 11 9 4 25 18 3 16 15 9 15 12 16 11 11 20 22 10 8 10 5 19 7 8 7 2 17 29 15 57 32 116 179 254 88 255 128 119 248 255 255 90 225 61 49 44 55 47 52 31 7 54 12 39 8 54 59 30 26 18 32 31 35 39 87 113 40 30 9 60 85 2 35 10 8 37 37 55 82 147 131
39 26 71 45 63 55 69 41 10 13 82 51 39 0 19 48 64 86 45 16 11 21 8 32 15 7 2 7 15 17 16 16 15 26 29 20 8 3 0 0 17 16 0 30 54 43 54 57 102 167 180 255 206 227 178 245 255 152 191 90 75 101 14 55 62 0 14 36 11 0 37 16 37 1 37 55 19 24 2 25 24 26 58 57 73 40 60 18 41 88 41 14 17 12 22 42 69 66 72 74
12 13 21 12 34 87 58 0 28 46 52 12 4 40 37 35 14 26 38 55 31 28 14 10 8 4 4 5 4 0 0 3 6 15 20 14 8 6 4 2 0 10 2 22 51 61 71 59 7 79 208 236 84 234 231 255 245 83 210 167 188 118 98 145 44 28 46 56 34 9 19 10 24 8 34 36 6 25 15 47 21 43 77 56 20 10 21 38 80 32 25 9 4 44 71 38 57 36 25 22
21 24 48 56 41 54 55 68 8 28 18 0 15 50 25 11 40 17 38 70 24 25 28 11 8 10 13 13 6 0 3 10 3 9 12 10 8 8 8 5 24 13 0 6 22 14 24 37 52 36 137 53 168 132 189 242 254 247 236 240 223 247 255 53 21 25 15 12 10 17 22 43 25 19 21 14 8 35 17 42 41 5 12 66 61 50 3 52 100 19 50 24 17 55 101 81 72 34 10 8
25 0 49 76 88 37 34 60 53 34 21 4 43 22 30 60 52 35 66 111 76 70 49 9 1 1 2 2 0 0 0 9 9 10 11 11 10 9 8 6 1 6 15 44 62 45 32 36 0 46 50 39 156 138 189 68 249 186 229 255 225 188 254 157 57 38 19 24 12 24 9 23 0 14 20 30 37 40 0 15 57 55 19 22 10 32 12 42 60 24 51 25 64 50 92 125 72 29 7 15
34 16 21 5 24 27 36 51 26 32 32 33 54 11 3 25 16 24 43 85 88 91 52 16 22 12 4 1 0 0 4 9 10 9 9 10 9 8 7 8 1 28 29 10 34 77 87 78 42 72 127 34 18 186 248 248 246 86 55 133 253 216 231 198 72 6 7 39 14 39 48 65 44 40 7 3 13 24 16 66 62 48 2 37 41 7 45 97 46 27 24 19 88 23 46 65 78 41 27 41
0 34 46 52 22 41 16 39 24 58 17 10 0 29 26 30 22 30 14 27 38 55 37 35 52 35 17 11 10 9 8 9 4 3 5 7 7 5 9 14 3 23 32 15 29 58 52 49 31 116 123 48 93 255 240 247 255 138 107 181 251 206 248 253 138 24 31 56 13 33 65 86 62 50 21 52 84 75 21 18 42 61 18 27 54 32 59 13 11 0 14 32 80 26 66 45 48 23 17 29
51 40 15 41 28 41 7 46 24 66 43 58 30 56 50 39 37 47 46 59 41 37 27 41 44 27 10 3 2 0 0 0 2 2 5 9 6 4 11 20 44 22 18 14 28 43 54 96 115 135 86 96 173 76 255 255 206 144 110 15 211 250 178 228 132 0 6 27 9 19 35 38 85 61 16 47 88 95 41 10 47 48 50 93 96 46 76 73 44 39 80 55 49 19 50 14 38 31 39 49
84 46 17 11 29 23 11 44 23 23 22 45 22 0 8 23 25 32 55 80 35 19 28 54 33 21 9 6 6 5 6 9 6 6 10 12 8 4 12 24 36 30 38 30 44 66 67 97 98 90 83 104 95 182 127 182 162 60 49 68 0 178 255 252 247 78 34 15 18 25 26 18 58 52 11 18 37 65 57 48 15 32 78 121 94 42 20 0 15 35 86 33 44 62 74 55 19 29 50 61
37 34 15 36 24 13 14 43 31 16 16 0 22 12 18 48 35 12 37 80 100 77 40 41 17 11 3 0 2 6 6 3 2 5 0 7 17 19 17 1 15 16 29 23 0 36 8 72 144 180 234 153 241 233 83 76 55 6 58 98 123 85 208 234 255 119 26 22 45 55 42 34 34 45 18 17 50 61 110 81 31 18 70 91 73 62 61 92 81 16 32 6 26 60 57 37 33 46 83 50
14 11 15 25 1 37 45 4 3 7 27 15 35 20 9 21 30 31 56 69 74 66 34 24 19 11 1 0 3 9 10 7 13 8 0 5 18 24 17 0 0 17 24 33 15 19 20 93 157 192 252 148 255 244 50 53 29 44 42 30 83 71 66 87 115 105 66 61 80 51 21 38 33 27 35 22 48 58 91 69 55 16 18 47 89 90 87 102 91 53 36 24 14 68 37 0 34 60 111 93
11 9 20 39 20 45 44 22 22 25 40 25 35 28 19 28 14 21 45 44 39 34 12 8 29 16 2 0 3 8 8 5 3 7 9 5 5 11 13 14 29 47 31 48 49 34 63 118 68 118 245 255 109 173 58 76 2 62 27 30 39 104 154 115 16 78 74 73 73 32 14 13 21 25 84 47 29 9 24 3 11 18 39 56 68 26 51 89 105 68 37 44 36 65 40 2 5 25 68 67
3 31 34 40 35 32 18 65 41 24 23 10 11 11 9 26 35 25 44 55 51 37 23 40 43 26 9 5 8 9 7 5 6 11 20 9 3 10 14 26 44 47 59 74 62 56 98 120 255 237 248 233 255 73 38 61 42 32 80 82 2 30 33 53 43 58 41 54 46 42 69 30 29 66 147 102 53 13 41 6 28 33 61 86 77 16 44 48 93 37 32 64 87 48 54 48 22 18 28 35
0 37 49 30 11 30 29 76 62 36 38 44 36 32 25 45 40 19 30 44 48 37 20 34 42 26 12 11 15 15 14 15 33 29 39 21 12 21 16 28 23 28 102 102 32 34 69 60 220 175 255 242 235 180 48 45 58 158 141 118 92 51 48 70 71 52 9 26 36 49 97 77 19 47 76 50 31 22 76 19 33 4 24 58 43 15 51 23 34 0 20 77 96 28 26 39 33 23 11 21
49 22 61 68 12 41 64 84 43 26 36 51 33 36 32 51 57 39 44 50 62 61 32 21 22 10 4 10 15 15 16 20 34 43 69 38 9 11 10 39 19 13 84 89 13 42 76 52 100 75 110 224 255 122 38 26 64 141 135 40 65 75 14 64 67 76 31 33 53 34 54 92 84 60 8 2 22 47 92 25 27 9 30 56 22 27 64 54 19 24 48 104 91 58 12 18 27 35 24 37
84 32 82 98 24 41 58 72 32 40 64 70 38 56 56 69 48 24 32 53 71 60 17 1 18 10 8 15 16 11 10 17 23 32 66 39 16 24 19 50 8 6 19 55 22 73 123 111 36 33 24 86 122 40 37 60 57 64 71 91 71 19 4 41 53 69 57 58 65 34 32 81 100 57 2 20 39 58 60 27 33 29 21 28 8 40 38 51 67 68 79 91 83 88 36 38 0 15 0 18
55 63 103 71 5 31 22 26 0 36 79 81 36 58 52 50 60 17 32 83 106 72 22 21 35 28 27 31 25 12 9 14 34 11 28 22 44 74 45 46 9 37 4 50 21 44 98 108 56 25 37 58 52 45 94 114 20 45 102 97 27 23 1 18 12 0 23 45 37 35 44 61 36 18 25 73 72 73 43 61 56 84 56 29 2 45 33 98 80 42 46 8 39 51 31 39 19 32 4 23
31 43 94 48 33 57 23 55 56 56 36 73 73 36 14 47 35 12 71 73 77 58 28 22 53 53 0 10 30 33 18 12 30 23 44 36 35 70 77 46 3 39 20 43 43 60 72 70 56 14 44 100 113 36 61 32 33 84 54 41 6 28 16 21 5 39 61 54 33 34 91 167 114 25 42 86 77 56 39 45 59 56 40 35 52 59 99 77 42 33 0 53 50 26 36 43 38 35 38 25
24 16 39 1 0 34 33 61 90 64 17 59 42 14 35 42 28 55 57 19 27 9 28 26 29 40 17 39 28 60 57 22 10 27 20 57 51 64 75 74 7 26 32 39 23 40 58 102 98 31 49 140 198 82 34 27 41 30 37 55 5 9 20 44 41 38 43 58 46 25 89 205 167 40 27 79 78 42 18 31 26 45 67 55 105 86 61 41 59 46 7 1 11 2 55 60 28 20 27 41
26 12 24 10 3 31 42 41 18 45 66 144 83 17 37 12 61 116 20 37 19 27 18 18 14 17 24 63 19 61 73 37 50 73 18 83 88 77 64 70 51 27 32 26 8 19 15 64 34 38 52 50 98 48 24 61 62 31 55 77 52 27 6 40 8 30 34 44 68 73 95 147 127 47 50 83 57 15 3 21 53 49 86 42 60 71 86 99 8 22 47 52 87 52 92 77 34 19 20 52
27 21 30 34 18 26 37 8 13 42 70 118 46 0 31 43 37 95 9 36 23 48 34 5 7 2 18 75 22 36 35 35 42 80 29 66 87 77 50 62 69 35 28 24 17 22 16 33 7 0 23 31 88 55 4 41 26 32 42 36 79 63 0 40 17 68 57 19 37 63 61 61 54 24 21 27 36 63 64 35 8 22 114 110 45 54 93 76 35 21 32 39 73 45 97 114 28 18 4 33
51 50 50 49 32 48 79 53 37 37 57 84 52 27 1 15 40 82 109 43 49 23 64 12 11 17 22 59 30 21 0 30 10 69 62 28 34 32 15 37 58 49 32 25 17 18 44 30 41 15 67 96 137 110 28 18 16 27 27 0 44 51 1 39 22 70 78 50 31 15 18 45 50 72 74 52 49 78 65 0 29 56 98 115 43 58 101 74 71 61 53 60 49 16 11 12 43 53 36 65
13 25 25 13 7 40 77 65 62 31 30 36 24 32 0 22 56 57 123 92 75 10 30 21 41 49 29 18 22 24 8 50 36 75 78 21 19 34 26 33 63 58 35 28 37 57 105 69 33 30 83 78 71 75 45 42 24 13 28 21 5 21 9 19 17 45 67 64 41 16 18 39 0 39 60 57 43 47 57 33 31 82 61 75 84 83 69 46 22 36 24 38 30 59 51 49 20 48 37 85
9 36 44 16 14 49 63 52 28 3 16 33 0 7 13 23 13 10 20 71 52 24 0 23 60 44 31 10 36 32 20 56 51 58 39 36 35 70 86 77 62 44 45 31 51 90 137 111 30 17 40 42 35 32 18 35 9 8 13 29 2 34 33 22 66 56 51 36 16 20 27 17 22 9 0 7 11 4 29 39 45 81 52 11 63 49 27 26 24 36 24 32 19 57 45 47 24 48 33 102
34 64 68 19 14 45 35 23 36 10 24 59 0 8 52 36 32 67 26 23 37 50 31 32 46 9 33 46 78 37 10 30 45 43 3 48 18 46 91 90 51 32 64 18 0 20 54 58 41 106 106 30 11 52 44 22 52 77 25 22 24 72 53 38 57 37 51 60 34 23 26 12 3 13 26 67 56 17 42 74 86 95 113 20 44 16 17 25 62 48 28 31 18 41 44 71 29 38 11 89
23 34 23 22 0 14 16 29 34 21 37 38 8 47 48 27 38 85 97 25 31 43 45 71 42 37 23 17 18 16 8 6 3 2 19 31 21 3 42 24 3 48 95 61 55 45 47 52 8 51 72 64 20 55 81 77 84 102 27 20 41 55 37 26 34 28 4 61 34 15 38 12 24 58 74 93 26 21 23 59 79 113 49 68 31 3 10 58 88 67 70 19 28 68 25 19 48 94 34 48
24 15 17 40 30 13 9 29 14 21 43 51 27 42 26 21 26 25 35 4 19 25 36 67 45 30 21 18 2 29 42 27 9 60 48 10 29 28 40 23 2 28 54 41 64 85 75 65 43 15 66 48 0 30 85 94 69 63 13 0 13 41 18 26 46 44 15 69 21 33 46 45 32 48 52 54 33 35 32 37 49 46 32 54 41 15 28 29 57 58 52 21 8 39 58 45 100 72 25 42
14 13 15 5 12 16 26 25 32 86 87 43 23 56 24 4 10 19 46 27 21 1 7 31 29 14 17 40 31 77 64 3 22 55 46 22 46 38 45 41 3 23 39 26 1 5 26 84 80 12 59 43 33 46 54 49 10 16 45 64 80 91 37 38 21 25 38 75 46 58 62 68 26 36 28 1 0 0 8 12 48 14 51 60 57 25 44 14 26 27 0 3 17 49 92 44 13 44 104 121
31 2 25 57 67 10 7 30 32 101 88 34 38 84 45 26 37 73 71 18 27 30 52 82 49 49 32 34 23 70 54 8 22 9 33 38 38 36 59 40 82 48 8 13 34 66 34 31 40 43 55 24 30 31 34 66 15 2 8 8 6 14 10 34 49 30 75 50 50 19 18 11 21 40 41 38 37 30 18 21 42 17 63 52 43 14 31 21 18 54 28 26 24 23 54 28 23 45 81 101
20 37 59 39 40 22 21 3 11 38 27 24 42 54 5 11 32 87 66 22 69 58 38 46 56 95 73 33 8 23 17 27 20 17 41 23 24 46 68 36 17 39 40 47 69 109 58 21 23 55 22 23 44 66 48 7 10 16 18 36 39 29 66 91 37 0 36 3 34 23 37 47 58 49 24 48 35 37 6 11 8 30 62 65 65 39 18 27 8 57 47 21 24 11 0 5 62 47 12 75
31 18 21 21 16 0 10 33 37 39 29 32 40 55 20 21 64 89 43 7 48 13 3 35 55 90 67 22 25 17 12 35 36 49 50 17 51 64 66 81 22 21 37 76 118 128 68 35 0 49 61 92 51 78 95 10 46 45 11 2 5 0 46 81 93 53 41 31 31 32 15 34 35 24 13 60 32 50 40 58 50 69 28 20 36 43 35 72 10 42 45 14 27 29 0 8 26 64 33 89
0 36 43 23 12 37 30 4 15 15 20 16 2 43 38 26 30 43 42 59 82 30 28 44 81 56 25 0 36 32 40 45 42 53 60 27 60 74 74 94 38 22 37 51 77 61 30 28 29 13 23 60 58 104 132 47 51 51 33 14 38 23 48 84 96 64 43 58 57 41 9 21 35 32 57 88 35 24 12 1 20 57 22 34 52 36 15 18 31 68 102 66 19 9 10 28 35 73 36 27
16 44 35 20 0 27 12 0 39 19 45 64 21 30 28 27 21 2 12 54 79 51 62 37 69 25 28 20 63 38 41 15 24 45 82 25 21 78 91 42 38 77 99 38 37 48 48 32 23 0 18 29 55 58 56 18 48 49 59 32 62 37 4 29 37 6 8 29 68 35 31 39 79 47 66 77 58 74 99 72 44 69 23 20 29 15 38 39 32 44 82 71 12 7 27 4 4 25 26 5
1 34 41 22 17 24 31 37 34 19 6 32 27 41 32 28 39 23 29 62 113 160 132 44 9 10 66 57 44 43 7 31 3 70 131 98 92 34 32 26 98 153 131 74 38 32 48 30 61 35 0 35 52 7 3 23 36 56 54 36 87 126 92 97 85 69 14 34 36 9 52 58 56 40 64 57 37 73 47 51 17 62 72 35 34 16 25 2 45 33 63 98 73 63 71 24 41 52 58 82
40 36 18 4 12 24 26 26 37 12 8 10 37 61 44 8 29 5 13 19 49 75 57 64 72 42 44 49 35 14 17 60 30 36 116 126 128 48 13 30 65 105 99 54 50 23 41 32 54 87 66 30 6 0 14 5 9 4 50 74 18 54 69 44 48 69 7 37 47 5 84 84 41 45 22 10 39 66 16 26 16 42 64 82 99 48 38 39 49 21 44 102 92 60 58 35 79 61 55 84
88 65 43 37 37 32 26 26 16 25 65 24 15 16 20 12 50 20 32 35 67 69 12 31 39 57 57 59 42 34 76 106 107 1 15 29 68 43 26 62 76 66 44 14 40 3 45 89 113 112 85 51 16 5 15 0 11 27 20 49 14 26 21 22 60 103 57 27 27 0 65 63 50 61 22 19 52 73 27 18 37 31 19 49 93 56 44 55 55 25 23 71 79 49 37 21 84 45 34 71
35 32 45 56 36 10 9 21 52 56 103 69 32 12 10 32 53 37 55 65 74 67 25 17 50 64 48 25 8 19 62 83 86 14 27 35 42 19 30 58 64 37 17 22 45 1 29 103 103 57 39 51 37 20 26 28 39 81 12 7 40 33 16 48 68 113 123 29 22 33 36 34 31 33 20 33 21 40 31 0 70 87 55 44 69 55 37 29 26 51 48 37 20 8 23 27 46 15 13 50
44 49 77 86 48 14 19 33 27 30 71 82 26 0 1 62 58 40 49 74 39 27 75 74 82 39 19 18 25 24 12 22 61 17 3 38 61 43 59 38 36 35 16 25 18 12 13 72 53 38 47 44 23 22 34 37 41 60 48 24 24 20 67 66 9 47 81 23 27 48 37 36 31 34 24 36 17 33 33 9 99 132 83 23 0 1 4 1 34 62 43 24 33 46 53 37 17 13 13 30
60 47 54 51 20 8 18 18 5 16 46 94 49 27 54 122 91 26 13 81 61 36 88 64 33 15 21 27 45 55 26 15 39 44 32 63 46 0 19 12 18 46 35 23 0 31 16 31 38 37 51 36 16 18 18 25 17 17 62 40 22 21 86 57 25 39 19 38 37 36 73 71 43 56 24 22 40 51 27 51 129 124 65 26 0 5 18 20 4 11 0 17 49 54 42 15 20 37 23 11
46 21 15 12 8 32 48 27 7 5 0 49 60 57 88 91 83 13 0 68 72 43 47 12 11 34 23 7 9 33 55 42 52 35 0 13 48 57 75 69 9 30 55 54 23 48 17 0 39 22 24 18 23 24 8 25 10 2 42 30 27 29 53 43 39 31 0 32 8 15 56 44 20 21 6 3 21 34 2 47 63 52 39 68 42 26 15 3 7 47 80 103 84 50 53 56 37 62 29 0
56 28 17 9 7 38 45 5 5 33 30 40 49 37 98 77 48 32 44 51 27 11 24 45 19 39 12 37 43 30 72 63 27 47 48 60 95 101 45 1 47 16 44 52 32 34 24 21 82 80 68 29 29 35 9 17 23 0 30 30 0 13 29 36 43 37 36 73 37 81 73 46 22 0 29 40 15 34 20 54 38 49 76 120 63 31 35 40 57 88 117 136 112 74 56 30 49 74 31 0
48 31 32 10 39 57 50 31 40 64 75 33 26 35 65 67 10 55 92 16 32 11 66 33 56 40 30 39 27 21 32 13 25 31 29 18 25 50 41 0 40 29 106 91 22 9 3 31 24 9 13 41 69 38 37 24 23 19 39 56 37 56 43 36 10 12 20 58 45 69 58 45 24 7 22 70 45 11 0 23 9 23 54 67 46 30 43 61 79 94 74 44 40 34 17 12 37 25 15 11
42 28 31 9 41 65 68 54 33 56 67 25 16 16 35 28 14 13 25 28 34 4 43 65 75 47 22 23 14 20 44 33 37 21 40 69 51 14 14 37 32 24 70 59 21 25 34 59 38 21 18 36 63 37 33 13 14 1 11 23 9 43 47 53 69 61 59 33 19 5 20 24 27 9 9 47 37 39 43 65 86 66 58 59 52 47 40 28 21 47 57 40 28 45 88 127 27 21 18 20
65 51 49 17 38 59 63 52 6 31 48 16 14 14 25 11 23 32 9 27 12 29 43 59 57 32 14 23 19 22 37 19 10 17 45 57 26 0 8 30 61 61 58 41 25 27 35 40 43 42 40 38 52 39 62 59 35 13 11 14 0 33 44 57 34 34 51 7 41 7 38 48 40 26 12 28 28 60 71 77 42 48 66 75 72 72 67 51 16 18 38 43 22 23 49 65 58 58 62 67
95 81 74 28 35 46 46 32 5 33 55 34 41 46 55 37 35 73 32 21 0 54 56 38 33 15 8 27 28 24 27 0 33 60 75 54 36 54 67 53 57 78 50 39 47 45 50 37 40 65 72 43 29 28 95 128 58 35 33 35 11 36 38 46 55 50 55 5 62 9 8 0 40 42 26 24 22 67 72 55 41 77 113 108 73 49 35 17 58 34 62 95 75 54 42 15 29 32 36 40
