41 66 28 16 78 102 89 124 86 59 35 51 56 58 41 80 131 125 49 99 157 164 119 57 26 59 70 110 191 166 128 97 44 25 3 73 115 157 149 94 66 104 123 123 113 96 68 56 0 78 204 229 186 151 109 61 70 63 40 39 59 29 47 29 29 170 255 157 153 128 96 47 42 67 69 61 92 26 99 57 106 80 101 115 116 64 26 56 157 139 101 120 129 106 99 119 102 37 115 109
40 36 49 73 80 100 142 102 79 79 53 52 29 14 35 96 120 109 89 86 59 69 78 98 133 91 11 0 46 75 103 140 130 70 29 86 84 94 66 37 28 49 73 38 56 23 42 56 31 55 182 133 109 54 45 48 63 91 29 91 93 29 26 29 47 140 237 211 163 60 14 76 128 89 47 89 93 64 81 107 141 83 35 107 116 103 45 30 82 113 111 77 41 29 82 123 75 32 75 81
56 36 117 121 112 149 164 68 53 72 34 71 42 39 98 107 116 97 114 94 61 72 52 82 105 87 68 102 74 50 46 116 135 81 48 66 67 122 104 70 54 57 50 1 31 16 60 101 63 70 72 77 37 69 98 167 198 166 44 78 87 43 47 48 0 52 132 132 85 23 52 54 125 155 129 118 127 121 30 67 87 138 50 60 68 99 76 30 35 111 173 186 85 29 49 85 34 55 61 69
184 110 31 85 102 21 116 84 94 91 72 58 68 122 93 255 136 151 117 41 39 55 35 89 29 55 47 43 36 127 96 63 105 83 96 80 90 127 85 15 87 91 46 15 35 65 91 134 143 115 134 50 172 38 184 141 139 79 77 135 137 78 113 99 78 36 115 181 104 19 108 24 49 148 144 19 71 95 50 161 140 184 45 34 103 109 132 122 40 80 124 202 149 152 137 121 50 128 92 83
244 203 147 141 150 97 173 176 113 89 82 175 99 132 178 209 130 227 160 81 122 79 0 3 49 85 107 57 3 100 89 58 88 67 102 67 84 71 54 23 51 71 45 18 32 59 71 89 81 113 145 105 186 32 117 29 65 137 176 126 40 103 250 125 62 58 168 202 57 33 120 86 115 68 49 20 105 66 18 130 193 198 47 24 41 60 120 115 48 91 137 144 102 106 109 44 4 79 24 47
253 176 100 206 247 178 250 176 175 194 199 199 57 100 171 111 44 148 85 66 164 147 122 120 144 110 171 141 66 86 97 125 163 155 152 73 68 26 33 37 21 43 71 29 39 15 33 24 43 74 126 63 91 0 64 25 130 186 144 157 57 106 251 113 27 85 141 88 6 161 122 92 76 74 74 64 39 80 147 201 167 197 130 118 0 50 119 110 76 72 127 66 46 0 56 29 44 62 0 56
113 77 132 171 163 166 160 105 83 174 243 255 96 86 255 135 50 75 49 61 80 34 61 49 27 54 217 161 75 80 122 143 130 159 147 127 134 72 34 32 25 27 69 47 38 0 20 11 18 29 60 34 59 41 129 118 188 207 104 91 71 102 130 18 93 168 213 148 64 144 75 108 72 60 44 147 92 65 151 194 94 107 109 154 36 63 93 139 130 55 96 103 142 30 41 0 44 40 2 74
117 9 0 22 64 120 116 125 91 92 160 188 176 123 243 189 102 21 51 157 187 167 207 145 96 53 185 108 54 49 73 56 67 77 54 143 180 90 8 29 20 0 18 41 14 4 19 27 17 34 24 73 91 54 102 26 88 106 87 44 118 116 59 58 175 175 169 136 105 95 85 83 11 81 35 121 113 50 85 41 27 95 114 82 21 40 47 120 163 90 96 135 169 104 99 71 97 107 94 140
26 47 143 107 35 86 121 159 138 70 41 99 141 33 121 130 57 0 90 52 162 218 225 161 115 55 0 96 94 55 89 80 97 143 106 87 102 75 2 9 32 20 12 13 16 22 41 60 56 32 37 63 51 6 0 15 12 45 47 66 131 89 113 106 122 61 71 28 118 116 129 96 24 130 110 61 60 31 116 65 81 132 169 75 49 49 49 110 161 130 86 55 134 95 148 176 163 194 172 155
16 73 156 133 32 52 22 112 97 34 20 38 98 40 39 67 49 59 138 109 86 144 101 31 68 129 33 171 159 84 110 108 134 186 119 61 56 23 43 23 35 26 20 23 30 33 33 33 15 25 45 51 27 6 28 69 85 51 53 32 25 38 125 93 104 61 46 143 152 81 73 139 153 84 29 59 81 40 142 154 102 139 220 120 91 48 68 112 98 120 121 57 123 122 157 183 117 127 116 80
55 129 136 100 11 69 46 94 65 31 17 14 98 72 5 4 15 87 181 146 23 88 79 43 24 128 60 161 170 89 38 25 44 129 25 93 36 44 89 46 21 14 9 15 32 41 33 18 7 18 26 19 9 13 34 53 2 2 83 91 67 72 98 12 63 97 44 60 80 49 66 70 175 66 82 178 182 71 45 0 111 135 141 93 84 27 86 74 47 98 128 38 63 66 96 158 81 79 112 69
0 81 98 92 51 71 89 84 71 56 23 14 111 128 125 98 41 25 101 105 4 9 69 109 103 97 174 150 162 142 0 20 56 0 28 56 56 74 46 36 17 10 1 1 20 39 36 20 18 16 9 4 7 13 12 6 15 19 42 22 49 76 82 49 95 124 86 76 113 41 27 25 41 0 81 157 145 83 87 84 70 52 69 55 104 154 106 104 99 82 60 20 64 68 113 204 91 38 69 19
34 71 104 58 195 238 174 70 42 34 59 37 83 109 147 112 50 27 47 24 6 67 127 93 41 90 168 187 97 35 117 173 152 23 18 30 46 34 49 26 32 27 15 7 15 29 29 20 13 17 21 19 9 1 7 17 19 15 4 0 44 59 33 15 30 51 78 114 136 62 22 111 98 59 100 127 103 27 1 37 26 78 84 96 152 170 103 65 133 100 56 62 64 26 100 219 164 63 70 34
116 95 156 34 221 242 115 83 18 11 120 101 74 93 100 84 68 24 10 70 75 86 106 121 73 60 139 151 24 36 124 228 167 48 47 28 15 56 41 48 26 26 23 19 19 22 20 16 16 18 24 25 13 3 14 34 45 23 25 50 81 99 92 52 52 98 166 74 110 86 63 116 111 62 47 53 69 39 22 80 144 174 243 129 112 105 22 43 92 37 7 105 153 116 112 126 113 71 131 158
144 24 100 70 201 167 76 133 131 101 144 140 54 62 46 44 55 98 67 68 42 41 49 68 73 28 22 45 80 169 160 129 93 45 58 24 45 13 50 13 10 11 16 22 21 16 13 14 21 18 17 20 20 17 18 21 17 5 11 46 49 74 110 70 41 79 174 40 109 87 79 93 75 56 48 45 41 33 67 160 228 252 255 157 81 59 86 97 86 59 103 222 222 157 87 60 48 76 165 227
192 117 169 98 34 10 33 40 55 41 8 87 24 43 42 30 96 184 137 57 30 22 47 59 75 104 111 43 144 228 150 45 41 6 36 25 9 37 0 21 11 8 12 21 21 11 7 11 7 17 24 24 23 24 21 15 13 34 18 30 18 29 76 55 26 70 130 45 67 78 62 102 128 65 50 87 79 39 53 130 186 172 170 134 41 77 109 107 85 64 155 255 212 142 60 57 68 82 104 139
183 166 172 103 29 75 113 55 42 90 97 35 19 26 50 40 94 133 125 98 59 71 105 166 171 159 132 133 77 127 97 52 41 14 24 2 0 6 16 7 10 22 29 22 13 9 8 6 15 20 15 9 22 39 31 7 0 18 29 23 19 32 50 60 35 33 84 98 55 30 54 130 193 136 30 147 122 55 28 68 92 80 68 29 60 97 57 58 72 64 127 169 127 95 76 57 42 40 61 37
44 53 0 27 77 91 74 101 74 68 79 59 83 86 46 76 71 64 62 94 59 44 100 176 166 124 99 110 38 88 98 112 95 33 36 0 13 11 19 7 17 28 32 22 11 8 11 14 21 17 7 2 8 19 17 7 11 22 23 10 1 5 11 12 23 25 57 98 61 63 63 124 186 130 14 113 154 111 61 77 90 48 27 38 66 115 78 32 68 81 135 95 51 72 115 68 24 22 49 42
84 136 47 85 131 92 56 166 155 67 55 116 160 124 79 104 102 66 81 34 53 93 135 138 97 123 187 109 45 146 190 82 96 62 38 13 31 7 23 9 22 28 28 19 9 9 16 22 23 12 6 9 10 8 11 18 12 19 20 13 12 19 23 21 40 58 90 108 106 115 105 113 126 106 20 78 155 125 74 75 61 12 4 14 0 38 60 40 15 15 124 152 107 40 102 124 92 46 23 25
159 145 46 62 147 173 111 148 119 66 38 80 91 53 120 104 59 144 239 40 80 180 160 36 68 166 255 159 50 152 181 13 106 97 12 45 33 11 25 5 22 22 19 14 12 14 18 21 11 3 7 21 20 8 14 32 26 30 28 18 12 12 10 7 50 82 131 84 121 102 104 59 31 55 27 37 89 75 85 96 56 11 42 43 29 41 38 22 37 85 129 83 53 47 113 119 39 35 43 50
94 99 94 50 102 159 124 170 168 206 166 74 69 56 143 102 43 122 200 114 110 93 79 66 72 143 196 181 90 79 93 110 184 106 9 23 24 32 20 10 26 20 15 16 20 20 17 13 2 0 6 19 16 5 16 39 38 42 39 29 18 12 11 11 28 56 93 44 83 45 58 25 0 25 24 10 28 30 105 103 57 25 74 40 55 37 10 28 57 51 34 71 96 45 49 99 53 79 97 79
61 63 95 42 88 118 50 114 101 119 91 8 107 119 82 51 51 136 75 77 48 77 107 85 52 87 105 126 215 92 136 251 212 64 52 2 25 41 13 32 30 22 18 22 26 22 13 7 12 12 15 13 6 4 21 43 32 35 38 35 32 33 38 43 20 30 35 53 84 57 65 81 44 59 42 39 51 31 93 35 98 71 73 9 31 17 10 63 138 135 81 105 121 64 58 114 141 153 142 75
58 31 63 72 108 125 51 115 85 55 52 57 145 148 57 35 84 113 60 127 71 87 108 76 48 65 76 74 229 108 210 255 164 19 53 12 25 24 14 30 23 19 19 25 26 19 13 11 22 32 32 16 5 12 28 39 27 24 21 20 21 22 24 26 31 29 18 65 116 94 88 99 90 109 60 83 112 55 80 0 194 175 114 100 115 94 60 54 68 92 87 101 95 45 101 164 153 185 197 106
79 7 22 84 85 111 56 85 59 79 118 147 94 108 122 108 62 66 148 183 63 24 44 54 45 29 11 69 95 50 205 249 130 10 0 18 14 5 20 1 11 11 17 24 22 15 15 20 19 39 42 21 9 19 29 28 19 10 5 9 17 23 24 24 28 25 17 34 118 80 63 25 88 125 52 90 140 74 99 26 230 255 184 208 157 109 80 48 32 39 65 75 62 16 132 197 139 134 122 20
74 59 101 145 128 96 43 74 21 53 95 115 37 64 74 92 82 60 126 184 132 134 155 172 157 144 95 39 33 31 174 103 76 59 33 14 7 10 15 18 10 18 21 12 6 9 16 20 25 23 26 30 23 14 19 33 8 0 7 28 29 12 7 17 29 24 35 42 130 94 2 2 71 118 87 109 134 103 165 138 198 168 148 206 123 49 79 91 72 85 116 58 39 48 159 235 124 74 91 12
39 90 178 247 217 193 141 169 87 65 18 59 37 71 59 79 136 58 49 28 56 121 160 111 107 109 74 37 54 74 103 40 116 101 76 44 15 0 7 21 11 22 25 15 12 23 34 37 30 23 22 25 23 16 21 31 23 30 35 30 17 8 10 16 34 17 47 62 109 62 57 61 79 137 93 80 105 94 187 177 123 54 77 179 148 99 94 108 89 62 82 68 74 51 208 233 123 80 66 42
56 59 107 200 193 183 176 245 140 83 9 120 58 114 131 175 169 87 98 118 120 102 88 59 122 140 109 44 42 81 32 17 222 122 18 0 12 41 48 45 20 32 32 21 23 41 53 50 32 21 14 15 16 16 22 32 33 47 45 21 5 10 15 12 36 26 47 80 64 69 111 107 84 84 25 13 47 98 145 190 119 46 41 71 86 124 98 68 72 48 75 26 71 110 181 247 193 136 69 85
77 45 51 116 112 66 60 104 66 93 33 13 107 167 224 202 133 64 68 129 60 27 58 169 91 108 129 93 61 68 40 106 100 60 23 11 5 0 1 15 13 21 17 5 13 35 38 25 23 16 12 13 13 14 21 30 32 41 34 13 7 18 23 16 8 21 16 67 24 126 129 124 64 52 38 30 31 95 0 19 89 40 27 63 84 68 55 88 78 47 73 38 29 82 50 137 100 67 15 22
46 66 88 106 94 34 37 31 51 55 19 99 103 139 147 125 134 114 97 97 9 13 48 147 76 78 146 141 84 22 18 79 102 51 11 14 31 32 24 21 17 18 10 4 17 36 30 10 5 13 24 29 26 19 18 22 26 32 32 23 13 13 21 30 22 32 18 38 13 122 61 83 91 83 68 17 27 109 57 79 20 78 33 38 104 108 90 41 120 47 74 138 79 55 31 49 21 49 65 31
76 87 85 107 94 23 37 28 23 63 17 34 80 62 29 38 89 108 103 53 22 57 90 128 13 40 123 89 66 63 88 70 24 11 9 24 34 27 19 19 23 20 13 12 25 37 29 13 0 15 37 46 39 26 15 12 16 26 37 33 10 0 7 32 53 40 40 12 27 64 0 64 95 75 73 37 64 48 56 46 13 103 37 50 135 131 118 1 136 81 116 133 172 154 95 90 89 126 133 68
36 31 15 127 142 87 80 76 76 71 48 157 179 162 48 26 50 93 111 93 73 92 94 125 22 65 146 83 70 102 107 69 25 16 10 13 18 20 23 26 16 11 6 8 12 14 12 9 15 25 36 38 32 23 15 10 12 21 31 28 10 0 6 23 38 28 27 0 37 55 34 127 107 87 128 91 90 76 83 82 0 109 81 75 102 111 157 26 97 129 128 44 175 208 75 76 140 158 104 73
54 75 48 192 203 186 157 135 84 107 80 39 97 89 22 0 47 89 72 77 30 77 71 136 75 95 199 175 137 90 33 54 106 75 37 14 14 22 26 25 28 22 19 19 15 9 13 21 37 34 26 18 14 15 16 16 20 20 19 19 21 22 20 18 39 48 16 0 25 71 78 164 113 141 229 121 50 169 155 191 158 71 1 74 91 49 144 108 36 133 76 34 146 170 55 11 88 121 51 88
121 199 228 182 255 247 237 169 97 87 62 63 59 51 65 93 165 179 137 80 58 63 39 103 91 124 169 92 125 94 59 71 135 113 89 10 21 35 35 39 46 20 35 11 20 19 22 38 41 26 37 0 8 22 22 23 17 26 24 18 43 46 23 42 34 62 16 39 34 56 93 135 58 149 218 151 56 178 118 181 170 63 27 23 53 12 123 146 15 95 54 90 107 103 103 45 65 65 91 66
103 226 193 153 255 255 254 154 78 111 79 70 113 99 58 66 90 94 117 120 142 112 30 99 73 113 117 1 87 137 82 84 83 89 80 33 9 38 48 41 46 28 38 33 34 37 36 28 13 9 29 30 31 19 13 21 34 38 37 21 27 31 25 49 89 65 13 58 34 54 82 114 13 124 117 132 75 119 59 49 64 99 41 62 37 27 84 69 75 26 83 95 67 32 97 82 60 40 54 30
82 134 101 114 221 249 255 173 82 103 105 86 105 129 122 92 81 164 226 157 175 158 55 94 91 118 80 124 145 137 101 65 33 24 31 26 31 23 51 39 22 6 5 38 50 75 70 21 5 18 21 38 26 15 17 23 25 26 35 20 12 21 29 54 77 57 11 17 42 83 102 102 60 127 50 72 94 81 54 38 5 86 51 88 54 55 27 3 140 13 170 127 125 61 84 56 104 74 99 73
148 82 116 161 215 253 218 127 73 53 69 69 112 177 186 123 25 43 164 123 52 67 95 96 72 91 63 140 153 81 79 64 53 75 101 65 100 25 63 58 65 27 0 25 42 91 91 17 20 51 31 41 29 46 56 40 5 2 21 17 9 19 25 37 64 73 54 26 108 148 168 181 126 55 67 67 46 37 81 34 33 64 100 79 60 70 13 0 64 111 22 144 36 103 55 29 81 62 119 93
89 69 164 181 157 158 141 103 80 46 35 34 127 170 127 68 102 138 180 124 63 28 54 71 57 92 97 12 110 82 24 58 73 118 76 7 84 48 65 76 96 63 22 50 52 90 86 10 0 28 4 18 16 39 45 21 9 0 14 14 14 24 19 19 31 31 45 54 64 92 116 190 155 128 133 94 68 36 51 86 75 87 138 66 30 64 67 52 78 103 53 40 6 26 0 8 48 26 103 73
120 112 122 103 83 19 44 93 79 43 71 38 44 60 79 71 100 140 173 148 81 37 48 27 83 89 45 33 68 93 5 54 40 117 46 28 70 65 28 107 123 95 60 45 22 44 55 20 41 41 24 31 28 33 38 37 21 13 18 16 26 38 28 33 62 62 82 113 1 62 75 172 153 195 180 171 85 50 62 93 96 81 69 67 32 58 118 113 70 53 33 44 54 21 54 80 89 41 111 66
125 40 0 0 58 19 30 86 35 13 112 72 5 18 108 133 78 90 96 126 136 97 54 77 72 59 0 103 24 83 41 85 24 200 205 181 99 71 7 127 134 99 69 14 0 6 30 37 44 44 54 32 21 15 18 28 28 34 37 28 40 44 31 50 92 95 82 91 11 76 55 173 126 235 214 185 150 91 64 86 70 33 0 47 53 52 101 120 94 12 18 11 42 68 58 138 103 39 107 50
85 22 84 35 75 69 57 94 25 30 126 101 88 77 95 100 88 39 40 52 74 160 115 31 45 97 117 132 60 128 70 89 41 246 253 134 30 68 26 88 24 25 67 55 70 64 44 34 4 38 91 47 33 27 19 15 35 55 60 43 47 37 17 44 69 48 0 0 49 56 3 176 138 162 188 98 75 46 67 41 17 4 15 10 45 41 54 85 52 33 20 0 84 88 117 167 86 27 108 51
26 0 49 72 96 73 82 122 104 105 150 116 73 71 93 85 55 39 75 91 63 96 71 49 82 127 119 124 184 189 61 74 72 232 193 76 13 121 101 92 21 0 193 127 120 69 88 95 74 60 77 173 131 101 62 36 47 27 43 40 39 18 30 62 77 64 39 85 110 103 33 202 194 144 82 36 72 85 58 67 31 19 39 34 31 42 38 54 46 53 22 12 91 85 136 166 79 24 77 33
163 106 70 57 48 90 142 164 162 142 107 63 64 77 80 75 6 55 124 123 52 24 29 55 105 83 32 76 186 147 45 86 177 249 241 149 99 150 168 149 143 102 230 184 166 94 123 173 147 58 108 236 226 151 76 54 29 48 12 19 0 41 81 104 84 117 126 216 148 154 142 176 188 197 81 46 81 102 103 54 62 92 80 119 33 55 122 83 60 65 41 27 40 28 102 116 52 56 33 62
255 133 38 62 57 129 179 177 160 106 18 51 173 201 100 4 48 69 65 23 42 82 79 48 31 55 76 113 197 112 85 97 163 230 251 194 102 90 92 82 160 95 255 135 225 255 232 171 64 86 178 204 181 115 44 24 32 44 22 36 36 32 101 108 118 99 180 127 5 60 164 5 79 118 27 27 49 82 95 88 86 111 131 188 78 106 204 129 66 53 55 97 55 15 126 175 92 151 77 85
196 68 27 79 76 132 135 106 94 73 3 14 91 153 178 189 147 111 103 60 89 91 70 92 126 121 132 71 121 64 203 235 57 255 255 239 180 205 169 232 217 244 235 73 131 252 200 214 159 158 91 9 30 49 41 47 31 24 13 25 23 17 80 89 12 108 184 122 40 48 10 94 143 132 80 52 58 135 79 114 162 172 129 69 117 126 148 236 192 102 88 227 199 62 73 99 125 195 122 44
72 58 110 100 58 87 72 53 71 54 48 63 85 125 182 206 118 86 111 70 146 200 101 35 54 54 95 41 120 7 140 224 246 227 192 255 143 133 161 250 239 255 245 240 255 209 255 209 184 111 25 74 104 63 37 20 52 66 50 68 14 71 59 52 120 78 173 255 216 217 66 96 135 128 106 36 18 157 117 178 241 234 242 188 242 192 114 214 255 157 121 247 212 45 67 175 220 254 131 60
34 93 140 94 41 42 45 89 106 52 84 85 75 88 142 165 69 0 30 39 103 159 86 47 77 78 80 48 181 60 42 126 245 255 232 219 236 255 255 232 255 215 146 233 236 255 252 150 140 62 4 48 0 4 125 145 58 36 60 74 68 100 102 87 128 116 166 253 240 194 74 93 176 146 90 46 3 108 125 184 193 255 255 213 235 163 56 161 255 176 128 195 198 82 99 198 254 237 27 28
46 143 98 70 57 63 89 174 158 43 65 45 69 78 114 138 150 106 89 54 65 170 155 57 65 46 23 42 184 188 80 139 125 160 239 249 255 217 224 96 232 218 180 60 150 245 249 231 161 153 126 70 10 63 225 245 176 69 69 14 66 21 110 93 15 109 89 202 148 136 51 163 181 108 41 61 31 85 109 132 113 193 236 159 97 91 71 93 126 74 54 45 61 36 103 195 233 210 48 57
66 229 110 85 100 147 189 255 228 101 126 81 106 75 70 96 97 89 78 83 63 151 171 48 0 5 56 107 100 149 62 169 105 71 212 255 195 130 253 187 244 206 255 128 64 163 255 240 236 253 223 107 75 71 184 252 228 136 101 38 99 79 204 162 27 122 136 123 65 137 137 149 89 76 89 90 6 41 73 102 73 177 249 68 27 63 70 74 70 13 21 7 61 81 117 134 120 133 119 85
33 202 149 113 136 206 222 227 223 137 162 185 137 80 55 92 40 41 97 117 52 77 100 60 25 25 83 182 131 25 51 76 89 83 255 250 254 204 255 228 255 200 221 245 164 121 229 239 251 247 239 213 85 88 209 255 192 136 196 155 92 245 251 232 189 108 255 104 22 76 114 157 112 138 198 95 28 58 88 99 53 170 199 60 73 112 64 70 85 21 50 30 71 125 168 127 79 57 96 74
50 132 75 43 75 159 138 81 90 81 49 171 89 57 126 167 153 160 186 163 133 68 43 80 113 57 0 137 125 71 145 72 57 93 183 240 255 247 235 104 182 186 212 255 233 234 255 204 243 255 249 183 154 188 255 239 190 215 242 217 95 254 238 227 254 88 255 186 46 30 9 127 148 148 206 124 80 49 98 135 53 137 103 103 99 90 68 138 130 56 129 83 72 88 115 123 153 117 96 45
43 89 44 32 73 166 111 19 52 66 67 44 61 53 97 176 165 97 43 40 82 75 35 122 192 97 89 182 145 88 20 60 0 82 83 255 229 239 255 210 237 255 234 232 173 214 248 248 222 235 255 39 223 255 98 115 244 255 223 242 175 251 243 255 255 204 255 255 153 145 37 25 0 71 131 85 72 92 154 174 71 118 66 161 78 46 109 239 146 47 217 253 205 82 7 41 122 116 86 45
38 133 64 39 62 139 81 32 14 2 121 33 119 94 38 103 176 76 4 36 37 122 70 126 139 115 58 205 180 75 99 89 119 1 36 78 193 217 243 255 203 255 241 255 241 255 250 255 181 226 208 235 189 164 161 149 159 205 253 167 196 255 255 254 255 241 255 246 255 93 49 64 55 74 33 60 66 126 167 200 140 103 61 126 43 55 143 226 170 75 206 224 189 96 32 41 33 44 33 36
172 255 119 61 95 149 74 62 62 0 58 84 54 54 68 134 151 128 92 68 0 87 61 111 98 30 74 142 99 121 164 85 19 2 17 64 148 172 196 186 152 213 228 239 255 251 231 233 216 252 225 153 191 239 255 238 250 215 139 255 255 232 166 158 186 248 250 214 204 179 89 68 42 72 25 60 61 128 179 215 177 118 111 66 57 74 115 178 143 69 131 161 138 71 67 90 54 28 19 53
250 252 75 31 136 181 71 30 59 52 89 133 42 34 45 102 159 190 140 40 0 58 45 98 23 2 49 90 74 124 179 91 116 70 49 0 74 93 100 75 34 98 145 150 227 255 255 242 250 255 254 255 252 247 230 255 207 93 66 255 227 192 255 253 130 215 255 255 160 87 62 0 23 75 84 76 71 95 142 139 139 119 128 32 98 58 46 147 163 108 93 126 84 21 76 157 136 88 117 153
199 109 67 36 135 157 91 61 64 90 140 91 56 55 25 63 171 201 123 45 48 63 6 35 69 89 53 82 115 158 169 95 167 198 80 75 88 107 105 80 66 59 58 51 162 234 233 166 235 214 247 235 227 179 255 250 231 223 255 69 255 255 255 249 211 255 154 209 35 79 149 116 75 20 15 54 73 51 70 78 89 64 37 8 100 30 24 110 142 179 123 89 46 75 122 152 153 96 170 180
117 8 134 72 73 53 92 141 133 101 104 59 26 46 43 40 125 153 80 76 66 89 40 88 82 145 150 155 148 237 212 116 91 163 130 84 95 126 103 98 76 59 60 48 106 140 108 28 167 148 193 255 236 202 255 241 255 255 238 255 243 207 255 242 151 255 248 241 49 67 76 60 101 70 75 113 71 57 51 63 51 34 1 43 63 0 65 141 139 179 90 43 34 129 167 190 124 37 107 83
126 33 115 52 50 0 43 129 124 155 188 105 25 20 74 73 61 65 82 91 62 49 85 108 51 131 187 176 101 142 229 163 41 73 111 47 63 87 62 83 85 33 53 124 113 148 96 75 179 118 137 220 255 249 249 191 250 247 223 28 232 244 245 216 221 234 71 73 86 178 134 89 142 85 32 120 67 80 68 81 51 35 21 70 30 16 112 166 137 106 60 47 18 121 130 147 116 60 111 93
108 82 48 52 100 31 56 88 127 241 240 169 88 16 54 108 55 43 71 79 78 59 76 130 11 94 147 129 31 53 108 173 60 32 80 66 24 109 99 66 100 61 110 106 128 246 151 146 161 82 109 156 220 206 242 141 253 229 255 234 255 250 249 246 255 248 238 137 180 100 76 37 72 129 124 100 62 28 102 82 50 78 133 83 16 77 136 162 109 69 50 70 30 48 29 117 206 133 212 160
53 93 20 93 175 109 129 209 219 222 139 172 160 33 30 85 116 53 47 56 120 121 89 90 12 97 64 66 46 85 55 76 42 36 65 42 46 105 52 45 61 34 113 72 93 249 164 85 56 50 121 68 70 39 167 97 109 81 202 255 223 252 229 255 249 249 241 158 142 45 76 116 38 94 96 62 47 54 122 127 76 129 197 116 38 104 139 114 115 78 91 94 0 22 30 133 215 153 160 86
65 84 53 131 237 173 46 56 130 132 125 161 129 40 54 36 83 65 83 101 141 125 93 29 32 125 15 17 53 96 84 31 64 55 66 22 136 131 15 14 85 54 117 88 82 200 238 78 18 44 99 32 75 73 186 113 81 80 225 243 230 255 116 92 177 186 61 100 58 35 40 53 75 87 130 73 61 105 61 15 97 133 127 129 79 76 112 41 140 102 165 206 54 103 57 51 131 173 159 201
152 92 56 70 179 195 92 70 58 54 105 90 58 26 43 13 20 37 56 97 91 86 164 124 113 159 68 37 78 103 131 76 112 61 126 96 151 141 65 49 50 56 128 127 119 136 229 94 83 64 43 22 116 107 97 28 116 82 94 66 89 153 51 13 84 108 34 70 76 85 132 140 126 117 190 68 64 105 120 60 58 86 24 84 89 82 104 31 170 133 163 206 41 101 90 141 208 216 116 100
185 81 59 74 108 86 76 91 37 26 58 24 48 59 54 102 126 118 66 94 44 46 208 245 240 223 180 59 83 133 164 135 150 77 160 141 110 141 99 84 92 94 96 50 61 39 135 159 227 176 118 118 167 128 61 88 208 162 88 122 88 106 62 13 106 115 129 60 42 51 128 206 159 115 150 120 78 0 64 91 91 134 49 50 58 94 38 0 123 163 136 122 32 89 96 199 220 174 114 29
199 57 45 86 83 43 39 61 44 50 31 23 115 198 127 152 110 116 42 73 33 38 165 237 236 219 211 56 41 72 124 155 162 77 143 104 97 155 100 52 150 153 95 79 94 57 87 165 165 102 68 87 123 130 76 163 180 156 103 142 75 69 48 43 141 100 106 75 67 78 74 125 99 91 160 220 215 48 31 61 51 131 54 44 70 143 36 52 162 221 125 28 43 101 88 103 108 89 93 25
137 25 52 63 47 68 30 33 86 101 85 105 86 114 81 214 218 186 45 67 91 114 121 131 127 123 140 98 97 32 48 82 113 53 187 103 75 115 111 51 148 143 45 104 114 85 87 121 48 4 13 22 41 87 42 122 66 65 67 28 2 37 24 95 117 57 37 79 105 81 41 35 58 106 209 103 205 104 83 41 27 125 35 63 100 147 21 77 172 240 169 32 52 69 82 49 41 91 107 100
102 55 56 39 49 64 32 66 150 168 83 84 47 0 11 166 247 205 46 52 133 178 110 79 77 59 110 215 189 67 51 91 151 103 224 200 76 107 115 43 74 71 67 58 89 109 144 126 32 21 126 42 66 86 39 62 19 19 38 55 48 99 63 114 86 43 31 42 85 55 50 123 148 109 73 20 80 17 24 48 84 108 53 67 45 114 5 63 140 177 105 48 41 22 81 18 65 125 139 150
84 55 51 60 38 46 33 74 159 133 20 18 64 65 55 18 39 44 46 38 103 154 91 71 72 38 137 208 206 87 63 127 199 92 198 167 107 156 131 70 56 41 30 91 148 182 117 118 52 109 116 43 116 137 87 112 76 38 41 115 99 149 0 121 40 40 18 17 14 43 107 201 214 54 0 80 105 7 7 57 60 65 94 134 68 107 28 74 88 76 24 63 46 29 114 70 114 192 147 166
84 42 29 37 60 60 47 1 27 92 60 15 45 33 116 123 196 109 69 67 77 81 16 38 59 0 94 90 122 60 42 116 170 40 83 137 142 188 137 76 97 69 18 24 70 127 51 86 70 130 122 70 29 34 111 158 37 18 55 125 75 131 15 203 104 51 4 25 55 60 111 127 94 59 75 8 14 96 88 67 5 44 245 255 171 180 156 110 143 69 32 56 80 79 189 98 148 255 185 171
12 60 139 72 70 32 100 50 75 92 54 5 99 57 107 153 108 87 33 128 166 177 52 0 56 25 80 21 42 22 0 55 42 42 12 47 0 53 83 42 32 74 94 67 86 97 35 29 90 88 68 51 36 127 255 249 133 8 2 47 86 112 57 96 71 47 65 69 96 25 125 125 89 41 43 67 158 143 150 148 86 89 236 157 126 104 124 104 97 89 13 131 16 124 105 87 129 171 119 139
120 144 201 98 86 52 87 15 63 52 85 42 83 28 21 55 59 37 5 142 230 224 98 104 156 139 113 53 36 30 16 88 44 68 50 97 61 64 90 57 56 31 33 70 95 67 41 32 37 41 33 39 56 66 139 240 178 96 162 175 225 126 51 32 48 41 77 107 153 38 78 24 0 13 122 78 107 148 143 177 108 90 111 53 97 24 11 108 137 69 52 32 10 23 103 217 235 95 33 68
127 119 152 81 48 68 45 30 126 40 85 57 38 104 121 90 98 118 155 148 249 255 107 69 189 141 45 48 44 32 2 89 21 22 55 39 15 1 25 34 41 83 70 49 24 63 80 50 45 31 36 83 118 93 48 163 92 101 140 47 96 57 0 48 83 98 136 215 210 44 34 52 54 24 77 133 36 21 137 239 241 143 49 52 72 101 85 114 115 75 55 22 68 64 61 144 162 26 19 35
97 64 104 55 45 112 17 20 104 7 64 124 60 161 149 63 88 66 133 143 247 236 106 83 160 124 65 136 154 105 9 80 80 61 23 0 32 159 180 130 93 53 20 22 69 89 79 80 48 48 56 80 44 132 58 67 30 131 131 13 42 61 19 49 57 64 65 126 152 36 63 160 106 44 55 72 76 214 255 231 196 132 50 63 63 217 222 71 112 172 94 66 103 168 79 50 50 20 54 69
55 23 108 58 110 206 74 56 74 8 49 149 30 92 99 91 127 87 82 105 160 165 108 90 146 150 148 215 218 145 27 106 90 77 19 143 157 204 130 51 26 120 186 64 120 149 135 99 95 48 27 104 29 148 99 146 58 158 135 110 146 124 77 0 28 60 37 7 98 54 103 161 97 124 119 77 103 167 163 24 39 170 172 88 31 135 184 50 119 245 151 59 73 154 147 107 125 64 12 48
64 45 47 102 107 140 71 135 126 25 20 57 24 74 120 161 166 112 92 48 80 107 73 84 117 107 182 180 74 76 86 134 72 114 125 80 153 255 237 101 61 95 124 58 105 107 90 81 80 56 14 144 184 147 97 216 114 58 90 93 121 178 113 38 79 117 104 11 50 40 79 144 132 186 173 53 55 147 180 116 111 138 56 161 143 117 157 189 198 139 125 91 14 101 177 121 138 75 1 14
140 88 82 61 63 63 0 124 89 40 51 62 118 119 113 87 65 52 35 38 42 61 2 42 58 43 119 119 40 133 187 177 98 213 250 212 255 249 222 84 29 73 81 47 57 62 59 28 45 66 58 113 157 112 40 157 104 47 42 84 170 207 158 59 55 79 59 72 33 23 36 119 127 213 131 133 207 255 223 79 68 151 119 242 207 145 163 228 149 79 121 118 59 95 87 118 113 44 62 0
96 77 85 63 147 146 85 150 32 90 172 195 196 42 14 59 62 135 123 8 33 37 14 40 66 48 73 89 39 225 241 128 61 227 242 169 183 164 98 35 38 77 87 112 66 20 42 66 45 49 91 113 164 184 68 0 43 62 0 95 160 232 146 24 29 74 18 33 0 73 71 45 23 153 74 100 109 99 86 59 110 151 136 237 131 73 70 56 61 94 151 190 101 41 73 185 180 105 72 75
21 44 56 62 136 86 91 90 55 100 139 190 171 34 59 186 100 39 35 25 76 25 25 41 127 132 127 19 82 131 144 49 52 138 200 68 62 102 77 50 29 58 82 130 102 40 56 123 85 14 59 151 182 186 119 51 45 84 109 230 255 168 100 81 255 220 143 155 89 48 74 107 60 74 43 118 189 185 70 52 109 76 0 65 44 123 158 103 42 66 94 75 134 102 176 166 119 190 242 254
70 18 25 62 82 19 54 43 26 52 78 121 136 75 97 137 70 49 62 89 17 70 87 16 79 101 36 38 79 54 48 150 107 25 94 6 54 123 163 66 23 20 19 22 75 77 70 119 147 71 25 138 192 178 129 101 91 101 83 250 227 154 15 69 171 183 109 72 75 98 131 102 80 82 162 213 253 240 144 146 156 149 37 73 135 185 110 28 67 138 175 126 53 101 68 51 100 124 255 226
104 31 100 159 137 143 110 61 73 59 81 57 64 36 98 108 99 88 69 179 151 133 71 39 23 79 114 113 55 28 98 142 219 139 53 44 71 115 142 108 52 42 63 74 109 67 1 21 110 95 50 104 92 96 112 88 94 83 72 105 107 78 74 201 153 124 34 57 133 212 182 98 26 84 211 222 211 169 133 109 119 104 37 51 101 141 111 64 77 146 154 213 56 57 30 93 114 58 93 174
71 83 191 251 148 189 113 45 62 8 18 7 18 17 68 95 145 138 67 197 193 131 99 208 231 124 8 93 46 64 116 184 206 215 85 79 26 35 47 109 59 56 99 147 99 44 43 104 88 24 0 50 58 76 124 112 82 55 54 192 195 149 91 226 169 108 67 110 127 172 162 130 55 66 108 66 59 56 82 85 84 66 80 57 29 72 135 105 99 83 90 108 118 4 122 185 157 182 63 102
77 98 136 234 121 173 117 55 87 51 43 50 27 54 49 84 140 137 63 255 147 130 43 79 191 255 123 57 95 37 15 95 113 61 59 53 65 94 116 74 56 110 180 240 88 2 1 13 34 71 93 75 121 131 148 160 132 81 43 119 120 40 0 83 146 56 78 107 61 52 113 155 127 90 100 33 21 25 34 89 121 167 219 145 90 95 144 116 88 51 51 34 151 144 163 148 122 179 100 52
114 124 32 155 125 116 115 98 134 123 145 19 52 115 48 41 52 53 42 43 154 245 146 77 79 248 227 94 64 12 13 71 77 49 53 95 136 112 84 71 68 154 207 53 88 102 70 50 74 91 0 51 94 114 131 155 156 109 68 16 113 48 71 78 184 71 65 18 43 110 162 117 79 113 186 114 67 67 58 66 92 160 228 68 115 175 136 108 108 98 50 81 122 255 174 127 137 51 55 74
100 79 35 93 109 42 69 114 105 120 101 44 58 97 50 61 61 5 77 85 170 248 67 172 93 183 204 148 3 29 116 47 61 120 69 129 106 115 55 26 48 64 98 54 91 98 38 18 140 157 49 20 38 52 54 100 170 123 57 73 114 80 4 3 36 53 0 5 89 158 171 80 18 63 163 134 93 72 78 82 68 93 102 10 58 140 118 79 92 100 46 86 76 112 147 153 158 46 35 66
0 51 108 127 155 71 72 114 82 98 79 31 57 96 84 139 148 29 130 114 65 234 255 209 83 141 63 40 43 26 33 89 26 0 72 114 180 245 196 88 26 20 30 41 37 67 62 96 224 212 54 67 66 46 20 80 147 121 18 22 28 92 51 70 47 94 66 96 62 73 103 86 26 8 42 87 74 95 130 147 113 65 77 125 59 13 23 33 18 56 72 109 84 41 88 55 0 55 63 48
140 114 64 77 126 133 84 43 23 69 161 117 155 133 60 94 108 46 10 32 102 115 195 204 72 55 69 65 39 24 55 111 87 43 62 81 63 204 134 22 32 32 16 41 32 52 49 72 187 198 5 33 1 37 26 21 77 88 44 71 62 73 91 131 185 81 38 70 78 116 67 73 31 26 59 210 217 233 160 70 107 47 26 95 47 52 104 24 44 65 137 107 99 127 120 42 68 149 69 0
46 47 35 91 81 107 126 123 94 134 185 157 152 90 27 60 61 68 50 34 76 109 149 123 19 50 76 66 23 30 44 26 84 119 8 13 31 148 167 92 86 85 73 131 127 67 54 75 180 131 59 137 92 70 44 40 79 101 35 19 15 65 204 255 200 115 64 11 49 87 9 35 113 93 116 240 246 219 142 30 28 25 0 48 81 80 115 17 33 29 117 81 100 206 201 141 159 180 124 118
14 21 37 59 27 50 101 92 148 196 123 174 107 37 18 31 84 94 99 144 40 69 81 71 76 58 30 76 39 34 85 83 84 74 10 111 80 143 165 181 212 172 164 255 242 99 82 96 149 54 68 51 51 87 84 56 97 107 36 20 0 36 160 202 109 78 69 25 15 39 78 87 97 22 71 171 178 51 42 31 22 133 104 35 47 17 61 32 18 3 75 108 140 202 203 153 171 201 150 131
35 35 66 68 42 50 25 3 191 232 77 130 50 34 63 41 74 123 135 223 48 70 64 18 104 88 90 52 78 30 103 247 133 5 143 184 115 0 65 128 186 109 92 234 232 152 158 92 114 11 33 70 90 85 81 70 42 29 55 85 44 14 70 128 68 46 84 91 13 25 155 147 99 0 18 108 131 27 51 107 89 78 86 121 123 20 30 49 98 79 134 151 164 165 163 117 121 156 98 66
59 29 68 125 118 119 29 64 235 255 104 87 28 66 105 45 62 140 157 181 65 133 78 36 145 187 255 12 129 89 82 226 202 96 170 219 128 5 72 135 167 95 37 107 48 66 151 53 50 49 13 96 71 48 61 34 15 72 169 70 14 24 69 67 63 44 60 84 64 106 174 135 192 100 29 62 95 148 172 201 166 8 13 100 97 64 76 16 69 86 184 140 134 136 134 101 86 60 51 58
57 40 44 111 96 62 88 88 165 193 122 48 29 56 98 69 77 153 202 165 119 158 121 80 145 214 240 141 100 106 145 132 106 140 163 80 63 0 128 99 105 26 28 52 6 62 121 37 36 108 55 34 15 17 48 83 63 103 247 80 62 32 39 54 84 57 0 131 85 102 195 92 161 102 97 52 69 187 165 238 255 145 171 78 69 52 85 36 110 114 95 112 94 80 48 56 50 47 48 66
57 62 54 15 26 36 37 72 68 81 61 40 65 62 70 96 126 114 170 120 132 95 111 119 125 110 86 222 64 53 167 92 23 86 181 125 105 49 213 133 111 106 83 90 41 105 34 67 27 89 73 70 103 74 54 101 73 63 106 154 117 67 60 129 135 87 44 185 102 125 221 74 117 78 106 76 108 117 117 128 214 255 255 156 72 71 160 109 169 187 94 69 88 58 25 15 25 48 95 89
43 58 64 18 53 45 27 14 49 46 67 104 126 69 87 127 114 64 54 13 123 113 111 71 16 54 0 78 91 77 79 88 58 68 202 242 116 16 156 51 102 94 11 59 18 35 9 78 3 90 59 79 120 81 46 89 125 101 71 46 21 25 102 158 182 100 25 165 168 210 228 35 154 84 94 38 51 44 67 78 146 235 223 111 63 87 150 42 136 165 80 67 129 116 118 71 34 42 113 78
112 56 17 17 50 13 80 33 55 51 70 107 93 23 72 83 17 144 125 80 64 49 58 86 113 79 67 36 43 101 56 0 82 107 29 123 172 84 49 57 75 51 73 122 82 6 53 32 24 102 16 65 131 161 155 148 157 199 249 125 84 69 79 30 25 59 68 150 225 218 161 62 180 71 67 28 15 71 80 139 35 57 139 15 47 102 172 87 105 106 88 96 145 135 155 74 28 19 110 73
90 40 28 57 82 0 68 44 95 96 90 56 75 73 73 93 40 177 98 133 108 84 40 58 173 184 34 63 59 125 59 42 133 136 73 109 64 69 128 134 66 55 155 94 95 3 53 64 28 64 29 26 79 135 168 169 228 251 255 212 116 92 59 32 48 114 148 79 128 82 31 62 165 49 32 65 61 80 104 177 75 35 135 21 56 108 169 85 117 88 88 85 135 109 108 63 102 98 206 187
79 71 81 60 88 19 76 137 194 181 132 14 80 140 23 68 43 124 78 116 99 92 83 89 249 255 59 78 69 96 25 45 106 90 71 53 41 56 114 81 42 71 58 17 136 28 66 174 88 71 122 34 68 84 96 115 188 225 210 217 141 138 158 128 57 55 93 14 95 96 56 79 188 109 86 163 172 22 70 83 54 65 109 99 116 164 178 38 17 13 0 0 95 59 43 82 115 103 170 155
83 92 96 80 109 58 112 158 242 207 135 50 108 180 47 61 84 96 151 111 28 62 144 171 255 250 137 57 88 99 51 64 112 97 100 58 69 36 30 10 29 83 25 92 255 128 107 151 108 117 145 72 119 127 97 77 89 124 145 120 125 162 195 107 52 31 44 0 71 116 120 146 180 178 191 250 255 15 55 4 26 126 115 145 116 143 140 31 4 59 58 81 152 67 45 106 98 101 123 107
93 79 53 95 114 57 131 87 111 79 31 75 124 212 179 143 170 61 157 105 2 85 194 225 205 188 139 63 87 100 111 86 117 98 151 96 2 6 45 45 76 79 77 94 193 143 83 27 61 209 192 161 151 159 159 141 100 43 69 50 96 163 120 32 41 75 77 63 100 108 87 109 123 165 199 203 220 41 96 55 82 169 91 82 54 89 96 57 80 176 214 255 241 90 65 84 20 77 112 104
73 72 74 171 123 4 92 141 181 66 0 62 98 98 143 117 162 23 138 93 74 119 178 206 169 106 97 87 104 140 131 69 91 53 108 80 52 67 93 131 174 210 71 0 51 114 157 96 142 241 178 185 103 72 67 87 66 52 38 29 129 176 99 45 68 120 62 241 189 119 53 105 67 147 136 83 85 5 59 28 66 139 92 66 11 64 57 61 86 211 245 253 236 118 104 126 8 67 91 107
106 32 82 247 147 36 165 255 238 197 73 42 48 11 30 53 71 0 92 46 84 118 134 138 86 71 71 159 106 184 123 78 65 76 53 24 117 130 103 165 237 137 47 94 110 142 251 237 151 232 147 78 98 88 6 2 74 77 47 93 118 164 167 154 167 125 79 236 217 96 54 129 44 131 131 71 17 21 30 16 12 82 67 57 11 55 62 61 39 156 171 173 206 121 128 219 86 99 65 43
129 33 99 69 78 22 217 229 182 106 0 46 82 10 32 122 84 13 8 37 72 58 41 145 77 36 73 125 71 99 78 28 37 68 64 13 23 55 143 229 150 82 73 127 57 41 165 168 61 127 112 39 174 249 149 89 92 98 32 126 74 112 191 217 249 204 130 61 68 63 84 58 19 103 167 109 60 134 99 58 49 86 75 51 2 34 71 71 58 160 128 78 140 81 56 163 78 83 38 9
110 95 25 43 4 78 98 159 105 103 67 93 98 118 105 0 20 118 50 45 4 99 28 66 106 8 82 59 54 25 93 40 62 35 88 112 82 127 214 144 73 57 38 94 122 138 156 73 60 64 80 0 98 239 199 76 78 161 0 49 82 79 104 247 254 125 82 13 62 47 104 118 39 72 169 83 103 199 195 111 7 36 67 74 52 82 135 122 108 107 128 74 52 64 60 24 15 48 33 19
