96 54 0 49 57 23 60 22 57 48 25 103 88 83 75 53 43 21 124 141 59 80 34 48 36 97 19 18 38 38 59 57 79 124 69 0 119 188 152 106 78 80 69 37 91 247 253 127 126 61 42 0 50 83 58 203 227 140 148 130 87 115 218 221 114 42 146 69 65 53 99 142 113 74 81 55 42 86 33 41 36 61 155 130 55 69 67 43 94 147 141 116 14 82 67 48 50 19 53 72
142 162 44 0 53 65 115 9 24 0 78 13 72 53 48 9 34 5 62 62 102 93 10 19 64 101 2 24 35 53 129 92 56 22 12 49 125 155 147 154 171 110 58 38 35 135 183 130 122 26 25 16 87 141 78 220 179 79 28 23 25 98 199 235 98 23 48 52 27 42 20 113 78 108 106 53 23 66 66 32 10 31 112 106 94 157 132 46 165 176 89 51 0 76 69 63 25 21 49 33
137 123 28 66 95 110 19 31 0 38 75 94 87 80 82 53 12 54 113 107 239 175 41 51 65 172 91 14 25 35 33 77 70 25 23 65 104 106 83 100 128 161 120 32 27 9 54 52 67 62 92 25 0 84 69 79 123 95 22 2 0 62 95 128 129 32 42 37 23 22 32 4 18 59 131 175 93 14 40 0 40 78 50 47 203 255 131 39 192 149 50 0 41 4 39 85 37 75 110 71
155 127 131 167 204 118 0 22 42 18 85 101 153 115 85 61 103 152 117 39 133 87 27 133 166 255 181 81 35 56 90 82 92 90 73 36 59 42 7 38 118 135 94 85 91 8 28 70 64 125 109 104 99 34 50 98 159 117 10 48 86 122 44 43 132 19 76 57 39 110 28 13 64 27 0 49 83 20 57 70 43 59 63 74 127 123 64 67 116 95 95 33 25 41 190 172 64 116 150 104
109 115 114 188 225 102 73 38 50 0 8 0 118 78 101 30 88 113 60 35 88 49 21 160 237 253 252 76 0 54 64 168 97 33 10 0 79 89 43 33 44 59 89 154 51 6 85 148 184 149 97 128 132 26 98 136 148 177 61 17 49 144 57 0 58 35 15 63 118 46 44 74 23 41 114 135 77 58 143 127 27 49 68 72 83 68 29 22 26 165 186 162 71 46 95 141 43 76 100 62
153 86 15 55 70 56 59 60 6 106 61 90 96 77 108 24 52 41 35 100 158 70 6 74 118 202 255 193 85 41 17 110 92 75 142 104 58 51 50 46 0 22 138 189 150 45 75 54 76 159 97 0 42 47 88 101 62 90 63 58 31 44 44 91 44 27 40 74 129 28 105 143 66 0 62 104 38 67 182 178 129 90 32 55 137 133 67 49 70 98 90 95 71 21 35 68 61 75 110 103
64 39 63 0 91 176 120 36 62 121 124 86 44 49 40 50 93 44 43 56 160 101 140 187 112 48 152 163 76 112 96 94 54 75 145 103 3 37 34 37 37 37 184 248 255 49 28 53 109 177 148 92 49 60 94 55 56 73 92 77 46 50 68 65 56 82 27 137 66 105 196 163 94 37 14 80 87 53 65 98 117 153 125 31 18 135 186 103 1 71 112 14 78 0 25 56 64 58 93 94
37 94 63 21 102 255 171 51 66 79 56 145 155 121 58 42 64 62 113 48 166 96 194 203 103 44 54 86 76 151 186 153 158 152 131 93 14 73 37 86 97 32 80 170 152 84 60 87 147 120 0 65 41 19 76 75 57 51 75 46 50 93 125 57 89 73 37 79 17 132 125 102 51 7 33 98 27 73 158 87 82 107 85 75 99 105 114 138 44 17 79 24 90 36 76 54 82 49 55 30
45 38 93 54 34 133 116 79 15 28 81 103 109 91 77 80 87 25 123 80 29 128 172 130 154 64 10 45 71 126 187 163 143 104 100 62 80 1 23 167 163 62 23 30 19 12 99 123 120 79 17 54 89 25 123 139 116 46 5 42 94 98 104 60 73 15 15 55 65 96 122 79 60 19 38 38 0 112 119 122 100 8 4 15 5 107 191 137 28 192 175 71 15 24 92 122 117 65 149 185
10 20 117 65 0 94 188 147 84 14 44 50 120 136 100 31 83 72 204 218 59 52 137 152 150 61 13 36 54 60 100 88 96 107 75 133 209 80 66 108 124 79 16 35 58 23 39 63 43 49 20 61 43 54 174 217 242 135 43 51 143 187 73 15 38 37 6 20 102 146 106 44 52 62 1 48 17 112 172 125 164 61 10 48 98 68 153 31 59 169 133 41 15 9 51 62 176 172 83 108
26 65 86 93 4 72 67 151 94 13 44 143 217 255 148 44 18 86 211 182 67 78 68 76 121 120 78 17 45 73 111 90 81 178 105 66 122 55 67 68 7 25 10 36 48 49 51 0 82 83 92 0 24 81 134 191 217 121 29 82 142 93 64 51 0 49 47 33 68 74 59 83 46 61 30 39 35 191 176 64 52 109 16 123 103 0 66 47 168 180 45 2 31 20 113 67 113 187 81 60
67 127 127 35 30 46 0 97 61 58 160 175 153 42 44 48 29 26 35 77 40 27 94 73 141 178 130 35 71 44 50 80 41 127 98 8 43 15 0 51 59 41 61 129 125 52 50 28 34 47 109 50 26 0 122 146 93 76 30 97 73 68 117 85 24 48 75 109 167 186 144 118 24 26 72 77 40 163 169 33 99 118 59 75 77 105 9 159 199 119 85 23 18 53 155 169 13 53 85 93
109 79 66 58 86 68 37 47 0 32 65 140 104 40 39 75 61 84 84 26 72 41 16 57 49 170 154 46 113 86 19 4 57 116 122 49 106 114 32 53 66 50 55 96 130 19 0 18 51 86 120 60 28 36 31 70 61 46 37 95 72 143 91 55 57 117 154 131 134 137 84 52 28 43 121 36 83 89 5 119 145 137 134 55 133 186 53 65 102 16 36 48 16 32 153 110 136 51 61 117
135 78 0 97 89 33 44 41 55 35 68 140 247 195 143 35 70 45 37 43 75 11 73 74 125 141 98 46 110 62 1 33 33 93 82 22 53 77 45 40 44 14 38 59 90 59 32 35 39 62 91 109 38 18 95 40 37 60 85 66 129 94 49 26 11 65 85 50 57 44 5 45 39 22 35 28 102 54 85 114 113 9 129 71 71 67 0 48 75 0 141 114 13 53 133 158 178 125 66 100
30 108 64 27 54 36 122 167 70 72 149 188 158 146 102 46 18 22 77 37 60 66 56 13 77 91 99 68 90 105 60 18 33 41 53 66 43 5 21 74 102 0 39 113 82 70 36 72 95 1 49 111 105 43 48 55 52 127 161 24 125 65 87 22 30 36 75 76 69 51 42 115 130 78 43 0 81 58 53 32 5 67 121 103 54 90 112 22 85 52 117 114 35 59 143 136 37 60 91 86
79 185 149 90 69 114 66 128 76 24 151 131 47 31 28 10 79 39 125 143 71 58 110 82 132 109 129 87 37 84 82 19 117 93 126 134 95 70 53 77 114 49 68 119 67 73 0 66 131 75 86 122 15 58 122 140 185 131 136 23 94 127 74 35 107 43 71 64 36 81 117 136 144 116 59 3 44 8 39 60 16 57 33 33 45 76 105 37 36 43 102 95 30 49 91 93 64 0 115 72
127 123 155 93 87 78 52 56 30 61 108 117 13 32 37 20 23 73 110 192 137 42 33 23 11 49 89 162 109 41 86 14 97 84 68 131 37 83 131 20 31 44 13 28 38 21 28 115 147 79 15 69 55 13 0 63 136 107 67 90 75 53 31 33 115 72 52 40 57 72 42 54 78 91 67 62 31 93 110 120 4 60 62 0 40 0 44 92 45 0 43 70 63 112 30 62 70 31 62 73
121 57 110 112 22 116 150 101 0 12 95 126 60 24 30 31 144 152 82 92 151 43 35 32 31 130 169 126 96 5 69 108 81 76 60 114 113 110 168 121 76 12 70 118 80 91 30 25 29 42 89 94 17 23 56 47 44 58 19 19 32 36 86 88 41 17 5 32 73 108 51 53 8 23 47 73 78 0 43 0 66 137 120 60 63 69 78 107 102 106 88 71 115 80 20 80 106 93 51 130
38 61 100 199 91 87 138 78 30 86 83 47 34 30 114 58 93 181 96 60 42 98 112 42 79 160 136 150 125 95 48 104 89 6 26 90 105 100 148 50 56 45 78 137 24 26 86 70 45 26 90 110 40 20 73 78 70 43 56 101 73 31 108 65 56 79 58 17 206 218 131 104 120 60 31 20 36 79 119 87 57 119 112 41 94 127 22 65 144 190 176 135 81 34 31 0 65 59 64 35
80 30 137 214 129 68 38 75 54 110 109 44 21 22 127 137 60 105 83 61 107 120 117 70 22 78 135 168 105 22 27 74 62 71 60 101 40 74 25 35 105 68 59 63 27 90 65 52 59 38 10 11 26 40 63 101 89 26 2 78 119 79 91 73 77 23 44 30 212 243 172 37 114 49 116 73 70 46 100 108 53 51 88 101 130 114 95 96 190 174 70 60 30 80 83 0 20 24 74 17
28 86 65 39 88 110 49 77 15 48 104 48 15 45 79 147 137 39 62 119 134 90 40 0 26 35 59 116 72 34 86 90 77 33 70 19 44 41 12 20 17 82 118 101 66 88 21 9 63 86 43 78 139 158 94 105 87 28 63 99 31 48 119 154 183 137 78 28 54 102 62 41 2 92 160 98 51 69 170 119 89 91 51 179 235 82 58 25 159 185 49 39 85 83 32 67 19 37 33 112
62 130 15 34 13 74 141 50 18 91 126 132 75 60 97 135 79 65 25 92 181 181 50 60 57 83 35 66 21 50 94 97 47 3 22 67 9 79 39 53 7 120 146 125 73 62 69 49 11 39 23 96 169 204 91 21 17 23 65 107 81 47 11 81 177 252 174 43 79 110 48 81 107 125 116 90 40 132 182 179 146 72 88 242 233 115 53 15 104 65 43 42 22 36 86 66 42 51 79 131
105 109 124 212 145 60 41 41 1 72 138 211 129 24 48 94 92 57 24 35 139 129 101 49 68 65 67 20 35 22 56 12 17 26 0 27 63 95 53 37 34 81 126 40 20 49 50 110 65 78 31 44 139 230 148 34 59 41 58 81 61 31 47 117 182 180 142 18 77 140 102 8 19 27 103 31 79 167 164 112 0 30 125 195 215 119 18 55 12 110 108 78 51 8 34 64 29 32 111 86
93 97 152 189 120 49 125 103 43 32 153 148 135 149 51 50 77 150 96 56 37 96 176 151 26 22 87 96 73 93 95 59 37 88 86 84 64 64 143 81 14 74 65 39 120 117 114 148 154 112 43 61 156 149 64 23 100 134 111 93 131 80 42 31 75 83 86 60 91 139 90 48 45 29 12 20 77 141 139 81 91 131 81 41 95 9 37 16 24 67 8 50 26 15 42 55 75 90 93 148
64 23 11 24 50 128 95 12 80 96 6 49 127 134 56 104 22 63 90 53 20 47 162 180 97 26 10 66 66 65 119 138 44 97 133 194 93 12 39 26 83 25 62 51 51 120 98 216 149 93 125 60 143 181 94 45 65 139 122 156 158 89 30 66 61 101 184 125 112 156 117 19 0 91 46 22 93 61 29 65 121 125 17 94 81 39 37 26 52 74 132 108 31 78 58 44 20 42 98 82
67 47 90 71 122 154 94 11 84 50 85 136 122 10 168 154 122 34 9 6 20 73 125 56 58 68 0 81 39 7 131 134 104 58 175 227 138 16 135 127 101 74 52 84 11 32 138 248 211 123 113 71 27 86 87 23 34 141 42 174 255 146 37 42 44 144 133 141 95 69 178 65 46 34 54 47 25 62 51 10 109 132 40 56 77 53 34 12 41 114 113 105 39 83 89 72 11 13 84 123
120 79 35 91 82 161 130 59 70 77 200 232 136 15 100 77 16 36 88 62 44 92 111 44 104 85 16 179 124 5 87 114 79 40 102 112 116 124 111 169 103 44 80 53 41 4 147 244 79 27 61 52 39 114 90 30 71 81 39 131 161 146 57 42 32 76 52 9 83 99 31 0 38 58 35 1 63 23 48 57 139 126 107 50 43 64 45 27 16 4 84 128 88 39 64 19 95 35 50 72
91 119 35 137 172 49 60 101 106 197 210 200 94 53 75 28 116 117 121 93 94 73 19 16 37 45 79 163 153 110 49 0 39 56 33 112 99 146 72 8 101 93 45 71 48 36 102 137 137 88 65 6 24 72 105 77 91 124 30 94 120 110 63 59 80 63 28 71 109 88 95 84 55 27 37 63 34 52 11 103 124 49 152 180 72 25 5 53 58 49 113 118 22 54 45 48 62 20 48 66
0 90 25 59 83 37 97 81 59 98 169 114 64 101 112 58 58 93 114 87 73 57 20 48 25 54 141 90 118 189 127 54 62 2 35 61 26 46 78 136 107 94 83 73 0 55 22 19 55 68 85 104 75 38 94 73 76 75 74 159 138 57 30 95 174 25 79 155 133 66 22 141 152 81 35 65 46 10 68 96 68 56 101 198 62 0 18 63 36 41 73 31 101 90 40 40 53 82 168 192
3 99 40 74 126 78 1 41 74 122 93 119 105 48 113 26 46 74 86 36 0 33 69 65 18 20 84 41 53 69 90 107 0 32 18 7 16 70 179 101 27 85 106 129 68 79 146 50 46 75 131 175 139 98 34 111 107 88 58 0 89 146 83 39 34 86 118 106 66 60 61 88 175 123 9 19 23 60 13 86 250 255 75 177 108 32 45 31 7 32 7 103 171 165 65 38 59 103 183 178
0 39 93 50 86 30 33 19 0 64 56 99 125 63 36 19 38 38 70 109 41 16 54 91 53 67 106 131 126 60 62 60 31 15 82 115 29 30 86 58 32 76 126 121 98 125 63 16 65 94 103 118 133 130 37 122 88 37 37 97 147 73 138 8 97 67 19 67 22 17 74 16 70 38 0 38 57 9 62 23 231 228 4 194 218 114 51 44 32 60 68 77 80 89 84 48 20 46 118 119
42 55 49 37 44 11 41 27 52 108 99 48 74 45 85 114 30 32 29 105 104 73 88 138 129 87 80 170 180 83 40 30 7 47 40 51 110 73 41 24 41 45 111 30 204 176 65 51 55 124 68 115 134 110 165 90 75 63 58 45 117 17 132 121 61 81 37 42 31 38 49 55 25 0 25 80 62 8 105 99 78 136 53 213 242 207 89 48 35 35 46 81 73 83 4 42 22 26 94 125
2 26 49 80 61 24 95 78 36 77 143 85 56 43 153 107 63 82 75 27 59 98 18 62 52 57 17 125 147 68 35 15 5 20 19 18 166 137 102 95 87 77 45 41 148 141 66 45 41 65 149 165 131 39 99 113 108 85 68 35 78 66 72 111 87 40 20 12 18 58 70 144 76 120 81 18 50 36 83 157 64 55 83 169 142 189 113 47 51 71 82 81 68 129 69 92 106 90 85 83
65 76 71 56 66 50 26 97 90 37 52 93 74 48 77 30 126 123 107 73 51 132 108 42 68 109 67 95 29 49 4 32 18 40 36 36 63 54 122 108 19 80 81 32 90 113 111 144 141 155 137 171 129 78 40 133 169 172 53 69 46 79 6 37 14 62 6 56 19 35 115 164 149 157 104 103 121 0 165 163 95 61 11 50 64 38 66 6 36 79 111 104 6 104 123 87 78 110 99 56
147 150 95 58 94 121 47 79 60 22 19 50 60 80 128 133 132 146 107 91 31 96 136 92 168 131 75 40 61 71 51 24 36 115 42 28 47 29 114 145 38 1 95 132 47 7 91 164 215 183 102 30 148 140 87 133 126 54 92 45 13 116 119 0 11 52 19 145 99 16 117 177 115 149 90 77 64 25 110 120 91 86 24 69 69 31 60 56 41 14 31 2 48 77 142 68 61 113 98 54
156 169 97 76 82 115 100 3 58 46 78 43 28 39 94 87 117 138 92 85 82 213 203 42 105 123 101 18 66 39 107 38 11 123 51 35 68 0 19 60 48 14 59 86 48 14 25 51 44 125 140 83 161 146 112 140 60 20 70 117 69 3 114 93 21 45 80 130 102 19 92 111 200 107 105 120 115 11 2 77 32 49 60 54 35 28 32 114 34 44 56 53 36 0 18 31 157 153 102 56
58 55 20 29 28 51 141 76 33 66 36 1 74 51 14 103 62 41 55 46 3 158 209 100 27 120 81 13 69 205 235 92 39 78 115 114 76 0 36 40 19 24 34 16 3 22 16 7 29 78 121 102 111 64 145 216 120 97 120 52 67 147 206 119 47 6 20 57 74 56 90 59 88 53 35 136 86 86 103 61 66 22 52 5 88 85 35 25 56 30 54 77 56 45 51 79 107 87 95 125
36 5 37 65 70 28 52 80 115 68 68 78 9 43 41 105 190 104 87 93 102 156 135 113 45 151 153 52 56 249 251 152 29 21 123 147 86 20 31 1 18 0 18 29 0 0 15 32 12 29 75 52 44 0 131 199 175 114 84 157 255 229 243 251 121 80 39 108 60 42 67 34 21 41 50 10 66 80 182 53 0 31 79 70 97 86 71 26 33 19 67 79 87 11 35 133 160 93 66 81
80 36 66 54 43 38 38 120 87 75 108 116 16 39 14 84 158 126 52 3 104 150 105 124 62 108 152 72 91 199 239 204 91 57 48 37 16 3 9 23 10 23 3 9 36 42 0 25 6 33 21 26 73 129 151 157 244 131 212 228 255 255 133 71 74 120 114 143 38 59 122 91 47 0 0 8 49 18 80 127 56 116 101 104 51 62 80 19 18 55 75 168 154 68 32 125 103 75 49 54
26 58 120 88 14 33 20 45 37 34 61 75 80 59 0 89 107 93 51 19 97 89 65 95 58 75 75 39 43 68 119 80 23 24 0 8 3 9 0 6 5 0 26 62 22 18 20 52 7 94 182 117 248 241 252 255 138 46 223 72 217 123 101 152 149 85 67 94 53 74 98 51 38 27 63 40 26 31 122 107 3 29 46 34 28 62 137 74 34 28 61 109 110 32 59 7 63 98 76 38
37 92 76 86 115 143 11 50 81 36 113 105 48 4 8 41 91 98 88 81 67 65 127 59 62 33 6 7 26 35 20 0 8 11 19 10 26 33 3 16 8 14 33 61 17 40 44 42 59 192 230 60 234 255 246 248 195 141 35 193 239 255 248 190 125 29 11 32 99 97 95 31 1 56 66 64 60 75 67 92 100 76 40 79 81 93 89 89 54 14 37 72 2 45 93 5 103 168 96 65
1 24 66 179 255 140 30 72 26 45 105 144 105 4 22 76 78 51 113 169 73 62 94 76 20 9 0 2 12 17 12 4 19 14 5 0 9 23 0 8 25 16 37 5 13 8 68 59 24 115 139 230 159 255 255 249 236 98 1 122 211 198 197 140 77 4 37 97 171 124 113 70 48 46 95 91 0 35 72 60 29 9 26 25 69 86 24 19 2 25 24 17 81 30 66 64 78 67 33 64
56 0 81 153 117 24 27 30 6 34 51 75 80 11 27 98 139 35 0 26 41 53 4 35 11 18 24 22 16 11 11 15 7 7 0 1 0 21 3 21 40 42 2 34 62 72 49 20 56 22 105 179 42 111 225 254 247 100 65 37 73 146 132 93 220 223 111 47 86 13 63 88 69 76 103 48 63 40 24 72 0 58 176 104 48 70 74 25 31 63 24 44 63 52 30 6 2 31 9 31
107 79 122 105 44 72 35 60 36 59 90 58 65 57 10 43 66 0 47 41 29 24 17 12 5 15 24 20 8 0 0 6 0 5 0 16 4 21 12 30 15 0 0 46 100 135 201 185 213 230 255 251 162 137 159 67 60 159 63 79 119 109 61 26 163 255 136 99 98 13 67 31 50 23 64 36 58 69 39 54 110 105 146 119 45 1 49 24 122 100 55 77 0 75 60 39 19 104 97 107
115 98 109 135 105 152 85 90 55 62 79 24 4 39 19 28 44 14 25 2 1 8 24 0 0 3 7 8 5 4 4 5 17 12 0 18 11 18 13 13 11 63 1 12 95 156 193 255 255 255 241 236 255 120 220 240 229 249 127 117 44 37 93 111 62 81 49 104 62 72 134 42 32 0 0 52 0 120 57 36 66 75 70 103 131 65 24 32 38 14 52 65 111 145 64 9 25 109 130 159
57 67 87 167 136 123 151 116 27 30 20 25 2 13 19 0 24 65 23 19 17 6 0 12 12 8 5 7 11 13 11 7 32 7 0 5 18 18 25 6 26 24 17 79 0 112 134 131 242 255 238 255 255 255 200 185 79 142 236 121 42 81 112 166 66 66 107 104 48 118 121 71 3 26 41 100 46 64 5 97 84 93 117 76 65 46 2 36 51 55 74 21 108 179 112 53 9 153 163 140
111 119 14 13 22 0 46 47 83 63 25 28 3 11 19 11 19 10 0 23 0 5 23 16 15 10 5 4 5 4 0 0 18 0 3 12 31 13 45 25 25 14 79 94 56 82 159 255 255 218 242 242 255 249 237 189 51 97 255 167 95 139 222 168 104 158 185 85 41 62 47 78 97 32 77 138 144 69 39 68 112 45 108 102 77 35 27 42 34 106 92 45 9 82 72 80 0 144 135 102
189 113 57 147 185 189 143 25 19 29 56 41 10 24 0 20 0 15 15 0 24 0 0 17 16 15 14 12 10 8 6 5 0 1 34 35 41 2 53 43 62 40 16 35 33 7 19 252 243 255 146 252 254 228 255 95 143 25 127 88 122 118 60 47 246 255 244 136 75 0 33 86 121 130 193 197 152 78 94 129 75 36 46 28 61 14 43 11 0 74 40 93 68 41 2 58 5 17 29 96
112 47 29 109 109 111 103 62 39 3 35 47 19 0 0 30 0 3 23 17 23 1 8 7 14 0 21 8 0 22 16 3 8 23 50 37 90 44 31 59 91 59 59 64 105 78 193 239 255 237 241 255 247 243 252 124 84 138 186 127 176 71 156 117 241 255 224 185 76 14 15 15 99 198 225 101 22 59 214 179 87 61 11 21 75 61 27 50 42 14 106 36 65 111 52 30 50 0 62 92
148 29 35 17 51 59 64 92 72 32 16 30 22 9 17 16 8 6 14 14 21 15 23 27 20 0 13 11 4 16 9 6 6 16 28 38 43 23 21 29 69 70 54 115 158 98 134 255 231 254 143 102 255 254 235 255 255 254 100 174 223 141 243 236 169 155 253 163 102 61 7 25 165 190 111 122 98 144 255 215 82 27 44 48 65 82 90 8 12 21 94 46 64 148 100 11 36 0 27 28
94 48 26 11 24 2 82 121 41 46 28 33 14 0 31 26 13 10 4 12 10 15 14 21 23 0 7 13 8 7 2 8 18 28 12 0 29 94 129 42 19 43 36 74 84 169 108 253 255 231 54 125 148 163 83 238 248 245 174 84 166 191 245 227 102 148 108 106 32 0 34 6 50 94 109 36 9 57 134 123 122 80 65 61 84 80 82 62 46 20 31 82 142 138 49 17 17 21 23 0
108 50 41 31 15 77 46 48 8 16 6 10 14 15 17 0 4 7 0 15 1 9 0 7 14 5 9 13 6 0 0 10 24 0 0 47 195 230 249 109 22 9 69 54 13 41 104 30 237 251 255 184 184 88 138 255 131 52 89 81 213 74 84 42 93 67 46 54 29 57 35 28 151 52 62 40 81 80 50 52 104 90 84 108 101 85 85 121 51 12 40 48 38 59 73 70 41 70 75 35
70 61 77 84 39 145 123 91 29 34 43 26 32 47 26 14 0 4 1 16 0 8 4 16 1 15 17 12 4 0 4 11 26 10 10 59 221 255 252 96 25 10 23 44 23 48 113 255 242 255 221 184 255 248 198 228 255 119 157 164 230 116 71 44 55 78 87 78 68 10 35 18 65 161 170 119 60 125 119 66 92 30 88 108 31 48 124 92 93 107 115 37 61 60 36 50 36 37 53 65
24 34 18 56 77 139 169 69 15 23 39 9 4 20 9 33 3 7 7 11 0 2 7 20 0 22 20 17 12 2 11 17 0 36 3 0 72 209 227 110 17 78 151 163 54 40 240 231 255 243 250 255 241 239 211 141 32 121 182 113 60 29 83 52 6 71 152 103 62 47 35 102 98 149 202 190 169 203 114 11 11 16 12 0 62 33 63 128 134 40 38 14 57 59 57 46 38 7 20 94
2 13 48 20 24 17 26 27 44 32 12 10 35 41 22 21 7 6 13 10 11 3 10 14 1 23 15 26 30 9 15 26 50 49 32 32 16 112 131 69 115 255 251 255 224 122 103 249 237 226 255 236 100 118 170 41 125 83 72 53 83 68 37 54 15 90 113 62 37 71 0 31 31 15 142 163 169 175 109 78 35 23 27 53 60 32 22 45 83 70 41 30 80 52 25 18 35 33 23 81
12 66 36 52 66 0 55 102 47 58 33 48 59 28 19 13 0 0 15 15 33 18 23 18 10 22 8 34 46 14 17 33 15 0 31 24 5 101 137 49 152 238 255 250 245 203 255 255 252 230 137 86 32 9 42 36 88 131 0 109 160 105 99 79 28 150 91 15 33 18 56 37 67 42 29 60 5 39 41 19 0 74 29 67 60 113 54 96 85 61 0 33 62 33 30 9 66 119 81 70
66 100 96 115 58 70 51 24 27 27 56 28 25 12 55 0 19 11 4 30 46 20 38 7 14 7 7 3 2 23 30 6 47 61 72 109 81 184 177 234 249 255 244 253 225 19 233 236 83 102 48 136 100 18 152 102 89 40 9 133 181 127 127 93 0 87 75 0 38 34 29 23 70 2 64 5 67 23 12 47 18 90 82 71 114 119 7 106 66 52 48 92 35 34 0 40 94 110 80 57
37 91 105 84 92 107 23 47 72 76 74 22 3 95 87 27 26 69 15 48 62 24 39 6 24 13 4 18 45 48 27 12 39 28 43 221 127 227 136 242 251 253 147 57 148 187 160 18 74 14 92 121 41 41 35 45 6 13 25 158 157 90 70 25 17 87 103 53 44 16 53 83 60 19 100 101 125 22 88 37 0 132 120 79 59 77 50 72 17 85 146 163 84 48 16 41 68 67 58 47
44 127 138 84 93 59 40 204 185 91 14 42 65 127 117 52 45 114 60 41 30 29 33 13 0 17 23 35 60 58 44 49 111 8 58 235 144 255 255 246 255 206 81 180 126 74 32 115 78 62 77 117 93 76 87 81 19 0 41 94 65 67 146 105 59 27 38 103 106 37 32 41 40 90 107 81 92 69 88 99 22 27 82 66 130 64 25 1 20 37 113 220 211 113 42 21 6 25 62 114
80 81 91 96 90 64 111 145 144 23 82 34 36 120 111 27 96 25 47 35 0 21 39 41 16 27 39 61 97 105 62 12 26 47 29 171 193 125 219 251 156 91 118 134 61 38 59 105 113 26 89 79 34 82 103 77 39 10 92 43 61 80 187 170 114 74 26 46 77 91 89 55 1 105 129 72 42 104 113 64 92 101 62 19 90 13 104 156 82 64 119 253 237 113 53 47 37 64 40 83
37 117 105 18 10 0 38 77 84 135 101 0 73 62 53 50 103 82 66 0 58 63 30 58 40 26 35 53 74 106 109 74 103 119 125 72 15 225 255 153 130 62 10 97 14 52 114 131 85 69 149 110 58 139 82 126 83 65 160 90 126 107 139 177 100 69 48 99 151 119 63 59 60 69 50 76 106 2 63 85 124 117 43 30 106 133 42 149 22 28 28 93 96 112 96 46 115 172 89 101
1 86 93 7 66 72 31 100 21 9 49 36 34 29 0 48 52 44 86 55 50 45 115 55 49 34 28 19 16 52 102 123 140 136 224 215 202 18 170 177 121 37 59 33 21 49 42 134 167 95 22 96 43 191 187 124 116 30 87 83 38 55 104 154 60 93 100 64 106 107 46 47 42 93 88 76 122 88 39 43 105 144 24 33 95 85 11 81 43 79 63 52 56 169 188 113 19 103 57 76
117 29 41 18 6 46 59 53 127 174 123 83 0 12 42 91 116 88 138 143 69 0 80 65 74 89 61 55 132 208 224 219 142 104 70 168 199 64 40 34 125 140 70 65 90 102 41 39 82 69 56 117 46 135 95 103 151 47 22 57 4 57 138 135 47 80 138 70 84 78 38 84 116 53 103 111 47 172 99 76 142 135 77 18 65 67 54 79 63 27 9 12 79 205 221 143 46 62 46 41
138 73 19 33 71 102 108 65 107 173 139 89 32 61 32 17 63 74 128 71 4 30 78 39 158 210 129 51 146 251 251 236 167 46 28 94 59 42 67 30 168 197 109 29 89 63 95 58 38 1 58 89 15 52 55 77 180 151 9 0 54 84 134 108 39 61 129 36 97 160 91 49 84 11 54 98 64 155 110 76 145 72 21 100 93 17 60 85 82 32 48 19 46 119 178 172 106 42 52 35
138 61 82 64 66 151 121 167 92 70 89 96 27 0 12 33 42 68 34 0 49 46 52 100 144 83 37 85 172 216 185 125 117 27 55 51 17 75 53 53 140 98 30 45 46 107 122 9 46 42 40 50 38 55 100 107 226 165 83 74 150 193 143 70 81 87 81 85 64 99 74 56 92 0 56 19 27 115 72 87 172 131 46 85 75 0 22 53 81 38 53 30 45 60 71 64 120 103 10 3
62 91 111 135 6 86 69 121 123 75 101 100 140 128 93 85 45 51 31 11 51 109 159 165 179 71 23 133 224 112 111 28 5 64 51 54 105 112 85 26 95 39 44 59 76 95 87 10 36 10 57 46 58 85 103 98 169 192 142 124 126 162 97 20 21 88 11 59 136 235 224 148 86 36 70 71 5 52 41 130 143 75 54 109 98 27 49 21 103 78 64 28 1 56 28 60 99 67 73 33
119 90 61 116 84 42 42 104 89 31 77 27 137 131 103 94 61 61 27 61 117 196 230 158 125 71 78 217 200 61 64 24 68 73 66 89 109 180 158 57 28 19 50 64 95 109 48 40 46 0 73 16 33 80 82 64 94 97 120 119 48 26 26 27 19 67 103 60 149 205 128 49 38 0 34 79 82 45 74 149 102 45 95 71 40 52 46 107 178 163 74 30 36 37 0 158 157 51 60 9
128 170 134 80 181 106 69 51 30 55 116 142 10 102 115 161 136 1 109 134 79 151 92 70 93 41 106 175 115 70 55 64 60 33 85 66 26 142 249 151 39 48 56 109 118 178 80 41 113 127 204 87 24 71 112 118 49 62 84 16 71 74 46 48 10 32 59 80 134 138 40 205 149 53 32 92 165 65 35 0 26 91 10 0 76 140 96 45 97 131 118 34 75 92 0 140 145 0 36 49
69 207 193 64 78 74 42 39 9 28 96 138 0 68 102 75 77 140 177 93 36 100 57 16 106 56 155 102 50 31 80 134 79 36 49 71 94 45 175 137 11 83 121 158 65 84 69 47 129 203 234 98 0 76 200 245 137 95 124 25 49 115 99 39 26 24 13 57 98 36 154 234 123 104 66 119 107 64 105 142 54 106 94 125 195 104 28 55 113 168 109 117 88 50 54 0 67 120 92 9
49 106 164 136 102 80 45 37 12 144 117 125 33 68 15 78 56 158 193 90 44 34 0 69 92 65 65 22 34 69 98 71 74 5 0 79 106 52 9 22 85 177 132 105 99 54 55 70 136 189 160 86 68 169 253 229 123 97 128 86 23 81 65 3 0 50 0 91 50 47 156 125 116 112 109 141 120 89 144 180 137 97 188 92 117 77 32 62 143 103 81 70 33 72 9 37 103 64 0 44
74 18 54 59 95 91 91 32 67 175 149 56 112 84 24 96 37 21 23 50 80 88 80 24 9 39 0 0 9 42 59 46 12 20 78 81 50 140 27 36 86 204 115 33 73 33 39 81 101 135 116 93 136 169 150 57 91 124 25 7 37 79 70 57 48 80 24 57 114 53 31 99 100 117 206 231 170 63 63 74 110 46 69 22 8 0 95 83 96 147 93 52 62 78 47 122 87 147 75 63
78 10 2 39 84 65 72 49 26 56 118 55 39 69 64 88 75 59 68 57 138 89 0 89 76 44 20 24 82 34 64 114 78 77 124 72 86 84 23 29 74 150 91 37 26 71 82 33 55 104 122 66 81 64 77 53 93 39 15 148 124 25 69 9 53 40 15 36 32 81 33 23 108 111 184 248 136 70 40 90 80 57 69 69 28 71 118 57 25 105 45 75 106 8 122 232 152 127 52 50
82 0 8 82 95 63 100 42 11 92 53 84 58 54 35 16 59 45 58 87 210 217 59 24 13 16 34 22 49 74 94 80 65 84 35 66 64 32 92 88 85 134 97 68 17 113 78 33 53 115 47 17 54 71 145 109 72 72 23 87 105 15 117 77 54 44 83 48 45 27 0 15 15 5 64 195 124 71 76 99 121 127 130 139 40 145 186 81 45 18 1 102 133 58 100 172 137 101 93 27
65 36 71 8 20 167 133 22 57 107 55 79 107 84 60 32 7 39 53 143 204 202 70 104 126 78 68 50 40 81 153 56 25 19 66 59 36 52 29 0 106 138 138 97 35 71 80 61 83 66 80 44 85 118 157 184 96 22 100 133 26 67 103 133 139 97 114 178 69 70 54 30 14 63 33 21 106 119 110 98 98 91 86 68 58 65 183 175 101 35 64 118 86 79 120 177 160 168 43 5
166 77 57 16 73 182 50 32 22 109 102 23 60 49 3 25 65 73 92 40 66 88 10 99 123 85 61 51 102 99 113 51 51 15 178 198 56 8 12 49 92 187 176 100 130 80 24 24 64 49 82 79 112 95 94 84 11 41 133 103 47 85 62 59 243 201 91 155 106 76 18 11 11 60 55 74 79 69 34 29 0 102 66 91 39 31 89 171 144 88 169 146 19 27 13 59 80 68 101 142
96 32 59 80 75 143 108 101 23 35 58 73 94 52 79 136 36 95 47 68 130 97 124 132 92 19 82 114 105 30 29 27 7 21 110 139 55 11 38 50 111 196 214 91 52 33 64 34 65 47 19 0 42 71 51 34 47 87 129 54 80 122 19 57 107 123 159 204 170 83 69 36 29 48 46 46 10 87 96 40 46 165 165 58 57 2 48 91 66 12 124 131 26 84 44 46 34 54 54 186
8 32 44 48 95 140 107 99 0 0 40 151 103 30 142 130 48 91 38 145 122 69 144 255 222 102 85 150 180 64 21 16 10 37 0 32 71 18 12 39 96 199 191 65 46 66 126 114 19 21 42 26 113 189 60 49 95 39 83 80 154 60 122 151 110 96 191 151 128 65 95 48 12 64 92 40 95 150 168 114 42 94 144 0 70 41 82 96 14 55 61 46 66 96 10 83 115 0 91 51
39 17 85 106 83 69 37 82 16 49 77 81 65 49 124 157 119 31 39 135 166 153 114 187 119 88 15 67 105 0 0 10 0 94 88 16 0 31 42 0 162 205 130 16 33 68 130 128 27 56 52 65 142 172 69 41 55 25 35 135 155 17 173 169 52 42 145 84 38 29 53 39 18 35 54 26 37 33 57 102 13 35 56 37 15 56 16 79 56 26 30 45 24 70 58 39 42 91 110 74
29 43 38 79 167 170 39 100 67 93 115 105 153 43 1 32 97 53 27 73 110 100 134 85 83 7 13 66 43 54 65 22 65 108 133 121 67 46 64 34 91 184 108 8 86 51 45 60 65 116 87 95 131 103 126 69 75 64 30 117 40 136 98 119 109 26 90 104 70 126 122 72 56 20 31 35 0 28 41 44 34 33 43 50 38 78 44 97 86 40 16 26 39 82 68 8 49 66 169 138
14 69 14 92 214 237 85 109 76 153 144 159 160 0 94 13 24 30 8 43 22 110 180 158 88 5 69 59 23 97 40 46 84 153 115 151 150 27 5 36 42 45 49 26 104 130 179 74 29 56 87 37 57 71 170 142 68 18 10 37 56 194 146 46 0 14 27 62 126 147 96 157 115 34 70 55 58 61 106 98 88 91 77 72 103 136 77 45 26 68 57 12 15 24 28 50 94 70 92 159
2 75 74 0 102 237 97 152 34 192 231 31 72 57 59 67 120 69 36 67 15 126 218 172 86 43 41 41 41 32 51 14 21 99 102 133 121 79 22 81 89 38 61 48 78 68 221 193 119 197 142 77 92 103 143 155 89 14 65 0 36 125 114 15 54 4 65 17 69 83 132 223 145 22 12 47 144 54 113 164 133 142 107 73 113 94 102 0 48 42 55 46 2 17 54 104 89 85 98 65
42 65 0 31 33 48 104 170 124 190 217 167 128 89 13 57 52 70 109 89 64 107 161 164 131 136 26 55 26 20 34 11 20 75 96 25 72 60 85 58 28 70 80 11 82 11 159 88 25 142 131 55 56 80 150 170 119 0 66 46 46 6 29 42 61 22 43 116 60 70 105 165 156 53 46 82 92 28 47 177 185 185 94 36 66 37 53 77 32 56 1 86 100 103 80 192 161 27 60 55
122 110 67 54 99 113 158 166 165 134 29 134 142 36 41 0 65 144 119 133 89 137 179 89 117 161 70 96 59 41 26 47 85 40 61 32 35 108 46 20 38 74 103 34 41 17 55 36 87 37 65 122 51 44 133 143 84 51 73 14 77 39 19 15 31 30 41 11 17 21 81 110 83 22 55 54 10 48 35 101 151 115 14 134 20 85 29 102 107 41 57 76 179 187 189 110 210 177 91 56
111 60 136 89 186 200 141 66 79 37 153 178 155 108 2 48 57 101 47 104 78 43 95 103 70 48 64 51 72 69 34 89 65 84 66 64 18 49 117 38 78 49 97 102 38 50 17 44 82 42 51 65 84 43 104 131 120 70 39 0 53 51 54 61 47 40 74 47 55 69 83 166 87 46 132 119 22 55 46 30 49 40 95 102 97 109 108 86 73 71 76 39 186 255 138 188 148 121 155 158
136 40 133 195 207 158 151 88 40 66 112 145 127 150 84 110 104 83 54 15 143 54 18 121 85 37 120 55 20 2 34 142 66 54 56 116 49 10 87 60 69 59 70 111 82 63 41 34 35 89 45 107 59 72 47 142 112 14 58 80 30 14 65 75 81 32 47 28 47 145 189 194 158 131 151 134 36 53 78 86 23 0 79 102 46 142 209 169 180 94 0 72 41 40 83 82 24 32 90 130
41 14 59 169 148 118 77 51 58 43 0 17 89 127 100 56 85 120 110 61 148 83 56 119 87 26 43 50 26 17 58 75 45 40 84 64 35 96 59 4 69 99 60 55 59 101 20 37 28 0 42 83 136 23 31 66 99 12 56 66 49 58 96 112 82 21 17 105 124 93 162 232 180 108 10 65 53 50 36 80 54 36 24 19 98 221 241 220 167 16 99 81 67 26 92 13 55 86 16 38
1 26 2 16 21 57 20 54 70 71 44 14 29 22 82 75 38 56 18 98 101 58 74 72 118 108 79 100 59 23 67 22 55 70 53 14 69 65 128 61 88 89 49 20 33 111 13 71 52 33 61 46 159 115 106 80 49 16 55 45 168 150 89 104 107 107 73 216 181 97 4 35 21 118 128 100 67 128 166 140 79 71 54 27 87 243 240 99 64 36 87 33 38 42 142 98 84 0 3 62
3 46 69 94 57 0 26 63 17 45 7 50 4 26 75 64 20 84 101 96 59 26 60 78 97 109 78 70 65 50 124 83 94 136 33 26 69 150 138 60 81 36 21 26 78 54 74 92 126 79 96 43 22 102 173 99 13 46 107 7 162 177 108 70 34 28 157 229 154 48 108 250 217 84 82 109 120 102 130 59 24 6 34 76 50 110 125 64 53 56 15 37 86 40 102 101 133 141 60 63
72 81 43 43 56 78 72 49 7 76 0 33 34 86 86 85 27 52 43 86 75 27 37 45 50 48 22 29 91 76 173 88 51 56 39 1 175 215 149 46 1 46 43 26 18 64 59 67 91 38 98 18 54 0 96 68 30 71 122 101 76 117 54 17 45 132 22 129 80 46 99 181 137 58 99 3 158 170 150 83 51 0 72 111 137 78 75 68 97 54 37 48 32 77 97 102 180 209 52 22
91 103 71 18 41 89 91 33 81 101 38 42 108 62 45 81 91 62 46 24 54 59 108 118 109 62 61 36 68 69 87 70 79 79 18 67 153 120 62 23 16 14 55 58 37 1 31 70 42 78 59 46 129 151 111 84 80 81 153 160 36 92 34 51 57 122 15 38 9 79 26 22 66 153 61 67 138 185 165 131 75 32 79 23 100 49 83 41 40 43 56 9 31 43 58 22 90 128 41 23
82 137 162 58 107 61 49 25 26 117 67 6 68 65 23 59 47 0 72 16 62 2 94 128 140 35 96 45 56 99 79 21 168 127 37 129 186 91 34 7 97 75 83 40 25 26 95 114 54 73 39 74 104 174 111 52 73 98 97 91 67 101 21 115 33 30 28 28 60 80 37 62 73 79 101 160 81 116 164 73 15 56 78 66 36 70 52 29 8 85 63 23 52 70 54 78 38 51 38 44
90 94 121 115 10 19 49 95 60 69 117 35 74 41 97 138 168 50 26 0 44 14 47 15 79 63 70 27 124 84 33 26 76 47 43 67 131 46 41 41 70 103 93 36 59 84 86 21 46 56 14 16 77 78 30 30 71 71 23 22 41 20 71 51 0 56 3 127 99 44 54 70 29 82 168 125 92 108 149 15 76 84 37 70 196 185 104 0 73 74 36 56 45 43 23 38 92 28 27 43
57 82 152 129 85 32 72 108 85 26 76 96 4 85 152 156 154 118 18 17 4 93 136 107 93 122 64 126 165 38 53 91 57 17 63 2 50 22 22 38 7 98 113 43 83 52 67 55 54 31 42 40 92 61 68 70 44 12 128 63 66 40 11 11 34 97 116 83 28 23 51 72 160 191 137 94 111 92 153 125 100 59 69 28 173 224 66 98 25 67 61 61 106 29 66 185 132 23 24 68
89 110 150 132 21 56 143 120 15 68 68 17 77 193 186 143 83 124 97 60 16 38 139 151 101 117 44 173 93 27 109 91 56 10 32 0 10 39 26 52 103 167 153 67 143 77 112 132 42 1 48 53 20 31 100 85 52 69 150 169 102 32 78 14 79 52 161 30 63 52 96 112 129 135 146 101 94 107 112 41 69 31 14 15 87 94 180 150 148 136 28 28 121 101 126 231 124 48 72 150
44 88 65 26 16 34 121 113 26 9 14 70 36 220 234 131 142 92 68 4 61 27 86 54 17 81 18 56 28 21 37 35 70 78 68 80 25 17 31 51 176 208 162 144 188 107 72 69 85 79 48 21 9 30 73 122 131 177 119 75 77 52 84 87 179 123 22 26 43 45 160 150 94 57 107 120 148 106 58 94 73 46 50 134 8 77 195 225 236 123 7 42 36 87 131 117 18 8 50 152
68 83 0 54 39 71 79 73 68 46 14 37 31 178 224 182 178 133 86 12 44 51 37 0 24 52 89 44 30 17 3 16 41 80 40 109 71 25 64 21 115 184 151 187 70 0 15 161 174 94 38 24 16 50 96 110 165 168 128 46 52 98 148 101 146 154 139 94 38 54 118 119 77 75 47 142 117 70 66 107 91 64 143 140 37 36 94 236 255 179 52 56 151 114 67 20 42 48 45 110
86 86 56 48 102 193 135 95 48 22 34 84 48 26 14 43 38 87 59 44 6 41 24 40 32 77 57 69 0 56 45 30 91 114 8 91 90 88 44 94 111 117 57 48 65 85 46 101 144 42 6 96 91 69 86 122 115 106 103 0 133 118 96 67 81 139 136 95 77 46 54 20 1 43 107 141 164 120 47 69 41 12 27 99 104 102 51 128 167 127 6 79 123 133 82 128 68 0 44 60
84 60 29 12 144 235 135 0 79 180 182 114 106 194 201 111 104 94 61 49 58 68 80 113 180 79 38 114 103 56 25 44 31 76 7 46 56 46 56 118 179 175 111 93 91 96 31 48 16 66 65 136 131 91 54 114 108 37 10 32 101 60 22 92 74 109 74 52 74 28 26 37 33 40 61 71 122 144 85 65 159 90 8 48 79 144 38 23 25 100 72 54 45 41 17 18 31 0 39 96
83 34 59 67 188 180 114 51 51 141 124 74 101 147 177 106 84 53 31 0 39 34 83 124 98 35 89 175 186 88 66 85 22 88 49 34 58 34 79 128 86 89 58 72 92 128 67 52 95 144 61 83 88 124 60 71 66 93 78 26 15 56 24 33 49 49 53 106 136 52 21 12 76 81 93 39 12 58 104 156 177 182 116 45 28 98 44 16 63 11 2 69 128 58 34 55 33 13 3 74
21 81 120 13 117 199 170 43 40 46 8 45 98 25 68 84 164 161 136 35 27 0 43 67 35 84 197 182 128 43 64 85 1 78 46 5 39 13 47 61 54 67 65 103 140 206 156 121 95 118 41 72 37 170 154 110 18 38 101 73 51 37 69 127 78 11 52 156 154 72 63 17 55 11 39 49 35 40 30 31 160 218 200 41 31 76 76 18 39 59 78 58 89 90 111 95 86 78 15 98
