66 138 160 53 167 183 95 36 37 109 82 137 104 39 150 190 248 252 160 122 126 102 92 74 91 105 121 72 114 173 215 101 46 84 71 50 50 105 140 100 61 32 19 1 20 62 0 12 10 108 110 253 223 108 135 106 58 64 46 28 7 0 26 38 13 2 49 74 186 187 113 114 118 120 103 100 9 80 23 58 162 194 177 57 77 30 90 42 21 31 69 74 44 67 47 56 80 22 21 192
88 156 182 32 71 149 87 89 37 106 40 162 189 67 190 250 255 189 172 45 136 178 144 99 87 105 98 26 29 152 128 103 90 85 38 97 40 73 168 115 63 32 27 13 58 146 81 38 6 93 174 255 255 99 102 77 101 50 12 30 21 0 49 121 87 78 85 8 102 152 112 10 86 131 82 7 34 51 19 40 132 108 120 52 37 37 87 52 79 121 171 199 104 62 30 124 147 92 63 176
146 172 153 135 170 150 89 195 65 94 28 182 231 109 146 255 215 122 164 30 152 197 116 50 55 127 191 87 35 106 98 117 212 151 84 147 79 180 169 92 83 133 60 28 0 85 74 70 15 106 189 152 156 61 60 43 131 95 53 50 38 24 66 110 99 85 122 186 120 84 45 34 32 64 18 93 162 125 50 94 190 241 126 169 145 255 100 95 100 135 166 170 129 92 13 31 112 119 89 84
93 128 115 209 194 149 203 193 129 26 4 159 255 245 41 85 51 101 171 89 92 68 58 128 172 144 107 35 0 64 154 222 163 52 120 46 152 109 191 162 45 115 134 0 108 0 158 169 22 107 122 55 40 38 38 52 52 65 42 18 12 28 51 40 30 44 100 252 111 77 34 22 108 63 33 95 224 255 218 146 237 250 126 71 224 242 69 31 31 48 103 62 94 107 85 36 28 60 113 142
185 175 30 47 86 84 199 152 119 13 83 89 125 165 14 108 62 114 126 149 212 178 94 143 248 147 0 39 66 111 47 85 94 33 30 112 118 81 129 167 113 152 189 170 181 80 126 166 21 69 44 35 28 25 23 57 47 53 34 25 26 38 61 57 45 48 116 241 127 82 77 46 83 32 9 90 125 220 199 178 126 93 21 66 127 156 82 66 97 51 97 42 35 57 95 58 46 111 174 151
158 52 17 62 95 93 168 113 59 7 94 21 31 41 40 111 103 106 112 147 255 215 29 15 124 116 25 21 101 130 3 45 77 37 54 108 106 203 212 174 139 113 249 254 177 123 107 192 75 88 50 24 41 19 31 32 41 46 29 24 24 30 48 44 29 73 99 155 38 61 72 49 76 71 93 22 66 87 145 157 135 87 79 114 87 120 128 95 60 21 72 64 29 104 150 118 52 60 79 91
59 48 90 82 117 83 55 85 105 80 77 40 65 43 120 147 227 186 160 159 208 180 51 76 76 123 96 37 58 37 22 91 101 80 165 48 63 158 204 192 112 129 255 232 117 93 69 205 118 108 79 20 40 29 40 17 5 29 28 27 32 43 55 38 42 52 78 234 180 154 54 39 35 20 29 119 153 102 91 145 120 74 65 45 35 118 129 101 94 115 173 123 35 87 97 46 37 96 72 56
74 41 69 82 135 86 0 33 64 67 14 79 115 70 90 73 198 163 108 119 76 74 73 180 147 119 54 127 66 11 72 141 124 121 190 112 127 27 91 174 120 242 238 240 99 103 0 139 68 39 43 29 39 25 6 4 9 18 19 35 37 28 36 34 20 39 53 103 146 162 85 16 92 105 97 190 160 96 98 120 88 15 37 40 37 132 105 82 106 123 180 113 74 97 93 30 80 141 57 22
159 37 3 100 181 185 31 24 42 29 0 113 121 83 43 6 130 110 49 34 62 82 27 144 113 114 66 158 199 93 53 101 98 115 126 114 146 12 89 122 62 202 215 255 139 105 5 67 10 9 23 31 16 3 4 6 16 29 36 30 27 30 26 17 18 32 33 98 222 240 82 44 91 49 30 70 12 8 86 152 80 16 41 95 80 105 70 110 141 94 73 99 120 168 151 148 168 164 64 45
175 62 51 89 135 170 44 80 68 93 69 172 132 95 89 63 147 141 46 31 122 193 29 87 58 170 158 87 191 109 76 69 24 28 32 2 80 90 86 68 4 27 84 185 169 85 37 66 19 10 14 17 4 0 10 19 36 28 20 18 17 14 11 10 29 32 40 101 207 243 140 124 179 158 161 76 5 12 60 93 102 48 32 62 69 78 86 189 231 101 85 69 95 89 92 89 183 207 182 103
74 14 89 168 116 62 0 68 48 52 21 97 40 36 70 40 90 98 57 3 56 141 36 99 40 116 133 45 218 196 184 146 53 86 76 35 67 133 124 129 126 53 65 119 115 39 75 86 35 21 18 18 6 6 22 33 31 12 1 10 18 15 12 16 37 33 59 141 235 231 105 61 113 105 187 86 48 26 23 51 173 186 113 65 75 115 156 253 248 86 96 70 52 37 52 68 86 98 139 84
10 48 85 137 100 108 115 57 88 115 35 30 67 40 9 45 13 21 121 84 46 66 95 131 46 44 91 22 39 12 42 42 42 81 42 62 77 93 98 109 87 22 8 59 38 0 17 7 40 26 25 27 17 16 27 33 14 5 4 16 27 26 21 19 43 26 25 92 186 167 82 94 29 57 158 74 93 110 73 42 98 186 136 117 111 144 132 152 146 51 100 106 20 63 55 71 82 56 124 164
55 193 184 129 64 52 103 119 60 27 45 44 73 69 55 40 23 19 131 152 96 87 150 115 67 20 71 64 112 168 182 119 101 128 66 58 67 96 162 213 161 74 3 31 41 35 52 55 29 16 16 21 15 14 23 27 16 22 24 22 23 24 18 7 27 40 32 62 131 102 101 217 173 78 67 66 114 109 82 91 134 139 48 78 39 58 53 91 126 102 175 186 95 180 125 76 57 20 93 158
134 168 116 97 124 43 0 114 84 32 64 64 97 114 92 33 20 47 63 92 53 69 96 57 25 36 94 52 112 119 108 50 87 170 162 89 51 83 129 175 137 93 62 26 66 69 66 31 26 10 8 14 12 15 26 31 20 30 30 17 11 16 15 7 28 39 7 0 38 24 86 235 248 138 48 26 67 114 115 95 172 136 58 115 66 61 39 65 88 86 167 167 162 249 191 84 45 14 62 87
172 166 102 63 102 78 25 68 88 30 65 108 90 176 226 100 43 95 83 92 78 93 78 66 55 99 138 79 123 72 61 55 155 226 161 96 63 96 121 119 52 53 96 33 64 95 106 67 36 19 17 24 22 24 32 34 13 17 18 14 12 14 17 19 13 27 33 40 80 68 93 137 139 75 63 64 57 59 64 62 102 99 69 100 94 103 87 93 54 49 111 101 145 204 187 110 74 65 65 94
101 155 152 100 57 103 177 123 26 68 63 109 84 180 251 160 53 53 47 37 66 77 59 49 12 48 58 29 73 65 75 84 136 203 80 102 85 84 130 105 37 9 71 41 31 57 60 54 44 29 30 39 35 31 31 28 9 4 8 19 21 14 15 24 30 25 40 42 67 72 88 55 52 108 218 183 115 93 81 51 35 42 31 24 58 69 79 105 89 75 87 48 43 47 46 30 42 68 35 107
102 136 139 123 57 139 202 99 79 155 189 137 78 192 248 168 65 57 54 56 126 149 125 106 89 87 82 43 114 105 87 48 40 91 11 128 72 45 66 71 54 27 38 22 26 22 28 31 30 23 19 20 20 20 27 37 23 30 30 21 15 18 21 20 19 36 27 13 0 27 67 64 45 128 255 215 144 137 134 86 42 35 25 19 83 73 60 89 85 96 64 137 108 42 56 63 92 149 97 73
137 158 72 70 119 137 112 88 129 186 235 192 198 244 255 182 123 130 70 71 116 116 83 62 94 88 101 166 207 181 118 12 0 70 54 161 86 12 19 52 64 34 40 19 21 16 21 22 20 16 15 19 21 22 28 36 24 34 35 19 3 5 19 31 5 10 43 67 48 73 105 60 37 43 61 83 73 66 65 54 73 60 33 57 164 104 51 73 83 130 45 66 35 8 79 52 23 70 26 51
91 77 16 34 61 82 128 173 79 50 144 233 221 244 178 105 108 127 85 156 180 104 39 21 73 138 157 241 219 181 116 38 15 65 38 90 83 70 69 71 56 26 32 13 20 20 27 27 26 17 10 8 10 16 27 37 29 36 35 21 5 2 11 19 21 15 16 22 30 73 123 100 75 76 27 51 43 42 62 84 177 159 63 48 135 57 21 66 142 152 81 48 82 87 189 154 98 110 44 107
69 10 10 48 27 65 139 120 57 46 48 116 40 20 119 150 147 155 107 97 101 95 111 100 92 120 38 71 131 184 118 75 108 99 105 166 161 72 31 64 43 17 27 12 22 27 34 32 31 25 19 16 16 17 21 24 21 23 26 28 27 20 9 0 0 29 15 28 119 144 119 78 37 65 40 21 9 46 72 58 126 170 100 92 119 69 65 110 79 61 86 0 74 82 158 141 87 71 0 52
51 44 65 73 44 48 91 85 72 40 45 3 80 56 94 151 82 30 92 144 135 50 69 103 34 65 46 45 91 164 145 173 220 191 167 138 117 61 40 61 43 21 33 16 22 24 26 20 21 24 27 30 29 23 12 3 8 14 25 36 38 28 12 1 17 27 0 8 166 241 233 184 57 43 62 28 33 84 87 24 59 125 104 139 106 90 86 93 92 105 153 72 80 60 116 132 72 87 59 116
56 41 42 53 85 93 97 83 59 18 48 11 58 72 123 234 166 88 136 126 97 19 69 117 55 33 91 119 112 151 134 143 206 106 79 105 114 49 29 58 38 21 36 16 19 19 21 14 15 14 12 10 12 16 13 8 17 28 40 41 26 10 6 11 16 1 0 15 120 200 255 220 48 15 82 82 80 102 122 104 115 119 87 121 74 94 93 68 78 123 144 204 148 52 58 78 31 102 177 224
49 60 77 56 69 73 79 66 53 60 3 70 18 44 165 173 164 107 144 194 195 88 127 202 94 36 52 77 42 75 77 77 98 57 58 62 48 28 38 34 29 17 34 12 13 14 20 16 16 12 3 0 5 19 27 27 30 37 43 38 19 4 7 20 47 29 34 18 42 53 128 133 51 54 98 108 76 59 69 72 57 48 39 41 35 89 95 43 38 92 117 232 194 92 72 69 41 120 246 255
124 129 70 0 36 67 54 38 38 44 80 77 99 197 130 30 91 119 120 160 177 91 101 131 86 60 17 42 33 77 73 72 74 40 53 71 40 17 38 30 31 19 35 9 6 6 15 12 12 16 19 23 32 41 39 31 26 25 27 30 26 21 24 33 42 43 43 30 61 9 36 69 68 111 106 144 163 180 159 113 57 75 88 27 40 103 115 45 35 71 78 45 44 60 120 129 95 140 255 223
127 59 44 39 52 77 49 33 23 47 87 91 251 254 82 73 169 115 125 103 142 95 51 48 74 133 52 30 36 112 115 113 85 46 104 89 34 31 52 24 42 49 23 10 8 1 8 7 14 21 23 21 29 42 43 33 27 32 33 27 21 21 22 21 9 26 16 0 100 52 35 32 31 87 52 94 92 88 117 114 80 48 84 117 66 78 97 47 55 68 95 123 127 185 153 63 38 36 60 102
29 63 121 102 136 101 135 71 29 69 84 84 199 187 91 168 222 64 111 178 171 154 144 67 113 191 108 51 12 59 108 113 104 110 170 108 18 17 51 26 28 39 19 13 14 9 16 16 22 23 20 16 17 23 24 21 23 30 33 28 20 15 10 5 8 0 15 38 108 70 42 46 26 71 72 93 88 27 75 181 155 94 129 180 134 46 20 79 87 60 59 74 57 143 115 38 133 167 149 157
103 105 22 126 82 91 135 152 99 65 66 108 43 211 255 203 147 47 120 30 57 114 129 64 123 255 206 183 87 76 97 63 67 58 118 102 41 15 32 15 26 39 22 16 15 6 10 8 8 15 28 39 37 24 11 6 0 13 26 30 31 31 27 23 0 21 77 98 144 110 62 78 85 128 128 40 49 40 61 126 66 41 116 195 152 26 23 119 126 50 46 85 59 176 128 46 200 251 173 153
121 93 69 68 82 16 138 123 85 91 196 249 242 232 255 130 14 152 68 92 12 4 47 62 136 216 221 131 122 11 95 12 66 10 30 48 38 18 42 45 27 42 27 24 25 18 25 25 23 14 12 15 10 1 5 18 7 20 31 35 33 29 24 18 38 40 37 52 183 225 104 43 90 74 135 79 47 23 29 106 17 40 117 232 190 47 90 77 81 90 39 39 67 142 48 98 158 189 86 69
78 57 66 71 20 0 33 0 39 149 229 217 244 162 221 193 133 205 0 74 21 62 100 48 82 174 191 184 159 79 92 18 61 27 31 34 31 15 43 45 6 22 11 11 17 17 31 36 41 27 20 20 11 0 4 19 5 16 25 27 24 23 19 15 20 52 55 68 102 204 129 96 103 10 119 195 186 143 64 56 77 95 33 129 156 59 214 161 79 57 22 13 27 108 58 104 96 110 53 64
65 37 143 159 111 104 78 4 58 72 116 241 180 31 55 101 115 168 102 57 69 160 152 37 30 96 133 103 115 81 107 82 47 29 40 62 65 25 44 55 22 35 18 10 8 3 14 18 25 23 29 39 35 19 11 14 2 12 20 21 21 23 24 22 22 27 41 96 54 156 113 75 61 3 63 99 124 145 75 10 187 255 113 115 180 97 255 202 24 69 62 17 57 91 34 64 24 41 55 72
138 123 233 179 66 133 125 43 80 53 37 75 123 35 100 105 74 143 72 121 133 194 175 79 38 99 96 54 25 93 76 113 71 54 46 61 70 33 65 92 52 64 43 29 20 8 15 17 19 11 6 8 11 13 18 25 28 35 36 29 20 15 10 6 19 13 37 55 88 101 84 40 59 78 82 87 213 211 106 22 215 255 147 91 159 99 224 201 30 159 229 125 108 92 82 71 64 73 100 65
104 40 135 193 71 159 112 52 94 67 26 40 69 87 187 160 48 46 66 101 111 149 160 110 134 162 165 37 34 95 77 112 51 91 88 55 41 18 46 42 23 39 24 16 14 7 17 21 22 19 19 22 26 26 23 20 23 30 34 29 23 19 15 11 29 49 76 0 161 81 105 86 50 198 167 60 197 169 104 80 170 105 84 86 158 83 138 127 40 226 242 82 163 151 128 122 148 136 127 26
154 141 211 222 152 159 126 102 75 59 10 102 103 44 79 88 13 40 97 49 35 51 91 66 101 173 127 48 61 180 150 162 58 56 35 75 59 25 73 58 19 48 24 7 28 17 13 28 40 44 39 30 50 44 13 28 28 34 0 63 68 28 41 21 22 35 48 3 144 37 127 136 30 127 149 35 99 51 108 172 158 79 73 47 89 82 66 74 19 149 131 101 217 174 92 79 123 126 125 53
91 155 182 97 81 120 103 132 60 95 96 96 135 81 54 103 69 40 46 44 11 64 44 49 91 96 63 67 108 187 193 173 68 8 2 51 89 63 82 56 14 58 64 27 7 0 1 30 32 43 46 31 44 55 33 30 34 16 31 71 81 77 46 48 43 35 42 20 148 62 71 161 95 46 92 136 88 123 205 255 160 56 82 43 39 63 42 84 51 89 88 88 240 175 64 8 105 39 121 141
96 53 5 100 153 123 118 169 60 169 203 119 206 174 74 91 115 92 97 54 58 122 141 73 113 112 91 131 129 178 166 62 19 14 38 18 44 42 66 49 28 41 54 20 0 16 8 24 23 20 32 23 24 39 29 19 47 42 35 23 26 66 70 75 71 59 89 56 161 134 14 162 255 93 128 150 62 205 255 222 40 82 63 245 165 180 90 117 80 16 0 6 170 143 60 26 65 30 127 119
116 69 50 31 23 183 168 137 155 100 211 254 255 233 158 88 98 83 108 62 106 166 235 67 59 74 53 74 42 132 153 69 52 119 100 27 36 50 90 114 82 44 43 19 0 30 0 0 51 26 42 43 28 33 27 14 13 62 33 50 54 35 77 59 110 36 58 113 87 71 80 126 186 118 37 212 103 182 230 156 38 66 79 255 229 214 33 56 43 17 36 75 166 154 32 24 56 57 132 86
170 62 0 63 89 98 120 184 202 95 200 255 227 255 140 70 93 15 77 112 165 232 254 101 93 96 94 50 12 57 96 63 127 188 66 15 41 41 50 90 82 39 45 41 9 33 3 12 35 33 41 5 0 63 82 42 52 58 0 8 69 32 78 67 68 84 197 123 87 159 73 27 17 51 117 120 61 62 91 92 122 88 51 145 96 142 52 64 33 64 71 111 108 161 55 108 35 12 74 83
159 134 83 6 64 28 26 193 174 96 221 212 105 249 153 54 110 4 119 110 166 192 170 83 64 98 168 83 72 57 110 63 109 204 81 46 62 59 45 63 55 28 30 46 20 47 24 31 41 0 27 74 64 33 7 3 18 113 189 113 174 137 90 74 36 83 255 225 104 82 77 78 133 138 141 120 98 78 60 74 59 75 69 133 0 55 87 72 16 58 68 121 63 155 85 148 63 78 61 64
88 93 19 83 150 49 48 102 42 64 133 159 68 133 85 75 96 64 133 51 97 69 55 18 41 96 175 117 75 48 150 116 59 158 106 62 53 70 73 73 80 66 31 36 14 48 27 15 15 15 29 20 35 89 89 54 42 135 255 106 250 255 97 12 45 97 255 240 239 241 132 89 80 130 249 82 152 129 86 80 75 65 214 167 73 61 58 78 107 82 106 150 59 115 88 107 125 154 46 40
92 86 52 192 137 116 129 51 43 138 165 237 100 83 124 63 88 147 89 81 113 97 95 105 108 145 194 225 104 49 177 200 156 149 106 57 39 50 60 60 92 100 44 30 3 50 48 36 43 9 28 66 83 76 52 49 63 138 255 64 212 212 91 77 97 154 235 255 245 242 205 56 56 110 166 91 242 146 72 52 127 116 150 160 139 111 90 158 173 89 152 198 93 83 75 37 213 150 31 111
83 135 154 255 117 108 122 54 103 209 206 220 154 86 131 82 85 210 95 34 33 52 59 76 59 74 61 204 154 169 187 194 172 129 94 150 83 97 78 41 79 125 45 17 23 75 40 57 86 48 39 33 0 50 135 166 139 113 154 169 194 229 208 195 141 186 237 255 206 222 169 152 183 141 82 90 204 149 102 36 35 2 119 63 120 140 185 159 138 52 168 172 122 87 83 30 253 190 34 102
92 105 117 214 131 154 101 56 77 53 118 107 66 100 115 70 122 218 169 86 28 116 90 118 79 136 58 113 102 174 158 99 80 24 82 176 145 162 125 60 84 92 34 54 54 72 44 92 140 65 41 180 85 92 104 87 93 191 206 255 240 255 240 255 190 229 251 201 209 255 240 141 109 94 112 34 87 37 164 91 41 0 175 62 58 160 201 96 115 126 83 126 78 86 92 60 216 149 36 108
153 124 173 16 3 119 99 95 92 1 89 19 1 124 119 22 108 178 179 83 0 80 58 44 45 166 110 106 27 131 146 132 99 15 131 96 121 198 154 85 90 83 11 68 78 122 91 93 166 141 53 214 137 208 239 82 40 126 203 255 195 253 255 240 233 246 188 54 128 252 251 120 70 92 228 99 75 10 170 139 176 32 104 38 8 143 160 11 226 245 60 97 80 88 36 22 114 64 45 147
255 202 167 89 96 43 98 28 135 12 42 16 38 90 117 93 100 95 97 112 117 94 133 114 26 44 18 91 65 165 103 58 132 95 91 0 109 76 56 164 105 255 128 95 25 75 130 248 251 219 255 81 83 252 255 127 51 99 37 159 248 233 255 247 210 255 199 91 218 255 144 167 188 94 187 86 96 84 95 94 112 101 48 46 62 95 63 44 131 103 118 166 35 50 117 153 107 78 130 234
224 136 52 142 101 6 82 22 99 52 42 24 81 60 74 127 150 96 22 38 122 138 183 140 82 47 54 67 77 93 40 50 108 103 79 118 147 130 199 219 241 237 83 180 106 193 245 218 247 255 155 240 252 231 245 169 224 255 210 193 253 255 225 246 255 224 255 216 235 178 98 213 215 67 111 42 32 46 41 68 62 30 4 34 87 150 149 27 83 42 92 145 88 94 135 171 142 130 183 228
248 142 131 166 106 70 96 11 87 106 69 0 57 54 41 130 189 134 73 58 115 187 120 62 116 108 121 25 50 0 55 137 58 15 80 249 139 112 111 175 255 165 93 248 92 127 237 249 221 255 248 255 160 255 161 251 121 250 254 253 216 243 255 246 254 135 233 184 149 84 54 95 97 0 44 44 58 105 211 201 111 70 140 92 119 144 210 104 92 73 65 123 93 102 136 95 58 94 131 109
209 92 58 110 118 66 133 10 37 56 54 74 135 70 5 73 86 55 138 180 170 176 55 61 86 110 153 142 101 26 160 230 96 20 99 221 149 255 203 122 30 76 53 116 96 88 111 250 249 216 249 255 246 244 255 249 190 192 239 251 255 237 144 195 229 167 142 72 144 99 44 108 67 37 75 68 72 119 252 249 130 72 203 205 155 64 143 55 104 165 52 41 107 71 54 35 3 109 140 72
119 48 71 125 104 104 118 52 55 66 18 61 106 57 29 31 21 67 213 167 96 113 83 95 139 84 85 236 120 59 185 167 98 193 162 165 175 214 238 168 52 159 182 84 67 104 118 237 255 108 142 255 255 196 243 197 246 164 255 248 251 255 248 212 72 7 0 72 114 54 0 37 65 25 2 15 98 164 148 114 97 120 149 236 253 71 71 43 142 190 96 25 108 45 34 29 62 212 233 131
57 66 194 200 135 103 69 94 127 62 14 84 43 26 38 61 36 34 171 123 52 39 92 132 157 104 42 107 99 79 74 66 167 247 144 247 232 82 208 219 246 226 255 156 0 95 171 196 211 102 94 165 254 255 203 203 255 254 247 34 129 147 255 241 79 108 142 193 241 144 66 68 89 84 41 86 205 239 105 25 153 213 127 181 209 69 44 38 132 144 144 80 95 75 46 71 149 248 246 64
45 35 138 152 77 77 0 69 137 0 80 159 95 78 104 80 34 19 24 96 88 31 73 145 169 135 63 62 120 157 60 79 247 255 185 233 255 244 255 255 251 108 181 30 146 80 55 92 163 241 50 31 246 224 254 78 242 216 229 175 255 209 13 1 83 142 62 106 212 180 115 60 4 50 55 103 151 201 121 4 115 211 104 65 48 7 10 17 69 30 102 127 105 68 26 88 158 178 186 54
69 67 70 105 80 152 47 105 174 26 157 108 91 108 105 79 70 68 52 59 143 93 100 175 174 136 36 91 150 175 64 109 211 210 247 192 171 255 194 239 247 117 255 42 255 86 138 243 184 255 194 230 238 255 247 255 244 233 248 189 92 66 46 87 143 39 76 43 159 184 197 104 24 62 52 76 31 112 147 29 59 149 74 102 78 30 50 116 104 18 154 113 45 49 1 65 141 94 68 35
134 129 20 80 89 138 67 107 93 156 180 76 219 197 43 82 154 152 106 90 175 132 118 196 202 107 101 160 143 163 31 88 137 228 255 246 194 236 250 255 255 251 251 255 215 249 180 223 255 233 250 255 233 234 243 231 134 255 229 60 83 4 12 60 101 0 40 87 74 134 222 98 31 132 38 17 7 42 62 36 20 99 150 98 46 45 0 111 197 6 110 39 32 80 35 118 109 60 28 91
44 70 63 200 224 160 74 139 144 141 78 74 148 137 29 21 84 97 1 148 160 87 67 135 112 93 81 109 136 128 168 138 165 188 255 245 229 255 251 252 227 215 234 223 143 229 255 255 224 255 237 210 238 231 255 248 202 144 92 0 53 48 50 0 62 45 43 72 69 126 129 45 68 145 93 68 11 45 87 34 51 113 74 106 142 93 77 71 84 66 154 101 51 68 42 104 101 36 86 118
52 53 113 176 187 121 33 116 163 144 40 102 132 117 35 6 32 73 37 102 65 44 44 66 92 89 120 27 144 84 117 84 213 205 234 255 245 238 255 236 245 185 229 231 208 244 244 234 233 255 205 255 248 255 217 226 255 113 41 134 75 49 60 42 138 83 53 28 89 124 31 17 86 163 165 113 60 109 142 87 114 119 54 140 168 43 64 103 42 168 120 75 10 72 105 113 149 19 139 36
54 45 102 97 114 105 42 77 97 72 54 100 71 99 99 71 149 201 205 61 6 55 90 62 54 106 111 60 195 47 49 0 179 143 234 246 213 253 231 255 252 213 245 255 248 210 232 247 225 255 230 240 192 87 132 31 89 31 9 166 87 48 41 53 161 133 8 67 59 90 23 26 76 73 181 154 64 123 152 39 117 164 6 83 118 47 129 97 76 179 122 93 45 64 77 87 174 34 155 37
30 13 28 34 56 67 74 96 74 59 101 76 15 16 41 85 174 251 221 134 74 93 124 58 63 103 99 62 154 87 61 52 130 116 178 239 209 255 240 239 255 251 254 242 217 115 247 247 221 247 249 187 222 119 241 109 62 51 117 121 90 126 63 61 126 131 102 69 75 106 43 71 79 35 144 116 67 102 91 10 72 144 41 63 86 107 115 66 52 81 96 39 124 193 123 46 118 40 145 147
38 43 45 40 37 0 109 121 106 76 116 96 79 110 124 99 135 197 245 166 78 46 92 98 144 171 139 78 94 78 100 122 99 153 247 255 238 255 244 255 245 252 249 255 235 183 240 223 238 255 220 81 167 79 255 115 0 61 105 176 106 137 86 85 105 111 99 70 112 103 88 112 58 34 137 110 76 105 78 7 66 144 100 89 81 131 85 100 112 66 94 0 127 201 121 26 49 51 156 113
52 112 60 83 95 37 90 83 93 14 46 7 63 87 52 28 3 19 82 147 77 52 56 109 194 211 180 68 93 73 81 74 130 197 250 255 236 255 252 230 255 211 253 245 222 255 222 116 225 159 117 93 115 60 175 105 48 11 53 130 75 88 4 63 33 7 23 62 124 133 147 108 35 49 86 77 88 113 104 18 75 154 143 126 131 140 128 181 168 87 88 152 164 87 18 26 46 153 182 83
172 247 111 20 35 31 66 32 63 51 88 54 73 24 52 144 143 47 47 143 142 145 92 90 122 142 153 55 138 133 85 12 143 203 226 250 236 250 255 223 251 240 248 255 241 247 206 75 100 50 75 104 75 82 137 111 88 17 8 56 35 78 18 67 0 17 111 3 118 171 212 115 4 36 31 50 44 90 66 44 50 101 117 134 231 255 245 230 140 46 72 214 160 34 93 248 187 172 58 41
208 231 175 96 50 21 72 56 133 225 83 192 77 98 44 150 109 31 67 105 194 254 239 167 120 98 109 47 107 101 62 46 34 5 40 125 166 156 233 255 251 233 254 250 255 38 33 32 123 8 11 54 65 48 45 30 76 89 74 110 70 77 71 93 170 50 176 79 24 87 80 54 92 69 60 106 62 154 97 151 43 61 91 119 207 255 231 140 90 77 42 168 168 48 223 239 242 180 92 113
156 255 114 19 62 62 43 43 170 241 71 156 115 134 39 23 53 21 68 53 146 206 206 103 40 42 105 136 126 96 45 80 118 87 86 13 47 109 222 212 249 242 245 109 78 84 52 165 98 33 31 75 138 130 88 45 43 131 200 242 138 41 42 110 233 145 233 26 39 104 87 50 63 103 198 199 34 65 100 217 146 81 100 164 163 181 148 55 32 61 107 55 79 139 233 203 254 176 171 160
226 242 61 106 97 123 176 160 108 143 75 141 88 87 24 59 175 121 69 33 50 82 97 62 30 38 54 86 59 118 61 23 38 0 51 38 80 95 181 175 131 94 131 87 0 132 125 251 40 71 86 118 146 159 90 36 52 119 214 215 120 39 22 113 255 128 118 57 6 62 84 91 138 103 140 130 89 146 249 241 181 69 111 240 163 110 85 60 65 108 124 86 136 255 203 100 100 26 75 105
186 235 145 97 12 35 129 159 114 101 145 151 120 21 55 88 224 187 85 59 14 10 48 86 47 57 54 101 79 196 151 46 78 47 54 56 61 66 148 125 143 131 201 157 112 120 247 183 79 32 48 103 107 101 62 91 106 120 131 95 80 75 63 91 187 95 69 17 76 50 89 155 119 53 81 100 126 169 180 65 84 40 128 240 115 24 25 61 74 66 66 69 93 193 83 107 99 109 78 61
80 143 255 187 121 43 20 49 105 150 173 208 119 46 83 43 115 110 38 76 95 79 77 63 42 51 90 174 84 109 83 23 71 47 29 93 68 38 99 70 99 130 183 255 187 118 196 52 55 4 79 78 33 18 38 111 154 145 76 66 100 91 92 55 157 122 121 28 84 111 80 78 41 42 141 142 73 121 129 146 55 56 128 188 106 56 53 56 109 92 1 109 134 90 25 70 38 109 20 63
11 56 202 255 159 126 96 53 60 68 128 175 113 36 129 176 146 97 20 185 179 160 159 142 146 157 166 223 246 217 178 111 95 91 80 117 89 56 107 126 190 212 255 232 160 109 66 69 51 55 112 79 59 18 24 80 103 109 22 89 67 59 78 21 94 94 48 0 55 38 81 85 53 79 87 80 49 148 184 234 179 115 152 146 143 158 117 83 135 159 165 81 105 69 31 51 16 159 124 167
86 29 88 162 23 134 207 81 9 49 107 130 92 51 161 255 190 132 57 195 219 183 145 172 184 164 118 153 248 233 235 163 79 129 127 157 107 37 100 52 52 39 80 126 91 51 54 139 77 60 136 121 74 55 61 93 127 70 42 46 48 24 68 30 79 68 0 51 23 0 76 122 98 104 45 69 79 103 117 37 125 97 118 106 107 135 118 37 87 185 241 254 255 248 145 83 26 67 92 130
117 133 34 93 97 255 253 109 75 64 89 140 158 94 91 142 64 106 109 185 193 215 118 34 43 29 29 97 189 68 98 131 93 172 157 136 115 67 136 131 145 78 60 17 42 22 89 163 65 33 103 93 81 63 81 154 198 160 94 23 39 31 96 63 135 183 167 116 65 41 108 89 112 173 111 78 69 63 141 71 52 16 95 109 102 92 108 80 96 194 255 244 225 247 148 95 46 50 122 46
47 84 104 167 41 203 222 18 172 180 115 12 39 124 106 30 77 177 176 158 95 250 215 42 83 100 108 95 137 36 83 187 105 35 68 72 34 77 129 100 79 94 54 53 13 37 3 18 26 35 65 54 127 120 64 108 123 169 67 61 71 35 44 2 113 185 243 249 143 90 21 55 90 222 195 84 46 54 162 183 160 8 109 146 175 88 36 0 119 126 229 232 200 110 59 181 104 43 93 44
24 29 38 110 106 210 174 31 169 100 61 73 109 129 78 20 149 255 217 203 77 198 174 30 72 69 100 104 158 113 68 158 199 108 122 106 30 68 132 198 237 182 92 53 26 32 32 46 20 109 85 33 7 51 2 60 84 88 25 92 88 58 53 52 64 114 173 129 106 142 106 26 65 182 134 65 90 87 126 147 101 0 145 160 150 39 129 171 123 109 82 54 72 16 44 162 123 91 77 67
73 81 31 62 147 120 44 37 113 57 31 79 105 113 73 26 162 246 165 173 64 106 78 47 62 12 51 81 129 134 68 175 181 50 90 126 28 43 100 49 68 109 79 161 58 98 74 120 118 154 77 111 21 77 5 20 49 7 66 87 74 102 90 83 55 49 34 175 88 105 80 27 126 169 84 85 162 122 130 125 84 31 206 255 194 18 110 120 55 85 0 46 71 0 59 118 103 136 65 75
81 119 35 41 148 63 15 53 40 84 49 37 41 81 94 68 51 97 62 91 37 53 31 57 28 18 68 46 39 74 29 91 95 49 104 46 0 15 72 53 106 166 193 216 82 65 99 144 129 131 46 85 22 53 81 136 85 81 142 47 37 117 115 126 50 33 38 134 113 0 38 59 122 96 72 55 119 79 99 100 84 34 220 255 191 99 113 83 105 220 185 163 106 18 120 101 152 121 0 70
104 123 31 29 100 52 79 51 0 91 49 52 113 178 167 111 59 23 36 68 23 28 26 63 50 11 58 63 43 35 3 56 106 85 211 57 27 84 139 132 102 55 13 94 40 69 76 74 49 102 43 13 61 76 177 222 67 160 175 69 69 102 60 102 29 54 51 61 212 126 78 51 69 4 100 51 116 126 132 128 81 42 255 218 138 204 127 62 128 141 181 152 146 63 157 119 126 120 16 72
98 96 58 100 80 96 154 113 22 91 37 61 187 217 162 70 62 58 38 40 31 15 30 58 54 18 55 62 109 87 43 98 148 181 128 39 12 137 237 230 180 156 115 70 119 164 86 36 4 61 99 116 163 74 152 180 6 191 163 101 95 69 1 16 24 55 51 56 255 230 57 26 46 17 116 63 112 187 178 88 56 72 252 188 71 165 108 105 120 21 96 83 49 132 175 82 75 77 57 120
59 71 113 216 201 172 191 186 122 184 119 17 109 113 40 0 15 3 21 44 52 17 17 53 72 102 70 73 150 93 115 148 157 148 22 71 49 123 175 120 72 83 54 107 255 255 89 78 32 89 195 157 151 58 47 83 27 195 172 100 104 72 41 39 118 105 60 79 172 154 15 44 44 68 81 21 68 87 85 26 94 55 116 88 33 109 69 170 176 160 179 100 27 103 100 89 51 37 125 115
164 84 239 255 214 181 73 193 165 151 153 77 60 56 14 56 42 40 87 73 66 24 35 93 161 166 81 161 167 33 85 134 82 157 79 121 17 43 138 155 133 150 103 143 243 211 19 71 77 123 189 230 187 97 20 46 10 69 70 77 162 121 132 145 255 188 73 129 38 107 199 164 91 155 144 53 50 30 36 49 208 182 50 1 102 110 4 130 140 171 93 132 0 95 9 78 67 35 154 122
117 111 106 236 191 66 119 195 174 164 168 110 21 104 74 100 19 36 102 51 47 26 37 77 111 126 159 131 43 124 62 45 39 81 78 153 100 31 31 73 123 79 17 45 111 176 100 161 33 92 12 152 187 96 93 0 42 0 20 65 191 132 134 154 226 160 143 49 73 197 26 155 154 77 62 59 89 57 84 255 252 177 11 123 0 94 65 60 138 2 81 7 117 147 30 11 52 15 53 47
167 147 103 211 179 45 41 68 39 73 60 38 1 82 19 18 65 58 92 29 43 44 49 70 111 99 76 158 95 109 97 51 41 105 49 36 21 26 49 89 145 153 154 115 32 47 80 183 75 119 150 92 88 82 52 2 92 24 93 88 175 113 76 72 229 206 197 110 95 97 21 118 43 46 60 75 155 125 89 195 250 222 34 169 101 125 117 80 100 136 152 95 202 242 208 128 109 87 89 42
73 82 61 191 229 139 82 46 57 77 120 121 89 116 96 75 134 135 164 121 115 96 102 132 165 119 40 133 162 76 95 58 76 123 53 128 111 71 63 82 88 104 127 128 100 43 40 73 77 117 81 74 48 102 60 5 97 57 142 122 170 122 74 56 183 255 224 155 95 25 74 70 13 79 73 116 215 107 19 26 199 242 135 77 120 6 86 67 71 180 115 55 151 225 180 142 120 112 164 59
52 72 32 119 175 140 101 68 81 106 171 113 32 88 103 51 6 75 138 128 93 57 64 93 123 91 0 98 148 3 89 42 139 135 81 93 34 21 52 51 66 46 53 75 127 52 57 13 74 91 70 99 33 87 22 28 91 124 178 133 126 101 91 62 145 202 130 90 68 80 121 12 90 117 89 47 105 99 112 47 201 201 89 6 48 28 75 61 54 168 51 41 51 52 56 70 72 59 126 94
152 144 63 55 80 95 99 127 77 113 173 175 129 169 109 112 10 96 128 94 47 41 73 94 78 5 21 87 79 20 53 53 225 103 134 131 94 66 88 91 85 53 57 32 58 5 118 75 82 97 142 105 82 67 58 49 72 215 239 117 40 54 102 49 38 54 37 66 42 124 141 34 149 118 222 156 49 31 145 147 193 124 97 83 111 110 109 98 100 109 77 67 40 63 25 61 69 41 63 173
142 100 73 45 17 64 90 125 86 48 129 80 134 215 65 70 6 131 50 52 46 109 142 139 54 42 56 113 95 68 85 82 226 71 145 149 170 179 120 97 68 76 57 26 58 1 79 96 119 103 74 123 140 77 148 62 55 253 204 92 38 51 68 70 38 84 69 46 0 107 123 35 110 53 202 217 82 93 115 95 89 135 251 176 96 77 32 107 177 125 72 49 66 100 79 89 64 45 71 27
43 34 38 17 4 48 35 57 67 0 43 58 166 228 119 81 75 168 62 6 43 68 133 136 86 47 29 117 142 101 180 142 144 56 124 50 96 102 47 42 70 78 62 71 116 63 63 27 90 86 0 119 145 108 221 101 112 145 144 72 76 81 33 125 110 154 169 24 16 64 83 82 99 18 107 79 63 148 121 108 69 69 253 247 60 0 19 90 190 185 153 99 91 124 65 56 82 8 64 86
84 68 57 42 39 55 19 49 90 44 62 53 192 223 187 116 92 169 111 101 39 29 84 125 183 98 4 94 177 110 216 182 78 38 110 98 124 72 53 68 145 136 93 105 121 85 65 50 3 60 93 20 54 124 230 100 151 95 103 36 51 55 0 91 147 178 168 28 111 105 101 151 143 76 0 95 72 86 16 71 31 30 105 129 84 62 31 21 63 141 230 255 211 123 17 47 100 47 118 174
96 112 61 36 57 102 88 74 29 44 0 64 47 143 107 108 101 82 76 105 23 87 150 175 90 34 54 119 94 21 123 77 97 79 135 188 130 30 74 80 165 99 9 19 22 19 22 71 71 20 116 16 161 251 176 40 105 154 131 40 47 138 134 42 29 60 14 22 167 156 140 186 160 100 52 33 120 220 66 30 70 68 17 63 103 31 4 115 208 177 169 238 255 136 34 57 45 52 73 90
54 139 78 34 65 160 168 55 119 122 77 132 132 137 90 163 97 35 102 85 65 90 68 25 101 128 133 95 105 31 10 86 2 66 193 205 135 37 72 61 167 107 54 68 48 34 61 174 151 103 97 93 195 216 115 66 55 67 47 90 110 162 198 94 47 56 20 50 120 96 63 83 59 12 52 130 179 254 68 85 43 70 15 67 100 64 58 111 145 97 28 115 210 127 63 35 85 70 28 43
37 96 67 75 88 161 187 75 123 212 78 124 198 183 17 156 174 89 96 87 121 118 31 76 151 103 100 94 155 80 7 126 37 88 204 100 73 5 34 101 110 67 64 69 63 32 33 119 139 134 70 51 102 102 79 83 90 91 113 108 114 160 194 156 65 28 69 53 70 74 55 55 65 82 88 255 194 255 89 100 26 86 86 144 99 46 61 89 117 98 37 149 222 163 92 49 101 40 0 90
38 31 114 228 178 114 61 0 83 168 87 90 181 155 76 145 252 162 94 130 189 177 68 148 210 140 84 42 109 28 23 140 43 59 120 87 83 36 47 121 93 36 35 16 92 96 46 26 50 67 79 98 88 44 50 103 86 69 137 51 65 39 49 143 82 10 77 83 73 71 62 35 28 36 129 160 101 120 67 136 74 128 83 71 12 36 54 0 18 74 91 215 155 103 33 88 37 35 4 105
112 11 104 223 160 126 140 177 133 97 110 201 65 101 177 146 137 122 111 93 137 94 57 87 152 87 83 44 82 88 182 95 91 91 61 144 98 84 88 78 36 28 68 10 101 131 100 57 35 101 85 183 85 61 48 59 47 80 179 36 109 65 51 162 164 93 126 201 144 85 75 28 5 52 94 164 165 147 176 178 115 46 11 104 78 117 152 88 69 88 62 160 65 108 23 109 5 108 48 72
106 40 87 2 109 169 255 255 175 79 138 159 35 95 133 53 71 95 108 65 69 100 62 42 50 37 80 74 138 154 230 68 80 154 123 61 67 167 168 146 103 137 119 45 75 28 53 43 57 155 103 145 67 62 98 41 71 145 200 81 191 167 114 143 116 75 135 207 123 69 45 19 41 136 153 255 242 127 139 100 76 46 56 93 88 88 81 28 0 32 47 34 102 235 103 163 51 225 104 38
73 113 114 82 126 171 194 173 125 155 247 116 58 84 135 0 76 90 110 154 125 153 172 129 117 77 80 57 102 116 122 36 42 101 79 30 65 235 251 193 154 254 217 142 118 3 22 30 76 219 117 188 138 190 125 49 49 173 133 119 141 133 78 37 21 20 99 78 47 18 30 3 54 126 132 127 99 27 44 14 20 154 201 139 137 96 51 44 48 47 64 78 76 194 139 97 54 94 48 58
54 204 181 155 141 165 177 136 141 198 210 116 104 141 172 90 57 14 165 209 105 151 120 132 153 92 66 88 111 68 0 78 39 80 56 87 56 236 156 42 83 251 255 249 205 84 141 140 169 249 181 167 121 190 204 92 124 213 100 196 167 86 49 76 39 105 197 163 91 85 52 43 71 72 42 101 135 105 101 74 26 156 205 124 179 118 60 100 85 35 43 134 89 104 109 48 55 71 73 60
63 119 73 88 140 131 134 59 34 80 67 110 97 85 58 57 94 118 124 211 76 18 173 146 77 102 29 97 235 230 49 135 91 55 84 58 39 97 105 22 36 159 210 203 179 108 214 210 115 237 109 0 84 37 35 132 185 229 133 219 225 68 41 123 25 139 252 189 77 114 60 19 116 127 87 173 148 79 66 74 25 20 52 12 113 88 60 88 103 78 90 194 149 55 51 39 64 144 115 58
38 33 50 95 97 27 88 122 95 89 57 56 122 123 126 82 46 91 169 208 113 25 105 106 35 42 78 226 244 245 155 158 94 13 33 49 84 112 163 120 110 108 99 46 68 13 99 142 126 115 49 85 60 43 32 100 141 232 163 121 131 57 93 63 20 120 247 113 55 156 166 47 59 114 143 135 80 37 39 71 45 26 74 49 123 111 80 65 50 53 83 154 193 138 89 28 29 101 31 32
73 30 13 54 52 39 81 105 40 71 79 39 122 154 147 50 52 114 207 188 130 38 70 120 81 89 102 229 229 148 110 187 122 65 0 90 99 141 129 112 83 30 7 0 79 41 65 153 130 24 29 115 46 135 130 42 34 208 177 77 27 52 144 22 43 82 166 101 68 181 190 75 43 59 152 82 82 69 59 97 92 68 69 49 77 51 35 77 106 99 160 169 190 150 101 24 29 63 12 56
108 98 38 43 58 74 88 65 0 79 101 48 50 81 71 57 54 102 127 118 108 40 66 122 90 114 158 183 135 81 138 203 193 150 30 73 82 40 69 110 98 41 35 42 81 78 64 96 100 20 49 34 24 108 135 52 0 144 156 98 64 76 95 53 84 60 84 116 71 113 90 51 36 43 110 100 103 75 80 133 99 68 81 166 160 80 34 95 93 106 201 163 124 41 64 94 29 39 35 53
79 126 95 88 89 23 48 56 66 90 69 0 25 56 49 69 42 39 0 40 103 89 100 126 128 56 99 129 127 86 129 129 167 144 0 127 160 96 56 96 86 24 35 49 0 79 112 68 70 51 75 20 24 14 41 116 63 101 88 32 97 90 12 118 120 66 67 63 49 14 28 33 55 83 32 108 92 70 88 99 91 34 51 190 152 92 71 124 130 127 162 103 110 25 45 98 42 18 36 40
92 159 75 49 82 38 16 15 58 84 64 53 68 68 56 35 28 16 31 75 120 178 129 109 116 31 30 63 98 52 65 90 114 118 14 212 225 139 80 57 71 54 35 78 11 88 131 100 42 95 62 96 150 113 62 112 57 82 68 9 138 124 0 145 91 81 60 6 68 62 80 98 75 62 29 91 88 72 34 92 63 46 32 81 108 76 68 122 138 62 75 111 180 160 122 127 102 62 41 34
142 124 61 75 75 45 71 61 27 87 93 89 117 127 90 27 10 68 104 77 112 202 158 82 98 57 37 52 131 38 141 103 105 140 77 153 118 84 40 17 84 150 117 81 104 46 142 69 25 58 34 119 246 253 150 102 15 171 139 66 107 49 75 123 76 111 63 59 84 70 105 127 59 70 62 69 73 50 34 63 65 50 59 97 160 149 110 121 67 35 30 52 255 195 111 152 159 102 57 24
129 141 153 193 132 51 116 183 152 150 75 24 57 117 145 130 97 67 48 12 81 153 112 38 128 116 89 69 136 32 138 61 28 74 75 65 24 62 60 54 79 97 12 112 208 41 57 106 55 128 83 68 161 249 174 55 92 243 144 122 81 8 133 128 125 170 38 62 46 24 89 113 64 84 112 84 87 24 23 37 68 34 79 112 202 184 127 135 104 72 86 68 137 60 61 165 158 111 89 73
120 185 203 255 245 116 123 246 173 150 91 80 109 117 119 116 51 37 102 104 105 42 15 33 80 79 98 89 127 103 136 97 75 80 93 50 9 45 62 58 60 139 41 99 206 187 60 86 53 64 92 187 189 105 41 54 151 215 71 96 12 0 69 89 88 80 83 86 77 94 0 45 40 52 115 124 130 34 38 71 80 10 85 123 210 154 104 166 189 61 53 113 58 53 46 83 63 40 62 84
