37 33 21 47 92 40 81 67 22 44 22 57 53 2 28 7 69 87 40 44 94 60 38 65 115 97 13 22 37 46 17 70 57 52 42 17 0 34 26 53 10 87 53 26 68 110 70 72 68 21 64 88 135 53 11 60 62 41 77 99 43 64 35 45 31 30 67 56 54 112 95 5 25 23 55 87 81 48 77 47 66 86 121 88 36 85 60 17 40 89 138 224 102 15 106 121 63 51 15 38
23 1 80 14 32 28 93 81 36 70 79 114 62 63 46 45 29 67 12 57 126 112 5 26 94 92 29 27 38 59 47 127 133 51 24 32 103 143 82 42 29 134 152 54 33 28 37 36 1 25 20 43 122 98 47 104 82 27 56 104 49 50 16 29 0 86 133 102 32 108 131 77 57 34 75 74 23 45 77 82 58 72 79 83 83 56 40 118 99 67 143 209 109 0 92 122 99 105 124 116
61 89 119 83 146 158 68 64 53 44 93 121 0 104 96 61 129 134 8 27 23 35 90 119 154 101 55 32 21 118 155 179 112 28 60 26 34 88 88 44 40 57 90 74 58 17 15 8 52 71 25 44 62 89 82 109 67 33 68 48 91 66 36 7 40 45 87 54 55 156 134 91 83 24 36 82 35 51 70 70 53 62 116 122 124 177 193 119 24 39 134 192 101 24 40 52 75 68 130 76
88 95 67 66 117 198 114 31 36 9 78 146 11 91 72 85 159 142 77 43 77 93 123 176 192 79 1 14 46 96 138 255 156 5 86 129 74 73 90 88 99 55 27 38 25 66 54 2 44 71 41 86 81 95 106 105 67 42 0 42 105 109 32 67 36 61 79 92 91 24 79 43 33 76 50 44 0 6 76 34 38 109 155 112 138 201 189 68 44 18 56 79 58 37 62 134 77 32 96 18
116 39 26 21 53 31 28 80 7 81 91 94 50 68 23 91 144 116 70 69 0 0 138 118 84 1 12 45 12 39 98 161 129 17 53 105 91 117 93 87 109 61 44 52 6 38 49 15 65 114 57 65 99 72 57 52 45 72 79 50 131 162 140 99 29 35 71 89 112 44 48 22 61 56 31 56 56 18 83 104 29 109 167 76 32 88 125 53 59 38 89 11 76 128 185 116 66 16 78 34
194 138 91 13 89 145 35 27 63 121 88 52 64 57 19 62 73 34 12 34 35 111 105 111 76 134 100 25 15 48 56 57 23 78 57 16 52 128 81 70 74 31 66 77 44 5 28 18 50 70 25 17 67 74 97 71 16 0 15 118 148 192 101 0 47 114 29 36 18 0 57 16 95 103 145 80 33 24 91 183 68 98 125 47 11 46 67 81 140 51 63 69 96 150 194 77 5 0 44 69
124 84 97 56 22 106 60 33 101 56 63 87 90 41 15 54 37 45 41 72 35 65 61 49 6 65 59 61 87 93 75 13 33 109 89 73 136 141 84 83 76 86 111 68 37 35 63 37 46 35 28 35 44 52 95 74 44 63 83 25 25 55 114 81 130 138 60 21 24 92 112 130 100 43 98 75 23 51 116 219 146 41 104 113 31 52 60 60 102 84 33 117 85 145 131 24 29 45 27 84
38 60 73 26 52 55 77 55 24 40 65 15 10 28 25 62 95 113 110 43 38 28 0 42 103 162 79 46 107 112 93 44 18 71 74 60 96 81 76 54 49 94 126 121 46 35 59 99 82 76 39 29 23 0 32 103 62 113 100 29 50 28 64 108 133 108 64 48 82 93 87 111 56 64 140 139 36 65 98 80 67 90 158 100 49 117 80 83 59 78 0 118 121 89 74 75 105 114 11 56
86 64 58 49 23 28 52 47 23 124 94 0 51 44 27 72 78 7 11 44 16 12 45 40 90 131 122 84 87 73 102 90 30 32 47 58 105 93 127 80 33 71 108 154 139 113 42 123 110 74 27 15 63 49 5 63 46 88 41 45 12 9 42 127 97 33 66 37 56 88 110 74 98 34 44 25 62 58 29 77 8 26 64 53 38 66 79 79 121 173 88 66 82 60 59 132 188 162 89 102
45 35 33 10 39 47 0 10 134 203 128 84 156 85 32 75 75 80 93 47 0 15 24 38 84 18 79 140 89 41 107 122 86 48 66 45 19 39 62 87 65 21 54 121 157 167 113 116 104 29 10 33 60 109 41 52 76 88 32 29 48 42 23 24 26 34 18 16 78 40 41 99 88 18 24 34 84 47 36 66 59 75 50 36 68 95 77 94 161 130 48 40 19 13 58 119 145 206 151 82
33 24 49 46 48 81 71 37 73 153 90 56 95 36 33 78 74 95 87 28 22 61 17 35 96 43 66 57 36 74 103 47 29 18 83 130 63 70 65 95 79 35 53 51 49 35 33 65 82 46 72 20 78 93 50 94 73 47 0 3 36 15 18 46 12 30 58 20 69 126 80 55 10 29 46 34 28 17 23 20 141 146 80 52 60 78 57 70 93 65 69 67 71 54 0 44 45 124 92 37
0 63 43 49 62 72 117 87 0 38 27 47 102 92 62 33 42 52 29 15 87 85 34 68 69 39 76 81 73 91 69 28 60 40 53 133 74 58 80 74 25 48 26 0 73 125 80 45 63 51 71 28 120 121 67 74 53 47 33 53 63 30 11 39 44 0 7 110 102 58 64 22 35 38 13 16 35 104 56 0 101 81 56 88 46 29 44 63 76 47 26 8 32 44 12 48 32 81 56 40
20 60 67 98 74 57 111 86 1 15 30 56 109 102 33 35 36 76 50 40 125 85 81 110 56 42 109 110 33 38 89 132 166 92 34 53 34 31 61 39 33 44 40 68 104 92 69 127 121 112 94 127 107 124 46 0 11 29 5 13 25 67 34 22 9 26 76 78 75 74 25 23 42 33 67 61 38 40 12 61 125 71 17 63 41 23 91 146 103 55 22 46 27 12 48 1 34 88 70 29
61 41 0 34 164 142 22 23 90 83 43 17 89 125 42 59 56 93 40 16 94 76 78 40 28 134 168 81 19 88 141 154 154 94 66 24 44 60 34 13 49 84 89 57 12 26 35 33 102 116 87 100 70 72 58 53 25 57 53 57 26 49 1 0 1 40 11 39 92 69 67 39 77 46 111 100 113 51 7 70 66 94 35 55 103 89 110 99 102 33 62 83 81 52 20 17 30 69 74 53
62 34 61 86 131 148 89 78 44 72 80 51 35 73 50 50 93 82 31 49 94 103 79 29 67 171 145 62 33 95 144 174 103 125 103 14 28 51 25 26 27 56 93 88 69 41 46 38 103 75 41 15 76 57 47 56 33 29 30 30 7 24 24 67 57 6 15 51 115 116 122 111 61 54 65 63 104 83 28 63 109 130 45 16 54 20 57 28 47 5 61 75 111 79 9 42 38 29 44 66
60 43 65 75 75 144 173 96 59 15 60 112 38 57 76 17 46 14 15 92 70 66 45 72 40 99 136 135 23 0 51 77 78 186 126 24 14 31 62 82 93 97 90 78 138 74 43 34 82 17 36 78 118 134 82 49 47 19 19 19 59 95 70 51 29 5 27 73 101 45 114 155 115 120 31 44 44 75 30 91 134 67 8 40 58 0 138 192 122 95 39 60 50 0 71 29 89 62 63 60
61 30 0 21 35 125 160 102 57 36 61 101 71 75 131 113 87 22 42 90 27 64 50 33 29 61 134 98 31 38 32 27 36 139 139 37 43 62 54 119 109 101 116 84 102 99 70 41 37 63 113 105 102 110 41 22 26 0 15 21 52 140 202 119 109 26 38 59 8 30 102 102 95 104 88 49 45 106 83 35 55 29 25 51 14 10 145 146 134 139 54 74 11 66 74 8 23 44 13 16
76 34 24 16 43 72 108 76 68 53 53 48 41 5 121 236 154 140 70 19 1 85 83 9 30 74 98 47 67 103 31 51 61 85 104 133 133 68 18 39 70 62 154 65 43 98 81 47 9 48 113 107 104 95 73 8 22 27 14 62 51 82 133 127 110 105 59 18 45 89 64 2 0 65 118 59 78 98 100 35 58 42 13 29 22 48 35 0 73 91 93 39 49 82 41 23 20 39 15 29
75 43 47 40 62 57 72 84 82 63 64 123 71 61 130 230 168 186 95 31 44 78 82 36 54 57 43 7 67 131 52 100 101 19 44 75 120 128 48 54 87 73 126 78 30 37 58 2 64 47 30 91 147 7 106 146 40 55 56 29 41 22 34 39 44 74 93 81 68 74 60 24 16 35 31 79 53 42 33 73 88 48 0 4 90 113 25 60 122 91 39 76 125 109 47 58 77 75 36 42
64 43 21 24 7 8 0 40 82 58 34 60 10 64 131 195 141 132 69 26 52 42 69 97 68 21 21 36 33 61 20 40 26 123 140 48 31 50 68 50 51 103 65 94 143 63 5 44 7 34 39 100 59 60 149 136 111 95 65 16 48 50 40 26 43 98 158 131 54 54 96 97 44 44 43 65 99 68 48 25 26 43 48 1 106 95 16 54 76 21 59 54 57 27 66 0 22 23 12 56
155 132 97 83 41 26 13 44 48 50 49 9 75 91 134 157 50 76 100 53 63 64 79 103 87 31 8 32 0 6 47 50 48 105 171 64 77 78 28 105 182 112 70 70 35 72 42 45 35 37 105 98 93 61 48 105 153 133 0 42 11 33 55 40 43 70 131 174 141 73 51 70 114 53 20 47 106 97 82 63 27 20 72 49 100 118 128 112 30 7 22 73 96 136 37 69 114 94 67 100
92 81 98 95 57 0 13 0 32 32 66 39 49 55 107 142 168 129 103 39 60 72 38 12 11 36 36 64 61 45 73 39 31 32 23 32 91 97 62 103 145 89 51 66 19 140 165 34 5 1 49 28 4 12 92 59 136 77 64 36 0 58 24 52 72 7 45 135 118 52 56 101 116 83 38 36 35 108 85 62 62 23 81 114 142 248 249 78 28 32 89 70 50 138 130 0 73 53 32 67
29 37 95 138 76 0 44 9 11 31 120 148 25 13 50 103 62 75 99 112 111 42 5 36 27 57 58 41 53 31 61 37 5 47 124 94 14 138 79 62 108 61 57 125 57 117 222 60 44 97 23 50 0 33 72 36 14 42 16 25 52 11 82 29 54 35 66 89 70 84 107 87 78 26 105 106 96 48 25 23 7 12 30 0 87 251 231 45 60 66 21 96 105 202 206 79 21 35 59 119
55 64 101 177 57 0 55 35 35 32 97 125 88 40 5 15 40 41 37 137 201 99 18 27 72 59 80 43 37 18 72 71 50 0 61 163 29 156 88 21 28 39 100 159 132 35 54 90 103 40 99 38 66 75 112 77 43 10 21 46 95 71 59 82 59 72 31 17 80 115 105 112 44 37 110 78 1 36 21 33 27 37 54 11 131 94 23 29 13 38 38 42 77 137 130 87 16 28 42 82
3 99 138 142 54 0 59 77 70 25 65 62 81 33 35 60 25 8 84 184 238 72 0 60 94 106 83 23 80 93 68 68 26 17 47 173 95 110 110 23 8 22 72 160 94 40 55 109 129 83 126 99 37 4 82 71 36 26 75 71 52 82 108 154 70 0 19 3 32 79 41 82 70 71 114 90 111 74 10 18 9 0 52 115 232 116 103 91 92 107 84 33 27 97 129 53 83 41 17 13
37 90 149 112 32 7 67 123 103 59 69 23 12 28 60 51 128 71 14 147 166 133 40 102 78 108 78 47 89 72 30 31 29 7 36 101 83 33 88 74 54 52 29 98 84 46 70 58 26 69 88 59 44 88 123 70 18 24 65 0 68 59 90 76 74 30 82 81 40 28 37 57 61 103 68 36 35 67 51 9 38 50 37 100 101 78 35 25 65 121 130 61 43 130 53 124 68 45 54 75
110 54 140 91 24 35 65 85 85 42 80 86 23 5 54 94 126 96 82 56 155 97 31 93 115 140 56 41 73 50 10 17 32 0 112 123 59 150 107 125 112 115 85 96 106 34 15 49 7 161 193 87 47 66 86 23 37 77 127 105 26 61 0 75 69 62 81 72 40 16 95 146 120 98 31 58 47 87 56 26 52 59 81 146 124 41 28 89 38 102 94 58 86 73 7 61 41 13 5 18
148 13 103 77 19 41 74 51 28 33 69 95 52 49 52 53 54 5 100 70 53 85 37 26 59 120 33 48 73 58 33 46 66 23 53 116 45 117 48 73 93 55 11 34 59 7 29 66 85 162 168 57 96 106 136 60 36 62 67 59 71 12 115 105 92 117 85 38 51 7 27 74 123 67 44 56 23 81 31 34 83 16 90 135 92 27 59 28 55 35 36 52 94 82 65 72 38 67 83 69
48 0 78 68 22 0 43 64 15 53 35 18 0 34 63 96 81 17 24 42 1 75 31 0 110 176 60 33 8 1 12 45 32 30 24 28 105 97 38 70 58 80 40 25 0 19 74 0 73 44 57 41 113 95 75 0 5 80 28 91 133 136 131 78 66 92 75 24 73 72 30 40 81 123 163 95 21 81 49 5 81 79 36 21 43 157 127 28 22 57 15 168 155 120 146 75 90 98 78 41
111 92 21 4 77 51 54 74 113 178 147 97 53 60 78 113 152 130 33 6 67 36 61 57 63 130 52 55 48 53 59 67 52 51 78 21 103 109 67 64 10 51 74 69 64 122 65 97 71 23 39 52 38 51 52 85 62 91 80 82 167 180 69 107 70 62 74 35 60 128 90 67 82 130 158 137 87 90 104 59 104 131 52 7 32 153 122 93 62 34 36 85 88 111 92 87 188 124 39 0
57 137 69 48 108 57 19 13 114 150 85 23 44 131 163 123 102 89 33 31 22 42 99 56 48 85 32 46 51 74 102 119 58 31 0 51 37 31 89 63 28 131 123 59 73 255 145 126 81 59 81 63 29 72 26 59 24 38 8 72 154 117 69 79 59 57 67 48 52 132 88 63 70 30 18 64 74 72 96 104 40 7 48 42 1 35 91 101 24 4 9 17 45 60 83 52 116 86 35 7
124 168 76 46 98 109 85 26 54 37 10 36 72 107 120 72 103 100 93 54 73 157 133 54 32 74 61 67 31 22 59 99 86 70 70 67 31 51 37 3 36 112 66 152 40 130 143 65 83 78 107 38 64 140 63 49 66 44 30 60 27 51 71 73 130 141 85 44 40 92 27 29 44 9 23 33 43 80 23 4 16 75 68 19 44 41 7 59 40 25 33 48 0 76 104 83 115 103 56 19
43 102 93 70 40 6 23 19 56 60 44 57 73 55 22 25 49 14 35 0 65 102 55 44 11 66 47 59 51 14 46 51 43 6 23 27 7 23 31 18 37 77 74 113 103 29 49 71 129 120 133 114 162 154 92 43 153 121 122 86 50 25 78 97 149 148 95 30 31 13 95 106 84 59 61 61 10 50 74 79 48 73 116 0 71 70 21 98 97 30 66 139 118 63 13 77 83 69 27 22
119 168 125 19 0 55 79 60 63 106 143 70 33 84 77 18 23 106 113 55 27 91 70 7 18 30 24 28 42 35 25 28 32 0 9 11 7 29 38 36 26 13 13 27 37 67 69 0 79 79 14 81 255 245 235 163 157 156 211 111 20 20 24 52 88 66 72 84 65 36 121 224 144 114 107 42 28 38 0 103 84 87 12 51 44 21 91 84 87 72 55 94 116 127 44 78 60 31 56 78
133 90 33 61 29 50 87 57 27 135 208 130 30 81 63 58 66 42 27 40 25 67 54 26 18 3 19 0 10 27 0 20 42 20 18 13 17 29 26 34 55 46 42 30 26 34 26 47 38 41 50 36 210 254 252 255 194 244 255 244 76 75 71 40 114 65 55 63 59 74 72 81 80 42 17 47 123 68 30 122 127 114 43 75 90 18 64 66 51 60 71 138 130 120 31 66 47 24 122 166
72 50 0 41 6 17 81 131 176 99 155 64 34 74 181 117 69 6 59 59 46 61 45 50 43 19 30 3 4 26 7 32 45 39 34 21 25 20 2 17 11 42 34 14 18 35 16 35 33 77 30 96 77 255 242 248 241 255 238 252 209 203 66 19 26 34 79 86 44 32 71 97 43 13 28 84 137 60 52 62 84 25 35 46 70 50 56 51 73 49 91 154 88 53 30 75 48 62 158 181
53 69 33 99 106 65 37 109 166 148 96 82 47 130 188 157 11 7 104 159 117 60 24 31 46 23 10 3 9 22 18 15 20 25 24 11 17 11 0 19 18 11 21 70 44 43 42 27 51 71 60 93 95 50 255 248 191 226 217 255 255 250 238 162 56 70 80 55 34 19 88 66 8 13 100 55 45 31 52 89 168 142 34 45 52 45 24 36 3 4 48 66 38 21 22 29 42 83 104 67
171 111 0 163 165 32 58 47 79 55 64 113 67 93 130 24 61 78 74 235 186 70 42 63 8 11 3 13 5 0 21 9 10 13 12 0 7 8 1 29 36 12 0 68 36 0 3 49 76 5 51 91 87 169 186 78 89 231 255 126 59 255 255 222 82 99 69 7 17 37 128 84 57 64 77 35 50 2 30 99 111 34 13 39 9 48 146 118 103 104 54 0 13 0 7 52 92 111 77 4
142 131 14 138 109 0 73 19 74 107 95 120 37 37 56 73 118 181 69 138 92 28 42 42 0 12 22 29 6 2 34 36 23 15 15 5 9 11 3 19 23 32 0 2 19 56 19 43 40 36 64 76 61 139 36 255 36 255 237 246 255 246 199 255 109 83 41 16 50 79 138 134 77 74 24 68 140 50 50 91 78 38 68 8 38 61 118 90 76 84 35 22 68 37 22 81 96 55 42 0
80 98 28 34 90 26 0 68 82 72 109 56 42 9 30 0 176 214 69 38 51 36 48 23 8 0 6 9 0 11 32 32 29 15 17 14 16 17 0 2 18 0 8 28 7 57 8 16 25 22 66 56 57 82 198 160 103 246 251 255 252 97 224 255 54 85 67 10 30 115 137 120 43 47 65 83 134 83 25 43 67 84 56 9 55 109 102 9 81 73 34 62 90 78 38 42 95 2 38 34
32 89 44 40 6 97 129 24 52 41 19 31 47 30 51 109 77 89 31 40 41 49 44 15 4 2 0 0 5 14 24 31 15 16 11 1 0 8 15 17 27 13 2 7 21 25 12 0 44 0 29 28 42 185 175 66 177 255 255 244 63 255 40 145 95 76 22 10 50 88 86 55 30 32 58 95 102 153 33 53 92 56 16 22 10 102 96 25 76 62 18 94 66 49 44 27 92 60 23 7
18 45 95 75 9 59 100 86 145 71 31 31 59 69 57 81 133 107 15 33 0 0 36 16 3 4 4 3 2 6 15 23 6 9 6 1 2 11 20 22 11 3 0 9 25 32 26 17 0 15 0 8 56 130 105 142 200 234 249 244 255 244 255 72 96 125 74 72 103 84 10 34 71 30 31 27 40 97 26 135 159 53 6 33 62 28 33 60 56 0 60 68 25 81 25 8 47 44 44 45
129 58 106 80 51 77 88 117 140 79 83 12 0 54 61 134 174 157 28 32 20 15 35 0 1 6 9 7 2 1 7 13 9 11 11 7 7 13 18 20 12 9 8 11 16 20 19 16 27 14 27 13 17 40 95 117 164 163 255 255 161 254 240 22 51 99 110 124 116 114 38 60 28 5 62 62 75 105 34 131 205 98 38 41 87 51 25 8 23 38 47 23 21 49 41 41 68 55 53 66
127 48 50 80 133 128 66 50 16 110 93 64 30 22 107 141 238 255 100 0 35 33 18 4 0 4 9 11 10 8 6 5 6 8 10 8 8 9 12 13 17 16 13 8 3 3 8 13 9 31 29 0 12 43 105 115 205 148 238 252 243 85 68 81 99 66 97 145 129 76 29 121 106 5 45 77 111 175 116 42 86 86 82 71 22 22 34 46 15 82 18 7 48 27 68 42 54 27 11 23
40 69 25 73 137 106 59 47 63 101 96 48 57 63 57 126 247 255 174 7 30 21 6 21 0 1 5 14 21 20 12 3 0 0 3 6 5 5 6 8 6 8 8 5 3 10 25 38 5 13 0 26 23 50 130 231 242 242 249 255 241 114 95 59 100 116 110 54 91 72 40 116 171 143 51 26 119 139 101 95 49 36 44 127 143 98 36 50 30 40 36 3 31 51 54 0 33 22 19 26
71 154 69 49 64 30 47 82 104 77 20 6 52 72 125 250 241 196 177 51 33 16 9 13 4 1 1 10 22 24 16 6 12 11 12 12 8 2 0 2 0 4 8 10 14 26 45 59 25 23 31 15 57 67 73 55 251 255 255 230 250 141 91 114 72 61 70 28 66 53 65 112 193 111 15 30 60 59 93 74 150 125 60 53 93 56 20 66 84 108 101 29 44 77 82 52 21 11 5 9
100 136 86 24 41 25 35 69 129 61 66 39 39 68 112 255 219 138 111 52 17 6 1 6 11 4 0 2 11 16 14 9 19 16 17 18 13 4 1 4 7 9 13 16 20 29 41 49 34 25 37 66 104 50 79 255 250 243 240 255 221 100 118 118 33 48 83 44 34 58 86 43 74 61 27 62 40 0 32 97 212 182 102 58 38 64 48 39 64 120 71 45 59 33 65 74 38 29 15 8
76 38 52 0 61 90 85 109 65 35 24 50 35 42 134 193 81 67 46 51 30 16 0 18 17 9 0 0 0 6 10 12 1 0 4 11 12 8 10 16 9 10 13 16 20 25 29 31 24 23 37 155 50 161 149 251 245 248 253 254 244 118 81 69 34 69 82 86 77 48 37 34 16 62 79 141 136 54 26 103 176 70 24 104 24 95 83 36 45 36 41 111 105 45 46 21 31 48 53 35
100 19 21 0 77 52 116 159 61 77 55 25 54 61 89 147 59 8 41 15 14 27 12 16 13 11 5 0 0 9 17 20 4 4 5 7 9 10 13 18 24 13 11 0 7 10 6 27 14 33 91 163 93 45 22 171 51 255 222 239 255 80 87 100 57 56 41 100 79 62 37 62 87 171 109 133 55 28 41 55 118 61 86 71 31 107 113 70 21 2 45 68 69 32 36 18 53 72 40 30
104 48 25 71 73 36 119 185 51 34 0 130 80 10 60 111 57 12 44 30 19 14 13 12 8 11 13 11 13 18 20 18 13 11 9 10 12 17 23 29 16 15 5 13 8 1 4 30 29 38 87 105 97 73 194 121 80 214 255 254 48 97 129 107 136 82 67 141 151 87 27 93 80 30 55 68 111 88 17 61 127 99 102 141 104 142 140 134 38 11 31 82 48 5 46 7 96 83 94 117
104 104 79 93 44 16 108 152 70 31 79 87 54 135 163 92 26 13 32 24 18 5 15 5 2 9 16 19 22 23 19 13 11 11 10 11 14 19 24 26 22 22 0 14 4 22 44 93 121 63 63 78 130 157 249 255 242 255 240 222 32 82 88 71 109 131 105 151 91 41 87 48 28 55 39 36 124 75 80 198 225 137 51 54 49 50 81 106 57 20 54 82 74 65 133 55 73 71 101 114
7 84 122 14 111 33 59 123 80 31 107 94 27 222 167 89 11 66 57 15 18 1 11 0 1 7 12 13 14 15 13 7 3 6 8 9 12 15 14 10 8 16 15 31 11 40 20 60 110 137 157 59 107 150 213 150 255 246 126 24 20 13 33 59 51 105 109 197 93 7 78 71 106 90 12 134 144 29 60 166 214 99 44 6 40 17 60 60 53 4 29 0 50 86 157 80 71 102 117 83
61 63 96 99 78 154 32 69 42 62 132 79 32 68 138 67 45 169 140 36 22 0 2 0 8 9 6 1 1 5 7 5 11 12 10 6 8 13 12 7 3 4 25 22 9 61 9 43 58 130 177 108 99 126 24 162 114 33 52 38 80 44 14 20 37 57 73 138 99 43 11 146 200 56 66 196 84 50 51 38 87 30 78 54 61 61 71 43 16 27 31 80 120 77 73 22 85 85 101 70
27 15 175 171 118 199 105 71 69 46 2 74 54 37 61 31 70 203 181 58 21 0 4 12 13 12 7 0 0 3 6 6 28 25 16 5 7 17 21 17 10 0 15 6 10 66 28 61 45 61 106 115 188 192 255 234 194 54 44 118 37 3 22 31 18 37 39 55 33 31 7 98 146 71 131 145 24 54 84 28 34 27 75 81 31 89 56 30 66 119 43 173 147 46 27 62 65 0 46 56
136 125 88 41 156 229 99 70 0 26 54 32 28 43 41 0 53 112 113 42 11 0 16 15 9 12 13 10 9 10 7 3 26 25 17 7 9 20 21 14 6 6 14 31 40 37 10 17 107 186 231 221 206 209 241 254 86 45 63 147 43 19 67 57 41 23 37 69 38 0 31 38 72 82 68 85 73 36 34 15 22 55 63 93 30 93 53 54 136 209 154 227 169 97 53 107 52 0 58 54
175 132 83 81 217 196 128 68 52 38 8 39 23 60 27 16 32 5 21 12 2 2 23 1 1 10 18 20 20 16 7 0 9 14 13 8 11 18 12 0 19 22 6 48 64 25 38 41 165 235 255 255 240 233 255 243 218 15 22 33 20 27 86 152 104 45 55 6 34 32 53 71 32 77 27 29 68 74 27 10 0 63 45 58 0 24 30 78 171 225 228 141 94 108 46 78 34 42 96 35
112 49 37 15 109 177 118 45 35 37 54 61 31 35 23 36 9 19 6 0 6 5 0 0 4 2 12 18 12 12 11 3 10 16 11 8 14 10 0 0 25 13 17 26 62 99 112 79 37 172 196 136 255 255 194 254 201 9 40 42 24 16 54 91 53 15 65 13 96 124 99 83 88 82 59 19 0 75 77 31 27 47 58 73 29 21 33 60 138 130 128 72 20 78 39 65 82 75 58 22
86 94 111 127 41 14 55 92 174 110 28 67 47 0 4 8 10 18 8 4 14 11 6 16 12 7 13 15 7 4 4 0 1 7 3 1 9 11 11 19 2 12 6 0 41 102 163 228 43 151 166 236 255 240 235 132 94 40 100 54 0 29 63 28 37 18 41 21 87 125 100 104 132 141 50 40 0 86 130 111 28 51 30 81 61 32 17 27 75 49 7 15 84 108 2 50 89 71 20 0
77 39 14 56 41 40 38 26 163 116 26 54 61 51 53 29 22 21 13 12 15 7 4 19 8 3 7 8 2 4 7 1 8 12 6 1 7 9 15 29 20 0 33 22 89 18 69 193 49 187 255 255 217 255 255 9 167 102 41 51 91 68 22 66 53 50 44 82 150 184 126 111 131 115 66 39 51 89 116 76 40 111 75 90 77 50 22 5 24 45 35 16 111 117 38 72 84 18 36 62
96 17 43 63 84 34 6 65 30 41 93 154 128 70 24 62 25 16 11 14 12 0 1 16 7 1 3 5 0 4 10 6 11 13 5 2 8 8 11 23 13 11 16 53 103 123 55 66 160 255 229 129 90 226 95 153 152 76 37 74 87 29 13 44 48 60 19 18 44 85 121 178 139 82 82 6 46 62 55 43 89 134 92 41 49 38 27 38 21 11 33 13 84 119 104 68 48 63 95 39
74 29 71 63 105 151 130 88 78 87 75 57 37 43 18 33 19 7 7 16 13 6 11 21 15 7 7 6 0 1 6 2 4 4 0 2 12 10 8 18 21 8 23 0 60 150 178 141 39 130 131 110 158 97 41 27 90 45 16 3 26 2 33 31 62 76 45 17 27 15 30 42 42 48 67 56 77 112 100 132 149 101 87 31 79 58 47 104 82 41 43 67 18 24 31 35 91 0 53 128
127 46 10 30 3 101 207 200 143 93 12 76 99 46 23 28 25 10 12 19 14 12 16 14 10 3 6 8 2 5 10 6 13 14 10 13 18 11 8 21 39 73 90 136 80 194 245 249 235 255 242 190 242 245 135 64 0 48 65 37 86 45 47 60 27 88 130 80 56 24 65 75 71 91 36 28 65 58 107 120 74 37 113 86 119 82 24 48 114 83 19 91 28 51 19 42 68 49 53 118
38 43 28 27 19 125 200 176 30 70 43 82 81 38 22 16 26 11 13 17 10 13 14 0 0 0 3 8 5 10 15 10 23 26 22 19 16 7 13 36 70 87 97 91 62 137 255 255 255 207 192 224 255 245 190 36 35 59 69 25 59 105 110 55 90 127 166 102 74 63 74 37 73 91 21 9 77 22 56 21 72 26 66 24 10 32 23 42 72 103 67 81 19 29 37 54 142 27 4 76
104 71 42 6 108 146 81 66 62 86 87 84 73 55 7 26 12 0 3 8 4 14 16 0 2 0 6 10 5 7 9 2 11 18 17 13 8 2 21 56 29 48 78 131 52 21 159 252 239 255 148 255 246 254 116 21 10 94 83 22 40 47 38 112 168 189 208 114 52 61 68 25 145 157 62 47 61 51 33 36 84 31 70 110 78 83 42 24 33 27 40 26 43 34 101 59 68 70 130 110
84 57 50 66 80 74 33 14 13 98 113 10 2 16 15 12 12 3 11 0 14 2 9 8 9 15 26 22 7 7 13 8 11 1 14 0 24 6 4 52 74 67 22 70 99 116 82 253 255 241 253 237 169 87 56 68 40 96 110 93 106 145 136 46 53 108 141 53 6 47 52 57 176 171 29 89 96 51 28 82 33 22 58 79 136 97 51 79 42 35 77 99 80 24 90 76 94 107 114 248
28 75 102 35 84 127 133 79 2 89 97 30 15 25 21 7 0 3 1 6 20 9 14 15 14 12 19 23 17 16 11 0 11 12 8 17 27 30 26 41 109 114 37 66 233 230 91 125 94 218 255 252 183 28 66 88 42 49 80 89 133 178 144 106 86 81 127 77 17 39 38 39 101 106 17 92 122 39 6 10 73 35 16 62 53 23 41 37 49 96 126 55 65 33 66 91 22 98 84 68
56 133 133 136 197 165 184 114 71 60 52 94 119 76 25 17 9 34 6 11 16 12 17 19 10 16 26 20 2 1 13 15 18 21 1 8 0 16 34 44 38 107 19 98 255 255 119 188 252 230 255 243 177 31 71 10 55 55 67 50 18 47 65 40 25 105 170 57 0 22 10 0 28 91 42 62 114 76 71 0 64 97 72 76 31 44 63 52 16 77 59 45 73 0 74 106 49 93 127 85
35 7 21 64 105 85 56 136 70 56 71 73 100 78 27 19 31 69 18 3 0 14 27 25 30 39 46 28 0 0 6 10 24 5 10 28 29 53 33 15 39 87 8 112 204 213 91 136 255 255 159 9 93 115 134 40 74 125 65 51 35 64 115 52 59 66 61 32 92 109 18 20 49 93 45 47 53 7 57 29 86 163 138 73 70 94 36 71 41 67 14 68 116 22 26 34 88 83 106 99
30 20 14 62 87 50 68 165 161 119 121 48 70 63 17 34 106 140 80 36 15 44 48 27 8 15 20 10 4 18 21 2 22 0 20 0 0 9 11 46 15 4 1 40 80 87 80 60 123 62 29 152 91 96 195 87 2 136 57 35 46 9 6 31 49 26 25 51 103 78 26 83 93 106 36 47 50 50 95 83 109 142 104 67 118 109 28 68 48 26 0 0 51 118 70 96 104 128 71 42
88 13 51 0 45 52 35 130 146 90 72 20 55 39 0 33 88 91 56 10 1 41 32 0 38 53 49 13 0 20 38 25 32 49 77 40 48 13 5 62 151 52 60 91 69 81 106 64 53 74 68 211 87 155 149 37 63 41 31 71 56 57 26 26 67 56 69 72 58 80 100 77 69 122 73 52 31 75 81 55 39 73 72 103 115 97 68 13 7 15 92 92 27 112 111 50 20 40 29 43
37 1 31 51 113 73 38 25 5 62 46 36 55 62 29 79 57 11 15 0 26 79 67 29 21 66 81 40 21 72 124 129 77 108 35 5 52 31 28 70 75 21 89 117 27 15 60 96 75 123 80 45 0 126 106 60 63 100 59 43 58 61 5 88 37 17 34 74 36 41 105 67 42 106 96 53 6 32 19 34 3 34 71 114 47 78 87 0 14 71 148 145 59 87 148 44 32 0 77 130
11 9 48 95 126 115 43 6 31 77 6 87 105 73 26 92 102 8 21 11 51 97 75 35 33 85 102 58 35 75 100 79 31 144 42 25 49 20 52 116 72 27 107 49 42 39 112 134 44 76 123 87 22 0 96 54 85 117 95 77 18 86 119 83 21 20 13 67 49 25 74 37 52 101 76 26 106 252 213 142 61 18 45 81 2 102 124 103 18 124 142 53 114 137 98 36 64 15 78 60
77 33 22 67 68 101 96 71 70 123 65 68 116 56 11 33 48 8 30 16 63 131 79 65 30 36 29 19 52 66 80 140 48 126 55 11 32 25 87 102 5 16 51 54 4 0 134 189 105 84 132 100 40 104 178 173 137 102 76 11 38 27 42 58 35 0 17 83 122 89 82 29 64 91 75 50 55 125 186 147 107 53 69 43 57 61 70 102 18 144 105 59 178 157 48 11 34 25 95 37
47 104 103 68 37 70 68 55 70 92 114 48 54 37 52 57 3 4 54 99 136 171 104 43 6 29 19 85 109 86 116 143 51 75 55 21 67 88 160 167 52 46 84 99 11 59 108 182 67 34 29 46 38 88 130 101 91 53 45 82 96 66 78 2 0 63 60 75 130 133 94 68 61 58 116 101 3 27 101 74 42 89 62 37 19 26 0 93 20 121 87 26 83 78 52 32 46 22 63 40
27 149 162 80 23 29 34 57 35 33 54 32 25 34 93 34 17 55 109 152 122 126 81 9 65 103 71 103 91 83 85 66 7 45 48 28 78 64 49 66 68 160 102 127 23 36 68 107 39 103 152 95 46 110 74 57 5 6 51 93 146 83 23 94 37 55 35 67 69 67 68 106 42 48 117 137 73 36 28 9 52 124 104 67 4 53 53 159 97 71 33 27 24 3 39 5 26 15 36 59
7 89 101 45 6 12 50 105 130 42 47 51 67 129 55 15 11 54 123 164 128 157 116 23 58 108 99 92 82 99 21 0 42 20 23 45 46 58 54 27 154 193 161 39 96 62 42 24 73 224 231 168 54 37 56 92 70 34 100 52 68 97 90 131 33 18 23 58 42 37 42 52 23 89 106 89 73 61 53 36 83 106 111 60 21 56 72 88 81 63 33 50 51 4 49 56 43 38 20 57
70 87 86 44 32 83 145 159 123 89 6 47 119 143 76 35 2 12 80 105 105 185 145 38 44 73 21 16 44 70 9 41 11 28 13 37 132 113 103 81 152 181 160 48 57 39 53 52 59 85 114 112 67 51 11 136 108 6 31 93 165 133 143 123 85 56 54 77 111 72 41 49 62 21 10 103 100 0 3 48 47 47 74 77 94 70 47 37 52 110 50 19 80 50 40 51 26 48 33 92
6 27 50 13 24 119 182 126 112 121 95 40 108 119 29 26 56 75 150 122 84 133 127 59 42 108 36 49 98 104 69 51 26 22 55 28 107 76 160 125 136 118 71 67 20 22 100 58 63 92 54 88 125 139 110 108 117 73 156 149 85 53 138 174 129 62 57 75 122 103 91 95 133 104 40 68 93 38 44 102 114 77 115 168 95 36 36 61 145 153 101 48 78 72 52 19 54 74 32 26
23 49 81 32 9 51 93 41 63 122 77 43 70 72 55 8 38 74 153 129 82 64 82 28 30 80 25 23 68 100 94 35 4 65 107 37 107 61 90 105 91 44 138 44 45 14 106 91 108 151 147 60 53 116 72 36 10 44 144 226 250 150 28 89 62 66 72 53 89 136 113 76 64 96 111 96 88 36 7 94 95 48 85 156 55 26 58 90 137 138 139 65 27 24 36 32 62 96 95 101
54 65 100 68 30 20 83 111 148 154 88 75 51 109 87 27 63 42 55 65 90 68 97 13 29 14 32 46 75 99 63 9 50 77 76 0 12 29 7 28 23 79 86 55 64 60 99 68 76 141 179 121 45 9 9 22 36 37 3 123 172 157 69 9 117 163 114 84 130 121 35 87 40 48 145 105 49 68 25 23 44 37 33 84 93 68 32 26 130 207 179 46 64 74 32 61 174 125 46 1
45 26 54 34 18 27 85 120 150 167 137 108 55 83 80 2 22 27 17 53 32 35 77 93 70 104 81 123 184 91 41 12 30 35 40 130 134 50 86 152 115 69 8 46 65 74 71 53 28 55 67 103 107 53 27 25 5 54 23 107 72 66 31 4 89 127 88 140 93 33 32 107 60 92 101 80 65 59 53 47 24 49 105 113 188 125 55 52 142 106 46 46 55 63 50 65 178 104 80 42
72 39 75 15 46 12 56 86 75 111 86 90 60 49 43 3 75 56 106 127 60 34 21 57 43 33 49 110 170 105 74 22 0 54 151 128 37 88 131 112 94 143 82 20 12 31 52 100 36 47 25 72 153 101 33 72 15 87 83 75 54 56 66 48 49 85 17 99 29 40 54 39 54 55 61 64 66 66 47 16 22 55 97 108 196 178 27 62 105 91 147 144 30 34 50 58 41 24 17 41
112 41 93 82 45 38 63 76 106 105 66 96 77 15 7 32 34 39 82 115 101 83 28 42 126 135 97 69 133 84 40 53 30 45 111 40 0 105 76 36 124 133 79 29 7 41 72 152 67 28 16 77 177 148 48 62 18 95 120 24 30 20 41 19 50 43 67 76 51 56 39 18 58 121 66 52 142 112 69 165 103 75 10 67 158 108 18 42 23 31 81 160 23 53 0 27 58 79 35 39
134 83 123 103 35 55 52 46 30 20 37 83 94 61 31 43 7 99 89 91 94 84 70 73 78 146 149 79 63 64 24 30 32 21 63 29 41 80 45 47 99 44 65 116 51 93 80 71 26 38 35 46 138 111 16 100 0 118 182 36 58 65 62 4 78 80 108 55 113 127 97 67 54 91 93 121 169 142 138 221 181 74 7 105 169 72 91 106 93 84 120 102 89 78 62 46 78 85 35 9
60 60 70 3 57 57 47 69 72 29 49 19 23 67 35 2 68 100 50 27 19 52 63 27 102 252 255 147 85 105 23 24 24 15 38 14 28 37 84 75 43 41 121 178 62 146 142 79 41 0 62 100 109 98 45 73 89 83 114 64 83 21 20 82 121 90 18 84 120 70 82 68 67 65 83 108 119 128 138 140 127 26 36 114 152 91 58 58 76 63 132 133 91 0 71 92 73 80 104 89
139 88 55 62 103 68 54 112 105 35 68 51 53 81 45 12 39 43 136 150 55 59 48 10 138 188 223 161 37 109 98 30 68 81 58 20 50 31 52 44 3 52 112 116 14 89 136 130 105 65 101 113 112 74 10 54 85 51 36 8 53 49 27 41 125 79 121 195 142 14 56 77 100 61 92 84 22 73 120 44 13 52 53 94 63 33 0 0 47 16 0 88 95 40 55 73 38 87 134 75
113 61 39 121 91 73 85 129 136 64 50 38 44 36 51 67 92 37 88 115 45 53 48 30 117 118 102 78 55 69 49 37 77 119 150 126 118 78 6 39 21 50 92 82 45 46 120 147 142 116 145 88 0 1 36 87 41 5 14 62 132 114 56 23 30 54 212 165 96 25 56 65 35 72 77 49 32 35 43 53 94 81 12 92 110 112 81 23 32 41 34 0 41 34 101 93 55 115 109 36
38 94 107 98 96 81 118 104 81 85 46 13 29 19 64 70 56 44 11 42 24 7 22 31 127 77 17 18 80 40 31 88 60 40 134 133 72 122 31 48 10 5 52 36 57 46 172 189 101 131 133 49 17 65 91 111 51 32 47 76 115 88 59 29 59 57 88 95 57 12 18 66 32 17 36 46 16 17 71 115 130 25 69 141 123 101 92 94 87 2 36 60 58 70 136 120 18 44 0 14
45 48 51 36 87 66 82 71 69 77 66 16 75 92 0 13 39 36 23 22 98 108 69 46 106 105 42 4 111 100 64 28 72 74 60 127 53 157 121 57 23 46 68 8 90 77 168 193 114 53 98 79 1 61 135 113 57 27 135 87 29 30 39 101 55 66 39 44 103 94 34 58 47 0 51 50 22 2 65 15 97 111 80 63 169 161 132 99 123 91 48 109 110 68 62 99 101 80 5 2
102 71 66 0 82 29 54 61 71 98 83 43 58 80 49 23 0 12 70 93 105 139 103 49 112 90 34 88 166 138 53 25 62 69 65 88 62 102 103 101 42 110 113 67 106 79 65 98 97 81 23 45 45 61 0 0 80 82 126 69 14 32 101 135 49 58 130 145 172 111 72 48 59 27 70 20 93 17 98 85 88 67 80 25 88 139 52 30 99 48 16 76 35 53 22 38 64 99 73 75
35 47 72 22 58 67 60 51 39 144 67 27 85 52 14 25 31 12 15 63 45 123 167 46 41 68 61 89 133 134 102 74 77 96 83 107 20 55 68 110 26 154 107 24 70 57 0 59 132 124 39 17 130 135 89 86 46 74 53 60 52 60 148 108 32 31 95 88 84 29 39 58 58 39 60 18 57 46 52 70 36 91 136 128 96 106 88 33 32 19 40 53 11 100 67 5 37 87 60 28
108 17 24 52 53 51 20 39 38 89 90 133 141 106 111 72 34 38 55 17 73 130 51 35 30 72 73 82 45 58 86 114 85 18 18 130 57 75 48 37 114 159 98 22 22 23 74 126 159 97 68 29 106 95 73 33 23 12 86 46 16 58 67 114 55 88 58 6 32 67 41 42 68 0 66 8 10 69 56 45 81 63 187 198 96 111 126 50 29 37 72 30 31 111 131 53 21 66 50 23
133 63 55 0 23 11 16 53 55 58 123 179 122 100 124 58 1 14 57 22 42 54 96 117 114 79 59 144 62 24 54 163 30 45 70 37 27 121 182 121 93 123 24 13 31 10 94 203 165 63 56 61 48 86 68 48 21 60 109 82 18 9 22 46 89 67 36 44 67 32 6 81 122 45 20 55 0 115 62 35 0 71 123 116 107 46 106 173 34 37 42 23 38 31 72 57 22 44 42 24
214 161 86 54 75 33 24 157 70 31 114 138 31 65 150 80 43 22 114 51 79 61 34 98 62 121 131 36 14 59 126 77 57 70 54 50 82 113 122 137 130 192 78 78 49 30 35 99 72 63 100 79 52 75 60 26 34 74 123 84 31 47 23 27 35 44 68 22 42 25 42 59 80 84 77 58 52 0 36 38 33 58 42 92 87 0 100 60 58 74 41 41 45 21 55 88 38 45 68 57
189 178 58 24 23 72 32 65 138 158 133 102 73 61 86 100 78 29 67 87 89 61 119 104 115 131 141 38 47 43 109 56 0 29 0 17 30 55 71 159 143 135 101 99 15 50 49 16 29 74 83 41 38 37 81 56 24 89 64 60 20 36 105 114 95 72 68 48 110 79 61 76 86 99 48 27 82 36 23 10 46 51 76 72 51 18 50 40 65 63 43 20 33 25 57 94 51 59 126 138
0 21 49 52 31 61 80 37 126 127 96 108 87 33 34 21 30 27 23 36 44 31 120 178 115 103 51 64 28 48 33 18 117 57 38 41 64 12 24 63 119 101 46 4 51 42 0 72 78 96 36 109 72 32 48 38 44 37 19 36 46 94 118 146 135 145 75 37 78 46 19 132 145 147 148 23 66 58 41 47 120 141 81 58 35 34 81 54 70 34 99 90 126 52 44 57 63 39 79 63
21 7 23 67 14 86 158 130 136 89 39 51 83 55 29 56 72 64 13 14 20 23 66 86 34 51 59 10 101 85 21 47 102 81 59 80 29 91 55 69 21 62 77 93 117 113 98 97 59 65 127 91 37 19 0 59 56 11 81 67 28 38 27 81 120 53 59 53 25 26 25 99 86 38 123 32 104 152 52 70 116 112 88 59 36 53 79 53 3 85 130 126 101 43 10 38 69 112 84 0
14 19 16 16 67 20 33 105 205 186 87 6 23 40 25 26 79 70 97 16 41 34 50 13 42 19 55 87 67 140 111 22 37 30 61 82 60 77 33 19 50 17 62 109 104 181 245 175 91 122 165 123 86 76 29 19 50 40 116 107 49 39 35 78 42 41 91 130 87 70 59 128 115 32 52 59 130 151 68 116 45 63 65 46 9 13 52 48 61 73 63 63 78 57 18 8 120 9 20 61
62 31 62 64 87 13 8 88 144 151 80 36 76 73 36 52 121 44 111 27 45 28 26 24 53 31 64 154 99 105 104 75 37 6 41 19 22 22 20 12 14 4 26 82 124 180 219 180 123 86 55 52 52 28 12 24 60 78 141 141 81 57 65 81 75 74 48 83 65 96 64 65 105 83 52 71 76 89 33 74 38 30 21 24 11 16 41 29 51 38 21 18 30 37 34 31 12 89 74 5
52 4 67 97 10 24 14 45 152 125 29 4 68 63 62 150 147 23 63 44 18 24 14 69 67 58 79 159 151 24 64 139 73 30 61 17 22 9 22 18 50 93 47 68 131 69 15 49 95 45 22 115 145 51 9 17 30 52 83 95 52 33 54 37 114 174 110 95 43 103 68 23 0 53 45 50 33 75 51 81 88 37 0 13 28 39 46 17 48 56 73 68 45 57 98 123 104 132 125 116
