23 37 57 72 42 177 210 81 52 6 39 73 156 118 95 121 67 30 45 60 71 36 0 51 59 50 66 45 6 15 49 186 242 151 93 82 78 83 99 108 87 183 205 145 21 32 41 67 117 91 57 53 94 81 23 38 69 45 0 18 58 101 50 128 169 99 47 58 20 46 49 128 120 28 35 92 42 40 43 24 62 60 134 78 9 46 36 118 86 66 81 13 54 3 74 120 43 26 37 56
100 89 46 37 14 140 178 66 59 68 61 75 133 162 125 84 28 39 19 94 88 78 70 32 71 73 80 48 24 74 59 134 167 69 86 131 152 111 45 34 22 111 120 51 40 66 34 64 83 44 0 67 121 104 54 0 73 56 20 51 87 54 117 183 135 22 21 69 119 75 63 153 112 51 42 78 100 91 62 111 98 48 92 93 114 57 40 90 92 28 15 85 73 56 61 111 37 24 48 83
149 110 34 52 40 120 181 149 61 59 59 48 99 162 172 85 109 156 66 37 51 70 83 37 40 37 38 43 60 107 29 26 57 76 177 123 58 40 51 107 28 80 38 25 117 77 5 33 33 22 22 89 59 22 41 71 12 84 93 62 80 28 176 132 67 102 150 50 131 108 59 55 83 51 60 161 132 80 42 86 120 52 54 126 111 91 67 8 30 38 33 109 94 44 84 96 35 8 12 39
43 113 74 52 23 114 175 126 50 33 66 62 25 57 110 128 75 74 87 10 42 47 46 49 4 25 42 73 76 55 38 67 53 146 255 150 66 72 87 88 48 57 100 172 130 61 90 33 0 13 13 22 93 169 83 43 51 128 175 101 86 24 153 68 98 54 112 56 95 51 17 24 43 57 35 149 59 32 21 5 45 32 33 89 25 55 75 35 37 91 22 76 11 36 65 107 112 73 40 31
34 115 86 41 0 90 177 161 55 58 88 140 109 85 52 169 136 2 84 53 14 11 34 70 61 84 72 103 100 16 45 65 74 114 154 103 83 98 88 29 87 83 76 88 53 80 137 107 0 43 40 38 122 128 5 34 37 19 95 89 75 0 37 40 36 23 136 110 10 9 30 27 63 113 89 93 40 67 68 30 66 55 47 60 84 44 16 34 67 20 53 108 48 80 13 50 98 89 61 30
51 73 102 140 74 89 115 118 118 119 100 90 164 78 34 170 110 0 16 21 0 37 61 98 143 140 60 62 84 36 59 26 30 67 78 41 10 47 69 39 112 36 27 35 48 111 83 31 50 119 67 26 105 98 26 29 48 3 19 1 12 28 26 89 95 109 139 132 72 56 20 35 38 64 182 153 92 55 41 0 72 28 4 44 81 100 57 77 59 29 79 164 102 38 112 65 57 90 92 64
99 61 94 125 37 52 53 38 14 56 63 71 135 45 51 111 47 35 36 40 55 109 50 53 156 166 70 33 35 77 101 87 23 80 116 85 39 92 64 21 76 88 24 13 120 101 53 96 60 15 0 14 90 69 40 33 53 90 57 28 46 75 2 17 69 121 80 30 49 32 9 50 90 66 136 116 40 0 77 88 30 43 75 148 85 135 96 69 37 38 136 175 68 95 81 128 80 101 87 56
162 36 61 120 27 29 48 84 163 134 16 96 34 62 78 41 67 0 30 15 44 88 36 53 149 170 97 73 60 133 76 41 53 61 84 65 41 132 83 61 0 87 2 14 166 125 160 166 130 38 93 39 23 35 35 18 146 169 54 53 76 59 1 58 95 77 63 61 121 104 106 60 0 68 13 48 40 27 103 103 40 23 10 38 40 83 101 83 83 115 55 70 65 23 91 141 132 108 46 0
87 124 110 103 11 8 39 70 72 41 18 105 100 25 55 59 73 34 20 63 10 40 37 71 114 132 86 47 81 133 100 17 86 82 53 146 60 64 105 80 7 70 61 0 96 77 84 175 152 71 14 78 98 17 55 52 104 113 57 89 78 50 4 37 40 18 17 120 124 78 123 79 24 37 36 61 29 59 47 51 71 45 60 80 64 63 83 85 61 83 64 116 55 83 58 128 69 69 75 84
110 141 48 46 24 3 5 38 68 44 19 109 138 71 54 21 37 46 154 170 104 36 45 77 54 70 43 18 46 84 66 14 62 103 102 67 111 86 107 20 45 28 31 37 61 55 37 49 61 97 83 100 111 51 69 49 17 124 80 1 27 70 114 83 51 17 8 16 42 46 101 103 12 60 70 73 25 127 188 124 94 36 68 131 135 90 101 119 42 19 55 110 75 82 87 87 32 31 38 51
33 91 4 29 86 104 68 18 18 36 40 113 125 53 50 67 76 38 119 155 105 81 83 119 20 30 21 0 20 53 76 84 57 48 42 63 40 22 23 5 38 23 35 43 74 65 36 29 78 83 26 32 73 43 63 77 64 89 84 17 61 76 96 141 70 30 48 53 0 15 41 26 58 43 24 80 44 74 122 81 75 43 66 75 49 9 19 16 36 38 39 45 68 107 140 149 88 68 45 34
82 101 31 38 132 245 190 37 36 85 88 98 93 51 39 41 60 72 153 145 73 87 49 16 40 32 36 39 94 137 169 190 121 59 43 42 7 12 49 79 116 82 56 0 62 51 27 0 28 80 66 46 56 53 66 62 87 104 39 51 77 34 29 37 93 119 69 81 70 8 86 99 17 45 38 73 68 61 38 14 15 37 60 42 0 6 33 27 0 63 44 21 36 115 143 143 80 74 69 68
43 84 98 56 63 137 99 40 54 112 102 40 22 48 46 9 41 0 71 95 64 12 22 55 22 0 19 52 145 180 169 157 97 51 22 44 70 86 64 85 147 118 105 27 13 2 17 11 19 20 20 39 55 63 37 0 63 59 69 47 70 81 26 46 88 6 93 24 22 39 113 170 162 112 50 19 45 91 56 40 33 19 22 71 60 105 112 109 47 66 50 31 18 94 128 59 41 50 61 67
125 86 62 5 7 31 10 84 51 67 101 83 56 72 58 15 4 18 40 62 19 42 12 0 46 16 52 67 125 112 85 84 69 18 32 73 93 139 131 74 94 68 20 55 89 106 30 32 57 26 46 90 87 79 46 32 77 94 95 69 71 43 81 83 17 68 38 62 65 82 142 180 182 53 25 30 31 47 8 0 51 42 41 58 0 6 24 48 66 93 94 45 12 3 80 81 59 66 68 63
97 58 75 60 40 19 11 93 133 48 54 46 3 27 45 26 25 81 37 109 9 62 21 47 66 24 61 49 62 10 3 52 83 3 81 4 35 88 220 70 16 43 12 80 102 108 5 42 24 62 91 92 102 135 55 0 27 41 91 35 27 91 119 122 31 66 9 100 49 98 132 135 84 55 74 49 12 33 61 86 58 29 28 32 37 68 89 64 56 65 29 31 62 31 35 21 13 24 32 31
27 0 65 102 87 104 122 111 112 87 159 122 10 28 63 34 49 98 38 106 40 73 50 74 77 11 44 45 70 15 16 86 105 17 61 59 63 73 170 90 51 58 71 96 41 49 20 32 15 86 100 39 2 33 21 70 83 72 76 94 53 114 115 108 71 55 17 52 64 29 43 46 70 94 73 32 25 19 31 59 53 56 108 76 43 2 47 48 20 42 30 77 27 29 41 16 74 67 51 32
30 50 55 34 83 161 154 96 44 48 73 93 50 24 1 16 62 38 97 64 51 76 61 33 25 4 11 67 38 86 41 69 85 49 29 88 57 74 103 31 110 149 140 115 60 16 33 44 31 67 54 64 41 29 91 87 95 36 80 113 26 108 71 20 73 69 104 51 50 45 22 39 72 92 47 74 78 124 104 57 30 14 66 0 73 69 29 63 82 19 81 106 43 58 37 22 37 100 104 41
21 78 60 40 42 50 44 34 38 26 155 108 109 72 34 63 67 11 90 86 62 77 97 85 24 22 87 67 12 63 33 24 50 46 55 79 18 5 55 4 76 180 155 59 84 42 40 89 93 48 41 57 27 5 48 97 99 73 54 43 19 15 30 16 7 117 100 41 5 26 24 24 19 47 45 52 71 90 69 23 31 19 13 17 116 123 74 75 71 43 94 115 65 56 11 6 28 150 209 190
10 45 116 155 72 50 27 0 63 121 200 105 57 38 30 28 9 93 82 39 27 82 126 115 115 66 139 76 20 40 24 4 100 27 58 109 86 0 89 112 58 129 109 35 48 25 40 146 88 22 0 0 66 75 31 90 72 125 69 55 46 56 21 25 13 40 84 66 24 38 1 31 60 24 0 21 25 29 25 69 93 38 0 35 22 40 91 104 108 72 68 72 43 32 10 50 62 124 155 211
65 2 110 207 82 42 37 72 127 125 118 67 77 82 69 41 40 147 46 92 88 80 111 136 198 112 109 45 38 68 86 71 62 9 42 42 67 0 100 65 44 134 124 75 42 73 34 86 90 19 45 36 29 93 77 17 25 63 47 37 21 75 44 107 108 62 173 125 26 11 13 19 49 50 11 22 0 61 20 52 54 50 24 104 98 64 54 58 99 61 41 58 38 22 6 36 143 109 54 109
54 55 87 137 60 72 119 155 82 66 114 10 60 81 57 39 30 45 9 106 109 55 46 40 116 120 84 33 37 66 101 86 45 73 117 117 67 11 75 43 21 118 129 110 69 52 15 127 156 103 80 46 39 121 156 95 37 0 49 59 35 10 57 131 160 56 83 146 92 10 36 4 5 17 12 63 76 119 53 74 61 33 54 77 26 57 105 67 49 27 0 11 6 42 63 55 142 117 59 61
24 75 47 84 42 88 181 107 59 67 41 16 54 90 64 35 0 14 75 48 89 73 33 23 81 86 14 26 90 131 154 122 58 28 27 150 90 28 36 62 57 22 46 89 88 12 35 152 131 128 29 2 64 64 46 61 39 21 42 106 67 21 67 53 123 123 84 76 33 43 60 40 59 19 28 92 140 74 17 47 78 75 38 2 71 162 134 43 0 29 15 21 20 70 87 33 61 54 72 90
54 38 31 91 32 12 91 46 82 140 30 86 8 0 9 49 43 35 72 20 56 51 36 92 87 94 48 18 15 39 112 132 30 38 51 124 71 39 101 139 104 23 13 57 107 66 57 26 3 24 30 57 71 49 42 39 16 49 14 53 32 48 58 19 7 9 22 96 115 96 49 39 43 53 72 105 172 113 75 61 21 63 62 24 38 120 109 8 51 97 42 19 6 24 49 37 39 3 67 105
9 76 149 125 71 46 43 63 65 188 123 65 6 87 100 88 113 56 22 37 10 45 83 96 46 57 63 28 60 126 163 98 71 32 19 15 72 59 119 48 77 79 30 56 90 32 9 48 21 39 19 7 50 83 79 76 57 94 90 32 48 27 18 30 41 45 50 159 172 82 142 105 25 33 8 45 79 25 0 8 70 140 88 24 0 27 35 15 36 92 37 44 39 0 10 55 67 20 80 67
42 76 135 126 105 65 34 13 11 121 111 51 7 75 69 56 68 58 65 57 45 126 69 45 52 98 10 5 133 163 110 89 42 46 75 83 99 50 95 46 30 82 61 8 18 51 8 25 56 35 19 55 63 93 118 150 80 59 47 7 91 104 54 4 10 23 76 104 140 97 65 79 37 78 59 6 24 60 100 78 57 89 65 30 19 76 70 36 69 57 0 0 31 9 60 105 145 104 117 133
15 62 110 98 87 13 17 25 39 88 88 69 65 52 43 74 75 84 105 115 56 10 64 66 38 28 37 60 45 117 129 64 22 0 66 126 115 20 55 25 48 45 50 46 78 70 61 79 88 60 55 48 44 76 116 196 100 72 60 22 29 20 31 16 49 67 55 41 127 129 66 43 60 94 56 33 9 51 58 73 76 46 59 29 89 58 63 24 80 51 5 57 44 28 33 92 163 125 61 32
37 117 101 79 54 2 53 51 24 18 42 71 126 63 47 77 60 56 101 134 182 74 44 68 87 85 82 66 14 108 120 50 53 79 57 49 13 46 47 51 2 60 98 132 60 91 74 23 23 45 58 23 60 55 13 73 75 145 100 31 63 51 25 41 112 87 56 50 134 153 88 38 64 113 103 86 46 56 10 12 7 24 61 78 68 23 36 80 31 6 24 47 63 53 54 79 97 108 39 40
87 64 37 0 53 81 1 98 67 109 182 158 102 10 26 57 39 22 18 26 92 47 22 67 65 76 38 33 56 121 129 93 108 132 142 36 22 16 45 32 69 83 24 58 22 55 42 40 16 54 68 18 46 49 35 53 68 104 61 21 94 144 87 54 99 32 54 86 80 82 85 68 13 54 72 32 49 79 76 69 47 34 0 46 54 78 57 89 42 10 29 7 54 62 68 105 56 77 29 83
92 68 86 79 57 58 89 104 111 142 200 163 67 48 86 70 0 23 2 55 26 33 66 13 50 35 43 73 72 64 122 89 130 143 220 154 48 29 63 4 2 56 39 55 133 50 8 40 18 15 20 35 67 73 84 25 27 53 47 26 90 107 34 57 56 22 74 99 47 58 99 112 21 30 44 11 41 70 105 101 93 67 53 24 60 37 77 123 82 54 46 74 90 86 18 86 49 42 28 132
78 64 74 39 144 86 41 82 102 94 108 80 0 38 90 63 6 45 24 43 5 52 49 18 46 72 126 94 36 23 110 71 115 141 134 156 23 62 52 44 58 75 88 102 106 43 48 97 47 64 21 61 128 82 46 16 69 4 67 70 19 64 102 52 7 26 45 44 52 103 82 41 46 35 51 69 53 26 52 45 96 59 52 40 93 37 52 90 69 53 66 88 120 97 19 44 64 38 39 133
101 16 26 92 137 53 85 125 124 76 43 42 45 115 135 90 47 74 96 65 66 56 0 67 6 53 125 55 21 77 125 95 69 98 70 94 75 28 19 61 96 43 80 203 149 88 18 33 88 120 45 29 62 40 31 77 95 28 23 30 41 97 192 136 97 102 97 100 132 194 134 50 16 5 51 88 65 1 82 71 43 43 18 68 72 52 18 77 85 31 39 17 56 57 52 34 33 28 18 21
171 21 82 91 2 117 148 98 37 46 39 16 15 49 74 71 61 41 64 90 137 52 41 86 58 15 97 73 49 126 106 65 28 156 149 130 69 66 59 38 49 62 77 108 126 96 12 34 95 55 39 57 59 123 111 43 30 34 56 99 80 32 166 169 119 76 84 102 72 114 98 43 30 32 122 126 116 8 135 91 25 51 12 55 31 46 25 104 120 25 3 35 7 21 15 1 14 86 119 84
112 37 34 68 9 118 147 43 56 51 1 14 21 69 72 20 38 69 30 67 73 74 38 71 95 56 114 136 91 157 104 21 0 80 88 72 83 37 9 84 64 16 43 24 46 46 79 68 17 69 102 31 103 163 182 67 43 43 97 33 67 141 108 78 50 105 82 23 29 80 88 31 19 33 102 142 69 58 78 76 76 59 21 11 68 78 66 157 133 11 48 17 25 63 23 10 6 97 20 11
26 33 91 66 16 2 52 36 68 91 33 25 56 97 105 50 14 48 24 76 40 55 28 19 21 33 63 16 0 68 84 87 71 18 47 72 78 35 16 23 54 20 43 49 101 126 134 109 40 50 39 27 39 23 41 9 40 50 42 47 193 255 145 72 65 64 87 93 48 95 108 43 40 43 149 107 18 78 68 77 134 74 51 29 107 58 106 180 121 35 65 30 0 13 4 26 12 21 85 114
66 79 145 129 115 52 58 34 161 182 80 3 25 66 138 114 8 36 71 57 12 0 81 62 70 46 44 80 15 68 34 34 51 50 127 44 17 47 75 23 3 35 66 46 33 30 20 26 19 55 26 31 11 11 51 71 69 125 95 70 139 166 97 87 100 24 49 76 56 48 55 80 95 104 136 91 36 69 28 0 13 50 60 47 59 49 135 163 102 17 43 94 59 14 0 43 77 27 105 188
51 72 149 187 96 25 27 50 143 91 21 25 55 11 64 40 55 37 51 24 22 6 124 95 0 33 42 0 14 42 47 42 84 16 71 52 124 102 70 63 98 84 35 12 41 86 58 54 45 66 70 107 80 48 77 147 98 93 61 47 85 139 73 35 10 41 87 88 71 25 70 44 86 65 91 84 29 71 94 90 41 38 19 44 32 4 75 68 38 27 35 74 57 54 37 27 153 115 54 141
73 55 59 115 72 47 15 27 57 17 12 24 31 12 97 49 37 42 28 59 20 19 73 88 130 65 41 95 26 63 70 35 124 112 132 34 74 59 14 6 22 48 23 0 0 33 28 70 77 64 58 25 15 32 106 187 146 90 61 15 36 151 168 218 226 58 79 65 51 89 63 73 118 17 70 51 14 120 89 33 24 3 19 26 63 22 99 57 50 86 83 97 65 54 49 40 98 103 28 80
30 101 79 19 31 58 52 58 86 35 40 15 4 51 173 130 53 14 0 58 82 70 44 24 86 76 54 0 8 30 118 89 89 54 59 18 55 80 56 44 1 43 58 60 47 43 14 49 97 97 96 30 30 61 141 155 78 33 57 37 56 130 149 251 245 232 92 100 47 43 82 52 44 88 104 57 56 123 71 21 0 16 36 11 8 19 55 34 126 119 84 88 56 6 13 47 32 57 114 136
59 163 157 47 47 77 101 107 120 2 23 84 101 79 99 68 37 3 70 95 112 58 46 32 44 27 23 40 56 68 142 109 32 43 54 57 61 102 77 60 10 24 41 55 57 56 54 105 160 97 54 64 55 22 135 161 92 11 65 82 54 64 137 255 236 255 121 95 78 24 25 79 19 108 36 19 62 66 30 0 23 53 116 177 142 116 9 20 99 101 47 0 7 7 18 18 2 24 91 121
129 152 166 133 67 40 68 107 93 47 102 128 119 92 74 45 28 13 108 151 108 71 35 25 18 76 80 6 31 0 101 114 108 172 125 63 7 46 24 35 37 19 25 37 42 34 40 91 92 55 7 88 104 89 244 248 245 37 37 70 6 14 167 255 255 255 254 79 39 17 4 75 27 26 56 95 67 54 42 50 66 123 220 182 135 102 17 59 32 57 67 69 109 79 53 38 26 48 4 72
22 49 63 55 11 20 44 96 77 38 58 65 22 94 17 36 86 80 48 52 55 73 51 46 54 53 67 54 47 44 163 178 153 182 127 85 8 79 48 0 25 59 6 14 33 1 8 4 0 19 44 82 86 40 219 246 255 102 41 11 55 73 132 248 255 239 246 167 100 121 89 42 9 4 48 127 90 12 52 45 63 66 122 104 115 132 53 14 12 13 66 105 79 166 62 12 74 69 103 48
52 36 29 52 63 55 31 40 39 18 62 83 31 27 149 103 121 92 46 31 33 38 20 12 50 79 61 9 15 18 114 138 79 66 61 27 28 39 48 11 14 57 16 0 4 32 23 24 9 9 95 53 59 16 105 109 60 8 24 10 226 192 38 253 242 255 255 37 165 84 75 44 68 26 23 51 87 95 50 17 39 62 19 41 150 136 48 14 0 77 63 66 125 206 102 39 80 83 107 113
66 44 38 67 99 58 22 23 32 77 132 184 59 39 147 151 57 32 20 27 59 70 79 79 66 134 103 25 42 35 80 91 38 0 11 0 37 0 25 13 12 2 4 24 0 37 8 0 27 12 22 0 39 40 111 68 54 56 116 12 86 255 81 255 240 191 245 255 222 74 63 124 122 104 29 61 16 56 97 83 69 23 38 35 83 131 41 32 54 84 45 12 107 152 172 115 106 93 72 43
118 94 62 45 61 18 15 27 37 91 147 255 76 54 71 80 10 9 45 67 90 75 86 86 67 133 108 37 50 39 46 36 27 0 0 11 19 0 3 17 0 12 22 21 10 41 26 16 27 34 19 34 21 28 110 158 66 71 78 40 70 224 255 247 248 255 250 255 115 101 30 99 141 90 1 17 161 100 137 101 79 84 42 79 73 57 5 51 49 61 92 7 73 53 179 165 64 72 82 38
114 101 65 53 94 79 64 20 45 39 127 248 96 24 78 0 41 61 120 130 104 48 42 34 58 79 59 14 17 20 29 10 0 8 2 7 0 5 7 24 0 30 40 45 64 9 5 37 57 27 45 38 42 67 33 74 29 113 57 46 143 253 242 255 117 29 241 232 72 28 76 97 18 101 134 47 55 177 206 146 21 99 64 51 12 120 83 10 25 84 140 18 41 23 125 164 30 46 76 88
59 71 50 61 113 137 113 16 48 41 178 214 99 28 40 9 30 58 119 129 85 38 34 29 37 29 25 12 10 22 30 11 0 20 20 0 0 10 16 11 23 0 33 52 59 42 82 29 73 194 243 96 47 53 68 50 29 104 125 39 177 182 255 119 254 255 245 254 248 73 132 115 51 83 82 0 28 56 98 150 119 56 65 76 6 112 77 7 66 65 98 54 34 62 76 93 34 27 17 90
52 68 29 17 29 90 113 30 34 54 180 139 53 44 0 25 0 13 50 66 25 16 18 9 3 3 11 14 18 25 15 4 7 30 27 8 30 37 26 9 25 1 51 15 22 149 200 59 51 246 255 90 27 15 93 49 137 118 114 16 165 255 239 251 238 255 246 228 255 204 19 180 160 75 18 31 54 75 73 75 65 63 17 60 97 100 107 57 63 30 57 76 62 86 48 22 19 32 28 109
31 59 29 23 11 88 133 59 34 30 97 60 18 38 60 11 7 4 14 30 0 11 10 0 0 10 13 9 20 25 5 9 3 23 9 31 56 80 45 31 12 21 72 62 94 146 96 65 0 67 85 41 58 65 59 69 128 52 133 100 96 235 255 250 241 204 251 253 237 255 78 111 140 16 58 5 90 94 63 104 67 0 43 90 142 96 67 14 17 72 71 11 51 61 45 54 40 75 81 91
4 46 32 109 58 37 61 25 14 16 10 3 11 25 23 10 8 14 7 0 1 1 6 20 5 13 0 13 18 8 16 1 12 13 0 18 34 71 55 37 27 27 65 21 55 34 19 32 31 75 133 29 19 37 37 77 167 134 241 88 74 170 244 242 247 139 232 236 247 255 68 79 32 84 160 77 34 58 48 47 37 58 4 9 46 89 68 7 8 116 88 37 25 16 42 63 92 123 115 75
22 46 139 198 72 27 19 18 19 18 11 8 17 28 19 2 3 10 6 1 5 3 3 13 10 15 1 10 13 7 18 7 13 13 11 20 20 29 28 33 33 27 16 18 46 15 23 74 55 63 0 97 83 73 40 0 88 130 107 22 29 63 253 255 203 172 245 255 235 249 50 112 76 152 152 44 21 52 0 90 26 66 61 33 11 34 11 42 60 136 152 98 39 42 75 4 79 99 97 79
93 119 181 171 55 45 26 19 5 3 1 6 21 29 18 0 0 6 4 3 9 6 1 5 9 13 2 6 7 4 14 11 11 5 11 12 11 0 3 17 29 45 36 18 18 23 49 167 156 226 161 225 193 39 73 80 86 64 20 10 103 255 238 237 255 225 254 255 253 249 228 69 17 79 63 26 43 0 110 129 71 17 52 94 100 110 121 83 82 145 134 52 48 78 111 34 62 78 91 102
76 122 76 37 6 17 13 9 0 0 1 9 20 24 15 3 0 6 4 4 12 8 1 3 2 5 4 5 4 2 7 7 11 0 9 7 23 3 7 4 17 106 113 23 0 41 63 131 110 160 232 255 146 109 139 55 67 131 164 85 132 208 246 255 253 255 238 255 255 230 245 0 51 31 53 60 0 50 125 134 108 81 123 149 112 28 114 62 11 77 73 25 99 122 124 64 47 71 95 113
63 124 130 138 113 58 14 9 13 12 15 19 19 14 8 5 7 11 6 4 11 8 2 6 0 0 9 10 9 7 2 2 6 4 19 16 36 24 23 8 27 114 87 57 32 0 27 11 52 78 216 206 132 137 135 106 44 178 247 255 223 249 240 224 215 255 224 46 239 255 218 36 38 112 120 146 103 149 132 75 117 148 114 90 100 52 75 44 0 28 59 55 117 104 94 51 0 16 28 21
30 62 146 156 97 62 15 0 12 11 16 21 17 8 5 10 13 17 10 4 8 6 3 10 2 1 14 13 13 16 3 4 0 10 26 24 28 22 23 18 19 22 86 23 0 37 17 14 12 58 86 21 129 130 60 59 84 102 255 227 252 255 242 255 255 238 175 142 110 74 38 6 39 132 112 60 71 106 105 13 68 115 105 56 29 85 31 17 39 82 83 61 101 45 13 37 47 67 55 17
14 15 47 43 9 21 41 23 6 2 8 19 19 9 5 10 15 20 13 6 6 3 2 11 12 2 13 7 10 19 5 10 7 11 14 23 14 13 15 29 59 19 0 85 50 19 113 96 26 7 32 105 197 165 102 176 172 193 247 254 244 251 222 245 255 242 93 58 126 30 0 43 0 106 25 68 45 61 132 21 43 45 91 78 39 108 60 41 69 130 117 89 121 60 0 33 59 66 42 3
52 80 57 108 104 27 45 29 15 8 11 24 25 11 2 3 15 21 16 7 5 0 0 10 20 3 9 0 4 19 6 15 27 12 0 22 13 17 15 39 90 95 86 53 8 172 190 45 18 116 195 63 226 239 244 253 235 255 249 243 255 227 162 119 179 128 39 13 110 94 26 62 82 50 80 17 30 6 20 15 35 27 63 57 55 21 18 45 107 121 133 128 123 118 85 65 59 60 39 17
104 107 52 45 56 18 42 4 18 15 12 3 38 16 2 0 0 32 1 17 15 0 0 18 27 2 16 6 0 21 11 0 12 9 4 14 11 9 36 77 106 87 6 39 69 182 210 36 100 230 252 245 44 185 255 250 216 87 232 233 101 70 62 26 62 37 25 14 76 0 76 226 160 21 12 30 69 25 16 18 55 74 88 54 57 0 63 44 52 70 50 73 33 89 150 46 46 27 49 96
32 11 7 35 74 75 78 17 36 46 41 8 27 33 37 24 16 16 39 19 0 24 17 10 33 3 16 19 15 21 5 0 2 39 0 0 25 29 248 251 40 63 41 255 251 211 37 182 230 251 255 251 56 93 141 67 12 62 90 82 78 101 43 36 17 2 93 73 14 17 82 185 126 22 15 50 113 98 64 37 54 28 43 36 31 14 110 117 54 50 20 43 76 95 135 111 140 77 55 167
4 73 68 15 103 193 166 67 98 12 0 10 18 19 37 17 29 19 10 4 13 38 5 26 36 1 4 13 15 15 8 13 22 9 24 43 36 177 238 254 255 236 255 245 235 243 210 239 255 81 46 14 61 166 110 84 81 41 19 51 5 36 99 82 60 39 78 81 85 18 101 175 77 38 51 78 95 100 95 94 44 62 10 38 90 14 91 121 42 48 18 0 17 41 111 132 191 120 57 194
42 50 72 76 112 165 190 114 60 68 40 13 35 36 15 6 8 37 0 18 32 13 6 29 15 0 3 15 21 22 21 26 9 45 17 34 38 244 255 227 248 253 255 243 255 188 228 255 80 12 22 20 79 80 62 79 41 42 29 64 82 30 93 127 57 82 47 23 52 0 75 99 66 47 82 119 67 50 46 40 61 68 39 0 92 91 71 144 72 22 12 70 92 61 95 92 99 88 32 115
160 118 34 54 119 96 136 160 129 92 57 27 14 56 61 9 9 70 88 88 20 8 36 25 20 22 12 8 14 25 41 50 28 34 58 39 71 26 182 248 173 187 156 177 122 4 82 188 94 97 144 126 68 16 27 26 34 22 50 55 20 32 126 96 27 66 55 29 6 187 208 83 120 48 47 98 38 30 31 6 24 60 20 38 78 123 92 91 100 102 72 104 65 23 49 46 2 46 39 65
144 133 74 36 0 0 126 144 199 92 26 27 22 70 76 24 30 76 121 96 32 21 2 38 14 41 42 45 49 38 31 20 19 61 105 115 48 97 56 140 229 116 186 230 151 23 66 32 81 121 174 125 64 38 9 35 26 35 30 80 66 46 41 53 40 35 5 35 39 190 232 55 157 96 67 80 12 9 44 47 10 19 46 126 131 159 21 94 93 154 105 102 134 172 148 105 53 98 130 135
88 78 27 28 81 93 146 156 92 136 66 27 68 78 23 39 31 53 54 42 37 32 7 80 99 94 45 28 32 27 46 58 87 122 211 198 99 39 18 76 162 69 95 100 80 104 129 44 57 104 40 23 42 23 32 33 30 48 1 83 131 66 30 87 71 74 18 62 83 0 74 25 105 144 129 102 47 16 23 31 16 46 34 108 147 90 78 165 81 67 59 51 85 117 109 152 144 158 188 173
62 54 57 50 85 135 208 236 90 53 32 56 31 28 21 29 35 60 36 39 22 63 130 148 113 111 75 83 89 53 39 36 83 66 110 161 69 78 23 40 81 26 90 76 33 0 88 36 48 28 47 23 26 57 61 76 96 128 80 83 121 81 95 55 19 45 32 80 105 17 33 68 32 123 96 61 86 76 46 28 9 23 59 0 39 0 128 132 71 0 70 69 97 136 101 103 155 149 155 110
86 32 45 40 85 76 116 134 7 106 85 53 30 2 31 35 73 51 14 19 5 72 155 185 114 75 51 41 58 3 0 44 87 30 51 63 41 26 12 30 52 27 122 121 42 29 68 77 31 45 15 28 19 24 44 90 123 116 70 69 135 68 59 84 78 71 35 102 55 62 81 134 102 83 116 96 64 78 62 14 5 49 45 76 45 50 83 45 67 45 108 102 83 140 105 155 230 181 106 88
85 46 59 77 73 65 64 31 120 131 61 60 88 32 28 89 84 46 13 18 22 6 67 164 158 62 0 0 12 47 53 92 61 68 63 85 65 30 54 61 19 69 117 94 50 49 110 32 35 48 9 41 83 30 9 83 145 41 55 36 140 129 76 26 25 108 104 110 7 14 34 84 148 143 165 111 85 81 25 119 29 56 25 35 56 74 22 93 130 107 110 68 31 51 105 101 48 83 86 84
61 12 23 75 71 23 40 77 114 68 113 151 73 24 58 75 119 78 71 62 82 50 43 53 135 106 39 40 22 31 14 108 77 31 39 85 69 86 113 30 81 90 27 0 36 13 90 106 59 49 34 76 119 78 27 1 59 0 79 24 54 122 107 20 65 146 127 126 30 33 27 79 94 129 129 73 111 176 105 151 73 122 62 77 51 59 74 165 105 63 73 27 35 45 87 10 67 42 10 29
46 30 4 0 39 48 69 78 33 51 91 126 144 96 48 97 197 142 134 89 64 84 76 7 153 131 26 26 41 76 65 82 107 56 103 97 49 86 89 27 35 39 119 123 127 59 77 60 48 45 39 69 64 60 66 66 16 34 100 62 0 66 99 46 101 127 68 78 37 60 29 65 45 78 88 69 64 98 108 103 109 161 106 89 35 49 102 140 146 25 71 57 103 83 39 32 57 79 49 16
82 58 33 23 44 122 98 29 43 76 56 64 155 114 32 130 146 81 48 49 40 79 66 15 106 88 39 52 57 130 204 91 119 101 65 12 33 68 52 68 57 17 65 114 195 103 46 26 24 91 46 39 81 133 83 34 37 12 48 60 39 61 55 49 58 82 34 25 10 50 22 43 85 31 78 155 140 66 67 86 42 44 39 0 5 66 74 116 98 87 147 73 107 136 50 51 38 70 60 41
53 48 108 124 7 94 64 7 22 24 59 49 31 44 49 63 22 43 13 48 67 63 36 43 34 27 33 89 117 103 145 29 21 68 38 28 40 21 39 67 72 0 28 103 114 42 87 72 54 109 70 29 33 91 83 35 59 24 82 43 102 96 48 54 30 38 38 46 38 39 22 59 76 68 137 153 117 49 0 58 33 35 111 106 71 52 53 38 81 90 103 107 131 90 36 90 107 72 41 73
38 110 245 180 33 102 72 38 2 19 42 21 4 35 42 12 31 110 87 86 70 17 45 99 12 34 54 71 77 0 7 32 31 48 58 110 114 58 25 0 34 8 10 16 71 70 58 24 77 16 11 42 63 45 60 28 32 73 120 8 55 47 28 28 38 17 52 69 61 19 13 59 66 95 76 48 60 133 70 63 53 38 90 118 38 14 87 72 46 68 30 24 50 27 17 19 44 67 51 37
33 75 224 150 134 121 56 69 113 97 85 65 28 14 26 32 82 77 38 73 90 24 73 84 99 62 55 34 58 51 47 49 91 90 96 85 84 44 14 87 82 11 60 70 116 114 14 0 69 73 59 0 47 37 81 60 39 126 109 28 51 50 89 90 47 44 94 62 37 0 9 32 40 88 27 61 34 99 53 15 42 10 45 66 66 94 56 72 22 58 61 51 80 71 56 9 79 93 56 18
5 52 126 164 105 74 83 153 160 108 78 61 70 51 27 63 41 22 20 43 126 153 51 25 109 63 92 66 38 101 82 14 55 66 104 7 66 83 69 43 67 55 79 154 147 121 94 70 87 54 7 53 18 5 108 124 83 87 106 103 68 81 168 142 85 26 81 85 45 0 49 45 0 64 45 64 1 53 53 28 40 78 16 91 83 66 70 59 27 34 20 53 57 97 124 3 18 74 53 92
27 50 144 152 23 32 124 190 136 36 0 61 153 151 82 68 45 44 37 0 88 140 87 48 16 7 47 54 49 68 57 48 56 8 46 75 109 58 28 4 31 99 51 53 111 72 81 11 53 67 62 36 34 39 70 98 41 71 80 40 35 76 76 85 61 18 76 110 27 6 40 47 5 31 24 108 81 7 15 41 53 65 65 52 86 29 18 19 73 43 41 20 82 103 91 64 173 187 30 106
64 69 121 93 2 51 105 82 71 46 30 55 119 161 127 101 0 72 39 90 96 63 27 5 28 53 55 40 64 79 68 57 60 12 36 146 116 33 56 78 54 53 20 54 8 83 106 81 84 59 44 2 101 122 83 120 54 100 79 96 89 64 37 23 96 17 50 69 54 22 39 67 48 53 19 80 111 18 39 33 53 17 24 25 61 20 112 53 101 27 6 15 16 88 116 179 223 254 61 57
2 46 78 65 68 101 98 93 66 51 55 96 106 94 66 75 80 36 51 62 132 74 25 50 32 37 13 5 60 84 72 26 26 55 50 159 100 29 55 58 72 27 39 91 136 182 153 116 47 57 65 49 169 134 64 47 96 85 66 64 48 46 68 49 0 15 22 66 20 41 0 60 88 119 93 63 58 20 74 55 59 14 22 47 49 50 113 43 39 11 20 76 28 17 33 71 142 178 95 25
45 33 10 14 73 65 15 27 10 27 49 90 61 49 63 107 87 96 23 50 55 59 58 101 74 22 8 27 71 78 97 68 21 102 35 84 65 47 55 29 72 80 99 161 168 179 185 68 5 82 74 8 47 14 85 77 2 18 140 60 71 143 131 137 52 35 52 23 51 105 123 94 25 34 63 69 61 62 90 80 89 68 116 57 46 77 28 74 88 60 75 59 113 33 49 77 41 32 26 59
53 46 49 18 21 27 24 23 25 29 5 34 44 100 110 91 86 43 43 6 79 76 11 12 43 24 84 102 105 88 102 67 76 170 75 38 25 27 58 83 91 89 134 159 51 89 128 69 2 64 56 21 35 0 120 115 18 31 116 56 140 164 78 23 51 27 79 118 46 92 150 117 129 73 45 33 38 70 77 77 54 62 153 75 28 43 55 112 99 24 62 42 93 47 15 0 30 35 21 151
66 44 55 13 4 27 32 0 73 84 70 106 68 76 78 74 61 84 30 63 81 58 41 50 18 6 65 33 32 48 90 90 115 189 133 70 58 25 23 52 23 0 47 0 55 23 15 53 35 7 0 0 44 18 59 43 30 66 89 53 75 62 105 99 87 14 66 71 67 34 158 127 50 83 64 24 38 45 35 25 12 30 126 116 29 13 83 37 67 7 58 102 87 85 78 42 17 64 47 117
64 47 81 60 30 0 26 57 102 144 116 107 65 117 123 75 116 126 55 44 81 69 94 101 35 10 85 82 98 71 62 75 132 145 109 77 130 103 43 11 12 13 11 30 89 72 101 126 76 29 38 7 73 93 65 41 47 46 95 67 45 83 112 56 13 42 71 38 57 21 138 130 55 124 64 3 62 61 60 46 66 56 117 111 42 62 68 17 4 29 65 98 87 0 43 20 13 47 57 27
89 40 72 44 3 70 98 46 47 102 114 94 81 68 57 73 99 105 27 125 107 112 22 28 46 50 29 81 73 44 46 57 108 43 13 23 66 53 12 62 58 75 51 40 163 154 71 84 91 55 30 32 43 45 44 24 54 41 38 48 47 43 76 72 41 30 3 53 44 66 82 58 64 30 60 79 90 116 70 71 14 73 169 116 25 71 12 50 62 16 42 0 60 48 51 63 5 49 42 47
48 85 109 110 5 82 165 59 38 148 173 91 118 77 29 0 29 35 27 49 58 50 41 9 53 59 143 17 41 61 90 118 48 45 61 28 46 0 6 39 46 69 47 73 123 179 91 27 52 95 39 38 0 11 14 28 100 52 41 13 15 23 76 64 48 10 36 14 31 21 29 78 139 71 24 27 29 84 113 141 29 83 133 96 52 49 4 18 47 65 162 126 38 44 146 94 71 130 93 63
0 33 65 93 20 43 115 48 16 101 167 113 93 34 28 16 56 77 77 84 49 16 19 40 31 146 157 117 236 194 68 75 56 46 56 90 72 57 36 3 18 83 46 52 85 137 88 54 95 136 112 90 78 54 76 43 56 92 77 49 2 41 29 31 0 29 80 70 80 90 25 48 36 26 43 114 85 28 52 56 62 71 59 49 57 54 48 13 19 77 151 149 80 12 122 110 110 188 148 108
89 40 69 41 67 35 22 40 35 59 74 94 102 75 35 28 15 74 84 106 72 40 19 75 76 122 152 189 253 255 52 64 36 50 122 166 80 43 43 47 14 60 47 19 60 50 86 99 91 53 52 30 48 55 109 82 54 64 63 32 97 83 46 41 13 25 44 11 82 79 73 24 49 73 76 140 88 8 50 25 59 68 15 36 86 56 20 26 59 147 131 66 99 30 84 84 86 151 131 119
128 71 91 25 71 64 15 42 83 143 75 13 60 56 0 6 27 45 62 68 94 107 69 18 31 33 53 89 201 217 85 12 51 39 88 64 98 30 18 26 61 44 74 55 54 23 108 97 52 15 17 29 6 33 11 60 77 32 12 86 82 52 0 3 47 100 126 164 75 60 38 49 116 143 52 109 52 63 74 12 38 94 9 0 43 66 22 95 127 173 146 84 58 25 62 94 28 52 51 75
54 49 71 90 66 59 34 28 21 123 140 29 32 34 74 94 45 46 71 92 31 90 91 66 75 105 31 18 62 36 49 10 16 66 38 0 57 18 1 62 69 72 81 66 35 23 67 81 77 48 48 40 60 109 88 210 87 2 59 110 110 53 111 75 41 76 162 132 43 6 30 70 163 163 33 137 77 125 96 87 38 30 33 86 81 82 26 59 98 65 34 94 84 116 79 85 33 39 55 105
65 80 85 157 111 56 35 29 45 100 187 131 87 104 159 94 35 43 27 72 20 96 67 90 103 60 84 98 19 53 55 36 24 94 21 67 53 53 66 112 37 52 33 30 18 22 3 48 84 64 104 94 97 146 142 199 89 17 48 152 160 101 107 17 1 18 30 68 62 76 50 36 89 104 69 174 137 109 53 80 41 74 115 95 37 94 75 0 64 108 117 119 52 82 58 34 23 41 48 89
97 110 89 115 131 69 39 53 56 100 144 114 87 183 224 140 13 158 191 108 51 21 0 72 24 120 179 187 77 28 40 39 75 89 55 173 101 69 157 122 52 0 1 43 48 62 22 14 59 45 90 124 6 120 149 148 183 57 0 55 127 14 81 98 34 56 35 101 146 45 50 18 77 113 148 143 155 89 58 57 26 59 89 118 97 17 18 87 90 73 113 113 64 68 121 69 37 64 38 44
69 91 89 74 43 50 30 44 56 110 53 14 36 174 124 66 55 242 250 135 8 33 0 15 29 126 118 123 49 46 62 39 93 66 79 156 76 83 109 80 18 49 34 28 33 9 0 10 10 4 62 60 52 66 54 95 130 55 65 44 52 44 100 135 66 0 13 176 211 98 89 0 15 95 84 90 81 62 96 46 5 5 21 86 91 48 71 103 81 12 78 124 43 38 130 71 46 40 58 49
59 88 95 18 37 16 20 69 79 166 93 48 39 52 60 40 38 186 150 3 30 35 18 58 7 12 6 22 40 69 93 27 49 45 100 60 23 41 24 35 26 20 79 30 3 13 48 47 42 27 47 94 78 68 90 55 11 81 51 36 69 55 3 52 32 51 40 116 138 31 12 37 32 21 4 52 68 36 12 9 36 0 6 76 112 66 73 103 47 8 52 80 31 62 140 79 64 59 65 36
25 0 36 12 31 25 28 37 106 91 35 0 65 69 23 12 19 85 93 72 85 53 13 19 54 41 51 123 178 113 47 57 76 88 68 23 63 94 60 28 51 48 132 96 7 101 82 33 101 30 57 68 43 81 82 19 66 153 64 88 105 117 88 36 18 66 0 0 113 120 47 52 5 41 96 129 101 84 19 25 24 13 24 18 46 56 52 41 70 45 75 114 77 76 115 99 120 105 92 49
75 20 36 38 4 71 48 21 27 70 143 100 76 51 29 73 0 28 73 112 119 120 90 23 68 41 0 72 167 211 111 98 125 75 85 129 85 126 115 13 50 61 54 23 12 72 15 70 52 31 98 74 22 77 99 76 60 79 129 146 155 2 124 92 33 21 43 1 0 66 78 16 16 89 153 133 58 110 92 71 64 43 39 18 5 26 35 74 113 78 64 84 65 54 74 101 157 142 113 42
0 48 68 60 23 98 39 17 51 81 97 90 40 60 94 60 39 51 33 38 159 125 104 88 61 38 55 70 30 94 73 47 17 0 68 160 188 172 53 26 72 98 137 43 40 76 101 39 68 82 69 77 52 59 130 125 114 77 29 34 108 7 63 24 37 30 46 47 133 134 80 48 142 162 155 117 16 74 94 36 1 19 40 59 40 69 32 42 23 34 47 55 64 48 17 6 42 106 171 147
75 76 89 72 26 31 30 28 5 23 77 84 23 95 84 7 91 127 29 13 92 84 58 95 89 46 76 84 70 72 53 28 88 70 69 121 224 120 39 84 94 14 47 65 14 0 64 20 78 56 35 64 64 31 53 85 114 120 152 92 73 70 61 118 78 100 65 62 149 111 38 15 91 70 18 33 35 113 116 0 32 35 2 0 11 95 83 61 19 30 71 64 62 20 14 37 0 53 109 81
76 20 51 86 60 6 34 13 38 49 137 90 3 94 78 64 63 137 40 39 0 78 65 63 11 53 98 135 173 133 47 8 48 39 58 133 132 13 62 43 0 47 27 58 57 46 18 29 43 47 116 158 133 75 49 99 100 61 7 46 99 1 203 145 96 158 23 0 69 68 28 34 0 52 42 34 38 78 104 65 107 60 15 26 62 77 90 84 32 22 95 93 87 20 40 87 39 60 81 47
82 84 65 72 82 34 46 34 54 78 108 79 21 74 97 72 41 39 10 118 83 46 17 33 57 56 84 185 155 94 53 107 81 76 33 52 73 28 22 55 21 86 105 55 12 32 56 32 64 74 80 146 138 81 84 50 35 17 25 29 20 93 173 133 46 71 0 63 10 28 58 14 20 52 31 53 127 120 73 52 82 72 50 16 47 31 66 32 30 0 35 1 35 30 85 106 122 114 94 26
87 139 63 32 56 46 59 56 31 28 19 46 81 115 80 61 14 69 94 55 143 134 35 74 111 68 24 41 88 55 37 127 128 73 23 16 97 63 10 72 25 102 80 62 70 109 174 79 66 76 68 55 53 26 9 40 21 54 28 14 34 81 94 120 39 39 24 28 34 26 23 99 58 22 72 66 99 48 30 56 78 42 7 74 97 24 14 41 22 38 60 35 69 28 43 16 35 107 72 40
101 93 62 69 39 0 33 77 41 81 87 74 56 80 84 101 34 124 188 120 104 83 43 56 77 92 57 23 60 68 38 67 66 20 33 61 114 76 29 60 6 33 37 131 131 128 139 111 32 46 15 0 21 41 42 23 20 47 26 37 83 112 53 8 0 19 71 119 72 4 20 156 125 54 34 55 68 35 32 93 63 67 74 125 133 64 25 32 34 33 11 34 41 35 31 36 50 80 40 54
97 13 20 77 53 27 76 126 86 119 99 62 28 41 34 33 40 87 140 92 35 30 62 39 49 70 56 40 77 76 42 69 113 20 22 41 68 57 50 71 49 42 21 119 84 102 63 60 40 52 11 16 46 82 115 66 85 114 72 41 56 90 53 25 14 60 121 142 62 8 5 84 104 60 13 81 75 47 15 47 56 71 85 82 75 48 22 44 42 32 21 86 106 84 56 59 32 47 5 37
161 43 39 72 54 54 67 77 62 68 34 43 66 95 72 40 81 52 64 78 50 46 115 82 13 15 19 43 83 61 34 85 74 0 32 106 173 170 136 123 85 58 10 50 7 79 32 28 49 54 23 66 77 82 146 111 67 158 167 121 84 81 43 26 26 77 107 90 26 47 29 21 66 66 6 65 60 57 24 8 38 62 97 71 58 50 18 49 41 26 74 131 205 126 102 72 13 55 21 29
