42 32 39 11 97 63 107 78 25 21 19 19 33 45 5 69 47 62 52 48 58 36 30 69 100 115 33 12 85 70 6 0 51 68 21 27 49 38 6 52 58 41 102 104 80 31 66 63 39 39 87 57 77 126 75 78 60 102 84 45 11 0 29 38 61 27 25 101 47 69 26 6 35 59 44 56 42 50 44 38 36 0 18 62 69 43 35 55 30 20 22 45 54 55 52 57 65 35 6 0
80 6 0 0 48 5 63 52 4 7 18 59 64 53 88 78 74 95 113 98 63 50 55 56 147 86 68 55 5 40 94 39 80 86 32 19 20 36 2 36 39 11 66 99 80 27 70 113 69 47 35 3 0 44 59 9 38 84 61 45 39 57 21 40 44 0 33 78 48 43 0 4 66 94 74 94 94 63 16 10 25 8 10 42 41 50 35 35 9 0 15 13 36 9 46 35 38 52 54 40
51 10 24 3 46 44 98 53 52 25 31 27 97 128 138 158 112 93 96 72 28 49 71 33 60 37 75 92 29 38 82 24 28 48 58 69 63 77 21 21 27 21 64 105 98 53 47 55 6 55 39 20 52 46 27 54 85 30 14 0 6 46 2 16 17 22 31 12 47 35 18 36 70 74 34 61 93 62 11 11 24 43 63 63 61 63 46 9 22 7 17 6 21 0 41 17 11 39 59 54
84 32 34 30 62 36 75 82 54 23 20 0 51 97 76 112 114 113 138 113 38 27 55 44 8 16 32 61 60 45 46 30 38 32 51 16 0 22 16 17 34 91 80 21 49 151 155 76 44 40 58 9 0 32 43 107 93 0 65 3 12 84 70 0 17 64 60 84 104 36 72 56 42 38 11 28 47 42 43 51 29 54 78 43 55 58 92 60 47 24 24 22 12 33 37 23 5 13 32 50
64 34 17 13 64 32 15 31 20 33 44 69 29 25 37 4 72 68 80 76 36 10 26 52 36 4 4 41 38 29 40 22 32 59 117 47 32 46 63 18 77 107 91 42 39 84 78 29 60 71 93 54 51 82 75 107 116 15 100 45 14 50 65 41 28 57 46 90 113 109 137 24 1 15 41 43 13 21 69 59 48 65 61 47 43 53 83 62 40 14 38 19 8 40 24 35 8 24 53 79
43 45 19 8 82 85 17 0 26 43 71 98 66 70 46 31 80 54 29 34 48 40 40 62 66 52 58 90 83 56 45 18 1 50 97 22 24 67 125 63 59 45 82 110 72 2 11 54 36 64 26 39 75 53 84 155 81 85 154 142 65 40 11 55 49 90 67 63 113 132 96 64 23 25 63 64 38 65 118 66 41 49 6 42 11 28 19 2 29 15 62 12 22 8 9 32 7 55 99 112
114 59 13 23 79 80 21 24 28 9 37 32 64 92 34 55 63 81 82 59 34 20 18 20 41 77 60 58 79 56 24 13 13 43 47 29 27 54 106 58 8 53 148 156 115 53 47 20 45 16 15 67 54 45 114 133 63 141 145 81 1 30 45 71 19 62 67 67 80 12 0 69 35 18 28 20 23 54 92 25 61 50 0 29 22 46 83 89 34 47 61 34 56 8 19 34 18 55 84 85
75 45 21 11 40 78 34 3 31 1 26 50 56 42 53 5 70 90 89 42 8 30 43 15 44 91 77 64 88 91 66 35 45 35 2 56 43 31 59 43 44 36 89 75 57 26 53 24 22 29 35 24 66 123 114 97 168 150 125 92 18 0 70 106 37 40 29 18 30 68 126 39 73 69 67 38 33 36 62 17 34 22 14 10 40 25 112 119 37 75 33 63 85 43 46 50 42 33 29 32
51 7 28 4 29 70 6 0 35 10 19 19 0 10 44 60 56 90 64 21 75 58 20 11 4 20 68 83 67 72 51 0 39 94 85 65 72 55 38 38 41 29 55 20 60 4 32 81 52 44 72 52 20 25 67 33 100 129 102 81 72 37 46 84 51 73 77 34 10 23 85 49 82 83 79 33 14 20 12 34 24 37 51 26 10 31 41 39 33 43 16 32 95 66 66 82 59 29 16 34
35 31 45 45 62 77 45 24 12 9 30 48 38 54 56 56 23 60 42 58 72 51 11 57 26 44 67 47 39 57 44 31 35 21 31 47 72 66 34 50 29 67 90 37 49 11 37 53 27 35 42 59 56 39 123 98 63 11 43 73 93 73 67 48 0 0 27 76 51 27 14 0 10 48 122 70 64 91 17 24 0 23 33 25 20 30 38 28 71 25 28 65 89 26 39 41 77 51 27 75
7 29 20 36 51 58 75 51 0 26 51 49 19 41 42 67 92 71 22 39 62 62 20 27 44 29 29 0 10 39 32 77 51 18 71 81 51 32 16 66 46 45 42 60 65 0 28 77 2 0 52 62 80 51 85 92 114 27 50 32 36 43 86 100 33 41 66 51 22 37 53 54 46 58 92 44 81 129 41 22 4 38 27 27 29 20 26 7 51 21 29 40 59 15 40 44 36 41 28 66
46 59 36 40 50 53 62 29 17 40 56 64 66 99 54 46 81 73 85 53 44 56 91 72 6 22 93 73 34 32 54 162 87 20 40 48 25 28 25 36 87 78 36 64 73 28 38 43 32 10 33 104 124 0 34 70 100 59 35 7 25 38 63 76 51 30 74 26 20 0 33 55 44 101 110 78 70 58 37 45 31 60 30 39 51 42 57 35 38 96 79 23 33 25 18 26 18 51 74 44
54 53 55 58 80 92 53 8 19 34 55 54 69 111 64 53 12 24 109 103 37 28 103 106 70 58 124 97 49 74 103 168 118 43 18 36 29 34 52 42 98 92 45 75 91 74 72 44 23 20 84 23 41 53 26 50 37 49 25 62 48 27 30 19 68 54 77 24 46 50 36 0 25 99 121 86 52 33 44 73 57 63 20 24 29 13 22 0 9 98 100 58 41 48 24 43 25 37 83 6
33 20 41 43 81 118 66 31 17 21 55 23 23 55 33 33 44 26 78 137 63 37 65 97 101 117 166 92 5 39 81 110 39 23 24 49 25 0 20 41 60 54 24 42 59 71 93 83 22 12 9 14 26 9 37 69 36 29 20 119 62 20 47 37 92 107 55 0 0 86 69 16 44 52 71 24 33 87 69 71 35 25 10 40 64 78 96 66 47 61 84 81 28 9 0 25 27 3 37 0
65 49 53 34 60 105 81 66 58 17 60 45 89 110 53 0 14 24 31 63 39 18 16 65 86 117 146 98 51 60 45 19 17 28 43 53 64 53 33 46 40 61 49 1 2 44 70 39 40 37 22 12 9 40 61 80 50 11 0 108 104 65 64 52 101 108 49 53 30 80 84 100 48 43 70 36 29 72 61 51 64 24 23 51 65 92 103 68 30 9 42 35 33 12 19 41 32 25 18 29
66 62 56 33 47 90 97 93 88 27 82 72 138 169 126 60 19 70 46 1 69 65 33 31 40 87 107 82 57 43 41 57 59 79 79 26 46 73 23 29 70 46 60 47 38 16 16 19 60 86 7 20 2 28 100 80 76 74 59 92 110 56 36 77 49 92 70 76 71 92 107 102 102 87 69 64 27 17 53 40 113 47 45 57 53 81 84 45 19 37 59 0 65 41 20 17 5 44 0 42
33 55 40 56 50 96 71 50 49 46 60 92 143 147 98 82 40 41 20 27 76 66 22 9 0 44 58 26 0 11 0 28 23 42 85 104 12 15 15 36 48 53 45 18 17 1 29 28 78 135 63 49 42 54 54 103 83 67 88 70 58 73 62 75 31 87 70 35 67 92 87 100 82 75 58 0 40 1 63 13 34 59 61 54 15 0 29 12 14 0 29 18 80 99 34 37 32 26 17 9
54 18 0 60 76 75 36 34 16 17 32 39 63 78 49 27 42 1 9 85 84 6 7 57 6 17 15 21 37 58 44 35 38 28 38 65 27 62 61 74 37 21 4 36 39 14 34 78 96 79 43 31 15 42 59 41 19 59 73 71 77 56 51 98 101 77 15 0 47 88 94 106 54 69 71 50 46 7 35 22 36 66 52 22 28 21 22 74 70 36 70 35 45 58 25 26 25 16 4 0
41 62 73 74 58 52 29 12 17 32 20 4 30 28 4 38 14 0 9 63 49 31 58 62 9 36 65 59 25 0 4 10 23 24 35 56 31 55 43 57 64 62 31 59 46 34 49 107 57 38 45 30 30 53 68 60 69 76 130 144 50 7 62 81 50 58 61 51 30 21 54 102 94 88 49 39 15 30 21 19 39 26 22 0 7 48 54 88 61 28 72 40 20 33 41 50 52 42 28 20
52 45 41 39 44 47 57 65 28 13 59 70 49 83 96 59 24 23 24 15 3 52 61 39 85 69 98 75 40 7 26 46 44 47 47 46 28 59 73 112 51 38 20 71 74 21 0 37 56 4 58 68 6 31 61 45 40 36 74 101 74 42 51 88 130 81 54 53 61 86 104 95 157 132 62 30 19 86 67 50 24 34 46 14 5 48 77 92 93 65 88 59 30 5 5 16 17 13 13 18
48 40 43 53 65 68 79 89 87 37 7 5 70 148 107 11 44 16 23 22 6 30 17 77 73 28 76 76 74 54 35 47 32 29 35 42 42 64 54 62 71 60 31 30 71 69 62 37 30 27 12 16 4 18 0 68 100 38 51 29 5 16 29 101 142 96 67 51 58 121 161 133 67 65 45 18 15 51 39 23 6 41 12 9 45 38 30 39 47 36 42 40 52 15 6 29 23 18 18 27
77 89 96 102 84 74 67 73 68 20 57 57 0 14 58 50 58 44 39 30 21 63 31 64 36 15 63 86 85 56 27 42 75 51 40 21 7 30 38 45 12 40 65 62 86 72 61 2 39 39 18 32 4 42 62 131 73 12 99 107 64 73 40 50 64 42 46 52 68 125 142 86 19 19 39 37 48 17 18 8 32 35 29 76 89 53 50 38 35 39 25 23 51 14 10 26 43 30 20 19
125 84 60 100 75 46 36 83 84 14 0 43 125 106 34 29 87 92 44 27 26 112 81 0 43 27 0 38 50 29 31 40 18 19 55 43 4 6 16 15 51 34 54 91 71 32 46 47 1 57 10 0 14 28 28 86 69 62 94 100 142 128 22 21 45 31 49 57 46 72 100 82 59 44 40 35 55 7 38 31 9 19 91 121 48 20 56 54 26 49 45 37 51 40 70 60 52 39 31 35
58 108 122 123 44 28 18 50 42 60 46 41 83 73 34 69 83 59 0 40 43 118 124 6 58 90 34 92 82 25 41 40 34 37 86 75 27 22 34 24 55 73 60 47 24 89 104 35 20 62 29 20 64 75 63 31 48 68 125 127 106 92 60 58 81 47 50 54 25 26 63 81 96 90 59 29 38 9 76 75 29 54 108 87 49 53 38 29 0 37 54 41 31 45 105 70 45 33 29 35
18 63 84 82 49 47 39 31 6 30 93 62 29 74 43 99 117 68 93 117 35 64 43 29 17 56 35 129 110 53 35 76 70 22 45 70 28 22 48 37 20 48 90 55 32 50 103 96 55 93 16 89 61 71 64 52 41 35 48 76 44 34 56 128 120 73 36 32 15 17 48 41 54 44 67 58 16 0 51 62 46 42 44 51 66 82 64 22 30 44 59 51 17 14 40 42 49 27 44 64
37 67 63 85 20 24 26 21 23 47 104 87 4 1 7 53 49 28 94 127 54 19 0 9 0 14 9 84 126 101 111 119 84 23 50 62 55 18 39 20 37 37 38 35 74 126 147 117 41 15 34 127 151 73 36 54 27 35 54 54 16 9 20 40 73 149 125 56 32 24 20 17 10 36 72 81 43 23 41 82 85 70 59 43 34 53 56 26 63 68 84 19 38 83 12 1 33 15 52 105
22 29 23 29 43 41 74 12 11 12 57 98 49 33 50 54 9 28 59 26 5 15 30 19 35 24 38 55 71 5 45 66 75 19 53 47 74 17 48 39 15 18 68 81 30 69 117 92 72 68 49 93 97 73 80 105 64 24 28 41 35 24 33 20 68 144 101 23 17 28 48 73 56 55 48 41 30 39 19 65 62 72 93 77 44 64 98 93 28 28 58 0 0 47 46 97 38 8 29 76
21 97 40 39 11 53 74 36 48 27 20 25 0 0 46 80 0 84 104 59 75 102 81 16 62 13 17 21 69 41 69 56 11 3 61 65 97 38 54 50 25 15 54 129 80 6 0 59 54 94 105 104 116 10 116 136 109 51 39 39 45 50 87 61 29 61 52 45 55 60 50 21 68 41 37 4 16 51 29 43 76 70 94 110 105 116 103 50 46 3 0 50 64 96 144 93 35 11 12 27
69 129 69 0 49 37 77 39 18 24 31 39 64 53 26 29 76 124 71 33 39 48 45 41 46 36 52 20 34 41 64 55 62 50 49 30 35 20 41 58 17 12 79 140 77 62 45 0 46 98 58 86 48 17 35 31 32 38 44 12 5 45 117 83 23 50 34 25 40 55 56 33 22 28 99 44 34 49 55 34 38 62 113 133 102 76 55 21 10 29 21 70 45 37 106 34 30 46 66 70
92 126 43 57 118 132 100 74 35 30 6 8 83 92 58 47 129 145 42 11 21 11 23 41 86 64 76 50 51 45 40 60 18 13 15 42 51 58 49 51 20 10 38 113 115 46 5 39 6 31 76 32 53 55 28 2 0 16 28 34 26 37 89 66 6 69 68 67 74 29 17 58 23 47 133 62 38 46 98 77 37 39 65 95 98 77 50 30 49 52 24 38 55 51 64 59 27 67 96 94
32 46 52 53 117 86 79 45 50 61 22 6 29 9 39 40 92 132 50 9 38 15 40 36 64 80 121 58 30 3 4 60 66 32 19 49 40 33 21 27 44 21 36 57 61 38 23 2 58 49 77 38 2 23 0 61 63 46 35 94 81 32 32 27 46 80 74 78 71 18 9 49 38 60 94 28 20 42 124 140 62 67 74 86 81 50 46 80 51 41 35 46 83 85 57 71 17 44 53 41
22 18 32 44 79 94 84 29 59 72 37 60 75 35 93 59 13 101 97 75 99 18 46 38 25 77 118 17 58 110 100 80 60 17 21 61 49 24 28 49 36 75 79 30 36 24 27 29 60 67 94 67 140 181 138 71 34 37 22 85 66 14 4 5 52 47 36 33 34 65 81 32 42 81 77 22 8 12 81 127 104 83 57 71 91 65 52 89 67 74 75 59 60 90 81 26 28 37 32 22
34 24 36 28 50 58 40 58 21 18 42 95 46 39 23 79 52 43 0 124 121 46 36 25 34 39 29 12 34 73 33 75 18 45 52 62 69 27 0 31 41 107 100 46 23 17 44 108 57 15 72 168 174 160 169 142 126 105 92 63 50 32 54 24 4 33 67 42 3 37 12 6 31 45 84 23 31 26 59 104 82 48 5 34 81 48 81 121 85 86 49 77 90 51 50 10 53 43 13 34
46 60 28 39 55 47 33 70 66 54 24 43 15 21 31 51 74 110 62 83 59 23 56 52 11 4 0 54 35 16 79 91 31 23 51 87 87 70 49 26 41 95 124 55 46 65 121 126 85 63 10 108 100 98 29 67 86 86 57 62 47 81 89 64 46 20 70 85 28 63 83 30 25 80 35 36 50 42 37 59 44 19 30 68 80 20 76 116 42 37 8 81 73 20 4 44 11 24 25 69
113 108 35 46 89 50 16 17 38 47 19 31 43 51 61 28 35 117 96 26 22 46 75 33 30 44 15 76 95 42 75 45 41 40 68 95 93 84 68 42 15 27 86 92 59 61 122 142 121 98 31 46 38 75 61 96 109 85 35 48 64 112 108 67 35 16 57 138 96 24 51 15 25 120 89 88 95 48 2 27 0 32 89 77 32 6 125 172 21 44 40 0 9 6 34 52 45 54 45 74
36 67 77 71 80 27 24 28 31 34 30 34 96 136 156 130 74 156 168 82 36 21 14 3 4 14 40 48 58 20 29 50 87 104 81 63 75 53 16 19 42 65 73 80 12 54 68 62 54 40 17 25 65 75 27 9 39 28 18 21 69 84 93 48 51 8 98 149 131 72 35 18 27 82 135 90 131 65 3 14 36 44 83 130 92 19 65 109 43 28 54 17 31 42 69 79 84 74 35 37
25 15 29 32 26 76 84 76 69 42 57 43 118 157 134 121 122 99 75 60 62 70 41 56 86 0 35 54 45 34 57 82 88 85 41 19 47 42 8 4 26 39 16 36 29 92 101 115 85 93 49 83 138 111 23 94 123 149 126 50 25 20 51 35 40 16 33 60 54 77 121 0 41 42 97 22 55 27 63 87 30 71 81 124 82 7 0 38 63 37 36 70 29 131 119 109 69 61 24 30
50 32 31 69 24 145 132 117 58 30 67 52 108 111 33 19 23 34 57 58 55 75 36 15 32 42 70 79 40 0 36 67 32 14 10 13 12 26 34 18 19 18 20 26 50 33 56 106 80 54 39 36 87 65 37 102 189 241 189 106 37 54 69 67 65 79 25 13 31 74 130 34 64 55 49 33 35 32 96 77 41 77 21 10 33 52 32 0 55 74 64 39 1 160 146 54 51 48 20 35
34 21 19 103 113 195 130 49 26 31 62 46 74 78 42 65 65 27 22 3 28 72 75 31 0 59 35 45 62 41 29 21 8 5 18 19 0 0 11 13 0 24 45 5 12 0 24 35 47 3 52 46 86 74 55 34 230 255 245 232 180 128 72 49 80 74 86 9 37 93 14 71 133 76 0 0 8 50 88 52 47 56 37 25 38 13 29 5 32 52 71 55 54 101 79 6 50 49 18 25
3 22 33 63 76 74 74 25 12 61 84 60 51 48 63 118 114 22 40 56 67 23 53 59 40 32 1 16 9 21 21 20 0 11 0 0 22 10 0 22 41 12 0 8 7 6 19 37 18 33 56 67 33 53 66 184 255 243 250 255 237 90 22 19 46 88 52 44 49 63 40 21 13 17 53 37 12 21 9 15 48 49 66 29 48 23 67 0 14 45 38 72 61 74 39 44 64 67 39 44
37 58 15 104 110 18 61 58 41 48 12 15 28 62 126 118 72 22 56 87 49 35 7 37 35 31 26 20 14 11 9 9 9 6 0 5 1 2 18 9 11 28 6 22 17 29 33 45 33 32 56 122 149 185 31 119 252 255 244 252 240 250 99 89 124 58 89 39 9 35 98 27 73 60 28 21 31 11 57 52 13 30 35 84 71 11 30 55 74 66 30 61 20 55 29 58 31 20 74 78
23 57 24 101 115 50 90 78 59 67 30 12 47 92 137 84 63 67 49 45 23 48 50 21 20 22 24 25 23 20 16 13 5 6 4 14 9 4 14 0 0 8 37 11 4 33 24 66 5 20 98 156 255 248 130 28 179 105 162 255 246 211 98 52 35 99 197 140 50 85 76 40 29 29 81 96 48 22 28 65 41 66 73 99 156 78 10 61 84 74 73 88 51 42 34 56 10 46 84 38
52 43 0 69 74 0 26 42 55 59 33 19 53 83 104 40 59 52 15 86 73 18 32 37 7 8 11 12 12 10 7 5 1 4 4 15 9 3 12 0 2 2 30 1 3 22 2 26 7 30 59 97 139 170 14 111 103 74 84 94 65 246 255 149 84 81 214 156 59 69 3 20 5 36 124 165 70 35 29 45 56 14 57 61 114 98 3 12 28 0 56 115 107 24 11 23 34 86 112 55
41 23 0 63 75 10 19 38 37 33 21 43 40 37 42 25 18 55 34 89 66 6 8 3 13 10 5 1 0 0 0 0 1 3 0 9 3 0 14 4 11 20 0 10 11 13 22 35 35 40 27 35 120 141 153 245 165 59 86 207 237 248 244 214 111 67 142 77 63 67 72 4 0 25 44 89 35 45 127 103 94 173 45 30 64 8 20 37 81 47 33 3 7 3 35 6 32 43 75 66
76 67 29 21 28 24 27 22 43 32 17 59 24 18 16 40 59 96 79 78 49 33 23 13 19 16 11 7 5 6 8 10 5 8 6 13 5 1 14 4 14 22 0 27 15 30 60 114 118 86 64 11 155 77 138 255 236 189 182 172 255 246 249 240 200 109 172 61 84 81 18 3 15 16 21 67 63 57 128 68 178 212 65 27 44 46 48 99 120 65 42 72 71 20 18 8 45 15 58 81
113 82 44 20 36 59 63 76 60 45 24 46 16 29 28 46 65 34 18 40 21 5 0 15 3 5 7 9 10 11 11 11 7 13 16 25 14 4 13 0 17 0 12 24 26 51 33 94 156 123 226 241 170 78 90 186 187 255 242 151 161 240 247 255 191 120 105 46 75 90 0 85 30 0 11 47 72 53 80 70 77 81 0 40 35 38 62 50 89 65 5 2 4 4 34 42 31 0 39 44
102 52 39 38 56 59 32 59 56 35 31 25 22 25 31 31 24 6 2 21 4 15 10 7 0 0 1 3 4 5 5 5 5 12 15 25 15 6 17 6 21 0 27 11 44 43 11 22 79 224 255 255 242 186 206 209 161 76 30 67 81 239 247 250 134 176 25 40 18 61 88 73 24 25 31 77 87 24 0 0 12 68 111 71 71 63 28 78 57 54 28 67 87 30 27 40 31 9 30 15
79 33 22 7 48 104 105 140 40 12 38 20 36 5 19 15 13 4 2 30 0 3 21 14 17 13 8 3 1 3 6 9 2 7 6 14 6 4 23 18 19 25 44 8 54 18 51 29 71 238 251 240 255 251 136 127 106 0 172 240 128 86 143 160 166 127 82 98 0 82 79 71 29 84 26 87 94 37 43 38 31 62 111 50 35 45 81 23 54 85 49 43 94 74 84 66 34 13 14 5
67 18 25 41 0 61 133 131 91 59 15 19 35 12 51 30 20 10 13 16 7 5 15 18 13 15 16 15 12 9 8 8 11 3 12 2 16 7 23 26 15 21 24 39 17 33 62 93 83 74 246 247 255 252 254 255 254 246 156 254 170 158 253 249 248 255 60 210 61 62 32 45 48 99 38 43 66 11 6 25 11 37 61 46 37 66 60 0 48 93 71 89 106 82 99 81 57 0 76 89
4 0 0 38 30 91 130 67 62 53 17 19 11 7 18 0 29 18 19 18 6 1 6 7 9 9 8 6 6 9 14 18 12 7 0 5 7 19 34 49 5 8 26 37 41 73 55 70 76 92 8 235 239 245 244 235 217 255 242 177 87 242 247 245 255 230 182 181 42 36 40 12 49 50 23 45 33 49 26 69 1 21 51 64 72 46 26 16 56 63 61 72 29 35 91 88 70 43 117 124
43 35 19 90 108 103 92 19 0 12 0 4 0 17 10 3 15 7 10 12 3 1 6 4 6 6 5 3 1 2 5 8 12 16 8 26 12 26 20 32 2 6 19 10 32 74 12 7 39 59 10 225 255 255 255 255 255 240 168 164 255 255 105 247 255 107 218 48 10 9 0 26 41 29 34 3 15 60 70 41 20 36 33 12 41 19 6 8 59 56 53 97 78 46 9 24 63 57 88 80
44 37 29 86 118 90 58 29 34 36 24 11 3 21 8 12 4 0 5 9 4 7 12 8 0 3 9 11 10 7 4 3 15 19 18 31 20 20 10 15 0 23 13 0 27 72 27 15 73 73 98 142 157 241 226 251 255 255 255 185 222 245 255 96 252 148 57 51 36 97 27 14 26 86 93 39 1 0 56 23 35 43 41 20 61 59 44 12 40 66 68 84 58 49 0 48 52 59 43 58
32 51 58 33 49 42 0 2 50 31 15 0 3 5 7 22 14 10 14 16 10 11 14 6 0 0 9 15 18 19 20 20 15 9 14 9 20 15 28 34 7 59 22 8 18 43 41 28 31 83 172 117 161 144 166 251 248 240 237 255 254 88 252 216 53 74 0 80 28 110 42 0 17 69 33 65 20 33 22 48 33 15 31 44 72 83 89 59 101 98 93 57 0 41 27 22 10 30 5 76
0 17 44 9 34 34 0 41 134 107 63 14 25 0 0 6 14 10 13 14 9 13 15 5 2 4 5 7 9 13 19 23 7 1 15 8 27 16 34 36 17 71 28 19 5 9 31 19 52 136 196 58 240 255 231 255 233 255 246 255 232 102 174 121 182 69 33 32 12 83 71 25 46 27 4 22 81 124 40 48 15 18 30 24 16 61 84 54 53 30 20 28 19 53 24 26 26 33 6 82
22 24 36 22 65 46 15 46 92 97 41 14 23 8 15 13 5 2 6 7 5 14 18 8 9 8 6 4 2 4 8 12 7 7 14 18 21 15 17 19 15 45 22 26 13 28 52 51 20 44 104 154 255 247 135 246 253 255 246 238 250 255 198 101 108 60 4 71 17 47 81 38 67 61 103 43 110 96 55 44 14 57 50 29 9 67 65 36 34 23 1 12 25 6 0 46 50 29 0 21
17 45 39 30 106 117 98 75 41 82 19 13 13 16 20 9 9 6 8 7 5 14 18 7 4 7 10 12 12 12 12 14 19 17 2 10 0 9 8 22 28 25 16 19 6 34 44 52 20 32 96 164 250 255 245 255 254 255 199 100 108 176 104 69 63 64 42 52 66 121 128 95 34 53 93 85 103 42 45 43 58 73 18 15 13 67 65 96 90 56 36 31 40 66 77 49 77 44 30 7
39 27 0 23 140 181 98 42 37 56 34 13 13 24 28 4 0 12 13 4 9 13 11 11 8 12 10 6 9 15 11 1 4 15 1 5 2 30 12 0 24 23 21 47 4 5 9 32 21 31 25 148 184 255 251 232 247 181 88 76 32 0 21 18 54 20 49 57 113 120 134 77 42 48 40 55 43 11 59 12 28 43 41 2 6 28 29 64 94 65 27 8 90 73 58 19 48 16 30 60
75 50 27 37 83 82 64 48 82 85 68 36 6 24 49 13 1 17 14 2 1 2 0 1 25 15 8 8 9 5 0 0 21 1 1 7 48 37 28 10 21 13 53 41 15 32 26 0 88 146 143 167 237 146 242 255 255 43 104 95 45 40 47 42 43 34 22 43 50 76 76 78 91 52 18 3 12 67 79 39 30 17 44 42 14 7 12 37 47 68 48 82 75 36 24 54 98 63 65 45
38 14 22 21 23 24 110 175 56 62 77 64 15 24 47 0 0 19 24 17 16 13 8 10 15 0 0 7 19 18 17 22 10 5 13 13 42 25 27 29 83 40 25 71 5 21 41 71 136 209 255 255 235 255 255 34 203 50 78 57 26 23 51 0 55 45 14 25 14 21 14 43 55 28 18 12 33 52 95 76 101 23 23 41 28 43 57 46 74 113 82 44 39 4 27 12 66 47 54 12
60 35 52 22 18 4 41 102 51 55 70 72 33 25 41 6 4 20 19 9 6 2 0 7 16 4 0 6 17 20 16 11 15 40 33 33 18 39 37 47 25 40 60 88 93 19 46 19 111 255 240 255 240 255 239 255 106 96 45 36 33 44 90 23 70 45 59 44 44 7 36 57 41 34 40 39 22 63 113 162 76 38 46 54 30 38 55 42 75 89 70 61 70 4 34 23 70 72 85 69
22 15 56 48 107 105 21 23 26 18 3 9 5 0 24 37 0 12 12 8 12 16 22 34 5 7 4 1 12 24 17 0 3 13 10 19 3 27 25 20 21 47 24 81 102 93 79 147 240 241 237 235 255 250 221 141 67 50 63 51 81 79 52 44 32 4 50 31 24 0 54 69 106 66 17 27 0 90 62 104 111 92 65 51 40 34 50 70 87 130 106 126 68 39 46 64 49 63 65 85
30 30 48 49 115 133 34 36 20 15 0 14 22 7 18 37 35 49 53 49 43 22 1 0 0 10 11 4 15 33 27 4 12 0 44 56 39 16 44 39 19 0 30 8 90 62 84 252 255 217 255 59 102 153 128 142 191 145 112 11 108 73 40 101 68 41 39 39 17 25 53 58 139 136 62 81 61 10 106 138 83 81 58 84 106 57 23 36 25 60 54 56 45 75 80 65 45 62 39 58
87 61 13 25 39 55 28 59 20 15 13 27 18 12 28 20 16 30 39 47 51 37 17 12 19 24 21 13 16 22 15 0 7 0 65 79 28 0 40 31 53 89 68 11 41 81 110 236 246 45 142 122 67 155 125 114 120 144 113 38 142 64 33 55 75 92 51 53 28 49 17 27 66 91 46 108 179 64 142 62 24 37 19 38 48 8 6 35 54 20 41 57 83 68 46 33 53 81 56 42
153 90 0 42 24 18 24 39 22 3 6 17 10 60 134 127 94 82 55 34 25 14 5 9 4 3 3 8 14 18 18 17 30 20 66 90 7 21 42 7 61 92 41 43 113 92 153 185 98 138 65 107 125 199 156 87 66 55 93 88 103 65 63 63 36 127 109 94 70 64 18 60 95 133 96 41 36 110 112 87 33 36 6 20 48 45 40 19 24 35 46 37 0 40 21 45 38 89 93 71
128 77 42 42 36 18 19 40 21 0 12 31 58 113 229 149 41 69 61 33 12 25 49 32 18 13 28 10 3 16 9 26 23 12 30 39 27 26 27 12 12 17 42 66 245 255 237 250 109 94 58 103 173 150 55 72 38 32 102 141 119 40 34 73 73 63 32 34 24 17 1 60 90 139 128 110 49 62 73 72 32 37 40 47 66 69 48 32 39 41 34 69 20 50 48 187 126 70 46 82
57 49 42 24 0 0 18 31 0 11 24 56 124 119 132 112 47 81 63 32 19 16 21 11 0 3 21 16 11 14 2 0 21 30 23 58 26 36 25 26 43 98 135 255 139 105 230 255 255 86 23 72 135 88 52 64 15 66 170 71 97 17 1 149 213 112 29 47 107 60 85 133 133 108 102 0 51 2 52 48 45 47 48 21 0 46 90 47 56 29 59 26 53 38 85 177 168 70 10 41
3 6 26 36 30 36 33 9 17 32 37 88 152 91 27 38 83 84 30 1 16 23 19 6 11 20 11 6 3 5 17 14 30 43 27 74 38 0 30 14 107 225 23 196 222 237 233 238 126 67 132 84 104 27 69 54 65 80 115 69 83 67 31 57 123 88 50 40 109 51 116 124 100 126 62 59 49 15 38 83 68 66 56 50 27 46 76 25 13 77 51 45 110 121 66 162 131 55 9 40
39 3 0 8 6 9 7 0 32 55 100 154 112 30 35 82 112 87 33 6 5 13 18 0 1 12 2 16 12 0 14 11 31 26 12 18 41 61 67 203 255 234 255 255 242 242 151 43 18 90 100 54 26 112 113 88 117 35 55 106 66 35 20 11 43 117 140 80 68 25 75 63 71 87 0 44 53 7 54 50 10 62 49 41 31 3 9 7 55 149 135 38 131 90 52 118 85 62 30 17
13 2 10 18 13 25 49 58 84 59 66 120 76 15 38 39 54 55 62 54 12 11 39 14 10 12 0 17 18 4 31 42 48 42 68 31 76 127 0 250 228 255 245 217 255 198 26 10 24 29 75 81 121 145 117 47 22 8 72 5 35 56 40 50 76 125 134 93 40 35 35 46 21 53 48 52 30 16 58 19 44 77 36 17 53 75 76 56 26 108 139 44 22 0 18 42 41 64 55 25
0 25 37 26 19 26 35 38 121 97 88 100 80 24 24 30 25 41 65 64 25 29 60 31 29 19 1 4 15 30 61 75 97 50 80 62 94 99 126 253 251 255 239 192 48 2 19 56 51 7 91 179 111 74 66 65 42 22 17 50 101 41 0 16 42 58 62 66 43 71 42 41 33 39 40 72 25 156 66 5 17 39 78 79 49 52 91 122 9 64 115 42 43 6 51 66 26 68 74 47
15 33 21 14 42 64 74 94 116 42 48 36 74 59 12 13 66 84 63 36 25 30 37 16 14 18 21 12 35 72 66 47 88 43 29 82 62 40 227 169 9 0 134 70 97 81 40 43 51 0 114 160 132 39 53 35 8 47 0 105 113 59 34 1 32 51 71 78 84 78 73 43 46 27 26 32 8 102 52 41 32 1 57 109 111 77 42 69 44 92 44 72 24 38 20 109 133 187 173 100
1 12 4 22 63 59 56 98 107 5 73 28 33 37 0 25 54 101 62 18 29 30 28 34 51 54 52 16 47 114 97 60 140 123 9 82 14 110 245 232 67 117 59 65 56 33 15 36 54 20 61 114 133 93 42 18 76 83 48 57 91 39 19 0 67 59 74 77 101 33 85 66 85 56 3 57 53 42 18 24 50 12 22 60 137 117 2 4 54 58 80 116 61 1 26 102 122 224 227 126
11 5 0 23 31 60 99 32 41 18 15 13 50 53 62 53 25 54 82 79 56 62 100 122 155 86 54 35 94 85 62 109 172 119 6 66 53 89 188 194 102 28 59 84 49 23 9 8 73 106 56 71 35 63 29 24 46 54 52 38 90 38 33 26 128 89 80 91 80 15 22 0 57 54 91 87 60 16 32 35 2 28 36 0 63 53 27 20 64 27 76 78 27 23 65 143 114 27 151 123
0 19 26 80 133 50 30 38 25 23 39 29 55 92 120 86 0 43 61 27 30 34 41 117 91 40 24 53 94 45 15 19 66 54 55 24 56 122 113 195 235 108 55 81 65 44 39 60 106 175 156 70 54 23 34 40 27 61 66 52 88 72 53 8 23 55 69 54 22 33 46 17 41 21 82 136 40 20 70 106 30 52 41 34 21 10 18 119 179 103 1 33 17 39 155 169 166 158 0 53
14 70 67 55 99 21 18 47 40 50 49 33 65 94 98 70 32 44 78 31 0 14 5 41 7 50 91 109 66 6 39 42 51 48 38 18 77 103 65 76 193 128 76 119 98 61 39 61 108 161 97 28 39 39 26 31 0 56 112 97 44 30 68 54 52 48 65 101 69 65 18 0 73 59 83 127 71 30 24 52 38 59 37 23 30 53 52 114 126 61 73 65 9 34 79 160 165 178 10 36
51 99 97 47 49 62 74 17 37 75 75 60 65 34 29 77 50 51 78 55 29 44 37 24 2 73 113 88 37 57 118 81 73 58 45 78 57 50 72 12 126 132 69 90 77 73 48 49 85 99 23 20 36 58 18 8 83 59 18 16 61 66 114 160 87 28 37 80 39 18 3 61 53 60 80 74 89 73 91 104 39 64 79 19 80 89 94 85 49 69 129 102 95 88 26 24 39 35 53 36
8 25 15 15 30 121 127 40 16 27 40 57 43 14 15 53 46 64 26 26 46 24 33 65 52 101 120 69 44 126 164 102 42 1 50 72 12 78 77 34 72 123 61 43 20 34 28 42 37 58 57 57 60 67 71 48 40 86 72 88 167 90 76 167 99 34 11 2 0 23 12 13 16 23 70 46 15 49 151 176 93 60 71 21 98 62 64 53 41 163 225 96 102 102 44 38 28 44 69 99
85 121 70 27 17 94 71 21 12 0 30 55 6 17 39 20 18 51 62 126 121 37 30 42 27 74 84 48 25 84 97 62 8 19 58 46 8 109 84 52 19 67 36 35 40 44 11 16 23 53 42 53 34 95 103 64 33 33 37 59 73 52 63 68 0 24 58 40 19 56 64 42 13 26 36 47 8 29 63 100 129 79 60 41 75 40 13 15 87 148 138 27 86 95 51 77 28 52 61 65
64 135 105 34 9 47 17 0 15 45 77 72 1 10 38 48 11 18 39 77 54 33 69 71 32 69 32 36 54 83 77 42 9 90 89 63 25 69 96 62 33 33 6 16 74 95 35 12 42 64 12 32 24 95 64 18 46 7 13 60 3 94 140 65 42 55 47 69 43 69 57 26 15 32 22 56 74 69 41 72 109 101 92 80 63 46 16 33 44 89 2 19 65 27 47 70 60 68 132 71
48 69 62 22 16 40 38 31 33 69 32 24 38 41 9 39 6 56 56 29 53 84 87 93 18 76 3 24 59 77 92 63 31 58 46 29 24 54 83 23 0 33 53 22 35 45 16 28 11 43 48 44 88 71 56 24 32 47 23 86 44 151 129 53 69 72 35 89 44 64 50 37 57 44 69 62 51 39 81 97 113 64 42 57 84 75 34 33 15 41 36 29 13 46 12 76 79 89 147 114
58 32 1 27 59 60 100 30 17 0 32 75 56 60 71 24 15 45 13 44 0 59 67 64 29 41 21 78 80 53 43 21 2 48 55 33 31 21 11 29 14 69 84 55 18 0 15 45 56 80 57 9 106 164 126 66 28 1 40 83 70 78 40 54 109 123 77 115 49 60 45 34 47 45 24 25 59 29 104 77 89 64 48 56 43 79 25 52 14 58 53 58 27 35 29 107 96 59 102 95
62 36 60 60 39 72 95 17 8 40 82 72 50 35 33 22 42 48 26 56 64 61 31 28 3 29 20 58 58 42 35 36 48 9 4 32 25 14 25 17 16 66 122 76 8 18 11 23 33 38 14 63 54 123 115 34 38 5 18 55 85 68 55 35 74 51 92 80 35 0 14 26 46 8 63 60 16 43 43 43 25 20 39 65 53 70 43 67 56 75 58 126 101 31 9 88 131 55 70 124
27 27 86 71 34 71 50 21 18 49 72 30 68 60 16 2 29 66 67 29 51 30 15 21 69 78 53 74 97 86 23 0 38 40 32 66 62 8 18 55 47 51 60 36 7 77 83 60 34 13 22 63 16 30 53 0 13 32 13 101 118 131 89 44 98 35 146 117 78 48 57 31 21 5 37 51 27 90 6 52 61 38 38 57 71 88 66 27 9 72 97 166 116 63 49 28 42 69 104 148
21 43 51 27 22 42 7 66 28 66 111 45 71 52 23 42 45 104 146 76 60 24 2 2 94 111 82 70 82 80 21 18 45 72 53 84 100 43 33 60 26 39 20 35 26 62 74 57 60 42 35 47 43 41 36 54 75 79 20 65 66 95 59 19 39 25 81 75 98 121 67 27 0 33 15 55 33 65 7 61 12 25 48 38 41 71 120 93 21 44 83 124 36 20 58 29 56 73 60 96
13 54 35 26 33 30 2 52 46 56 108 51 52 24 16 44 39 27 61 26 10 19 22 50 33 62 49 51 82 102 54 54 75 66 75 112 94 63 77 72 65 44 13 35 63 66 39 73 60 72 0 44 38 58 31 61 47 42 82 65 78 42 99 129 14 79 49 52 132 143 54 42 92 69 11 40 3 36 63 72 73 38 20 0 12 52 128 120 23 49 74 62 15 37 68 79 51 55 23 48
4 41 36 36 27 30 35 17 54 14 31 23 55 44 22 13 45 31 78 50 28 59 27 25 20 36 10 31 78 111 81 66 38 36 58 85 80 49 41 63 51 22 58 99 163 120 6 38 50 81 20 83 52 26 72 61 68 48 123 149 139 63 95 127 3 54 58 77 99 71 56 18 87 60 34 37 29 47 74 96 87 49 55 46 38 13 28 32 16 79 61 14 40 49 18 61 38 38 39 62
41 55 41 17 14 23 54 46 46 35 36 48 76 60 39 37 30 41 90 31 34 86 47 48 32 51 11 14 18 45 74 85 49 57 61 57 100 98 38 55 30 42 83 106 127 43 4 28 4 14 48 72 48 0 63 62 89 37 26 101 101 90 90 48 7 26 55 69 34 41 101 50 52 64 48 21 6 6 72 151 101 28 0 0 20 34 21 26 33 57 22 41 106 80 87 188 117 22 14 54
57 82 76 48 73 36 24 55 62 83 64 72 90 60 25 27 20 22 78 35 73 77 0 15 15 37 5 40 50 61 73 48 26 40 80 29 11 57 42 40 9 57 45 93 112 4 56 6 31 4 62 71 41 44 0 51 28 33 35 56 42 39 123 56 72 113 56 11 0 59 104 109 63 60 72 127 98 57 82 24 58 54 69 32 29 47 19 32 31 70 52 67 82 64 108 134 50 7 39 19
62 37 60 64 76 38 15 13 27 55 92 49 41 22 12 21 49 29 79 64 39 65 24 0 25 15 8 28 24 67 71 53 35 66 112 75 30 51 75 92 25 30 4 56 58 23 0 0 43 72 110 146 135 99 25 16 13 33 31 57 57 93 114 108 92 55 48 19 65 89 115 70 28 36 48 72 99 101 67 25 37 52 49 14 72 64 23 43 48 57 47 60 74 107 25 27 73 81 0 0
54 34 55 66 53 17 9 43 65 75 63 31 18 43 27 86 89 26 32 16 3 57 79 71 83 62 59 47 52 24 39 58 61 30 34 22 2 18 74 153 110 0 30 77 69 111 84 94 48 42 101 154 104 64 27 27 65 63 73 45 7 62 145 116 104 55 30 9 63 69 93 86 68 42 60 74 67 20 32 88 55 57 28 34 32 46 20 6 74 93 59 32 31 148 142 63 25 26 30 17
40 51 64 49 39 43 15 0 29 44 7 37 75 85 47 37 70 25 30 33 15 26 41 10 65 49 55 35 32 19 28 8 0 35 57 31 28 60 86 114 78 25 38 70 43 73 141 203 160 33 89 163 49 25 54 36 87 81 60 17 16 17 65 63 43 59 59 8 28 34 60 56 35 5 73 99 102 111 98 49 8 15 14 24 27 48 26 45 75 116 62 11 72 213 159 50 64 2 47 33
32 2 18 35 56 36 9 4 14 71 55 66 76 31 56 0 51 49 40 40 44 28 41 18 31 18 27 41 3 42 50 14 15 55 65 38 24 24 32 59 87 45 37 117 81 17 110 205 172 62 62 124 74 24 0 8 65 68 28 14 62 58 47 31 20 9 41 53 52 14 20 22 6 47 67 55 90 115 53 41 58 44 44 1 48 29 0 56 113 69 24 24 82 136 92 133 180 51 45 51
40 48 64 18 47 69 67 28 14 70 107 86 50 44 94 30 80 96 44 16 56 26 26 16 23 22 21 41 15 19 31 63 9 30 18 3 15 35 64 95 43 10 65 122 70 15 48 75 100 50 67 101 60 53 38 30 16 34 10 6 25 88 90 28 25 74 138 95 24 22 53 17 69 40 31 70 64 80 55 92 69 42 17 16 70 39 38 97 131 131 118 112 78 105 162 189 190 95 47 63
40 12 21 16 44 38 30 25 63 73 135 100 22 61 33 9 21 41 9 9 95 62 34 17 5 43 32 5 53 18 2 43 46 50 30 30 49 60 67 57 15 54 61 102 141 90 80 80 42 123 112 56 38 36 5 50 82 116 69 46 32 46 32 29 76 35 35 37 36 72 87 32 78 96 29 38 74 73 2 13 50 51 21 96 52 9 65 62 112 121 72 162 140 28 71 78 69 66 53 46
4 19 20 19 22 68 45 27 31 40 95 91 33 38 16 59 34 24 29 54 130 84 55 37 17 53 44 10 56 44 25 26 53 12 1 58 72 40 50 64 52 77 0 61 221 134 65 122 98 146 177 135 47 31 18 25 32 63 17 22 63 30 21 95 133 144 99 24 24 91 89 18 36 81 84 67 53 73 97 34 31 37 42 103 37 15 69 45 90 130 48 76 89 7 20 7 12 26 67 17
38 60 44 55 0 32 13 50 16 21 36 96 132 47 33 44 17 0 51 106 161 111 101 93 55 34 32 47 5 22 45 57 12 20 28 54 48 40 54 28 35 83 89 25 143 143 20 77 61 44 75 92 30 22 38 71 59 39 5 5 50 29 48 76 108 165 122 35 34 78 69 44 27 40 76 93 81 27 94 63 76 31 52 26 39 61 65 58 92 117 115 59 4 10 72 107 65 25 88 6
22 59 68 30 22 28 31 71 27 9 22 148 132 34 61 40 60 31 45 54 50 50 104 92 93 34 17 51 5 9 50 53 44 50 19 20 68 102 85 28 22 55 117 62 108 116 77 18 50 15 20 23 67 92 54 79 55 28 3 35 69 31 15 70 152 77 67 46 30 65 91 10 51 53 20 73 143 32 18 69 77 40 21 0 53 49 40 122 81 73 78 59 13 17 83 138 162 16 85 44
63 86 39 13 9 21 80 102 48 29 50 114 92 28 25 18 24 20 10 59 21 57 62 44 46 31 13 40 20 12 26 44 34 21 0 13 77 135 128 57 93 31 22 37 109 112 109 118 51 70 7 34 97 109 106 37 7 5 28 86 108 49 10 39 128 82 59 23 13 17 38 14 67 92 59 99 104 66 73 89 57 17 41 34 35 14 25 93 70 17 9 28 9 5 69 140 119 24 83 45
76 97 19 26 22 22 112 91 41 32 66 67 52 35 7 22 38 51 40 98 68 122 110 78 44 59 14 16 21 19 27 70 75 40 13 28 68 126 126 38 42 76 39 0 42 130 154 108 115 33 37 41 104 130 38 47 27 27 71 133 130 63 24 37 24 61 66 28 36 28 39 52 10 52 36 96 44 73 106 106 131 19 33 62 66 43 31 28 20 16 39 62 65 70 67 46 49 22 56 28
68 85 19 47 37 24 105 54 16 28 61 41 38 42 14 42 11 22 35 49 70 106 123 72 75 88 24 5 15 31 48 93 35 6 11 40 64 138 172 91 33 49 19 71 67 66 88 116 140 81 0 81 120 28 34 37 28 12 50 101 80 21 0 8 26 120 141 63 41 20 10 5 17 49 32 93 1 2 22 22 115 0 22 69 65 38 47 51 81 91 76 34 40 105 113 49 24 41 44 31
