193 207 25 109 99 0 90 45 45 28 27 35 57 52 5 24 20 0 76 31 53 137 92 32 122 66 9 118 101 95 129 50 133 145 142 138 41 38 78 124 92 44 49 27 66 80 59 14 69 41 1 107 61 67 93 80 26 30 26 25 40 142 223 168 54 0 30 51 26 45 5 26 33 53 69 0 15 65 66 72 78 63 45 0 121 113 64 14 13 18 66 53 57 17 25 11 85 100 18 49
252 215 54 78 84 38 6 72 42 46 97 104 93 76 15 56 114 79 34 60 53 57 15 40 94 85 6 35 30 46 62 20 103 193 215 163 66 54 96 101 2 111 113 75 43 47 0 64 24 64 80 80 55 52 23 53 47 46 53 29 49 78 193 226 67 20 12 46 50 33 18 112 135 79 43 26 55 93 82 91 71 28 0 3 60 96 85 81 61 24 33 18 36 0 24 156 177 123 37 34
246 128 101 113 40 64 76 61 110 107 45 112 86 83 0 90 127 59 123 93 108 62 0 25 87 42 9 5 35 112 142 57 86 176 203 169 0 35 65 27 80 177 161 96 94 63 23 94 147 114 21 46 45 57 45 11 65 138 112 54 78 72 72 85 133 55 66 35 20 41 28 164 159 117 60 46 24 71 78 76 25 36 64 63 43 84 82 57 63 38 76 19 0 24 34 88 87 80 72 27
96 82 181 77 59 58 4 63 89 43 2 90 142 95 34 36 60 12 23 52 12 31 64 72 44 33 92 53 16 57 91 51 50 121 153 58 80 35 20 31 29 112 84 34 0 44 26 33 111 142 53 111 40 48 53 46 32 81 109 94 101 45 20 18 10 16 9 53 41 57 134 108 67 56 20 48 39 112 88 16 84 34 71 109 130 105 82 58 41 36 96 37 39 90 85 32 26 52 79 56
154 53 55 87 96 35 73 39 26 115 75 95 120 107 44 192 128 44 24 66 18 8 46 53 30 15 37 75 83 121 16 1 34 105 202 108 117 45 15 88 52 33 67 14 68 26 67 33 3 86 49 59 49 88 7 26 49 61 142 91 44 5 73 68 76 106 113 128 56 8 63 14 71 88 85 90 27 60 59 14 51 46 50 28 72 105 111 102 37 31 64 42 73 37 69 111 81 44 16 56
137 93 66 79 82 88 87 47 59 73 106 88 237 164 35 169 198 80 51 11 24 6 27 64 149 82 31 83 13 95 10 77 63 91 190 165 41 62 37 77 81 54 25 52 133 106 88 85 56 98 66 49 43 22 9 16 79 135 115 54 23 51 41 65 129 76 126 115 102 78 46 101 118 145 162 106 37 60 78 40 0 17 26 37 38 33 38 115 63 20 35 41 67 32 46 35 47 32 22 67
121 112 63 192 232 110 58 43 72 0 48 121 150 131 51 82 70 74 15 81 61 69 119 109 99 44 68 118 12 52 8 76 71 69 80 34 73 89 72 68 0 68 51 21 94 107 110 100 31 31 7 62 70 19 70 40 40 78 22 45 103 98 0 66 112 39 22 72 122 92 77 57 89 145 228 133 49 18 38 26 15 43 60 49 74 80 50 43 22 42 116 94 12 30 51 32 10 39 102 101
0 47 86 123 168 110 63 18 70 96 56 47 82 46 42 60 28 19 105 159 109 70 101 63 49 34 96 87 64 33 6 82 59 77 58 38 56 75 103 104 12 66 25 83 57 61 30 73 85 107 90 98 100 75 30 32 30 34 92 58 145 87 61 47 65 24 68 70 49 72 137 122 74 40 115 67 62 17 36 54 68 41 69 39 99 84 97 81 94 71 75 61 11 59 24 67 57 24 95 69
33 89 60 48 68 67 54 8 67 81 10 35 66 83 43 44 0 67 97 50 23 55 127 76 52 38 71 144 96 26 65 82 65 84 48 60 18 49 20 42 84 35 47 37 55 0 28 110 101 182 92 125 122 53 65 70 34 26 85 72 66 37 83 132 78 61 61 45 139 177 71 81 98 87 5 95 100 81 138 87 74 25 8 42 97 124 82 32 72 41 58 30 27 8 40 135 112 78 25 49
80 30 10 3 50 34 57 25 18 62 3 27 33 53 82 57 59 38 83 74 47 155 180 140 57 73 100 112 90 22 92 77 115 131 80 104 159 43 25 97 93 63 36 65 37 55 88 56 63 102 131 178 113 7 23 51 37 39 14 34 26 59 103 105 33 72 85 111 124 79 115 79 109 72 0 39 79 92 115 97 76 31 120 86 70 106 114 93 123 75 0 12 76 61 66 107 217 157 24 21
56 25 54 16 37 106 148 66 45 69 88 127 81 33 50 53 30 0 32 52 24 87 75 81 104 84 83 75 48 26 108 62 61 96 93 83 68 51 49 34 71 50 31 15 1 60 85 113 84 29 71 121 62 36 33 42 83 94 126 100 72 47 75 68 22 106 177 118 85 72 93 64 64 81 42 8 13 47 45 46 51 53 129 76 31 54 56 66 155 121 74 43 16 85 112 96 109 95 15 40
88 29 40 21 29 202 219 93 60 37 93 96 87 77 23 21 31 71 51 9 4 41 56 72 81 57 37 71 64 60 43 23 75 5 61 81 23 124 124 75 41 50 2 19 50 0 121 143 37 21 58 80 9 32 21 48 100 49 115 45 25 16 56 134 92 143 155 68 83 133 44 70 69 25 5 19 34 35 22 34 43 66 118 153 29 24 41 24 67 99 86 72 9 68 136 17 116 78 46 28
173 63 84 111 82 182 172 92 8 0 42 42 63 63 0 4 0 52 44 66 83 117 117 141 62 59 47 63 80 74 3 47 48 16 78 50 17 96 129 131 79 39 39 27 68 43 136 72 106 50 14 29 68 66 30 47 62 0 14 12 28 86 83 159 244 224 81 122 134 97 5 50 83 63 57 45 4 7 54 39 87 104 59 100 84 68 61 123 64 42 98 45 15 46 46 55 51 0 43 14
71 30 111 119 91 136 145 91 52 98 91 78 94 114 85 47 34 24 26 43 2 74 77 101 63 22 66 41 0 9 20 31 20 10 12 70 12 2 58 132 129 5 79 103 151 120 20 60 82 61 115 155 213 91 68 118 15 30 22 18 60 69 68 67 147 139 52 187 131 40 52 93 187 204 176 95 26 56 110 10 74 7 20 36 67 87 132 207 167 69 33 28 48 57 93 72 55 0 61 12
85 70 99 78 64 107 96 37 79 124 69 20 32 147 159 68 0 45 73 18 0 67 107 43 83 31 79 97 31 45 87 33 10 39 11 61 35 126 157 97 34 90 121 144 181 139 25 13 28 5 98 126 122 44 68 127 51 112 93 8 48 27 70 73 55 100 150 218 128 42 153 165 157 139 141 120 60 26 91 91 58 68 118 104 109 56 49 95 87 26 56 58 39 75 99 91 42 36 47 15
47 24 33 95 57 44 5 32 84 45 62 84 21 62 94 148 106 117 95 37 98 17 116 63 71 64 3 74 84 101 97 78 11 43 78 43 77 154 183 105 65 42 69 124 117 36 0 59 49 0 63 77 15 68 76 67 46 123 113 50 67 74 26 40 15 83 143 156 119 29 229 201 118 34 23 71 113 94 135 175 58 70 94 161 168 141 114 24 10 40 14 52 58 52 59 68 107 122 43 34
100 32 38 42 20 40 41 25 93 68 99 152 144 97 85 92 112 74 104 113 88 16 71 64 14 117 77 12 65 90 81 46 41 45 88 71 66 78 131 149 136 120 118 115 73 57 57 71 57 83 116 85 29 34 0 29 15 36 43 64 21 88 57 55 66 78 70 79 109 86 130 165 115 137 66 54 39 1 50 58 61 102 103 69 181 161 88 58 31 16 40 45 57 55 64 22 181 232 125 45
135 52 57 66 99 139 128 110 126 102 108 106 129 101 54 11 83 57 16 63 58 55 18 12 0 14 134 111 63 42 74 12 69 72 34 23 85 69 144 255 194 41 18 38 81 72 120 110 73 27 57 82 17 43 76 64 40 18 98 152 70 100 103 58 86 131 106 19 119 144 27 72 78 123 75 37 46 54 84 44 67 128 117 59 76 94 151 135 35 21 45 48 70 41 50 123 71 110 40 13
80 38 109 157 182 125 94 124 112 116 89 42 84 170 120 38 89 146 50 34 37 63 6 112 53 18 84 52 81 121 130 126 43 41 87 14 21 24 145 229 163 45 28 122 85 90 141 138 108 67 91 123 45 51 99 65 17 38 109 134 93 84 84 82 92 97 49 31 62 37 8 102 109 6 38 68 10 24 101 18 41 38 29 78 52 47 151 135 31 29 38 58 75 43 83 170 168 116 37 66
88 64 108 174 229 127 76 74 74 52 61 98 69 117 74 65 115 87 32 21 52 111 63 57 58 47 72 63 111 224 186 124 41 18 32 46 4 76 43 132 132 93 37 124 48 55 107 60 56 50 34 22 19 46 67 66 26 0 20 37 11 52 74 33 49 44 81 50 54 120 29 0 81 52 5 0 47 36 23 47 64 41 77 198 115 18 56 46 55 30 4 44 45 32 85 70 62 75 53 41
44 63 43 73 156 94 61 0 52 31 96 137 41 33 34 42 89 114 129 98 95 104 63 50 48 110 100 32 46 141 166 123 37 6 59 25 27 121 160 130 112 118 83 77 107 38 156 55 100 82 60 48 116 129 45 18 44 55 47 50 7 32 71 113 56 29 22 30 46 57 53 187 128 59 16 11 72 79 54 49 0 27 95 160 69 15 47 90 59 28 56 110 61 18 94 190 191 122 83 102
37 78 42 41 83 33 48 28 46 34 96 96 39 33 62 0 55 82 177 199 90 106 117 65 20 85 92 7 35 51 157 150 105 37 64 102 22 28 130 140 103 121 117 69 140 17 133 36 78 18 22 36 114 138 73 56 98 95 23 59 99 74 40 110 112 82 6 48 113 86 97 199 141 54 17 48 80 87 48 13 0 12 38 72 88 113 80 85 90 56 45 5 10 47 23 94 65 71 102 120
80 83 59 59 72 33 50 102 112 65 77 165 134 65 50 22 73 138 177 183 102 71 47 24 43 5 74 53 37 23 185 153 62 38 30 11 145 102 88 122 77 46 35 52 155 141 191 120 46 41 88 110 144 129 101 92 134 74 55 113 101 49 53 68 38 0 60 49 99 133 62 115 120 107 67 69 64 99 68 18 29 24 29 91 212 255 155 71 125 47 17 49 60 43 28 136 52 19 23 35
31 78 135 140 125 94 74 142 95 78 25 153 83 21 0 36 83 85 48 37 44 38 45 19 15 31 103 109 90 11 86 116 119 39 27 59 250 255 79 130 60 0 24 64 168 215 214 147 64 123 147 129 140 101 100 105 109 68 45 64 78 4 7 21 19 65 141 53 45 79 64 109 59 40 8 48 0 0 5 28 15 46 35 40 144 222 165 83 34 52 19 48 16 30 95 83 84 105 106 41
98 32 110 157 157 176 74 100 13 0 0 59 61 28 45 51 26 0 11 70 36 49 65 40 31 20 66 88 72 80 37 43 174 136 126 59 129 155 62 164 112 53 36 55 115 169 122 69 91 124 60 90 84 39 41 24 0 12 48 35 57 139 15 57 21 14 22 30 8 0 87 146 55 5 28 4 65 69 50 49 12 6 89 158 74 88 131 89 28 13 16 0 46 47 72 21 14 44 55 34
35 58 52 104 122 170 87 55 1 31 53 11 42 41 29 51 11 48 8 45 0 60 50 48 117 121 58 79 68 80 37 35 136 128 99 152 196 167 47 94 98 53 53 14 41 51 72 45 81 150 70 10 17 26 46 123 73 90 170 49 45 116 104 92 50 30 84 64 29 29 68 160 107 23 27 43 48 9 11 62 80 75 111 142 70 30 20 31 26 49 55 56 37 34 44 27 66 33 7 10
46 24 106 59 117 107 33 4 32 26 83 47 121 131 62 65 6 74 90 64 56 40 72 105 138 167 117 44 71 150 64 34 99 108 34 100 228 244 95 58 18 64 77 48 70 0 0 30 21 135 154 85 53 49 19 89 41 79 92 22 35 62 21 86 127 47 91 80 3 33 68 97 111 0 34 131 81 63 73 55 76 105 132 97 54 68 44 36 41 38 78 98 24 26 65 32 44 16 0 7
0 66 104 45 29 33 57 22 9 21 100 46 64 126 74 22 55 76 103 26 85 40 117 129 124 75 92 100 158 114 32 40 24 53 59 50 145 186 98 67 47 68 57 79 87 67 50 20 47 87 134 96 24 42 26 17 50 72 133 65 53 50 61 70 116 122 36 45 67 50 26 26 70 77 82 122 55 55 61 71 80 101 129 50 7 75 52 0 24 42 51 48 72 30 24 13 28 45 47 26
58 35 48 72 77 33 61 61 33 13 29 29 32 90 65 54 21 113 170 111 61 51 114 117 163 169 108 86 114 122 161 60 14 10 117 145 80 57 52 32 99 183 145 115 136 107 50 19 59 54 66 69 34 98 118 42 45 78 96 73 0 21 2 27 46 102 10 30 57 27 27 26 63 74 101 126 21 31 52 37 10 5 43 22 41 103 85 51 21 17 27 55 91 65 46 7 56 70 60 27
86 56 70 27 123 98 57 95 62 21 0 88 138 123 61 109 120 154 172 140 69 71 122 122 108 97 67 97 64 102 107 22 32 61 34 79 60 74 143 255 213 115 69 62 113 97 82 4 53 106 94 99 86 103 91 16 43 78 137 47 49 0 10 69 126 79 67 116 130 139 125 73 26 38 55 102 105 68 22 45 16 25 34 27 89 105 65 65 28 84 20 38 86 78 19 58 54 51 48 46
190 86 78 158 11 0 49 41 13 53 81 135 167 152 70 65 106 105 149 116 87 16 70 74 61 4 47 76 8 56 21 42 56 51 90 127 19 59 170 236 238 110 80 94 133 67 35 19 11 67 47 80 102 85 58 49 75 31 48 20 20 106 79 21 48 66 107 122 141 76 25 102 97 24 52 70 66 46 42 46 33 58 52 22 66 72 54 39 57 92 47 53 32 44 37 70 49 37 39 54
140 76 84 118 115 111 28 36 36 37 103 151 184 195 122 60 75 53 53 9 43 4 34 1 41 28 87 82 9 18 24 60 32 56 114 74 40 14 13 137 160 46 44 72 56 77 85 77 45 41 41 142 191 126 33 20 70 41 46 37 16 68 51 127 137 89 73 88 136 64 36 131 206 83 58 13 58 79 61 14 12 11 28 23 37 59 106 82 14 68 71 68 77 78 107 145 67 31 3 1
60 59 37 37 25 23 40 19 7 71 26 70 127 192 188 105 86 120 60 10 64 54 17 92 80 56 22 55 84 47 44 83 86 69 66 90 76 36 53 90 113 148 121 122 116 87 10 53 30 40 107 190 234 120 37 29 104 101 141 147 86 95 118 46 129 100 19 9 106 37 17 133 195 53 31 49 40 0 20 75 125 35 63 74 57 12 73 134 70 7 28 80 107 104 123 148 88 46 39 70
193 134 29 46 72 61 28 36 14 129 180 168 108 35 97 63 28 51 63 68 88 70 58 120 53 38 15 43 52 15 41 113 94 29 15 43 86 41 31 56 71 100 68 199 99 66 95 63 27 44 42 20 120 105 39 15 53 96 146 177 160 229 243 226 82 106 109 102 63 72 65 60 77 12 32 65 32 74 81 110 82 12 4 25 68 54 25 102 31 84 99 74 17 88 94 77 122 90 59 38
100 88 22 12 0 52 43 6 58 135 174 109 56 95 85 42 58 10 37 81 76 50 33 42 22 67 51 16 6 10 32 44 71 16 15 7 64 39 44 98 134 47 158 239 67 135 73 18 17 48 124 139 109 66 37 46 93 91 61 121 140 110 214 124 27 63 45 18 15 107 115 71 81 64 98 99 8 136 123 22 69 59 13 43 37 43 61 95 130 126 170 146 6 104 58 116 100 50 20 25
63 34 26 84 94 78 40 27 22 76 84 84 141 39 79 167 106 8 7 50 49 42 28 9 1 22 14 17 24 12 11 7 12 17 37 0 26 34 40 113 194 59 245 255 250 230 255 229 105 192 175 158 97 67 6 18 58 93 61 6 48 30 70 57 26 13 96 127 89 122 141 38 66 168 84 25 103 175 85 36 74 16 1 3 5 44 45 120 195 190 69 67 15 109 56 74 38 10 18 56
44 41 57 135 221 113 21 67 72 22 52 90 34 80 46 81 83 14 3 15 13 21 24 26 50 44 22 28 37 24 14 0 11 31 44 35 47 65 23 70 149 109 188 218 255 241 254 248 128 250 204 145 77 68 48 13 42 32 45 87 42 50 10 23 60 20 96 171 129 96 76 7 61 66 34 15 56 75 113 21 5 43 25 72 107 18 62 176 248 205 44 9 73 164 35 84 85 103 125 128
11 35 82 97 166 114 52 34 54 115 72 33 81 89 69 33 40 14 9 0 0 1 0 6 32 41 20 9 20 48 73 60 48 44 36 67 71 79 24 61 64 118 240 255 254 255 140 254 32 230 168 70 129 110 49 33 30 138 96 15 23 107 56 0 24 31 48 150 141 113 24 12 31 57 81 49 63 68 182 117 89 52 53 42 120 80 64 101 125 104 50 112 65 23 28 77 139 125 117 111
86 28 82 101 96 94 90 37 42 18 0 65 108 77 4 61 17 5 18 12 6 17 12 6 32 15 4 21 10 0 21 45 32 29 20 47 38 33 20 56 35 94 255 255 228 112 85 230 123 197 157 84 92 184 118 6 19 90 209 73 41 104 75 69 61 31 36 99 28 63 62 49 30 105 126 66 57 50 96 101 185 126 61 39 99 83 121 61 52 41 169 187 22 26 63 89 75 37 22 34
38 21 88 85 19 32 80 100 78 106 81 35 47 19 41 34 11 3 32 26 0 4 10 4 0 21 32 32 14 8 20 3 2 19 23 28 15 3 16 26 114 142 154 132 63 152 98 113 82 114 212 255 53 90 41 43 76 126 147 64 0 9 54 136 152 92 24 16 28 83 101 98 7 14 67 83 28 25 25 68 169 99 48 90 218 168 95 35 55 39 105 99 0 41 42 40 23 44 63 54
85 16 0 28 16 85 113 75 64 36 86 122 50 0 4 8 13 17 21 20 11 5 12 25 3 9 2 13 18 39 60 47 19 36 22 11 3 0 22 41 105 80 198 248 20 153 186 194 246 253 255 228 201 30 7 33 39 68 60 33 76 79 97 139 72 64 14 80 69 78 61 137 55 59 100 21 11 15 35 37 22 40 24 102 168 146 111 61 13 100 109 73 9 24 15 52 3 43 120 58
65 66 87 42 25 103 106 77 33 41 12 44 0 46 41 1 11 16 18 15 8 5 9 14 4 10 7 17 22 38 57 42 7 20 7 21 9 1 20 54 77 28 233 244 212 39 199 228 255 246 238 255 242 238 177 39 67 46 26 28 93 106 143 84 14 56 9 58 38 28 89 164 144 67 63 0 23 72 47 33 10 83 89 95 139 64 81 81 54 148 97 25 45 28 25 57 99 95 95 104
41 40 105 66 28 23 22 93 121 26 72 96 98 67 21 10 12 21 25 18 16 21 24 22 18 19 16 19 23 24 35 12 30 25 0 20 15 17 52 106 148 70 103 255 215 35 115 198 235 245 255 126 255 250 254 113 86 13 53 113 137 202 209 143 50 80 41 75 45 96 94 155 85 63 64 116 40 53 148 83 21 67 111 129 78 12 103 33 31 76 73 60 0 28 0 64 96 128 46 66
45 38 83 43 57 88 78 77 93 166 67 115 125 40 12 31 0 11 15 6 4 16 23 21 2 0 4 15 35 36 49 22 50 36 12 17 36 40 87 128 76 86 48 31 8 37 13 162 229 255 246 172 187 235 102 255 247 159 61 25 186 71 94 42 63 107 74 75 79 70 87 58 40 24 83 172 40 40 103 71 41 8 122 143 77 45 16 84 25 103 56 29 95 67 43 20 70 175 69 20
42 35 58 26 36 74 79 15 121 183 130 152 68 12 40 7 4 18 19 5 0 8 18 18 6 0 2 13 44 40 54 22 28 28 29 19 61 51 81 76 37 55 78 65 64 3 74 93 95 210 241 228 255 255 234 246 255 178 42 103 101 126 15 30 22 58 120 62 28 63 15 31 9 33 68 132 111 35 29 26 34 35 108 175 164 140 85 12 63 49 64 24 107 58 16 66 135 185 107 27
59 33 61 72 32 3 26 27 40 8 85 91 67 26 9 48 28 34 31 16 6 8 13 13 22 6 9 8 35 19 34 2 10 26 30 14 56 50 64 34 64 88 40 97 53 18 110 24 198 255 148 255 235 232 255 246 255 240 74 67 99 52 38 24 3 51 91 49 63 57 73 29 26 58 51 69 130 35 67 53 64 49 117 56 2 41 128 88 104 46 5 62 99 77 123 151 195 119 79 40
38 40 51 32 21 53 45 41 61 34 16 77 12 34 40 24 25 21 15 10 7 5 1 0 8 0 7 2 28 9 39 18 12 35 19 16 34 56 65 50 29 41 26 72 60 57 0 92 250 210 255 129 230 255 251 233 254 168 109 83 162 126 120 34 26 26 121 24 125 59 104 14 117 85 74 0 34 77 45 82 32 56 60 92 115 21 58 63 38 64 74 0 69 81 116 165 171 107 80 66
46 85 92 19 11 89 58 75 125 104 44 33 69 47 9 32 22 11 6 14 22 19 11 4 18 10 23 9 25 0 37 23 6 39 11 33 27 71 71 75 25 49 7 97 0 85 87 90 255 243 213 96 100 255 254 254 250 249 62 152 124 157 69 64 0 103 108 132 87 53 74 9 72 178 111 53 20 81 1 78 84 30 18 23 32 59 51 47 82 44 12 59 43 49 35 38 105 161 129 98
76 93 44 59 0 80 75 82 142 95 51 50 90 77 73 38 59 27 13 26 26 6 1 15 18 2 11 0 10 5 24 17 7 14 11 25 0 13 13 21 38 35 21 31 45 56 86 86 235 114 7 135 249 239 246 247 255 237 116 255 114 130 51 29 9 101 120 0 60 72 6 12 60 114 45 0 36 100 75 45 44 96 130 191 158 53 19 127 129 107 145 64 33 39 26 29 27 61 75 110
102 66 19 22 33 60 33 2 51 76 65 50 54 68 64 53 40 13 0 11 25 15 0 0 6 0 10 2 11 4 13 0 9 9 11 17 2 12 18 22 14 36 25 0 30 62 51 236 240 235 255 253 227 255 254 232 248 255 109 240 255 247 252 138 65 83 58 68 41 0 44 0 100 162 155 58 33 33 60 53 30 65 53 162 154 66 89 125 98 140 122 81 73 47 89 86 97 89 34 0
43 48 61 19 46 28 70 94 0 83 92 57 63 118 66 12 4 26 20 0 0 12 19 16 8 3 10 1 5 8 18 5 17 8 16 10 14 12 26 20 44 24 60 47 10 71 86 252 249 254 231 228 255 233 238 213 216 190 255 255 243 237 255 252 255 62 114 121 28 0 38 71 176 111 36 31 20 52 49 55 60 28 5 42 38 49 94 119 68 72 33 97 101 0 31 105 112 92 42 4
26 74 109 68 92 57 81 109 45 48 23 19 50 73 54 91 116 100 60 25 10 0 0 17 21 20 24 13 4 7 15 7 15 0 18 6 30 20 41 27 10 29 20 27 10 45 64 120 177 120 33 255 246 255 196 243 253 243 255 249 204 255 226 252 237 17 131 0 42 92 111 71 131 78 32 55 32 39 18 49 75 25 36 94 117 103 59 30 12 69 52 40 49 119 83 69 105 57 26 0
39 65 51 44 58 37 13 39 76 82 69 39 48 30 64 144 173 165 98 33 35 45 20 0 34 35 38 31 8 2 1 0 6 0 15 4 38 25 49 30 11 40 12 19 30 44 76 60 31 0 44 189 249 223 33 255 249 238 238 80 52 97 134 46 101 207 168 183 82 103 74 25 16 59 104 37 43 25 51 80 66 58 42 136 150 60 61 42 61 112 122 94 8 90 44 63 73 20 30 34
91 85 36 51 63 63 40 86 48 110 92 6 0 9 84 119 61 120 110 57 53 63 48 37 53 39 27 28 4 8 13 23 14 0 16 3 30 16 33 14 9 15 22 15 15 19 31 28 54 145 220 121 67 186 32 219 254 247 57 126 91 33 45 36 131 233 241 225 120 80 5 84 128 108 74 24 75 114 76 55 25 48 52 80 90 56 71 46 75 154 154 134 27 77 49 24 21 13 58 91
108 98 62 54 87 85 52 43 22 57 44 66 75 51 87 89 20 56 91 130 138 77 43 84 58 29 7 25 12 20 24 39 21 4 15 3 19 9 23 8 0 37 19 4 35 30 0 25 40 68 91 76 255 255 81 118 165 255 81 17 89 78 74 255 94 249 253 255 119 30 36 53 138 95 45 96 111 198 106 79 95 53 47 18 62 141 149 69 7 52 39 60 70 98 73 18 38 66 55 35
88 114 105 20 41 37 44 10 54 59 0 57 68 56 73 45 40 77 92 137 220 217 124 56 43 14 1 41 32 27 5 5 12 0 5 0 15 16 33 25 15 5 0 33 4 52 51 7 29 65 42 41 219 251 106 37 129 251 246 231 190 59 127 227 158 124 176 157 64 27 44 54 27 37 67 88 33 103 59 44 100 55 34 56 70 112 200 113 15 58 76 46 61 36 42 71 83 146 86 22
28 109 144 68 68 11 55 54 62 24 39 66 42 33 102 185 204 115 55 131 247 175 87 45 61 57 52 40 13 28 2 0 1 5 14 10 14 30 38 46 21 18 0 25 52 32 28 9 9 37 117 67 248 255 118 137 91 226 255 254 231 91 66 101 61 34 57 44 42 82 82 92 67 36 43 31 30 83 181 226 153 60 66 25 66 116 238 119 19 0 31 1 83 64 36 123 133 61 32 37
145 118 74 0 50 0 31 19 62 61 77 79 81 105 189 232 188 52 12 73 156 138 51 67 102 114 58 39 16 20 7 19 26 16 19 18 21 31 21 3 9 18 32 8 7 42 6 12 29 75 79 94 159 206 207 243 174 55 88 232 228 111 93 99 98 107 131 13 11 73 81 55 12 11 46 50 70 73 123 204 119 93 96 41 48 31 64 54 42 29 16 19 57 17 63 153 97 100 81 97
93 101 55 54 69 48 21 32 14 33 70 119 148 133 147 121 57 11 0 95 155 131 26 55 107 124 33 32 40 53 21 13 20 11 17 19 3 4 12 1 4 22 38 15 23 0 9 11 0 36 34 67 164 244 165 164 155 68 24 55 85 56 112 35 74 107 172 52 48 40 46 39 42 22 72 81 0 95 110 63 60 111 102 28 144 127 21 47 2 54 24 31 38 46 130 133 72 125 96 134
41 88 65 99 103 92 16 18 26 29 46 125 121 55 34 28 87 115 19 150 173 71 10 65 181 145 44 39 40 68 25 14 14 6 25 53 32 7 12 4 9 33 30 41 42 6 16 12 33 19 26 68 54 130 216 2 133 34 91 28 93 148 152 56 36 36 112 124 135 22 17 65 75 23 95 83 86 105 79 39 51 80 110 21 127 134 18 41 49 53 14 38 33 59 93 50 213 220 129 165
55 61 58 39 95 48 32 61 80 47 0 70 87 85 56 51 165 149 12 150 142 35 49 120 136 81 86 115 75 79 49 90 62 23 4 38 34 2 6 1 2 13 23 19 1 66 0 2 10 7 27 180 225 123 165 76 147 232 247 114 96 75 76 74 30 10 26 111 130 16 18 67 70 77 91 37 3 80 69 90 130 42 80 51 61 128 75 92 98 31 41 98 51 19 12 61 245 224 155 232
55 31 25 43 114 62 46 118 102 78 10 13 54 131 102 68 146 101 33 79 47 29 33 30 18 0 106 160 91 54 41 120 73 43 3 26 31 0 7 13 37 16 34 13 44 59 31 33 30 20 38 113 97 103 118 22 238 222 255 235 151 157 56 30 43 71 51 79 65 37 55 60 74 138 178 57 63 22 47 143 128 45 8 22 47 170 95 104 119 48 36 44 15 31 40 106 146 144 124 203
85 44 6 77 147 114 27 83 127 120 87 7 19 73 65 61 96 107 104 48 58 113 94 71 50 30 90 86 59 48 39 61 26 52 30 56 75 41 31 21 22 0 15 6 50 0 26 38 26 57 104 255 153 86 124 0 194 253 121 47 44 122 130 61 66 102 100 72 48 88 96 76 59 118 152 92 15 58 99 127 100 91 52 42 86 164 97 102 5 67 92 103 55 14 33 65 164 175 124 98
89 64 46 55 118 68 19 87 141 90 92 36 95 100 54 38 55 128 127 43 98 97 47 78 65 58 45 12 93 157 132 48 22 50 0 10 61 60 55 32 14 20 51 46 10 49 4 67 87 70 113 246 197 57 7 34 100 255 255 239 229 144 145 94 72 39 52 34 49 111 90 72 52 60 62 116 141 90 54 123 81 19 56 75 125 150 174 139 100 62 0 118 175 69 66 63 172 219 163 79
48 49 63 125 164 38 104 117 106 62 37 43 127 119 96 14 11 29 60 63 99 50 71 57 39 53 40 57 133 163 110 94 56 78 104 34 118 129 110 57 14 22 33 65 0 12 84 30 79 53 46 99 134 61 7 21 31 145 255 255 156 250 217 37 67 34 40 28 25 55 92 51 76 3 70 78 58 98 69 35 77 56 58 24 102 112 78 47 69 44 23 42 127 51 59 93 159 204 135 148
13 42 65 46 71 65 130 124 68 98 121 93 105 89 109 104 57 49 50 99 90 18 68 110 109 105 64 28 41 31 51 61 69 50 106 36 76 114 27 29 14 49 46 38 24 83 67 99 27 94 120 6 111 80 57 0 29 45 170 147 124 199 228 72 37 5 46 44 60 103 78 38 61 41 91 66 73 83 133 46 7 52 75 64 21 4 46 102 90 54 41 0 50 90 58 44 84 146 89 52
55 41 71 32 53 95 113 97 3 93 107 50 34 93 95 83 54 79 98 100 22 0 55 118 204 109 123 81 77 123 65 40 74 33 22 31 40 56 11 42 33 63 0 43 67 79 59 124 114 98 92 26 132 98 81 32 51 73 196 174 189 119 101 102 0 52 69 43 64 85 36 13 54 9 56 50 29 73 80 48 63 60 17 16 17 42 109 132 141 76 11 41 127 127 41 124 191 124 37 56
111 72 119 91 97 92 66 28 22 31 0 9 7 50 13 33 59 11 53 101 82 78 17 15 101 31 71 86 98 111 0 42 37 67 61 110 63 37 80 135 84 49 16 151 176 128 127 183 167 48 30 103 147 65 64 17 43 46 160 121 45 59 70 55 0 91 70 49 44 61 88 41 54 5 53 60 4 44 32 53 72 118 104 14 11 4 62 68 77 140 92 112 125 65 41 203 236 196 110 51
63 57 109 85 106 97 76 0 42 49 56 51 40 31 67 138 95 22 0 34 74 123 85 29 46 143 81 3 74 80 28 0 116 89 81 119 98 75 88 102 66 36 143 246 246 156 65 84 152 89 35 47 50 11 99 35 88 27 57 64 42 95 70 65 64 95 72 58 23 30 86 28 46 58 97 96 61 42 113 98 48 126 145 44 65 49 26 18 17 111 136 133 74 41 46 158 180 222 167 20
0 41 92 68 47 30 57 35 53 44 54 18 52 34 108 114 75 102 52 47 39 94 152 114 73 103 114 38 57 0 61 54 126 75 57 148 134 56 97 102 1 68 167 194 208 146 84 83 57 112 30 62 18 27 61 24 119 82 61 5 24 139 143 100 63 58 58 35 66 46 43 93 112 96 108 116 61 36 46 32 125 164 141 66 72 92 64 105 100 56 23 12 10 51 0 111 188 194 172 64
104 64 25 49 61 74 26 0 65 54 65 106 59 0 61 114 139 118 53 70 26 66 129 213 103 13 55 23 46 63 110 54 100 68 38 143 158 133 185 139 63 116 89 58 68 65 97 125 92 116 20 119 32 72 51 94 91 99 54 21 51 62 27 67 105 75 69 29 99 48 15 88 114 81 97 134 73 98 46 58 122 98 47 21 54 106 132 159 86 86 72 89 61 106 0 100 125 106 131 32
105 92 54 87 70 118 48 52 62 56 15 157 92 82 91 97 110 89 88 93 30 109 80 205 171 102 13 23 48 55 71 46 106 117 111 26 0 130 187 157 101 63 58 42 40 79 73 137 69 38 16 93 1 36 31 66 82 17 14 72 43 144 204 198 137 32 28 21 63 40 70 17 38 80 91 83 34 21 45 0 44 31 36 26 48 40 89 49 26 35 56 167 45 77 62 177 141 55 96 36
122 129 51 116 120 166 76 32 10 54 62 132 83 65 95 136 69 94 64 35 46 79 72 126 141 142 78 34 78 51 81 70 167 167 156 19 78 55 63 53 26 36 53 14 89 81 108 113 17 44 133 112 73 65 23 84 129 62 60 17 52 157 198 159 88 11 71 15 14 38 93 55 14 27 67 11 49 8 61 33 17 61 89 42 46 41 101 66 51 61 40 94 60 53 77 155 65 66 32 53
111 132 2 11 25 54 50 47 42 70 54 51 31 38 91 93 94 98 49 14 2 19 38 51 41 46 58 0 69 133 95 43 111 104 104 56 106 80 43 30 38 76 63 56 58 95 230 128 0 78 131 165 95 81 42 53 52 14 20 66 128 135 40 43 51 0 56 65 47 21 47 100 0 37 71 37 66 27 59 142 91 28 36 62 30 76 139 100 50 9 0 41 72 32 17 45 28 100 80 29
97 107 51 51 67 74 53 40 80 83 41 11 53 21 34 25 51 72 60 46 33 27 59 33 79 59 44 44 7 26 56 22 12 59 152 182 136 125 96 52 126 76 54 52 21 114 233 160 58 14 76 0 49 110 64 15 27 18 18 37 58 128 64 85 22 16 28 42 25 19 6 77 11 115 78 1 110 138 53 147 197 127 103 88 41 72 130 164 96 49 51 100 142 86 32 43 46 79 66 74
19 50 70 105 70 51 79 83 106 80 46 8 29 15 56 51 66 69 60 30 42 34 32 0 18 66 80 34 27 53 0 61 13 113 173 214 201 166 107 129 99 46 67 73 53 125 120 115 52 32 90 124 92 42 16 15 8 86 112 47 6 91 63 80 57 74 68 71 60 78 53 90 52 141 144 35 70 148 71 93 186 138 120 78 111 118 107 103 137 74 29 76 117 125 62 63 0 33 31 46
76 81 32 81 54 7 27 33 62 67 89 61 16 55 124 96 38 33 45 26 99 114 55 40 63 70 96 19 58 59 1 67 142 97 86 187 241 183 84 59 67 79 86 63 25 65 56 54 34 15 37 43 30 36 50 43 0 103 123 47 40 46 39 124 154 114 88 81 57 60 82 132 99 121 115 23 33 40 0 67 144 95 89 68 105 131 105 67 93 94 94 111 108 111 73 57 23 29 24 57
127 46 2 24 88 96 4 34 32 88 110 123 115 107 80 83 23 35 72 53 103 101 13 27 32 113 135 52 152 47 36 124 125 148 79 114 190 101 5 69 89 67 108 117 83 83 82 61 53 0 74 50 48 14 24 81 63 79 76 31 32 5 60 137 161 94 55 44 39 57 97 118 107 16 32 31 23 48 105 122 77 75 32 22 8 39 34 81 42 131 227 204 145 74 76 24 60 59 82 164
146 25 28 1 37 67 20 50 65 99 93 117 139 90 25 64 56 63 86 79 84 87 44 80 84 112 205 79 45 57 90 165 166 151 40 51 110 95 33 48 59 23 93 239 255 130 129 72 2 50 39 92 59 68 75 78 6 11 48 64 49 21 98 86 26 21 4 6 28 63 58 20 56 78 57 25 24 38 84 69 50 60 4 22 26 55 53 94 85 153 219 194 139 87 127 37 35 108 176 231
146 42 14 42 30 17 137 44 54 47 99 113 62 46 51 35 41 31 44 83 87 99 71 72 90 80 106 136 37 57 103 162 134 143 42 84 132 96 6 32 81 85 9 207 248 8 139 65 81 31 15 24 41 51 48 96 35 76 80 86 61 2 60 52 41 70 38 23 17 37 15 0 45 150 124 88 75 94 108 19 72 28 12 27 12 56 126 88 29 92 123 131 58 57 129 50 12 25 72 167
44 41 50 49 18 87 190 141 9 37 51 79 6 15 84 49 103 130 134 74 70 47 0 37 78 37 29 15 48 35 105 142 116 110 33 35 167 122 8 106 135 115 43 54 172 92 79 73 35 40 15 28 83 92 18 60 79 99 148 109 34 20 50 26 54 74 19 93 70 28 100 84 73 155 184 44 56 61 56 22 114 94 37 85 0 107 135 122 17 53 64 57 35 101 120 54 2 0 58 90
54 82 155 75 7 46 128 148 28 52 33 25 43 94 108 23 23 141 153 76 36 28 21 113 102 58 41 58 47 37 25 54 99 50 24 134 134 116 14 90 154 97 109 138 56 39 93 96 8 65 2 29 1 36 101 204 179 102 91 57 19 18 21 44 33 23 24 60 10 90 150 62 69 125 110 55 49 33 40 19 75 70 69 64 56 112 133 51 33 9 6 24 55 61 43 77 44 23 63 74
20 81 97 77 58 14 103 98 60 32 22 86 84 31 1 50 48 126 156 53 40 99 63 64 35 60 70 70 37 42 13 50 53 136 124 87 60 79 130 79 20 45 68 58 0 44 53 62 68 102 51 84 28 35 91 128 127 17 73 65 0 6 16 23 68 18 14 43 45 89 69 112 53 42 15 51 81 77 68 42 39 60 85 109 100 102 90 34 5 15 75 49 16 48 64 104 20 23 54 40
64 38 31 51 97 53 17 26 42 52 97 186 121 70 64 212 136 21 79 38 31 87 89 116 127 76 74 111 107 65 66 107 27 109 124 0 148 124 62 56 25 51 44 53 55 58 48 118 101 50 48 44 28 26 51 33 57 88 193 139 103 77 43 0 47 73 68 38 91 87 9 116 42 95 117 29 0 22 78 56 39 82 108 149 130 101 64 39 48 75 165 194 105 60 7 10 35 67 88 36
154 99 20 32 66 52 15 61 51 8 25 58 26 45 71 156 167 32 26 39 0 31 56 85 148 138 97 62 33 44 70 30 31 32 44 37 48 0 20 65 62 33 50 170 100 170 161 103 78 0 30 57 51 42 121 163 86 9 112 128 120 65 115 74 47 26 31 3 23 3 12 113 41 65 83 29 83 83 182 108 140 144 103 43 51 42 57 39 43 110 97 108 61 62 34 79 58 76 78 13
148 165 62 80 67 45 51 68 56 17 83 85 50 9 31 50 122 122 11 55 2 34 46 30 72 198 83 10 63 46 0 93 55 41 63 60 127 159 34 43 43 36 31 4 111 171 223 150 30 52 59 42 18 72 147 105 25 61 91 0 82 147 202 107 29 63 115 100 82 80 89 61 72 96 81 77 134 63 190 110 73 95 67 66 65 65 62 69 16 133 96 33 0 90 86 38 51 43 59 35
113 133 144 131 93 72 0 6 77 38 36 32 57 106 110 55 90 95 9 88 39 17 69 137 47 114 114 29 25 90 58 60 69 41 17 70 168 199 113 11 38 16 27 92 13 118 145 148 141 56 47 70 60 16 32 53 72 116 169 66 91 166 173 49 49 46 65 109 68 50 57 73 100 137 85 35 47 44 113 31 95 106 68 107 76 69 48 81 60 86 76 38 46 131 108 20 66 48 84 90
123 135 107 102 67 21 34 34 33 54 40 84 63 128 115 108 133 67 72 106 65 12 41 91 64 99 180 60 48 38 3 63 117 98 46 71 83 126 73 22 27 37 67 45 37 78 53 86 123 27 97 54 74 25 6 48 142 141 164 91 108 161 136 124 95 84 77 102 18 86 131 147 96 54 39 62 70 88 23 9 77 67 47 36 75 69 81 62 22 43 60 7 64 95 60 56 47 24 51 36
60 93 146 48 75 70 5 28 28 76 73 41 80 117 88 77 159 46 79 68 5 62 52 64 38 79 56 53 72 38 22 29 33 50 41 32 88 160 93 34 45 43 28 8 113 75 91 104 72 86 48 80 36 15 38 30 49 82 107 28 165 185 145 164 97 87 84 106 53 19 34 203 138 42 84 61 23 26 0 50 35 109 128 64 41 75 80 45 93 78 60 54 56 69 68 42 34 0 63 49
20 100 123 87 77 45 10 30 3 39 69 57 83 95 52 125 190 75 46 71 53 10 103 98 29 10 73 111 50 41 110 25 126 91 18 18 60 119 101 64 70 37 33 112 152 149 163 189 102 56 94 129 89 13 59 35 61 62 21 60 144 99 125 96 54 44 47 65 53 60 73 184 175 54 57 38 40 51 33 66 65 98 95 102 23 129 56 6 63 67 63 62 41 0 23 15 26 99 139 152
65 97 90 105 35 60 109 47 134 73 64 94 9 0 70 134 114 23 4 122 76 22 43 74 63 127 78 58 126 193 161 52 102 112 56 30 19 50 67 22 28 78 135 144 98 43 75 107 92 117 142 111 125 57 42 40 66 98 5 126 68 48 74 7 71 80 115 104 63 66 105 203 176 65 73 115 133 90 60 81 76 60 74 73 28 54 20 109 69 36 0 42 63 44 58 33 22 78 25 138
209 137 100 104 22 61 111 24 68 68 136 95 44 95 70 155 102 80 69 11 5 50 144 150 81 73 0 32 80 112 58 98 126 53 2 2 13 11 56 63 25 126 147 88 54 11 21 42 120 132 139 104 69 100 80 57 95 70 76 150 116 13 58 24 108 97 139 123 68 43 62 123 96 55 80 163 167 117 91 106 39 44 108 63 59 53 58 96 34 27 18 87 94 103 62 31 152 210 61 72
136 75 91 76 69 72 77 86 94 40 35 37 70 105 37 56 118 177 197 148 93 23 88 83 49 70 86 42 0 50 21 40 32 7 31 4 33 53 66 37 35 122 91 79 28 45 11 17 38 63 106 136 98 90 28 43 35 77 95 42 45 25 84 54 24 43 112 95 29 9 29 76 88 66 21 60 48 66 81 101 23 25 101 120 30 69 86 22 63 21 27 30 64 113 59 24 46 132 66 64
31 35 125 60 34 32 56 62 41 68 87 153 96 10 61 36 115 201 231 150 53 24 26 59 102 73 95 38 19 12 16 92 100 50 55 31 15 7 21 69 77 125 120 91 31 78 102 67 87 52 16 20 119 91 15 33 16 130 120 108 71 46 48 76 137 115 114 84 65 96 65 36 111 78 31 92 93 81 62 68 27 19 58 96 29 81 96 34 31 6 87 36 63 72 36 23 22 38 16 26
22 36 108 54 9 21 101 35 28 114 207 120 57 29 15 14 48 50 145 88 124 64 50 101 122 55 48 48 0 12 80 155 139 136 70 42 0 41 20 30 102 82 61 13 27 83 154 114 80 66 96 50 79 36 52 44 44 151 139 21 54 43 55 53 74 75 77 61 47 102 78 69 81 43 15 47 70 45 54 75 21 42 65 28 74 145 122 42 109 41 74 50 76 78 32 26 30 64 104 133
73 60 35 55 74 44 123 57 89 63 198 132 33 16 38 22 81 99 55 31 92 88 84 54 50 89 31 83 43 81 35 10 41 103 41 83 2 31 0 30 107 80 21 38 40 35 33 60 53 82 84 34 98 33 17 31 18 65 76 15 102 117 23 6 17 32 53 74 53 82 35 40 5 43 71 25 39 16 32 10 35 26 80 42 34 89 85 84 96 60 76 129 95 87 28 61 71 37 66 163
34 35 57 50 55 66 76 41 53 50 105 19 1 48 3 70 52 31 107 74 120 129 78 83 74 75 48 42 36 38 9 174 156 12 101 140 9 38 45 4 67 81 38 44 114 43 18 39 22 75 75 137 87 53 81 0 25 58 39 61 86 51 27 62 20 16 39 81 105 25 48 70 42 29 13 66 99 40 48 17 18 89 100 66 57 50 24 111 128 45 54 60 32 57 30 39 40 21 64 108
6 54 152 69 68 75 127 21 51 80 81 88 95 56 29 48 133 180 192 107 66 92 107 126 138 115 83 90 119 106 44 157 151 150 132 81 71 98 47 70 97 56 8 24 37 39 45 75 56 62 89 148 80 22 38 49 3 11 49 71 64 74 85 18 42 58 107 156 153 33 45 82 131 80 15 92 69 33 20 54 37 145 198 152 84 43 15 97 58 10 65 123 73 40 19 56 24 15 39 63
54 2 68 54 89 0 41 33 35 107 68 68 56 0 29 88 135 214 154 96 15 53 62 48 85 71 83 124 183 125 9 53 34 53 27 25 68 67 25 78 60 29 77 154 86 110 77 77 116 57 52 91 123 157 105 82 52 11 35 24 31 95 174 89 4 32 81 131 150 56 73 105 112 85 20 43 6 35 16 41 66 77 62 29 32 69 43 62 68 0 31 149 158 118 61 33 43 51 49 45
95 115 73 14 82 78 54 46 84 97 19 0 62 68 30 35 18 87 19 74 38 112 77 45 82 50 46 61 125 74 10 68 67 9 10 76 70 14 2 24 133 82 147 177 26 43 8 27 39 41 50 21 41 118 79 66 15 0 23 18 67 66 91 19 90 65 36 65 152 106 67 5 45 56 53 0 6 56 51 25 17 48 80 67 55 94 65 57 63 9 16 130 158 142 91 18 53 80 57 34
