57 51 52 41 13 53 30 103 77 43 82 62 52 26 71 58 60 99 119 109 62 15 53 21 23 32 21 40 54 71 37 25 57 46 41 54 71 25 39 75 137 69 39 67 91 93 82 65 33 39 27 83 66 45 61 47 82 72 36 122 118 34 12 30 92 97 79 26 22 51 107 76 60 35 3 43 34 116 110 127 90 50 75 85 156 137 103 53 61 75 116 125 106 40 56 71 6 53 41 71
58 47 70 78 15 41 54 57 56 25 60 66 68 44 85 64 100 32 21 67 77 43 70 53 6 22 32 105 42 38 52 65 28 38 55 17 29 38 26 17 67 99 81 44 87 132 99 71 11 58 57 38 50 82 70 22 42 88 12 64 109 41 41 69 89 139 149 93 45 73 64 43 10 31 21 30 45 46 10 6 21 26 74 116 134 89 81 49 82 71 63 88 105 27 58 25 7 16 12 50
73 60 80 102 38 21 47 23 71 51 82 95 48 0 82 124 53 104 82 61 145 137 71 33 32 52 0 51 86 93 89 77 18 22 79 48 55 73 47 33 30 79 123 112 45 64 131 98 62 40 25 24 40 32 7 31 50 124 13 12 93 50 68 84 22 150 240 100 37 23 45 48 36 45 34 87 126 139 22 52 46 14 0 38 67 77 126 77 107 74 22 123 126 74 21 32 63 35 15 25
91 86 92 107 77 18 3 2 16 43 96 127 78 54 144 180 132 83 57 70 122 73 31 59 5 86 76 18 85 95 118 105 40 32 83 59 40 38 45 58 94 109 70 108 93 67 153 156 47 42 26 45 34 41 24 37 35 104 54 27 70 49 81 75 86 161 184 59 27 0 0 3 7 31 89 107 114 144 36 114 64 45 22 72 97 112 182 97 37 17 71 124 6 64 28 8 26 19 29 65
45 40 59 64 58 32 2 3 38 44 39 40 26 85 149 127 34 68 86 55 67 41 16 23 23 31 65 11 66 96 86 23 27 35 58 35 17 38 128 177 95 74 60 80 46 25 75 79 24 29 13 89 37 24 22 28 8 36 88 58 14 6 40 15 51 107 72 126 96 46 1 26 23 32 95 18 27 33 77 130 124 78 51 75 78 81 173 116 55 2 13 35 66 51 0 30 33 21 21 94
77 52 54 30 0 20 18 0 6 0 7 36 11 55 75 67 92 28 92 104 26 44 118 49 30 19 51 45 47 45 5 33 43 34 37 31 13 5 112 196 133 6 61 76 28 69 79 69 38 89 50 74 34 87 125 105 51 12 74 57 0 27 54 14 61 150 123 172 122 47 9 12 18 44 87 116 93 15 74 70 66 30 55 94 52 18 59 44 19 56 25 29 47 53 55 28 125 82 39 110
55 54 26 36 16 51 76 82 83 45 60 76 8 30 37 81 153 96 79 92 102 112 136 58 44 46 54 69 73 47 9 72 55 31 44 46 47 26 83 172 157 73 104 79 28 27 24 86 123 118 59 58 56 42 52 90 83 38 49 54 41 95 111 79 127 154 101 71 81 47 44 12 30 61 69 148 64 0 25 66 17 34 106 135 21 6 1 40 71 124 23 58 95 146 107 53 68 56 24 61
27 71 7 56 60 23 16 63 80 57 81 87 46 120 91 88 130 169 137 111 126 103 115 82 25 10 49 67 75 57 64 31 65 52 60 3 7 16 17 62 67 16 71 127 80 71 75 0 35 75 66 32 98 76 29 41 55 67 46 52 47 71 66 54 93 68 11 39 66 69 32 23 44 37 40 33 16 41 44 74 64 82 129 146 31 86 18 34 96 99 62 18 31 184 187 10 82 104 64 17
79 37 15 6 8 73 58 42 77 98 11 29 51 83 112 44 72 157 203 148 145 97 25 106 85 0 36 74 136 113 76 14 41 53 76 66 49 29 12 50 44 51 79 87 68 36 23 48 87 60 43 9 34 14 42 16 39 91 42 71 71 56 52 2 31 44 67 6 13 12 54 33 50 77 74 0 36 65 13 46 71 88 70 72 8 61 0 2 39 40 60 113 106 147 143 27 51 89 82 17
71 51 119 131 101 165 116 29 58 116 71 57 14 32 84 79 70 189 196 108 83 71 60 101 111 47 74 32 106 168 102 63 0 73 98 37 16 43 11 37 50 50 24 23 39 23 29 75 78 41 9 5 4 97 134 49 28 35 22 76 148 62 41 28 52 28 69 35 17 31 11 45 22 22 55 46 39 57 31 39 52 63 65 46 34 108 72 81 43 97 122 156 107 136 116 14 6 90 20 41
25 85 199 202 151 144 60 14 22 75 89 50 16 8 49 54 10 24 19 17 93 125 59 72 33 24 51 52 10 35 66 0 10 83 129 75 31 21 66 13 62 85 42 48 81 53 44 68 61 55 36 33 6 114 155 77 40 78 60 30 117 92 72 45 42 20 25 15 5 67 10 23 45 67 72 93 84 75 45 51 43 67 106 62 66 110 71 65 61 99 75 128 95 44 30 94 53 9 62 56
66 121 142 89 76 110 80 42 89 88 115 34 31 0 9 0 100 132 97 73 121 123 34 31 28 89 107 89 90 58 8 113 57 77 166 72 0 41 37 43 57 89 39 32 49 40 66 72 63 39 0 1 40 92 121 93 74 82 68 64 90 69 42 69 37 38 0 7 8 66 38 24 40 82 83 101 99 65 46 9 9 37 84 60 79 111 54 42 26 13 91 114 117 4 68 77 69 75 23 25
72 15 24 70 53 35 76 82 81 109 171 109 72 43 45 69 117 113 48 117 189 132 47 74 125 75 75 76 19 30 35 77 41 119 96 60 59 116 26 19 43 85 72 60 34 34 76 51 44 59 73 105 110 78 74 79 26 0 32 92 94 57 40 87 52 49 20 37 29 39 29 59 88 63 67 64 38 28 130 86 56 60 47 42 59 104 55 62 50 79 96 134 104 28 18 27 52 74 49 42
64 81 78 37 23 50 106 98 64 52 52 63 56 101 51 56 89 37 9 18 121 210 84 78 164 169 72 41 26 44 67 55 42 37 101 53 106 130 26 55 55 77 76 58 25 56 129 123 125 83 39 75 59 68 50 23 53 59 129 160 158 111 65 18 20 14 33 8 12 42 0 28 48 38 69 83 81 38 146 132 13 44 0 7 1 53 54 102 51 46 33 105 10 82 135 125 85 19 91 62
54 83 104 46 57 58 37 57 109 88 58 35 0 46 47 94 127 26 40 29 30 124 61 106 194 236 156 25 31 55 14 85 44 20 77 64 64 12 84 129 116 115 108 80 39 25 36 34 96 87 48 53 52 59 62 60 1 36 92 153 158 115 51 4 32 50 63 32 47 106 38 42 11 25 36 51 79 38 101 101 43 111 53 51 15 28 38 71 9 66 91 1 28 81 197 141 83 80 15 44
50 42 135 68 18 31 46 115 83 40 34 14 54 79 93 102 141 73 23 112 96 130 125 5 138 163 104 42 19 54 159 232 70 63 24 75 72 94 88 106 185 153 113 75 54 32 21 51 77 86 34 0 78 51 61 93 31 79 28 51 26 63 34 42 17 55 33 49 46 66 30 43 23 20 46 79 83 80 113 38 42 117 47 52 42 40 36 20 11 64 89 38 12 34 121 94 42 11 77 83
28 2 36 42 85 33 7 116 147 65 69 46 80 98 94 37 84 46 104 155 169 13 0 17 86 135 104 42 50 23 70 157 55 32 60 14 88 130 51 20 96 86 77 68 26 32 0 67 68 89 27 34 113 24 48 58 86 103 27 92 13 83 108 89 40 71 74 16 0 16 15 39 40 51 43 86 25 50 46 72 75 78 36 33 21 62 30 50 2 60 42 35 2 15 39 43 77 80 83 38
43 2 17 55 70 37 10 81 97 24 55 79 79 30 22 32 68 86 76 75 55 17 49 115 31 7 18 24 68 44 28 63 74 47 63 53 44 56 54 104 28 62 68 6 27 36 28 53 59 61 39 77 90 37 81 88 80 67 31 73 13 115 96 75 0 59 91 55 56 76 39 10 21 11 28 57 20 36 7 78 66 11 13 19 22 49 60 43 19 164 228 72 34 58 56 71 26 63 75 8
2 24 49 88 62 68 55 65 11 41 88 72 51 42 25 0 12 22 21 14 71 50 78 98 107 14 10 21 55 61 18 26 27 41 17 43 81 99 54 89 105 31 43 99 44 44 57 57 106 92 16 30 35 9 10 36 135 118 83 94 31 139 122 87 20 53 53 26 65 116 67 0 20 0 6 28 39 97 66 19 4 5 33 36 40 29 36 70 45 245 255 61 83 36 23 81 20 87 107 32
46 40 0 24 29 54 44 17 36 52 70 71 62 65 63 67 74 39 42 42 85 26 52 59 99 37 13 32 43 77 24 14 63 57 54 39 15 78 92 115 170 107 36 84 50 38 14 37 96 107 95 150 133 59 25 74 99 145 76 55 50 224 243 107 38 43 29 22 69 117 81 13 70 203 148 95 109 82 75 68 44 35 6 24 47 68 35 65 87 42 148 90 54 47 40 46 9 63 76 27
81 65 20 54 56 6 9 45 34 7 0 24 42 58 102 151 158 111 74 93 60 48 51 45 89 89 41 72 57 90 53 56 5 52 91 45 41 48 1 75 137 98 40 18 35 18 36 60 55 0 34 150 136 81 54 21 12 57 30 36 30 135 142 55 29 30 29 36 48 66 79 73 145 204 137 115 124 49 36 40 68 20 33 74 51 51 51 74 80 95 34 105 157 81 28 13 14 27 23 21
60 48 23 87 131 94 70 82 42 38 26 9 5 20 68 74 96 88 75 66 49 64 76 32 101 117 69 67 18 29 41 74 87 58 93 51 49 98 33 21 71 69 74 54 8 33 67 74 111 102 81 91 45 67 101 52 51 44 87 120 99 96 25 32 17 9 6 19 10 7 42 60 111 114 36 40 179 144 12 38 32 71 98 21 44 95 108 46 24 59 18 69 124 145 87 39 47 35 23 63
10 35 36 70 55 75 82 99 27 9 33 51 47 20 78 89 33 62 70 25 28 15 78 105 117 98 99 59 39 60 82 60 95 92 63 27 38 90 28 56 34 111 111 66 0 47 24 55 138 162 81 86 50 106 115 36 56 47 83 116 149 148 44 34 23 20 13 23 12 9 32 20 31 55 65 46 83 108 50 66 53 66 93 51 59 11 50 133 58 59 30 73 70 108 200 67 49 48 40 90
76 72 65 102 21 38 20 23 36 3 28 41 35 0 68 71 50 63 15 42 62 61 92 197 178 84 95 15 67 139 145 26 66 41 6 50 28 72 84 184 89 19 85 95 16 5 53 111 119 103 73 197 96 102 112 44 69 49 53 134 142 42 0 75 81 82 53 27 6 33 91 85 47 79 46 18 26 72 83 92 45 37 79 96 64 39 31 44 51 0 1 17 47 62 181 102 57 76 73 110
36 22 34 58 60 89 72 91 76 72 24 62 85 47 54 41 40 90 108 53 10 29 115 254 250 79 10 27 43 97 148 53 85 38 38 0 40 38 123 157 91 8 73 32 3 12 93 166 158 110 42 90 54 23 107 58 78 129 75 18 60 0 45 106 68 61 41 50 50 88 156 157 96 125 38 20 33 62 107 149 129 28 42 100 77 76 47 39 75 23 39 19 57 32 89 102 65 45 56 21
47 69 8 0 62 91 50 71 68 101 77 107 151 110 51 5 11 107 118 40 35 88 176 252 255 137 74 51 14 36 73 87 129 48 58 91 76 94 115 65 25 27 34 42 29 18 88 137 149 78 10 39 35 46 71 23 9 62 84 40 27 28 36 0 7 81 67 1 42 98 119 131 72 66 68 24 34 84 150 150 93 62 85 143 153 182 112 73 95 42 59 66 91 91 94 27 15 6 58 46
116 101 38 16 35 79 100 116 75 56 86 123 99 62 49 37 18 34 50 93 116 32 104 239 238 174 87 27 11 31 26 96 148 39 15 54 32 66 110 103 10 19 25 117 150 57 54 105 148 141 145 158 118 80 33 49 34 24 52 58 41 106 88 11 45 93 68 20 55 41 81 136 33 38 84 76 133 105 57 147 69 98 89 78 93 152 88 66 65 84 114 85 76 145 142 14 38 19 84 96
105 168 123 58 92 91 29 45 12 36 99 85 39 51 47 20 0 60 52 46 79 19 95 160 142 147 63 10 72 81 37 64 99 80 51 25 56 55 64 74 56 19 44 133 199 100 36 74 79 152 108 68 123 133 9 0 48 19 67 109 26 118 170 107 102 60 22 30 57 28 101 83 8 39 54 64 185 199 35 127 36 59 56 54 102 117 61 91 51 48 69 51 24 42 58 12 23 11 59 72
52 116 117 79 182 225 102 38 47 61 46 20 69 79 25 46 54 77 33 33 89 56 150 204 82 151 121 101 180 119 78 52 169 215 138 21 65 100 88 73 39 53 22 10 47 114 100 73 68 38 95 186 136 67 34 31 3 1 53 117 31 134 233 153 75 59 80 38 41 80 139 74 68 10 55 104 130 113 0 60 45 21 31 62 136 96 41 92 38 28 37 21 37 15 17 5 13 59 79 44
17 30 82 76 92 103 71 44 54 14 9 62 126 81 5 41 76 88 31 19 63 44 85 69 55 113 138 165 222 136 151 111 180 239 181 68 18 36 15 0 30 54 8 79 32 27 0 0 13 36 108 246 255 106 6 12 56 80 35 69 97 130 180 189 114 88 128 50 61 106 97 121 98 59 99 59 31 49 53 14 64 74 96 61 66 46 10 21 1 39 59 33 76 69 46 3 51 139 128 27
33 21 0 38 112 67 28 5 31 23 53 70 54 48 50 54 41 51 24 44 81 81 97 60 10 15 75 126 144 115 175 126 68 169 197 98 17 24 67 82 0 68 53 40 11 49 43 23 8 0 50 186 253 94 17 60 131 168 88 43 94 37 50 160 162 92 54 17 76 99 47 80 24 10 35 109 154 117 107 31 24 101 168 119 25 38 13 0 49 51 66 90 107 92 68 52 32 101 94 12
41 43 31 79 101 81 123 20 8 60 112 119 72 24 34 74 45 59 30 25 39 82 120 90 34 10 85 110 57 63 115 40 0 173 255 84 27 23 91 78 22 50 110 43 71 57 22 45 9 5 30 44 125 83 64 83 106 100 91 21 35 1 11 37 81 109 39 3 38 76 78 29 12 28 0 101 101 74 110 65 0 46 125 144 5 13 0 15 24 10 0 29 38 95 89 52 10 42 73 76
28 56 54 69 81 28 107 109 58 83 109 30 92 65 2 52 70 66 36 64 31 50 68 5 42 57 75 102 53 39 45 49 103 216 203 130 85 0 35 78 69 58 58 86 19 70 64 44 31 40 61 56 60 47 106 150 65 21 77 82 55 20 15 24 38 69 41 49 46 101 136 94 37 15 34 120 86 26 74 67 4 87 71 12 38 5 17 64 58 72 99 47 87 122 83 51 14 64 106 101
21 24 36 65 95 33 91 102 86 67 95 148 177 143 3 11 43 63 66 51 55 32 23 5 64 45 62 54 20 28 91 136 170 111 79 115 121 28 13 8 36 23 34 41 15 69 60 78 28 11 100 59 96 49 63 106 46 7 20 25 56 64 25 7 21 90 111 0 50 73 40 95 48 48 61 116 80 38 79 52 0 77 31 36 61 57 67 96 85 41 74 94 102 45 2 12 37 13 0 0
26 31 32 52 51 13 25 46 14 43 112 165 116 104 21 34 48 58 69 52 149 96 21 0 36 2 33 16 17 18 47 77 111 47 58 94 76 54 83 95 83 19 57 35 1 38 52 129 92 65 30 37 75 55 74 91 25 37 44 16 8 21 4 39 42 102 57 41 80 19 54 19 59 64 61 83 41 9 53 38 34 12 24 30 75 154 151 103 16 10 58 90 66 7 34 102 65 47 58 61
28 36 41 92 62 38 12 71 47 20 50 77 118 127 69 13 39 65 71 43 119 48 9 24 30 40 79 59 77 63 17 35 0 44 63 18 21 104 98 50 24 26 32 53 16 8 113 120 31 61 14 59 64 40 50 53 98 72 41 11 0 44 43 79 76 67 128 96 19 73 62 91 132 96 51 62 42 13 40 32 30 96 56 64 104 167 194 152 49 65 55 54 56 30 50 99 129 68 48 44
27 27 69 136 131 59 8 64 78 24 42 97 175 113 52 20 21 48 25 15 40 0 35 74 53 61 33 23 99 128 24 17 74 88 65 45 26 24 62 246 251 220 122 35 22 39 37 7 76 39 33 0 38 55 49 65 146 106 80 34 0 39 45 50 45 154 154 116 35 84 74 72 103 53 0 17 49 49 48 21 60 93 83 65 44 128 68 80 41 90 73 79 95 43 23 88 146 70 31 17
98 85 84 25 61 19 34 56 96 43 15 98 169 106 31 17 17 21 0 34 59 39 61 48 55 56 1 8 101 150 49 25 47 107 91 111 128 118 95 253 255 245 99 0 15 48 22 123 132 68 28 34 64 104 50 19 22 21 64 56 35 84 77 42 12 64 66 35 55 91 50 33 26 31 7 20 56 68 61 38 0 38 6 11 79 67 43 38 13 39 13 54 142 132 54 70 75 64 76 68
51 100 103 17 54 45 74 64 75 56 13 65 94 75 43 28 4 15 22 50 52 22 20 6 4 24 27 29 45 53 34 32 0 43 53 123 109 87 61 184 253 251 55 97 138 136 100 137 134 87 29 87 49 91 46 34 8 64 169 162 105 75 82 118 86 14 37 2 8 10 0 12 0 33 30 26 35 29 31 43 15 82 80 17 105 77 2 72 9 32 30 38 73 90 37 60 48 50 47 22
31 90 72 45 43 49 92 148 46 27 3 42 58 35 34 3 5 0 8 0 10 6 19 42 35 2 10 14 13 7 40 19 35 48 49 104 22 28 99 251 255 244 244 225 160 255 141 209 161 38 55 71 70 125 64 84 57 49 101 101 79 6 0 73 71 14 38 45 58 44 30 33 18 30 22 38 65 59 71 114 32 26 44 104 0 116 102 37 22 3 17 25 16 36 11 58 87 102 88 38
65 11 12 29 54 70 102 83 44 36 40 99 57 48 26 21 15 0 0 15 25 21 27 43 35 2 14 8 22 10 14 13 33 82 55 66 75 58 82 183 253 254 255 227 252 255 145 255 177 56 82 117 121 163 53 47 33 81 113 40 42 43 47 99 89 12 46 21 55 64 50 45 2 25 8 21 30 12 55 118 104 109 65 104 66 45 76 38 65 0 79 73 0 1 49 20 0 39 100 110
108 32 83 83 67 18 25 20 69 90 43 114 82 23 14 6 4 9 12 7 2 10 34 56 28 9 8 9 24 5 22 35 15 30 9 64 83 80 37 30 59 63 58 83 249 239 219 249 205 138 125 106 128 115 36 25 42 45 56 40 58 52 25 108 123 50 21 42 17 23 58 106 56 54 46 84 58 6 53 98 81 44 5 65 54 9 56 96 15 35 69 80 69 26 51 74 86 125 197 191
113 35 80 25 15 2 32 37 5 47 22 108 105 36 7 10 0 21 28 11 1 12 27 30 16 19 6 21 37 1 23 45 2 0 1 18 31 30 45 15 19 49 26 139 140 255 235 255 51 107 81 34 99 103 66 61 76 101 136 32 94 78 45 57 64 47 20 76 41 21 40 26 2 25 23 56 61 33 46 40 37 26 16 44 62 36 78 138 75 16 48 121 136 30 9 92 128 132 181 136
74 51 107 102 89 23 23 57 19 17 17 48 44 28 0 24 3 19 28 29 37 42 24 0 5 27 6 37 53 2 12 30 1 2 1 25 22 35 52 40 0 34 12 187 243 175 229 255 243 250 216 153 101 9 2 78 76 118 173 65 110 53 0 4 4 13 29 62 47 6 48 28 26 38 17 14 65 82 53 45 47 60 70 59 93 80 88 122 90 17 80 75 65 26 8 133 186 141 143 68
75 233 255 185 131 95 66 32 30 19 42 53 27 25 0 0 5 5 14 36 57 57 31 3 3 28 3 41 54 7 5 15 20 48 0 34 0 30 30 82 178 119 191 203 245 172 255 229 255 211 255 234 218 137 109 101 2 93 129 125 118 120 40 62 96 43 33 41 39 0 12 31 98 39 32 12 35 84 88 133 111 59 39 38 80 56 42 74 135 22 16 8 66 49 1 115 129 73 60 4
67 233 228 182 135 90 50 19 41 34 13 20 0 3 40 15 8 0 3 18 29 26 19 17 10 23 0 31 36 12 5 11 0 32 31 37 42 10 9 49 102 119 252 255 145 179 79 255 245 251 238 76 236 182 78 58 29 102 97 114 91 94 32 33 53 31 28 25 34 31 22 62 96 37 73 39 4 75 128 167 153 58 9 17 55 63 67 80 74 83 99 74 96 115 93 37 45 18 16 18
59 136 108 63 51 52 46 22 10 19 10 20 15 3 16 0 5 2 3 4 0 0 2 12 15 17 6 25 16 16 4 8 48 66 56 17 49 11 29 37 35 142 228 203 28 95 102 228 238 175 255 220 255 241 237 213 97 81 31 65 50 0 0 25 24 69 83 18 16 2 22 80 101 100 105 66 43 75 96 98 109 61 45 65 63 103 133 112 69 48 88 127 138 130 115 28 41 31 22 80
102 79 118 154 134 40 4 16 3 0 14 0 21 23 0 26 0 2 7 6 2 2 5 8 17 14 17 28 6 18 0 1 86 160 135 118 19 17 9 43 98 104 134 35 37 23 53 107 199 156 215 235 252 255 239 250 254 250 119 111 26 21 30 31 85 83 81 14 90 20 37 62 89 112 34 27 81 41 3 22 10 13 58 112 59 75 113 88 40 27 42 9 17 7 0 36 65 50 17 106
103 48 53 109 134 95 30 11 0 11 9 4 9 10 8 13 6 12 22 25 18 9 8 14 16 5 18 7 1 8 2 23 125 210 246 251 45 10 2 23 63 61 65 42 53 28 36 91 101 48 61 95 248 243 255 254 252 249 210 109 99 95 64 62 76 117 103 79 141 73 14 74 75 83 49 91 35 33 0 20 42 0 86 65 22 51 80 74 41 89 95 110 86 67 48 44 52 29 51 68
82 78 74 214 157 119 82 22 26 43 48 39 26 13 8 14 18 13 9 9 7 4 5 10 8 2 18 12 9 14 8 24 64 151 220 172 13 4 13 45 6 6 37 53 77 30 3 35 76 67 44 55 185 251 255 223 239 244 34 87 137 59 36 34 40 79 129 63 123 101 20 24 53 110 130 130 57 60 56 59 46 8 61 57 42 52 92 130 62 104 157 117 27 77 88 79 68 41 59 60
3 33 10 94 51 111 118 59 36 39 39 31 20 10 8 12 21 9 0 1 5 6 5 6 8 4 16 14 11 10 3 12 7 0 31 12 3 34 39 71 74 28 14 13 40 14 17 68 46 50 2 50 64 148 237 251 120 59 248 252 170 117 67 47 57 85 78 13 102 118 100 66 54 100 132 118 76 28 54 128 80 12 51 66 40 48 78 74 73 140 210 143 62 142 90 65 91 67 84 89
31 40 62 20 70 158 113 86 66 39 19 15 14 16 15 11 12 5 3 9 15 14 9 7 12 8 11 11 10 8 6 12 24 12 41 17 3 0 18 83 96 45 18 0 16 6 24 72 36 22 8 73 146 218 255 255 122 211 254 255 250 245 228 255 255 36 57 36 56 98 31 28 43 65 51 0 62 44 44 87 36 0 34 88 110 64 37 127 69 136 230 177 46 90 50 38 36 45 55 61
71 20 81 6 79 121 43 45 65 29 11 14 10 7 5 0 7 6 9 15 17 13 10 11 16 12 5 8 10 10 17 20 2 15 5 11 29 39 22 8 36 27 40 22 33 27 32 47 46 81 62 79 191 33 251 242 245 255 255 243 253 255 235 255 243 96 48 35 58 129 79 106 71 30 49 47 103 65 82 136 123 13 40 53 38 52 19 45 65 46 153 186 23 42 87 53 12 90 86 44
107 51 84 16 23 69 53 39 16 0 1 20 10 2 5 0 11 9 9 10 7 4 8 15 23 18 2 6 7 1 9 6 7 29 14 36 29 24 6 0 7 21 50 25 31 39 44 39 12 0 177 250 252 245 255 224 247 232 255 230 249 237 255 254 245 255 84 70 94 144 144 90 32 20 86 49 37 94 151 124 150 89 78 71 86 92 20 49 83 10 28 79 1 9 96 102 17 137 125 45
122 114 134 59 42 73 70 38 28 0 6 28 19 17 30 28 11 7 5 4 2 2 7 15 21 21 3 13 13 0 5 0 8 0 4 20 9 6 0 20 0 10 41 15 20 29 27 6 41 3 255 244 229 255 254 52 255 255 243 255 250 255 225 244 255 239 209 166 41 41 46 60 85 14 33 36 48 124 143 113 96 35 82 178 109 16 7 72 65 69 69 92 87 31 51 90 33 110 107 70
99 104 140 65 99 83 48 66 90 31 11 19 8 10 25 20 4 1 1 5 7 7 9 13 10 16 5 24 31 17 22 7 7 0 29 0 0 23 3 0 20 16 32 4 12 29 31 10 27 14 90 220 166 243 250 238 128 253 244 231 235 106 121 255 236 255 147 31 42 61 0 29 65 47 31 20 49 115 90 105 81 50 13 76 41 11 68 111 86 52 15 0 45 37 63 87 24 24 33 72
45 70 66 45 60 61 52 96 151 61 20 44 12 14 20 26 21 38 19 14 2 15 4 0 10 7 1 5 20 21 13 16 7 5 2 1 1 4 5 7 1 26 43 21 9 2 0 12 14 52 110 114 125 54 143 252 223 71 147 88 29 104 164 238 237 255 21 49 18 27 0 70 105 88 70 44 83 78 61 69 87 104 35 35 39 94 34 65 66 17 46 72 74 71 108 91 50 74 6 29
22 58 103 21 41 62 30 82 210 98 47 19 2 38 34 40 78 100 58 48 32 10 0 22 14 16 0 0 0 5 15 19 9 13 11 19 13 17 12 13 8 27 10 22 1 29 16 40 12 59 148 97 60 255 255 87 120 84 177 247 199 118 255 181 235 88 59 46 32 13 30 84 102 94 101 17 98 84 0 51 43 42 7 72 110 115 32 43 11 14 42 48 27 64 163 118 60 101 73 35
90 124 50 42 36 69 56 122 158 61 68 51 58 77 49 66 142 156 88 85 94 57 10 13 53 55 16 10 14 5 11 0 0 1 0 10 1 14 4 7 0 14 0 34 23 39 9 16 25 34 111 161 94 240 245 251 208 247 151 232 158 246 239 141 255 114 16 11 56 76 87 41 40 67 74 31 149 145 103 85 45 30 16 104 169 134 44 14 0 22 50 95 57 14 86 60 68 65 52 14
77 141 42 58 21 31 66 164 169 68 73 61 57 27 33 110 55 70 63 124 130 72 34 58 60 47 0 6 21 9 21 14 17 15 0 12 3 20 6 6 25 20 4 9 22 12 17 22 25 38 19 148 166 210 148 121 214 221 190 246 255 255 251 255 48 103 24 68 62 78 114 76 32 43 2 38 173 80 3 33 60 45 22 43 88 70 58 43 55 16 7 105 118 23 9 3 73 57 22 10
31 71 85 22 51 45 50 106 120 47 34 47 64 40 105 217 175 75 33 107 117 75 36 49 121 86 29 23 20 0 16 38 36 27 8 17 14 23 5 0 25 27 7 10 16 2 20 31 57 42 81 30 87 146 0 148 149 161 74 255 239 236 255 255 222 91 73 119 80 42 66 72 77 63 74 30 38 88 59 51 34 31 41 29 54 52 100 120 77 15 29 101 76 22 20 24 78 118 62 57
68 61 57 25 75 50 34 42 21 7 3 26 57 40 62 118 106 44 33 35 24 67 53 45 48 24 8 10 11 2 20 65 16 8 6 9 21 20 12 0 0 28 0 26 2 6 5 16 57 37 108 53 38 163 157 134 186 70 125 218 233 211 69 198 251 92 57 19 0 33 48 0 93 139 122 71 43 78 92 127 110 53 61 39 43 14 27 41 53 0 81 158 61 21 39 17 21 62 5 39
81 79 57 71 56 9 7 32 2 14 19 28 64 78 40 62 70 79 111 74 104 211 127 43 45 25 34 30 40 44 20 44 16 8 20 7 28 18 33 28 11 35 0 12 0 19 33 41 88 31 85 73 88 227 154 131 45 146 247 251 255 132 23 55 167 75 31 104 99 75 35 12 105 132 87 57 30 86 187 173 151 53 62 37 40 34 49 87 99 36 62 157 105 67 57 0 31 36 1 37
72 50 123 77 87 57 4 2 0 6 23 22 54 88 15 43 50 71 109 51 83 186 91 50 69 34 41 25 56 86 34 31 31 19 31 0 15 0 30 33 4 28 8 28 58 60 84 64 73 39 115 117 103 227 74 123 255 239 255 235 246 160 76 44 67 60 71 64 46 35 23 3 53 6 26 79 130 91 57 78 88 31 95 63 30 23 40 101 194 176 85 96 71 46 61 50 61 78 73 38
11 40 102 104 23 11 10 27 44 32 32 30 70 70 20 28 63 33 56 59 89 135 125 3 28 12 17 14 48 30 35 40 33 16 56 52 20 47 42 7 20 0 50 41 104 81 70 18 19 11 74 78 97 202 82 242 254 240 255 255 95 38 99 76 19 48 150 148 97 33 9 7 18 28 48 91 153 123 102 79 64 103 155 51 0 4 33 108 179 171 56 31 30 51 51 119 61 35 42 64
45 37 92 136 37 70 67 0 0 27 61 40 15 13 15 88 135 39 5 19 69 100 96 22 22 52 51 74 69 71 54 52 51 73 107 78 59 95 72 15 41 19 64 91 97 66 61 43 63 88 52 0 115 148 95 78 66 171 61 32 87 140 132 16 86 26 111 133 61 0 31 22 36 60 53 38 76 102 161 190 55 46 76 87 38 20 62 36 65 60 76 49 49 89 87 115 81 2 49 3
112 99 77 123 40 56 60 27 54 105 134 102 32 21 18 101 120 55 26 22 24 11 26 33 6 50 39 77 94 117 90 46 58 42 57 73 81 56 30 39 41 66 28 43 74 74 31 35 59 41 67 82 82 93 106 132 110 3 79 67 40 143 87 22 69 35 87 79 28 39 104 37 16 37 19 2 37 60 96 106 81 88 88 94 16 0 41 12 27 19 89 50 94 125 84 70 54 65 110 134
61 77 83 206 168 55 5 11 27 70 94 81 14 14 0 50 52 25 2 8 41 49 53 63 54 51 3 0 31 50 86 74 82 104 86 36 53 54 32 12 79 103 80 81 35 31 25 28 62 9 62 82 157 152 95 126 14 80 58 41 76 121 105 22 11 12 53 102 48 15 75 99 25 58 59 57 58 36 40 50 177 210 137 54 36 69 45 42 26 76 112 70 113 85 61 90 84 98 74 116
48 15 42 211 223 72 44 55 42 32 23 38 34 74 28 38 106 76 15 0 34 45 22 19 57 23 14 98 148 97 48 22 87 142 119 32 52 79 68 9 79 103 62 76 109 62 21 83 78 43 17 65 70 133 66 126 61 44 37 32 58 57 21 13 42 42 55 134 83 70 83 91 65 82 53 44 54 59 66 72 145 216 119 14 41 95 58 68 19 59 22 59 125 96 103 117 78 38 39 0
30 17 30 157 207 68 54 94 79 43 19 22 34 89 64 70 126 108 51 35 42 41 25 51 99 44 38 184 207 154 40 42 43 51 55 38 60 36 41 14 100 111 125 91 51 20 18 59 49 85 97 26 196 184 27 89 79 39 7 27 43 18 45 51 73 2 9 115 65 66 68 57 37 61 20 11 45 88 75 38 87 160 94 42 38 45 77 100 8 42 18 69 60 37 80 89 43 56 46 38
42 57 47 108 124 27 36 109 47 50 70 46 22 62 95 148 158 133 71 64 76 80 48 54 91 68 67 138 129 135 45 65 22 22 42 28 35 16 43 0 77 103 93 33 66 108 46 45 74 125 162 61 137 213 98 72 98 44 0 27 41 11 65 43 28 51 85 62 13 74 94 46 8 81 82 80 84 113 102 78 89 69 22 21 53 36 40 48 73 66 50 34 27 47 25 18 92 122 30 76
58 38 62 130 65 14 51 80 57 40 59 42 49 90 110 133 147 135 73 49 49 66 34 25 67 39 25 22 102 202 124 62 36 25 50 38 39 37 92 37 35 34 55 46 87 160 67 31 61 64 48 42 69 78 127 66 40 44 51 19 18 21 55 51 61 80 87 26 51 80 55 24 53 102 91 105 120 153 155 154 107 25 11 15 102 90 9 29 34 53 77 0 38 115 57 107 108 113 85 54
36 61 93 105 64 64 34 22 22 48 48 24 71 59 60 120 113 71 66 13 20 57 60 18 76 38 6 88 122 149 48 53 55 33 64 43 10 66 150 78 5 18 115 130 19 46 49 25 61 38 60 32 34 40 84 22 35 22 47 22 42 58 102 65 77 105 67 59 84 99 59 39 58 88 65 97 82 140 153 124 59 22 60 7 142 69 41 66 44 34 32 33 51 18 22 53 43 28 81 13
66 73 97 124 78 60 36 9 16 41 18 68 88 41 75 146 152 108 70 49 126 146 85 33 36 35 13 87 117 105 51 125 65 64 66 48 61 154 109 30 34 54 122 207 76 83 36 52 41 49 43 60 54 43 107 64 56 30 7 11 24 20 76 53 46 63 28 50 22 64 39 74 42 25 80 89 54 41 94 59 36 45 76 1 100 48 37 47 96 64 57 54 27 47 60 34 81 30 57 57
89 104 132 204 181 108 65 42 94 36 2 15 36 77 69 132 137 95 89 130 209 189 98 39 19 40 8 56 94 62 49 142 116 15 10 6 34 146 87 23 47 82 89 131 20 73 94 173 135 121 79 94 55 24 26 11 58 68 33 40 43 43 139 143 79 85 66 89 44 59 67 135 110 30 41 34 56 23 48 50 52 158 137 100 54 74 18 31 62 62 40 32 13 35 38 46 92 64 70 93
184 132 110 181 167 107 110 93 95 17 30 23 44 105 52 69 58 54 78 94 147 215 156 0 10 53 31 39 48 11 35 102 107 23 65 34 27 57 41 18 37 69 62 58 33 81 155 231 181 111 66 77 61 82 28 67 73 121 103 63 72 89 188 188 112 126 110 97 104 33 70 110 109 20 43 90 65 57 49 56 76 78 67 107 118 58 34 82 35 34 41 66 75 43 23 40 44 86 88 75
135 146 35 22 87 31 8 54 135 36 6 48 113 130 108 53 66 51 67 87 90 125 101 0 36 35 21 43 57 25 34 35 108 91 58 7 59 71 38 16 45 44 35 75 110 105 140 170 119 66 46 89 95 101 11 27 43 77 76 5 47 67 121 107 116 155 99 76 130 17 44 38 35 40 18 66 112 98 17 86 24 51 67 47 63 34 75 110 93 8 34 68 85 62 90 64 25 71 77 63
91 110 143 137 84 66 101 50 39 29 84 78 65 50 55 39 111 64 75 178 175 79 14 16 48 9 11 66 89 59 41 25 44 101 91 105 95 76 51 57 41 57 33 113 106 107 113 116 117 77 0 18 32 32 43 48 48 64 59 8 47 37 51 58 125 174 72 82 124 61 51 24 33 22 6 33 92 90 61 97 44 21 4 29 76 110 105 104 119 48 57 31 48 31 85 71 47 27 39 61
20 42 118 113 58 53 103 76 82 57 88 42 13 47 47 56 63 73 104 201 216 171 96 34 34 19 33 70 77 56 35 61 42 48 24 54 39 24 23 32 41 84 68 170 90 82 86 88 133 104 26 16 33 15 57 27 71 89 40 33 43 10 0 19 104 121 30 68 72 84 48 22 0 45 33 35 102 57 39 95 100 113 142 75 100 131 129 83 77 84 111 70 60 13 32 31 44 0 28 31
55 32 38 35 66 57 74 106 77 38 0 42 39 36 49 31 13 86 167 206 130 146 176 121 72 37 0 15 74 99 33 33 0 48 31 4 67 48 28 41 93 84 63 187 80 19 36 62 87 54 40 15 58 55 70 21 96 121 20 64 83 73 47 48 65 41 0 33 17 66 27 3 18 32 4 40 84 56 34 34 65 86 102 103 29 77 51 97 32 22 84 91 47 33 76 59 38 20 73 13
70 84 75 20 25 29 65 94 60 82 70 85 55 24 55 28 25 80 152 175 42 94 179 124 90 84 63 86 53 37 42 43 57 68 22 28 72 62 3 58 89 34 6 123 112 39 68 26 36 66 14 27 54 25 38 37 83 72 108 95 79 47 0 43 25 48 160 128 80 23 63 29 13 95 82 28 34 14 84 36 71 86 86 107 29 34 48 60 65 34 45 31 36 45 90 58 30 37 20 41
95 159 72 19 5 28 13 28 53 90 116 57 5 40 68 58 41 39 75 45 61 48 42 122 118 64 94 96 26 50 86 72 69 48 48 73 50 31 31 99 92 65 64 38 36 43 71 1 11 64 58 9 10 36 68 58 48 54 74 51 56 80 57 56 15 27 138 155 97 34 58 57 80 121 144 110 29 24 81 49 65 34 76 96 47 84 74 22 100 89 30 31 37 52 131 93 2 24 29 63
32 58 72 92 19 4 20 89 43 46 102 39 36 64 0 38 35 81 12 94 248 221 70 48 93 62 41 0 30 25 0 39 29 37 87 104 33 0 30 118 104 46 81 50 46 63 38 18 14 30 61 20 13 14 26 31 85 44 40 65 71 60 41 22 51 25 39 62 77 51 24 41 88 84 64 73 45 67 36 14 80 81 110 67 3 85 68 32 34 43 38 36 101 81 158 116 56 38 6 34
62 20 83 48 25 42 79 100 8 160 123 67 69 35 55 95 114 131 104 127 209 249 68 42 68 32 48 16 54 88 69 55 39 35 31 31 42 46 52 106 95 27 25 18 28 108 53 50 84 54 47 21 36 19 45 96 90 76 62 52 15 20 64 49 11 102 93 4 42 70 22 21 29 61 55 58 15 34 51 95 23 93 99 74 22 81 55 98 122 78 5 18 36 89 64 79 27 30 18 46
130 116 113 27 54 43 53 22 73 133 115 97 109 54 19 72 115 76 102 87 125 131 63 62 28 43 74 27 33 81 82 10 21 30 52 55 63 48 29 45 74 29 3 5 41 120 105 107 87 89 40 5 36 19 23 39 63 26 16 63 64 57 63 4 29 90 117 32 44 42 30 63 81 49 36 48 10 48 124 101 49 61 27 23 15 21 35 95 104 91 86 70 62 47 57 128 117 71 2 10
52 112 94 74 54 43 85 24 15 75 41 2 3 36 76 48 0 31 57 99 86 53 54 75 86 139 108 69 131 102 28 45 84 18 24 28 28 33 41 27 28 45 57 19 53 57 129 158 180 141 32 0 33 46 37 32 49 16 40 110 92 54 86 95 68 3 55 50 44 28 44 80 54 37 34 32 10 18 90 62 0 7 42 28 49 52 95 46 24 47 0 83 43 29 0 9 56 58 33 44
8 60 47 40 21 110 143 46 43 120 191 133 72 42 29 111 45 39 38 49 18 55 0 48 89 49 80 118 129 108 40 58 17 26 88 78 44 22 39 45 46 104 118 41 74 64 162 180 145 79 35 62 66 83 44 37 19 32 81 138 154 164 161 118 18 22 94 67 30 59 63 76 47 26 24 18 25 28 46 42 41 86 128 48 27 84 128 65 79 74 53 64 66 33 52 69 88 88 56 60
74 57 63 51 70 106 29 31 36 126 106 109 173 108 18 42 36 65 91 107 48 0 52 104 101 27 136 163 75 98 47 12 21 110 169 119 97 44 6 9 52 28 25 66 128 55 68 98 79 33 73 100 30 63 34 49 39 20 55 117 149 155 142 118 47 69 90 65 38 54 35 131 110 9 20 24 7 54 71 53 27 99 123 65 18 98 88 109 88 70 101 81 77 64 31 41 61 102 110 126
33 12 130 142 53 38 42 58 10 83 108 95 128 104 39 0 54 94 34 7 55 65 63 19 54 105 52 103 49 60 0 74 107 199 170 114 89 31 31 75 101 88 79 73 44 40 53 42 134 138 74 61 8 49 27 38 24 13 30 44 50 84 44 47 44 50 55 87 37 32 61 60 119 21 4 27 21 95 111 132 46 60 102 59 0 44 0 74 53 44 151 125 92 71 28 51 67 68 93 78
37 17 80 127 69 37 9 98 162 134 23 147 97 21 8 12 41 21 2 37 40 105 156 71 49 70 6 27 63 13 12 86 66 87 69 115 93 32 62 97 78 58 66 49 44 47 92 86 200 106 35 53 46 51 32 24 30 31 7 52 51 37 56 26 93 49 6 70 79 33 20 63 104 54 66 20 12 42 80 104 65 16 75 28 38 2 88 117 118 48 11 55 50 62 32 36 53 43 156 152
6 7 75 112 88 66 52 137 186 144 75 174 56 55 34 56 27 50 54 53 51 51 8 77 105 53 69 98 117 34 40 16 34 12 19 57 90 86 14 88 93 31 41 33 51 27 52 30 0 66 59 0 22 30 22 18 45 56 28 125 106 17 90 44 94 86 2 0 49 43 21 63 96 131 149 47 32 57 61 43 24 16 32 9 46 11 92 149 134 70 11 53 29 31 3 16 65 19 103 133
101 12 50 58 93 80 71 45 108 90 45 165 69 17 59 72 2 62 97 144 55 33 121 121 124 17 30 40 22 44 77 40 70 43 38 42 63 81 0 96 68 12 46 67 77 46 71 88 116 81 39 51 107 44 0 24 16 33 34 111 96 26 92 5 78 141 76 0 9 31 10 11 120 176 148 37 0 26 16 17 9 48 46 31 25 35 24 98 83 41 46 37 38 47 12 20 124 144 86 20
156 46 54 46 58 28 43 45 97 54 1 68 24 0 14 29 7 67 108 184 171 65 27 73 52 38 17 20 26 85 109 70 29 39 41 124 86 46 54 100 85 45 52 54 46 38 35 55 100 45 30 59 58 74 55 6 28 30 46 49 57 102 158 61 65 82 58 12 20 38 52 75 12 77 96 51 28 25 23 47 24 21 43 27 20 18 27 35 67 86 107 58 14 0 8 42 73 152 143 117
83 34 5 21 37 48 27 45 121 108 65 38 0 65 26 23 31 67 0 117 115 4 25 28 51 96 66 53 37 70 122 47 7 40 36 95 90 63 39 33 17 38 49 17 10 31 13 31 36 42 55 76 5 3 18 47 97 53 56 27 8 77 159 154 71 6 9 33 54 54 74 102 61 93 113 32 50 49 75 41 85 79 35 37 76 40 57 49 33 78 38 60 46 25 34 9 34 0 33 61
33 60 89 108 52 51 51 87 91 135 70 126 54 49 76 43 23 64 31 84 12 77 96 46 48 108 142 125 71 98 101 57 112 98 41 1 48 80 13 3 2 71 112 43 28 23 19 71 74 94 42 21 7 20 13 62 162 112 86 90 34 49 147 193 107 24 39 65 70 32 14 12 14 28 60 3 45 69 90 0 97 119 47 36 85 54 13 21 52 158 149 128 88 37 70 39 80 30 46 74
49 17 98 144 57 9 50 76 28 53 63 128 61 28 45 8 50 66 10 106 0 88 130 131 17 96 160 117 74 128 18 99 148 95 33 43 76 90 98 58 62 67 72 9 62 47 22 63 101 149 126 64 12 25 26 36 105 109 69 121 96 117 211 199 115 24 28 37 41 15 31 70 59 31 50 63 76 107 147 101 79 83 122 70 111 115 67 43 60 177 225 96 64 32 99 88 87 59 13 75
89 49 92 115 140 39 21 68 11 33 99 80 90 79 0 37 81 63 73 18 53 24 80 102 71 82 165 118 52 72 74 111 143 54 57 59 44 65 126 51 86 123 65 49 2 0 13 33 80 140 112 81 3 17 38 27 100 135 7 163 167 111 132 102 51 22 25 98 129 38 13 10 35 114 91 92 112 117 75 28 25 39 81 85 72 70 24 71 21 94 132 57 12 34 91 93 83 88 70 46
48 0 6 66 124 113 66 52 12 11 37 9 15 32 10 60 39 13 52 70 87 0 9 52 25 72 162 110 20 18 31 69 69 29 35 67 62 42 75 78 79 63 31 28 21 63 28 30 18 55 43 76 24 6 41 98 63 68 48 118 105 60 59 75 40 8 35 140 163 45 34 74 79 105 76 125 148 95 28 5 49 26 5 31 19 14 29 72 53 41 57 55 51 24 28 22 48 70 73 64
60 27 13 55 61 112 62 15 6 14 41 38 28 32 29 40 18 13 26 32 40 17 50 101 113 110 117 73 38 55 45 18 0 31 37 84 86 53 62 140 100 35 39 48 67 149 72 57 18 85 70 83 36 23 50 108 49 22 62 64 62 45 91 138 70 47 49 118 161 87 56 33 37 38 18 110 152 96 55 78 70 35 0 78 62 15 39 33 32 19 68 103 78 4 18 64 54 83 93 80
72 64 61 62 2 72 62 24 14 25 45 59 32 28 49 25 1 53 65 45 21 26 8 0 94 82 47 12 15 55 64 20 9 108 85 87 48 17 0 79 77 1 26 43 53 139 59 37 1 115 93 67 29 44 61 93 76 37 33 29 36 24 135 152 79 64 31 61 143 139 93 0 44 40 0 31 67 66 103 174 114 60 24 125 100 48 74 38 9 6 59 94 81 27 50 93 0 30 39 27
