62 68 115 109 91 57 86 121 110 98 50 100 92 40 49 39 48 61 33 163 86 108 138 100 19 45 104 42 33 27 47 45 83 121 88 70 88 46 39 126 91 70 82 149 85 60 64 87 27 12 85 141 102 59 47 41 49 107 161 103 134 150 103 89 63 17 85 127 76 25 61 73 35 30 63 102 97 70 59 67 41 87 159 144 62 12 102 138 48 42 70 59 45 9 51 41 62 41 43 35
10 55 104 88 92 37 65 73 54 91 36 9 15 0 39 72 66 127 116 128 43 19 75 102 101 56 27 46 50 70 73 49 80 122 128 83 70 54 23 115 65 72 114 150 99 59 67 113 59 20 77 146 110 49 31 30 23 29 82 103 179 161 80 125 101 14 43 71 79 90 86 34 31 58 37 59 52 64 64 47 18 53 167 175 86 73 146 170 127 59 73 109 140 111 104 21 55 26 52 71
102 88 78 16 71 49 31 24 33 82 78 43 51 40 75 92 109 120 114 57 38 36 94 86 76 49 35 101 53 105 107 14 40 81 70 44 40 61 50 105 26 42 90 86 59 30 62 164 69 36 155 255 156 50 42 30 28 56 46 82 149 135 36 47 95 25 61 88 145 174 109 28 31 57 8 59 64 69 70 70 0 15 122 160 138 157 121 121 163 26 50 154 190 131 130 75 74 24 26 88
93 87 118 60 93 82 12 55 46 77 109 67 41 50 72 27 30 19 99 65 63 86 122 45 53 123 183 139 5 96 187 107 124 178 119 121 96 68 57 30 0 6 36 29 22 19 53 194 245 108 161 248 124 38 85 82 74 110 18 65 104 162 107 74 166 7 52 52 8 58 83 23 46 64 49 100 110 65 24 28 24 25 63 97 152 178 33 48 69 52 234 227 27 40 202 89 13 94 72 34
42 57 79 90 96 86 11 60 49 85 70 26 22 76 85 44 97 54 106 63 54 101 121 59 33 88 153 108 158 255 238 90 70 147 140 178 168 127 103 55 7 6 20 46 40 44 33 153 190 63 91 226 187 94 144 211 164 104 13 67 39 118 86 123 140 28 43 47 59 54 48 97 70 72 89 75 100 71 28 33 28 16 26 57 122 179 64 112 110 61 202 254 129 76 179 132 23 113 97 59
107 86 15 64 81 109 70 57 62 100 8 56 126 140 52 70 82 36 39 26 58 103 78 56 80 129 144 59 143 157 109 72 40 69 93 87 115 121 74 52 29 20 20 59 41 45 8 66 109 63 43 159 198 70 69 203 111 34 83 112 38 102 72 199 164 39 22 37 67 52 46 96 74 48 94 85 135 114 76 89 66 24 21 33 31 89 29 26 50 4 105 163 114 79 155 120 40 13 28 86
54 61 59 73 50 109 74 34 44 114 0 151 251 253 125 192 150 90 73 51 29 30 20 44 65 124 130 71 59 60 77 110 89 90 92 25 72 97 53 28 30 19 15 31 9 24 14 11 61 74 5 58 144 64 13 72 27 18 145 108 54 66 33 112 84 32 16 20 70 67 65 101 61 39 94 133 182 148 83 51 69 49 33 40 33 99 81 21 37 57 79 77 95 44 81 124 32 30 69 73
42 71 193 139 75 155 66 20 74 189 51 154 168 212 128 198 151 67 96 116 55 20 13 2 47 62 61 86 34 113 156 94 67 122 123 47 86 74 52 1 14 12 20 14 0 21 46 3 47 107 41 12 63 75 75 65 55 74 153 86 103 59 33 5 62 27 82 77 26 50 113 72 64 59 59 77 120 146 103 23 19 57 24 16 43 122 135 80 76 44 59 76 72 0 38 97 63 70 79 48
42 68 153 118 117 192 143 88 117 221 114 18 46 75 61 82 57 0 73 93 52 19 19 43 30 48 52 15 74 142 126 58 80 115 45 56 78 65 30 25 13 33 23 22 0 11 54 12 29 77 24 68 20 71 68 93 139 141 168 150 204 136 94 10 63 49 128 61 3 50 113 48 43 55 34 61 84 148 139 56 63 63 74 28 43 89 100 38 20 34 30 31 84 56 119 199 148 108 99 54
34 18 40 71 93 209 142 123 154 210 84 25 49 79 55 41 48 9 57 69 8 48 92 47 25 92 155 144 152 119 92 102 144 87 43 50 26 29 45 25 20 16 14 44 21 1 41 32 0 47 28 66 28 54 23 31 135 106 135 156 200 160 134 104 59 57 89 50 15 57 111 94 47 51 71 111 83 112 135 88 79 108 98 63 98 78 46 47 30 51 61 106 128 125 248 255 202 123 126 50
104 79 57 51 62 146 56 34 80 163 113 50 73 84 84 0 53 37 56 83 28 63 93 29 33 128 236 255 246 141 79 112 71 22 62 69 25 9 41 41 19 8 13 52 31 0 28 35 0 27 30 44 25 40 3 9 24 30 84 89 52 56 84 137 49 33 26 58 63 67 104 144 87 85 113 120 50 64 87 31 13 78 70 10 18 19 42 87 79 89 106 132 98 80 176 180 117 101 79 2
185 112 106 80 108 83 63 128 82 58 100 137 170 22 64 30 36 53 77 91 94 105 103 76 38 86 159 161 139 72 45 69 78 49 68 27 46 28 11 23 10 15 19 34 20 6 23 15 15 17 30 20 24 37 12 22 57 34 30 20 12 116 105 90 110 79 45 74 97 98 155 196 97 71 66 56 35 87 127 89 59 40 34 40 64 112 125 59 8 15 59 55 35 24 54 99 22 111 72 25
147 151 172 68 99 80 72 77 33 27 70 78 126 79 147 68 29 32 83 40 62 91 106 91 57 50 100 82 38 22 55 69 82 91 106 17 48 34 0 14 8 18 16 15 11 16 22 5 11 7 27 10 27 29 9 15 28 41 44 15 0 117 107 79 116 91 67 31 30 42 134 142 96 87 74 48 57 90 97 73 52 38 84 121 57 49 90 52 57 61 84 56 44 39 47 27 37 77 104 65
60 82 117 92 136 136 95 84 54 40 45 99 106 139 190 175 117 35 111 74 59 73 122 105 46 10 68 74 38 42 90 89 22 52 115 43 32 22 17 15 14 11 7 9 15 18 17 15 16 11 17 2 19 12 5 8 18 24 30 24 20 98 80 53 73 53 95 81 53 13 78 82 37 106 128 57 60 102 94 51 54 76 84 98 48 43 76 61 44 58 48 41 49 63 134 0 143 38 145 95
14 44 48 25 68 137 113 90 87 70 61 129 67 85 80 124 123 12 70 87 64 52 108 92 53 27 82 92 82 102 145 141 75 36 51 14 15 17 19 0 13 11 9 6 14 17 12 18 18 19 6 0 13 3 13 14 14 11 16 24 32 42 40 38 26 16 85 112 94 45 49 59 52 108 134 42 29 84 101 61 33 79 57 69 68 91 97 57 25 49 27 17 55 56 160 10 129 22 92 70
82 55 48 42 61 72 64 89 125 124 118 142 64 71 26 52 92 34 38 54 49 47 84 53 15 52 131 131 122 130 147 135 111 55 33 14 25 5 4 18 5 19 20 0 5 18 10 9 0 14 0 10 22 6 19 13 17 14 15 17 32 5 28 47 30 39 65 56 64 96 78 69 31 11 61 49 42 50 62 46 62 66 30 67 69 86 98 65 43 65 44 0 50 9 79 12 36 48 15 42
64 28 51 52 34 18 44 48 99 171 164 87 123 122 36 75 69 88 78 74 71 102 89 70 39 64 114 131 98 77 80 77 101 52 13 5 11 21 18 3 21 18 10 2 3 9 12 11 8 3 9 12 8 13 22 19 22 0 22 16 34 0 38 73 76 114 54 55 59 89 77 70 53 16 38 98 49 68 51 50 91 93 83 101 58 54 72 62 103 106 71 23 38 0 41 36 39 106 67 26
15 9 74 26 0 28 26 0 31 90 91 62 99 88 43 95 48 93 107 136 120 99 82 80 79 76 108 125 82 44 53 72 31 9 9 24 20 10 14 21 16 16 12 9 12 20 24 23 20 12 12 11 6 13 25 26 8 0 19 7 29 6 33 43 96 166 68 105 36 65 45 54 88 20 44 104 77 59 55 73 105 137 96 94 52 38 50 57 82 125 123 36 19 27 30 48 112 181 150 30
34 42 105 74 40 82 120 78 37 77 89 85 88 66 86 176 99 154 133 113 87 83 73 60 122 142 157 116 51 49 97 127 84 32 9 25 29 19 18 24 4 6 6 6 12 20 23 21 22 13 12 11 5 11 20 19 2 1 16 0 23 19 37 27 87 155 40 91 13 43 56 81 99 24 11 11 28 54 71 59 85 105 78 22 55 74 46 31 46 85 87 32 4 57 48 6 95 79 105 40
11 59 113 146 73 38 182 211 85 31 15 46 88 79 37 42 123 138 110 90 92 109 72 62 92 65 72 75 32 18 84 159 159 76 14 12 26 29 23 14 0 1 3 3 8 15 16 12 19 12 15 17 11 12 15 8 11 9 16 0 21 27 45 35 62 87 19 48 39 57 100 121 144 89 53 12 26 73 93 78 71 46 72 4 152 241 175 102 97 84 41 40 0 31 84 0 65 48 191 172
37 33 31 97 93 51 146 145 55 47 102 114 88 55 8 14 38 67 80 47 75 152 93 54 47 9 13 46 60 79 117 143 122 66 22 12 17 24 23 12 6 9 10 10 15 21 21 18 24 16 17 19 14 16 19 11 19 13 16 10 23 22 36 38 55 48 41 47 70 72 93 105 125 93 89 94 63 39 32 75 105 63 64 55 178 248 173 68 47 49 34 65 31 0 52 48 70 0 149 192
88 61 35 39 88 93 97 81 18 31 77 73 36 33 42 52 57 91 132 105 80 106 41 7 42 41 38 28 49 116 149 123 104 62 28 19 21 29 28 15 13 15 15 14 20 27 30 28 27 14 9 8 5 14 22 19 17 11 15 19 23 14 19 26 50 40 45 48 42 51 43 59 66 61 84 122 110 70 37 79 91 92 38 118 142 147 117 64 25 52 68 97 98 12 32 135 176 13 78 144
134 95 27 15 115 120 62 37 13 35 18 20 1 21 105 104 3 14 87 172 112 36 28 72 92 56 48 57 51 71 125 163 139 75 25 18 26 32 29 19 15 16 13 11 16 26 31 31 22 8 2 2 1 12 23 21 15 11 10 15 17 17 18 22 36 33 28 44 35 43 40 38 12 31 51 52 104 113 80 61 78 102 46 90 69 25 18 48 113 106 61 86 79 25 34 115 162 106 92 68
94 113 46 63 134 52 16 39 55 110 69 93 70 62 172 147 47 106 137 169 77 37 110 129 65 28 21 32 26 43 97 139 137 65 16 16 21 18 20 24 20 18 13 9 13 23 29 29 17 6 5 8 9 19 26 21 17 14 5 5 10 25 30 30 25 31 32 64 86 73 82 41 13 39 60 20 97 114 91 48 54 69 68 19 42 7 0 85 161 144 69 145 94 62 88 54 123 121 67 56
89 115 90 97 141 72 73 99 100 112 50 49 55 0 84 73 14 111 164 116 70 48 141 116 38 28 64 40 54 57 66 86 66 45 0 25 5 25 24 25 26 14 9 17 24 25 28 34 27 19 12 12 15 17 18 18 13 11 5 0 6 20 31 34 31 19 30 81 99 118 88 77 61 53 37 76 74 52 32 20 42 39 30 10 50 56 20 39 114 115 60 120 66 77 125 0 52 112 54 71
87 82 95 88 128 98 108 133 78 33 42 144 160 57 120 113 81 135 100 58 100 55 73 74 25 88 86 100 58 64 67 51 50 33 9 30 5 7 3 15 27 16 8 10 16 18 18 18 15 16 19 22 23 19 14 11 9 6 2 0 3 11 22 30 15 46 50 52 87 129 84 22 51 42 37 118 85 20 1 9 34 39 17 32 35 48 14 38 53 50 19 39 57 8 89 23 48 66 5 57
53 49 53 57 90 50 108 108 50 26 38 107 144 77 152 202 166 170 90 41 99 63 68 90 58 36 15 117 88 50 35 65 70 34 12 14 12 17 9 22 23 16 7 4 11 19 16 9 6 13 22 25 23 18 14 12 10 5 5 8 7 7 18 33 8 39 43 41 80 81 57 41 72 73 27 93 46 20 30 22 24 47 58 86 52 14 0 4 22 31 13 34 134 78 137 104 72 85 46 119
111 38 136 68 111 98 41 100 130 65 70 65 32 13 111 116 166 168 174 131 80 30 54 59 48 50 122 176 141 95 31 37 60 37 21 0 4 14 9 20 17 14 8 5 16 31 30 19 11 17 20 16 12 13 16 18 13 9 14 21 18 11 22 42 53 44 28 36 69 20 20 56 8 74 54 126 70 74 102 77 37 36 50 42 24 0 88 138 64 78 34 37 89 57 62 38 40 72 39 68
168 50 97 5 107 112 71 168 162 114 73 63 98 29 17 27 54 90 227 255 158 71 77 80 49 51 106 133 107 102 42 12 46 73 72 30 11 9 11 24 18 19 15 14 26 42 43 34 21 23 19 10 6 9 13 12 11 10 18 28 24 15 25 44 48 37 17 30 78 59 71 74 101 111 16 55 23 66 119 107 62 76 108 115 81 34 89 106 78 78 57 39 24 24 72 102 94 116 60 30
110 65 59 51 195 122 128 137 76 32 13 34 87 40 41 27 35 39 176 255 189 69 20 51 64 25 7 122 106 89 58 37 92 125 86 47 25 22 28 31 29 27 24 24 31 39 40 36 25 26 19 11 11 16 12 2 4 8 18 26 22 16 22 35 43 39 30 40 34 12 24 0 56 89 1 13 22 100 142 111 74 103 119 170 122 121 98 88 82 32 62 32 20 5 87 130 69 82 39 16
86 35 88 34 143 79 68 77 20 78 29 6 98 50 60 114 86 30 125 234 225 136 63 96 80 72 42 59 1 21 72 80 124 134 38 28 21 23 31 26 37 31 27 27 27 24 23 25 23 20 12 8 19 31 25 10 4 12 22 24 21 18 20 24 43 45 64 100 50 47 90 51 23 126 93 45 20 73 111 105 79 104 99 137 92 134 81 69 77 3 65 45 77 55 91 82 30 69 73 71
27 9 76 8 71 6 61 60 0 80 48 38 109 25 35 102 125 39 136 255 255 198 108 91 80 76 118 45 0 27 72 69 115 128 21 41 32 22 33 37 38 30 26 27 21 10 9 16 20 13 1 1 21 44 43 28 9 20 28 27 23 23 22 19 38 45 68 108 59 115 181 111 58 119 79 39 32 49 57 69 82 87 68 47 19 77 57 65 99 42 100 74 109 95 66 8 22 92 119 101
38 38 56 43 69 47 76 43 5 26 13 70 129 71 78 87 105 58 142 188 204 144 49 45 43 79 147 97 76 113 118 62 59 86 52 32 19 35 28 28 27 30 28 29 28 14 5 15 6 8 10 6 15 42 56 42 30 6 10 30 9 30 29 47 55 66 57 40 85 107 108 46 38 104 71 39 5 24 55 67 97 104 31 54 32 76 45 62 72 72 119 101 140 60 26 3 51 90 77 97
176 161 122 11 0 42 80 59 54 83 74 86 139 108 123 98 86 37 71 129 111 73 49 60 62 76 126 141 141 132 111 81 42 36 51 19 38 9 33 20 34 32 15 7 31 51 38 13 0 11 17 1 11 23 39 38 22 3 6 24 15 37 42 73 91 55 36 59 103 83 69 34 37 129 138 135 65 51 54 52 110 107 68 50 80 66 69 50 58 81 48 128 123 27 30 35 18 68 48 42
248 194 141 51 14 27 29 49 63 114 162 162 146 62 58 33 70 34 0 67 69 36 38 65 26 26 19 34 34 56 91 109 85 39 30 19 12 10 26 11 22 26 18 14 38 67 62 38 17 20 18 0 22 12 21 31 33 10 0 0 1 36 67 128 100 64 33 32 46 34 61 73 19 76 136 223 167 98 73 69 121 107 77 11 57 42 105 110 53 106 41 96 84 53 91 90 33 63 28 15
243 165 106 110 82 44 27 78 103 39 27 70 96 73 79 80 56 94 49 31 71 79 72 75 72 68 72 123 85 59 54 30 24 57 131 136 64 40 34 17 13 9 14 27 41 53 53 42 46 24 8 2 49 26 25 44 11 18 36 51 58 47 34 72 122 76 39 65 97 83 66 41 38 91 188 253 159 34 35 44 108 105 89 9 9 32 95 161 58 89 87 33 65 91 109 96 99 91 49 62
167 115 26 63 59 30 38 71 88 78 98 110 56 39 43 70 98 77 82 34 62 55 80 133 117 52 65 171 138 102 100 68 32 63 148 86 40 11 40 22 45 34 37 47 59 78 79 56 48 18 0 10 56 31 29 61 23 11 11 7 21 21 38 94 115 53 29 107 144 92 29 0 14 70 157 150 90 25 85 66 92 98 131 55 26 42 43 121 60 39 82 19 75 79 52 50 71 60 28 53
123 118 52 114 121 68 61 62 73 122 162 122 84 133 113 76 119 0 41 7 26 24 60 109 83 34 62 118 71 50 64 36 45 74 121 95 69 65 34 22 12 28 38 17 5 43 66 40 28 16 1 14 26 13 9 39 27 11 27 31 48 44 65 111 95 61 52 131 156 116 67 45 40 44 73 50 38 19 101 78 99 83 131 55 54 40 22 78 59 41 49 30 74 79 49 49 81 86 60 67
88 112 103 170 173 92 54 53 44 95 148 78 112 200 182 106 70 36 81 24 85 132 79 21 32 52 97 66 12 3 24 23 12 82 119 141 68 59 12 105 56 82 95 50 2 26 56 37 12 26 13 22 6 27 13 13 31 7 37 42 42 17 22 43 43 27 34 129 162 130 62 21 39 41 56 57 13 0 71 108 81 59 81 35 61 31 36 72 61 61 49 33 67 102 92 96 125 110 70 71
67 104 108 119 118 74 50 63 67 71 110 9 73 148 170 130 62 112 161 165 255 241 80 35 76 128 201 172 138 81 51 70 87 131 168 161 98 27 2 149 164 157 152 110 49 38 43 18 5 34 22 34 17 75 51 17 45 15 53 61 58 29 36 46 34 20 49 161 151 65 10 27 65 86 79 86 18 0 41 62 31 40 45 56 75 35 42 62 64 43 66 36 77 104 90 123 142 85 26 46
62 118 56 73 88 70 91 128 94 53 73 40 81 55 118 123 65 166 179 201 255 217 67 61 150 227 232 255 185 107 94 106 137 185 236 98 147 38 82 73 165 89 207 172 81 62 57 37 1 7 39 42 12 117 91 60 87 26 55 42 54 72 80 91 86 64 48 112 112 73 67 105 102 112 120 62 37 58 37 28 4 26 61 112 90 36 26 4 25 18 76 140 120 79 82 105 99 52 15 52
60 41 54 68 82 89 134 152 112 73 111 66 75 78 107 91 67 96 143 95 132 107 50 60 116 150 210 125 118 97 69 110 160 210 238 53 143 88 106 83 104 85 204 255 182 144 154 127 78 83 107 88 16 101 102 58 105 27 20 32 60 35 28 70 67 35 6 51 43 55 83 148 126 92 126 107 88 76 27 56 13 68 62 71 100 32 42 15 9 12 112 222 154 89 65 68 52 41 28 55
86 24 73 55 78 71 102 139 115 99 142 79 52 117 106 32 15 0 80 49 76 87 74 67 67 60 160 28 0 48 95 140 173 158 158 113 79 84 45 237 186 193 189 247 167 164 199 187 115 97 106 135 0 78 60 26 106 69 27 29 79 46 18 49 83 49 23 43 12 21 12 42 59 76 175 134 107 130 75 112 95 108 41 31 28 5 70 38 31 32 138 246 132 66 51 57 0 22 54 81
70 87 113 50 85 49 2 31 56 80 134 116 50 126 132 67 73 39 43 31 5 53 63 69 10 116 67 0 78 110 29 95 51 255 255 240 153 255 54 255 252 238 178 135 188 253 242 247 165 40 112 95 22 15 36 1 3 47 27 35 94 77 70 119 73 19 23 57 34 8 8 60 0 70 226 164 134 177 72 54 35 18 32 114 37 84 138 43 79 0 7 76 55 59 48 7 19 26 58 75
183 201 119 27 48 55 36 72 115 92 62 102 43 88 85 19 18 54 46 85 56 61 64 61 56 135 86 41 15 35 49 116 72 232 225 255 213 255 95 140 105 42 147 0 210 255 236 250 243 70 126 97 11 19 23 27 8 60 49 50 58 16 15 89 129 54 41 53 45 4 56 147 139 113 153 64 61 131 53 45 71 20 68 111 1 103 157 33 54 34 50 31 10 21 85 102 87 61 64 46
250 170 73 85 56 44 64 108 146 117 10 38 17 96 100 30 79 94 41 39 62 18 45 26 69 109 78 41 121 111 66 90 200 252 143 255 255 255 229 148 241 234 109 97 255 252 249 255 255 96 169 74 43 12 42 28 26 45 34 29 31 41 38 65 102 92 54 38 79 105 149 157 136 86 86 39 64 119 57 37 44 40 110 78 45 145 190 68 64 50 72 43 43 33 78 77 51 51 74 28
187 73 50 137 61 13 37 69 128 169 98 88 35 88 79 59 100 68 11 0 58 11 45 12 71 107 81 40 212 201 137 113 248 254 58 181 244 232 238 255 255 137 249 242 255 234 245 244 241 131 111 109 36 52 30 29 50 34 43 35 15 73 73 61 116 155 60 36 74 126 126 75 39 40 55 56 76 96 68 45 56 82 118 66 71 134 176 85 86 34 63 84 75 48 71 57 34 31 66 18
66 69 167 251 161 98 53 3 77 113 102 158 128 113 25 33 72 40 28 16 89 57 80 52 83 98 104 66 119 145 218 141 209 140 132 255 251 250 249 198 255 221 61 147 213 251 133 224 255 154 63 120 56 69 43 46 64 22 74 81 0 24 45 74 195 198 34 30 13 27 45 78 50 38 26 47 47 25 38 49 63 80 72 57 27 56 93 23 57 0 56 117 57 28 90 126 149 80 72 28
60 110 234 196 161 91 52 13 20 54 40 81 84 131 56 29 46 27 86 7 80 57 84 49 43 57 90 114 52 91 153 89 75 30 159 214 253 254 246 217 65 46 207 113 163 246 161 245 230 255 227 128 110 147 95 123 147 51 89 80 34 37 45 41 175 246 109 72 24 61 91 96 72 73 35 51 33 30 18 83 20 59 38 49 26 26 33 18 64 22 81 117 88 55 57 129 148 157 124 89
79 89 111 28 31 15 39 84 115 47 60 20 24 60 53 79 67 32 77 21 56 50 53 91 9 51 104 126 100 115 81 0 62 41 50 209 244 255 255 237 255 239 216 235 174 252 207 255 226 211 255 126 170 211 208 225 238 75 79 77 106 142 70 39 171 237 179 63 114 172 171 99 57 71 50 53 25 86 52 151 9 91 0 55 71 75 107 101 126 45 64 119 154 142 70 39 90 161 150 160
19 42 39 169 173 176 203 255 207 99 35 76 46 24 52 69 95 16 56 41 80 50 49 170 60 119 153 158 131 133 60 21 129 100 67 36 123 108 253 255 255 218 255 254 254 242 243 235 253 140 49 100 132 255 245 255 245 64 58 128 152 156 108 97 175 229 160 29 118 216 173 52 57 75 18 36 11 96 78 199 12 102 27 61 108 158 208 157 153 52 43 99 154 164 106 72 130 151 88 124
42 39 77 240 236 127 234 230 168 97 0 62 50 32 84 80 0 94 188 90 194 255 213 119 139 140 141 240 177 97 19 65 78 42 11 71 114 130 70 108 215 241 243 251 247 216 255 221 162 172 92 100 8 160 249 233 255 226 43 59 164 201 57 250 232 177 49 99 146 170 72 53 15 66 9 89 81 89 63 128 76 11 49 79 136 151 176 153 94 57 98 132 99 52 47 90 101 106 80 119
54 58 79 149 102 45 159 170 66 52 41 15 53 50 72 58 26 99 134 84 190 244 237 170 116 137 89 194 115 91 54 51 13 43 102 25 72 94 69 99 219 248 251 237 238 255 245 253 201 229 220 194 109 138 147 143 250 229 251 153 255 255 200 246 246 205 152 181 129 90 5 70 35 68 20 43 50 57 64 119 131 1 48 61 128 138 109 96 38 0 19 74 88 80 81 100 136 134 122 41
77 78 57 104 49 78 31 94 16 49 47 81 96 57 35 16 26 59 49 65 68 61 80 124 173 124 47 179 89 24 51 107 94 82 94 70 97 76 43 59 77 138 125 152 251 200 255 199 156 255 246 218 113 39 233 252 197 250 218 228 230 254 244 245 238 237 255 107 44 43 25 45 3 46 105 54 65 100 62 83 127 78 30 26 103 140 74 42 59 46 51 49 36 60 105 127 108 90 115 34
124 78 75 74 112 100 33 43 3 42 11 128 99 78 85 89 84 68 50 68 32 3 1 66 137 124 85 137 78 11 39 58 163 125 72 15 13 46 58 60 74 81 83 91 159 250 255 236 225 222 239 143 248 152 100 251 238 255 175 237 255 240 222 242 255 203 163 101 70 42 59 43 5 47 145 76 86 140 75 55 91 66 9 43 101 85 31 32 59 62 68 62 51 74 106 101 69 35 55 36
101 87 65 65 75 80 67 0 0 28 98 132 97 129 160 180 139 79 60 36 70 83 36 6 12 24 26 31 58 29 48 30 94 52 88 52 40 45 82 135 112 85 81 37 58 255 255 253 249 255 255 255 145 254 223 216 214 172 241 255 215 255 185 255 243 255 171 255 128 26 66 51 30 45 85 32 43 103 71 30 42 38 67 69 93 71 47 22 17 22 42 61 56 67 97 96 28 35 42 36
69 93 66 57 13 0 96 1 29 45 232 207 110 112 118 107 99 43 57 31 56 58 7 16 9 15 35 60 37 5 101 34 38 36 101 71 60 29 68 107 94 65 31 97 75 168 131 126 229 241 249 163 255 254 224 252 255 117 255 252 239 255 182 253 229 245 255 120 89 27 65 63 48 22 55 32 53 109 67 19 33 16 77 57 56 59 49 81 60 22 28 43 22 37 66 50 38 38 29 93
95 114 82 40 0 63 46 36 68 128 243 239 164 109 6 4 14 1 52 81 44 22 53 136 173 169 113 104 83 21 125 41 99 67 135 96 31 4 25 34 66 72 88 236 205 111 86 44 88 236 238 255 227 116 252 255 208 253 248 252 255 252 238 255 167 158 210 51 66 57 103 11 52 36 36 40 125 132 21 20 37 3 33 24 54 57 51 113 178 120 107 32 27 21 23 47 15 22 28 98
163 139 69 19 32 120 21 57 111 156 165 167 125 122 21 18 87 31 0 10 4 59 140 208 232 170 79 67 141 110 132 6 95 102 190 196 126 62 13 8 46 50 50 180 244 111 103 70 4 221 79 231 255 255 189 255 240 255 242 116 190 198 240 242 213 154 250 221 232 96 42 3 101 70 43 36 120 118 0 19 77 0 0 39 86 38 25 135 226 231 161 40 42 54 24 14 46 35 14 26
109 97 49 18 69 62 28 89 133 129 97 90 46 125 103 56 31 46 66 50 25 32 72 129 146 118 127 69 121 105 98 60 57 193 251 231 164 95 37 46 103 124 100 69 157 87 43 51 118 83 78 97 205 253 255 254 255 223 240 158 159 252 248 255 213 157 187 218 255 140 23 54 79 36 48 29 50 104 46 56 32 46 68 27 73 129 126 119 207 178 78 164 158 55 0 39 19 18 40 73
34 31 37 40 109 65 62 88 123 106 93 74 20 87 118 73 86 63 96 70 112 77 41 84 112 74 86 26 79 86 78 59 76 210 163 116 117 154 146 94 76 123 128 27 48 41 29 79 83 70 63 58 94 111 130 202 255 250 255 255 192 235 249 242 249 155 112 162 255 233 105 88 47 17 79 67 42 117 86 95 64 27 49 50 77 100 123 145 161 158 63 111 103 79 71 80 77 20 18 43
41 30 66 77 128 124 59 39 74 90 113 96 52 38 50 66 48 16 60 19 92 70 26 50 73 75 77 47 41 27 81 73 65 81 14 44 98 174 194 106 83 77 61 38 40 54 78 91 77 16 31 24 15 0 30 118 232 250 235 244 243 236 255 248 206 53 20 111 225 222 166 114 57 40 98 88 56 98 43 97 83 50 45 20 43 74 105 120 115 77 91 107 115 69 49 84 65 3 21 49
36 51 101 88 88 80 16 19 41 70 107 102 70 31 10 56 52 5 30 7 57 61 56 54 81 105 137 134 65 42 117 123 80 43 20 59 73 86 100 91 120 82 16 43 115 135 112 81 38 0 72 100 94 65 27 53 117 163 142 224 234 255 231 236 157 57 6 46 72 85 112 96 57 45 95 77 34 63 4 97 89 88 65 38 96 114 109 120 115 45 59 59 89 39 31 113 82 29 59 63
40 50 69 59 84 44 18 27 56 44 49 36 17 58 79 139 87 27 70 120 108 61 74 78 46 62 154 159 66 77 143 185 202 144 81 36 57 76 57 91 187 170 49 0 94 118 44 49 16 59 74 132 176 135 63 25 47 74 56 110 116 42 72 36 46 51 23 115 78 41 43 102 89 77 141 109 27 59 13 98 111 107 76 90 177 123 60 97 99 65 2 2 44 39 53 121 110 49 71 62
5 43 70 55 73 60 70 100 101 75 43 53 22 59 73 119 109 53 145 216 133 66 62 55 7 11 112 102 66 104 74 102 206 176 58 19 87 102 63 57 172 157 54 25 70 39 0 31 56 50 18 117 129 111 79 101 130 128 85 133 105 31 43 96 111 153 72 159 106 74 97 86 68 100 151 73 20 52 63 102 118 71 30 100 140 101 35 18 68 81 30 0 42 17 33 75 60 37 51 112
36 48 70 81 110 68 53 95 112 59 66 110 39 74 94 54 36 62 127 134 96 84 77 68 0 9 79 51 38 65 26 28 102 46 21 36 81 89 60 16 55 103 76 38 46 22 32 71 61 26 12 69 78 78 58 92 159 142 94 72 70 0 17 49 74 64 0 50 66 87 91 42 36 51 59 31 2 77 52 133 91 66 54 38 74 119 55 8 45 61 49 64 90 27 0 34 40 20 68 91
85 66 102 104 84 33 18 31 31 42 50 76 45 136 181 97 27 16 50 85 112 132 117 98 61 3 69 81 0 47 74 21 20 14 69 49 41 27 27 22 22 80 94 44 43 41 87 96 58 39 45 37 63 78 40 40 39 66 60 75 106 32 43 38 38 95 103 51 37 108 151 107 87 94 69 44 20 85 33 117 125 97 72 39 93 182 153 63 39 49 23 17 40 54 54 88 68 33 85 76
148 90 123 97 59 76 89 42 58 134 95 89 62 34 67 133 97 31 65 108 84 69 64 48 40 62 90 6 125 20 28 68 49 48 53 1 82 91 35 18 83 94 94 34 33 39 95 70 55 101 92 26 106 136 98 66 87 102 30 74 74 71 64 76 73 91 72 5 20 119 142 66 34 60 70 61 56 87 80 125 127 77 8 29 100 171 204 101 4 48 69 52 29 52 36 54 108 45 31 26
107 46 55 37 89 184 198 142 236 227 44 17 112 79 22 67 68 29 56 80 74 88 87 67 67 81 53 1 56 14 13 52 26 64 97 34 79 59 25 58 78 59 56 18 21 18 76 60 100 200 152 58 166 159 131 116 82 90 15 99 70 68 21 14 10 31 56 73 64 64 45 7 19 36 58 94 63 49 67 68 70 46 9 23 49 111 149 67 55 86 142 121 45 41 29 73 149 94 35 84
49 38 46 21 107 166 129 112 219 219 73 4 58 57 19 20 43 38 27 34 89 111 83 88 143 125 83 0 22 45 85 83 53 30 88 76 46 13 37 72 78 44 33 32 47 20 46 43 111 227 191 128 226 140 85 93 69 66 38 126 111 93 79 59 51 50 58 56 55 50 44 55 31 20 32 115 72 56 56 45 43 94 157 105 46 115 77 16 56 74 157 136 85 106 66 50 83 82 65 185
76 89 127 72 79 86 38 28 47 52 59 60 33 0 8 44 16 37 42 44 78 78 60 99 113 138 106 66 45 147 155 161 140 50 89 118 47 35 107 116 114 77 41 59 79 33 19 31 81 158 157 133 232 142 66 81 57 53 63 128 97 70 103 79 32 55 105 32 41 40 15 35 36 16 43 79 70 68 35 15 36 117 208 151 59 128 47 3 71 43 101 49 42 122 86 20 40 56 81 196
68 56 135 82 40 92 106 71 32 15 44 42 16 23 52 65 74 72 84 80 87 102 77 47 43 61 104 63 62 152 213 230 255 150 140 166 93 93 153 126 76 61 26 58 86 48 44 92 113 121 110 74 175 145 81 96 42 42 50 101 46 56 138 140 58 65 160 59 90 59 0 15 0 0 71 25 78 93 52 21 26 78 112 110 43 106 54 32 100 23 70 15 18 103 103 70 73 51 62 109
61 23 77 20 55 111 112 107 70 88 64 16 93 122 63 4 48 64 38 106 101 121 117 74 40 69 114 74 51 95 110 142 187 153 100 140 69 108 173 104 56 62 58 53 83 32 93 108 93 79 28 46 139 94 48 61 31 47 59 79 38 116 235 255 123 90 141 51 72 74 74 59 62 59 74 4 85 135 106 73 72 67 37 67 45 109 65 56 74 43 20 67 73 167 179 106 86 31 31 76
93 87 141 19 48 48 38 73 97 85 67 32 75 128 88 6 27 44 6 99 134 142 123 78 76 114 158 131 64 14 49 36 39 86 52 56 18 101 147 50 24 78 68 71 95 21 76 160 74 36 16 69 91 27 11 19 19 76 73 81 26 60 177 194 100 45 56 40 43 56 114 169 145 114 31 65 80 99 115 107 80 78 87 61 40 107 80 35 40 57 18 105 104 209 195 127 89 52 38 57
95 111 145 67 59 14 11 46 41 19 42 43 28 94 115 72 90 115 54 143 181 135 90 52 82 118 112 156 90 35 92 53 0 79 49 35 28 103 122 48 7 56 57 81 81 33 81 186 119 46 19 84 57 28 58 35 65 88 21 148 78 41 24 39 39 55 76 83 26 44 89 122 161 120 32 82 35 34 56 30 33 31 62 29 58 85 61 39 30 76 55 112 67 95 132 172 148 83 40 72
44 46 45 93 57 40 59 59 40 13 50 71 11 46 76 69 154 188 107 164 176 90 56 56 67 105 27 106 51 54 90 74 81 125 95 103 100 90 61 45 42 38 70 108 67 65 40 58 132 74 19 45 0 10 63 17 20 75 142 255 221 45 17 72 68 55 88 128 59 42 50 95 110 69 114 99 31 24 55 55 84 112 96 28 52 32 36 67 124 102 72 38 56 31 51 68 124 88 59 106
54 37 21 43 28 41 8 0 49 18 40 74 61 115 129 112 163 189 106 127 118 27 16 45 48 103 37 73 54 61 42 50 69 67 38 52 62 56 55 94 52 39 91 135 115 167 73 26 94 87 38 37 0 15 57 44 16 61 90 195 161 118 53 90 58 14 56 74 47 48 20 47 42 0 113 79 14 16 80 138 202 255 202 91 28 6 54 70 39 25 47 0 111 148 120 45 14 68 74 98
34 52 89 16 88 124 21 41 119 80 70 60 62 135 152 117 117 134 90 106 93 15 0 12 36 87 98 86 148 124 63 53 97 86 69 31 9 37 59 77 62 60 46 55 55 125 54 35 69 58 9 9 23 18 24 57 48 33 61 52 61 44 47 54 36 27 80 53 47 76 51 72 104 58 89 69 23 56 94 103 141 163 162 137 65 48 78 46 0 33 85 65 92 124 85 27 16 71 48 59
59 103 137 46 133 152 44 74 113 66 83 67 49 96 130 94 45 57 69 94 88 47 34 32 46 65 108 68 150 118 67 52 33 44 104 73 16 44 57 25 52 59 8 45 35 87 116 124 112 71 24 21 76 51 21 77 92 73 73 138 83 91 72 75 61 25 31 35 36 42 59 154 173 104 57 45 31 67 52 19 29 25 70 97 106 90 57 48 92 85 65 88 37 44 34 0 70 102 36 30
44 79 54 26 65 74 29 47 59 0 72 106 76 73 94 48 28 25 56 66 52 43 53 57 50 53 85 32 60 47 44 67 49 40 134 122 38 56 83 56 54 63 39 144 84 78 160 128 93 66 60 56 124 100 67 135 133 104 84 153 87 94 118 105 101 77 19 19 31 53 63 121 171 59 30 31 41 43 23 58 57 82 99 32 88 85 17 77 157 117 27 53 5 29 69 0 40 125 67 21
97 74 35 14 29 42 21 84 71 14 121 129 79 42 59 36 25 38 58 22 27 83 76 56 59 46 68 130 54 21 66 96 79 68 78 68 44 61 80 49 43 57 42 97 58 87 170 140 48 74 74 109 172 182 177 175 168 130 101 19 0 9 67 136 128 72 22 32 103 157 96 97 127 51 31 84 68 29 20 100 130 104 81 42 27 30 82 122 148 96 44 23 0 51 60 20 44 86 73 35
143 136 112 44 80 60 24 120 108 51 164 172 117 28 9 63 76 36 29 58 59 128 76 30 88 35 48 89 49 11 40 51 50 26 22 0 33 40 37 78 55 64 97 43 53 82 178 194 129 169 131 112 155 208 188 133 134 123 99 51 74 67 75 132 90 28 22 34 163 212 117 87 121 64 67 125 120 55 25 95 95 31 11 8 31 72 136 146 94 52 48 70 40 22 21 22 46 55 76 33
42 56 104 52 90 54 28 107 117 1 127 180 128 48 39 105 144 79 34 54 76 124 49 8 40 28 43 54 27 68 61 24 42 75 45 39 61 63 36 47 52 83 184 32 72 50 102 155 195 204 127 93 101 151 118 57 42 101 109 70 80 39 28 105 52 29 72 30 113 104 26 36 92 74 65 66 101 84 51 64 55 7 14 17 49 96 141 105 36 26 46 82 93 41 20 38 57 81 137 58
68 52 91 83 80 52 47 45 27 40 78 75 134 105 41 73 92 117 136 77 64 42 43 102 115 70 43 96 70 143 84 57 32 102 26 97 36 43 61 50 48 92 197 51 104 48 49 130 189 140 63 83 61 63 40 39 94 92 45 32 96 94 30 8 71 68 62 0 81 100 49 32 83 101 89 46 108 133 106 83 83 68 55 0 12 48 98 76 90 132 111 71 113 74 24 24 41 54 87 41
101 92 42 71 59 66 89 53 39 53 17 12 74 67 59 74 122 129 175 117 59 7 25 83 110 80 26 32 77 234 176 74 22 112 118 255 181 104 74 84 109 129 155 91 140 83 28 89 124 73 34 92 60 49 56 92 110 98 52 31 55 89 68 18 64 101 62 48 124 163 128 77 93 104 89 47 94 94 52 29 29 65 83 45 76 35 17 3 67 142 90 10 96 110 63 53 68 26 0 44
127 205 98 118 75 55 54 40 71 107 127 109 11 0 115 173 47 67 200 242 132 71 53 59 49 0 0 0 99 169 158 69 53 109 169 204 186 120 76 155 215 177 95 79 115 92 28 39 48 46 45 77 44 68 97 98 83 62 29 22 24 86 98 32 37 66 23 58 37 13 51 113 165 144 91 43 99 139 98 54 52 55 49 25 88 25 20 65 64 97 48 25 140 196 158 129 137 124 63 125
61 176 89 110 65 58 47 34 114 234 184 109 117 106 95 100 148 127 173 167 115 107 80 56 20 48 89 31 104 116 126 5 43 54 123 78 86 85 68 145 200 140 39 27 70 107 94 66 15 33 48 47 20 63 97 51 33 38 33 52 37 79 97 46 13 25 29 116 85 28 32 85 143 114 54 27 93 184 159 108 72 64 59 22 70 21 75 161 129 93 72 95 122 146 111 55 112 169 145 138
29 80 3 38 31 98 112 67 134 197 118 73 134 95 21 65 127 164 167 50 63 54 37 33 4 50 101 82 144 139 160 65 53 17 76 76 35 31 25 52 71 59 50 55 108 151 143 63 23 23 40 41 23 55 87 28 0 31 49 86 60 67 71 42 30 33 24 54 71 115 109 84 55 35 19 38 59 95 60 43 33 70 116 63 68 26 112 195 143 93 128 165 75 60 56 3 23 88 100 69
47 94 43 14 51 119 106 75 86 102 21 85 41 8 67 91 20 45 165 75 59 33 14 37 37 60 73 50 71 73 173 194 159 63 22 43 35 31 51 45 17 19 20 64 86 129 101 39 18 49 50 25 32 69 60 23 28 68 106 53 33 23 36 36 53 73 54 33 75 72 67 50 15 13 28 44 59 40 16 21 44 88 143 63 70 48 159 195 121 91 102 151 76 47 72 63 38 53 78 20
77 129 86 45 106 157 98 51 73 68 0 53 65 72 94 58 45 34 102 58 72 75 56 73 128 144 136 42 28 19 69 233 205 90 9 12 13 30 71 67 27 23 18 23 26 74 59 23 54 108 79 26 39 39 40 51 61 109 101 13 22 31 56 43 59 63 64 189 125 71 58 39 4 34 59 76 66 60 41 48 62 84 73 44 68 81 140 147 90 110 48 41 52 49 39 62 25 44 83 53
53 52 30 35 151 185 118 109 84 93 60 56 65 107 161 147 60 61 110 140 177 181 103 54 111 163 165 91 48 32 10 136 77 51 41 59 32 9 27 7 41 42 37 38 42 81 74 48 77 120 67 48 33 27 15 24 91 97 57 60 65 100 101 50 79 87 51 70 32 41 50 24 32 48 73 116 83 36 0 9 2 38 36 76 105 102 68 38 64 129 64 25 55 38 4 47 55 58 84 77
30 10 37 33 83 70 21 37 74 69 63 32 52 84 104 79 33 20 35 103 126 142 128 152 156 151 93 119 67 57 49 27 58 27 0 11 31 54 58 1 54 62 38 60 73 76 84 49 51 68 26 64 1 22 19 8 84 147 97 41 73 182 208 79 102 49 101 32 58 30 67 84 37 36 52 100 102 73 54 44 76 67 44 10 45 79 80 93 97 97 46 35 71 73 47 53 71 50 36 26
49 98 214 177 102 59 45 47 41 23 38 25 65 64 45 34 64 50 69 130 79 24 49 154 231 123 0 76 47 37 58 0 22 74 105 65 8 7 28 21 73 89 27 50 65 49 118 105 46 61 44 52 9 11 30 36 80 78 81 80 122 112 195 183 169 51 102 34 53 72 151 116 46 55 48 40 69 107 137 90 60 88 156 40 72 102 102 94 75 72 80 81 90 88 77 66 106 89 56 41
103 136 255 241 114 47 42 34 0 0 36 56 94 44 7 42 65 66 82 77 38 14 57 131 166 88 5 17 35 67 75 65 62 101 144 84 20 16 5 12 49 90 35 48 75 90 225 255 162 181 164 95 141 90 73 83 98 109 155 168 63 136 218 136 115 50 64 169 161 136 195 214 112 108 77 59 43 55 89 55 21 114 255 101 89 108 136 123 92 144 186 143 100 57 39 47 51 57 37 41
86 49 96 149 94 61 65 64 41 37 65 140 209 113 0 12 66 74 100 45 60 72 84 72 87 87 71 0 37 114 147 173 80 60 109 86 79 89 28 32 1 80 89 84 115 144 241 255 170 182 164 78 162 133 77 80 135 163 213 204 10 116 149 25 25 125 175 222 135 55 107 157 132 112 78 131 68 39 51 64 52 119 215 121 72 90 162 181 170 165 180 125 85 48 40 53 20 19 0 27
58 12 4 73 87 116 130 118 79 66 68 165 255 162 34 52 78 55 95 39 71 53 54 42 59 80 103 20 47 98 165 189 121 43 69 51 68 89 17 44 6 109 175 146 157 155 148 118 90 99 95 45 89 143 105 124 120 160 255 255 184 92 72 70 15 49 204 227 138 0 41 80 83 78 42 143 68 67 73 101 78 66 78 97 60 70 135 161 112 66 123 119 71 42 79 107 85 53 5 46
45 66 64 40 99 151 154 106 71 44 74 147 198 154 24 30 37 23 49 65 52 34 24 40 44 59 64 88 103 78 105 200 161 114 86 79 77 36 0 41 16 50 113 63 161 122 100 95 81 104 40 78 61 55 185 143 37 36 186 255 138 99 37 44 14 16 85 155 140 71 36 76 64 107 68 80 92 62 76 42 39 18 11 27 32 64 110 99 14 37 68 73 55 64 109 145 137 113 61 60
75 139 142 66 79 128 137 83 48 56 113 78 136 116 52 18 39 32 27 4 22 75 71 38 17 41 68 101 95 46 91 224 216 112 103 152 116 52 34 36 18 0 42 35 77 56 50 66 81 103 23 94 30 48 110 78 7 1 69 79 23 38 8 50 76 69 109 57 88 61 82 71 75 84 34 146 119 86 74 91 70 67 47 26 23 71 107 66 37 34 44 49 39 48 85 116 128 111 71 81
139 198 176 55 29 71 99 64 20 117 238 145 126 107 85 48 78 57 54 41 44 72 82 86 101 53 19 49 68 32 85 227 241 105 52 145 174 127 103 59 71 30 111 187 159 91 24 14 38 63 33 140 86 107 113 78 111 160 77 0 131 141 6 88 46 27 79 50 118 92 109 84 132 117 32 118 71 85 105 121 90 27 22 90 93 48 53 69 30 13 27 60 70 67 74 84 66 58 30 52
6 85 135 105 110 111 95 51 74 81 90 48 56 151 115 63 83 51 76 101 72 31 39 95 123 42 0 71 135 82 56 125 85 99 41 70 94 41 75 137 101 35 105 200 165 93 31 44 67 67 92 158 130 96 76 23 126 150 202 113 69 67 34 42 149 71 36 31 56 56 69 100 99 86 26 40 14 24 72 24 68 24 38 125 142 90 71 71 95 62 67 100 95 52 13 0 30 27 5 32
