9 18 38 16 82 57 83 57 26 6 38 34 62 55 27 15 35 24 53 13 32 52 54 67 44 24 48 62 77 25 0 2 29 35 49 33 50 68 141 82 41 27 21 0 44 33 13 80 76 65 13 83 92 28 82 99 73 59 44 25 41 42 77 74 29 26 7 11 18 22 43 46 22 13 28 8 58 36 53 78 49 64 51 86 61 5 5 71 51 0 23 18 3 42 94 56 66 78 100 66
55 5 6 38 84 63 81 59 21 20 21 11 29 24 40 35 37 34 50 34 35 37 24 76 57 29 53 65 59 25 37 54 36 18 44 56 96 105 123 44 35 10 24 52 63 47 45 39 104 115 32 26 66 51 88 83 100 103 104 110 75 22 66 54 16 2 16 5 65 94 30 64 67 32 25 24 0 16 61 152 121 56 45 110 78 28 31 138 101 24 35 27 14 39 82 65 36 62 102 81
33 36 86 131 105 68 64 24 35 44 16 9 21 9 39 31 21 32 27 28 10 38 33 109 54 49 53 26 16 35 68 52 34 0 31 50 94 107 111 70 51 24 0 25 11 23 70 59 117 70 28 24 32 22 74 62 57 41 37 103 101 41 64 17 27 8 30 5 33 59 15 62 103 100 90 62 11 64 80 97 79 25 28 59 13 39 36 77 93 39 46 43 41 49 53 30 34 24 51 54
42 54 84 89 48 15 34 22 38 38 18 31 54 37 32 28 37 47 27 35 3 96 122 175 165 95 39 41 42 13 29 61 92 26 51 48 64 68 65 69 16 40 11 29 34 75 121 134 71 32 40 49 41 0 34 62 37 20 7 59 71 33 46 33 10 14 37 64 33 15 42 22 76 145 131 53 10 44 89 68 76 57 70 97 27 63 53 14 89 68 66 45 40 53 54 52 40 33 55 44
104 54 16 7 35 12 51 76 51 40 46 70 94 79 41 65 71 53 34 51 6 114 149 151 175 112 24 37 62 24 24 75 100 53 91 79 58 37 23 58 46 62 40 19 6 63 87 86 31 103 89 43 78 30 6 71 46 27 1 6 30 27 10 38 84 68 33 65 43 20 64 21 77 121 45 37 71 63 81 54 105 59 54 135 75 72 117 107 156 106 67 61 80 80 34 14 27 59 96 59
48 45 25 1 36 26 60 74 49 43 50 59 63 44 0 44 110 68 46 52 0 47 50 6 56 74 18 27 54 49 35 34 77 22 45 64 81 71 24 25 9 13 52 61 33 72 75 9 62 147 103 48 74 49 16 68 48 43 42 45 67 75 27 49 78 75 58 63 83 51 0 0 52 123 48 84 92 47 32 38 5 20 37 114 86 86 148 110 87 44 27 64 90 83 37 43 76 65 82 69
21 72 80 47 32 58 95 82 58 77 63 69 67 47 7 35 30 26 24 23 32 71 78 27 42 38 13 68 64 34 21 6 9 32 93 97 53 16 9 54 35 34 42 45 14 11 47 0 81 122 69 58 47 44 40 75 27 43 77 96 55 40 21 33 49 37 40 18 46 43 0 36 59 90 37 40 60 40 9 0 44 71 59 38 27 67 149 115 64 60 55 50 22 24 22 66 57 18 18 13
30 41 39 58 34 76 90 50 4 51 22 49 68 57 25 19 36 71 57 4 43 76 78 19 46 28 4 50 31 48 66 10 16 37 83 107 90 58 29 38 43 92 74 80 77 16 64 62 42 118 45 39 45 57 50 98 75 45 50 97 50 47 60 32 51 19 34 27 28 31 1 21 12 16 51 25 55 23 21 24 60 49 67 71 74 50 93 107 76 59 29 31 60 119 81 42 7 40 66 14
24 10 16 24 63 47 41 36 15 4 28 86 73 65 52 56 15 57 28 19 93 67 40 38 76 31 8 4 14 60 31 44 45 49 24 45 92 28 11 27 22 56 76 91 114 104 30 80 46 97 26 61 62 89 29 102 133 102 15 20 28 53 20 37 32 27 31 21 39 41 2 9 7 11 36 73 91 85 64 43 25 5 37 105 80 32 47 39 16 35 27 24 58 97 50 52 17 44 36 9
18 5 17 23 32 5 34 78 54 54 63 65 30 26 44 60 2 51 67 63 72 25 8 51 73 63 55 25 34 27 32 15 78 63 27 40 60 46 39 60 39 41 34 31 82 100 30 36 45 75 44 69 66 55 18 73 142 98 39 7 8 12 13 45 42 43 2 28 39 14 51 71 72 34 0 30 96 102 62 44 68 8 0 58 51 5 15 26 45 29 54 50 7 30 78 75 1 22 35 39
52 43 31 8 20 36 66 76 18 27 47 45 45 40 29 0 81 77 74 47 24 22 17 70 53 27 11 42 70 27 49 44 24 31 27 45 52 79 52 55 47 30 20 0 53 81 41 25 59 37 33 56 73 53 45 60 89 31 30 12 48 32 20 22 58 20 12 43 83 84 44 21 66 85 50 14 21 12 2 30 48 15 11 60 66 28 32 53 30 17 57 95 23 23 47 26 27 21 32 49
7 41 59 32 14 23 31 14 16 30 44 11 7 6 28 22 30 14 43 35 21 70 33 31 0 65 72 84 54 61 76 67 3 43 49 21 37 85 55 53 41 29 50 35 57 55 53 61 17 26 89 117 86 40 35 21 41 0 23 1 20 20 54 95 43 24 42 28 52 100 59 18 79 116 88 26 22 49 45 26 10 20 22 35 46 27 13 18 57 52 19 34 0 28 11 55 36 17 31 56
55 32 24 35 35 37 21 0 16 29 43 19 26 22 47 56 18 17 96 102 63 107 66 54 1 59 90 100 66 67 49 42 43 108 108 23 50 83 56 52 52 37 74 89 93 55 59 84 96 43 31 47 49 101 137 116 100 59 58 43 35 37 53 87 75 94 67 51 46 85 126 61 50 50 34 12 44 124 132 62 71 67 37 16 37 48 37 42 11 40 43 29 26 32 0 48 35 41 85 129
31 31 37 36 0 3 20 29 11 17 14 3 16 20 34 48 64 30 91 78 19 48 52 72 50 9 24 56 78 25 10 19 65 124 116 30 56 77 76 75 79 55 73 110 121 77 60 73 113 84 64 60 30 79 108 99 130 85 23 14 10 30 42 63 2 2 20 27 21 68 115 86 18 11 24 24 33 104 146 109 92 79 49 10 9 19 26 61 20 16 46 13 25 9 10 41 3 35 85 119
31 35 52 73 46 55 38 6 28 91 120 104 58 26 13 35 43 2 57 51 21 41 49 41 49 52 46 44 43 1 25 19 70 80 53 15 14 48 96 104 76 74 65 89 95 78 53 52 55 54 62 75 58 64 51 28 20 75 73 86 62 41 67 98 33 8 72 55 0 26 44 57 10 6 10 9 23 69 86 52 72 88 92 41 5 2 2 30 48 34 21 38 38 4 19 17 9 52 80 80
51 19 27 73 39 25 16 20 65 114 102 64 13 8 7 37 15 0 65 58 47 60 47 0 32 50 13 78 64 23 42 34 50 33 18 46 8 29 76 66 45 80 62 57 45 53 40 42 33 75 123 122 77 29 24 38 4 91 93 92 58 3 37 63 41 31 60 102 77 71 83 13 20 43 41 33 69 110 89 35 19 62 92 44 18 37 21 7 62 90 7 87 51 8 4 18 6 60 77 59
24 4 19 15 43 78 82 8 21 57 65 42 9 5 26 34 0 5 26 0 39 52 34 29 42 68 49 47 100 73 0 72 92 31 23 7 3 0 19 21 21 42 19 42 19 27 2 30 55 95 170 120 110 63 37 54 28 48 55 38 37 29 57 14 76 82 6 43 56 91 83 27 22 61 78 72 151 160 87 29 28 31 50 67 0 62 45 76 52 41 33 49 23 26 14 11 19 71 61 46
20 11 15 36 40 34 22 17 18 10 6 41 17 7 0 10 36 56 60 30 23 49 36 12 1 8 27 9 99 99 52 30 46 52 29 0 17 71 78 61 76 28 1 27 37 35 18 43 39 21 44 34 63 70 35 30 56 92 75 18 29 42 56 29 101 124 66 37 0 11 38 35 55 36 50 83 93 82 95 21 59 33 45 68 34 58 35 70 66 32 28 41 15 14 15 2 2 54 64 73
20 40 40 67 54 35 9 39 34 23 15 49 22 48 46 54 27 99 82 59 36 58 35 17 17 46 63 42 12 51 61 35 29 80 53 14 0 49 55 61 49 29 59 46 35 38 49 64 33 19 27 17 26 69 55 48 84 80 66 50 72 40 18 54 45 47 57 85 75 46 14 5 29 38 29 44 41 66 135 18 30 21 47 40 33 22 15 54 51 20 34 41 25 21 45 37 0 17 13 18
10 42 43 37 29 43 21 2 29 23 37 44 8 28 52 79 36 87 44 72 92 60 19 48 126 114 82 82 18 80 123 119 64 62 40 51 48 46 23 1 22 9 57 39 19 42 49 38 21 13 38 48 88 132 89 15 22 25 35 25 50 49 16 33 83 75 97 88 64 35 10 25 5 46 37 64 83 52 86 42 17 45 76 20 39 24 27 39 37 40 51 23 15 1 25 32 33 38 42 58
74 74 69 27 36 82 81 0 54 14 47 55 39 3 21 66 88 64 37 108 130 57 30 65 85 70 63 42 16 33 102 119 50 29 38 43 22 17 67 51 33 0 27 38 3 24 42 54 39 0 4 0 41 65 68 19 43 16 23 21 19 30 11 17 0 43 83 32 14 44 28 12 19 83 106 98 98 37 17 14 37 62 73 12 57 45 38 22 75 106 87 27 43 35 42 60 66 51 54 64
92 55 41 2 20 67 84 5 73 25 48 35 62 32 30 56 34 33 65 96 52 24 29 11 48 38 21 32 27 55 38 24 70 25 10 2 9 47 113 44 11 6 23 35 5 35 70 64 17 8 51 46 55 17 59 86 77 34 34 59 34 22 16 35 58 69 59 11 10 68 52 27 70 93 125 75 52 44 25 0 27 36 38 15 53 30 26 32 94 121 77 18 44 54 51 66 66 36 35 32
69 50 33 13 18 47 56 25 31 19 36 7 42 41 25 52 62 88 92 78 31 65 57 53 18 38 44 74 4 45 6 34 40 37 45 72 53 42 70 18 5 14 14 19 39 65 92 20 9 0 7 11 34 25 77 126 4 46 44 42 25 44 47 40 48 64 61 57 24 40 30 46 90 52 85 72 45 27 38 47 28 25 19 36 49 24 24 55 113 119 85 53 42 51 49 57 19 6 38 50
52 78 60 48 31 43 29 36 14 26 61 62 70 43 13 86 171 131 20 23 53 94 40 127 93 48 67 69 28 40 24 50 38 12 0 83 73 24 17 16 37 51 61 60 71 35 92 47 31 40 12 4 22 43 69 93 18 72 46 49 32 13 15 46 37 79 79 82 28 33 16 23 18 61 115 81 42 21 46 62 52 32 2 38 46 37 20 34 61 60 65 71 24 32 45 55 66 51 82 83
32 78 67 14 25 0 37 44 48 78 113 122 31 30 44 101 138 93 9 47 77 40 63 70 100 40 32 57 43 55 69 16 54 11 24 87 125 92 39 26 29 28 85 57 55 14 56 17 60 66 36 35 29 3 27 60 58 11 39 27 7 22 95 126 88 47 32 5 68 80 98 103 48 58 90 81 24 42 52 63 51 1 18 18 31 53 14 0 25 35 10 60 44 17 37 61 119 101 84 83
22 31 55 26 36 38 30 58 90 70 80 63 42 34 24 15 85 86 42 61 82 92 99 19 44 67 58 53 15 14 56 14 6 8 42 60 93 58 23 1 18 64 64 22 21 47 48 10 33 34 13 44 37 0 29 62 77 49 28 26 35 25 71 76 30 32 39 70 106 40 40 61 63 83 60 37 29 97 95 13 71 37 20 18 0 39 35 54 78 82 27 60 68 32 19 37 83 68 55 53
16 15 40 45 57 82 57 63 90 64 59 38 34 42 29 10 94 66 31 57 66 86 116 46 17 49 19 47 47 13 34 3 34 20 40 61 121 69 26 0 61 144 111 27 22 71 46 12 65 51 34 75 74 38 49 40 82 86 23 16 58 61 88 59 76 35 12 52 67 79 108 18 50 57 16 14 9 54 67 8 20 50 45 15 12 76 76 32 60 72 22 57 96 56 12 16 30 22 15 14
19 32 23 43 64 74 91 51 52 50 34 36 0 25 13 39 0 7 36 86 53 5 28 20 12 48 26 46 59 19 23 35 48 7 8 83 156 92 31 8 32 105 116 31 36 62 70 59 78 61 62 54 35 37 42 35 55 55 1 19 112 165 145 52 46 12 31 83 48 48 92 39 16 21 32 64 34 20 20 28 47 36 40 12 42 29 60 36 7 22 5 40 73 44 16 14 24 25 26 26
35 22 13 17 49 35 72 44 49 43 28 40 3 14 0 41 42 39 13 35 54 35 19 0 41 73 56 23 44 51 30 42 77 57 18 64 85 67 38 34 37 46 82 44 20 20 46 64 82 19 39 56 95 126 54 5 78 61 37 18 32 93 123 113 39 54 28 6 50 98 71 26 25 17 47 51 30 46 21 47 70 93 88 14 24 22 57 25 3 3 14 25 18 7 26 29 33 41 48 49
52 0 20 0 35 17 27 54 39 28 39 39 37 18 16 55 111 106 49 15 14 17 44 69 45 45 47 30 56 66 20 25 36 70 24 26 9 53 50 7 39 0 26 50 12 32 58 96 32 3 74 115 134 127 62 69 86 27 15 38 38 50 32 32 10 9 35 44 51 20 14 64 38 17 45 36 26 56 17 53 50 32 17 37 34 15 0 12 8 5 37 34 8 5 46 48 27 37 45 44
45 23 33 7 33 26 20 50 29 20 23 21 36 31 29 64 72 59 41 38 27 14 22 25 7 10 40 59 57 38 19 28 2 47 41 63 54 97 102 29 66 6 36 37 13 26 46 72 55 14 18 59 99 95 73 91 38 25 8 47 39 15 12 52 68 55 72 47 26 24 91 99 36 42 87 102 78 62 10 42 49 34 13 27 47 82 26 24 17 17 44 30 27 24 46 47 32 40 44 39
21 69 37 20 33 37 42 27 74 55 8 21 29 70 36 57 62 55 60 44 6 21 59 49 22 18 11 31 48 62 56 1 51 32 7 24 3 12 70 49 50 9 67 21 44 42 79 89 74 54 10 54 113 108 101 84 31 80 42 72 66 19 13 48 77 56 23 26 79 48 62 8 66 96 112 108 74 60 32 46 46 18 31 38 70 64 2 10 52 45 38 4 25 21 24 29 32 37 36 29
22 58 32 37 23 64 89 38 51 38 56 13 6 38 55 9 67 54 61 47 49 20 21 17 60 56 37 28 29 42 45 10 28 11 17 0 23 29 20 1 20 75 160 131 84 34 48 109 114 71 23 26 41 82 63 42 47 95 70 121 112 51 47 55 52 37 18 14 31 48 54 64 96 94 37 62 61 69 82 64 35 0 5 37 27 20 0 45 58 38 0 35 41 16 5 36 6 15 20 0
26 31 22 49 55 41 69 57 8 17 41 28 52 64 27 4 63 25 31 41 51 37 72 99 23 18 46 44 23 14 11 35 11 3 19 10 10 9 20 44 87 108 158 128 58 0 20 90 57 49 2 43 104 64 55 21 18 30 68 80 82 113 64 95 23 15 43 36 0 49 92 87 43 48 39 92 88 66 61 61 22 36 22 54 2 46 8 43 13 32 14 34 30 15 8 29 12 32 42 14
73 53 23 26 56 26 45 33 35 7 0 17 71 71 11 58 90 31 38 70 80 83 137 174 119 106 113 49 19 34 3 6 19 12 26 33 13 12 29 83 80 38 27 36 31 7 28 31 17 35 17 32 109 39 41 33 54 74 111 154 192 174 144 64 49 10 31 0 37 115 38 90 59 39 31 72 85 80 65 69 3 22 31 32 10 38 40 63 44 61 19 16 25 39 21 4 6 42 62 39
53 84 59 20 30 32 48 32 33 14 4 10 38 57 25 110 125 64 57 72 62 70 101 100 112 149 153 55 8 40 37 38 33 21 22 36 17 25 26 69 27 10 0 8 2 6 38 10 23 10 18 0 61 52 27 31 55 53 79 236 255 105 161 54 60 66 44 20 43 160 137 40 42 27 27 37 52 58 29 12 28 16 24 23 20 8 26 56 17 91 84 45 0 0 19 48 1 43 67 53
3 35 12 9 33 63 44 15 0 37 72 53 23 53 52 107 113 72 51 39 23 56 68 29 55 111 106 46 14 17 17 4 19 14 11 18 5 20 6 22 6 18 22 31 0 0 30 14 11 12 45 31 29 49 55 95 120 152 92 48 116 255 247 106 79 55 68 46 18 67 54 52 78 56 42 18 17 26 34 46 33 25 4 52 26 30 19 53 37 69 41 41 52 73 62 48 16 46 54 46
38 24 0 23 37 52 23 17 36 34 56 63 32 29 38 67 96 82 57 32 15 66 76 36 15 77 59 19 30 54 44 0 2 9 18 10 0 11 0 3 7 0 0 23 10 9 16 11 1 24 34 69 23 31 97 173 205 208 245 125 191 202 240 112 59 122 48 26 21 0 46 26 49 24 27 48 66 36 25 20 15 25 26 60 61 54 49 47 25 46 16 28 51 79 76 73 33 44 32 29
70 74 76 56 21 22 39 58 49 13 1 36 53 23 30 34 85 93 77 56 19 37 32 16 36 100 94 20 10 36 20 0 4 8 26 9 7 9 5 7 8 5 11 29 16 21 4 16 13 18 0 32 26 51 94 173 249 251 255 193 253 255 27 111 104 61 59 72 61 40 102 71 61 26 6 46 97 72 70 40 19 35 59 54 71 29 43 17 17 44 12 6 7 29 41 56 32 36 22 35
47 60 73 16 18 59 75 27 0 31 37 58 106 86 85 43 44 71 80 82 35 19 2 11 24 26 31 0 19 38 0 13 11 1 18 0 12 5 4 4 1 7 12 17 27 62 17 8 0 39 70 42 26 59 71 197 244 255 255 253 255 248 255 47 36 84 74 41 55 24 82 44 15 13 1 36 89 71 78 25 1 31 34 63 41 20 23 25 43 72 37 24 19 33 29 28 24 31 28 61
52 17 31 78 31 34 48 32 9 42 32 47 85 73 53 59 60 50 34 18 7 7 15 22 18 10 4 7 10 9 8 8 13 12 16 11 10 0 20 10 16 0 16 14 0 7 25 49 19 24 46 88 138 55 228 255 153 213 246 249 240 236 255 144 59 102 50 43 86 59 65 28 11 14 22 0 45 20 40 54 78 48 54 51 41 75 31 30 48 80 42 12 25 61 39 40 43 49 49 42
34 59 23 76 53 8 42 52 48 52 44 33 69 81 55 81 142 111 69 39 25 18 9 1 8 3 2 7 9 6 3 2 7 6 12 12 18 3 22 4 28 19 0 25 27 37 63 66 45 47 129 131 173 178 223 208 149 39 200 247 148 228 247 208 121 139 68 70 105 99 78 28 34 36 12 10 16 34 37 58 43 13 14 8 52 70 58 12 63 60 11 31 18 27 42 55 62 34 17 25
8 91 33 39 56 14 29 75 89 64 51 13 37 59 24 59 79 65 42 20 6 3 7 12 5 1 0 3 5 3 3 5 3 1 10 17 28 13 24 1 18 7 20 30 70 49 57 57 71 118 186 169 254 236 255 214 83 251 252 151 230 255 249 114 139 140 65 50 66 97 80 34 30 33 20 42 15 32 17 22 28 34 44 36 39 24 55 43 104 85 27 69 23 20 60 78 43 18 8 25
49 46 69 39 0 37 71 38 99 72 47 9 21 31 0 18 14 17 17 9 0 0 0 7 9 4 1 2 2 3 8 14 2 2 13 21 31 15 26 2 26 8 54 25 40 66 53 127 90 89 252 187 255 255 249 255 157 255 244 200 255 232 234 131 32 38 38 35 58 98 96 60 32 20 34 56 22 11 13 15 9 24 36 55 15 14 36 73 88 92 47 60 9 24 50 78 71 69 58 46
96 86 83 33 24 71 76 46 83 69 33 16 26 22 10 9 11 6 3 6 11 10 2 0 5 4 5 8 6 4 8 14 3 4 14 18 24 8 24 5 22 31 52 36 0 48 19 115 92 92 255 251 167 255 255 237 255 254 107 154 206 253 255 235 156 71 86 74 98 97 103 90 67 45 60 94 49 44 61 82 45 14 16 32 40 81 44 39 39 64 51 35 11 41 32 90 121 105 73 39
100 63 43 53 52 56 91 39 58 50 15 10 18 12 14 5 0 0 0 0 3 5 7 8 0 0 10 15 12 4 3 7 5 4 10 10 15 0 20 5 0 22 38 20 22 19 49 69 115 255 224 255 150 255 237 246 245 208 233 255 223 255 226 255 255 66 62 52 78 51 64 86 48 54 67 139 84 100 78 87 69 34 57 26 70 113 78 36 35 45 56 39 44 58 32 105 109 76 51 50
34 32 8 23 71 37 35 35 34 20 10 2 7 11 0 0 4 12 17 11 0 0 4 16 0 2 11 15 9 2 2 8 9 3 4 5 14 3 23 5 5 14 34 15 79 98 190 179 241 248 242 251 131 241 255 246 235 255 255 255 253 235 255 221 246 59 94 89 69 24 4 23 35 47 51 102 75 103 60 30 37 26 47 19 40 69 84 76 49 35 49 40 58 55 46 82 22 8 8 28
41 9 59 56 67 62 40 32 18 0 19 6 12 30 0 9 6 5 4 6 8 9 8 5 6 8 10 8 2 0 7 19 15 4 2 4 19 10 28 7 18 34 50 86 102 218 246 255 253 255 195 173 233 126 231 255 253 254 233 244 255 255 199 212 142 29 118 109 48 36 24 49 110 88 58 35 54 92 86 36 65 34 0 14 4 24 49 71 58 36 45 41 61 59 80 62 31 43 46 37
26 12 27 74 104 110 100 57 19 4 11 0 8 26 10 10 8 3 0 1 7 11 10 7 11 2 0 4 8 8 10 15 8 5 0 10 25 26 25 36 43 29 81 65 164 248 254 250 255 255 152 170 238 247 254 248 251 242 233 255 255 236 255 246 230 211 234 151 37 6 8 40 54 24 38 133 96 65 82 55 76 65 12 7 4 20 57 38 0 17 30 36 9 35 23 26 54 54 23 0
32 17 19 43 72 116 95 41 47 27 24 8 8 16 4 10 10 7 4 5 10 14 15 14 19 8 1 5 11 9 5 4 9 17 13 12 6 20 23 28 67 37 109 60 0 147 246 120 34 7 74 103 255 242 255 244 227 255 180 246 241 255 232 151 209 255 255 228 47 36 31 33 28 65 104 147 88 37 49 28 38 64 27 26 48 31 101 50 30 16 0 0 40 52 58 43 54 27 4 10
0 16 52 65 46 92 72 60 61 37 28 15 9 7 0 9 6 5 3 3 5 9 12 15 25 13 5 8 15 14 7 1 9 26 35 49 19 24 16 16 24 12 93 105 255 238 190 120 70 77 142 90 120 254 255 246 191 0 78 106 169 247 173 55 38 157 255 232 45 0 46 73 68 105 93 59 27 1 30 25 39 72 50 33 43 45 99 70 49 61 43 30 62 37 59 57 35 9 10 36
38 30 66 96 67 101 60 72 62 36 20 16 13 5 0 8 5 5 3 1 1 3 8 12 21 13 7 8 14 16 13 10 13 20 33 63 28 21 7 14 39 0 88 112 243 255 106 139 39 175 164 209 255 161 239 255 104 44 86 196 255 255 246 94 20 22 120 101 46 56 1 31 44 68 40 6 31 13 25 26 31 45 50 25 0 42 24 54 10 32 19 59 59 39 46 22 26 24 45 62
42 45 87 100 33 48 34 86 81 51 22 18 16 6 6 9 10 9 8 5 3 4 7 10 12 11 7 5 6 10 14 16 13 16 14 24 9 17 13 17 11 39 32 67 42 73 188 237 245 255 70 251 210 254 213 245 87 66 157 219 250 250 230 104 0 74 0 51 3 0 18 27 43 54 34 17 46 9 8 34 11 24 55 46 25 37 0 33 9 14 21 63 48 37 75 41 25 14 22 28
40 23 42 65 42 63 36 39 99 76 37 28 21 8 12 8 9 8 6 4 4 5 5 5 6 9 8 2 0 4 9 11 4 23 19 5 22 35 28 16 23 45 49 19 72 91 128 227 255 250 124 255 255 241 255 233 79 134 76 208 75 209 150 25 25 54 31 6 8 43 28 47 63 39 7 1 29 23 46 97 17 40 60 51 76 12 24 24 18 0 23 8 20 7 91 71 90 51 29 33
12 15 53 86 58 41 45 61 71 70 44 38 27 10 15 3 6 4 2 4 7 8 6 4 5 9 9 5 5 9 9 5 4 18 22 12 61 39 24 23 4 58 44 68 83 172 158 100 191 170 181 75 255 242 251 239 93 118 15 178 118 37 0 57 45 44 62 16 40 34 56 26 82 56 34 37 34 33 19 24 25 42 46 17 64 0 25 13 33 10 19 0 61 61 102 83 83 63 36 26
19 0 27 75 49 0 26 64 20 42 38 44 34 13 16 0 8 5 5 9 15 17 14 9 5 8 10 10 15 20 15 5 16 0 0 5 73 11 2 40 60 114 182 173 91 109 238 104 193 12 124 162 255 182 244 230 37 53 0 32 41 32 34 31 28 10 0 18 0 0 46 3 0 13 46 77 62 74 40 11 28 37 50 10 47 23 15 20 0 41 55 29 62 50 30 47 26 55 46 16
43 14 6 16 39 17 43 56 32 6 33 12 1 23 10 4 3 5 14 18 20 30 25 3 2 8 5 1 5 23 22 11 7 18 0 25 0 41 15 29 143 249 255 241 242 255 224 46 255 120 243 128 255 110 122 158 60 45 1 20 18 10 5 27 10 9 50 35 48 56 46 28 32 30 66 35 15 48 41 39 37 36 25 37 58 27 15 54 42 71 62 56 21 47 59 31 13 89 89 54
75 56 22 53 71 28 27 0 28 7 30 46 25 13 13 9 1 9 20 17 5 10 18 12 4 8 12 9 7 19 18 0 17 53 19 24 4 6 18 1 179 246 85 194 241 242 255 79 185 18 250 131 105 148 36 48 17 37 40 44 52 94 98 30 41 13 27 61 92 97 37 0 39 38 44 62 54 37 39 35 24 62 26 23 47 49 12 45 54 48 27 26 33 65 71 51 30 76 63 41
110 114 25 13 29 59 93 36 24 18 36 103 74 19 32 22 8 12 23 21 8 8 18 18 20 6 19 28 25 24 30 16 40 36 29 20 50 37 103 247 24 236 107 232 45 141 118 103 152 138 113 33 28 81 28 47 41 49 49 77 34 106 127 72 54 33 35 84 95 90 19 0 38 42 0 38 49 12 41 35 0 59 23 31 55 71 9 33 31 10 5 15 67 91 78 63 70 76 35 11
45 76 26 23 32 76 85 30 16 31 42 140 107 24 26 0 3 0 1 10 8 9 12 8 31 3 14 21 21 14 29 20 5 31 1 35 77 60 164 230 255 207 107 66 80 133 86 68 103 96 69 51 51 69 91 79 71 55 51 55 13 42 78 48 28 28 16 19 22 47 52 69 39 55 0 15 31 8 37 26 23 57 19 18 30 53 31 64 69 51 51 42 94 93 57 35 23 33 14 15
81 48 20 36 33 45 31 46 99 86 20 69 44 8 42 36 43 21 15 19 9 0 1 1 1 14 46 37 49 52 57 18 24 0 41 59 37 52 47 79 115 172 154 70 33 77 118 150 109 31 65 39 5 9 57 56 3 34 61 4 36 39 83 31 24 51 43 4 22 48 74 71 42 58 33 38 48 28 21 12 43 53 47 27 16 39 56 55 86 74 61 46 96 95 62 27 32 42 26 20
65 34 55 81 81 60 4 10 65 67 11 50 49 36 22 17 13 0 1 19 20 26 54 79 68 98 91 8 17 52 87 59 67 80 28 56 85 76 30 75 102 52 32 23 46 15 32 57 38 36 21 51 74 44 49 51 47 118 103 47 32 53 76 75 30 83 85 36 45 37 47 25 29 27 33 41 48 36 16 18 12 37 66 37 17 54 81 39 53 53 38 59 112 122 104 53 20 25 12 9
9 23 64 75 77 52 19 2 30 34 0 23 48 61 6 26 41 13 8 21 13 5 20 41 61 110 117 34 36 26 46 41 65 107 84 33 133 212 47 46 51 22 41 22 33 36 30 29 40 11 22 67 53 43 20 10 19 62 24 20 0 27 48 86 13 55 38 12 11 3 27 46 17 17 22 23 29 45 46 30 24 46 41 13 0 69 111 100 76 81 53 97 111 100 97 47 2 8 28 75
3 27 62 78 70 17 34 42 51 52 22 41 77 100 19 62 59 20 12 34 37 25 22 27 34 58 62 10 35 23 90 165 19 58 140 119 118 170 67 31 37 22 0 16 9 29 48 32 31 43 56 120 79 19 47 52 64 42 40 1 57 25 40 0 5 33 5 32 33 15 10 38 24 48 45 30 33 71 84 27 47 63 28 24 16 87 115 145 96 97 47 89 56 26 51 23 64 30 18 57
53 77 67 31 50 4 37 53 68 70 40 19 24 12 10 41 51 14 28 0 26 11 40 58 90 168 146 54 14 36 52 154 103 46 68 63 45 77 59 39 12 5 23 9 11 32 15 9 46 29 41 78 82 24 47 52 57 120 81 39 80 37 17 22 13 47 56 18 33 22 27 41 7 16 19 46 27 57 79 36 39 66 27 23 32 49 112 131 70 15 22 41 36 23 61 33 42 11 54 32
69 63 30 0 47 24 32 13 42 42 16 6 27 29 25 44 25 14 11 10 8 43 40 41 89 99 77 41 39 70 54 39 99 48 32 30 56 81 50 35 40 40 11 6 35 48 55 67 34 35 46 12 12 23 39 24 56 80 56 48 37 30 15 70 16 72 72 49 34 5 19 16 0 25 38 59 35 29 56 23 13 34 20 6 51 37 80 101 44 14 25 37 28 17 68 68 53 3 21 0
19 18 32 47 68 6 23 59 37 45 26 9 16 17 18 35 6 13 16 23 16 84 72 47 7 42 44 31 64 100 105 58 79 30 50 69 43 34 36 3 30 79 45 34 51 36 41 46 34 41 94 78 65 50 14 0 27 13 41 16 31 25 30 68 56 38 15 94 99 35 29 31 14 0 3 14 31 48 43 46 19 31 20 14 49 36 37 58 23 16 30 52 52 21 25 8 39 8 49 57
28 8 29 68 88 19 12 45 48 39 13 1 19 25 12 5 39 36 47 24 23 66 65 27 71 123 71 1 34 50 88 97 49 25 64 93 50 0 25 27 29 71 48 17 20 28 31 14 45 41 87 112 105 77 44 39 51 67 77 22 32 34 32 33 12 30 31 66 30 8 17 28 27 2 45 55 45 56 0 71 40 37 14 30 9 38 5 13 18 31 32 40 34 10 25 37 63 18 29 38
6 23 50 44 38 13 16 32 0 25 47 36 13 4 21 47 35 28 36 15 8 36 43 34 81 100 67 52 89 55 60 70 83 80 52 50 79 5 4 75 41 17 20 9 18 56 40 0 6 31 47 85 111 125 106 48 25 101 39 31 7 63 48 68 26 31 42 34 7 33 20 28 55 39 43 94 69 63 11 95 50 30 27 52 11 58 40 14 23 28 8 19 31 26 29 35 98 48 39 58
15 11 28 28 34 33 17 12 45 32 29 47 65 65 45 25 12 19 15 22 4 38 39 73 118 72 77 108 77 14 36 73 105 82 58 37 71 22 33 100 80 26 45 41 21 37 21 0 50 46 0 14 47 98 111 54 49 94 15 12 17 36 19 26 25 32 77 62 32 34 13 55 99 83 1 75 62 34 26 54 32 8 39 59 56 66 84 35 0 23 26 63 74 66 41 23 9 10 45 92
15 34 82 74 23 0 5 53 91 57 41 53 62 54 37 21 37 51 47 38 29 31 22 67 54 37 91 139 80 17 16 69 57 19 62 35 36 43 90 109 122 104 91 46 0 0 28 37 34 25 10 32 30 45 28 3 47 44 38 5 47 36 64 68 40 57 63 13 18 36 21 25 46 51 13 61 70 49 69 74 16 6 25 53 76 37 55 25 0 40 64 97 83 87 98 108 47 59 82 116
20 50 91 60 13 27 52 91 95 48 22 26 26 21 22 23 45 59 77 32 61 20 22 56 25 38 59 82 73 49 0 38 43 21 59 0 14 44 74 82 90 139 110 53 19 30 67 55 14 26 53 48 11 28 10 24 39 42 79 26 0 25 88 138 73 81 70 29 17 0 71 174 168 103 78 36 69 80 56 38 42 51 25 72 86 25 14 20 45 40 23 66 85 114 102 70 71 51 31 57
31 18 21 75 50 67 34 29 70 44 23 6 41 34 24 3 28 36 46 28 50 11 44 68 31 23 5 17 25 22 0 32 47 25 18 16 10 0 68 76 43 37 31 0 6 28 20 51 52 45 6 51 19 24 71 15 9 61 63 32 44 57 112 107 46 70 65 17 13 0 74 202 158 77 50 56 26 38 11 0 28 63 54 58 106 102 45 19 8 39 30 6 45 69 28 12 34 10 34 68
22 23 51 34 25 44 83 92 54 40 34 25 47 29 24 20 32 20 18 0 21 27 56 70 35 26 13 0 0 42 17 12 0 23 28 7 27 29 54 56 24 25 30 1 9 34 32 66 59 63 20 45 19 39 51 0 14 58 72 59 95 160 122 36 14 42 8 39 61 24 0 78 66 77 81 42 10 32 30 39 23 0 19 78 82 41 32 56 58 0 0 28 43 70 54 74 67 28 40 83
34 22 56 29 36 41 59 42 69 52 36 23 37 31 45 64 36 33 57 32 29 46 45 46 68 67 74 31 2 50 25 15 4 45 47 24 70 70 40 44 44 19 12 4 43 73 34 20 0 29 4 24 23 82 79 46 33 10 20 43 62 119 64 17 0 15 17 57 27 5 27 66 56 71 77 49 53 41 20 26 28 66 106 59 0 39 68 2 15 51 91 42 0 49 89 133 118 65 57 91
26 11 37 26 0 17 36 65 7 34 47 33 22 13 24 43 53 30 52 25 5 34 22 27 63 67 87 65 48 76 39 58 50 39 34 37 83 72 18 34 58 16 10 29 95 129 54 0 6 44 16 11 6 62 34 34 23 15 23 13 4 59 51 12 76 87 73 44 32 13 60 48 23 35 66 62 64 26 18 24 41 27 67 69 6 7 57 60 74 106 90 32 18 10 30 84 79 40 37 64
32 10 37 25 10 38 45 66 22 73 78 32 0 14 48 78 72 23 33 24 28 60 36 31 24 30 29 24 47 71 15 32 45 2 8 29 40 36 5 19 27 9 34 57 107 140 83 36 42 66 39 40 61 103 62 77 57 44 42 40 39 47 82 52 69 138 93 35 73 26 4 23 32 29 54 44 34 26 46 18 13 21 40 43 32 55 98 118 123 89 28 13 65 22 46 68 25 6 12 39
42 25 78 44 63 80 50 5 15 63 62 37 31 60 47 23 49 19 32 23 30 35 19 17 29 60 46 29 43 76 44 38 29 9 27 38 6 19 25 21 16 10 44 48 65 95 64 37 64 62 25 29 75 90 39 36 13 2 24 68 74 17 37 21 24 107 94 72 64 41 17 94 69 26 17 21 6 11 51 34 21 27 9 4 29 37 44 72 59 51 38 9 20 31 111 107 61 34 14 17
29 33 92 45 27 54 40 30 54 62 28 23 57 113 82 34 54 57 64 27 34 24 45 56 9 50 49 38 15 58 77 40 27 36 39 44 3 25 48 36 32 22 48 31 24 50 32 14 63 56 19 17 79 83 58 43 79 76 47 11 13 43 72 64 25 34 42 26 3 28 19 65 34 25 13 28 0 0 48 85 60 76 37 5 36 51 32 29 41 13 22 19 2 21 46 81 89 61 21 0
46 30 47 39 0 37 0 10 18 33 14 31 66 115 79 37 2 38 59 32 66 48 63 47 58 67 64 74 25 60 95 19 16 29 6 22 2 21 47 40 32 33 66 41 17 41 38 34 59 61 27 7 65 65 74 62 95 64 33 21 29 62 20 17 29 43 67 1 25 43 23 53 62 92 52 47 44 65 72 66 95 98 54 22 45 50 20 7 22 15 23 26 29 66 0 62 63 59 35 13
24 13 69 26 0 38 26 46 63 54 29 8 0 61 58 25 20 31 8 51 82 35 12 34 57 88 53 38 14 31 41 19 51 78 63 19 38 22 17 31 22 45 81 37 24 13 19 45 57 55 0 26 61 15 28 75 34 0 48 47 17 53 52 44 71 57 38 42 11 20 25 39 85 88 1 73 55 48 32 52 44 58 52 16 36 58 27 33 45 31 19 27 41 37 36 50 8 73 26 28
12 12 60 47 25 52 25 28 33 12 23 20 44 36 36 23 62 49 9 38 68 29 20 52 43 36 37 19 37 45 43 28 40 31 26 34 88 80 57 41 56 43 37 28 34 44 23 35 23 84 46 9 6 6 40 52 70 64 75 38 11 13 0 19 39 8 19 28 58 61 66 33 8 46 70 79 43 19 32 44 3 27 39 30 40 43 24 27 59 24 65 110 84 70 60 11 87 100 42 43
15 30 64 82 30 29 37 89 111 78 38 12 54 51 38 15 56 69 49 43 49 26 53 106 73 38 61 8 22 7 28 53 42 20 23 30 59 56 55 35 35 48 52 56 24 22 13 57 39 102 67 14 23 73 102 58 27 26 18 19 46 67 56 40 38 9 17 22 73 119 134 74 35 39 58 44 75 77 60 55 27 35 15 9 35 63 58 16 30 25 53 64 28 13 23 16 93 89 54 64
28 40 23 46 21 51 60 81 92 91 22 10 28 50 37 49 0 35 46 22 24 19 56 99 80 37 48 26 57 37 35 32 23 8 30 22 15 23 59 48 48 28 4 22 42 48 11 0 33 64 46 13 1 24 47 16 20 20 31 47 36 61 97 56 11 25 41 66 74 140 132 70 0 26 41 70 116 93 14 10 52 51 23 26 38 55 75 43 18 10 20 36 52 79 84 57 26 64 71 79
21 60 22 21 20 85 75 38 82 77 17 44 65 40 6 26 23 18 26 23 60 50 50 56 31 30 26 50 66 63 86 92 39 2 34 49 35 28 59 43 49 73 81 54 45 31 53 70 80 56 37 41 39 34 31 7 29 31 20 21 2 20 68 38 25 35 56 87 72 97 88 64 38 30 8 12 30 30 32 21 44 65 76 91 54 12 33 41 47 13 44 61 45 102 135 64 16 88 94 67
51 63 24 28 35 69 53 36 68 90 62 53 91 60 74 83 57 1 4 20 70 33 8 8 20 55 48 85 52 50 97 145 76 11 37 68 47 15 41 39 56 89 93 50 39 28 85 114 97 44 10 24 50 56 33 0 3 35 7 2 24 23 32 33 37 13 33 45 48 9 24 44 58 6 17 2 14 35 93 12 28 63 71 69 76 79 62 20 45 36 46 27 0 24 59 33 50 106 83 15
108 57 2 13 59 75 36 22 76 147 124 48 21 1 66 91 61 14 38 44 81 42 26 33 46 49 57 120 100 76 50 72 64 9 29 46 30 17 55 55 4 30 23 15 12 10 52 77 77 57 33 12 12 23 24 24 33 95 103 78 49 5 0 29 40 51 77 74 72 21 23 49 33 9 55 32 26 48 88 55 44 55 33 15 90 163 120 46 30 25 14 26 56 59 35 21 94 124 114 50
106 98 69 33 69 101 65 35 84 118 56 38 11 10 30 38 22 7 50 37 76 65 60 51 44 20 56 118 106 71 20 56 56 23 33 26 26 44 69 30 0 18 4 45 52 54 59 69 76 55 24 0 19 51 63 75 75 93 122 105 47 12 11 13 21 86 83 54 17 21 21 57 55 54 62 52 60 85 43 101 116 92 61 39 86 115 70 60 42 5 24 70 77 72 66 44 35 58 92 61
83 104 65 42 47 16 48 16 46 28 48 76 27 6 38 0 17 48 53 54 53 69 34 33 2 30 56 107 60 38 18 54 71 17 13 12 28 38 73 65 17 31 10 35 96 69 22 51 42 62 58 0 26 48 48 49 59 87 125 89 44 10 25 9 8 10 31 39 17 13 44 60 84 83 2 54 100 90 25 31 15 16 47 70 55 40 48 52 54 17 19 36 72 61 78 94 70 45 64 35
27 52 32 25 46 11 38 58 41 47 98 101 40 15 14 0 33 58 113 85 14 23 22 11 43 54 60 59 29 39 53 62 45 19 31 24 9 0 47 85 43 1 25 16 26 39 12 66 15 20 11 0 15 5 32 48 15 0 19 20 24 7 17 28 11 10 18 0 10 9 16 70 89 88 5 23 55 79 52 59 31 54 35 0 31 59 29 25 8 23 26 14 53 78 89 49 29 34 12 57
49 40 34 29 44 36 48 58 18 29 81 64 26 28 32 60 33 36 95 51 5 29 40 35 48 91 150 129 58 33 67 80 89 43 25 27 34 19 45 78 51 23 81 50 18 66 55 43 24 37 38 45 33 7 56 70 28 19 32 13 33 38 15 10 19 43 59 38 53 42 39 20 58 63 19 32 25 35 18 22 42 31 17 21 73 83 44 61 11 46 52 42 37 27 56 45 49 43 1 31
42 30 67 61 44 58 42 4 25 47 81 77 55 26 5 31 99 72 73 12 32 58 59 93 109 104 137 134 52 20 58 91 36 35 44 53 47 16 21 53 54 4 1 23 54 124 130 45 7 16 32 26 9 21 46 25 27 42 54 15 21 36 5 6 19 45 80 81 37 19 103 63 29 21 22 58 32 19 12 25 25 18 9 12 29 74 107 90 57 50 25 43 50 34 62 64 82 69 81 27
54 52 58 17 1 38 49 78 55 73 60 71 75 51 81 136 78 49 62 37 56 42 23 54 83 64 79 112 32 9 15 40 25 16 4 16 33 36 28 33 14 16 83 169 183 138 79 31 44 18 39 22 24 84 66 27 70 67 56 29 26 35 28 62 45 0 6 24 18 22 54 10 78 27 9 23 4 22 49 73 37 51 38 61 46 23 43 6 18 52 40 18 0 0 41 52 32 54 102 57
31 58 39 21 47 46 10 77 53 72 39 41 36 5 48 106 79 25 54 86 75 52 45 36 62 63 66 92 26 32 25 33 29 25 13 16 8 25 35 47 25 1 65 118 179 176 70 55 50 11 41 22 8 64 37 35 46 55 23 1 6 42 43 31 22 51 99 46 30 62 11 13 34 16 47 74 72 87 72 45 48 51 6 42 65 13 21 51 44 51 34 19 14 40 28 8 10 36 25 62
44 51 19 22 44 47 9 38 74 73 32 3 3 10 49 104 102 40 17 61 54 51 67 54 138 105 50 26 5 52 74 82 38 11 4 43 47 59 31 1 17 16 40 6 36 74 13 11 34 18 44 37 7 37 16 29 6 45 12 10 30 94 92 8 0 62 69 20 19 90 44 27 23 21 72 87 78 94 102 104 30 59 47 26 44 37 2 0 3 0 25 39 28 36 0 13 38 39 6 45
37 38 56 78 42 68 64 22 14 20 26 6 28 51 32 48 43 54 29 93 117 99 88 89 80 94 96 64 30 20 40 59 47 26 32 67 37 45 56 69 60 71 56 36 47 59 43 22 41 42 47 60 52 79 49 25 39 63 23 54 70 110 107 13 16 53 14 60 31 55 77 39 13 24 95 102 52 21 34 76 40 8 48 36 27 53 37 58 41 23 53 71 72 88 12 8 17 17 54 23
33 30 32 67 18 53 76 4 44 27 79 71 6 22 53 31 12 14 3 56 135 142 87 24 13 27 29 17 4 38 67 26 60 73 0 37 33 23 93 90 99 95 28 52 24 63 37 27 15 28 42 40 73 114 87 45 42 28 26 94 116 115 86 53 12 7 11 50 71 27 42 40 0 23 29 32 14 48 55 50 85 30 0 2 11 24 51 73 55 20 60 27 46 58 5 2 64 44 53 57
23 14 36 60 41 33 69 18 32 19 65 64 22 45 72 56 3 33 30 38 53 41 33 28 62 75 57 28 14 41 66 35 54 53 17 41 30 24 39 44 9 33 26 78 46 38 8 9 5 38 66 45 37 59 59 57 20 13 14 56 27 7 33 76 49 31 1 20 55 21 30 24 50 46 67 25 43 35 63 33 47 46 49 47 44 51 49 30 8 16 78 53 44 30 0 2 31 15 29 32
57 29 43 34 51 10 81 71 10 0 30 27 6 27 42 33 59 49 10 22 64 63 35 3 71 92 63 27 24 45 64 48 51 24 19 17 6 27 12 44 71 66 52 83 48 14 12 40 43 54 62 32 13 22 20 25 41 29 22 57 27 6 25 59 19 59 50 45 56 4 21 47 67 47 67 16 43 33 67 27 41 47 49 32 16 27 38 31 22 26 58 43 46 32 17 10 43 36 60 67
96 64 50 17 50 6 91 111 38 31 49 40 27 40 44 44 4 52 65 68 58 26 22 31 42 79 51 21 32 47 56 51 48 8 10 0 0 32 18 66 98 69 50 74 65 27 32 53 46 30 24 9 16 35 29 30 56 39 17 54 59 58 33 0 58 61 9 28 118 88 39 0 50 38 33 21 10 43 58 32 38 29 43 58 39 19 28 47 53 39 29 24 50 45 43 18 11 13 44 53
