93 41 44 34 81 71 68 19 123 77 64 39 141 133 63 53 9 36 126 104 72 95 73 67 93 57 33 22 31 96 140 116 127 105 81 36 80 31 12 42 91 112 123 65 17 60 67 68 68 116 183 131 68 12 58 42 58 138 98 35 0 51 92 102 66 9 74 95 92 119 112 40 26 119 129 68 23 48 133 94 58 45 27 7 24 19 38 33 42 118 93 46 45 10 120 153 91 55 46 167
75 88 46 34 75 57 44 20 72 0 68 71 54 120 169 54 40 93 82 51 63 151 146 100 108 68 53 88 43 96 141 51 52 75 100 54 83 47 24 49 69 128 121 78 127 131 98 95 44 45 26 61 55 31 37 54 21 38 53 11 11 86 97 51 11 16 26 91 168 148 139 27 0 112 86 0 27 11 77 77 12 19 38 31 37 77 102 54 30 193 239 113 32 24 50 50 28 47 107 255
0 51 67 68 13 40 84 4 31 74 122 56 21 40 114 122 46 82 18 69 128 192 160 90 186 151 101 147 64 53 81 12 40 34 63 43 104 100 57 60 85 87 66 71 191 183 107 80 49 100 108 170 134 78 36 9 24 42 30 75 141 65 60 34 18 19 40 80 143 146 134 76 16 53 17 35 60 50 47 3 0 22 29 52 80 87 57 50 58 220 255 158 85 86 55 14 26 47 111 255
16 51 95 140 86 29 45 68 58 146 137 26 7 36 78 60 89 73 0 46 64 93 116 108 145 140 73 101 71 0 2 52 73 24 44 51 115 108 39 27 6 38 27 127 84 95 105 141 114 89 95 175 145 39 30 24 56 76 35 56 186 125 131 103 77 76 88 33 19 89 135 84 44 70 124 102 54 30 42 6 0 23 47 82 69 44 13 52 16 101 142 197 172 58 42 56 36 23 41 133
36 13 78 108 81 41 29 39 46 94 118 82 44 28 65 73 84 50 47 77 96 141 158 110 102 111 75 69 101 23 29 132 109 92 119 93 88 83 71 96 98 0 106 27 30 50 76 148 70 89 91 151 158 73 38 34 73 33 87 36 97 105 102 120 89 60 71 94 100 20 125 139 17 109 220 43 115 66 55 18 12 11 88 108 8 23 68 89 39 94 77 52 108 104 112 54 67 41 36 80
78 16 85 73 45 110 102 2 34 48 64 73 76 43 37 77 78 15 45 76 106 175 199 154 86 78 67 25 50 23 58 108 78 117 146 81 13 9 32 44 56 65 11 46 57 62 55 27 35 123 74 61 96 100 30 31 29 19 68 22 38 22 8 54 86 44 33 0 127 93 116 99 30 119 199 26 111 82 42 43 81 38 76 77 17 34 68 97 87 129 154 60 79 91 105 116 90 42 12 27
86 45 68 91 75 88 56 35 0 39 112 67 0 31 60 39 48 14 51 88 55 63 74 89 56 60 52 21 14 15 79 78 27 83 125 133 122 142 143 81 63 105 42 26 22 3 18 54 63 47 6 23 83 91 35 57 4 81 53 7 31 52 46 28 71 63 113 93 124 97 19 82 40 115 178 113 16 0 13 92 113 63 39 18 54 56 23 53 151 164 138 19 30 86 112 138 164 103 59 54
24 5 70 150 48 54 75 59 49 34 97 100 62 76 60 54 90 71 62 110 75 58 10 0 20 68 54 59 30 7 63 55 46 46 38 90 136 174 164 62 53 6 30 52 145 173 122 165 61 0 30 10 21 33 84 106 75 139 193 152 48 39 24 32 111 69 0 68 20 80 12 59 0 40 98 142 77 56 40 26 62 42 39 0 39 77 42 12 144 142 76 39 34 37 87 144 102 65 44 30
14 48 84 128 33 0 105 92 105 86 47 80 70 23 34 39 45 10 56 90 111 91 22 31 51 50 28 90 19 8 57 59 86 49 37 21 13 12 70 81 29 34 15 77 76 140 110 120 103 32 46 43 59 13 66 152 138 128 134 109 15 24 56 41 134 91 87 44 35 74 49 24 1 77 111 87 38 57 49 117 68 28 12 54 75 35 73 53 156 146 66 64 90 96 60 58 44 14 12 69
11 11 82 44 72 96 57 162 235 213 98 69 35 36 24 4 56 64 15 43 69 36 37 23 24 63 55 13 24 74 73 61 47 3 39 110 112 98 85 70 78 128 2 8 0 103 106 21 97 53 16 41 41 41 73 117 145 78 55 58 16 33 41 35 109 97 123 112 22 23 54 43 46 39 80 10 79 78 100 96 87 36 67 52 48 3 2 65 233 178 97 15 4 70 153 79 43 33 53 81
26 20 79 46 55 45 41 108 210 156 114 91 136 38 43 40 55 30 16 58 109 78 26 33 36 29 80 101 46 62 74 71 33 35 57 120 139 105 54 135 179 93 7 34 90 35 94 88 16 70 13 64 14 98 77 51 51 20 51 76 31 37 82 172 203 104 146 113 50 68 13 60 40 62 37 96 74 10 68 100 109 89 102 65 44 9 45 59 126 208 166 34 19 104 189 120 54 28 25 0
70 18 118 103 77 45 24 21 54 79 65 87 105 67 61 95 42 79 81 91 97 76 44 0 49 113 93 150 91 79 82 135 112 43 13 64 120 89 50 182 231 119 52 50 108 151 111 98 37 85 26 77 0 104 48 20 80 41 62 91 56 36 38 121 67 101 94 65 110 126 65 7 69 65 69 144 107 50 44 72 92 46 38 25 18 14 64 18 8 155 170 94 35 55 54 61 40 20 23 23
74 81 153 147 145 60 13 20 26 62 30 42 57 103 152 236 161 32 23 42 44 46 38 94 138 148 57 61 26 45 69 145 161 22 38 105 143 126 123 177 139 41 27 29 60 129 91 146 68 26 55 113 95 109 61 76 97 42 29 69 80 70 29 54 49 32 4 75 193 139 107 61 50 98 56 190 119 42 86 117 127 43 41 36 58 64 49 81 122 63 94 113 36 49 81 124 84 67 61 85
92 99 110 117 137 64 42 61 97 87 54 29 66 85 126 172 168 95 0 69 68 7 64 39 68 56 93 65 57 76 73 97 98 57 99 114 152 166 141 90 60 66 90 39 22 37 77 124 78 21 132 110 111 35 16 22 81 61 44 67 55 47 40 57 54 5 47 145 218 151 92 16 44 70 51 105 40 59 31 75 81 95 30 19 38 21 11 83 145 4 42 78 55 56 78 39 13 43 92 161
80 0 30 25 33 53 10 42 24 44 16 37 61 126 74 33 30 26 41 145 149 43 31 63 61 151 177 55 81 86 53 96 44 63 54 48 107 135 81 15 37 56 26 52 9 30 34 60 25 11 89 26 16 16 40 22 53 44 8 35 23 30 61 65 33 18 11 146 133 22 49 31 34 35 16 35 166 215 170 52 98 182 70 70 37 27 75 103 59 59 70 58 47 39 84 64 69 86 114 132
84 81 109 126 48 0 39 74 74 12 26 72 157 126 79 34 18 30 0 29 99 88 68 89 6 68 101 101 82 35 42 97 41 23 23 77 59 46 57 85 117 85 70 46 44 14 18 21 21 21 21 30 11 100 99 55 68 53 0 21 5 11 57 46 31 51 38 82 77 75 19 17 60 18 51 166 215 181 47 65 136 143 81 99 8 42 90 109 24 184 230 236 112 15 54 86 53 49 55 25
40 104 99 77 77 108 123 73 22 8 55 46 50 28 67 70 18 0 51 38 35 57 162 209 57 23 76 138 163 182 230 184 70 112 156 46 31 47 18 80 105 96 78 66 95 40 0 0 41 65 118 60 84 192 116 103 117 57 58 62 81 70 20 57 18 29 69 56 49 66 52 92 79 33 6 97 130 77 68 23 88 90 70 16 51 88 71 21 22 127 222 252 144 33 42 38 21 15 6 34
74 79 45 72 141 189 188 59 28 0 18 104 99 67 87 72 51 20 46 37 83 92 138 133 22 25 28 42 91 101 149 172 101 70 104 70 42 59 59 9 27 77 81 71 65 52 36 31 62 76 124 52 97 184 129 119 95 78 77 83 121 108 30 108 53 20 84 64 15 44 99 126 77 21 43 101 64 46 66 61 118 91 40 11 81 118 89 17 37 0 67 172 150 35 6 0 37 78 79 46
38 13 45 29 119 175 104 27 48 43 65 94 49 43 105 120 66 28 125 166 142 40 86 114 40 45 31 42 69 45 27 15 39 36 46 44 27 27 80 41 58 74 43 59 51 67 52 11 0 59 79 56 68 124 134 68 47 63 60 22 38 80 43 84 44 24 0 50 84 69 97 56 110 87 43 41 22 58 79 93 156 108 26 12 76 85 82 41 46 52 53 90 148 94 47 51 22 70 96 69
44 43 93 24 89 111 47 62 34 55 132 122 134 107 98 69 96 0 78 177 177 36 40 25 98 63 55 89 35 50 65 34 4 67 95 81 43 16 91 106 81 53 43 104 85 50 37 0 9 1 52 74 54 63 5 57 44 29 122 142 30 0 57 62 89 35 13 26 89 80 32 55 90 108 73 92 52 61 58 46 80 135 83 14 21 32 71 41 21 88 48 35 63 47 36 58 33 26 60 81
90 62 17 0 41 22 52 26 37 96 150 144 159 77 48 34 89 151 118 109 225 83 2 69 87 44 55 130 42 67 71 23 71 107 142 98 31 10 77 95 78 7 24 102 101 41 40 12 29 7 63 90 49 126 156 36 96 139 71 23 70 32 63 61 130 65 43 41 99 32 61 41 37 31 113 156 31 22 25 22 51 105 75 53 88 71 65 16 0 11 42 180 147 72 46 20 48 16 48 53
196 80 25 42 59 48 79 14 102 149 84 85 106 77 67 31 43 111 182 173 121 55 110 121 17 33 75 158 93 58 24 1 46 79 92 44 27 0 18 63 90 20 63 116 120 71 53 10 10 79 137 44 73 95 34 43 114 107 55 98 165 88 99 77 79 0 49 0 107 70 52 24 6 0 77 59 0 55 20 44 30 69 51 51 107 84 45 0 36 21 20 131 110 67 51 27 28 33 89 51
153 39 24 39 41 30 23 36 14 50 59 56 61 70 44 5 29 6 78 147 96 95 169 106 36 0 0 66 129 91 49 8 0 42 44 39 74 22 13 75 53 49 143 175 134 99 54 20 20 127 67 36 106 137 60 0 16 25 0 44 92 88 58 0 12 31 26 14 49 60 105 51 8 43 37 7 66 101 28 48 18 135 150 65 71 90 91 72 46 67 62 30 34 34 12 9 43 37 114 92
76 60 7 38 62 14 44 144 106 0 68 49 96 116 37 8 32 31 20 64 63 59 81 50 56 63 154 189 192 69 68 57 91 45 23 45 56 26 81 119 34 11 75 105 81 109 59 39 29 75 3 90 57 85 28 38 40 34 50 72 0 28 55 70 62 83 72 116 0 112 158 47 67 104 43 77 123 50 42 73 68 104 105 68 94 79 74 115 51 26 95 40 42 49 57 85 86 13 74 99
124 78 55 28 48 32 25 36 96 38 45 14 105 96 17 13 33 77 20 70 108 100 64 90 68 34 107 245 164 67 116 32 86 90 55 48 18 33 110 109 36 38 26 42 42 42 81 50 50 37 15 23 0 14 33 17 39 36 100 120 102 79 43 48 114 132 90 98 30 90 80 6 52 95 62 93 108 26 48 24 69 45 71 33 65 76 0 63 47 103 55 52 84 121 102 103 88 19 15 62
67 74 94 19 0 51 97 56 109 100 32 23 140 126 18 41 4 54 123 160 57 58 112 95 35 22 43 79 78 32 107 28 152 101 55 61 19 33 25 21 39 67 83 85 54 39 22 53 108 74 57 81 54 0 4 38 43 85 62 53 120 37 60 64 63 83 66 43 14 86 74 27 16 5 47 71 84 7 110 89 26 92 19 26 64 31 40 16 93 217 114 96 109 94 123 149 73 81 101 64
92 80 78 43 38 27 17 21 141 207 125 93 92 72 18 38 33 84 82 60 29 19 35 62 29 93 43 82 88 133 116 37 35 39 46 21 28 44 7 43 38 20 84 113 46 116 89 89 70 70 48 73 63 65 106 171 103 181 92 51 57 11 46 64 8 74 64 9 71 115 62 72 33 72 40 0 14 44 133 161 22 105 74 62 66 41 52 32 40 142 54 80 43 23 77 174 121 29 80 82
114 97 47 3 41 68 56 71 90 191 134 140 114 67 44 44 3 21 14 0 12 9 24 78 137 179 106 55 56 65 63 15 51 124 137 17 67 41 25 72 27 6 72 107 10 134 105 50 27 60 40 68 26 66 83 108 102 89 63 51 12 30 30 45 33 61 98 86 141 165 147 117 57 26 28 52 40 87 152 159 55 56 115 130 148 166 105 63 66 18 62 10 47 9 55 88 61 44 106 52
53 40 37 18 17 59 60 39 123 178 77 98 154 81 40 41 91 75 42 5 27 27 4 44 155 177 147 112 65 38 57 74 90 110 80 0 47 4 22 27 14 75 120 132 17 76 48 34 30 31 52 116 94 103 119 118 104 0 41 66 86 77 57 58 45 66 55 64 135 121 117 112 87 23 49 50 61 40 75 51 23 28 87 127 100 106 112 43 32 58 151 78 28 53 28 62 76 8 109 118
70 38 30 57 58 33 2 40 107 160 125 93 84 38 57 41 89 73 114 67 0 21 43 52 108 102 96 141 76 53 35 72 102 49 10 45 58 31 66 23 37 95 142 163 37 40 59 74 56 41 78 109 125 95 115 88 107 95 97 99 89 76 63 96 124 55 27 54 23 23 70 32 74 66 37 21 60 79 115 144 88 37 2 14 15 82 154 88 46 94 146 100 135 110 56 62 38 56 105 59
72 59 0 0 29 38 15 85 106 167 240 189 65 24 68 33 57 73 76 50 61 96 16 32 75 14 32 34 74 48 87 117 146 115 67 77 64 51 75 0 54 54 97 117 35 29 54 48 52 86 84 78 99 89 77 52 66 131 88 75 35 50 33 94 151 95 44 59 12 23 28 34 65 31 29 111 74 76 104 127 50 51 59 67 49 43 46 11 23 65 56 87 87 57 1 57 60 10 24 41
59 58 67 96 81 56 1 10 41 35 90 100 43 19 38 60 89 54 52 58 68 124 54 74 37 27 52 69 79 61 47 75 106 149 89 0 45 82 114 34 14 33 55 48 60 48 15 12 65 117 30 24 26 74 57 106 97 65 47 55 92 76 27 60 69 22 17 54 0 36 18 28 67 114 131 156 169 93 54 21 32 51 12 61 87 48 80 91 41 14 39 27 52 27 28 59 31 91 100 66
70 80 31 31 31 8 43 74 118 78 71 93 34 78 72 54 9 71 136 103 4 74 59 16 5 41 24 113 149 94 83 24 105 114 91 15 24 67 87 37 25 30 97 75 69 53 25 54 55 57 13 36 0 24 26 117 85 54 71 143 56 73 106 41 4 59 91 3 21 66 90 85 98 112 106 88 90 105 140 41 129 110 52 10 30 42 62 146 83 57 48 16 63 30 73 45 21 151 70 38
50 2 19 17 50 3 0 100 116 23 113 132 30 63 23 0 32 63 157 177 131 59 17 0 43 100 70 64 57 115 100 33 133 156 112 20 33 61 68 43 39 39 82 62 42 46 76 81 46 46 13 14 65 9 109 180 110 83 24 126 157 21 0 11 29 0 71 26 25 40 38 27 27 11 94 109 67 28 98 0 135 115 41 36 48 68 112 136 112 94 57 12 70 30 39 15 49 42 43 49
8 0 22 45 59 71 51 44 25 47 94 65 11 46 96 122 83 84 118 141 140 49 44 61 66 118 126 102 45 120 57 2 5 86 105 76 110 97 50 23 37 24 41 37 19 28 69 20 30 54 22 41 63 5 87 153 170 51 57 147 67 7 112 132 112 64 30 4 28 106 28 57 48 0 54 114 0 87 53 3 156 246 173 125 51 0 35 56 44 33 43 52 111 68 62 39 68 21 99 47
59 84 107 111 153 89 54 74 59 69 94 93 47 4 93 176 118 78 12 23 30 29 100 148 93 51 53 76 41 84 44 48 83 89 62 57 106 97 37 1 6 27 69 58 17 2 46 30 40 55 50 77 34 34 60 112 170 84 73 120 101 133 94 102 162 40 23 99 11 102 88 123 53 57 55 69 25 35 60 16 130 255 171 126 120 67 32 45 22 3 56 105 123 74 66 46 30 70 154 0
76 27 128 40 84 94 106 89 135 126 85 0 60 69 45 118 162 99 20 32 29 39 118 134 170 81 46 40 31 38 49 54 54 32 20 42 56 44 18 8 29 13 30 24 43 42 41 39 39 18 78 125 116 72 97 55 88 114 183 151 53 154 178 154 243 46 37 89 80 10 48 64 34 65 97 27 133 72 18 9 47 98 32 45 128 114 43 56 52 46 57 62 68 43 18 10 27 83 131 3
23 46 91 77 81 49 0 18 35 34 112 143 114 43 27 26 49 37 30 35 62 69 125 74 103 110 121 58 48 43 88 60 78 48 30 35 6 0 12 41 12 4 20 5 18 8 8 30 50 27 58 170 202 143 196 91 115 149 174 241 209 31 39 228 223 126 55 71 77 95 77 0 45 73 0 85 181 71 0 54 18 0 30 77 101 60 21 53 69 104 69 28 66 90 36 23 42 24 40 46
13 105 108 111 21 56 102 91 112 140 75 45 64 53 67 26 53 74 60 43 60 70 91 56 60 96 131 46 31 8 45 31 53 30 0 0 13 24 0 5 29 12 6 5 19 16 35 11 37 38 0 76 95 122 188 116 100 112 153 163 116 155 192 55 109 180 177 28 137 127 122 61 0 56 98 24 52 76 63 63 36 4 80 129 143 91 71 78 30 59 59 42 57 110 58 9 93 91 79 97
51 29 70 71 106 87 107 121 129 161 122 47 60 80 64 87 75 76 15 42 45 67 82 154 49 19 48 25 54 19 17 34 11 46 15 8 17 21 0 14 10 19 20 23 2 8 100 70 66 100 46 31 28 82 101 45 3 70 208 255 108 118 196 255 255 234 193 141 13 55 28 39 36 0 109 61 41 44 99 73 19 18 67 77 124 83 64 47 26 6 74 115 71 136 125 46 112 213 176 87
38 106 130 154 199 133 162 166 87 126 140 81 20 84 150 131 93 51 80 25 31 56 107 141 30 0 65 75 41 31 11 43 0 9 16 13 7 6 7 6 15 38 55 32 66 29 95 75 42 50 55 26 83 43 90 83 26 65 56 180 165 205 255 248 249 170 220 135 29 18 27 23 92 17 76 51 18 85 86 52 27 27 67 69 102 96 76 1 24 15 0 68 101 190 157 99 52 213 137 5
50 161 205 138 146 54 102 144 139 166 135 81 67 61 45 75 103 94 139 81 38 25 48 76 74 108 145 111 45 34 39 21 6 5 5 9 12 13 11 9 28 52 40 10 29 29 87 66 36 15 11 8 73 40 36 10 70 149 173 117 10 255 250 251 217 255 228 149 25 22 43 51 143 66 44 50 56 96 17 0 38 48 107 90 75 115 46 10 12 53 51 121 12 98 94 119 156 140 63 46
113 185 184 61 52 60 134 174 166 173 133 53 69 53 19 50 65 79 143 132 95 66 32 15 78 123 132 123 46 0 14 0 20 9 6 17 24 19 9 4 15 34 18 14 20 22 49 31 24 11 21 11 16 0 23 73 104 74 132 135 251 199 163 133 255 241 248 255 176 72 3 94 115 74 67 89 100 152 133 91 21 33 135 158 123 112 95 163 115 13 53 90 97 27 64 68 104 85 38 22
134 170 154 75 25 77 54 19 88 86 153 80 55 18 62 90 65 84 122 89 22 7 11 27 42 32 19 74 74 28 33 6 12 5 10 26 29 15 4 4 7 7 8 31 36 5 13 12 34 2 3 14 19 55 102 196 235 168 81 204 255 237 154 178 162 255 179 250 219 31 46 44 68 106 103 71 76 91 144 65 25 36 122 33 69 23 179 248 176 31 14 67 105 37 57 85 4 127 112 13
73 104 96 69 57 94 59 88 115 50 156 138 134 44 95 92 5 59 136 143 88 54 31 16 9 36 52 44 13 0 10 12 0 0 10 22 17 3 4 16 21 9 21 25 35 0 11 20 24 13 31 57 30 63 103 199 206 209 136 239 233 255 255 97 138 185 234 187 131 255 217 70 152 194 62 0 37 27 92 91 41 67 75 102 31 35 100 229 183 117 36 62 97 134 87 58 20 159 144 31
15 55 66 62 127 67 9 87 77 7 49 47 113 59 109 93 60 51 52 24 8 28 69 74 2 4 12 0 0 31 27 27 13 16 20 19 5 0 4 20 15 18 36 15 22 0 17 15 40 15 7 45 28 49 41 68 56 36 166 154 134 231 240 244 216 244 251 115 255 254 243 164 114 136 30 69 89 62 48 104 95 85 98 42 41 73 14 7 65 59 50 14 89 128 141 90 91 161 145 46
79 76 58 63 159 114 47 53 81 72 62 37 42 6 68 72 109 109 116 65 33 23 74 77 17 16 22 7 3 11 14 43 25 27 25 17 7 1 4 8 1 12 27 19 14 13 15 19 9 17 14 38 0 12 35 57 138 94 122 45 75 132 230 255 35 255 230 157 230 241 182 40 126 132 112 145 115 114 43 145 92 50 66 34 24 24 27 124 150 72 45 47 92 118 120 60 106 164 167 64
104 58 20 50 127 189 142 44 75 59 45 100 73 30 62 47 25 14 25 0 6 7 53 32 1 16 15 6 8 10 15 25 8 12 13 12 14 14 7 0 10 6 4 25 10 22 17 48 53 48 18 39 17 37 62 52 115 115 99 81 53 109 248 226 251 255 238 159 255 174 97 13 108 161 183 115 132 162 44 191 107 42 43 69 122 40 36 68 96 32 91 117 99 55 68 9 43 121 139 47
78 55 81 83 38 139 168 99 5 33 27 51 122 110 64 69 50 0 90 52 25 11 3 0 5 9 12 11 6 2 2 3 7 0 2 14 18 10 3 3 7 0 13 10 13 17 12 49 48 48 66 53 41 48 109 138 77 37 96 98 119 17 144 197 253 242 243 145 153 75 22 39 65 137 115 19 55 132 32 118 59 13 52 34 88 86 21 54 67 93 104 154 115 91 84 41 71 20 42 34
33 20 91 114 23 17 81 79 59 58 67 103 115 54 5 18 33 14 64 38 9 32 15 0 16 16 15 12 9 8 9 10 0 0 0 6 12 13 12 13 6 15 16 0 0 15 8 26 38 70 65 81 48 0 66 99 58 81 228 157 64 255 229 255 240 116 65 55 38 104 69 4 34 65 77 28 37 71 24 71 34 26 59 66 68 74 18 51 118 117 68 126 134 117 109 50 40 16 52 36
67 54 71 102 65 35 36 40 101 51 127 199 106 30 34 31 16 18 18 22 0 35 11 2 10 6 0 0 0 0 0 0 6 9 10 7 7 12 15 15 0 1 11 34 28 28 0 14 20 34 91 59 72 90 59 20 0 79 80 44 218 255 255 247 255 223 82 47 94 224 98 13 31 18 49 39 3 11 35 18 74 94 83 101 67 77 23 45 106 32 33 118 99 83 92 47 32 51 28 134
73 43 33 101 119 71 43 180 153 64 41 83 52 18 11 21 13 14 0 17 6 19 3 11 17 12 6 4 6 8 7 6 10 19 19 9 3 7 10 8 35 23 0 14 10 23 12 38 6 79 61 10 74 194 36 61 36 124 70 71 251 229 251 245 255 118 73 55 165 255 219 33 33 84 23 0 31 24 38 75 16 71 29 58 59 89 73 111 62 20 46 83 84 61 23 40 39 0 74 119
88 26 35 57 146 138 97 183 158 54 23 52 3 27 42 7 9 16 0 12 20 12 12 18 18 14 12 12 15 15 13 9 0 10 14 6 0 4 6 3 0 19 4 4 15 47 33 13 3 42 59 102 242 255 111 60 41 73 50 140 254 255 235 255 19 108 167 248 255 236 75 0 30 52 16 64 56 52 62 66 90 148 75 68 93 94 90 124 104 31 24 21 0 30 68 28 69 57 47 80
36 19 98 28 123 124 81 7 50 64 41 42 19 26 4 15 0 16 16 0 14 12 23 11 3 3 5 7 8 8 5 2 2 10 15 12 6 4 3 2 13 22 14 22 39 31 29 19 72 121 184 132 206 186 114 178 114 158 213 248 240 246 245 94 18 93 226 241 251 89 74 122 119 96 56 124 99 64 39 75 157 167 74 53 91 71 43 23 65 59 0 30 89 93 156 149 92 10 74 13
62 107 150 45 75 41 102 138 110 69 30 37 0 29 19 0 4 12 22 0 3 9 14 4 3 6 10 13 13 12 12 12 11 12 16 19 15 10 9 12 32 26 55 102 117 25 12 22 61 197 140 47 163 252 80 255 251 247 251 247 255 240 84 65 60 86 202 255 170 23 79 208 235 98 74 102 15 0 23 50 116 93 51 82 124 145 142 90 69 63 66 97 125 104 111 63 45 32 61 133
7 140 107 78 170 131 79 70 121 74 19 28 0 20 10 8 28 9 19 14 3 4 0 8 0 5 9 10 9 9 12 15 1 0 4 16 20 17 20 29 20 19 54 91 124 52 88 119 126 189 159 63 235 246 139 115 230 241 252 156 134 97 39 124 34 76 55 56 15 99 129 134 236 124 121 106 51 19 10 46 50 26 34 79 51 82 112 64 67 71 84 4 75 163 119 86 107 87 66 63
58 51 92 232 217 141 56 58 48 43 6 11 27 22 36 30 11 18 4 21 0 4 8 4 9 1 7 0 17 6 10 0 20 28 28 1 34 20 52 16 10 0 46 84 68 56 35 49 138 149 103 247 225 131 129 247 172 255 159 96 47 63 97 121 0 107 78 25 64 62 92 80 93 156 112 51 63 96 118 154 156 79 49 4 29 109 105 52 67 62 115 106 165 153 148 169 147 67 31 32
126 43 142 255 139 53 44 0 34 23 34 52 67 10 5 13 6 12 0 18 0 5 13 9 11 14 20 8 4 0 17 29 3 11 21 22 42 18 35 15 0 14 71 62 110 202 215 151 30 77 124 168 164 186 231 255 167 41 43 45 95 40 51 34 90 17 79 22 67 70 89 93 36 5 15 59 84 172 113 165 148 145 25 68 69 131 143 95 43 72 147 97 64 94 157 170 111 107 50 52
54 65 166 168 62 35 79 43 76 26 22 7 37 0 5 26 15 18 5 16 0 1 9 3 0 1 0 6 0 4 0 1 7 8 13 34 37 15 22 26 26 29 60 42 16 147 254 148 33 145 234 255 253 255 253 214 101 42 94 156 87 85 34 100 72 54 136 99 62 27 138 192 118 39 63 41 60 88 99 116 151 140 0 89 101 114 108 83 81 98 79 13 14 82 143 176 50 135 82 55
42 86 117 76 36 4 18 63 14 35 76 42 31 15 6 25 2 4 0 11 5 8 24 17 4 9 2 19 9 18 0 0 10 9 6 34 25 18 9 20 12 4 65 52 89 249 243 238 157 255 255 253 248 255 152 93 70 6 103 60 9 23 94 50 18 46 116 101 55 69 87 230 227 69 94 100 69 72 0 84 187 112 27 77 82 51 24 34 117 94 26 20 45 68 74 109 25 113 86 19
0 41 69 39 20 55 40 20 40 39 24 4 14 65 36 31 8 6 2 7 5 1 18 6 10 22 17 22 0 9 10 26 0 4 1 22 11 24 2 4 20 49 64 85 89 139 255 242 255 237 245 238 255 253 59 38 57 101 34 38 11 88 94 51 48 64 35 75 52 67 57 197 140 77 34 77 87 68 97 170 88 64 89 71 49 71 68 65 78 41 26 83 37 12 48 87 97 112 112 23
48 16 75 130 89 37 0 26 24 46 43 62 50 74 39 45 16 11 8 7 7 0 9 0 6 9 7 11 5 11 9 13 13 10 0 0 0 28 15 20 34 78 88 123 244 174 240 247 252 255 241 255 252 167 121 20 104 113 15 47 44 133 127 4 13 83 45 97 48 0 32 45 94 93 110 34 59 34 40 73 31 101 145 114 63 143 112 24 28 26 17 92 63 13 45 88 95 86 109 25
53 32 104 123 92 35 13 48 66 85 79 112 105 89 51 39 3 0 5 7 19 8 29 12 19 9 8 10 27 23 13 0 24 15 12 1 0 28 22 34 3 83 119 191 242 145 255 255 253 244 252 95 63 120 82 44 86 104 49 34 39 72 59 46 104 98 75 43 26 64 66 50 112 88 21 47 43 14 33 85 25 78 103 111 98 189 118 42 13 40 27 124 160 82 51 51 61 105 132 87
85 0 61 68 49 5 26 43 53 110 125 125 84 30 28 30 27 20 23 18 24 4 19 0 25 15 16 0 8 0 7 3 8 6 29 28 26 29 8 14 0 131 233 252 251 255 249 248 255 248 135 97 91 66 45 56 135 42 50 113 129 130 38 39 83 78 12 54 91 112 100 62 80 54 97 101 113 70 114 185 50 8 22 37 63 118 40 75 13 15 38 168 193 128 132 98 42 136 144 152
68 97 98 123 71 29 77 58 89 132 78 57 117 87 16 11 30 13 49 49 37 5 16 22 46 24 54 4 0 42 0 16 34 14 37 8 36 39 26 47 79 215 255 250 255 246 255 255 230 113 12 52 136 116 35 131 96 8 66 180 124 27 25 14 65 93 66 10 39 80 45 85 134 146 75 112 115 60 42 70 66 81 62 120 98 16 36 46 60 31 82 80 99 90 106 88 4 119 183 163
60 131 129 124 65 2 29 66 91 104 22 141 216 146 70 44 76 53 81 72 56 0 10 33 42 24 52 29 57 129 86 37 59 87 31 84 116 122 98 46 61 87 32 120 255 253 103 160 143 93 132 155 125 117 129 0 89 115 61 37 36 45 60 45 18 96 38 81 71 115 162 105 126 150 65 0 7 42 86 77 82 146 103 97 90 0 32 13 98 50 49 18 37 32 66 58 44 148 240 255
77 61 50 82 132 51 24 38 130 157 42 90 204 156 69 58 48 34 54 62 73 18 24 47 44 25 26 12 71 176 152 32 104 52 103 137 109 90 81 11 96 225 90 62 149 185 60 50 41 119 120 143 114 100 122 167 22 99 97 91 119 40 11 8 73 125 33 69 90 95 102 64 101 141 112 29 55 84 128 95 88 98 114 32 10 81 7 104 113 61 38 42 68 35 37 28 61 111 162 196
126 120 132 68 87 2 54 115 111 113 100 20 110 111 37 28 24 17 23 74 80 22 9 50 0 35 72 59 76 158 219 147 54 92 195 254 93 44 50 21 15 71 0 44 180 172 81 107 73 94 140 153 47 116 158 182 88 49 66 66 103 9 14 30 28 139 61 0 86 123 32 40 80 116 119 46 68 20 73 112 47 60 84 42 61 43 28 58 104 98 50 28 5 0 13 28 65 76 64 37
63 173 158 18 39 48 125 203 158 30 87 37 21 38 33 25 58 47 0 44 23 4 5 62 11 27 47 66 84 96 154 116 55 43 145 77 102 56 21 22 38 38 100 93 119 114 0 76 27 72 161 150 73 38 116 202 55 65 116 74 58 54 57 55 55 115 0 46 68 76 24 103 47 147 132 7 28 0 70 121 48 76 13 88 37 26 37 21 22 74 57 63 64 117 79 30 28 53 63 45
5 208 150 14 0 21 59 180 215 75 29 55 19 35 77 101 74 107 39 38 31 80 48 0 110 117 106 92 75 3 44 61 6 66 86 139 139 27 36 35 71 0 98 148 47 61 22 34 0 76 63 42 29 26 124 155 15 84 99 90 46 83 50 92 147 47 78 44 94 102 112 108 92 146 88 34 68 7 45 91 43 0 58 60 51 70 39 40 72 54 31 32 45 95 60 34 79 65 64 67
62 179 93 14 8 8 42 119 250 226 81 78 71 38 44 70 166 166 70 21 43 126 133 36 138 173 128 61 84 39 43 32 72 49 103 110 128 34 49 52 20 44 123 138 30 47 91 17 77 97 38 58 41 4 67 110 93 106 62 137 139 119 72 114 114 106 8 148 151 122 157 113 83 170 73 0 0 21 65 10 90 55 29 44 0 54 43 95 79 36 76 31 14 13 47 100 135 73 39 44
89 118 82 32 42 24 80 26 184 216 103 69 90 54 84 113 119 86 58 83 119 116 153 117 55 195 182 58 90 93 96 61 33 72 79 34 57 59 25 30 7 142 163 20 49 69 87 91 152 98 95 58 111 110 139 68 65 95 84 149 139 53 72 74 103 146 93 10 104 71 50 86 92 130 61 92 44 20 119 145 105 87 36 52 22 10 24 88 95 56 134 26 25 20 54 59 101 51 27 27
43 33 65 36 31 85 73 67 75 103 77 24 36 63 71 68 33 28 59 59 80 51 79 185 106 73 121 87 52 82 78 0 38 20 35 94 23 32 4 51 44 117 160 40 72 92 77 88 82 55 62 52 152 185 160 93 81 43 49 110 117 142 157 92 97 133 109 35 50 31 40 66 39 20 36 80 30 50 97 75 122 120 59 48 17 54 75 71 115 113 123 44 0 28 65 23 78 36 0 29
36 33 62 23 20 28 45 55 29 22 33 45 49 111 59 9 66 115 139 122 72 50 67 91 116 45 44 161 209 78 76 38 79 24 78 96 59 30 68 102 76 83 27 29 27 79 90 95 47 51 51 58 150 170 122 92 93 90 83 65 119 74 112 76 100 133 195 50 67 37 60 30 55 38 102 93 50 58 93 88 77 48 17 16 30 16 56 98 52 23 74 41 66 64 90 11 41 48 70 144
54 129 106 25 28 28 95 38 40 39 41 64 8 41 106 70 98 95 48 54 42 90 103 40 51 63 40 127 251 155 138 48 68 0 34 72 122 37 72 167 156 136 0 97 82 47 48 89 53 36 51 69 38 44 48 75 72 82 75 141 75 62 55 33 122 211 104 94 38 56 62 40 74 60 98 110 125 52 75 101 53 55 40 35 107 83 85 77 59 23 60 70 105 93 98 35 10 23 45 108
56 85 75 19 39 44 84 84 82 0 32 33 41 75 104 67 92 42 33 96 75 43 71 111 93 151 140 91 144 122 82 13 16 42 65 62 69 40 52 104 147 94 14 118 72 4 48 19 52 67 86 100 32 44 19 20 34 62 38 102 88 130 47 23 99 121 41 38 66 72 15 97 186 102 98 86 80 22 50 85 53 86 20 23 90 94 81 50 87 79 29 55 39 67 60 81 21 20 19 66
47 49 125 62 34 44 0 55 46 43 50 86 62 17 81 43 49 13 7 0 33 41 21 8 73 155 168 68 31 81 84 59 77 35 32 48 26 85 112 54 48 79 23 52 76 36 37 11 109 151 80 38 67 129 55 39 37 114 114 119 7 131 69 98 116 76 60 12 88 75 56 159 193 90 105 72 17 53 60 38 161 161 26 81 69 51 3 3 39 78 2 52 39 67 23 64 85 75 56 84
61 37 23 9 26 54 28 29 54 45 39 67 33 79 74 70 99 32 33 25 50 27 24 71 65 135 108 39 0 68 106 34 87 67 105 129 69 27 47 22 52 46 15 37 17 32 75 118 164 149 91 60 72 88 43 46 13 77 105 3 108 78 46 135 152 97 49 40 17 50 44 57 68 68 17 74 84 90 80 18 70 110 52 122 21 22 1 76 39 64 9 50 81 74 36 40 21 41 55 96
59 60 65 122 98 0 21 30 65 90 24 64 17 82 87 0 44 30 43 39 25 28 40 36 94 76 21 34 28 45 85 28 89 105 89 74 69 46 54 47 86 97 38 51 73 65 105 255 203 86 70 61 20 0 40 68 92 114 131 96 93 25 26 107 152 54 114 114 82 93 17 0 28 62 1 82 99 76 77 41 80 61 61 86 27 107 46 68 95 66 27 37 54 34 74 74 24 79 137 208
104 38 77 59 70 39 17 16 16 38 22 40 30 146 165 41 8 15 26 59 24 59 97 54 111 72 36 28 30 21 54 26 87 76 71 132 109 66 33 10 26 80 86 110 155 99 71 143 114 2 8 17 45 25 38 17 103 125 95 91 17 20 70 103 71 32 74 185 166 101 70 80 20 0 131 133 32 92 80 59 30 23 151 128 44 106 31 63 82 54 70 100 62 24 99 98 44 63 69 96
15 16 107 157 97 82 108 2 67 32 110 135 78 134 122 9 41 45 58 22 47 109 122 34 87 82 18 109 84 39 34 85 103 109 84 93 77 100 105 73 101 117 100 140 123 76 107 100 59 29 75 37 46 0 76 38 62 75 49 37 82 24 62 46 48 62 84 68 40 7 49 56 9 35 173 127 63 100 58 32 42 93 169 111 152 155 34 6 65 113 108 102 45 22 0 36 90 93 64 49
68 87 75 179 113 166 81 13 22 62 97 112 163 135 80 48 45 66 27 60 41 183 159 37 101 0 42 98 92 46 65 72 46 72 62 30 52 92 94 61 109 133 52 20 71 85 64 93 61 42 61 54 44 50 32 32 109 160 67 81 78 75 132 39 68 65 63 49 75 71 78 84 66 70 66 98 63 65 79 89 33 55 130 135 163 142 52 63 66 112 131 79 107 129 40 40 142 134 66 48
92 45 70 113 139 132 107 74 143 174 133 74 61 47 63 106 68 40 27 61 34 102 158 126 107 76 7 45 22 38 38 65 82 57 48 23 76 71 51 78 103 118 74 52 55 53 7 28 14 2 77 119 14 80 123 56 37 49 79 51 56 20 104 47 20 34 52 63 94 83 109 177 140 100 12 22 35 145 211 108 103 17 28 107 135 90 31 75 106 146 77 34 99 80 30 7 73 109 57 64
79 10 54 75 75 90 100 75 130 228 244 163 25 23 27 71 47 31 81 62 79 65 82 41 15 58 18 5 25 25 24 96 128 105 82 21 71 94 42 61 77 56 116 63 21 78 15 69 36 72 27 88 125 42 73 131 121 79 77 150 87 54 20 34 40 52 53 75 74 55 118 185 156 71 32 21 24 89 144 149 77 70 90 126 111 122 104 95 71 143 31 78 85 96 51 47 152 161 72 82
36 0 33 13 42 68 66 11 46 147 161 86 75 81 6 29 75 44 35 23 63 102 90 148 139 7 30 14 60 119 86 152 117 81 59 15 31 74 12 28 13 80 103 76 49 68 34 0 26 45 37 94 143 67 68 2 146 141 91 162 113 48 40 41 31 73 30 14 28 113 186 100 119 134 88 37 72 114 37 100 116 62 37 56 23 36 46 44 70 69 77 5 102 115 142 123 132 143 77 82
58 76 20 52 48 89 21 47 53 72 89 20 139 106 64 56 10 11 22 63 117 100 14 73 43 0 51 57 47 90 125 203 120 61 79 82 44 68 31 47 38 77 111 143 107 85 116 53 73 28 59 100 91 54 73 104 136 112 42 65 91 147 100 37 84 102 70 77 54 95 137 39 71 164 124 111 115 140 14 59 45 72 104 74 10 39 77 68 20 43 34 51 87 113 81 55 20 55 69 65
83 105 64 34 58 20 1 28 109 83 120 47 119 56 179 183 24 63 46 10 98 111 91 64 63 118 65 27 71 29 106 154 57 46 132 110 19 55 66 15 72 0 150 160 105 75 37 66 59 91 149 138 108 68 76 149 109 45 102 34 71 74 68 25 44 145 165 93 35 117 133 41 71 0 0 117 206 170 50 113 111 51 57 47 24 26 46 56 20 70 45 46 75 54 57 62 33 15 41 15
67 140 98 77 42 83 62 19 49 23 40 21 97 42 202 165 12 101 87 49 53 25 71 64 79 163 35 94 98 87 20 87 48 25 168 170 48 38 89 38 75 40 60 69 87 27 79 143 40 63 106 149 174 43 32 92 57 18 49 150 62 35 33 51 93 99 113 77 24 44 29 62 152 123 124 62 187 172 38 38 96 32 46 27 36 50 47 29 15 108 156 47 69 71 49 101 37 21 99 81
51 59 28 56 46 94 73 38 25 50 38 76 24 75 75 45 42 57 62 22 5 7 51 59 81 171 5 186 167 80 75 69 15 39 53 14 78 15 2 32 29 40 108 47 60 63 36 117 70 56 87 93 102 58 59 83 114 80 57 134 108 66 22 50 82 71 80 49 22 36 55 59 59 125 89 61 94 91 108 45 72 46 3 16 24 54 51 17 51 67 137 141 53 69 28 29 4 4 78 70
39 22 22 32 24 75 61 52 38 51 108 78 2 110 54 1 22 105 114 38 17 23 37 0 61 103 53 52 106 83 87 109 67 36 85 80 0 54 8 47 142 150 26 51 8 58 7 13 58 69 81 48 169 114 14 88 81 27 63 57 126 128 41 19 85 59 81 107 54 25 27 77 56 70 26 50 39 59 153 129 47 41 25 41 43 95 87 7 75 58 129 166 76 61 147 68 73 97 5 37
0 15 67 21 0 68 87 90 95 88 172 131 6 68 17 8 73 85 44 6 29 33 62 58 91 145 112 100 133 68 54 77 85 48 19 23 49 15 96 134 168 166 58 128 74 33 19 27 10 85 84 94 115 150 101 16 55 68 75 47 127 121 111 89 104 48 72 60 67 21 26 23 87 68 60 2 46 51 34 122 90 102 36 20 75 155 137 72 29 118 75 86 69 16 30 68 50 88 0 41
102 17 29 30 35 50 79 112 153 143 149 148 37 23 15 21 54 32 35 65 66 11 38 67 126 122 62 46 60 46 69 186 147 25 42 75 12 15 121 254 147 106 58 40 63 52 48 16 34 154 118 0 54 42 101 1 36 40 48 47 102 130 84 143 112 69 71 31 12 2 34 51 70 124 70 43 90 130 127 139 113 61 11 53 125 218 178 40 31 22 30 41 39 56 35 50 54 51 92 110
96 15 16 49 58 5 13 19 41 106 84 77 15 8 36 49 26 7 40 55 55 49 63 31 38 82 11 51 94 54 172 247 243 112 48 67 14 87 60 91 70 35 56 99 92 49 6 35 66 139 134 43 109 22 4 28 30 56 16 28 31 44 77 213 148 75 0 70 15 88 89 171 139 131 93 125 0 102 165 35 0 39 20 47 87 97 65 55 78 50 92 17 81 68 40 65 41 6 80 54
0 18 50 59 53 7 13 0 39 96 75 38 9 17 1 18 23 0 26 7 42 112 106 37 59 71 100 125 118 112 120 216 210 10 21 58 128 149 64 31 16 84 126 147 125 84 38 15 0 27 38 146 131 106 94 124 83 29 75 37 90 127 27 134 95 60 16 69 0 36 61 169 131 111 119 150 109 67 96 67 84 62 27 28 0 4 37 55 60 16 61 43 39 90 115 72 44 65 82 59
43 24 32 50 71 54 68 120 117 97 57 43 64 95 57 53 18 28 101 62 72 90 40 34 49 105 141 149 98 60 68 83 49 181 111 92 166 142 115 57 36 98 129 98 58 0 18 74 139 185 125 110 110 102 177 181 99 87 78 47 83 63 35 85 122 94 82 51 28 48 53 46 63 24 89 192 138 27 177 65 111 130 73 41 18 15 39 98 130 79 57 113 58 193 165 63 43 110 143 142
22 38 67 42 48 67 77 156 158 157 110 66 26 41 62 60 104 94 125 41 49 56 1 66 69 140 201 54 45 16 104 37 127 150 112 123 204 184 134 79 0 42 60 53 72 85 24 28 149 233 226 119 52 114 132 123 99 105 33 35 51 16 36 64 68 66 78 58 59 92 77 30 0 32 78 119 45 103 180 81 49 64 28 26 31 58 68 72 98 122 96 85 42 144 62 27 7 43 144 144
63 89 73 53 77 71 57 100 90 166 178 55 28 53 77 117 141 105 43 24 37 63 78 39 35 116 218 77 144 114 39 37 93 62 48 35 52 72 73 104 87 29 56 61 50 9 84 141 77 88 255 199 30 122 134 56 132 169 50 82 72 66 12 67 56 73 0 99 127 101 82 45 47 80 54 10 81 106 143 85 27 43 0 34 16 60 161 98 30 24 74 67 63 83 22 80 76 88 71 67
99 139 102 38 44 52 41 63 74 62 70 46 75 68 31 32 90 51 27 25 46 94 108 70 104 189 196 76 103 112 52 8 27 34 70 106 147 156 116 104 109 64 81 67 67 54 114 130 118 105 225 191 51 104 115 72 154 179 74 65 46 62 30 80 90 113 36 118 126 87 84 59 100 108 76 43 105 126 125 69 30 0 69 147 38 60 235 179 67 85 73 34 37 98 62 27 88 90 55 32
72 120 82 20 28 43 48 74 144 51 27 19 52 60 66 96 63 13 31 36 51 113 113 71 191 189 75 44 33 47 36 36 38 64 141 221 251 200 119 97 139 106 99 51 49 61 90 49 63 64 132 129 58 106 133 123 133 152 94 50 20 46 14 40 89 107 9 59 52 25 76 89 46 100 137 118 111 103 89 99 62 16 86 131 47 24 134 115 30 65 52 56 37 61 70 23 73 88 68 57
15 55 35 25 49 44 64 120 156 74 60 23 16 48 102 142 72 7 50 51 48 113 96 47 191 146 53 149 120 69 25 37 52 68 153 252 241 119 37 51 66 53 49 11 34 89 115 49 54 93 101 76 37 78 98 81 19 35 46 23 22 78 65 84 110 123 7 36 27 14 116 159 136 151 159 121 73 55 11 48 76 65 50 48 55 44 36 51 106 126 129 153 75 26 38 15 9 41 46 53
