20 30 18 11 15 35 5 39 48 8 11 12 12 0 21 20 14 28 33 30 33 28 12 9 5 17 15 44 45 14 35 64 38 30 35 0 13 17 13 24 23 16 1 25 28 51 49 60 63 66 8 23 44 26 44 61 26 26 36 25 22 32 25 29 57 45 7 4 24 19 14 18 41 31 5 52 99 75 45 22 20 43 40 38 30 13 22 30 24 13 23 17 30 56 30 20 15 19 21 21
18 18 7 11 25 52 49 104 100 40 44 61 59 33 46 42 33 41 20 29 24 0 8 15 31 31 16 50 73 40 24 25 34 16 46 27 12 0 9 20 38 29 9 28 43 68 44 22 42 46 21 57 67 27 42 66 10 2 30 47 31 1 0 32 45 50 35 11 18 36 28 14 15 29 24 61 93 69 42 19 0 12 9 14 18 17 35 42 54 23 24 4 30 47 66 59 41 38 30 19
32 19 0 15 55 88 72 89 50 11 35 45 27 15 57 64 61 55 11 35 34 0 14 23 26 32 18 46 78 50 25 30 19 0 54 79 52 24 27 22 17 35 35 35 28 41 26 10 42 52 49 68 53 6 24 37 27 17 35 46 42 26 9 24 28 28 40 10 6 36 19 1 48 56 37 41 59 57 44 23 27 35 21 18 18 21 38 37 30 37 61 26 32 28 80 60 38 35 24 11
0 15 23 18 21 30 29 43 41 25 48 25 0 19 83 82 57 38 5 28 41 15 18 25 11 32 24 26 38 19 20 56 23 1 38 76 72 53 42 25 14 46 64 55 32 29 34 40 34 59 74 62 37 7 26 12 39 27 41 54 64 59 32 28 35 3 27 13 9 36 9 0 0 8 11 30 74 107 96 60 32 36 21 11 3 9 29 20 4 47 77 45 33 29 72 23 18 22 21 16
31 22 16 29 47 38 33 31 12 5 34 26 19 31 59 30 74 54 50 34 32 27 4 21 47 53 34 10 7 0 2 38 43 34 17 27 41 43 35 32 7 14 28 33 33 22 18 17 11 34 63 51 45 25 45 31 37 16 41 72 73 43 20 40 57 13 28 19 27 57 25 8 27 29 29 28 50 78 60 22 61 65 51 34 13 17 37 19 22 38 31 30 30 41 59 15 23 31 38 38
15 7 27 59 52 0 16 48 62 38 41 24 13 7 44 58 49 48 70 30 14 25 9 47 96 67 38 16 23 33 14 10 37 54 23 21 28 37 36 41 22 19 35 45 58 38 27 17 21 11 27 19 32 4 30 48 68 51 49 42 40 40 25 29 56 32 29 11 28 65 38 9 31 28 36 18 11 32 33 25 61 64 53 33 5 12 32 5 19 19 10 28 29 23 29 38 32 40 45 43
50 18 19 59 82 39 47 41 29 44 71 59 40 0 0 17 5 19 44 23 14 27 32 71 86 44 34 28 44 71 48 18 19 41 30 50 38 45 49 37 4 15 38 31 35 15 16 8 29 11 19 1 28 0 7 37 77 77 60 10 11 52 48 28 41 34 16 6 24 39 26 13 3 7 44 39 15 16 11 14 51 52 47 38 23 46 73 41 8 34 59 44 39 5 0 38 19 28 35 34
51 32 19 25 52 46 76 53 10 30 33 7 21 21 46 71 69 78 73 61 47 29 27 40 39 9 29 31 37 73 65 39 23 20 17 55 29 40 53 21 4 18 35 12 18 10 18 5 1 15 42 21 60 24 17 26 28 46 58 28 16 39 47 55 38 30 6 17 32 13 11 28 10 0 32 30 8 14 21 39 50 45 36 25 13 39 65 25 32 75 112 45 53 16 0 16 2 16 29 34
79 69 54 37 37 17 0 28 6 33 33 51 81 72 11 56 97 103 80 28 30 20 24 26 26 33 19 36 46 39 41 17 37 0 33 48 72 88 78 22 18 41 19 16 21 19 35 26 20 29 39 64 74 67 7 32 31 28 14 33 28 35 21 28 30 41 0 10 18 15 1 18 16 28 20 16 0 23 40 62 47 23 21 17 0 16 30 10 43 84 60 46 16 14 16 35 32 28 25 27
48 19 21 30 39 39 17 10 7 2 37 64 45 21 6 46 57 57 40 6 22 14 13 9 24 46 47 52 36 12 15 6 18 17 56 71 61 77 61 32 52 33 12 40 73 60 33 11 28 37 23 39 72 90 35 19 12 18 20 28 46 23 2 9 11 24 9 13 25 1 10 38 27 25 11 18 5 19 25 42 53 27 24 20 0 5 19 9 42 59 26 27 21 25 21 28 50 42 27 12
39 0 5 30 47 68 50 15 36 20 43 48 37 14 17 43 21 23 21 4 25 19 22 19 3 45 71 73 41 11 23 35 4 13 43 73 46 47 22 29 50 25 18 35 59 49 16 14 22 46 32 46 57 53 29 23 13 6 10 18 64 37 23 25 15 31 38 32 44 3 28 59 42 31 16 32 22 21 4 8 47 22 20 24 14 18 25 13 10 23 12 37 46 41 29 24 23 21 17 13
61 25 25 32 43 61 48 29 45 66 54 13 38 25 29 58 46 44 44 22 23 5 8 5 22 42 58 62 44 21 15 15 13 3 34 83 79 50 7 19 8 8 24 15 24 36 18 34 8 31 39 82 76 33 51 89 72 25 7 14 39 33 30 15 31 49 50 44 46 17 33 46 40 27 0 5 4 27 29 37 30 17 15 17 19 30 29 8 22 38 42 60 46 13 3 2 52 36 18 9
60 53 43 25 27 24 12 35 21 55 51 10 21 6 31 64 44 33 33 17 27 21 27 14 31 20 22 31 38 31 10 0 12 0 39 72 94 59 17 3 35 24 34 26 35 38 10 20 28 19 19 68 72 22 44 79 80 24 11 29 0 20 34 11 31 46 26 32 27 30 24 13 20 30 14 6 0 26 26 22 38 48 48 30 23 40 48 35 5 13 24 40 30 8 27 39 28 30 34 42
25 35 34 19 22 9 1 48 28 10 21 37 19 4 40 40 14 0 6 11 52 77 87 57 18 21 41 39 28 24 26 49 23 12 43 33 50 48 39 12 66 36 28 37 41 21 10 41 45 23 14 23 32 8 18 22 37 18 38 60 0 24 49 34 28 33 6 25 21 39 27 8 10 43 41 26 4 26 19 8 33 60 65 37 19 34 59 71 32 20 20 25 20 0 10 2 4 37 80 107
21 8 17 25 27 20 17 50 48 12 2 42 26 19 34 16 15 8 25 29 66 95 104 61 28 36 62 46 16 9 20 64 50 24 39 34 27 43 46 27 36 23 11 30 31 7 31 76 33 14 23 13 35 42 44 30 21 38 66 62 21 24 42 38 31 20 8 28 29 25 32 26 11 41 40 28 6 31 40 46 11 29 33 23 14 16 32 54 28 8 10 19 32 19 34 8 72 84 98 102
56 5 14 34 27 25 24 31 39 51 10 22 17 12 8 13 0 11 44 42 62 87 101 60 17 0 9 7 13 24 21 44 42 0 14 61 35 35 10 0 40 49 29 38 32 3 16 25 39 1 20 15 55 70 48 17 0 30 50 23 35 31 46 52 31 7 12 26 30 0 24 33 0 41 65 74 41 30 5 0 29 23 21 34 42 27 17 28 52 24 17 14 28 25 54 30 53 47 41 43
37 0 63 85 26 22 29 9 21 33 34 22 8 8 25 37 49 35 33 55 58 61 74 53 21 36 8 1 25 45 70 57 48 38 28 6 35 49 41 1 38 48 28 25 37 38 34 15 25 30 23 2 30 47 22 39 20 21 52 76 52 17 17 34 35 8 47 48 64 35 56 34 4 24 58 69 43 16 20 36 52 35 0 19 67 42 10 43 64 75 32 18 14 43 79 25 41 45 33 17
8 40 114 129 81 48 34 26 0 0 21 7 2 21 23 47 72 45 40 65 49 26 43 45 44 86 57 18 0 10 23 5 19 31 48 41 64 60 40 0 27 52 44 30 30 52 73 56 25 23 15 3 32 46 27 46 50 57 74 69 40 30 23 0 21 27 36 31 49 44 44 37 11 41 56 43 38 8 13 45 61 22 22 57 64 43 32 33 59 43 37 21 31 27 62 62 58 59 43 29
57 129 157 142 102 37 1 0 27 15 41 14 8 30 13 37 54 73 65 33 8 34 71 47 29 69 47 31 2 32 35 20 77 63 41 0 0 2 19 11 26 33 20 15 37 89 112 63 25 21 19 22 45 46 28 47 7 11 29 26 14 38 47 11 14 34 13 9 21 28 15 35 91 96 61 8 25 14 40 90 60 23 17 32 22 9 13 19 16 15 46 13 52 51 64 62 58 58 44 33
68 126 116 109 101 47 17 11 0 0 20 19 27 39 21 22 44 53 51 37 8 15 52 46 29 31 7 34 19 49 31 23 27 32 44 32 45 41 49 40 42 26 8 14 37 86 97 32 11 10 17 35 45 24 6 22 20 13 33 41 31 56 80 61 16 24 11 11 11 12 15 44 94 82 55 10 27 16 34 51 63 70 42 22 29 19 14 42 29 31 32 8 56 54 51 33 4 11 5 0
25 53 45 67 78 44 29 18 18 36 35 55 59 40 26 0 7 27 43 50 35 42 66 48 21 15 4 32 4 28 8 7 24 17 22 13 29 28 42 41 42 34 31 32 18 32 58 32 21 20 28 51 50 18 8 21 13 20 43 41 20 33 54 45 15 22 42 31 17 21 44 39 42 29 45 35 23 12 28 14 34 66 61 37 35 29 17 21 92 69 11 22 42 12 21 26 11 27 32 29
64 68 55 57 52 25 14 14 7 28 4 26 33 18 38 11 0 24 36 31 27 57 81 43 2 20 40 38 0 15 17 24 31 17 19 12 21 1 0 0 11 14 22 31 12 14 59 76 42 34 31 54 49 21 24 32 21 53 72 50 26 32 40 32 14 34 62 34 9 24 43 4 20 13 50 70 29 22 36 25 46 46 70 62 21 24 36 6 78 83 31 44 36 10 34 31 7 27 35 33
121 125 99 62 58 45 24 45 46 59 38 34 23 11 32 25 41 14 11 40 30 12 30 33 27 27 55 42 1 17 24 28 27 13 23 33 60 54 67 72 1 10 13 30 31 34 72 95 41 24 10 34 32 10 16 10 51 72 66 39 22 12 12 25 30 43 35 22 1 21 20 9 39 35 49 88 47 34 10 3 36 10 26 31 0 0 28 21 52 75 78 63 51 35 52 25 9 23 25 21
110 129 99 40 55 52 6 32 8 31 54 53 40 32 31 36 23 23 35 63 61 56 66 45 45 0 16 28 22 30 27 27 21 11 29 46 73 63 72 77 27 48 47 52 49 38 59 77 48 28 8 35 38 17 17 0 59 51 26 20 25 4 12 64 51 44 0 18 12 30 17 66 125 91 35 58 34 35 0 8 24 10 8 25 32 25 46 90 98 72 105 79 69 27 30 18 23 30 25 17
44 52 33 29 24 23 19 74 24 25 62 80 45 30 46 50 35 5 21 43 71 110 101 68 55 44 29 18 33 11 21 10 9 7 19 22 14 36 68 74 34 8 32 66 43 19 33 51 38 17 28 38 23 24 23 0 56 65 0 24 38 24 46 39 5 33 23 14 7 52 70 96 118 113 54 58 48 66 17 12 19 30 15 4 11 0 33 47 60 52 44 70 34 24 30 32 43 39 27 12
69 54 16 15 13 15 21 84 78 48 54 61 27 11 36 55 29 16 16 30 65 75 55 65 97 75 20 14 55 34 8 0 0 25 51 46 19 9 20 27 39 25 12 27 29 27 24 44 35 5 0 0 0 25 39 16 36 69 30 44 42 17 29 24 24 39 12 32 21 24 59 91 29 40 15 38 63 88 42 22 11 49 38 7 1 2 26 17 6 41 44 25 0 21 56 40 47 44 33 21
78 61 14 9 9 21 31 77 113 78 58 41 14 17 41 49 22 23 14 28 72 52 9 44 65 67 13 27 68 45 5 15 31 48 53 43 32 21 16 20 45 57 22 25 46 66 36 40 42 17 8 11 25 57 63 31 12 31 22 31 65 53 38 14 32 47 21 57 43 17 51 66 19 26 15 32 80 101 70 45 21 55 42 21 16 28 33 18 16 30 49 48 25 16 49 43 34 30 21 12
43 49 14 13 10 23 25 38 64 61 46 19 13 45 57 31 20 17 9 22 64 54 18 46 57 54 6 23 28 14 0 29 29 35 18 5 17 18 12 20 54 74 41 31 36 70 42 24 42 31 27 30 48 76 71 33 27 15 16 25 89 90 64 43 53 54 32 35 24 25 57 62 34 26 18 22 72 70 53 40 54 42 15 16 18 13 5 11 31 2 18 47 49 8 31 33 37 33 25 18
8 19 3 30 19 6 3 9 15 30 33 25 39 72 72 40 17 9 19 20 29 48 50 59 45 34 22 61 43 32 29 31 18 36 31 19 23 19 16 29 72 78 59 33 7 47 54 29 34 27 15 7 19 46 47 24 17 0 8 4 42 29 22 44 39 24 43 28 22 38 36 35 28 15 18 25 70 44 36 41 57 27 7 9 18 10 17 51 61 36 24 11 12 5 35 14 33 28 23 20
21 16 4 58 41 2 5 24 14 14 18 31 44 47 41 34 6 13 55 47 14 31 43 29 7 6 30 70 41 28 44 37 4 12 9 3 7 8 8 11 45 46 59 36 10 33 63 46 41 38 22 5 6 16 14 3 25 17 21 23 37 19 21 63 30 2 48 29 20 31 17 20 48 35 32 31 60 34 35 53 45 38 43 11 19 18 45 80 69 65 48 20 3 16 51 31 18 14 13 16
45 41 20 67 47 17 30 38 18 9 3 11 14 1 0 8 9 23 70 64 29 33 28 4 17 12 11 11 0 0 23 32 28 23 22 20 18 28 36 31 0 7 34 16 22 12 42 46 56 55 42 28 25 19 8 3 20 31 25 47 56 40 27 46 59 41 63 13 0 18 44 42 44 44 33 20 36 24 23 36 51 51 73 9 18 1 18 30 17 22 21 31 11 24 53 47 30 26 27 34
42 58 29 49 30 29 46 25 24 28 19 10 11 9 10 21 25 26 50 46 40 52 40 25 15 15 8 17 61 45 43 27 20 33 57 53 21 18 36 39 16 19 29 0 33 1 29 60 57 53 36 26 29 27 23 28 38 74 68 94 84 60 31 29 42 78 107 47 17 37 69 20 4 31 32 25 40 40 24 18 46 34 69 13 47 17 23 21 10 24 14 21 0 20 32 10 41 37 38 45
12 40 43 20 18 20 51 18 17 45 33 21 34 25 19 53 51 15 13 5 42 74 95 42 12 25 45 46 99 120 108 54 29 35 32 33 32 14 29 80 83 29 18 11 18 15 50 59 53 14 40 64 46 44 47 39 0 42 58 88 82 65 87 60 27 122 110 52 18 0 8 19 27 75 75 57 28 39 18 7 38 16 31 7 28 29 13 9 1 14 23 10 9 45 51 9 33 33 33 31
23 26 19 9 22 29 70 58 52 54 25 20 29 34 37 75 62 15 15 26 44 48 44 29 5 8 23 33 91 113 100 49 23 33 25 23 26 16 47 121 109 70 34 17 9 33 49 42 24 17 34 43 11 2 31 43 13 15 29 22 62 31 98 88 42 127 124 64 33 15 11 18 37 39 25 9 23 28 18 3 19 33 15 11 21 21 16 26 24 22 36 45 49 64 55 14 19 24 32 37
30 22 17 12 20 7 38 47 31 27 1 6 0 5 17 59 63 21 13 26 22 26 6 33 31 25 20 8 27 37 41 24 23 30 13 14 29 11 22 87 121 84 22 9 19 76 54 5 37 33 15 38 49 36 35 8 2 15 14 45 55 31 59 77 9 52 52 18 30 39 9 0 13 11 16 14 67 74 69 41 32 65 21 30 22 18 18 23 32 21 39 59 54 49 41 20 13 17 23 28
27 25 27 15 19 3 32 57 28 28 12 26 11 27 26 45 39 24 15 20 3 28 0 37 16 16 21 22 27 19 8 0 23 24 10 34 76 50 16 41 59 72 50 23 8 40 34 9 38 60 17 12 13 2 38 43 6 30 25 78 70 40 29 67 35 34 31 12 36 48 3 0 0 19 32 25 54 59 46 18 10 26 16 27 9 12 20 8 26 29 60 77 54 35 34 29 17 15 11 5
65 56 42 8 20 19 39 60 12 11 0 2 5 26 16 9 27 27 16 32 7 30 0 32 56 32 11 22 39 46 25 6 11 14 13 57 118 105 61 59 23 46 55 19 7 1 13 10 33 62 25 31 48 34 48 38 15 9 4 20 70 24 27 62 11 5 16 11 26 34 18 46 33 43 32 34 27 30 18 25 8 0 55 43 6 11 31 10 14 27 62 74 48 32 30 17 39 39 33 22
73 57 36 0 25 28 17 17 20 29 22 7 11 14 25 40 54 38 7 35 10 21 11 35 92 59 14 6 6 29 34 40 6 7 7 37 82 89 70 64 32 28 26 1 22 11 19 19 18 42 11 0 0 0 36 61 34 34 9 45 104 84 40 64 57 43 32 21 22 19 9 22 52 37 14 41 33 30 22 56 22 12 95 70 25 32 65 53 32 26 34 34 21 30 38 23 33 44 49 44
38 29 23 0 37 37 12 14 28 33 36 16 37 6 21 57 54 44 4 35 18 32 45 27 23 30 19 21 3 22 34 55 30 18 10 14 34 56 58 43 30 43 39 21 18 11 26 56 49 32 8 19 49 56 43 30 6 44 15 73 103 104 12 36 38 35 8 0 15 28 26 2 45 34 16 18 19 12 8 25 9 20 53 46 29 51 83 82 55 31 22 19 12 29 51 49 0 20 35 34
61 51 48 15 40 30 13 38 49 22 16 17 84 31 16 33 11 36 14 47 41 64 76 0 8 20 12 18 3 28 38 55 61 39 27 25 38 72 80 50 59 67 37 34 28 38 25 44 64 45 41 38 44 50 44 52 25 69 65 69 117 94 41 72 52 79 52 31 34 51 61 19 54 68 59 11 22 33 52 45 44 63 16 20 25 46 55 50 28 10 17 24 10 13 34 40 4 26 42 40
31 38 22 5 5 21 29 36 47 14 2 48 84 55 31 54 24 14 15 40 69 74 48 18 32 22 11 10 19 30 32 28 43 41 21 32 0 36 31 23 40 55 10 15 49 55 11 28 54 75 55 20 37 34 16 99 69 84 54 23 70 18 40 62 9 69 70 37 27 39 52 24 39 58 14 35 29 0 47 35 12 72 26 0 30 37 35 34 26 16 16 43 64 0 46 58 34 33 21 3
30 30 23 14 11 20 34 45 18 7 12 46 74 68 55 60 53 33 14 11 22 27 20 8 17 13 9 7 10 14 15 13 0 5 20 25 2 15 33 49 56 59 36 27 38 37 18 43 61 52 13 91 245 255 142 164 242 236 120 122 113 52 160 199 113 96 71 43 20 26 0 38 21 35 14 35 20 28 46 63 24 55 39 18 18 20 34 46 60 41 33 51 66 18 54 65 48 36 15 0
13 21 32 22 22 44 70 70 35 15 23 60 81 77 63 50 36 25 12 3 1 1 0 0 0 2 5 6 5 3 2 2 16 12 6 0 12 15 32 51 26 21 49 43 7 4 33 19 0 7 54 96 248 249 171 149 235 251 187 123 255 255 229 255 255 136 33 17 18 6 27 18 23 54 62 50 0 27 17 70 31 30 48 43 25 21 24 36 43 32 37 54 59 40 36 42 50 30 10 2
28 48 61 28 23 46 68 45 47 14 30 73 70 44 36 36 6 7 8 8 5 2 0 0 0 0 2 8 9 6 5 5 10 4 0 14 43 35 7 5 36 55 23 9 32 18 61 61 196 184 25 21 64 219 113 241 255 255 17 247 234 240 244 251 229 130 224 108 35 7 17 26 41 87 92 48 0 25 9 45 42 22 36 32 32 36 16 23 20 20 36 45 32 38 9 20 34 16 6 12
27 38 51 20 24 27 41 22 19 1 25 54 34 6 10 23 12 9 4 1 1 4 6 8 8 2 2 10 15 13 10 11 0 18 15 59 65 72 44 66 64 34 15 60 55 9 64 20 203 120 181 72 121 95 109 185 251 253 240 255 254 247 255 215 255 190 195 65 28 22 41 24 47 88 61 19 25 48 41 23 40 32 24 3 25 41 15 29 31 36 46 35 6 31 9 32 29 17 13 23
14 12 21 8 38 15 19 19 30 16 14 22 25 24 13 0 12 7 2 2 5 9 10 9 18 9 5 11 16 12 10 13 0 13 2 39 26 53 50 86 69 13 8 60 36 25 146 200 249 251 255 255 229 238 89 85 235 207 255 229 254 243 232 255 230 255 93 71 56 12 41 5 40 81 37 13 40 43 53 29 9 33 30 12 31 38 18 28 18 30 42 33 9 34 20 38 42 37 35 37
44 52 47 14 59 30 14 4 69 46 17 15 37 40 16 0 4 4 4 8 12 13 10 7 17 9 8 14 14 9 10 17 16 19 21 48 36 49 44 49 20 58 42 18 58 63 82 253 254 229 255 242 251 255 227 49 255 183 227 255 244 255 253 254 240 246 143 127 73 66 24 35 33 69 27 33 42 32 43 65 0 22 29 34 33 32 39 29 2 12 21 22 18 33 21 19 32 42 49 47
56 95 84 22 82 76 52 16 71 55 31 29 35 13 3 25 17 12 7 3 3 6 10 12 10 7 11 17 14 7 12 24 24 16 27 28 16 22 45 47 20 9 63 31 50 162 150 233 255 253 254 251 255 237 255 54 240 255 255 228 255 247 253 249 255 249 216 191 66 51 52 41 29 42 0 43 53 54 45 103 28 16 12 31 16 25 67 45 25 20 8 5 12 22 18 4 0 25 45 46
35 67 43 25 47 81 74 27 30 19 26 0 21 12 0 11 12 11 9 8 9 9 4 0 3 1 3 7 8 6 7 11 7 19 16 53 104 103 76 55 44 50 60 26 22 61 66 32 235 251 255 235 253 252 73 117 163 255 252 252 249 245 251 253 243 254 247 201 72 12 39 16 47 15 44 65 27 86 47 53 45 58 24 16 0 31 66 41 14 25 40 28 18 20 15 18 17 40 23 53
14 11 14 41 54 18 27 47 28 25 33 1 16 9 0 11 13 11 8 6 8 8 4 0 3 0 0 2 2 1 4 9 0 7 19 70 138 126 52 14 24 34 5 43 0 102 132 239 255 146 255 255 137 245 167 49 114 238 229 255 252 255 255 242 248 255 249 233 106 24 16 3 25 32 48 45 41 37 32 25 46 53 58 24 12 37 42 10 15 38 42 24 5 8 29 40 41 48 20 45
41 43 38 27 54 38 60 58 24 29 35 8 12 9 6 15 14 9 5 4 6 6 4 2 5 2 2 4 4 4 10 17 6 19 34 35 59 42 0 23 15 5 23 0 85 102 53 36 150 254 223 233 251 202 90 17 160 223 255 255 246 255 237 255 255 226 110 166 12 21 0 50 0 31 21 47 61 12 20 13 28 28 62 12 15 34 27 4 21 31 26 49 47 23 31 24 22 43 36 54
45 25 13 0 36 12 42 43 22 27 28 11 9 12 16 20 13 6 1 2 4 4 3 3 3 3 5 9 9 9 14 22 9 15 34 28 58 53 10 58 31 53 7 31 0 75 44 185 255 251 242 168 254 242 64 215 226 255 238 241 255 230 255 233 235 255 229 210 52 24 28 12 13 24 0 72 66 26 19 23 22 21 38 6 5 18 27 30 26 22 12 74 83 30 29 19 12 37 36 31
28 34 35 10 37 14 43 38 23 23 16 14 6 10 17 15 10 2 0 3 5 3 1 2 0 2 8 12 9 5 8 14 0 0 24 25 59 65 28 71 58 30 0 0 66 94 54 112 250 236 251 176 149 207 239 254 255 245 251 255 244 251 241 255 255 239 214 238 83 38 44 39 44 23 25 64 38 31 32 29 30 42 24 32 11 3 18 36 25 29 13 54 52 14 42 52 42 45 30 0
37 48 32 0 19 17 33 7 27 22 11 27 9 5 10 7 7 0 0 7 10 4 0 2 5 8 13 16 10 2 2 6 7 2 13 12 36 55 43 71 52 49 22 28 81 110 75 78 195 255 242 117 68 79 184 241 223 157 70 244 255 239 251 251 253 194 86 179 47 57 17 38 39 9 50 15 7 17 48 28 19 45 22 53 30 4 4 15 18 28 11 20 23 23 51 49 34 57 73 37
72 39 2 10 30 7 10 17 26 23 17 52 22 5 10 9 6 0 3 14 17 9 2 2 6 9 13 14 7 0 1 8 19 2 5 33 77 104 85 53 71 46 35 80 73 39 78 149 227 118 31 27 101 42 37 84 155 112 96 252 255 236 253 255 239 255 161 60 2 17 38 32 25 1 31 0 23 26 45 27 19 41 42 52 55 35 14 13 12 12 15 29 36 31 26 22 11 60 111 74
7 36 19 4 6 15 19 2 24 25 26 73 36 11 17 19 6 1 6 20 23 12 3 3 0 0 4 5 0 0 0 9 0 5 16 32 35 47 56 25 23 1 32 102 140 80 98 75 135 57 72 53 64 56 109 127 184 174 118 184 255 245 221 4 148 220 121 21 12 3 14 54 36 14 0 30 66 55 28 26 51 57 78 49 77 73 40 32 10 1 33 63 48 7 0 24 28 59 94 45
29 32 17 32 0 14 34 7 20 37 32 18 25 32 20 6 0 6 5 15 30 13 0 4 0 0 12 1 2 18 4 13 9 22 11 20 12 0 19 20 24 43 41 69 75 45 38 22 44 41 51 81 57 43 36 53 91 107 94 89 38 86 126 52 27 74 62 41 18 0 21 36 8 35 13 21 62 44 32 73 40 45 42 59 85 70 35 25 10 21 34 52 62 44 18 12 46 55 38 26
55 44 26 32 14 27 45 15 20 23 14 17 41 50 33 16 19 22 20 32 43 25 10 24 29 23 20 3 1 20 34 52 66 47 31 44 41 14 4 1 29 41 49 49 26 15 23 8 17 16 10 36 43 57 44 44 37 47 3 50 61 94 46 14 30 33 35 34 19 4 9 18 0 14 10 13 27 24 31 52 14 21 22 33 48 39 30 45 25 13 9 31 55 48 35 40 35 36 22 16
36 37 41 33 16 15 43 27 8 23 30 34 40 32 17 12 55 24 2 25 57 48 20 12 55 41 7 0 7 40 87 106 102 89 69 45 59 80 46 2 13 20 50 46 31 47 45 23 46 54 26 23 32 48 24 18 37 30 25 29 1 32 48 82 37 1 16 36 18 10 19 27 25 30 35 25 11 12 7 0 36 32 29 37 43 26 18 34 48 34 27 43 57 42 28 35 30 19 15 21
19 23 46 35 32 21 43 31 18 49 66 62 56 41 25 19 51 36 32 46 46 27 24 41 78 63 14 11 27 45 77 70 84 43 38 36 43 47 28 44 52 39 47 37 54 71 28 2 45 70 45 32 27 33 17 35 47 13 51 24 64 76 52 8 41 6 14 43 19 14 53 55 12 15 19 8 22 51 44 23 11 11 24 44 45 25 20 35 33 42 43 42 39 26 19 27 38 18 30 50
22 6 16 10 31 28 25 4 19 42 47 43 55 63 49 33 55 19 6 27 44 38 28 24 19 27 10 29 48 53 68 50 19 18 22 0 22 82 76 59 55 37 16 10 67 88 41 44 16 42 28 27 17 11 5 47 45 57 78 6 69 64 28 40 38 23 10 39 24 19 69 51 58 60 38 0 10 34 17 21 45 39 45 48 26 0 0 4 40 60 52 24 17 23 22 18 42 16 42 67
26 14 18 3 9 10 3 5 10 26 22 11 22 39 49 54 24 16 27 36 23 16 30 42 34 44 39 36 27 18 20 12 24 17 30 29 10 0 1 36 46 41 12 3 43 48 17 28 16 19 6 22 15 6 0 38 50 38 49 50 86 88 16 11 32 29 4 20 31 31 47 27 43 52 49 12 22 36 15 41 60 26 9 15 21 26 26 16 24 47 35 6 13 35 25 0 34 2 34 50
25 37 50 32 6 8 8 44 40 40 30 19 15 16 39 73 59 32 27 40 49 57 53 30 21 26 39 36 36 42 34 35 29 13 0 8 53 78 62 17 14 20 9 8 15 30 45 35 23 11 1 27 24 27 25 48 50 12 35 66 55 57 19 2 32 28 19 6 35 44 14 39 57 36 52 37 34 44 21 35 67 25 0 0 10 27 23 0 0 19 13 0 10 36 27 3 38 2 33 34
8 26 40 33 5 15 4 45 69 39 15 19 25 13 21 55 60 35 31 38 40 50 44 14 4 6 43 59 80 89 47 30 6 18 15 39 36 15 40 49 90 79 59 42 11 39 90 50 45 30 20 36 19 24 25 36 45 52 69 44 52 21 19 47 38 30 45 3 35 52 0 77 104 30 37 30 19 42 31 27 26 23 34 33 20 32 47 37 66 77 55 17 10 22 24 19 58 19 49 39
10 5 55 23 14 39 1 23 72 25 33 0 19 30 6 26 32 40 15 0 15 45 10 30 44 23 56 98 87 61 42 17 10 4 28 22 41 27 30 52 85 60 63 56 10 37 91 57 68 52 31 48 54 62 26 26 17 29 61 50 34 34 28 50 29 19 16 13 29 18 7 71 99 35 13 29 19 5 18 34 35 13 40 21 28 22 16 13 43 86 69 13 20 9 27 27 42 30 54 44
14 8 45 29 36 67 43 56 85 45 39 28 32 47 16 18 35 33 18 3 10 54 27 11 11 11 57 91 60 26 20 14 23 36 70 72 67 30 0 3 15 68 70 63 69 63 58 51 68 23 23 64 81 38 29 74 30 9 14 10 14 29 41 74 16 6 29 30 23 30 29 46 59 45 34 31 1 11 27 37 42 9 18 11 30 18 5 11 10 48 40 10 29 19 30 27 21 14 34 31
21 15 24 18 32 58 55 58 48 22 3 23 11 33 19 5 44 17 22 38 14 29 33 51 37 27 51 74 61 46 38 23 15 32 54 60 45 30 3 20 26 75 50 33 62 63 56 65 34 13 18 22 45 22 55 97 98 51 23 9 9 20 39 76 29 11 48 58 39 63 61 17 24 32 28 23 0 21 35 39 48 22 17 15 35 12 0 24 38 49 27 9 27 18 29 32 13 16 28 28
19 21 11 7 11 20 34 33 13 7 3 34 17 25 39 14 32 13 12 36 18 24 44 90 74 56 44 37 38 51 45 15 28 32 25 19 0 14 5 36 28 20 17 30 27 29 33 0 5 36 45 27 25 7 15 11 55 37 32 34 34 26 19 26 25 12 38 39 18 48 67 32 25 9 5 7 24 33 42 38 36 39 32 26 32 6 0 40 58 50 18 12 21 10 22 33 10 26 27 18
8 27 26 28 17 7 20 19 12 21 36 49 33 16 56 32 13 38 6 0 17 50 48 59 68 79 65 21 2 24 35 16 20 27 22 20 11 30 15 36 43 12 33 69 37 21 34 0 0 15 10 39 32 16 19 34 57 51 40 44 54 55 43 23 32 39 41 30 17 40 83 98 40 12 9 0 47 39 46 27 16 40 30 26 28 13 10 40 40 32 13 32 36 23 31 43 39 65 55 38
7 34 52 56 38 14 11 7 26 32 38 21 10 0 60 61 23 64 27 16 26 33 17 26 35 65 62 23 7 26 35 24 2 16 29 31 38 53 35 42 25 23 28 45 20 0 13 24 50 49 3 27 14 6 16 34 76 62 27 24 42 52 43 7 13 20 2 7 26 32 43 46 32 28 31 8 48 38 36 12 14 34 16 28 33 32 28 36 16 5 0 15 8 0 2 14 20 39 28 21
13 28 51 54 41 22 5 2 29 35 26 8 0 8 47 65 26 52 35 49 31 13 15 37 11 27 27 19 27 34 26 14 23 32 44 23 31 33 24 26 14 42 45 48 36 9 15 27 12 37 10 23 35 31 37 12 46 49 36 54 69 60 48 14 18 20 0 18 47 51 40 3 15 28 30 46 61 50 25 24 26 33 14 43 36 33 36 41 51 35 14 45 30 20 18 23 16 16 11 32
12 11 31 32 32 30 11 13 0 21 18 23 9 19 6 15 0 21 15 35 21 42 65 48 23 27 28 37 46 33 16 15 27 34 48 12 20 17 18 22 29 40 36 30 13 11 24 6 16 31 12 17 46 22 37 4 35 37 18 26 20 3 21 21 10 19 11 18 20 37 60 26 11 17 15 88 89 74 25 53 33 35 21 57 29 15 30 47 25 18 12 60 50 38 22 13 16 0 2 47
10 2 37 29 30 13 10 6 7 22 0 40 10 18 15 8 22 29 33 23 45 68 49 38 11 50 29 41 75 55 31 20 27 35 1 17 26 10 41 48 45 22 9 15 38 33 43 15 12 31 44 29 13 22 24 5 39 50 24 10 33 30 19 41 41 45 14 40 11 45 40 27 0 27 48 63 85 70 41 58 25 23 30 35 31 33 33 23 21 12 23 34 26 21 16 1 17 20 5 34
27 20 42 17 11 8 19 21 47 36 43 31 35 10 31 18 27 24 26 24 48 61 28 10 40 89 68 38 34 31 35 26 26 37 6 15 22 17 58 74 66 39 10 37 52 43 31 16 0 3 20 33 33 32 28 20 81 63 31 14 29 45 35 15 47 46 10 8 42 44 36 24 27 47 56 64 78 55 24 35 2 9 32 38 13 2 27 54 92 68 34 24 32 24 11 15 16 31 29 59
44 21 33 22 23 24 30 36 52 45 58 49 28 17 12 15 21 9 6 8 34 52 41 47 59 64 49 41 23 2 10 15 15 31 5 5 5 3 41 59 73 62 18 30 31 33 19 14 39 30 29 39 41 30 15 7 55 41 31 15 10 36 45 15 40 92 56 8 29 23 16 17 39 46 39 43 54 32 9 16 17 18 28 29 18 23 39 47 40 36 13 15 38 20 2 24 18 24 9 32
30 10 32 43 37 24 20 35 30 29 54 46 14 20 14 38 57 37 36 48 70 62 21 12 29 19 38 63 40 5 4 11 58 73 52 43 35 22 38 44 17 42 22 5 15 30 40 28 13 21 34 53 66 53 24 6 13 17 18 11 11 28 39 31 37 130 98 37 7 44 45 38 29 26 9 21 35 21 16 21 35 37 31 18 26 53 47 8 29 27 23 23 16 2 23 69 73 54 12 24
9 19 47 43 22 26 22 29 22 9 62 17 24 6 47 72 57 24 16 38 74 69 22 6 0 18 70 79 41 25 30 27 53 59 42 34 29 14 11 12 6 22 31 6 33 19 39 12 47 24 0 3 23 27 40 70 29 32 12 9 34 32 23 39 27 65 50 23 2 59 86 52 23 19 3 28 43 28 31 27 20 32 38 27 22 37 32 3 37 20 40 48 12 11 62 98 62 44 5 21
22 38 39 17 21 81 69 30 15 18 50 33 17 7 30 51 61 38 28 22 27 17 0 15 12 10 48 58 33 24 26 37 33 28 19 26 39 37 35 45 49 12 25 17 47 0 29 9 74 44 18 32 42 11 3 42 35 45 20 10 28 13 7 46 31 0 19 29 26 19 79 50 27 25 13 47 56 31 33 17 20 14 29 46 35 23 29 40 32 0 21 42 13 27 74 78 32 40 30 61
28 31 18 6 29 107 81 24 19 36 21 49 1 15 14 29 5 16 40 43 36 23 13 40 34 0 10 29 29 23 18 43 17 4 3 20 39 38 35 55 47 0 25 47 55 7 47 38 99 80 41 31 46 35 29 58 14 29 26 15 10 1 8 35 45 0 66 113 89 13 59 58 32 28 12 49 53 24 33 15 31 7 17 43 35 19 39 72 89 37 18 16 4 24 52 47 17 29 25 60
3 10 14 20 18 60 34 8 44 38 13 17 9 11 52 56 19 10 12 10 17 12 0 0 16 14 33 23 23 42 42 60 28 10 10 23 31 15 0 22 37 22 72 104 65 14 37 17 92 107 68 27 50 74 65 59 15 12 20 21 15 23 24 3 25 16 90 180 132 48 46 55 37 27 5 40 43 20 43 30 19 9 18 25 5 0 38 82 84 55 31 26 31 33 24 10 30 25 2 29
1 13 20 40 10 40 11 10 20 6 9 5 16 54 78 88 46 15 19 24 18 14 3 8 30 16 15 38 26 41 88 65 44 12 10 1 48 72 74 60 41 17 80 83 76 41 15 37 62 56 43 63 37 62 45 75 66 49 15 33 39 33 60 20 13 21 54 96 100 31 45 58 62 45 46 26 57 39 51 13 24 15 23 23 19 21 27 52 57 26 26 41 33 48 9 8 26 26 30 39
22 47 71 70 23 35 23 36 47 23 7 21 13 38 60 65 43 13 15 18 17 19 7 7 31 42 66 73 34 18 44 47 26 30 54 67 70 68 38 30 49 32 72 78 65 39 19 30 29 32 13 26 45 119 93 72 39 51 53 60 29 9 43 44 45 27 13 22 45 26 46 39 97 91 74 20 49 32 32 24 32 39 7 24 13 27 39 41 29 17 12 34 37 50 27 34 46 32 18 16
17 49 91 83 38 25 9 12 41 23 6 36 8 11 50 53 63 48 60 55 39 31 16 14 19 60 102 83 45 35 39 53 31 34 43 58 35 40 16 32 67 34 20 40 52 60 34 8 54 46 9 4 30 108 67 18 31 56 79 76 32 17 37 57 59 56 35 13 16 17 41 34 63 53 52 19 68 44 7 19 67 82 18 42 22 35 47 30 10 26 17 44 56 47 28 30 71 44 16 4
69 60 66 40 21 23 17 11 26 31 36 60 34 16 80 75 38 30 53 62 60 56 32 18 12 56 84 46 43 69 56 60 56 33 23 28 22 31 21 41 34 34 15 28 18 43 49 37 119 94 57 44 44 77 38 15 1 19 33 27 10 30 23 23 40 44 40 26 14 6 22 32 35 12 41 24 44 25 16 72 68 72 31 50 39 37 49 41 67 86 50 56 64 33 18 15 68 44 18 10
52 29 27 17 27 49 41 25 0 6 24 26 24 0 59 34 41 17 30 48 63 63 27 0 25 40 42 11 30 57 37 47 39 15 28 31 45 28 6 0 15 29 16 27 19 52 60 43 77 59 49 49 44 52 28 29 16 45 43 30 28 77 61 46 62 32 22 43 51 47 44 63 46 0 32 25 28 37 26 33 59 39 47 44 44 13 19 34 133 129 65 39 45 18 20 24 43 32 22 22
31 25 36 42 40 54 25 3 10 15 17 5 23 3 35 7 55 32 43 49 41 29 8 3 35 26 17 13 26 23 16 44 24 5 27 21 42 23 7 0 21 20 18 23 37 68 49 10 17 15 25 27 31 40 17 10 10 63 48 29 10 53 45 34 50 12 6 39 45 40 20 42 37 10 42 35 29 61 46 0 16 0 33 37 62 29 45 76 90 78 40 14 29 18 27 32 50 48 50 55
81 72 58 48 14 34 11 8 15 17 0 0 4 7 9 22 30 8 25 36 24 12 6 23 26 28 15 20 24 18 35 54 47 23 19 13 32 45 34 30 11 29 70 39 19 28 23 19 34 28 37 34 39 44 25 18 6 62 29 31 11 35 28 17 53 46 52 57 33 33 12 35 41 57 78 57 22 41 72 76 57 37 43 48 58 18 31 39 25 17 30 17 33 30 29 28 13 11 12 16
30 30 21 30 2 44 30 39 24 35 8 21 9 34 25 89 53 4 5 29 42 33 7 5 15 39 19 10 15 33 65 53 47 23 3 16 31 63 27 9 34 41 91 37 15 19 16 22 22 1 8 10 16 13 9 25 5 46 0 34 41 60 46 24 61 69 66 39 4 29 16 32 66 63 50 64 65 51 51 59 36 36 8 39 50 30 54 44 33 20 56 36 41 38 32 30 28 21 16 18
14 0 17 19 50 44 35 57 27 0 37 2 44 44 1 84 59 22 0 21 30 20 26 18 9 14 34 7 10 32 9 20 19 18 20 0 36 85 36 11 35 19 47 28 11 20 6 24 5 23 4 52 18 7 12 35 45 52 34 30 67 79 41 6 22 52 50 42 0 4 22 11 34 33 6 33 58 33 27 24 24 47 30 16 38 35 12 17 39 35 37 54 9 0 5 43 61 64 62 53
21 10 27 0 78 29 15 46 0 13 28 62 63 19 29 31 31 35 26 22 2 0 9 12 16 11 32 34 20 8 1 22 16 26 48 28 54 95 60 42 33 18 33 11 6 17 0 20 13 61 92 80 33 20 7 12 5 36 21 0 20 63 58 29 16 24 28 31 20 7 22 15 35 15 15 57 68 36 13 0 9 10 12 11 22 46 50 29 46 49 31 29 14 26 14 14 33 41 46 45
22 5 24 5 63 17 9 22 27 25 0 48 26 9 69 34 18 37 29 18 11 13 22 5 25 16 27 53 39 22 39 43 26 30 51 23 16 49 47 48 26 17 16 0 13 30 16 42 10 33 72 37 23 33 15 14 3 21 32 52 85 86 40 0 33 23 12 7 34 19 43 44 54 28 59 78 52 41 36 24 8 14 47 37 0 13 37 0 67 93 76 51 34 37 24 29 41 37 26 14
22 0 24 37 14 23 33 9 21 5 0 24 0 21 43 28 9 24 9 5 18 27 25 0 27 24 19 53 56 63 99 65 5 17 59 48 18 20 13 8 37 37 25 5 31 50 40 68 46 21 14 11 19 34 20 26 26 54 91 114 102 64 39 37 33 33 11 6 38 37 60 72 40 3 43 42 6 30 36 9 23 43 79 56 3 23 51 18 27 62 60 46 42 33 33 64 66 54 35 17
19 18 38 40 0 23 48 13 8 12 17 13 0 32 17 26 27 47 30 18 17 14 28 35 21 26 17 53 54 56 96 56 9 18 58 65 39 29 26 24 65 70 50 28 47 56 48 69 84 58 7 40 33 37 22 21 6 37 65 62 45 40 43 40 22 33 15 40 45 34 40 69 74 6 32 55 49 72 53 4 39 58 61 33 21 48 55 27 17 33 21 13 43 45 32 35 35 31 27 26
1 35 43 5 13 6 34 21 44 51 10 3 38 70 61 45 59 74 47 29 25 18 42 71 18 29 26 56 36 7 37 24 21 17 32 46 37 26 30 40 64 71 54 39 51 58 52 57 74 60 0 45 59 94 83 57 6 0 10 39 45 39 34 29 49 44 25 61 35 7 10 54 80 11 16 54 56 47 30 10 21 58 62 40 43 53 36 13 39 51 36 8 42 57 37 1 14 6 1 2
0 32 32 11 27 15 44 46 51 55 25 16 67 93 78 28 53 66 31 14 25 21 32 49 25 46 42 44 21 0 13 13 2 8 23 56 61 26 4 7 37 40 32 34 47 58 55 40 45 29 0 30 68 120 110 86 28 15 49 87 57 16 34 75 53 47 36 43 20 2 22 37 65 42 24 36 30 11 17 24 0 43 71 67 68 73 59 36 20 31 37 14 38 49 48 15 32 17 3 0
14 27 27 64 33 52 85 82 44 40 58 8 20 50 43 17 41 69 41 21 29 20 18 24 35 67 53 25 17 25 36 25 20 24 27 61 76 36 11 21 18 16 13 26 41 55 52 21 16 2 23 21 35 48 30 34 0 16 70 100 62 22 18 23 4 24 40 19 19 27 57 20 43 66 30 15 20 14 20 6 24 32 47 49 51 71 65 28 35 20 31 28 47 38 42 20 19 10 6 11
20 24 17 4 9 33 53 58 24 13 21 14 16 0 10 22 64 35 16 6 29 13 14 20 43 90 36 35 2 34 52 52 43 43 16 12 20 21 34 38 45 33 20 0 56 78 43 6 22 25 26 19 30 29 48 19 20 9 61 79 34 55 78 21 26 70 25 8 21 40 75 36 40 95 22 26 30 10 16 0 41 17 30 28 38 43 6 2 34 55 50 29 28 35 31 24 12 18 19 15
16 17 22 38 65 73 42 0 33 16 21 22 36 20 26 29 46 23 10 0 19 5 15 28 42 48 8 24 26 44 27 14 27 35 20 24 32 24 26 22 43 38 33 7 49 59 35 16 48 41 32 15 17 14 47 37 35 27 34 25 7 26 51 42 12 30 0 0 11 21 47 37 52 61 6 40 42 8 15 32 28 8 23 18 24 32 7 13 30 34 30 28 30 18 2 0 27 35 39 34
52 44 26 13 25 48 55 47 28 5 8 18 47 35 32 23 22 13 13 5 19 1 12 27 28 21 26 33 37 27 6 21 27 40 30 38 46 35 30 22 40 44 49 19 39 34 24 31 46 43 47 40 33 11 38 34 46 61 48 37 46 42 43 68 40 23 4 10 20 15 23 47 75 45 10 49 37 7 10 42 21 5 21 10 10 20 6 24 36 28 32 57 70 44 18 20 27 38 45 42
5 35 56 49 36 36 42 43 35 10 14 30 67 56 47 30 10 12 24 20 32 7 7 15 21 18 60 39 30 9 4 52 41 50 36 41 49 40 41 36 38 48 59 27 32 17 17 42 33 35 54 65 57 18 31 26 26 55 58 65 82 56 35 63 76 38 30 31 37 26 19 63 85 47 29 42 17 16 14 32 28 12 25 10 6 16 5 26 23 18 30 68 86 57 30 33 17 26 34 37
