24 9 75 58 30 102 109 83 0 14 36 46 42 92 15 31 32 27 78 82 105 80 33 51 63 130 90 34 46 38 16 12 73 35 10 50 21 17 36 43 84 88 81 90 51 58 105 40 86 34 43 54 22 8 73 89 61 88 76 77 50 27 7 20 35 19 67 36 11 102 69 25 28 30 106 46 17 43 17 84 46 79 66 20 23 12 32 28 47 53 10 27 16 35 86 89 34 0 5 44
24 21 65 47 35 101 122 101 44 20 34 60 86 21 44 64 28 35 28 72 84 64 52 19 44 123 124 67 85 74 81 74 89 68 55 73 49 23 30 116 100 63 68 56 28 53 11 26 43 22 12 41 5 36 22 7 27 19 29 53 16 24 41 43 36 16 75 53 27 25 27 54 57 57 93 50 23 69 74 68 49 56 62 40 22 52 99 64 38 32 3 35 40 52 51 21 68 62 62 60
48 72 89 60 42 62 75 51 46 50 79 84 125 22 41 8 20 34 61 52 10 31 34 61 59 75 51 4 69 93 111 69 26 8 31 54 43 25 1 53 87 81 0 74 101 72 37 14 26 0 25 16 46 42 77 118 74 104 147 158 76 32 28 50 41 36 75 55 84 37 25 28 76 68 58 45 35 96 121 43 31 78 76 62 47 63 87 92 11 11 7 28 28 63 87 101 52 58 57 44
46 106 124 104 90 52 37 0 17 49 63 39 92 81 54 28 42 0 39 61 64 39 6 78 58 27 22 52 70 17 18 30 64 37 55 60 35 65 77 40 22 37 12 72 98 75 63 73 94 52 47 61 75 79 43 99 100 130 122 118 100 55 10 62 114 99 56 20 94 73 50 25 87 90 72 70 41 67 80 22 33 61 44 77 86 64 23 22 46 30 27 40 32 52 40 40 19 16 13 18
39 84 80 72 98 66 70 49 0 37 21 15 72 71 38 55 33 98 108 88 139 96 64 17 17 26 22 55 43 35 34 38 18 40 37 27 5 39 105 57 31 15 36 31 45 50 70 82 83 88 80 42 28 33 0 60 81 92 65 68 96 77 15 65 150 147 71 40 77 64 36 32 44 71 92 107 59 42 41 73 82 28 10 68 47 26 19 15 10 10 24 41 23 32 20 28 71 81 72 62
0 17 7 7 59 31 41 35 0 48 35 36 70 14 14 7 0 14 61 52 100 26 33 86 146 141 58 29 19 78 61 15 20 77 31 13 29 16 71 70 86 30 60 32 42 43 50 29 18 8 38 44 119 78 18 11 15 17 40 84 118 117 43 47 103 148 97 65 56 74 38 24 13 23 58 104 77 59 40 109 112 50 10 58 72 48 36 36 60 70 70 72 30 31 55 86 112 161 152 100
6 30 63 70 101 37 28 33 34 36 44 27 22 5 40 19 56 12 52 1 20 10 5 51 108 91 31 34 28 33 21 21 118 139 63 17 39 7 35 55 54 1 107 82 63 52 3 45 65 58 28 74 77 57 9 55 102 71 57 96 165 167 38 0 62 100 71 39 24 82 64 47 58 33 38 88 52 43 19 51 83 63 25 60 139 113 42 0 52 45 18 46 34 33 43 35 60 129 126 64
18 35 73 54 55 0 25 82 89 2 44 39 0 29 37 42 47 18 31 40 37 30 60 35 25 76 58 28 45 74 69 32 82 89 72 33 32 9 21 15 4 19 41 134 135 55 66 72 109 93 47 20 45 24 29 46 71 89 65 90 190 179 23 15 26 26 37 53 39 62 47 55 85 58 50 86 11 5 12 16 40 52 64 49 54 57 70 15 63 64 26 52 29 15 36 28 15 74 75 34
16 16 25 38 23 23 56 66 91 21 37 26 33 52 29 81 41 93 98 22 0 3 72 23 64 86 137 85 28 19 73 2 124 108 51 25 18 43 24 10 55 26 14 40 38 24 39 41 55 62 48 69 93 58 71 91 100 43 56 50 97 77 18 46 32 56 104 60 39 31 46 68 101 56 17 76 78 47 32 35 29 64 131 94 39 59 52 26 29 55 59 27 28 20 52 58 50 13 15 42
28 10 16 35 35 23 47 99 113 86 118 93 65 77 57 65 21 65 66 13 34 17 40 26 86 110 106 86 42 61 58 27 118 79 25 0 10 47 70 68 20 0 79 133 96 0 41 78 63 70 60 84 49 45 107 54 85 56 1 46 36 46 23 42 57 61 40 37 72 56 40 74 93 52 10 46 36 65 65 26 22 38 92 64 25 20 8 45 37 84 64 51 22 81 75 84 74 37 18 14
42 14 20 21 15 0 0 64 54 71 107 84 52 62 45 10 54 23 42 45 65 14 3 24 59 87 102 57 59 27 17 28 48 55 78 50 37 19 47 51 44 17 95 140 102 33 80 77 70 80 62 39 48 97 62 66 69 67 10 45 23 68 54 52 32 62 91 94 57 40 47 42 15 9 0 35 17 103 142 109 48 54 61 26 27 39 15 38 35 53 32 49 52 128 57 30 47 36 38 40
78 11 11 14 35 57 25 25 67 81 60 35 43 66 73 58 116 24 69 81 51 16 10 10 53 53 70 20 52 18 38 79 39 35 49 38 28 19 38 38 58 55 68 98 59 74 108 102 73 61 0 75 80 119 0 81 22 38 53 28 73 123 87 70 56 60 135 148 105 79 61 14 20 28 22 53 30 89 82 47 16 27 25 54 99 120 119 98 47 31 47 29 56 82 44 43 37 38 56 78
63 0 18 21 10 40 31 20 11 44 17 21 58 40 17 28 85 23 73 59 31 51 60 56 106 48 1 22 56 72 41 33 29 32 29 34 15 23 26 35 130 78 21 77 105 113 87 75 32 55 71 68 90 64 98 3 4 31 49 12 94 88 45 36 52 30 95 116 144 86 33 48 62 60 31 67 108 152 73 9 20 18 17 117 136 96 126 85 41 14 46 16 72 78 51 36 47 49 43 37
61 8 40 46 7 13 36 55 27 50 10 0 27 9 9 64 47 16 33 26 37 44 43 99 94 68 48 46 33 9 33 36 54 77 56 42 14 34 53 96 57 44 27 48 71 32 35 61 12 6 50 99 0 9 69 36 7 41 6 27 77 20 17 35 12 7 67 78 89 61 39 53 96 83 37 39 106 147 72 20 89 74 42 118 111 64 104 42 20 7 16 12 83 122 74 20 26 62 54 10
36 2 0 4 16 25 27 29 22 43 41 24 27 23 25 58 58 32 25 26 40 28 16 75 116 79 32 12 61 24 77 51 0 30 27 20 38 39 22 35 26 29 23 37 51 50 68 72 48 33 103 78 0 47 59 80 3 30 17 60 65 20 64 101 62 66 44 69 67 107 101 32 39 21 22 15 47 58 45 53 84 82 53 89 102 99 133 97 32 40 28 14 50 100 113 106 30 65 63 30
15 56 36 9 13 5 3 15 24 32 51 25 7 32 38 32 23 24 37 29 32 80 91 73 58 103 56 74 72 21 31 15 36 88 83 25 31 11 24 63 39 41 27 60 3 15 25 34 73 49 87 85 39 46 41 25 36 43 98 88 55 32 82 114 116 150 16 60 84 124 111 73 41 11 70 88 76 26 33 74 48 55 61 88 90 55 60 96 48 37 19 11 59 78 118 125 62 38 8 14
49 6 12 19 3 6 11 8 34 33 82 62 60 99 106 35 13 33 24 65 47 65 95 64 23 61 93 73 47 94 3 3 14 27 36 34 25 18 47 92 95 62 0 43 44 53 12 5 56 35 57 44 61 90 51 58 72 47 91 112 95 97 103 121 135 180 92 14 28 77 66 101 84 5 85 86 69 28 42 73 33 49 43 78 57 0 26 41 81 58 32 47 38 0 39 58 98 64 47 61
45 23 7 17 1 6 51 50 53 27 58 61 46 46 44 21 42 94 39 14 86 52 35 37 34 28 69 63 16 38 23 89 76 36 31 54 73 46 30 25 101 91 30 66 78 47 42 43 108 69 52 94 134 84 79 81 59 49 57 59 68 125 109 76 85 143 93 14 54 77 71 59 1 19 77 63 40 53 85 87 81 110 73 0 19 30 33 31 96 71 32 65 90 62 109 151 161 62 49 32
51 54 26 34 13 8 68 57 32 8 13 36 62 94 65 32 0 30 12 14 91 104 125 116 30 11 67 77 47 42 28 60 59 6 13 39 61 37 44 40 55 60 25 53 77 65 110 75 148 204 108 34 93 66 126 100 42 64 29 26 84 110 54 59 106 102 88 13 37 91 181 115 35 34 19 43 37 44 82 112 125 106 101 48 124 127 62 36 46 29 21 99 114 48 65 136 146 33 53 28
41 49 27 25 9 10 50 37 12 21 35 78 117 143 64 5 29 33 21 31 0 38 67 35 40 35 58 29 38 48 32 13 20 3 43 51 43 14 26 9 19 50 23 41 85 70 96 110 116 128 88 55 103 32 102 110 39 41 57 38 13 26 92 148 137 124 105 28 28 47 127 58 30 86 106 108 78 58 68 91 85 40 47 49 91 75 31 40 0 35 38 31 9 27 81 107 63 32 78 85
32 31 31 21 19 34 41 37 56 55 51 63 61 67 38 57 56 82 40 19 9 27 20 25 31 41 34 0 11 14 28 35 29 20 45 50 63 79 89 46 20 60 33 42 89 47 1 89 82 2 47 83 101 22 52 69 13 23 28 14 63 43 61 82 77 136 86 22 60 21 7 22 28 69 125 119 97 64 44 47 57 107 49 3 25 72 52 29 15 56 107 113 78 83 100 59 1 54 64 96
24 34 56 51 46 44 17 9 11 32 49 41 25 26 16 40 47 63 33 3 68 68 58 67 43 32 20 15 34 6 35 68 40 22 14 22 41 78 77 42 52 41 47 52 71 96 46 35 53 81 81 7 24 45 45 45 41 0 28 64 59 10 59 72 30 85 67 43 70 37 3 52 53 20 52 59 49 35 30 25 42 100 28 70 89 44 22 80 78 25 55 92 93 55 60 43 10 66 16 43
14 48 68 75 61 31 15 8 29 23 28 4 7 19 20 20 41 26 29 37 104 124 125 112 75 45 31 43 34 27 77 74 6 16 38 103 106 106 77 79 50 3 11 6 32 87 84 0 28 121 72 30 26 48 64 66 49 22 12 109 151 65 29 82 42 36 89 86 52 32 11 15 22 47 96 109 29 31 65 35 58 70 2 58 114 129 97 31 49 41 57 22 68 73 92 68 58 63 14 33
32 80 78 92 78 47 82 93 48 0 16 32 51 25 23 36 13 8 0 35 70 103 75 75 40 48 69 71 22 50 107 35 41 49 69 155 127 80 27 64 98 75 29 9 84 47 58 73 63 70 25 119 39 24 100 40 76 74 24 99 104 46 0 48 32 7 77 62 43 47 44 58 56 55 97 202 85 36 82 77 42 14 73 154 84 41 104 85 14 63 87 6 58 48 70 77 74 37 35 58
4 57 87 73 37 81 97 74 37 18 26 0 48 28 8 55 88 51 2 62 84 103 54 23 22 28 54 35 38 70 104 71 94 55 21 60 84 46 31 47 72 67 14 42 57 28 61 61 56 5 80 77 59 27 41 20 70 72 27 77 65 92 54 82 88 28 64 84 79 67 68 27 54 63 78 148 91 19 39 66 41 53 123 154 159 69 13 53 42 56 84 52 39 24 47 66 66 21 41 78
17 50 46 22 32 67 52 8 43 98 77 33 62 62 48 35 91 53 34 70 106 137 102 58 33 31 55 38 13 2 51 80 38 41 44 25 29 0 43 76 88 46 30 10 31 18 28 46 15 18 91 103 54 61 79 0 27 42 13 10 131 146 75 43 53 34 18 62 84 106 66 22 23 18 20 75 45 11 22 35 38 78 114 167 95 27 56 16 12 51 107 103 95 67 62 57 38 45 51 49
53 88 108 85 58 66 52 9 79 132 70 67 77 48 47 27 25 17 72 81 70 75 69 60 33 26 28 14 34 39 45 28 90 46 54 64 29 16 99 138 55 56 73 14 26 34 62 64 19 41 46 96 82 40 35 31 8 15 57 17 73 51 41 35 16 29 4 90 164 152 75 30 0 46 72 67 23 35 44 41 73 46 91 128 85 74 29 38 53 90 129 124 109 74 54 31 25 85 79 38
63 47 53 66 16 37 32 0 51 71 19 49 81 36 46 40 47 34 109 124 84 77 48 44 61 40 52 72 81 26 18 42 18 63 56 64 13 50 56 43 51 73 49 15 13 19 67 39 60 49 0 28 82 42 0 17 39 0 7 11 59 85 49 17 27 22 19 114 199 104 44 16 9 16 41 59 18 0 2 49 40 4 73 31 41 142 62 49 98 97 70 37 18 11 21 12 63 125 111 49
45 36 16 68 37 48 14 25 50 80 74 53 94 75 87 66 26 33 91 95 22 38 7 10 0 37 63 32 28 18 25 19 28 105 85 91 46 18 7 82 59 54 12 14 0 28 53 37 53 75 71 17 32 59 31 0 0 40 38 36 88 123 57 40 63 41 32 92 119 23 16 22 34 52 35 4 0 46 36 21 39 10 41 52 57 111 140 46 8 27 26 46 53 48 42 16 41 76 88 65
37 59 11 55 68 49 0 53 30 59 76 13 37 35 61 61 28 64 91 70 0 35 35 48 33 21 42 62 86 66 65 63 69 130 140 67 15 30 108 129 130 94 69 61 90 202 128 44 47 83 98 32 30 40 24 45 36 42 42 56 92 80 42 10 0 12 5 45 28 27 57 87 52 78 63 50 29 39 36 44 28 77 107 144 102 11 80 76 45 45 10 24 15 6 11 0 26 27 50 60
77 53 0 18 65 51 9 41 7 26 37 7 19 20 50 70 28 28 14 11 0 27 27 20 1 2 23 12 17 23 35 6 39 39 59 35 19 11 75 71 63 110 157 99 56 137 93 35 64 63 23 28 58 44 9 54 80 33 22 65 59 25 51 35 7 57 49 26 0 8 7 16 0 75 69 51 28 37 35 11 56 115 83 58 85 56 20 7 48 52 16 43 28 17 36 42 39 28 43 67
18 0 44 70 67 32 33 7 5 39 36 33 32 31 28 12 51 37 33 51 50 27 40 57 64 15 14 18 28 34 65 57 36 105 46 11 76 75 42 66 61 75 91 82 59 74 76 27 40 83 66 83 36 68 76 52 109 102 24 56 66 54 66 72 7 65 81 22 40 41 32 32 56 68 25 77 113 106 82 47 68 104 53 22 2 18 36 62 55 57 16 42 14 0 26 48 55 39 26 34
43 0 43 69 47 64 65 49 33 40 39 7 37 64 65 15 79 43 57 90 61 30 77 143 121 76 35 28 37 39 37 37 35 47 39 17 24 47 3 45 95 75 89 68 82 84 71 0 9 85 120 134 86 23 4 108 152 83 59 60 62 60 86 52 11 69 48 0 10 3 22 24 66 40 52 84 82 85 128 62 49 32 42 29 42 46 9 34 86 118 9 49 24 30 44 76 77 76 95 8
51 35 18 42 43 90 66 50 86 94 21 22 60 98 43 39 49 25 51 51 27 19 39 102 83 97 88 55 38 42 36 19 36 23 19 21 55 70 38 87 97 56 89 153 104 86 19 41 88 109 129 78 65 27 87 113 94 43 13 25 40 83 162 100 53 73 19 4 56 66 99 76 55 29 52 51 18 30 96 123 94 22 67 102 71 47 23 24 84 101 37 40 0 53 114 99 71 24 77 56
44 47 43 79 3 56 88 91 34 22 5 12 64 86 72 51 31 4 24 23 51 75 36 47 27 69 85 56 31 33 28 9 16 1 34 80 136 111 61 90 5 59 112 90 114 156 36 29 6 55 115 9 29 32 65 78 38 33 37 41 27 93 192 67 47 29 14 25 68 58 61 54 116 93 101 67 41 67 74 97 86 10 43 53 23 63 67 11 41 28 24 46 26 78 143 139 85 29 68 60
52 38 15 67 23 47 78 84 29 65 60 14 46 16 12 32 53 59 64 46 56 61 28 31 5 16 25 26 20 14 13 14 25 0 18 49 101 69 46 79 46 9 94 124 49 131 176 123 23 11 91 63 23 50 34 3 82 80 50 72 95 30 49 85 121 42 37 20 36 27 15 55 57 34 18 3 27 70 57 71 66 73 78 53 36 25 29 86 27 4 25 53 69 49 56 82 56 46 49 16
22 60 10 13 67 41 28 62 34 40 90 112 2 3 39 46 71 91 54 28 17 2 13 17 15 0 0 6 10 5 9 23 8 0 15 26 54 22 14 37 113 186 80 176 210 255 253 255 216 168 42 59 120 128 103 83 88 26 55 97 84 18 30 80 108 44 25 24 60 49 18 3 17 60 72 49 24 0 9 62 78 81 113 77 21 53 64 3 79 49 78 74 74 23 23 50 29 30 37 28
3 80 84 24 63 26 33 56 19 45 123 166 93 29 17 24 74 96 49 31 14 0 23 8 9 8 5 2 2 10 22 32 30 21 11 0 2 1 24 52 153 220 207 109 23 37 6 239 255 174 107 16 103 178 76 18 67 45 52 12 19 31 46 79 76 63 3 15 76 75 86 31 10 79 97 49 58 47 38 20 32 71 60 53 68 31 32 122 126 56 90 92 56 4 53 90 65 14 25 55
51 67 102 42 65 61 70 28 33 26 126 153 118 68 78 19 64 115 114 76 16 0 26 19 3 11 10 0 0 12 25 31 6 14 9 15 10 13 17 26 99 229 214 241 252 243 255 185 48 223 145 111 233 165 105 18 66 45 84 78 45 20 41 48 54 39 7 15 72 56 45 32 20 91 139 31 29 32 44 46 42 79 41 19 65 83 102 162 90 35 51 65 51 1 41 64 84 28 11 24
67 60 79 29 78 77 56 28 62 75 63 48 29 80 86 60 33 65 80 35 0 8 23 3 20 12 4 1 2 6 14 21 34 28 0 9 0 20 33 46 234 224 105 203 244 255 252 238 94 255 246 201 243 124 35 89 66 111 76 22 38 39 113 198 179 65 35 0 46 46 3 92 60 28 84 25 76 51 11 20 43 76 68 43 30 26 55 92 1 35 31 29 85 68 51 25 66 69 27 0
72 89 65 39 47 82 40 33 61 26 47 38 100 83 65 69 53 31 14 14 14 7 3 4 17 5 0 1 4 3 3 6 26 21 0 4 0 37 24 92 237 161 56 45 81 112 147 191 58 232 250 130 242 44 143 251 189 58 7 26 26 27 92 168 125 41 74 33 0 45 43 73 90 64 47 55 58 29 61 20 18 61 59 50 17 68 98 60 95 54 31 46 110 89 55 33 89 122 68 50
102 97 48 55 27 0 20 11 1 1 46 86 77 61 47 0 37 23 14 14 12 5 4 10 12 6 3 7 9 7 7 10 20 4 0 18 20 44 17 38 76 81 116 37 35 47 20 40 61 19 68 120 87 110 254 255 170 34 54 39 2 18 56 40 22 44 80 27 8 50 14 35 74 127 120 57 25 0 69 79 80 121 96 102 49 20 49 51 66 74 33 20 113 107 59 53 78 121 76 46
62 10 58 64 45 31 3 10 40 71 70 97 39 49 59 19 18 14 14 15 9 1 3 13 1 1 4 8 8 6 7 11 10 8 23 13 12 65 79 55 34 90 71 27 0 41 36 34 127 255 230 124 105 255 222 247 231 165 84 118 100 51 32 71 52 11 13 54 63 50 6 58 20 53 45 25 67 42 65 58 69 148 123 111 65 39 74 64 28 50 50 35 76 91 65 18 44 91 62 24
34 46 69 65 46 12 40 27 37 100 74 56 13 22 11 7 8 8 10 12 8 1 3 9 0 1 6 8 6 6 10 16 0 12 41 6 37 153 213 141 94 61 16 0 50 52 61 0 89 248 246 217 249 206 255 247 249 168 166 77 133 80 58 96 96 37 42 98 53 21 10 44 92 70 31 14 66 54 56 25 61 72 72 95 63 29 65 97 0 57 104 69 15 14 32 12 38 72 62 33
68 81 59 32 52 37 45 26 44 81 87 43 22 31 10 14 4 2 3 7 9 7 6 7 4 9 13 11 8 10 17 23 1 9 28 4 62 170 206 90 58 39 52 52 22 77 65 129 91 248 253 255 247 255 245 221 177 151 117 125 177 111 90 70 72 34 23 52 35 43 61 81 106 81 43 11 33 69 72 4 28 29 116 135 72 23 23 61 24 64 62 35 23 22 21 39 68 80 89 77
66 47 43 3 33 50 15 40 50 19 51 17 0 15 28 17 6 2 0 3 9 12 10 7 7 12 14 9 6 9 15 18 17 13 14 6 42 77 83 0 37 15 55 40 56 42 40 33 55 186 222 180 117 252 97 254 128 7 229 231 139 36 93 3 79 83 45 16 61 79 53 45 55 33 24 49 61 105 84 22 53 21 93 93 92 92 34 9 71 29 3 22 21 27 7 0 12 12 39 36
106 154 127 107 52 26 84 115 59 14 27 27 12 8 27 15 16 12 6 4 6 9 7 4 6 12 13 7 4 6 7 5 10 23 14 14 30 22 30 10 26 32 3 22 3 29 65 59 38 80 210 174 65 113 244 255 139 124 228 255 242 250 255 141 22 93 108 29 70 94 56 14 33 26 8 41 11 32 8 22 44 17 55 42 47 22 20 100 137 78 88 120 48 33 38 17 3 8 52 42
108 138 173 151 76 80 69 66 87 61 5 12 20 0 8 31 27 23 15 6 2 2 1 0 8 15 17 11 8 9 6 0 11 39 12 9 26 11 5 0 37 8 41 21 18 46 48 59 21 61 128 180 107 76 253 255 233 246 255 226 251 253 238 239 122 53 58 19 48 33 24 16 23 49 6 23 8 60 16 34 27 45 40 16 80 61 19 46 102 59 46 87 69 64 58 71 31 46 100 79
5 36 110 82 60 82 41 26 102 67 49 3 14 19 16 7 10 21 16 12 18 4 0 13 16 13 9 9 11 11 9 6 12 12 10 7 5 5 7 8 16 24 21 3 39 73 255 227 94 62 77 112 197 167 231 245 255 214 255 255 230 253 25 91 0 54 14 16 28 30 0 35 16 25 15 0 54 54 46 35 31 54 28 8 115 92 83 97 148 94 17 10 80 95 71 100 68 44 148 104
82 63 11 49 45 71 69 21 25 39 29 7 23 41 41 0 9 0 12 22 4 15 24 0 10 8 6 6 7 8 9 8 4 11 17 16 10 7 10 14 21 19 26 39 93 148 255 238 215 255 143 143 250 184 193 255 233 72 255 222 255 243 111 166 248 186 46 57 67 30 46 40 38 34 44 74 51 24 4 13 34 112 68 89 53 36 104 135 123 39 0 23 69 59 29 30 34 43 64 40
62 65 17 23 74 93 54 50 21 28 23 2 12 59 44 21 26 16 5 9 22 20 9 6 6 6 5 4 4 6 10 13 6 11 18 24 25 23 18 15 0 14 10 0 44 160 183 131 244 227 241 240 255 152 19 255 255 239 245 255 255 233 117 216 83 44 73 146 92 33 24 75 29 17 65 66 38 9 34 21 73 62 31 53 29 45 13 55 71 53 69 65 47 95 103 16 31 76 24 28
56 93 131 77 110 112 115 88 27 7 38 39 47 92 32 39 65 42 4 3 24 5 0 15 5 7 7 5 3 4 9 14 16 13 15 27 40 39 24 9 22 25 38 36 23 84 61 102 227 90 177 208 182 194 122 224 255 252 250 255 233 255 186 240 158 161 209 117 106 125 98 11 52 57 50 88 24 59 51 56 52 66 15 54 99 22 14 46 15 65 81 103 122 83 44 44 13 60 14 31
80 83 136 120 42 44 166 39 18 7 21 48 62 95 64 70 81 35 20 16 0 1 12 0 6 7 7 4 1 1 4 9 13 14 18 27 35 32 20 9 18 15 25 29 13 64 12 59 81 9 64 59 95 120 119 255 243 249 232 232 255 244 205 159 147 112 59 197 255 255 168 70 17 28 55 55 49 3 20 62 7 51 42 55 100 31 77 125 86 30 28 75 44 2 30 40 35 46 54 54
23 1 72 113 10 43 113 32 22 39 4 28 39 48 85 70 61 57 42 20 15 31 28 3 6 6 6 4 1 0 0 1 1 12 23 23 15 10 11 16 19 32 22 0 3 81 53 49 62 20 62 63 157 237 253 242 220 255 231 255 228 240 255 130 246 255 165 249 237 246 133 50 42 63 14 32 48 69 16 29 34 30 39 21 27 73 114 139 52 52 45 54 28 17 42 15 34 11 52 29
89 49 95 114 63 78 13 0 22 31 29 36 35 16 44 52 68 83 55 35 57 50 19 17 9 8 7 7 7 5 3 0 2 9 14 11 5 3 10 18 15 15 21 26 8 0 26 69 35 54 0 83 255 241 255 240 250 240 253 226 245 255 213 208 255 249 211 115 136 133 142 56 29 100 105 16 14 3 23 36 83 121 61 63 27 40 129 123 91 41 28 57 14 9 72 48 35 14 43 20
84 21 11 54 90 105 80 25 48 0 46 20 15 10 13 100 113 66 57 73 60 35 21 9 12 11 10 12 14 13 8 3 14 6 0 0 7 13 15 13 20 13 17 40 48 6 21 5 31 109 97 83 238 255 176 208 255 98 117 255 244 242 233 255 255 237 99 114 64 54 121 77 53 97 100 51 48 48 60 68 117 143 112 75 55 27 48 103 124 83 4 24 55 27 38 48 37 36 41 33
17 11 11 29 74 100 58 2 41 46 93 66 108 53 14 60 69 68 103 106 50 31 39 9 20 26 33 17 16 19 3 9 18 10 0 8 14 7 17 17 3 0 4 16 19 36 14 41 67 209 167 79 182 24 249 255 248 152 77 128 250 255 238 247 201 210 42 72 26 19 74 60 68 77 108 79 0 17 11 0 42 94 111 52 38 18 66 46 69 104 112 30 100 52 16 21 34 29 24 22
37 66 95 33 56 70 86 54 0 82 67 55 69 81 53 12 34 159 179 95 20 7 32 32 37 26 9 5 14 24 27 21 3 8 0 9 12 6 13 6 3 9 9 8 0 13 16 77 119 188 121 124 44 103 135 83 28 51 81 157 203 237 255 228 148 143 29 43 37 77 87 36 51 41 30 37 70 139 117 94 23 54 56 24 47 67 101 58 36 88 33 40 19 48 105 31 17 36 27 32
75 72 72 21 76 114 116 78 77 71 92 78 42 50 0 35 18 103 84 53 36 22 61 81 45 25 5 8 19 27 16 0 8 18 4 0 0 4 17 7 0 13 17 37 44 38 12 56 61 110 40 178 134 123 104 116 204 181 255 232 255 255 235 236 83 52 29 52 55 90 82 63 11 65 73 58 66 75 39 48 61 29 14 43 83 88 89 59 0 57 0 99 64 51 89 34 60 87 43 39
132 114 92 82 84 97 51 58 105 84 55 58 72 75 71 42 30 21 0 63 65 27 82 102 24 28 57 46 43 64 41 16 14 24 7 0 0 8 19 2 6 37 40 46 30 18 30 109 116 194 159 94 158 166 203 242 241 241 245 236 162 241 152 215 108 53 48 42 20 24 22 22 26 75 64 19 15 40 73 129 157 110 87 95 68 31 20 18 9 14 9 85 83 25 17 24 74 95 38 41
56 56 67 84 75 73 30 82 69 36 11 45 66 67 85 72 53 57 28 72 80 59 95 75 31 48 102 53 27 50 4 0 8 17 4 4 10 13 15 0 13 22 8 36 47 42 35 70 139 184 176 158 149 63 167 196 165 255 235 255 156 250 238 178 162 110 79 55 60 90 96 52 13 68 96 63 24 22 66 97 107 115 127 93 32 27 45 48 59 24 35 18 15 27 50 56 2 16 0 34
21 20 45 27 50 43 7 46 48 68 67 23 0 54 56 67 68 123 76 45 49 45 70 69 19 25 70 55 84 114 41 22 18 14 0 5 10 5 13 7 12 26 11 19 0 0 18 59 90 17 69 38 55 90 108 152 55 227 255 221 248 238 255 248 117 70 42 63 97 114 100 48 44 33 31 31 44 58 70 23 22 18 60 61 52 68 80 62 43 62 43 28 52 81 80 90 31 17 37 71
15 34 64 27 33 39 16 77 103 106 42 67 46 15 58 60 56 116 107 56 6 0 32 72 20 24 22 47 105 95 23 0 35 25 14 32 27 1 7 17 2 10 5 35 14 9 10 0 37 39 82 75 85 71 155 255 192 116 199 255 248 255 254 135 118 60 31 60 84 75 25 1 41 46 48 42 51 50 74 39 64 3 31 40 62 64 60 27 15 48 46 65 118 108 43 59 63 14 50 43
31 42 41 38 29 67 19 97 78 94 111 62 59 10 19 8 36 38 71 73 33 41 67 40 20 49 19 57 93 41 25 41 34 34 47 82 66 9 0 2 1 11 10 31 0 8 40 31 31 0 0 56 65 26 80 167 126 82 185 240 253 122 166 68 112 55 13 11 56 110 61 45 41 47 27 11 39 35 56 31 70 18 42 9 32 72 116 96 68 20 76 68 95 105 48 22 62 0 50 15
63 82 75 75 16 30 10 5 32 24 71 61 65 19 48 45 34 42 64 21 0 38 53 46 96 108 91 18 43 85 32 41 25 52 128 148 84 32 3 3 3 16 25 33 13 53 51 16 0 63 60 23 31 4 13 133 167 83 0 200 255 231 124 9 26 16 5 46 51 27 52 35 38 26 58 46 33 20 32 41 30 3 25 28 38 46 82 70 55 33 57 73 112 141 30 13 26 27 11 65
88 94 82 95 34 81 87 0 23 51 19 42 10 52 11 38 66 0 8 59 53 26 7 41 56 65 62 46 54 108 51 13 38 108 147 83 123 53 13 26 0 32 28 23 22 13 2 26 2 28 46 0 14 24 23 50 103 75 116 255 242 160 75 82 61 54 10 32 62 48 59 54 45 58 95 84 72 33 49 110 117 67 50 40 62 80 96 64 53 73 36 3 61 84 10 18 58 40 26 49
68 103 44 58 48 50 51 36 50 92 57 22 14 62 34 83 76 74 76 78 38 48 34 46 21 38 37 45 18 88 91 61 47 68 62 0 75 57 25 8 22 35 22 5 29 21 5 4 35 63 97 79 11 26 10 49 46 78 52 161 142 75 104 104 60 67 24 61 116 97 66 54 27 63 76 38 52 33 23 54 72 49 41 35 59 73 65 23 26 44 36 15 34 45 52 49 54 26 32 23
36 79 71 48 0 38 61 13 10 54 80 33 54 55 25 44 48 83 101 119 53 39 19 47 38 34 0 7 13 66 83 40 0 34 35 21 26 36 6 19 6 0 30 28 19 14 48 44 45 106 108 80 15 64 46 22 86 86 33 71 125 180 121 46 50 61 46 93 108 62 11 2 33 55 71 47 75 63 29 17 39 52 50 30 31 45 55 51 29 7 33 43 49 36 52 43 46 25 63 43
17 26 79 88 26 6 4 40 45 47 21 32 24 69 36 63 82 62 41 94 66 42 19 57 55 102 97 78 83 51 68 62 73 86 26 8 19 60 24 58 56 0 1 22 45 37 45 22 84 98 104 80 76 0 36 54 75 105 40 27 37 97 56 25 35 15 9 62 44 16 7 28 26 9 54 76 77 37 24 37 69 75 54 41 53 60 45 42 64 27 27 15 53 30 0 0 23 18 63 45
17 36 46 18 47 69 8 20 61 59 23 71 54 75 46 73 143 104 36 53 53 54 41 54 73 100 82 65 120 70 70 78 57 82 111 80 59 63 59 49 27 56 45 13 33 40 35 32 43 69 54 33 64 21 25 9 71 113 35 49 41 15 34 58 145 65 10 45 24 21 6 16 74 39 62 57 42 20 35 54 11 56 62 56 35 12 6 55 82 48 68 51 46 53 38 36 44 46 58 45
37 27 76 66 18 23 57 96 74 77 32 47 73 26 27 55 95 79 50 82 75 21 6 30 53 73 62 49 83 45 66 127 92 40 76 60 79 82 97 42 3 48 31 4 29 73 61 44 18 34 56 84 47 37 43 139 219 129 47 0 60 64 41 91 159 93 21 42 40 55 22 33 82 66 58 15 17 17 17 17 53 40 0 13 45 44 24 70 51 10 33 51 1 30 84 78 49 52 14 10
49 67 45 24 55 76 79 81 82 112 54 88 142 57 5 4 2 41 52 70 64 16 16 30 32 27 17 31 49 20 12 62 65 17 9 7 78 56 43 56 33 23 34 55 10 12 28 46 76 41 79 40 11 46 77 177 239 215 134 36 89 22 32 28 95 96 42 32 10 15 0 37 38 48 56 38 61 26 0 11 50 64 39 60 63 36 27 111 117 70 10 49 40 55 115 144 64 67 0 1
46 36 69 45 53 85 49 73 97 117 29 141 208 65 26 39 52 46 61 42 46 30 33 49 26 23 1 22 92 56 103 122 96 74 29 51 72 51 43 41 32 60 53 28 41 36 14 40 20 46 44 4 42 3 23 80 143 191 83 28 94 47 78 51 26 35 93 90 78 76 24 12 13 15 12 8 38 38 48 15 14 18 36 27 45 46 73 81 34 63 47 60 86 31 73 128 60 27 24 40
58 49 38 4 10 48 96 122 77 30 0 73 144 59 50 85 95 29 0 26 0 49 37 76 67 39 59 91 85 40 98 121 133 88 45 28 20 30 68 44 66 117 109 58 66 57 51 50 41 26 13 7 69 72 67 53 13 44 87 101 89 27 76 70 43 79 68 16 61 54 0 5 12 18 28 47 67 71 80 53 56 56 28 36 46 88 109 145 43 44 21 28 30 10 36 18 0 3 26 42
31 9 47 17 43 84 97 88 49 26 77 47 74 64 43 25 38 29 79 87 18 41 33 54 90 101 115 126 124 77 67 88 110 41 39 37 29 34 66 0 40 84 59 19 30 22 54 62 33 20 18 20 58 108 147 145 114 65 29 50 86 38 50 26 40 63 64 39 63 53 34 25 23 24 23 44 41 60 83 70 83 91 52 42 35 51 62 113 70 59 60 91 65 68 77 13 62 64 56 49
24 29 9 3 30 33 116 55 64 17 68 22 30 41 28 49 56 0 20 4 24 61 48 43 47 80 97 100 99 61 32 80 82 30 67 61 31 11 76 60 90 87 23 30 30 2 23 45 40 33 23 21 28 48 54 49 5 34 11 37 74 21 39 22 18 0 0 20 15 30 63 66 40 46 32 38 11 40 63 50 28 50 64 67 106 68 49 67 130 84 47 64 29 42 53 19 39 40 36 49
2 14 73 40 34 31 54 22 34 27 52 39 53 60 29 51 99 71 72 73 61 38 0 52 72 12 8 41 57 66 61 60 72 22 47 52 74 53 62 28 27 33 0 51 46 31 49 89 59 50 17 6 23 33 45 79 47 26 11 13 36 40 55 36 75 63 40 77 46 38 12 7 32 64 60 61 32 55 59 30 46 24 5 22 105 97 83 94 141 115 46 25 7 17 15 21 6 28 36 46
21 57 49 37 23 0 54 13 32 79 71 35 23 27 21 42 87 82 71 33 66 33 20 47 36 70 77 36 13 18 56 73 62 40 43 6 20 28 41 32 36 84 75 92 35 22 61 122 41 43 32 31 56 36 26 46 67 35 48 20 35 43 7 53 64 59 64 70 8 40 56 52 8 49 49 45 40 54 53 29 29 21 6 62 96 82 23 24 66 126 91 33 19 12 8 53 43 67 61 27
25 34 54 32 24 23 15 7 0 24 52 64 55 0 0 25 46 90 100 29 66 42 62 20 22 99 84 18 28 10 34 36 64 32 36 23 41 68 55 25 67 94 97 59 19 10 51 89 72 32 13 2 46 55 71 58 125 96 56 39 59 44 11 39 23 21 86 79 36 52 62 42 16 41 25 12 35 32 40 42 34 29 24 64 57 33 4 28 55 137 127 53 43 16 22 97 74 74 74 64
6 56 87 95 76 49 31 25 22 16 38 22 55 46 61 32 0 73 77 81 57 82 109 83 49 36 31 37 51 4 61 55 69 23 37 35 18 54 85 105 97 48 36 4 54 53 50 19 43 23 49 15 11 20 86 79 78 53 0 50 33 19 78 0 20 14 45 20 91 69 22 34 52 61 35 20 57 30 36 54 43 11 16 24 35 0 12 37 14 68 78 49 79 29 7 64 73 20 13 49
4 85 91 82 104 85 46 27 21 40 64 82 55 105 70 49 27 18 7 28 62 63 57 73 27 6 45 64 81 38 80 80 71 31 49 59 57 145 150 100 29 40 56 43 27 43 1 35 27 40 43 56 74 35 46 38 35 24 48 68 72 5 52 16 35 34 0 21 70 62 10 39 63 57 60 45 25 26 24 44 50 25 0 16 42 4 29 41 77 79 101 47 46 60 55 44 53 82 10 25
64 97 64 46 74 68 33 4 0 25 55 61 20 60 36 26 78 86 107 123 96 38 24 56 65 27 37 53 70 62 107 97 55 22 37 61 30 53 51 31 44 97 99 64 0 18 21 50 27 5 56 75 62 56 54 127 106 65 76 102 77 69 52 54 33 9 39 136 101 43 16 65 63 57 70 80 5 33 33 37 44 31 25 35 36 19 0 12 80 22 33 60 39 50 84 26 98 77 1 46
97 95 65 65 67 37 30 45 77 54 29 30 13 51 34 30 21 81 141 134 77 39 40 49 82 73 49 12 9 90 168 137 43 40 36 63 60 85 75 31 39 94 83 70 21 29 43 58 60 56 44 60 29 50 80 101 72 72 91 130 106 129 92 76 57 53 108 189 124 57 14 18 76 68 18 69 0 74 22 33 43 33 37 47 41 55 10 28 59 60 40 86 54 12 33 0 48 55 18 51
89 82 52 42 31 22 69 122 74 57 50 76 56 48 27 39 55 11 10 36 25 7 21 42 79 61 17 5 27 135 159 70 35 42 14 52 89 129 119 63 7 73 67 22 40 68 65 52 35 56 33 33 4 33 83 52 41 54 38 81 75 68 95 76 46 70 94 85 47 9 15 43 37 51 56 35 82 50 21 49 39 35 45 67 73 70 34 45 109 124 44 57 66 50 48 45 9 44 54 83
45 60 44 42 57 72 97 106 48 31 17 58 81 75 30 1 11 41 71 57 24 31 48 38 43 29 15 44 22 55 71 47 45 34 0 49 82 95 84 59 19 18 57 55 105 30 0 69 36 0 20 19 61 120 113 79 67 65 40 105 90 48 45 35 45 10 31 36 62 26 54 72 50 52 26 50 97 85 26 66 33 50 76 112 120 61 52 54 96 92 42 30 28 41 36 60 54 45 48 92
14 29 36 82 111 77 52 52 51 74 52 36 31 34 35 26 47 13 4 22 28 26 39 55 40 18 0 23 18 33 36 24 40 35 10 37 66 99 82 48 32 51 79 0 39 39 24 49 71 34 29 17 80 135 141 83 66 56 12 28 1 55 17 25 23 37 149 147 78 5 68 88 74 7 7 30 98 81 48 23 6 31 61 98 108 39 59 73 65 92 85 52 56 41 6 84 80 67 45 40
38 39 15 41 66 25 12 46 87 86 43 38 63 60 43 10 14 40 43 22 13 19 26 30 0 25 22 31 28 31 30 19 20 35 34 25 36 105 97 60 11 14 55 44 52 65 50 17 53 84 48 30 33 44 82 42 16 46 30 32 15 75 35 25 61 85 145 118 44 19 54 43 6 9 25 69 45 54 13 17 7 8 19 49 66 42 41 57 47 75 63 15 64 64 22 81 62 87 69 18
63 94 37 0 31 44 38 38 70 46 6 38 84 64 49 37 15 40 41 25 14 2 12 44 43 30 0 8 41 38 28 22 34 47 72 52 15 61 77 96 52 10 12 42 0 49 107 86 63 28 17 45 66 75 13 8 33 55 39 63 57 11 37 44 40 62 44 41 41 58 36 32 22 42 40 1 21 19 23 65 71 44 37 60 80 94 33 27 27 59 111 62 44 57 61 38 41 65 63 40
66 56 24 43 34 48 4 19 65 18 14 29 44 52 50 60 26 69 17 22 25 33 54 64 29 2 18 35 14 4 9 4 14 46 63 29 30 4 56 46 52 9 58 71 20 22 60 106 121 80 31 84 71 53 62 23 47 89 108 87 68 18 83 46 28 37 66 18 50 1 29 37 62 30 50 94 47 12 0 41 51 42 42 9 46 118 33 19 10 18 34 54 35 21 38 4 28 50 53 15
46 45 61 89 61 50 62 82 100 40 22 28 72 94 76 47 10 48 35 54 55 26 26 49 28 10 18 74 60 8 26 44 31 71 89 48 50 6 21 24 34 23 19 34 8 26 60 46 90 64 17 68 51 36 62 30 10 55 87 77 66 109 73 0 34 0 20 45 54 46 53 9 74 48 80 88 43 36 7 34 36 24 32 21 43 71 45 10 31 23 65 42 88 36 63 0 16 0 25 11
56 39 58 89 53 22 68 69 69 19 14 7 44 57 56 38 44 53 38 29 51 27 5 7 27 63 42 50 43 19 40 22 19 42 99 83 79 44 40 33 44 34 0 63 50 21 51 51 57 45 68 111 83 64 29 0 25 15 12 27 24 95 103 106 37 21 21 60 49 48 32 34 56 46 60 67 45 52 32 17 18 13 27 36 39 27 63 22 21 39 66 76 68 29 43 47 74 1 58 52
111 65 7 23 16 25 86 84 58 22 32 17 33 34 59 73 55 105 111 35 30 28 27 32 15 34 7 10 30 27 50 70 27 16 89 81 55 61 98 105 102 69 8 68 42 0 23 81 30 22 108 116 70 77 15 21 41 26 28 82 77 48 89 101 24 54 60 75 32 25 24 68 121 80 16 13 4 13 45 22 61 42 22 39 67 68 77 21 38 20 66 91 122 30 26 39 68 0 56 47
67 70 6 37 41 55 58 40 5 0 18 10 24 29 23 6 15 85 102 25 27 36 28 12 45 67 59 16 28 54 53 89 81 41 46 29 43 52 35 22 54 37 16 50 64 51 13 10 43 45 102 99 46 61 35 42 72 59 51 72 60 43 65 52 13 34 82 89 22 24 57 60 107 50 32 37 34 24 22 14 20 47 44 41 58 86 62 51 49 16 22 40 45 0 4 52 44 8 49 26
2 40 0 21 17 56 69 90 76 71 59 22 21 73 81 64 38 71 55 25 55 63 37 4 11 60 83 14 21 79 67 88 62 68 32 12 69 72 33 48 31 34 58 30 25 38 35 70 51 42 7 32 24 45 61 7 39 40 85 99 60 80 29 30 30 67 91 65 26 17 42 61 73 0 45 30 33 47 16 48 48 101 113 70 45 68 17 30 0 34 56 100 44 54 23 59 13 17 28 12
49 71 69 69 31 33 32 41 21 39 50 54 32 68 48 37 37 71 30 15 19 16 22 26 44 29 29 16 27 31 20 59 53 88 59 21 13 6 23 55 82 29 51 40 67 50 22 25 70 41 0 16 35 93 111 55 43 51 128 136 83 67 21 40 54 103 77 39 36 14 5 62 40 0 48 41 59 70 32 12 23 31 40 12 29 72 34 8 19 12 60 45 60 59 60 38 4 25 28 55
76 51 75 75 45 46 59 53 35 11 0 33 14 50 41 72 58 87 16 11 17 28 41 39 63 38 2 6 48 78 87 88 69 44 42 80 82 104 104 13 23 13 72 48 39 0 12 41 21 14 64 54 29 78 38 18 5 42 123 119 102 37 40 8 57 63 40 48 40 36 15 34 47 35 6 17 67 88 114 33 47 42 65 24 16 38 57 29 26 21 63 56 25 33 36 37 3 20 18 78
59 36 91 50 18 32 32 20 29 30 20 16 17 45 36 55 73 97 36 40 53 32 19 43 75 61 31 55 64 45 21 60 26 24 32 107 38 69 74 65 51 50 64 31 50 9 13 56 41 8 10 34 12 40 34 36 21 9 62 62 67 15 29 13 41 38 33 56 27 23 26 15 103 104 17 9 94 90 42 44 14 28 52 29 45 60 88 68 38 8 55 93 39 6 29 35 53 47 17 25
64 26 63 37 39 59 44 31 16 16 17 35 46 61 30 35 25 46 0 21 39 34 37 58 62 96 67 20 0 22 38 57 31 16 18 35 60 47 67 58 58 83 79 26 94 96 46 0 39 28 45 56 42 50 37 36 53 36 49 56 37 25 44 55 79 41 28 82 67 45 43 48 104 127 72 56 98 72 22 14 19 42 61 35 26 45 75 71 37 14 7 15 17 15 15 10 74 93 73 67
47 5 32 18 44 50 13 7 26 17 23 61 82 83 30 23 44 55 20 49 60 65 79 90 52 69 69 67 45 60 53 44 43 56 63 55 129 74 74 76 8 105 119 23 76 96 68 42 27 39 68 55 61 50 38 39 42 29 17 48 12 40 60 93 124 63 31 85 74 44 26 20 63 113 102 85 85 54 23 10 31 57 63 49 24 50 60 54 11 49 37 14 37 44 26 29 86 131 123 103
60 32 65 59 88 69 17 27 55 32 31 74 95 89 31 26 51 49 16 45 41 45 64 61 36 0 0 48 48 49 33 24 5 64 75 86 116 60 36 65 30 120 115 13 61 61 36 45 17 40 67 31 60 44 41 49 38 31 20 57 8 30 32 58 57 20 0 49 68 87 80 52 19 78 95 82 63 48 47 34 42 62 54 65 43 78 53 25 0 76 90 59 68 73 60 68 36 88 85 63
