28 1 62 48 90 59 75 84 42 75 135 107 99 0 16 14 110 86 24 26 41 89 46 74 68 47 33 12 36 58 43 63 68 80 28 55 62 109 156 152 66 37 39 22 12 84 126 142 133 79 5 47 107 162 141 74 20 26 40 60 136 108 64 75 26 12 12 41 71 49 28 36 66 124 88 47 21 74 32 13 16 25 60 85 7 58 109 114 36 33 38 60 0 23 39 45 49 29 66 43
19 33 41 21 59 52 58 92 29 14 109 159 106 43 12 29 103 139 158 63 35 120 46 60 62 39 14 88 33 23 1 46 17 19 55 56 7 11 59 93 40 61 66 44 47 94 97 113 125 50 33 70 154 242 156 13 70 84 115 101 31 36 47 91 23 28 48 58 47 44 62 77 73 67 95 96 98 98 65 43 55 45 15 35 50 92 80 75 53 50 68 73 73 123 130 66 58 35 18 12
73 80 11 24 82 68 8 16 32 50 129 94 49 65 20 42 47 54 169 83 73 75 49 82 36 54 0 11 0 7 24 39 17 13 47 74 28 40 87 87 79 116 107 48 19 53 60 72 44 36 21 7 127 123 21 114 105 68 59 66 73 94 47 70 42 75 105 81 25 37 84 107 37 24 69 75 80 108 96 44 38 30 8 19 33 41 70 137 83 79 109 108 163 188 164 57 89 87 27 54
63 79 20 40 59 26 24 88 62 104 113 12 100 73 23 115 188 28 28 23 46 19 27 13 46 47 14 15 8 19 41 49 1 50 22 61 22 35 97 56 127 172 171 87 24 26 29 11 50 33 120 74 58 101 97 103 110 55 41 17 104 153 114 100 100 98 53 22 29 78 77 56 0 23 24 50 43 107 129 84 28 6 17 50 77 95 114 118 102 34 48 129 223 155 88 54 27 63 2 59
3 54 83 101 85 34 78 131 109 32 64 14 31 25 83 59 119 85 152 167 64 58 67 24 37 38 20 41 0 46 13 17 50 62 1 14 84 105 150 92 105 157 126 26 36 38 57 63 51 70 125 59 50 108 107 45 11 5 59 34 71 144 128 41 45 95 53 31 61 86 36 27 26 42 1 52 48 45 107 114 32 32 35 48 90 124 109 62 54 48 34 72 161 153 79 36 39 77 31 77
47 60 80 47 48 49 102 95 68 49 66 69 37 26 73 45 15 33 159 114 64 108 142 82 15 56 25 9 79 114 22 27 27 40 102 51 127 67 61 44 13 104 84 3 113 74 61 76 111 44 47 48 42 76 102 63 67 67 47 40 58 123 90 41 86 134 74 70 126 140 59 58 39 38 3 18 39 2 110 132 76 44 0 26 103 100 37 31 104 89 92 143 135 89 63 104 110 113 89 79
17 32 57 5 17 44 72 48 3 0 38 122 63 32 53 60 73 53 84 60 82 79 101 77 33 61 51 53 196 152 84 95 65 26 68 0 72 67 76 71 48 105 100 5 109 46 81 96 91 40 25 46 74 112 78 23 71 120 67 53 78 87 40 23 71 107 46 36 52 64 29 80 15 17 30 11 31 56 162 153 45 36 30 99 99 37 0 56 99 106 182 217 113 69 97 113 115 96 130 65
59 46 38 0 16 64 75 72 44 53 31 32 23 69 87 81 117 126 8 109 84 46 21 64 29 57 62 53 55 104 150 90 75 65 62 27 49 92 113 75 28 46 106 25 75 12 121 113 27 78 73 73 120 112 5 18 40 106 83 27 69 124 149 61 36 55 23 63 82 79 13 26 24 16 63 56 27 91 137 104 55 23 23 87 53 44 18 22 36 22 163 237 119 82 127 89 48 35 136 49
44 99 70 51 17 17 6 4 51 71 60 20 7 71 76 100 84 137 140 145 63 76 32 45 52 46 60 26 29 76 116 41 15 101 82 32 56 131 91 59 51 61 80 38 70 212 102 81 62 48 111 29 68 87 35 88 106 129 82 33 106 106 62 46 30 61 30 44 77 87 103 72 73 19 35 58 33 105 54 30 18 36 10 68 130 92 61 45 74 34 83 94 48 64 125 145 104 44 47 40
4 50 27 9 18 35 69 104 137 126 53 30 30 79 79 77 75 25 73 96 28 116 60 88 101 56 60 81 8 2 80 48 80 62 24 21 23 22 10 14 69 107 112 73 171 254 202 107 0 99 125 103 32 6 41 96 171 141 103 19 169 199 61 46 35 19 87 183 80 48 71 88 81 17 42 40 41 56 21 16 74 82 29 43 84 62 44 28 92 91 9 121 47 46 19 109 187 152 142 111
6 108 16 73 41 42 87 131 144 107 25 63 49 23 24 66 172 101 49 4 25 115 127 153 138 53 4 47 25 23 9 42 71 30 16 53 76 57 79 61 56 81 46 34 87 126 122 98 54 114 98 11 32 101 134 44 74 60 17 84 110 193 98 137 86 55 96 126 28 32 42 47 34 16 79 78 55 35 10 28 80 57 8 22 44 37 50 46 79 139 36 111 69 42 44 126 178 144 117 109
38 55 19 1 33 31 29 91 90 87 25 47 71 98 90 98 137 136 73 26 58 132 116 100 108 54 46 47 31 82 1 107 89 99 66 15 32 70 179 169 73 26 19 5 182 212 157 41 18 72 127 59 84 141 186 98 39 112 72 126 21 167 93 101 56 42 43 7 29 104 137 69 0 44 150 168 58 27 8 38 72 17 23 78 53 9 11 0 114 131 41 42 66 32 51 49 119 98 39 29
58 98 20 95 117 123 44 44 62 89 77 38 20 35 53 127 147 102 89 66 10 100 54 75 124 72 90 77 21 86 13 67 76 151 146 56 32 20 121 136 35 66 27 42 107 198 125 11 9 149 174 99 0 54 137 61 70 57 66 50 86 175 78 101 72 46 33 13 15 56 131 63 30 64 197 228 91 52 80 118 114 24 41 91 41 29 77 61 88 84 8 19 26 6 19 112 203 198 96 68
113 91 106 70 131 135 57 72 70 43 52 49 77 49 58 160 146 112 119 111 93 25 19 52 61 94 89 79 17 9 3 56 65 79 70 33 36 5 98 167 52 24 0 79 128 79 89 27 54 92 163 143 63 44 85 75 31 51 106 69 153 178 99 0 20 48 30 54 28 4 48 62 25 1 117 134 60 12 87 125 95 41 72 103 56 58 95 72 63 62 15 65 138 100 17 114 196 162 43 91
53 91 72 77 99 107 87 83 37 59 82 52 91 36 43 87 72 107 75 56 113 0 61 70 23 58 11 22 63 45 50 67 64 27 32 41 78 94 165 202 82 20 21 202 176 62 19 0 40 74 183 90 35 38 90 83 44 32 29 55 56 25 64 18 0 58 81 108 94 25 5 35 57 32 88 73 49 14 60 71 28 12 19 31 37 59 98 134 139 122 76 65 108 59 14 109 155 133 28 135
77 78 54 17 77 97 122 104 53 46 41 43 121 26 21 24 9 59 27 7 0 46 93 77 33 23 24 10 31 37 64 46 29 18 52 29 31 83 119 74 70 0 34 93 99 91 76 27 24 95 126 144 119 136 164 73 10 12 23 14 38 11 34 90 45 26 110 120 97 31 52 60 64 96 109 84 72 78 65 48 40 42 23 27 62 54 67 155 131 76 42 97 93 63 25 78 95 156 67 120
109 67 61 50 99 16 76 19 64 52 36 108 116 47 60 59 34 62 6 25 18 58 37 99 139 47 12 16 30 48 71 8 89 89 47 45 25 57 69 34 65 3 74 6 30 61 62 10 3 49 61 158 136 76 77 56 10 14 67 61 55 34 37 61 69 45 93 129 99 40 69 72 103 148 53 47 94 56 53 40 60 79 77 63 53 49 48 59 67 59 49 15 62 44 56 46 70 127 104 76
98 97 68 100 87 0 49 37 79 51 5 65 60 74 69 129 103 87 61 12 67 69 88 55 80 36 2 33 35 35 46 18 90 111 21 5 30 109 99 73 42 9 50 55 66 51 31 79 29 46 22 93 4 36 66 50 98 88 34 18 3 52 8 13 58 103 102 88 94 84 114 78 173 184 51 104 114 91 80 78 58 62 63 8 46 20 27 11 23 29 13 48 75 36 46 133 151 178 128 77
76 170 187 116 49 21 33 13 73 53 61 91 29 63 56 148 160 111 70 38 66 50 93 66 24 55 17 10 58 37 59 62 53 85 67 62 8 91 94 26 0 61 126 119 11 31 34 45 40 157 139 109 105 74 30 52 77 117 59 57 55 76 1 40 105 52 100 91 24 32 105 131 217 240 101 106 74 112 131 88 43 23 59 77 139 43 40 81 109 33 46 93 142 71 67 121 114 130 94 64
32 129 195 184 33 83 13 142 45 30 38 72 114 118 43 84 117 98 41 33 25 22 68 90 50 32 12 103 102 21 21 53 41 54 22 45 56 30 0 35 38 41 68 136 67 88 61 15 64 124 168 121 105 83 54 7 0 88 134 80 44 59 82 89 55 38 48 44 53 40 31 84 144 191 137 78 37 123 187 120 32 32 39 71 131 87 79 133 180 77 16 83 85 24 90 13 47 60 54 53
38 7 110 96 105 81 13 93 34 86 75 128 223 165 34 53 70 93 40 11 43 51 44 25 81 37 11 129 57 55 49 36 0 62 58 11 62 48 46 100 155 99 21 63 113 154 118 69 53 59 93 81 15 52 51 9 77 50 91 44 7 42 133 80 71 84 28 13 48 25 0 51 55 80 123 99 27 68 92 38 70 64 54 84 142 96 50 69 98 43 19 73 0 91 144 156 55 54 54 53
63 83 134 60 42 40 101 173 125 104 47 116 147 119 34 3 50 75 25 55 114 152 51 4 82 119 71 19 62 103 96 58 35 14 60 57 74 19 94 208 194 73 29 90 117 75 65 64 111 114 63 20 87 75 17 9 13 33 31 2 7 31 70 50 36 29 78 51 61 95 27 91 94 62 88 108 28 86 130 123 141 114 91 65 95 36 33 67 25 49 91 86 23 90 89 166 62 58 77 83
14 26 121 86 104 43 143 201 168 109 62 75 43 32 62 81 23 34 30 73 114 168 72 46 67 128 98 3 134 92 36 60 71 37 27 0 53 52 110 204 159 42 15 11 21 51 87 43 121 123 134 48 55 0 45 61 0 149 148 67 48 25 5 7 100 98 85 1 41 107 15 93 96 63 92 148 86 91 144 101 58 136 145 62 30 29 34 22 10 82 83 86 96 58 97 71 42 45 85 100
58 30 77 96 56 59 86 174 123 100 62 40 122 45 8 45 31 44 112 16 38 52 47 9 7 61 49 27 72 98 26 60 67 17 68 57 40 87 161 162 101 37 44 69 111 98 79 69 116 76 77 64 45 46 101 70 52 30 33 79 114 57 58 58 103 69 5 75 39 0 62 124 88 30 59 129 113 55 176 137 64 157 154 109 27 58 47 53 75 33 76 18 24 103 47 31 26 23 57 58
31 26 8 32 3 44 16 64 70 11 4 102 146 64 35 50 65 69 146 38 38 77 113 73 14 22 57 30 59 108 62 52 21 32 117 88 47 94 219 174 91 31 19 75 216 191 68 64 140 125 156 35 30 15 49 68 92 28 113 87 126 94 5 48 39 16 84 139 41 5 81 76 22 17 56 53 33 19 104 108 76 178 153 88 90 162 82 29 53 41 32 25 23 100 0 45 56 71 89 65
21 21 67 63 109 89 62 11 47 29 20 106 136 124 90 70 100 115 89 64 74 52 108 82 47 29 70 61 81 91 24 50 57 87 113 129 149 85 120 108 82 81 94 118 219 171 105 103 111 73 137 86 101 29 55 14 113 108 103 117 37 71 64 50 70 51 90 125 71 84 112 61 12 87 123 26 90 116 1 97 94 114 54 73 165 172 115 30 31 0 33 23 35 48 49 55 64 50 49 16
33 54 91 123 82 47 57 70 45 63 94 70 63 46 91 78 72 76 132 65 43 61 22 108 61 4 9 10 62 78 13 50 97 100 101 99 37 3 91 56 25 50 75 66 133 147 100 100 162 141 15 19 0 20 13 84 198 166 166 95 25 37 20 59 23 16 37 48 19 76 100 83 35 67 88 18 51 0 56 30 38 56 59 49 76 70 35 39 28 24 97 76 55 44 129 91 73 45 58 46
38 52 41 132 37 28 17 49 64 52 26 57 55 117 91 30 110 201 162 110 60 32 56 34 32 34 38 30 53 51 22 58 48 80 42 41 19 45 76 59 20 11 39 19 16 59 46 136 186 191 92 46 101 96 49 79 139 173 138 162 85 84 60 94 100 70 60 60 41 87 98 134 59 66 81 67 47 21 51 45 55 53 22 50 49 61 9 13 13 41 112 110 46 62 160 162 69 44 78 90
16 24 24 76 37 30 29 8 39 39 80 62 99 124 134 63 131 136 100 10 22 109 118 68 64 69 35 38 58 54 72 94 31 61 13 46 52 73 31 105 128 54 56 83 83 43 53 125 179 140 124 25 126 138 91 6 106 135 163 153 37 47 70 89 121 103 89 63 21 16 20 91 102 82 52 0 4 51 11 45 18 59 0 88 59 0 44 37 57 67 104 88 18 27 58 105 59 41 73 74
8 12 31 78 57 48 52 58 12 53 82 101 92 145 93 28 114 121 97 60 68 117 125 80 61 35 22 97 144 104 67 36 11 64 63 119 146 133 51 156 137 73 34 42 94 37 94 35 83 175 204 127 73 114 56 57 93 41 86 40 58 63 60 97 53 52 44 24 27 28 51 109 158 133 83 69 54 23 69 37 42 52 0 36 36 0 59 20 41 71 116 65 62 82 43 50 6 16 52 34
18 7 10 115 108 120 44 50 61 46 50 7 28 58 80 81 152 156 63 50 18 34 102 169 138 60 57 106 121 89 54 58 61 145 129 159 255 163 2 41 83 95 82 15 12 39 127 53 55 129 147 97 74 62 2 0 12 103 64 117 87 22 33 105 131 101 60 37 72 41 39 36 112 100 48 60 3 17 53 99 82 62 47 23 19 51 68 36 59 95 133 87 101 108 36 15 33 80 123 86
17 19 22 90 102 139 42 21 48 33 44 52 45 38 27 72 175 149 22 26 2 26 54 184 204 63 43 53 76 103 73 94 88 56 52 65 100 28 26 21 20 55 116 71 3 78 60 15 101 103 141 131 83 33 45 11 65 110 88 90 74 35 43 35 89 104 113 93 87 0 16 40 28 16 72 70 45 75 166 117 44 26 0 50 36 67 70 40 70 60 70 95 87 63 9 51 72 135 168 107
36 19 25 75 79 98 107 15 65 13 67 73 12 40 81 120 140 141 87 46 29 30 19 88 188 148 56 35 12 26 45 52 37 23 17 36 67 80 59 31 85 38 52 33 56 101 82 130 164 137 61 108 15 54 39 45 45 40 111 142 80 60 61 8 85 140 110 51 11 26 100 20 14 47 7 59 24 17 85 75 67 86 143 82 71 100 76 55 93 51 49 65 132 181 65 38 36 70 80 48
47 20 57 71 47 78 51 46 37 89 145 117 41 57 74 108 70 75 80 86 61 47 22 53 117 107 56 45 14 13 29 40 23 13 4 6 15 25 32 35 62 22 66 24 96 80 69 89 178 247 246 252 206 105 82 71 0 55 90 83 104 89 55 24 54 166 173 76 110 166 104 53 72 21 9 17 28 90 84 119 128 130 152 103 61 34 35 40 117 88 45 7 21 47 27 57 62 89 75 62
87 35 11 27 50 61 78 65 6 136 177 172 42 12 0 65 72 55 63 54 6 9 34 78 40 38 16 25 15 14 15 15 8 6 8 13 12 12 21 34 9 8 39 42 74 81 122 116 243 255 238 255 253 88 80 30 5 67 75 50 84 58 27 36 22 59 109 40 78 152 77 68 109 64 66 14 133 151 120 67 64 62 96 61 53 51 27 5 89 55 55 59 56 65 94 86 98 125 96 117
116 56 36 17 34 15 79 47 59 87 74 16 120 153 156 80 39 28 44 45 28 25 8 3 5 2 0 5 8 8 6 5 9 4 10 27 35 32 30 34 30 0 37 61 63 85 97 37 156 245 255 244 255 253 26 60 109 56 28 47 40 24 23 43 27 50 116 95 47 56 95 14 44 56 0 51 166 140 27 55 61 12 70 63 38 4 0 74 57 12 83 103 37 12 54 19 36 63 32 87
90 14 67 28 17 52 59 33 32 43 64 158 235 248 176 100 12 28 37 10 8 11 2 11 6 9 20 14 5 0 4 17 21 9 4 12 21 24 28 33 0 46 14 79 110 3 165 124 237 233 254 173 255 219 120 50 63 18 37 97 13 0 5 60 63 81 144 42 130 114 10 99 114 53 91 125 123 170 119 68 14 33 72 57 35 22 65 94 88 1 33 45 40 50 78 78 75 70 26 94
39 1 31 36 22 99 98 62 44 79 142 160 200 195 139 42 6 29 45 13 20 17 6 13 15 7 24 16 23 17 13 18 20 19 17 13 10 12 17 22 34 24 49 109 198 126 55 109 65 187 255 229 251 213 72 53 75 24 4 60 48 64 52 54 29 45 81 33 56 77 143 123 36 70 92 56 194 255 255 125 6 27 17 86 88 14 86 82 15 6 28 19 25 8 29 136 182 108 25 65
42 50 48 32 41 67 94 71 114 124 137 132 85 69 14 22 73 19 5 0 28 40 25 0 22 0 12 7 35 34 18 9 11 22 29 25 22 24 20 12 26 21 20 73 108 112 32 134 171 255 225 255 247 255 255 140 131 78 33 10 32 97 140 125 47 36 48 0 25 164 181 23 52 67 5 86 167 206 185 99 36 90 73 74 52 10 76 42 10 41 67 107 106 60 64 156 186 78 6 26
94 44 70 0 91 90 50 28 37 48 88 13 48 44 49 71 68 0 14 9 1 1 24 11 26 5 27 10 26 19 8 9 8 16 17 14 25 39 32 13 10 11 0 7 12 44 113 154 194 136 70 231 246 248 239 240 104 52 53 7 28 91 161 97 48 31 64 41 29 93 59 93 117 65 37 61 74 100 63 80 26 26 59 61 78 76 63 32 27 54 90 154 75 11 61 121 100 20 20 74
54 26 48 18 81 109 45 47 64 10 22 94 113 47 57 72 12 10 19 23 13 8 10 6 22 28 32 37 35 16 7 19 27 18 15 25 32 26 18 14 28 37 20 45 128 163 24 182 249 206 46 245 255 251 108 205 47 41 16 29 27 41 87 55 31 38 42 75 125 64 56 87 114 126 95 114 93 111 63 23 16 0 25 40 86 125 77 49 96 111 90 84 19 103 77 77 91 11 64 109
0 27 37 63 93 53 19 146 145 78 21 40 74 99 157 97 11 20 36 34 14 9 17 19 7 15 26 45 56 37 16 14 32 18 29 54 44 10 10 39 53 30 34 119 229 248 111 215 255 218 255 251 255 221 249 235 153 22 43 18 15 32 53 31 26 28 43 110 101 74 22 7 46 34 122 147 124 130 161 22 34 37 59 27 37 79 79 59 118 142 125 35 60 95 73 62 74 20 14 26
44 42 53 100 121 56 29 76 113 96 56 45 54 110 194 95 14 33 51 41 14 11 25 30 6 6 9 27 47 39 20 16 18 19 21 17 3 0 12 32 53 46 19 90 249 255 96 101 63 255 159 240 250 255 255 242 255 141 135 40 41 49 57 51 30 42 17 78 61 75 38 110 99 67 132 63 74 93 114 22 3 4 64 48 13 38 98 69 76 76 20 58 60 51 72 36 18 41 20 25
51 27 56 36 74 23 40 36 66 43 71 114 97 53 88 73 19 32 43 28 5 8 21 20 9 9 6 15 29 24 13 14 23 24 13 0 0 16 25 21 21 23 61 75 67 80 82 74 73 241 243 180 247 243 124 254 243 99 45 95 80 36 52 0 80 55 31 71 40 32 26 127 137 42 55 34 80 76 0 35 35 68 112 72 26 15 63 38 77 35 86 29 45 85 62 22 2 50 26 35
38 49 77 28 106 75 61 86 64 59 69 20 30 49 32 11 25 22 19 8 0 3 9 1 2 13 19 23 26 15 5 9 25 9 3 18 27 19 11 10 12 0 23 59 63 34 30 25 12 79 107 224 243 255 234 252 247 251 96 113 79 59 78 83 58 0 46 91 48 22 47 33 51 10 58 80 46 54 21 51 69 143 137 58 36 25 51 65 50 89 99 44 22 84 25 53 63 66 37 59
2 27 46 27 80 127 84 61 65 14 42 47 101 94 32 54 33 17 8 6 2 7 8 0 4 16 16 13 13 8 10 22 12 12 8 5 11 18 15 6 44 0 21 49 6 21 87 77 12 51 105 246 255 225 255 219 125 86 12 120 75 71 84 90 72 56 69 42 21 13 67 33 43 55 64 73 16 18 71 38 107 96 102 75 9 0 19 39 21 76 100 56 67 0 67 45 32 30 65 122
15 26 22 11 14 94 137 123 120 64 65 29 44 42 2 4 29 10 8 15 11 8 8 4 14 16 6 0 9 17 23 35 16 30 19 0 5 45 54 31 4 30 30 39 55 69 90 138 105 124 111 182 253 247 250 246 254 255 233 227 143 102 129 121 66 140 64 9 21 47 92 110 85 49 10 61 68 36 31 23 51 0 22 70 34 48 34 38 70 91 140 79 31 61 66 34 0 0 59 105
85 66 7 10 59 53 118 167 65 38 81 92 98 82 49 9 14 0 4 18 10 0 1 5 14 15 8 13 32 39 32 29 19 9 0 5 32 58 59 46 42 37 11 41 74 56 36 117 241 232 255 254 236 215 255 255 250 235 252 255 173 89 189 123 82 180 86 85 62 69 38 9 30 58 82 62 6 51 14 39 26 56 19 24 93 147 29 26 111 93 64 38 41 63 38 61 108 60 61 38
81 89 33 42 56 11 60 180 216 175 95 78 93 115 61 15 20 23 6 0 13 0 7 0 0 0 7 1 24 19 24 9 13 16 12 9 23 41 44 35 18 39 18 27 20 9 21 108 163 128 255 245 215 255 255 246 253 251 251 255 139 94 174 182 86 86 106 65 53 44 53 50 69 61 97 13 43 17 0 123 175 92 32 37 124 125 28 12 70 68 16 22 42 38 67 55 141 109 81 63
33 65 56 90 27 112 43 117 198 137 54 10 25 43 10 11 18 53 29 30 0 14 0 15 8 11 16 6 8 5 12 11 27 25 13 9 13 7 8 25 17 50 24 51 34 13 21 150 173 109 110 144 255 252 233 255 243 237 252 159 66 85 112 142 81 66 82 59 60 26 23 59 45 60 26 114 164 52 8 71 236 255 140 43 65 74 19 55 55 69 70 46 42 122 69 69 79 48 76 28
22 24 42 58 20 50 40 36 76 76 69 43 54 29 3 42 82 119 122 54 20 0 3 24 19 29 26 17 0 3 10 22 2 8 2 11 23 3 7 54 35 50 47 29 95 43 29 64 185 124 187 244 232 255 255 239 255 250 252 199 92 91 45 110 90 71 0 85 87 74 39 60 10 77 23 99 139 41 28 25 115 215 164 89 52 50 0 68 69 45 65 22 94 189 113 64 8 20 45 25
83 54 44 54 28 39 64 59 76 105 92 60 75 41 69 134 133 150 156 55 40 9 13 10 18 28 18 20 0 15 17 29 8 23 16 23 36 7 1 52 47 36 43 2 61 12 30 40 35 40 106 240 255 235 250 252 243 223 248 246 41 0 74 89 69 33 42 85 122 60 54 41 22 78 96 27 39 24 42 25 67 64 77 70 41 67 3 0 31 22 21 61 162 205 137 42 18 77 24 55
136 71 83 34 76 121 114 121 83 129 94 78 96 39 56 71 47 76 76 45 28 50 35 11 10 13 0 11 5 26 18 19 19 38 23 17 33 16 7 44 55 14 1 48 31 21 29 74 61 55 67 226 244 255 159 204 235 255 244 255 141 58 92 105 91 23 83 84 115 103 53 0 57 33 97 20 6 20 30 51 71 41 25 21 0 35 80 51 135 142 35 60 24 84 73 75 39 86 20 46
222 129 59 7 68 60 52 23 97 132 83 57 54 19 59 92 51 89 119 84 51 30 47 0 10 6 0 8 16 29 17 5 10 23 7 0 18 22 23 48 37 8 6 49 28 27 23 37 54 152 184 146 24 130 255 252 242 230 232 224 255 49 0 17 17 59 52 96 46 71 108 73 79 33 43 32 1 13 40 104 126 95 0 62 141 113 136 61 62 106 84 63 0 44 36 75 43 33 38 12
231 181 17 69 79 125 136 92 82 104 101 79 45 36 73 155 55 71 118 88 94 66 155 80 10 6 8 8 23 22 16 0 18 17 5 0 7 8 10 23 13 37 46 10 17 7 21 26 111 117 141 192 212 4 255 234 147 247 255 255 127 255 215 71 70 103 50 36 70 0 77 0 94 84 28 18 24 14 49 112 121 140 55 164 253 175 105 37 0 31 86 40 40 40 22 26 63 26 57 21
156 119 45 19 64 159 195 114 60 56 91 79 34 33 27 125 55 25 0 26 48 90 174 77 3 2 14 4 20 9 11 0 9 3 4 11 12 4 4 12 32 66 40 58 102 104 41 40 129 126 253 255 178 75 183 225 245 225 223 243 226 243 253 119 37 46 78 39 123 81 53 37 85 85 20 0 70 10 3 39 34 67 37 112 204 232 121 65 6 12 17 7 24 41 40 49 54 36 38 51
56 75 39 4 38 18 78 81 76 81 26 60 58 23 134 111 18 49 122 62 31 58 75 36 34 15 21 18 24 8 14 1 16 4 0 6 6 0 6 20 39 34 10 16 71 119 61 42 96 117 244 249 70 49 186 238 241 172 96 119 255 242 255 57 105 95 50 86 156 116 70 12 64 59 102 147 109 84 47 53 42 39 55 123 213 255 129 19 44 47 55 25 56 80 85 94 50 76 94 3
34 97 73 97 34 26 90 100 74 130 93 54 94 67 75 114 118 147 89 57 0 38 45 0 39 3 25 23 36 26 11 15 13 15 19 17 4 0 4 22 15 35 36 32 34 42 6 27 1 24 65 120 85 95 142 242 195 133 79 138 247 251 243 52 49 90 8 82 94 71 26 48 6 35 112 172 122 82 50 43 61 61 63 117 159 164 144 136 152 63 64 102 86 93 49 77 81 99 92 19
52 37 90 65 30 54 74 79 57 89 123 77 49 34 47 61 76 151 122 62 1 0 23 27 45 0 17 10 32 27 0 14 27 22 19 21 26 29 29 26 27 34 25 25 18 23 9 48 0 38 45 44 86 151 72 224 246 132 84 44 97 83 105 136 162 132 40 41 56 22 43 49 7 29 39 42 48 121 124 36 64 95 70 75 71 53 131 165 157 74 142 114 69 43 45 56 138 145 98 44
155 53 115 100 125 79 44 53 0 59 63 39 59 27 34 64 37 137 139 111 16 44 0 48 78 31 21 5 29 21 5 14 18 9 0 3 19 31 26 12 49 36 5 7 8 17 5 25 32 42 0 93 113 136 159 132 232 212 70 0 68 39 235 255 224 82 19 93 55 44 58 74 24 8 2 22 40 106 149 102 66 98 53 63 70 35 137 156 87 46 111 59 72 66 89 32 123 129 64 29
98 139 81 22 44 48 81 41 39 42 28 1 49 77 97 112 59 75 85 15 52 57 55 75 105 76 21 0 20 0 12 5 6 9 8 2 1 6 9 9 18 25 8 15 8 17 12 18 45 71 23 122 133 34 89 96 184 154 66 89 130 68 255 236 164 35 35 49 18 27 42 48 76 17 0 12 28 60 94 76 87 74 24 87 132 82 161 179 94 73 30 25 44 62 100 82 55 75 33 16
30 89 77 61 110 39 70 103 60 51 81 30 72 103 53 67 59 86 39 9 12 64 171 237 107 91 23 10 29 0 14 7 9 7 6 7 9 11 12 13 3 13 0 14 8 24 38 44 104 72 53 51 118 46 20 61 112 177 114 83 175 231 236 255 96 34 62 0 39 14 30 38 63 0 5 49 123 149 107 51 99 73 18 60 103 84 123 126 74 87 35 32 47 11 83 115 12 42 34 12
65 100 114 57 103 60 78 148 172 32 68 45 0 43 69 44 102 114 119 53 39 39 190 246 90 71 32 39 63 10 14 30 0 0 0 5 14 11 6 5 25 19 0 18 6 14 41 57 131 88 118 116 65 3 71 0 135 186 186 196 107 138 240 251 55 46 48 104 112 63 29 76 126 18 14 35 85 71 43 86 90 71 24 19 38 61 64 62 64 47 30 57 106 27 58 64 71 91 96 40
64 126 64 75 49 47 81 163 178 35 0 57 82 53 63 43 109 61 78 48 27 41 45 29 47 19 17 40 69 8 0 28 1 6 20 30 18 0 1 16 16 22 20 62 40 33 73 109 65 56 137 161 164 103 98 64 163 184 157 132 166 197 138 79 101 151 154 132 95 45 58 7 101 30 30 0 29 56 51 116 81 44 19 30 43 73 59 93 179 80 5 75 68 10 1 56 86 89 92 3
24 46 92 42 53 56 54 118 91 29 27 110 43 1 37 31 148 95 14 12 22 34 14 130 185 40 50 33 30 17 0 38 20 10 28 38 7 8 19 0 34 49 48 79 109 74 115 110 60 25 38 103 138 151 101 96 33 134 150 154 238 249 115 117 145 120 69 27 41 104 63 34 47 54 66 58 106 80 3 30 33 55 39 87 99 96 34 55 85 108 124 18 3 48 97 18 68 76 83 87
21 32 42 14 57 53 41 98 99 0 9 56 86 49 47 77 157 100 31 68 36 54 84 26 117 107 64 78 22 50 34 38 49 0 28 29 34 44 7 50 138 177 70 73 100 77 70 28 34 54 36 77 251 251 161 7 107 163 106 119 182 242 189 33 46 37 101 46 71 91 5 93 46 62 47 118 164 111 48 43 80 66 11 68 55 3 74 98 83 91 48 68 32 69 57 36 80 83 108 102
60 82 54 17 57 56 50 79 34 68 77 57 38 63 154 104 57 37 79 106 48 0 0 59 153 109 35 144 110 102 45 61 27 30 19 5 19 19 26 53 107 112 59 109 56 100 125 26 80 47 30 108 231 255 246 149 230 143 97 69 62 191 231 125 64 19 16 88 122 46 51 46 120 109 110 103 111 0 16 46 51 10 17 5 29 33 106 170 164 119 16 57 97 121 62 31 28 0 35 36
23 59 33 22 74 115 124 89 39 87 44 92 84 95 144 88 10 79 58 82 84 12 45 94 101 53 59 83 26 54 52 48 32 3 0 72 110 45 39 40 47 70 151 126 1 89 69 12 51 23 70 86 98 173 214 249 207 108 85 93 59 126 184 103 68 22 128 109 76 85 51 83 135 160 145 74 20 40 38 52 64 109 148 97 43 11 66 32 77 103 53 34 81 128 93 101 101 39 80 101
37 48 46 98 152 188 161 53 22 68 61 122 171 94 0 31 57 35 0 49 48 14 71 73 69 165 124 22 50 53 14 66 58 0 38 111 178 162 91 34 68 188 80 49 90 118 103 21 39 0 44 35 79 42 86 223 228 133 138 96 110 180 117 46 32 28 38 93 102 59 21 54 37 57 113 65 74 37 47 24 52 48 79 41 0 51 102 69 25 102 91 48 22 70 3 54 70 39 75 90
14 15 52 158 192 181 132 48 46 58 38 56 149 108 61 82 24 68 111 50 0 68 96 38 126 132 62 22 10 32 64 70 58 42 53 23 43 85 122 55 48 40 110 111 76 97 83 57 82 105 74 29 35 39 35 42 137 136 62 62 92 71 77 0 55 57 80 131 89 30 6 70 127 112 26 66 43 41 85 109 148 107 82 31 39 67 9 76 58 72 72 46 71 88 37 74 0 25 36 23
17 20 39 112 115 76 37 41 28 18 33 71 81 25 32 11 27 107 107 109 41 35 58 22 24 60 89 69 21 49 75 45 9 59 87 107 103 40 86 37 60 68 150 199 181 84 0 24 42 54 27 75 60 98 46 49 28 29 58 77 76 23 13 11 55 116 175 117 52 74 70 60 151 125 13 27 87 116 135 69 58 105 6 10 44 33 99 186 40 47 38 0 31 28 60 74 61 126 92 84
42 46 21 54 82 82 74 143 91 17 4 24 82 152 62 25 87 95 128 129 40 31 1 30 114 82 159 72 1 29 55 64 2 11 35 26 87 75 59 21 74 64 112 163 118 70 33 51 43 43 31 20 83 119 37 110 78 22 52 51 40 30 56 72 47 145 177 132 145 127 125 133 131 69 0 60 98 124 85 103 93 65 21 28 19 66 150 104 48 109 41 21 0 40 87 65 32 84 14 39
8 69 109 104 102 66 140 117 67 38 22 27 54 109 95 46 38 22 60 50 52 126 88 3 57 45 45 85 28 10 65 105 52 46 72 73 14 43 9 64 60 11 20 84 2 30 60 107 113 50 0 54 26 34 73 70 26 41 9 35 0 41 112 154 43 57 103 50 75 87 43 85 86 34 77 40 80 85 48 52 27 0 92 71 36 46 86 112 100 59 77 2 54 52 49 55 9 36 24 87
46 57 71 160 146 83 182 171 58 15 10 28 99 84 64 105 16 12 16 45 98 106 25 80 8 155 80 20 32 29 17 55 42 95 106 71 21 21 33 20 40 118 58 68 109 119 43 118 87 29 35 83 87 102 77 41 37 11 2 29 47 39 103 118 132 78 74 95 44 8 100 107 64 28 17 67 162 159 54 33 17 39 151 189 40 75 87 15 110 117 44 48 56 4 101 83 50 29 6 19
95 26 44 197 167 122 185 176 23 49 85 102 37 30 26 81 2 12 27 21 1 79 97 34 96 21 85 49 16 42 19 38 107 110 28 22 77 74 19 3 80 60 41 106 106 137 95 71 73 8 16 71 12 154 103 53 6 16 26 100 97 73 62 47 59 91 71 119 129 73 118 64 14 95 80 69 67 111 58 17 12 34 125 169 111 80 118 82 52 38 71 60 33 16 23 74 84 64 75 48
41 1 125 246 114 52 26 27 33 2 78 152 133 14 44 81 68 81 91 24 64 58 153 34 114 75 50 2 76 33 30 67 104 116 119 113 85 169 110 58 25 25 35 68 31 109 114 27 14 35 141 198 19 154 121 58 30 54 31 73 62 78 78 62 14 85 41 5 80 84 57 17 55 8 39 48 60 36 53 25 62 49 49 48 4 60 104 57 64 190 186 65 33 73 91 48 87 78 94 24
50 31 149 226 83 49 39 51 30 55 28 146 133 49 52 116 83 116 78 92 63 109 88 41 72 105 100 99 129 59 37 16 136 80 29 54 103 165 85 34 48 72 86 107 47 78 115 99 69 56 131 156 73 125 123 49 7 44 67 67 96 66 80 38 65 66 54 11 43 91 109 84 3 41 33 66 0 112 84 85 183 110 55 0 87 118 126 85 121 255 169 17 21 45 119 76 29 32 55 28
65 78 119 174 88 37 53 21 20 112 95 39 37 50 172 163 31 96 103 0 71 93 19 46 13 53 102 193 171 122 39 21 99 111 124 69 40 94 213 127 35 31 95 198 117 37 31 19 18 20 26 85 83 91 74 77 54 97 97 68 52 22 66 77 53 37 38 38 59 116 187 137 56 31 31 71 142 171 106 107 161 72 52 87 5 67 99 114 131 127 93 11 53 33 12 89 23 28 53 93
57 140 161 125 57 6 73 72 23 58 39 34 30 137 220 189 71 80 126 57 30 69 58 80 0 57 34 121 95 92 140 79 45 36 36 22 67 32 119 92 65 117 99 116 89 30 3 6 46 30 0 63 68 120 71 79 83 142 108 72 30 39 82 108 90 79 48 20 38 92 166 134 34 37 31 104 185 175 92 74 78 45 21 34 58 112 179 187 146 117 88 69 107 93 33 56 40 50 38 44
86 212 255 143 79 26 35 22 13 18 25 35 105 137 97 60 54 140 141 99 20 51 77 76 18 31 48 35 27 34 114 134 170 134 152 114 86 21 54 88 77 144 127 123 74 8 0 13 74 61 83 90 25 58 47 15 64 112 96 36 84 104 146 100 76 62 103 80 44 42 67 53 27 98 59 38 24 83 91 31 27 35 16 42 46 22 143 236 152 66 20 28 54 93 43 60 83 142 144 119
80 164 122 82 50 125 110 57 67 67 24 51 18 81 22 49 15 26 145 66 49 45 42 58 52 64 129 28 69 58 95 102 134 112 132 168 100 96 76 126 129 72 85 118 72 33 32 37 41 22 19 65 43 27 15 9 70 79 67 37 86 174 231 173 21 5 95 120 73 83 37 58 151 119 63 71 82 22 81 132 44 64 91 11 43 16 64 147 102 20 40 35 0 56 44 29 73 101 144 121
148 255 173 40 76 139 181 66 61 137 125 58 52 45 52 128 86 36 8 58 81 109 98 20 61 107 98 62 62 107 48 56 29 28 44 133 44 69 72 125 105 69 73 112 41 14 56 54 32 30 45 32 4 0 13 19 56 39 16 0 82 194 255 181 29 71 52 33 68 58 55 102 154 137 17 35 81 80 162 158 61 98 65 13 49 29 32 70 47 69 59 36 7 16 29 20 68 126 70 31
117 210 184 71 78 94 176 108 34 103 150 98 81 43 57 34 55 15 19 26 96 94 103 37 73 33 30 33 34 59 42 53 40 42 26 46 0 0 66 50 57 76 84 92 14 16 87 54 23 42 101 67 47 28 15 1 4 34 55 0 26 102 199 160 46 92 167 97 30 1 12 37 119 66 45 47 50 26 0 55 72 159 112 49 30 73 104 92 45 90 67 61 96 74 53 63 200 255 184 65
46 48 119 107 46 67 108 97 0 86 88 74 72 69 75 72 74 90 40 45 92 140 115 76 136 90 52 7 50 4 3 73 56 0 70 2 12 32 24 72 58 57 50 16 2 22 86 57 43 0 16 19 64 82 35 11 32 1 16 11 35 31 99 94 32 108 145 97 89 48 2 17 47 115 106 38 38 60 62 19 127 126 74 45 47 124 127 40 25 40 72 99 142 80 15 93 206 202 176 93
66 41 88 83 46 106 87 29 20 24 0 14 22 77 94 72 94 109 11 44 85 145 212 142 89 61 38 50 14 40 50 87 44 135 138 33 23 80 49 5 53 34 70 38 92 64 47 24 70 69 141 195 174 112 21 37 79 65 56 36 71 71 77 15 87 135 27 47 78 49 62 28 78 68 69 62 94 49 27 15 53 21 35 40 59 88 140 196 99 32 9 58 110 62 3 65 165 128 129 182
102 146 147 77 91 101 87 22 92 176 128 84 90 37 0 54 86 46 61 38 33 67 192 150 72 65 9 48 42 29 0 76 107 88 85 18 51 51 16 43 81 86 130 32 58 49 55 64 62 36 76 165 159 89 0 32 45 128 149 102 89 76 59 6 86 128 18 12 52 36 13 36 54 36 57 4 28 55 54 101 84 41 39 29 92 70 76 157 90 91 43 87 79 46 63 92 56 79 110 139
89 147 167 67 83 50 48 41 61 73 76 69 56 46 13 9 27 0 66 51 31 129 155 174 132 49 31 90 91 20 32 106 160 109 93 37 72 29 65 64 46 72 120 41 11 25 70 84 74 35 39 102 109 36 0 28 45 85 86 111 101 36 9 51 50 10 58 42 46 92 39 40 9 83 53 53 24 22 63 80 60 34 49 58 101 62 32 10 29 90 51 100 99 114 95 57 12 51 82 43
74 62 109 9 16 36 4 13 59 20 42 75 31 86 55 3 50 85 115 33 90 110 121 116 115 63 39 93 105 34 40 126 104 61 140 94 33 42 12 56 60 13 30 56 21 37 109 140 74 18 0 52 110 51 20 22 102 128 63 53 54 36 14 61 42 66 103 39 76 84 33 83 96 85 35 79 43 47 19 80 57 5 45 102 79 59 102 45 23 85 50 43 35 116 82 80 59 25 3 27
176 100 81 176 150 81 68 85 118 29 3 4 38 90 59 11 58 82 42 41 105 81 71 51 33 48 10 26 6 29 14 18 44 91 143 115 8 140 85 0 48 48 26 42 25 43 68 77 29 21 25 78 97 88 23 29 128 100 70 72 114 34 21 49 29 53 53 25 14 26 13 96 126 134 108 21 60 55 88 145 102 11 79 109 59 31 108 88 40 33 23 80 33 11 12 67 110 63 122 47
224 202 158 150 155 90 128 214 108 2 68 71 98 81 6 0 58 45 63 118 159 81 78 51 34 81 79 14 67 62 11 0 26 57 104 95 34 131 144 80 42 21 24 19 38 66 70 68 65 38 26 49 28 45 3 42 76 37 49 54 38 12 44 15 53 53 84 56 10 54 43 90 57 148 135 68 57 123 103 97 67 7 60 98 59 54 84 37 44 37 62 85 25 26 44 88 67 149 198 98
93 56 83 75 67 61 144 142 75 34 34 29 39 43 38 11 0 67 42 40 25 0 61 4 58 101 90 42 98 95 12 58 4 51 33 40 59 96 111 47 83 27 42 119 139 41 43 78 47 0 47 31 90 65 71 59 45 31 54 47 26 61 104 29 98 72 88 138 85 30 91 61 18 27 57 103 72 128 109 89 40 36 77 101 73 98 105 52 42 47 112 119 64 63 98 143 111 213 202 101
52 96 92 44 29 37 71 95 50 46 8 63 34 42 62 75 72 39 45 119 59 20 33 59 94 64 72 122 150 90 7 64 20 143 50 41 37 18 30 28 31 65 36 107 112 27 96 96 132 79 84 77 71 64 72 46 11 50 63 44 36 41 75 75 105 35 28 91 84 0 105 59 44 15 49 64 86 133 115 30 8 59 103 85 72 111 138 107 56 31 40 64 106 105 115 122 86 130 136 124
54 94 40 21 21 83 51 58 12 53 80 59 20 95 71 80 66 0 110 118 51 83 52 86 141 36 79 139 145 35 34 25 17 143 45 103 58 33 34 40 11 52 0 55 56 12 58 48 81 85 80 80 29 46 116 113 14 35 20 3 23 0 9 37 76 5 23 33 44 30 43 23 67 80 64 15 105 122 65 1 33 97 136 72 68 79 107 79 49 85 58 42 100 81 105 139 20 60 139 214
35 104 64 42 14 40 0 36 62 32 42 25 36 40 41 66 103 66 82 74 97 50 67 138 124 48 80 115 53 20 75 43 76 114 36 133 67 54 56 17 14 44 28 38 84 149 107 67 38 62 86 68 47 63 138 112 57 85 95 38 42 38 72 31 43 29 21 75 64 65 17 9 117 43 56 78 60 69 73 46 50 89 112 53 76 67 67 23 43 109 67 22 94 77 60 89 112 120 154 187
103 29 63 68 10 37 66 28 93 108 97 37 52 52 52 6 63 79 26 104 181 135 175 206 107 57 50 86 32 80 82 61 48 85 52 79 60 71 135 120 89 21 19 43 101 109 33 62 15 18 8 22 18 131 117 78 26 94 175 101 55 11 74 37 17 42 0 67 54 38 56 51 34 52 29 24 33 21 1 77 42 43 38 23 73 80 59 15 31 85 95 48 85 70 34 117 191 116 82 59
96 15 83 74 76 49 92 70 144 171 213 105 55 82 17 20 93 92 154 226 108 136 151 163 196 64 1 3 69 122 81 64 17 102 88 32 103 95 118 79 73 52 73 78 127 93 28 28 31 0 49 37 131 255 216 145 85 91 174 170 160 21 39 40 16 48 65 37 31 26 52 26 27 0 64 103 58 41 78 114 112 79 33 32 69 81 42 6 43 2 22 4 58 70 12 129 126 9 14 23
38 62 61 73 156 80 73 128 115 104 188 191 53 65 42 17 45 79 166 197 124 92 68 85 146 90 52 60 54 78 46 41 44 39 112 152 153 74 25 61 77 86 62 75 104 119 63 24 61 59 1 66 130 160 123 72 70 84 97 101 121 85 32 31 51 85 77 30 33 55 51 71 111 11 23 102 74 18 144 147 126 50 46 36 68 29 89 55 62 45 21 39 57 48 96 64 33 74 113 35
24 52 54 77 150 100 85 114 71 66 97 82 9 41 19 37 53 18 129 116 156 68 74 31 28 77 89 103 59 32 58 57 2 21 91 113 124 78 69 140 47 92 66 25 20 61 47 27 57 67 38 36 19 6 27 67 55 88 156 20 54 88 38 61 116 113 75 30 60 101 90 90 73 35 18 38 41 15 106 77 105 47 42 44 68 24 51 20 46 27 12 6 15 29 99 111 7 36 86 41
75 84 38 7 17 16 48 92 27 32 23 28 70 123 63 92 97 25 86 111 158 102 86 30 73 137 96 67 23 0 107 95 40 43 54 31 59 30 3 54 99 219 244 158 56 46 64 98 90 40 25 25 55 36 37 65 56 27 114 26 156 141 53 88 91 102 83 43 60 94 86 87 28 53 27 25 68 47 87 31 31 21 36 63 75 36 40 36 42 21 33 12 14 29 69 96 168 99 59 9
43 46 9 27 65 108 101 72 38 85 89 70 95 103 27 78 126 53 51 132 119 116 77 48 96 154 102 60 44 6 84 4 45 48 36 18 104 117 81 113 198 206 142 66 15 31 55 97 37 10 67 43 51 1 12 62 43 82 109 0 121 62 8 3 50 91 108 70 58 78 84 100 93 95 39 29 72 37 74 38 0 33 63 95 72 29 14 47 53 24 58 32 39 45 28 43 133 87 83 74
