92 73 40 86 72 34 12 7 34 53 45 27 36 49 48 40 65 42 23 24 39 46 28 10 14 15 24 40 22 33 74 50 37 52 67 25 55 20 64 28 58 13 53 89 119 65 61 44 28 46 7 24 8 0 32 55 57 43 5 42 91 100 40 23 51 71 17 8 51 52 53 67 54 42 57 62 79 59 72 82 66 39 56 64 24 11 25 15 26 22 39 73 72 30 23 60 75 108 113 93
69 46 32 71 75 49 27 23 17 49 58 22 24 26 24 30 58 50 24 27 24 29 27 21 33 33 22 51 79 78 65 27 44 60 78 19 33 12 59 44 89 30 26 32 74 50 59 49 27 49 9 21 15 16 25 15 29 45 30 14 44 50 28 15 28 46 12 11 39 38 56 82 67 43 41 49 57 56 102 153 120 66 37 20 4 28 44 14 33 68 89 78 58 38 28 29 53 49 42 47
29 3 8 35 94 113 75 30 32 27 35 11 45 32 3 14 44 59 33 46 22 19 26 26 32 42 20 33 67 57 38 34 64 83 107 29 17 5 41 45 80 37 17 11 67 60 52 29 11 28 0 18 18 19 24 21 22 65 72 17 31 43 67 69 66 61 31 21 13 0 21 53 50 22 6 19 9 17 72 150 120 64 41 48 56 77 71 27 0 50 75 55 46 61 60 38 17 38 35 14
31 12 24 15 94 147 109 42 26 23 32 2 64 76 35 21 27 58 43 70 43 30 30 22 26 37 25 25 40 37 43 68 52 73 105 33 10 9 24 36 47 41 33 28 82 78 50 15 4 11 0 31 19 1 17 56 89 94 73 33 54 71 74 59 25 15 20 40 38 25 37 53 34 25 16 40 26 41 74 132 118 51 23 38 38 36 40 32 55 68 68 49 38 43 31 0 10 48 51 20
37 25 41 16 54 81 61 31 34 78 88 20 38 63 36 6 14 43 44 73 59 47 38 25 20 9 11 22 37 47 46 44 11 31 61 23 12 31 36 46 47 55 44 26 60 65 49 28 16 31 32 59 32 0 1 41 64 80 77 69 40 33 34 56 67 31 22 26 22 21 24 29 42 49 42 53 41 59 61 74 92 41 17 23 19 20 36 48 46 46 51 47 42 52 47 20 27 32 32 37
17 0 21 45 62 41 18 17 63 80 72 51 29 18 10 8 12 24 44 51 54 47 42 39 32 13 17 20 30 43 24 4 14 24 33 30 35 63 63 66 51 54 40 19 26 35 35 28 17 52 65 75 48 26 0 2 15 58 87 95 31 10 24 75 66 35 23 11 12 32 36 39 40 51 41 29 29 56 55 42 22 14 9 7 11 25 29 16 29 42 55 38 16 29 32 0 28 48 53 46
19 7 14 72 84 57 38 40 61 32 2 65 46 26 39 54 18 14 58 31 38 31 31 47 56 60 57 39 59 67 27 18 46 48 29 54 61 79 69 57 32 28 27 25 19 23 22 12 4 41 57 62 39 31 3 6 59 60 59 55 45 52 50 40 33 51 76 57 46 50 23 10 24 41 44 26 47 85 108 97 69 66 48 21 12 28 35 27 25 32 45 30 11 34 51 24 36 82 92 60
30 41 20 51 36 31 45 57 68 57 8 71 39 49 73 55 25 14 76 24 28 14 17 45 48 75 67 52 107 113 42 34 56 56 23 65 70 73 54 29 13 1 12 30 24 27 23 6 0 20 33 41 15 6 0 37 41 42 41 4 22 55 83 55 44 83 111 68 43 48 28 29 17 33 46 20 42 66 97 90 80 75 61 39 21 18 33 49 63 39 41 44 39 68 94 80 69 81 81 78
30 26 15 58 34 24 35 30 49 45 56 54 36 26 78 52 19 12 64 56 51 28 18 25 38 37 44 15 60 77 57 47 75 65 58 50 42 43 35 14 14 26 22 40 52 47 0 10 6 6 10 13 6 0 11 28 41 22 0 15 13 32 38 59 33 27 38 53 49 36 29 16 20 34 49 20 18 7 17 7 23 28 20 67 27 22 30 60 79 57 65 22 26 83 131 100 71 28 46 38
33 25 23 59 71 73 63 44 25 36 58 45 29 19 27 37 30 33 42 56 37 24 29 32 31 34 38 3 39 62 49 38 58 45 50 56 36 16 18 25 28 29 26 42 74 69 10 0 28 20 11 5 1 0 5 13 10 11 20 23 36 51 51 27 7 0 29 14 25 24 24 25 38 40 38 38 33 31 23 18 27 49 69 96 54 20 25 40 61 58 53 21 16 55 91 62 22 17 40 21
37 34 48 64 110 120 85 54 31 48 69 48 29 23 0 34 42 43 12 44 26 26 39 31 37 43 43 10 33 57 56 49 23 1 2 22 27 26 32 36 34 33 37 36 73 66 20 2 43 31 13 2 3 11 12 9 26 38 64 39 49 67 86 46 27 19 87 48 43 24 18 30 35 27 12 40 40 56 40 42 26 46 66 79 78 63 60 27 12 38 41 49 30 50 75 36 41 67 73 26
27 35 58 35 71 71 31 10 50 52 46 35 8 16 2 31 40 32 13 40 42 54 64 55 41 42 39 25 35 49 56 60 48 28 13 10 20 40 41 21 27 36 52 26 41 30 17 14 28 22 10 0 7 20 21 12 44 58 88 72 62 79 109 92 9 18 78 67 41 12 19 48 48 34 13 20 19 31 22 22 29 44 41 49 61 84 81 34 0 21 32 72 30 50 91 42 21 64 59 13
29 49 74 29 39 42 38 53 85 62 26 33 7 35 68 62 63 51 76 62 57 50 49 52 30 24 21 36 34 32 40 48 65 58 52 42 35 44 50 39 23 36 61 26 21 7 9 17 1 6 5 0 4 14 16 9 19 33 63 98 84 87 84 83 38 41 38 76 43 19 41 68 77 71 63 38 46 52 65 59 41 58 50 75 39 45 47 51 43 29 31 67 4 30 95 48 9 55 56 47
57 75 86 48 30 35 68 109 107 78 38 45 33 73 128 97 53 53 106 70 46 23 22 37 25 23 26 63 56 49 49 45 42 27 34 52 50 43 46 50 31 35 57 40 29 18 7 7 0 4 10 8 5 7 10 11 15 20 27 76 78 74 40 39 71 60 13 79 56 36 37 32 29 36 48 24 42 48 69 59 45 47 45 105 55 29 23 58 60 36 41 65 16 25 70 34 36 55 40 54
61 66 57 49 11 6 41 72 80 68 52 30 38 68 94 68 19 33 64 59 38 28 35 41 27 42 54 105 101 104 97 68 50 35 39 51 39 23 22 26 39 34 49 55 39 35 8 4 3 7 13 14 9 6 14 25 34 42 23 23 46 50 30 32 67 55 31 86 87 83 70 48 20 31 45 50 59 57 48 32 40 28 22 76 65 48 35 35 28 28 44 58 61 38 30 20 82 70 30 50
37 39 33 72 45 45 77 91 54 61 70 16 36 51 35 24 56 65 42 63 40 36 33 10 21 54 74 130 131 149 138 88 58 77 89 65 24 15 33 44 41 33 44 61 37 37 9 11 4 2 6 10 8 7 20 38 29 59 40 0 26 38 47 53 35 23 28 40 50 62 57 43 9 21 36 81 85 84 48 33 36 34 22 28 42 51 46 1 3 24 35 32 81 41 0 17 72 53 13 45
58 48 45 57 79 97 107 111 69 76 70 49 64 50 2 21 56 72 24 30 39 46 27 6 15 45 102 71 97 97 97 45 51 99 155 66 41 29 48 43 35 25 29 43 39 16 2 6 0 2 6 6 11 18 18 12 17 23 39 6 30 67 88 60 18 0 49 16 21 28 46 32 16 5 28 17 56 64 45 40 53 30 14 19 28 29 33 42 48 69 36 45 38 2 39 91 54 14 91 16
77 84 67 32 23 40 43 26 20 41 54 43 60 60 21 22 35 57 40 25 27 25 37 21 12 25 53 29 45 44 40 0 41 78 120 54 34 35 49 48 28 28 28 26 22 17 13 10 7 11 12 11 13 16 12 5 8 23 46 23 40 70 94 74 12 14 65 51 46 60 69 80 42 28 22 14 35 35 19 15 33 45 38 31 49 61 52 43 73 86 64 41 38 27 66 101 70 21 72 28
66 67 65 54 37 24 20 23 46 60 63 28 13 27 26 29 22 33 42 21 23 14 39 18 4 14 24 24 29 34 37 29 30 44 52 18 9 28 32 31 23 33 31 17 15 25 24 13 13 16 17 16 15 14 8 1 0 22 53 51 59 66 71 43 36 37 50 27 8 14 0 22 29 25 4 21 30 22 5 0 33 56 47 39 57 54 38 42 28 23 47 28 41 36 64 90 51 13 41 47
41 35 39 46 34 11 11 27 39 55 72 48 16 27 52 59 53 32 36 37 38 27 30 3 26 38 26 39 26 26 34 55 59 45 17 14 19 49 33 19 40 45 39 27 25 32 26 11 12 14 15 17 17 15 9 4 28 48 68 76 72 63 61 33 59 60 71 54 67 57 13 25 32 33 0 32 37 32 29 31 54 56 38 42 52 17 9 63 80 31 70 47 51 14 15 43 30 13 32 76
28 29 19 4 3 19 33 36 39 34 41 39 20 38 81 93 83 37 24 52 43 41 24 18 55 53 6 20 13 19 29 54 62 45 18 62 102 149 128 102 78 64 50 42 36 27 17 11 11 11 12 15 16 13 8 5 24 40 44 54 33 24 48 51 34 26 37 3 51 42 21 37 73 66 16 35 34 38 55 72 68 63 45 49 49 5 12 91 80 16 53 32 53 43 60 105 36 21 16 61
41 25 13 16 24 33 44 55 52 26 4 8 8 32 77 83 55 15 3 33 24 36 28 60 113 91 5 9 24 41 50 58 44 43 35 102 156 199 183 153 98 75 57 50 36 13 5 12 14 11 11 14 14 9 5 4 16 48 60 90 57 40 78 101 75 66 75 15 51 38 30 44 68 63 33 33 31 33 45 64 67 82 72 57 46 20 30 82 64 24 42 13 36 47 59 95 78 47 12 23
64 28 15 35 37 11 5 24 29 34 25 34 36 43 67 54 32 12 13 16 23 33 36 78 166 143 40 19 37 44 49 38 45 56 48 82 102 111 104 77 70 61 58 55 33 5 0 11 17 11 9 13 13 8 5 7 0 32 49 107 79 47 62 70 31 40 64 27 48 40 2 0 32 36 47 34 40 34 30 43 59 83 83 59 43 37 44 62 48 32 39 30 51 51 43 77 117 83 46 15
60 41 22 17 17 15 13 14 66 96 82 62 39 37 64 56 57 47 56 27 48 44 41 67 129 127 38 9 28 28 40 27 16 36 27 32 27 20 33 20 26 40 58 59 34 5 0 9 16 9 7 12 13 9 9 12 19 30 28 98 82 47 38 22 42 36 31 3 21 55 20 7 31 35 65 36 46 42 36 51 50 66 72 59 47 49 59 65 52 34 28 47 65 42 26 79 102 83 64 9
51 51 0 19 35 28 29 54 93 82 77 42 35 21 46 59 64 107 108 53 61 52 44 28 59 74 35 20 24 39 18 29 16 18 34 32 11 16 33 30 40 33 53 33 29 9 3 9 14 11 7 7 13 18 12 2 7 8 25 50 71 87 80 55 80 58 38 16 56 76 74 33 26 40 34 24 39 61 71 75 61 46 38 66 33 60 79 58 40 44 17 45 53 44 39 61 54 44 6 39
35 40 33 28 55 53 37 49 74 61 42 15 16 22 37 38 39 63 77 69 48 45 35 17 23 52 40 32 45 53 33 34 33 28 36 34 20 33 55 53 31 20 34 15 20 10 3 1 8 11 10 7 8 12 12 9 14 13 16 15 21 46 66 63 36 24 37 87 117 106 66 41 23 45 43 27 34 49 50 44 42 50 47 45 26 66 96 59 41 50 20 35 34 28 24 44 21 26 42 42
36 34 49 6 37 40 14 11 55 54 40 33 30 47 47 44 24 14 18 38 0 19 34 38 40 74 76 42 40 31 28 31 23 14 21 22 13 27 42 33 11 14 38 17 22 17 14 11 10 17 20 13 7 7 11 13 0 7 19 18 19 44 62 56 22 29 60 127 102 53 12 33 53 76 70 42 31 32 26 19 27 46 58 43 44 66 92 46 35 52 23 35 43 48 42 49 22 34 81 41
21 22 32 17 54 70 48 33 58 61 48 49 23 27 23 36 45 38 43 57 30 31 35 42 81 105 100 35 15 3 32 51 42 23 17 11 0 11 23 10 9 32 70 41 30 19 20 22 20 27 29 21 13 11 12 13 14 22 27 19 20 50 71 64 30 46 73 104 70 29 9 31 70 84 76 50 29 16 17 30 29 40 61 50 71 51 62 20 15 45 25 40 56 70 54 43 21 44 85 65
14 23 12 54 82 90 68 37 41 35 23 38 18 21 27 57 84 89 81 54 54 30 25 33 75 81 71 18 12 18 61 83 81 54 38 24 13 31 51 44 31 50 81 45 27 12 10 12 22 26 26 22 19 20 18 14 19 39 56 47 31 40 50 41 21 30 49 60 100 109 88 42 33 40 43 40 27 9 19 52 51 57 62 38 73 44 50 14 0 47 42 49 48 53 35 23 2 35 54 100
39 38 4 51 54 50 35 9 9 5 11 39 43 41 39 52 55 67 55 16 36 16 20 34 47 40 33 20 29 43 64 69 50 38 42 46 44 65 85 77 38 35 50 21 19 12 9 7 15 15 14 13 18 25 25 21 2 38 77 75 44 30 33 31 15 20 31 30 97 127 106 34 0 6 19 36 39 22 24 50 76 90 70 21 60 52 66 39 8 73 74 69 48 47 44 49 27 40 26 86
44 32 21 31 28 29 33 29 12 22 39 39 39 21 11 0 8 24 41 46 50 35 25 21 29 23 25 39 32 36 36 38 10 10 30 43 42 59 75 67 25 15 31 14 24 18 15 15 10 9 5 3 10 23 31 32 23 33 49 45 23 24 48 65 24 29 37 39 51 52 40 20 12 19 27 45 63 57 43 41 74 93 66 23 58 47 60 56 45 93 76 64 49 63 75 90 69 47 26 38
29 17 52 26 22 19 22 29 24 47 66 31 23 13 28 20 34 27 40 68 33 32 23 16 12 19 30 53 22 19 20 39 32 24 29 25 11 27 50 49 18 16 44 32 34 17 13 19 12 10 4 0 3 18 33 40 29 19 23 31 28 33 47 54 26 30 40 71 39 11 0 25 34 41 40 50 81 92 68 43 51 68 49 37 65 27 28 49 72 90 45 31 36 67 82 94 71 34 39 12
43 16 27 22 33 15 8 17 17 31 25 33 41 29 25 18 11 24 32 49 27 37 31 30 23 31 49 65 45 45 64 61 54 18 5 22 7 4 37 37 31 42 70 43 35 24 24 26 11 8 4 18 0 0 36 40 36 20 16 86 53 37 25 35 11 25 73 65 41 51 39 27 29 34 69 50 80 93 71 41 37 39 32 45 83 25 51 45 84 95 43 6 23 22 68 69 36 17 27 39
59 31 29 12 29 19 4 0 28 37 14 53 51 55 30 23 22 25 23 23 19 47 62 61 45 34 38 54 54 61 72 62 29 16 10 22 8 6 43 54 46 56 71 28 19 15 19 21 31 21 9 20 11 5 23 6 12 30 58 115 71 38 22 20 27 38 78 68 41 45 40 38 27 29 60 41 54 55 52 50 24 36 46 54 61 40 94 84 43 92 87 41 36 22 37 28 35 18 22 21
67 45 36 8 30 33 27 26 72 71 38 37 30 40 41 30 47 64 76 50 39 53 75 67 13 4 19 34 39 34 29 17 14 32 41 51 40 26 42 47 23 35 50 15 22 25 26 28 29 24 14 18 14 15 23 5 12 50 88 111 66 42 55 54 46 46 64 49 20 11 7 12 18 19 41 26 21 15 30 56 28 15 16 41 42 50 110 103 17 75 115 68 42 14 17 40 29 21 27 17
45 30 25 1 27 34 49 77 105 126 143 95 93 61 82 44 0 41 82 40 12 9 44 43 18 26 60 57 51 32 30 35 4 26 23 25 24 10 11 6 25 22 29 10 37 38 31 37 21 31 30 19 8 14 30 31 12 46 72 65 37 43 85 81 37 25 25 24 17 13 13 21 48 51 62 53 43 42 61 85 100 50 13 43 44 16 13 4 25 48 105 77 54 10 0 52 32 38 50 36
30 8 5 0 40 37 44 83 84 98 133 107 99 49 69 39 26 66 102 55 18 6 42 48 18 27 61 33 34 26 37 58 65 60 23 12 25 37 56 56 46 21 11 2 41 27 3 11 27 40 42 22 9 12 19 29 3 30 44 34 20 37 68 43 41 20 0 7 22 19 15 14 26 32 28 30 30 37 42 40 44 31 5 35 65 30 0 15 12 4 57 60 83 55 10 41 47 58 70 49
54 22 14 28 88 72 47 68 104 82 79 117 87 56 54 54 50 70 95 79 52 31 31 21 25 29 60 25 56 66 65 70 70 51 13 5 16 40 74 78 35 21 26 38 92 66 13 6 25 27 28 14 18 21 7 15 40 56 50 43 21 39 50 17 64 48 13 19 37 27 16 5 27 30 13 33 44 54 41 18 22 55 39 14 37 16 9 48 35 10 30 30 87 89 29 14 52 63 72 46
59 35 27 43 116 103 63 68 96 67 54 109 73 52 30 18 23 37 75 118 111 88 52 28 27 27 56 14 70 90 69 50 54 47 40 42 23 23 54 53 21 37 63 84 151 130 64 39 23 16 17 13 33 41 22 37 97 105 80 73 29 49 60 44 57 63 36 44 63 53 49 41 37 32 9 54 72 75 57 33 40 58 54 8 29 17 32 60 68 43 40 22 62 57 16 4 45 60 81 66
25 18 17 26 101 100 67 73 96 65 47 48 28 22 36 8 14 26 67 137 130 102 49 28 48 43 60 1 61 90 70 48 62 66 80 79 26 1 28 28 14 43 63 64 131 127 70 41 37 28 30 25 46 57 45 78 114 126 98 97 36 56 70 71 38 61 40 42 52 34 34 29 45 32 10 74 94 91 74 61 58 33 48 33 69 46 47 39 14 9 28 31 54 29 23 53 38 63 102 105
67 42 45 12 74 62 52 63 90 66 53 11 27 46 52 45 48 70 93 127 113 92 47 29 48 70 98 65 74 79 72 44 42 70 84 65 37 29 37 43 31 37 59 31 76 85 70 43 33 24 29 62 52 86 90 86 90 84 75 75 27 44 72 48 3 17 34 42 37 32 38 49 74 74 57 56 77 74 56 56 47 28 17 35 53 37 16 15 2 0 11 39 35 21 39 66 47 53 90 65
138 85 57 33 84 71 53 69 65 61 74 40 39 40 53 64 97 110 99 85 49 49 32 23 35 87 124 103 74 55 62 58 30 34 36 34 37 45 51 52 35 18 17 76 60 61 116 136 101 32 10 52 66 92 112 89 57 38 38 46 30 54 66 31 16 18 26 32 31 28 36 49 79 79 59 48 60 57 38 32 44 16 4 25 36 13 6 33 25 15 21 25 47 40 34 48 43 35 55 33
114 65 34 43 82 76 58 83 46 37 54 33 32 24 35 55 69 78 76 72 32 27 14 12 18 92 119 106 32 0 25 55 31 27 30 39 43 35 22 13 30 25 11 34 61 100 176 253 181 80 7 80 86 118 128 105 48 14 24 36 51 79 72 29 31 28 33 43 42 32 31 39 69 72 57 46 57 61 43 26 28 24 27 44 48 25 20 44 44 22 20 13 73 61 27 43 74 46 40 20
88 68 43 56 53 36 0 12 49 16 20 12 27 23 34 57 40 34 59 108 86 61 38 38 68 75 28 49 35 37 69 73 66 69 80 85 66 35 19 21 45 25 61 27 128 57 142 117 97 81 55 89 130 156 173 130 151 86 60 35 34 49 42 18 25 28 43 60 60 45 37 42 36 41 36 35 56 74 60 33 0 26 39 36 36 33 25 23 48 22 20 20 100 81 29 52 77 42 19 7
23 34 21 47 49 67 47 42 32 7 22 15 19 7 32 75 70 37 43 94 82 74 58 53 78 96 60 81 53 34 46 40 34 40 52 55 34 10 13 33 35 77 50 104 52 105 139 0 12 61 95 59 163 140 136 49 82 38 26 37 41 49 49 46 11 18 33 45 46 43 48 58 21 17 12 15 39 67 60 30 8 31 35 23 23 26 21 17 43 44 43 35 96 90 43 46 62 42 24 34
37 45 16 29 45 92 95 70 18 31 79 65 31 0 27 93 92 50 30 46 30 54 51 28 43 55 37 57 61 59 59 35 42 45 56 66 60 45 46 57 68 52 52 22 3 55 63 7 154 106 73 98 200 162 66 0 88 58 30 75 63 42 32 34 25 29 28 20 17 27 45 58 42 27 17 17 29 53 54 29 29 34 37 43 45 28 15 22 33 69 63 42 54 77 58 26 20 20 11 41
53 54 16 12 28 75 99 72 24 54 122 113 72 22 46 106 83 49 37 52 30 53 51 20 57 73 65 22 5 21 64 80 53 54 62 71 70 59 50 48 56 0 10 87 152 86 59 197 249 111 70 153 252 246 141 105 202 142 37 87 60 40 47 67 49 56 48 29 25 38 48 46 40 28 31 35 34 46 49 31 20 24 31 45 49 29 15 24 31 68 51 55 19 53 76 40 44 47 23 50
56 60 27 11 8 33 66 43 5 27 92 103 90 51 58 94 64 29 38 75 47 50 44 25 34 47 62 21 32 51 61 46 33 32 31 30 28 28 32 37 29 57 24 168 255 112 191 242 144 38 120 121 255 255 249 178 216 146 8 82 55 29 27 40 53 70 73 60 60 72 66 45 4 3 27 44 36 38 41 27 20 33 33 27 34 41 43 49 38 52 29 75 14 40 96 81 75 68 20 32
56 52 12 75 57 52 46 33 10 19 47 90 82 50 58 66 28 9 72 80 26 26 22 0 5 22 19 52 23 11 15 13 19 22 32 9 1 10 10 15 15 24 24 92 130 116 233 118 45 95 55 87 212 255 218 115 139 83 45 53 32 13 24 28 41 49 81 30 78 94 131 85 50 40 29 25 25 28 30 30 28 29 49 10 21 30 46 71 51 41 50 43 13 48 56 82 73 33 23 2
66 55 15 78 72 71 56 31 14 29 32 38 34 40 63 60 20 22 91 93 38 41 51 33 32 40 42 80 40 0 1 20 34 20 30 26 27 41 32 20 22 21 10 23 80 124 186 64 165 153 40 99 165 96 134 71 117 82 63 50 25 16 25 37 16 22 32 17 34 58 117 123 88 64 41 31 37 51 41 12 20 16 39 15 26 38 50 58 36 35 41 29 49 54 32 38 41 21 30 15
59 47 8 52 45 50 39 16 41 39 33 47 40 24 42 56 36 50 106 96 32 23 34 25 16 15 15 52 40 19 25 46 29 1 15 25 17 42 53 52 42 35 31 69 83 117 76 23 95 42 156 106 56 41 100 148 191 102 48 17 41 73 54 36 8 17 5 26 5 14 59 84 82 51 38 39 37 44 42 19 8 8 42 34 31 40 50 41 27 32 29 8 64 58 37 45 42 43 68 51
63 58 27 44 27 36 40 28 29 35 35 53 39 6 22 53 31 32 64 65 25 15 30 33 61 48 27 42 73 93 87 76 20 61 97 59 14 83 112 84 26 44 16 65 9 58 35 121 110 46 126 132 98 149 255 142 62 37 78 59 44 33 10 19 4 20 5 32 15 21 55 61 52 30 42 57 37 26 41 48 9 13 48 51 31 36 47 29 32 42 34 11 38 35 29 38 25 40 70 43
35 38 28 39 31 43 39 18 47 84 76 48 19 3 25 47 62 32 21 34 30 26 48 64 62 41 20 30 85 106 79 53 10 37 92 96 24 37 52 64 38 61 16 97 159 226 121 82 190 83 137 128 80 253 255 231 142 42 43 28 38 41 36 43 41 58 51 31 24 34 77 66 52 44 54 64 56 54 57 50 32 26 36 44 26 38 48 23 26 39 40 50 38 50 47 36 34 57 91 62
32 39 48 67 84 102 77 29 60 98 92 72 48 22 42 76 119 73 21 25 39 39 62 81 69 50 50 61 107 93 52 44 33 11 43 95 38 17 18 70 28 49 33 99 241 255 169 78 115 92 32 49 17 194 178 249 178 42 35 40 47 35 46 34 66 79 99 42 29 24 56 46 52 52 40 38 68 92 67 24 57 44 22 31 24 43 48 21 29 34 24 48 31 56 55 28 10 35 74 50
17 22 36 46 71 97 71 20 15 44 47 66 68 35 45 87 105 82 26 21 41 47 69 81 81 69 71 52 77 50 13 20 23 33 30 34 9 63 57 61 13 10 11 75 203 218 156 142 64 141 77 87 39 48 132 220 180 33 31 63 74 59 86 39 36 29 78 45 41 29 33 40 36 40 18 17 60 73 40 16 54 67 42 50 34 38 36 21 37 43 11 6 10 19 26 7 11 27 57 32
22 24 32 19 35 68 60 25 22 60 46 36 42 28 23 31 72 81 35 19 30 31 44 43 57 58 52 2 33 38 23 32 50 31 16 49 41 74 57 85 0 31 36 56 63 100 96 210 184 229 247 234 173 0 170 239 213 56 44 74 74 52 87 11 33 0 39 36 43 34 13 38 30 35 19 27 50 22 0 31 36 86 79 85 46 26 21 21 14 44 20 0 40 32 52 53 34 36 52 17
35 20 30 38 26 68 42 28 64 110 134 5 16 25 4 21 34 69 76 14 20 34 55 64 61 51 21 13 27 18 20 56 62 33 53 87 53 48 11 101 48 50 64 34 66 0 41 106 237 230 255 248 255 13 255 252 239 131 51 21 77 49 48 12 17 19 33 45 42 37 33 25 40 38 32 73 37 17 23 24 32 68 93 72 36 31 35 25 30 47 34 27 37 55 56 50 26 13 38 58
36 24 28 0 0 20 29 5 39 75 77 45 41 39 33 41 50 71 87 48 36 23 43 61 61 43 30 36 39 26 28 53 51 23 34 78 45 27 0 81 44 57 99 88 81 78 42 67 193 125 195 214 237 122 242 234 255 158 31 22 63 107 51 7 20 42 45 34 31 31 31 38 48 47 30 51 17 1 22 45 28 34 49 51 38 33 32 23 56 58 32 20 31 45 47 32 14 21 55 63
12 28 35 38 35 39 39 6 31 42 17 72 45 40 59 57 47 45 65 61 37 0 9 21 37 42 63 63 34 23 36 41 10 13 17 51 18 12 20 76 10 50 115 142 81 219 160 197 169 112 198 237 226 242 255 216 255 139 13 30 72 118 36 29 19 47 26 0 15 19 10 25 61 56 23 23 11 7 22 46 67 34 18 21 20 29 54 76 71 63 34 25 39 43 44 17 13 36 77 75
34 47 0 21 0 36 67 89 41 28 7 71 33 42 81 66 45 30 46 73 58 27 34 31 34 52 79 56 5 14 46 39 10 38 27 43 29 48 61 50 119 9 34 68 90 226 224 255 119 127 192 242 147 175 235 198 140 56 25 27 82 72 0 2 69 78 33 12 54 53 25 39 75 69 28 15 38 54 43 34 15 19 54 89 83 58 47 46 60 55 38 39 53 39 44 4 30 44 81 81
2 73 70 79 28 38 48 55 38 26 47 64 32 55 87 59 51 48 53 85 78 77 105 105 73 51 42 31 16 34 54 44 54 62 34 53 58 77 76 21 50 34 159 43 80 131 250 229 255 255 250 246 82 60 178 191 48 25 45 0 34 39 18 18 71 60 17 13 51 35 3 19 77 80 52 25 65 98 77 44 20 24 47 67 65 62 67 68 55 53 45 49 53 21 37 0 45 36 58 67
31 135 185 112 63 28 40 20 28 33 85 59 35 50 57 25 38 55 39 53 39 54 100 113 92 34 0 34 81 77 46 32 48 32 16 38 28 30 63 59 93 44 133 95 107 55 102 85 209 239 254 230 121 98 156 118 52 31 36 13 6 24 36 67 71 55 40 46 50 26 16 38 62 67 63 26 55 89 84 60 30 22 29 46 61 78 83 72 65 61 55 55 49 4 40 1 49 24 34 43
48 125 181 84 56 14 20 7 28 44 79 48 27 24 23 12 34 56 15 23 11 19 49 57 62 39 6 37 101 83 34 39 28 13 28 44 10 0 49 85 62 42 90 147 196 255 255 252 181 242 233 182 98 70 153 136 63 29 40 78 35 10 20 59 57 40 55 65 40 30 52 65 50 36 49 17 27 46 54 48 42 21 18 35 55 72 74 61 52 49 48 53 49 2 57 20 48 30 36 31
53 74 94 35 25 13 8 32 32 50 51 34 17 9 19 37 59 76 21 40 44 43 44 36 31 69 37 15 57 52 33 73 54 43 77 91 56 32 43 44 13 38 141 171 224 249 224 219 127 248 255 255 127 0 145 222 111 74 78 90 38 9 52 76 45 25 53 66 33 45 86 83 53 14 33 11 14 15 24 25 32 12 15 37 46 45 39 30 19 18 28 44 49 5 70 34 50 46 54 33
64 42 50 6 6 16 22 39 40 37 35 42 45 31 30 50 87 86 39 25 40 60 37 24 45 51 41 37 42 38 52 92 64 77 77 171 108 52 82 125 36 62 118 125 255 240 255 233 247 242 227 217 181 111 172 255 166 133 54 74 1 14 78 92 52 15 40 33 22 25 63 81 42 8 14 42 31 6 9 18 36 22 17 53 43 48 29 27 37 14 42 32 36 23 72 42 46 36 76 63
56 23 48 30 33 35 29 29 36 27 12 22 58 70 45 19 84 77 18 31 35 44 37 48 35 40 37 42 46 33 36 67 110 84 32 169 111 52 116 204 89 101 120 220 255 210 243 162 193 255 232 60 248 218 232 196 113 104 52 48 5 34 80 78 41 22 55 40 16 9 38 53 23 13 21 14 23 21 19 21 23 33 52 60 51 41 35 26 34 39 43 37 40 49 84 42 46 30 59 47
53 6 51 55 44 36 37 37 36 34 23 25 46 49 26 7 31 61 38 124 118 80 40 40 57 30 3 3 14 11 17 43 130 128 41 142 88 65 124 166 54 151 230 255 252 241 255 254 88 218 255 142 249 222 255 255 121 135 119 75 30 35 65 85 37 39 85 68 39 19 26 25 23 16 17 0 33 40 20 25 27 46 73 32 27 3 26 21 33 56 19 28 20 38 68 50 42 21 34 23
74 0 35 50 37 32 39 30 30 34 33 34 25 4 2 23 73 90 26 109 94 71 62 82 73 37 14 29 49 45 35 38 61 94 35 67 41 51 63 30 12 128 248 240 247 242 246 255 254 238 247 255 255 255 254 226 193 127 78 41 74 68 26 8 5 7 47 37 39 40 43 33 46 23 15 0 54 50 14 28 29 45 77 18 34 2 46 51 27 58 6 49 34 35 43 51 48 26 25 25
90 0 28 48 40 38 34 5 23 33 34 29 25 15 14 28 63 84 12 79 61 45 31 36 30 5 0 10 19 17 17 19 38 41 37 39 65 78 68 43 21 34 97 218 255 239 255 225 194 193 212 206 243 255 227 153 68 60 76 36 49 34 30 70 31 9 15 0 28 48 49 33 55 46 39 14 53 46 16 27 43 50 74 23 47 3 29 32 18 58 26 88 97 95 60 41 51 34 28 45
73 15 69 76 45 32 31 11 38 76 77 42 32 41 33 15 54 69 1 40 32 35 25 26 34 26 27 21 2 3 23 36 19 0 15 0 41 60 60 63 43 27 33 130 161 169 194 255 253 252 255 241 255 238 156 72 41 58 85 44 47 35 31 56 66 37 33 19 56 66 45 19 42 66 62 41 29 36 34 23 61 63 59 14 30 0 10 19 19 52 39 69 117 145 93 32 32 23 16 50
56 30 91 75 32 23 35 30 56 106 105 54 34 49 43 18 43 54 13 35 41 48 34 37 32 42 64 64 41 37 43 33 11 14 26 0 28 34 35 41 70 79 59 11 15 26 16 146 229 204 194 176 107 73 31 41 22 16 24 31 66 75 69 69 44 31 44 43 80 76 49 28 38 57 42 59 13 31 52 18 52 72 47 12 18 29 36 54 24 32 41 24 83 121 85 25 17 14 4 47
66 26 59 33 15 30 40 23 56 83 74 39 39 59 55 38 55 52 18 21 30 39 30 46 49 47 58 60 57 76 85 63 13 34 46 63 67 26 15 31 75 59 25 0 42 7 12 4 47 66 70 17 11 12 18 63 63 15 0 34 74 71 60 60 70 60 70 57 77 63 43 39 50 32 1 67 16 31 59 15 40 85 54 21 5 29 15 26 23 13 53 15 62 73 51 15 25 24 10 55
76 76 52 25 6 25 41 3 23 26 21 38 54 45 39 38 55 55 12 10 3 13 17 23 24 28 20 8 53 75 98 84 52 47 36 73 60 37 25 33 62 30 10 46 75 35 12 53 66 19 44 0 22 28 37 43 46 60 42 55 72 45 5 76 101 76 31 54 56 52 29 33 47 36 13 33 28 30 17 39 33 59 53 82 12 29 4 13 16 15 60 90 61 41 25 7 29 32 27 67
17 40 32 12 1 21 50 36 43 51 35 28 45 50 33 7 52 48 8 18 17 19 20 33 28 10 4 37 56 58 60 65 54 45 22 48 34 22 22 33 33 41 45 46 31 0 14 69 76 31 46 3 26 27 17 3 18 59 85 54 60 3 0 68 88 47 3 37 55 52 22 18 38 39 37 7 20 11 24 27 17 28 57 106 39 53 47 41 61 20 50 81 53 24 20 37 19 26 22 41
1 32 21 5 8 29 55 54 83 114 99 47 32 46 40 20 34 38 12 39 51 50 48 68 66 31 21 60 40 36 19 23 52 48 25 45 31 25 25 32 36 55 65 49 24 17 39 67 50 46 80 39 50 60 76 89 65 62 40 7 45 31 1 14 52 19 4 45 65 55 15 0 25 31 37 16 33 21 24 16 15 12 68 122 74 91 112 97 83 26 48 61 37 19 26 54 11 17 19 22
23 42 13 0 20 34 39 29 61 93 84 26 13 42 40 27 22 46 26 50 64 66 62 81 30 7 16 35 27 61 68 60 19 28 20 48 40 33 25 22 31 37 47 42 31 36 45 40 29 22 34 9 43 60 53 38 54 57 14 10 25 68 19 16 68 39 27 27 27 35 29 33 33 35 31 69 77 73 35 33 28 22 53 65 34 42 64 49 58 27 51 36 21 29 42 37 15 8 25 32
19 36 13 12 38 42 33 14 17 16 12 1 45 87 48 6 9 51 27 31 50 71 75 93 57 33 51 25 16 38 50 31 1 12 6 37 30 26 18 15 23 24 38 46 37 35 44 49 65 59 52 35 71 75 37 1 13 48 45 61 54 98 46 33 61 42 47 22 15 36 41 39 30 34 29 63 69 69 36 37 55 63 59 35 34 40 47 37 28 19 42 22 18 27 49 17 32 2 36 58
15 40 42 55 70 69 66 49 21 8 22 41 99 124 50 0 55 95 47 27 41 63 63 77 47 23 62 42 41 36 38 40 51 46 22 40 25 18 18 24 35 23 22 37 44 38 44 62 81 80 56 38 64 66 42 26 49 66 85 83 82 95 54 20 18 4 40 30 39 61 50 25 22 36 42 11 24 21 35 32 32 44 29 14 41 53 43 36 25 13 21 27 30 9 51 15 55 9 52 73
47 61 65 75 72 70 80 65 24 30 64 67 91 101 44 26 120 144 75 43 48 46 19 22 25 20 65 65 56 44 20 42 86 70 37 53 33 19 20 33 36 13 0 8 38 32 24 42 109 84 26 16 57 65 35 15 57 74 96 83 41 51 46 50 41 0 30 17 30 53 53 43 33 49 53 13 19 19 43 50 45 32 17 34 54 62 40 22 26 17 10 39 50 1 64 20 80 28 70 67
84 72 58 55 39 38 53 32 13 30 69 55 63 86 64 80 94 113 52 43 64 55 15 15 0 21 63 69 47 50 5 32 58 45 21 49 35 18 16 31 32 23 0 10 40 30 17 40 74 79 45 43 64 55 31 30 21 37 40 67 9 60 54 81 74 18 53 38 33 31 27 28 29 38 26 37 25 34 30 54 51 8 4 55 64 77 58 34 19 26 12 48 63 8 83 21 97 46 84 56
77 74 31 41 68 55 46 28 26 61 65 38 59 126 129 68 41 59 77 30 64 48 45 52 36 40 32 24 23 21 23 34 51 64 46 44 29 9 25 21 31 6 0 22 38 33 32 42 61 54 35 59 48 50 54 47 41 51 40 33 0 54 67 94 96 32 60 27 12 13 13 26 24 28 16 22 6 24 32 51 43 32 22 81 102 103 63 36 26 32 14 42 42 0 64 40 79 45 65 38
44 41 31 51 69 59 50 43 44 72 64 28 52 129 139 78 36 53 53 23 48 53 42 55 63 39 10 0 0 17 36 45 48 64 58 53 43 21 14 12 0 13 24 27 34 43 42 32 25 26 36 56 40 31 37 43 66 57 36 37 20 71 52 44 59 13 48 28 29 40 28 18 31 33 36 31 31 29 39 45 24 32 54 130 158 148 88 48 57 54 48 35 31 14 51 50 70 51 54 40
39 2 0 22 41 43 23 14 31 42 33 12 36 94 94 40 34 49 54 55 58 42 16 51 54 25 15 23 32 53 61 45 0 18 32 33 43 35 13 23 28 42 39 21 22 40 43 29 9 12 40 38 15 3 15 37 40 24 8 25 36 91 61 36 41 21 51 34 31 46 43 32 28 49 73 47 54 51 75 73 55 62 92 158 187 175 116 79 79 68 71 25 25 38 43 66 63 59 27 25
74 12 9 16 22 36 28 36 48 45 48 57 76 94 74 29 20 36 75 101 98 35 3 57 36 24 52 86 93 102 93 55 3 17 39 36 53 54 22 40 78 63 41 29 33 42 42 34 38 37 58 33 8 8 24 45 30 17 7 17 26 74 52 30 26 35 64 53 26 19 28 34 34 71 94 61 48 52 78 81 82 73 89 122 141 133 88 65 74 58 50 19 36 55 44 69 97 100 40 41
21 8 61 85 68 52 32 41 29 32 40 48 59 71 50 8 3 19 73 88 118 57 36 69 51 43 70 94 89 95 96 69 50 54 71 58 57 48 11 20 61 53 47 48 51 49 40 31 42 46 54 40 24 34 42 41 28 16 12 15 25 67 51 31 25 49 73 87 53 22 26 37 15 34 50 68 50 51 61 89 79 61 76 80 91 84 51 42 60 44 10 21 49 51 42 50 52 60 6 11
3 13 61 95 88 58 25 17 23 36 38 22 26 58 62 30 23 27 50 32 98 82 66 58 58 46 49 49 37 43 54 47 41 43 60 58 50 44 30 28 25 40 48 39 29 28 30 30 35 49 45 78 65 69 63 46 18 0 0 8 37 81 63 33 39 51 39 69 54 30 37 44 17 6 20 84 73 52 41 84 66 43 59 42 52 55 45 55 57 42 0 27 45 36 38 27 7 17 4 13
104 79 40 39 51 45 42 38 22 24 24 12 8 33 60 65 70 51 33 12 75 80 49 33 44 33 22 15 15 20 24 25 25 22 35 49 40 51 84 78 35 33 33 29 14 7 26 52 70 78 47 126 99 83 79 72 44 16 9 9 41 78 56 18 43 48 0 18 15 13 31 29 47 48 68 92 67 25 15 40 40 16 37 5 14 25 31 57 60 48 4 30 24 28 40 26 6 9 40 42
132 119 56 42 49 32 34 29 34 12 18 36 25 19 53 96 99 62 26 33 73 66 18 23 39 29 10 8 25 35 35 38 35 22 18 31 11 30 93 86 60 24 18 44 41 16 34 82 94 88 26 126 81 48 55 70 60 31 22 13 41 78 65 33 56 72 9 22 16 18 35 22 24 68 108 70 37 6 23 29 26 9 43 11 17 21 22 48 62 53 24 29 4 30 49 41 38 31 83 74
61 80 73 70 59 31 20 11 12 26 28 46 10 10 50 89 97 53 12 89 61 55 51 19 49 66 6 18 30 60 37 38 29 28 33 43 2 13 41 71 57 36 30 60 34 28 37 73 71 41 12 61 41 13 25 48 66 50 72 30 34 63 67 42 67 77 43 69 69 65 41 18 17 53 74 65 42 21 22 42 30 6 43 45 28 0 5 17 34 59 64 21 21 43 29 38 48 67 53 85
11 23 33 68 73 33 15 13 22 24 16 42 25 28 44 55 57 47 21 71 32 39 48 16 28 55 20 37 52 64 29 13 30 30 34 46 39 45 44 41 54 66 69 59 34 39 37 25 25 38 39 42 16 11 19 15 37 62 110 100 78 77 74 51 64 64 45 79 70 54 41 35 30 28 23 30 43 43 43 56 26 16 55 52 46 32 34 31 39 43 43 22 35 50 34 46 63 62 33 54
39 33 18 41 53 31 27 32 22 20 7 37 32 43 49 42 33 33 17 55 17 25 40 20 20 41 16 23 45 51 31 12 40 66 81 66 62 52 54 55 73 58 54 49 62 69 60 26 24 49 79 50 32 35 29 7 12 58 108 137 103 83 77 55 35 26 25 62 44 20 19 28 51 21 0 18 51 54 48 56 16 10 36 24 42 66 86 84 56 37 26 24 42 47 32 43 80 62 30 48
22 30 12 20 41 45 44 29 58 51 27 41 30 49 69 73 44 30 23 70 46 39 46 42 40 47 23 18 38 39 36 21 25 64 79 37 33 21 44 65 74 49 42 29 58 74 83 53 35 31 71 47 45 37 19 3 14 39 55 108 87 79 79 56 48 38 49 73 58 41 43 49 18 12 25 68 92 62 23 15 79 61 58 21 31 48 58 52 58 36 19 16 25 28 25 32 49 31 18 38
30 36 13 14 34 43 49 38 64 53 23 33 16 27 41 43 39 42 61 104 88 72 67 62 56 58 43 47 54 39 33 17 15 30 29 0 21 21 37 48 31 53 63 14 14 39 67 39 31 16 53 38 38 27 20 22 24 21 15 70 66 70 78 61 31 29 41 41 44 43 38 29 39 26 21 42 60 48 39 52 75 66 71 43 55 53 38 25 30 26 13 4 4 20 39 41 26 15 24 37
48 40 14 22 33 26 40 54 60 56 51 93 85 71 45 19 7 48 92 109 91 82 71 56 42 39 29 56 53 36 29 25 22 18 16 13 28 25 30 37 7 17 33 21 14 18 31 23 22 29 58 44 29 30 47 61 25 9 13 51 52 55 64 55 30 36 42 21 49 61 42 25 37 36 34 46 65 60 43 38 50 54 65 38 53 46 23 6 9 20 14 7 6 33 71 66 42 39 62 57
0 12 13 34 42 26 32 41 32 27 32 91 89 65 30 3 5 41 79 78 64 58 46 35 25 17 8 61 48 36 30 41 25 13 16 31 13 6 22 52 40 3 0 38 40 27 21 35 17 32 38 44 19 21 51 68 36 5 22 33 38 40 45 41 25 36 35 4 57 69 37 26 59 59 38 19 30 46 43 37 0 25 42 12 46 70 66 55 24 30 20 20 17 38 74 59 36 42 79 63
21 49 39 26 21 22 38 40 40 18 0 39 27 15 13 19 38 34 47 49 46 33 21 24 28 21 18 91 66 48 28 42 42 13 7 37 8 14 44 91 83 50 26 48 33 36 32 45 33 31 13 50 25 16 43 63 60 10 26 15 29 35 36 32 26 36 32 0 66 73 35 35 41 57 40 8 8 27 30 22 26 65 77 26 51 79 70 48 50 42 23 27 18 24 49 23 17 33 83 68
16 55 52 23 69 60 57 76 83 73 27 5 5 6 21 25 56 60 34 24 22 18 34 45 46 56 57 52 47 37 40 57 56 39 30 0 55 78 51 52 60 40 22 51 37 41 45 34 28 15 24 35 39 25 14 45 29 36 37 30 27 29 27 22 25 26 24 26 38 48 42 27 39 25 12 26 50 51 38 37 55 80 87 38 47 45 25 11 28 25 22 39 53 28 9 27 20 47 46 66
39 66 55 35 89 89 78 85 118 94 44 33 40 30 27 19 48 63 53 51 48 34 40 44 66 65 52 36 27 16 18 35 59 49 43 4 44 58 34 43 63 49 22 45 36 33 28 24 27 37 60 70 77 60 19 12 56 35 18 26 46 50 28 2 31 30 22 15 22 36 42 38 40 34 23 27 47 53 47 47 62 68 60 8 21 28 24 25 26 31 38 65 89 62 21 14 45 53 34 49
34 46 25 18 82 92 72 66 95 57 11 29 58 44 25 8 22 48 50 57 54 36 39 41 26 26 18 17 27 32 42 61 47 49 52 9 38 48 34 54 163 142 76 66 51 39 30 42 32 49 67 66 84 93 56 32 57 42 34 43 48 38 21 12 27 31 25 14 14 30 47 55 24 30 19 9 18 30 32 34 92 81 61 12 32 42 49 63 67 58 40 49 77 65 22 2 45 38 12 35
64 64 38 44 109 128 102 89 94 49 12 56 105 92 68 52 49 77 83 90 90 77 88 97 57 52 38 30 30 19 8 11 39 48 58 15 40 50 42 69 132 133 77 76 72 44 10 21 33 43 49 40 67 100 85 73 44 46 57 62 43 16 14 31 13 28 34 25 21 34 55 68 56 73 61 34 33 48 56 59 68 49 31 0 17 21 24 42 106 81 32 15 43 50 21 1 26 19 2 39
