19 50 73 40 85 44 73 44 3 34 45 12 32 31 24 27 5 22 6 7 14 16 110 140 133 111 112 87 80 85 43 17 105 187 151 43 1 18 40 78 54 13 48 71 86 93 53 38 75 47 109 128 99 15 80 46 53 55 42 91 94 73 35 30 60 35 33 34 25 30 73 23 32 21 28 27 7 67 71 45 20 68 70 63 14 72 119 157 65 58 60 75 131 107 66 39 59 53 86 46
20 57 81 43 68 56 71 5 0 34 48 28 27 62 45 0 10 31 68 72 24 29 92 151 95 17 56 100 37 45 92 40 59 147 136 48 6 43 53 46 31 47 54 65 120 73 29 27 22 75 118 101 85 70 103 87 44 43 47 81 48 60 57 45 42 34 38 41 87 21 0 27 9 19 47 50 29 23 18 37 17 37 60 52 6 12 52 113 91 18 15 68 87 49 47 64 26 26 87 141
32 20 22 23 43 37 51 18 21 12 14 40 40 80 68 20 17 87 170 121 19 29 28 55 27 53 67 82 44 7 23 1 28 58 65 51 25 62 76 63 38 64 60 46 88 69 90 49 47 61 40 35 38 25 4 64 113 30 41 43 30 82 0 3 78 87 127 52 58 103 95 18 19 41 73 81 90 67 35 49 12 12 30 15 44 86 77 60 12 53 52 57 84 95 61 49 46 43 25 48
0 33 46 51 87 104 65 4 52 21 0 11 28 49 56 26 20 44 106 105 67 23 0 22 0 57 119 149 123 90 92 79 65 44 57 78 53 76 88 63 38 44 31 23 38 35 56 17 6 27 26 23 52 60 2 47 127 102 49 46 40 72 46 30 43 57 86 97 131 105 36 7 1 4 12 47 114 168 116 62 35 12 47 91 121 120 88 113 86 64 1 2 44 95 76 68 93 122 62 30
39 35 19 53 95 68 21 51 33 58 40 0 27 37 72 48 12 25 23 29 99 49 29 33 9 37 110 160 159 111 68 88 52 50 80 63 20 34 49 0 41 55 36 73 108 87 32 48 20 7 23 0 11 31 19 59 52 43 97 70 40 94 45 0 66 67 37 64 69 59 47 53 0 31 58 57 22 80 75 51 45 26 59 161 184 145 47 52 85 19 31 81 49 97 135 107 149 133 55 54
41 77 68 44 63 62 30 54 16 67 68 9 46 21 68 58 13 89 67 17 87 51 72 37 61 22 5 0 28 44 35 88 26 34 81 47 24 25 83 71 45 43 27 73 89 123 85 71 60 10 44 25 55 57 40 25 98 32 55 67 12 29 120 72 7 82 40 14 18 31 37 38 50 22 24 30 9 58 54 21 0 19 18 81 76 61 11 32 22 24 56 51 8 76 144 121 105 60 0 0
63 66 80 43 12 0 24 85 45 61 48 17 42 15 50 17 31 74 65 49 69 17 81 95 100 48 42 41 19 32 40 13 20 17 58 12 37 29 113 133 99 54 25 70 58 104 134 76 53 17 25 0 64 129 119 42 69 0 81 55 14 11 78 139 73 4 37 68 30 0 62 85 69 29 34 14 26 27 29 12 30 22 0 97 130 76 26 29 54 55 45 31 51 59 63 62 7 19 44 22
38 81 163 113 36 21 48 55 61 61 27 7 42 87 119 24 40 39 16 4 11 25 108 110 115 130 66 66 94 32 15 72 71 82 101 7 57 54 113 88 102 48 0 95 125 85 123 112 87 33 36 61 118 124 89 42 69 48 117 41 81 63 46 81 70 50 66 0 32 49 98 118 36 24 52 9 67 47 64 62 51 79 31 35 48 15 34 34 7 26 56 34 20 2 19 18 32 11 51 44
8 51 75 47 7 33 71 42 54 106 107 48 105 145 117 77 87 8 25 40 52 50 52 37 103 161 100 0 70 47 52 32 108 108 38 28 82 84 116 75 43 55 0 132 191 98 30 123 153 106 43 25 50 69 21 26 116 85 71 91 104 35 81 54 10 90 101 1 19 34 102 167 80 47 0 15 59 59 70 132 86 91 37 24 108 35 42 61 38 8 47 43 26 29 15 27 3 85 44 0
58 9 3 26 38 52 50 28 31 64 46 95 100 29 36 81 76 2 25 25 96 125 49 82 144 79 0 43 21 65 50 56 168 206 110 28 56 109 137 55 23 37 31 102 121 87 58 30 103 75 9 32 20 78 132 128 99 77 56 117 136 67 32 104 123 9 33 0 29 75 76 60 26 10 41 0 36 39 71 64 70 60 32 20 54 29 55 53 24 0 42 46 0 46 53 37 53 17 48 109
59 14 29 43 48 65 62 70 52 100 45 57 55 43 57 83 25 24 31 11 0 20 50 88 98 27 5 24 15 16 28 59 148 203 125 64 77 126 129 49 37 77 69 59 91 106 97 20 81 83 43 36 36 101 141 93 43 22 44 84 78 76 20 69 62 24 44 23 4 19 108 121 104 110 104 45 54 88 67 29 57 61 31 54 0 68 46 0 41 48 50 92 5 85 54 66 81 30 111 158
121 70 78 60 50 68 61 87 115 100 49 25 46 62 37 69 22 42 45 71 21 22 70 84 101 58 35 16 22 58 61 86 91 114 68 87 91 83 66 44 17 39 25 10 52 109 132 72 0 43 86 28 36 47 29 46 81 65 92 65 56 68 23 10 28 36 21 12 45 82 111 10 58 104 104 73 38 68 90 80 34 3 61 53 17 4 39 16 7 38 22 52 19 37 0 37 52 59 133 113
79 23 35 35 34 46 60 127 181 135 78 33 56 37 25 67 54 38 40 66 73 66 29 85 43 41 94 56 22 26 34 13 74 83 38 51 48 40 40 54 38 17 34 68 78 164 212 150 31 22 36 24 39 54 7 45 54 63 50 53 88 69 32 54 58 41 104 65 58 144 148 74 80 65 80 35 0 15 138 73 36 21 67 32 43 47 83 49 18 36 56 37 73 34 28 61 33 21 53 28
64 45 57 51 49 55 53 86 117 133 64 25 59 27 34 7 59 55 23 12 6 43 78 61 93 91 80 10 63 110 123 71 152 183 123 50 18 29 37 27 36 38 39 61 87 134 131 101 67 92 72 80 13 84 92 92 10 25 14 67 59 56 51 63 54 48 115 117 102 98 51 22 107 151 86 29 77 84 91 32 72 99 72 77 45 92 63 33 22 30 46 44 28 49 68 64 44 23 56 60
29 22 12 15 46 67 52 32 37 69 34 65 113 75 50 18 58 75 34 26 15 85 182 40 71 131 73 50 20 68 47 53 55 89 71 21 11 12 38 52 59 75 29 0 67 50 10 38 55 79 60 50 35 139 126 63 83 84 108 118 40 34 63 34 51 36 57 88 100 75 31 26 103 73 60 28 0 97 146 78 78 85 87 104 64 3 18 35 25 30 17 35 0 35 49 48 31 40 60 59
54 44 24 30 27 13 41 82 0 25 8 7 47 94 65 79 52 61 55 13 11 56 106 35 89 64 93 121 79 35 101 116 43 32 45 63 66 4 34 108 125 84 37 0 55 20 20 65 29 22 59 8 67 107 51 45 75 88 141 104 74 30 80 98 73 12 131 120 59 91 31 15 29 19 53 0 70 119 83 44 53 90 50 61 35 76 83 24 45 35 35 6 42 7 41 58 28 53 44 64
55 56 30 47 37 32 33 74 34 43 9 15 59 70 124 88 41 28 15 67 54 60 61 37 15 39 52 30 75 90 61 126 64 80 78 142 100 40 80 145 117 46 16 17 14 18 73 29 6 16 44 77 55 27 77 95 14 46 67 63 155 86 31 76 59 28 108 59 44 85 58 28 41 60 116 28 101 149 50 80 75 51 44 38 50 11 14 29 49 75 68 32 33 45 57 73 38 15 31 54
65 59 66 23 17 54 10 66 71 66 45 13 15 10 36 28 55 63 36 52 60 100 122 56 18 88 97 100 102 61 23 50 18 121 177 128 77 46 70 81 60 37 47 14 24 46 51 34 55 16 31 95 71 59 79 88 64 101 71 11 72 63 38 49 40 82 105 48 62 46 7 30 33 96 132 131 63 46 2 77 117 140 97 32 5 62 69 69 77 105 72 70 77 66 68 24 27 22 36 44
91 26 54 56 30 35 18 95 67 27 21 22 62 69 34 3 43 63 31 26 53 36 71 88 48 50 45 103 130 93 12 33 104 140 170 72 57 44 56 36 22 57 69 34 35 34 47 66 61 57 50 91 23 76 28 0 55 92 84 70 90 98 107 114 48 103 113 79 74 51 59 85 46 116 87 148 59 61 98 68 124 164 155 83 27 57 38 45 73 44 29 74 81 62 72 81 26 57 86 91
78 48 50 81 29 31 110 109 26 30 60 70 69 54 42 52 77 114 70 9 93 71 24 28 32 38 67 54 39 83 22 91 133 69 70 57 85 82 102 68 49 78 40 50 39 4 62 75 65 9 68 49 109 51 39 4 44 19 41 77 19 38 84 58 46 65 114 157 138 84 83 100 117 171 148 53 51 65 0 25 105 65 56 22 60 67 28 4 23 18 66 45 11 42 13 26 28 70 95 93
36 68 71 128 97 38 97 71 61 29 0 13 30 29 28 21 13 29 67 23 97 81 24 37 10 54 116 94 24 45 22 114 135 65 45 83 68 91 185 187 72 41 0 32 14 0 44 22 32 0 53 49 146 79 51 48 43 100 56 51 76 72 37 83 52 21 41 101 115 88 88 142 129 97 60 38 63 57 56 30 102 67 54 34 99 126 89 43 37 0 41 54 20 34 11 62 26 42 38 22
38 69 71 104 118 23 3 44 53 51 27 37 21 20 51 80 118 9 41 40 84 80 37 6 75 124 117 101 37 39 65 86 71 54 67 154 84 55 131 172 78 17 47 58 12 35 30 12 58 82 20 29 0 51 31 104 115 125 137 128 74 64 53 89 45 12 31 55 34 73 80 33 69 50 32 22 21 36 36 106 49 73 67 78 67 70 42 35 13 33 6 23 27 87 106 88 56 44 34 34
59 69 55 8 31 20 10 37 19 34 56 66 35 29 19 50 68 42 63 21 20 53 85 49 105 158 107 41 0 33 91 47 29 13 8 89 55 15 52 146 103 33 88 108 57 75 40 41 48 50 45 69 35 1 14 65 37 38 86 60 8 24 28 77 81 44 41 72 30 106 176 87 84 77 24 67 52 65 88 88 53 58 26 62 48 22 23 39 39 53 10 62 53 45 36 30 42 6 6 32
49 5 26 40 38 18 36 20 39 23 59 83 85 96 13 5 7 51 44 29 47 36 83 105 41 0 15 74 85 49 28 12 21 23 6 39 60 43 27 121 111 20 24 92 74 60 21 16 60 47 39 39 20 15 39 0 46 78 144 85 63 112 54 14 96 61 6 89 61 16 53 35 1 40 41 52 84 53 0 70 65 87 73 77 68 5 45 53 62 87 67 73 37 39 12 42 75 15 7 35
47 38 48 87 51 36 27 34 42 42 30 13 44 21 4 5 85 82 19 20 30 59 99 128 120 88 92 35 78 55 14 8 20 9 5 29 6 31 49 68 92 71 38 69 29 36 26 52 36 21 77 24 5 33 25 45 72 29 76 117 117 106 53 10 36 21 38 71 85 21 40 97 96 88 47 18 19 68 34 131 47 16 68 64 28 60 81 53 43 51 14 0 8 93 68 29 42 0 27 68
86 44 40 37 61 102 74 39 105 30 0 69 10 22 17 43 54 62 54 58 26 35 45 38 118 134 118 56 13 58 41 62 57 44 26 28 28 48 56 59 56 42 39 41 61 62 37 23 27 56 40 51 72 56 44 73 55 28 21 53 85 103 101 75 85 84 102 122 35 35 66 88 170 127 49 38 59 102 62 35 80 47 43 46 72 116 113 76 68 32 10 81 50 55 13 91 63 9 11 25
72 49 65 64 86 145 92 57 53 37 20 32 10 52 44 12 73 48 53 56 21 50 49 26 14 60 87 70 5 62 49 58 4 39 56 29 25 21 55 92 89 50 41 29 61 77 53 43 33 37 64 45 89 58 10 40 49 61 31 30 37 46 73 57 81 100 110 99 6 54 66 33 127 125 85 75 45 47 79 32 23 55 49 57 81 91 73 51 44 37 39 67 39 50 2 68 67 44 61 66
68 62 57 70 42 71 40 56 61 25 20 22 39 55 72 52 143 97 86 72 37 60 45 43 42 0 4 23 53 85 73 33 55 64 53 4 26 6 43 91 78 22 16 32 4 24 3 20 47 28 64 40 45 76 48 67 10 67 103 105 85 100 139 128 80 102 90 33 24 69 50 0 57 87 91 79 38 2 44 8 65 120 96 63 16 5 32 53 26 1 24 20 41 30 0 46 54 45 74 87
1 12 5 29 31 26 56 77 37 0 8 41 11 50 72 24 113 103 104 95 64 55 27 63 83 28 44 33 40 16 38 40 70 60 48 20 67 16 17 47 48 19 62 88 26 20 18 26 27 54 17 66 49 68 51 45 23 52 117 107 69 99 113 86 41 63 70 19 23 65 65 48 64 116 145 106 94 62 55 23 56 97 96 97 42 53 96 105 50 73 93 34 29 47 20 18 41 11 15 28
55 83 86 53 79 26 89 76 0 41 73 21 39 81 86 0 33 36 30 46 50 56 46 87 144 117 95 88 86 63 45 45 44 30 34 40 99 39 16 29 31 27 74 57 37 19 72 69 87 91 72 68 141 72 32 49 45 22 46 23 12 62 60 31 6 28 87 82 18 43 67 100 98 149 155 67 61 56 28 12 36 34 36 62 21 67 114 119 81 103 103 109 31 28 6 45 29 24 40 46
54 81 72 16 32 7 63 65 16 49 48 0 59 35 39 39 33 25 0 19 27 53 58 53 85 111 78 66 53 34 27 80 94 45 11 16 84 57 30 23 56 64 37 9 53 34 93 112 100 65 85 10 119 42 33 85 105 93 64 35 45 69 66 62 76 63 113 105 60 31 34 87 175 158 108 31 32 38 8 0 38 29 42 69 15 31 17 14 40 79 59 78 0 38 40 35 23 77 129 122
52 71 51 42 32 41 18 27 28 32 18 48 54 39 21 64 44 54 51 72 43 57 63 8 18 54 31 28 50 5 0 65 34 29 31 32 59 26 10 13 63 83 0 11 85 53 56 97 43 73 64 65 74 28 49 57 63 113 74 57 78 63 74 106 136 76 73 29 103 38 20 84 136 95 54 36 29 17 20 36 54 32 30 54 28 64 47 74 121 66 20 81 38 20 34 30 26 100 154 132
28 71 66 10 56 31 24 3 1 42 76 49 21 23 37 42 46 79 51 46 46 23 28 40 14 10 5 27 32 6 27 61 41 30 40 55 47 37 45 54 26 44 29 34 67 41 70 56 93 88 75 45 33 25 104 158 92 92 51 40 44 43 51 103 130 45 0 67 96 34 23 63 7 72 99 45 76 34 5 28 31 24 56 83 50 23 37 68 117 33 10 98 60 33 52 25 13 82 98 48
50 47 48 42 52 43 55 55 28 75 132 91 26 41 65 56 18 17 7 28 41 27 45 86 52 43 36 59 36 19 67 129 98 40 44 98 106 63 21 0 55 91 66 24 88 125 97 82 130 119 81 55 53 2 40 113 46 53 60 72 55 6 46 78 96 79 19 102 111 54 24 38 23 99 107 45 116 101 55 54 55 58 63 82 67 31 67 83 51 19 23 53 36 72 90 77 32 36 35 37
26 22 44 51 7 26 62 71 42 33 90 87 22 29 56 69 68 43 21 1 18 33 16 0 38 71 102 65 23 10 89 119 96 23 9 45 48 50 78 98 76 83 82 101 199 208 54 39 66 83 74 65 91 94 95 66 29 52 85 78 85 132 154 153 82 95 25 51 60 11 18 26 23 70 45 0 137 182 120 70 13 28 20 38 64 21 52 37 18 46 86 60 22 46 42 67 39 65 67 50
33 31 36 19 11 75 76 20 33 27 89 127 74 43 28 51 46 16 48 49 45 29 31 60 47 40 116 124 108 15 65 78 18 10 35 45 21 36 80 94 30 40 27 41 132 208 92 84 64 17 25 61 58 75 99 44 32 57 26 74 115 52 6 48 50 84 74 40 90 10 30 63 65 70 51 26 170 236 179 87 59 64 46 10 32 3 43 51 19 34 65 72 78 72 54 103 34 95 105 55
37 89 112 39 29 78 80 44 7 26 53 96 59 13 3 65 26 55 101 54 55 84 88 65 63 45 51 41 43 42 79 49 46 35 32 15 0 26 58 52 5 26 28 49 38 67 12 17 33 38 47 38 4 40 69 10 34 19 26 22 35 32 251 244 248 50 94 84 40 32 95 6 84 41 51 47 127 166 124 11 7 34 79 28 32 7 17 44 61 54 45 55 69 34 33 88 55 72 71 57
79 102 104 39 48 69 43 32 45 117 58 20 12 62 75 62 47 25 44 48 100 99 93 76 35 26 13 83 42 35 14 23 30 10 2 10 19 25 24 17 11 0 0 54 3 0 0 22 2 5 0 41 61 25 11 54 57 73 75 113 153 250 242 255 246 34 45 75 59 75 77 54 39 6 67 46 12 7 47 15 19 15 56 14 33 52 55 81 63 64 45 22 38 31 29 24 50 51 48 53
52 62 79 56 27 29 5 47 141 109 9 78 80 44 41 40 29 46 53 38 93 85 88 56 40 92 70 78 23 52 34 23 17 6 0 2 13 0 0 17 5 11 12 28 1 37 32 3 30 67 19 40 96 96 57 78 46 70 218 102 184 251 255 243 245 69 57 67 19 12 66 150 117 28 49 41 38 43 80 49 43 24 42 29 43 60 42 29 21 39 65 20 70 145 119 39 11 35 40 27
36 15 30 65 40 65 24 59 108 112 14 70 65 74 94 24 39 28 20 52 141 106 101 78 49 74 49 18 13 21 21 0 6 17 8 7 18 0 0 21 29 7 3 13 3 29 19 23 4 49 31 58 84 78 27 10 79 74 152 233 255 242 255 246 250 67 30 50 77 29 67 125 93 45 84 63 33 10 59 74 68 54 44 34 16 31 52 47 47 116 202 77 37 111 92 26 10 24 25 17
25 0 33 85 56 58 0 57 85 59 44 30 44 40 69 57 29 13 23 60 116 88 57 49 16 17 24 30 25 11 1 1 24 10 0 4 22 12 16 23 16 3 0 6 46 25 12 36 94 68 16 76 103 61 85 119 252 246 255 248 255 233 238 255 155 112 34 74 112 75 49 21 35 130 105 45 66 72 96 64 12 50 95 90 0 0 60 80 70 57 97 20 0 83 72 58 14 37 10 30
24 24 63 57 70 23 59 44 76 45 30 55 30 28 33 68 61 29 14 12 34 10 1 0 5 6 12 18 17 10 6 9 0 20 31 20 0 10 9 7 8 32 22 16 28 74 25 64 129 204 101 110 124 19 132 255 253 247 223 234 250 255 188 104 101 31 41 29 35 81 64 62 57 191 147 23 72 106 114 79 31 9 28 54 15 63 81 52 15 15 36 53 77 94 94 51 21 22 25 78
51 63 76 0 124 85 63 105 104 71 56 44 11 29 17 41 32 9 8 0 9 0 14 12 0 0 3 8 9 8 10 14 9 104 171 118 13 25 10 7 39 8 0 28 11 28 156 114 52 123 99 75 150 155 155 231 254 166 176 255 112 255 202 254 120 88 119 45 23 74 41 38 101 109 99 17 42 103 164 117 103 44 35 15 10 24 25 32 45 80 108 113 100 48 59 42 40 15 36 102
13 30 111 84 97 84 70 158 152 87 72 10 13 26 15 12 8 0 12 4 4 1 18 3 3 4 6 7 7 6 8 11 30 163 255 200 34 33 7 12 19 0 31 9 16 9 91 128 92 44 39 71 152 234 229 131 169 226 205 189 166 191 175 89 89 174 180 92 63 53 61 80 45 29 35 10 79 96 137 165 137 60 40 0 61 37 19 60 57 89 129 84 70 46 36 37 69 40 44 75
23 42 50 76 19 25 83 166 149 55 38 6 18 13 1 18 20 7 17 2 0 0 16 0 5 8 10 9 7 6 5 5 9 104 192 144 14 28 2 7 0 11 26 0 0 41 44 85 44 76 143 36 144 253 255 241 248 255 255 228 204 173 252 255 85 115 71 31 56 36 42 15 2 9 34 9 39 29 36 40 75 53 84 64 48 38 22 57 43 74 102 52 35 30 35 47 75 63 47 29
39 26 23 32 56 69 36 45 86 40 20 20 0 18 0 15 11 6 15 5 16 15 24 8 0 5 9 7 6 7 6 4 5 25 50 39 0 31 13 9 21 30 54 43 26 8 61 75 34 8 179 36 148 255 241 249 254 229 247 255 52 216 104 43 76 19 52 54 43 22 55 63 85 46 35 16 11 34 58 15 73 40 49 87 17 102 64 0 24 46 40 45 28 28 84 116 48 47 36 0
65 0 69 32 19 50 36 12 40 35 21 21 0 18 8 2 0 3 10 0 18 4 1 0 0 4 7 4 4 9 10 8 17 12 5 8 8 23 19 19 40 20 61 0 59 43 116 254 191 92 251 255 159 166 253 255 247 255 151 138 60 255 255 246 233 67 87 115 101 42 52 85 185 175 59 8 26 24 3 0 27 31 37 75 3 102 110 70 77 41 12 38 17 33 43 61 45 25 38 15
16 35 65 33 38 0 16 33 37 6 6 16 28 0 12 8 4 9 7 0 17 4 5 12 1 7 8 4 4 10 13 11 5 23 27 28 19 0 6 21 80 38 18 88 159 152 152 68 183 221 248 245 185 252 159 247 255 235 255 255 249 248 255 235 255 63 19 64 84 0 10 91 154 191 122 85 43 53 49 0 32 50 29 24 9 29 43 51 35 5 52 63 6 47 8 54 76 27 60 54
83 27 5 88 77 33 25 39 63 37 25 15 6 11 9 0 5 0 0 5 4 0 1 9 10 14 15 12 12 13 7 0 0 6 0 19 0 6 20 21 75 35 22 135 10 254 255 156 88 176 252 254 96 254 233 246 69 231 255 247 238 249 255 254 240 103 81 131 23 57 47 0 37 103 138 64 79 74 42 42 4 0 20 33 75 22 39 63 53 64 17 54 20 37 72 95 72 3 52 140
84 53 9 35 29 39 75 109 65 29 19 17 8 0 0 4 1 0 6 15 13 4 3 9 15 17 14 8 7 12 12 9 15 1 2 28 5 0 28 35 54 45 46 97 231 236 233 218 69 137 122 235 180 126 255 255 255 96 255 109 255 254 86 30 56 170 255 248 12 61 24 56 68 14 52 42 107 67 42 27 43 69 33 126 91 15 10 40 111 99 28 27 27 33 59 67 69 38 56 97
32 55 43 54 52 67 115 173 98 17 9 18 1 10 14 0 0 0 11 21 17 5 2 8 10 13 12 8 7 10 13 13 15 2 10 29 13 2 34 39 40 45 10 81 90 180 52 69 154 251 156 246 255 235 251 23 104 85 244 98 255 246 12 119 98 94 247 107 66 19 56 160 51 0 77 26 94 31 65 30 23 35 21 116 108 30 36 60 54 45 75 89 39 21 61 6 79 86 69 79
39 33 21 69 119 95 54 65 97 57 39 6 0 15 5 8 0 0 8 16 12 1 1 9 0 4 10 12 11 10 9 8 0 13 14 15 18 7 24 26 56 19 0 94 143 143 173 252 249 255 183 202 249 255 230 243 89 120 247 247 237 245 223 107 18 250 255 210 48 77 117 118 44 67 101 77 23 49 33 31 23 27 88 131 139 79 56 76 38 2 26 45 19 48 104 43 0 36 6 7
38 38 39 70 108 57 3 21 57 124 122 35 24 28 0 32 7 4 5 9 5 0 4 15 0 3 8 12 12 10 8 8 0 22 0 3 19 4 2 19 46 0 41 58 115 255 250 233 89 228 153 114 229 182 243 137 45 118 138 184 184 246 243 49 142 243 237 250 49 23 6 59 32 43 61 30 47 49 23 33 3 6 49 87 54 23 0 39 36 66 49 44 48 42 18 6 11 85 71 44
74 60 42 35 87 72 25 24 31 84 141 73 24 48 24 10 20 11 6 7 5 2 9 20 13 8 6 8 11 11 12 15 23 23 0 15 18 19 13 28 57 108 101 14 96 246 251 107 253 193 0 255 255 245 235 254 56 212 103 158 227 240 255 132 183 255 251 253 110 89 78 24 15 63 49 41 45 80 25 68 42 15 20 71 79 21 46 55 2 45 37 20 15 23 28 63 5 95 115 62
75 88 88 33 35 25 22 52 41 32 91 54 13 51 29 0 26 15 7 10 11 8 10 17 20 10 4 9 14 13 11 12 34 26 11 52 21 78 83 38 199 244 155 64 189 192 85 246 255 1 86 255 208 248 255 242 252 250 255 153 227 246 127 136 191 50 52 36 18 3 23 75 63 118 131 53 67 68 40 56 54 14 26 53 75 9 25 5 32 23 36 19 13 17 34 29 20 60 100 68
86 83 84 28 31 28 45 87 82 95 83 25 53 59 1 57 26 14 8 13 15 10 8 11 16 6 4 13 20 15 6 1 26 32 43 84 24 143 158 41 210 255 134 79 252 255 89 183 100 140 23 69 254 240 244 227 203 244 245 245 59 92 63 97 53 66 90 44 11 29 53 21 67 92 70 46 43 80 18 22 112 82 74 56 0 22 13 59 42 65 94 42 44 0 0 19 43 8 50 60
42 38 11 25 84 70 25 52 59 84 100 3 8 29 5 29 0 7 2 0 9 9 4 5 14 13 3 10 30 15 4 12 17 11 8 18 46 71 130 60 159 183 168 239 255 236 181 115 140 113 201 108 255 240 159 43 40 54 87 156 30 33 29 60 55 31 67 78 67 29 26 2 44 36 51 84 30 1 5 34 120 158 188 92 51 33 81 114 126 55 120 59 7 40 47 49 26 5 46 36
31 18 2 10 43 44 23 28 73 106 102 84 67 62 42 10 13 17 10 4 9 7 4 11 0 3 15 16 25 29 18 18 26 21 11 54 42 14 29 104 255 142 200 235 235 255 254 41 166 147 60 66 70 118 161 156 173 143 109 29 65 27 58 22 30 126 0 161 134 29 3 57 87 68 124 144 75 29 25 73 71 149 227 137 39 16 80 118 103 74 85 44 15 35 59 68 54 20 58 74
26 20 17 19 23 32 27 5 32 51 56 83 53 63 68 53 12 13 3 0 3 4 9 22 19 0 9 11 0 10 9 25 55 70 95 91 31 77 159 255 228 66 129 250 255 252 177 8 29 73 155 164 83 30 195 137 163 159 45 48 52 106 49 7 48 0 123 107 166 118 84 88 96 43 138 192 146 72 40 84 76 87 112 55 3 15 24 0 12 29 3 15 16 20 49 59 79 24 35 56
10 34 42 48 61 80 87 63 25 24 55 47 10 12 0 24 70 64 44 28 31 35 43 58 21 5 42 51 30 64 52 40 92 70 106 113 67 54 129 195 108 94 81 91 111 124 86 43 65 80 51 145 98 45 0 30 120 76 16 71 34 83 24 12 17 108 83 44 101 121 89 109 70 0 85 173 160 75 61 95 55 94 126 86 30 19 12 17 42 43 0 34 31 18 34 45 111 52 35 40
13 53 37 31 54 69 79 72 27 42 71 59 73 43 0 10 25 39 42 42 55 64 64 66 24 30 60 58 31 90 70 13 23 74 48 41 60 52 60 55 107 136 89 23 90 82 72 0 20 49 31 18 44 41 19 55 76 7 38 86 84 63 2 13 54 79 118 74 39 48 81 96 39 0 24 85 78 21 65 85 100 134 123 72 44 23 29 106 130 62 0 9 0 13 51 96 71 42 29 38
35 63 20 2 16 13 26 25 9 45 16 23 85 55 45 5 30 40 20 0 0 27 56 72 52 43 57 104 78 95 67 19 89 130 59 76 33 35 37 47 105 132 54 37 57 11 20 50 24 24 30 123 72 86 71 44 62 39 74 143 171 134 19 29 25 20 68 59 22 14 34 71 41 32 11 41 46 25 62 39 43 63 56 62 122 83 24 62 95 42 26 55 63 68 81 118 14 15 21 55
34 46 24 39 41 30 47 27 65 114 75 60 70 60 66 12 0 48 80 71 73 89 91 84 18 16 22 117 101 85 57 19 69 123 86 71 7 76 85 52 81 112 13 50 84 102 35 62 0 80 55 70 47 104 75 26 67 34 47 77 124 62 27 4 83 83 83 43 62 62 43 79 46 48 36 86 106 83 58 30 0 30 67 75 131 88 62 110 75 57 22 10 39 41 70 119 40 36 37 90
25 27 41 91 78 53 65 14 16 95 142 118 61 83 69 37 79 143 160 114 76 67 55 40 76 92 37 66 42 74 86 34 80 63 14 18 58 84 61 94 68 46 18 60 120 143 64 30 47 68 92 21 18 62 75 12 80 37 32 95 77 40 87 48 66 119 91 105 96 84 38 33 6 9 38 122 134 86 29 52 31 27 49 45 105 64 24 18 40 85 52 26 74 50 67 104 66 40 19 77
87 40 39 70 55 43 51 48 11 54 86 51 35 43 27 26 92 130 121 58 0 30 32 35 14 28 50 83 0 57 46 23 58 92 29 4 36 26 62 26 33 41 19 90 78 57 12 1 58 54 101 87 33 81 64 40 114 137 63 88 125 89 140 66 55 97 62 47 10 12 25 10 66 47 30 103 93 57 45 11 18 41 25 32 51 17 54 67 54 47 19 60 76 62 29 60 15 37 58 62
68 0 18 46 77 107 92 55 28 15 28 49 59 31 48 94 61 50 31 14 29 37 16 27 34 67 70 45 24 104 45 18 16 37 32 18 50 46 72 40 31 23 51 76 55 6 39 46 57 38 127 100 20 26 82 67 98 122 84 77 93 80 56 37 29 58 30 19 36 27 27 10 3 31 28 49 23 14 20 8 9 6 34 0 47 67 33 20 13 55 19 48 51 26 67 95 47 71 85 75
60 30 101 73 51 73 95 91 90 61 56 108 146 80 71 67 49 0 32 77 29 12 19 42 48 23 39 35 67 127 63 55 44 22 48 13 33 20 20 13 52 23 35 99 83 91 112 107 90 75 97 83 65 30 32 20 40 63 32 22 40 62 22 42 0 22 31 19 46 14 17 27 15 16 48 78 29 40 79 97 61 10 32 5 67 70 46 70 64 94 72 82 106 72 77 52 46 50 52 50
52 9 62 46 54 69 90 46 79 60 31 74 112 45 52 27 10 0 57 146 67 41 33 65 94 14 41 57 71 81 53 24 48 4 49 20 69 51 21 60 37 24 6 32 4 51 96 134 103 92 34 52 81 89 58 59 20 31 0 7 30 59 62 58 52 47 52 39 42 29 46 77 54 0 41 74 0 20 58 50 20 42 46 34 80 49 76 61 91 47 56 38 108 113 64 31 28 11 10 30
25 26 71 67 40 0 45 12 42 50 31 76 83 5 35 38 1 10 37 88 123 77 9 30 28 19 42 34 58 78 101 40 44 9 51 42 116 84 9 65 74 64 51 6 41 30 29 19 91 93 77 88 58 52 25 0 15 0 27 29 37 68 98 74 69 62 100 100 35 27 43 92 47 32 50 58 23 62 72 50 25 2 0 67 104 0 23 58 65 6 36 7 59 49 5 0 0 0 7 21
28 26 31 53 57 26 77 48 17 57 48 98 104 53 41 2 39 16 38 14 78 32 23 28 33 85 65 10 43 41 63 25 43 25 36 36 108 97 25 63 33 59 56 16 58 73 80 108 135 118 89 44 75 90 101 93 57 8 87 39 0 34 51 50 60 42 89 102 39 36 20 62 71 95 64 60 62 49 24 53 55 20 26 53 93 60 29 51 20 0 21 20 53 25 30 35 45 71 80 64
49 51 40 47 46 32 63 60 68 79 34 91 127 136 90 22 50 0 39 18 15 2 62 79 69 93 66 9 35 27 48 54 121 104 62 36 52 75 39 23 10 15 8 18 45 69 24 25 94 76 42 6 91 115 79 80 69 47 121 93 55 108 136 159 109 35 22 23 61 84 30 53 91 101 56 77 69 24 19 68 60 13 52 80 101 91 18 74 97 43 47 21 33 23 30 47 80 78 65 46
10 48 75 73 58 55 66 93 119 75 7 95 132 126 59 22 56 20 21 49 25 28 28 63 80 59 63 14 21 60 101 101 109 102 47 22 7 76 82 21 29 11 53 17 22 0 10 26 39 10 16 19 21 64 19 10 34 60 77 89 51 73 98 97 50 18 32 13 80 71 5 52 145 128 86 91 24 0 22 2 11 18 43 20 9 53 22 82 116 46 93 45 49 69 23 52 99 42 0 4
48 50 33 125 108 78 82 123 150 85 70 70 79 100 17 8 54 33 25 11 32 52 31 35 67 19 33 22 18 29 52 44 40 10 25 39 9 98 125 48 39 24 86 92 60 39 40 15 46 34 29 47 31 67 76 64 80 83 37 65 49 56 33 41 8 12 72 83 38 33 47 52 108 83 34 60 2 27 34 61 62 16 14 50 47 36 30 0 3 34 101 44 40 84 38 68 61 31 21 0
36 42 39 102 154 61 14 62 104 110 65 37 4 7 7 15 6 19 31 23 61 103 75 48 82 49 48 35 45 20 13 34 19 27 14 51 30 49 85 51 2 26 43 53 66 134 114 78 20 15 19 66 77 80 68 85 74 30 34 107 121 83 50 17 22 38 63 56 3 34 47 56 39 29 45 81 45 15 30 68 58 45 19 0 18 35 54 47 67 31 80 56 6 40 55 53 24 16 47 48
17 24 37 29 115 58 28 61 6 51 48 52 36 17 5 7 51 40 40 48 79 91 59 44 55 67 58 39 101 102 70 75 51 44 15 40 37 16 29 68 0 51 52 22 29 73 31 0 15 48 48 57 78 86 38 8 44 106 118 90 120 63 45 45 54 72 85 92 41 58 38 50 0 20 25 120 78 92 14 12 28 11 23 2 4 44 72 20 81 67 74 46 26 71 85 42 31 4 30 29
51 27 54 30 63 69 70 97 99 62 42 22 28 29 4 51 68 53 52 76 97 76 36 25 7 96 119 49 74 104 105 109 68 26 46 58 76 56 0 63 43 64 91 36 43 42 80 112 29 71 78 55 58 96 94 61 71 187 153 33 63 42 41 57 61 51 75 116 91 53 9 28 37 24 26 51 98 106 63 38 24 4 22 43 44 71 56 15 62 66 81 48 41 103 117 75 52 4 26 37
126 56 40 48 26 46 30 95 99 61 52 45 59 51 38 77 104 87 42 12 13 16 11 2 47 67 72 23 45 77 84 71 57 9 38 47 75 84 54 103 84 61 102 75 67 24 55 78 65 58 100 107 49 18 37 36 77 153 134 53 13 0 39 80 38 6 48 94 121 82 69 93 49 41 46 1 33 14 16 40 43 49 13 44 79 70 6 76 69 16 73 58 6 68 113 106 60 3 12 13
86 59 37 68 71 102 40 83 89 78 38 44 53 35 75 63 26 24 11 31 48 34 25 20 0 0 84 139 131 59 22 25 29 18 0 7 37 57 116 138 120 57 40 32 35 43 45 44 58 16 72 115 76 39 55 38 99 108 50 43 62 62 40 46 42 15 53 49 74 53 57 48 31 99 107 39 18 43 39 88 75 80 70 98 98 71 18 108 59 24 54 26 12 61 61 63 81 38 38 15
125 88 51 12 8 48 29 17 33 19 3 32 48 41 110 92 73 43 14 50 68 36 38 55 49 10 64 128 139 56 12 29 20 49 23 16 48 43 85 78 57 34 28 18 51 50 25 13 61 18 26 23 30 54 84 47 47 99 82 89 96 62 28 48 20 20 64 46 49 65 80 51 81 117 118 7 16 13 22 74 66 51 96 82 41 26 17 40 27 60 46 17 54 66 21 20 35 25 41 21
58 15 92 103 98 91 104 28 55 0 20 26 12 8 77 117 76 55 8 16 35 29 40 39 22 30 78 95 96 32 3 33 79 99 72 21 57 47 27 26 15 31 56 1 53 8 15 44 55 50 54 24 38 61 88 61 13 50 125 174 112 35 30 32 41 43 74 47 7 29 39 9 15 14 0 30 25 29 0 131 103 95 121 28 17 22 36 38 18 47 49 65 62 25 24 35 52 36 28 0
95 101 100 40 53 53 37 34 42 6 36 36 12 47 75 78 37 77 52 41 86 66 39 47 30 7 74 124 85 0 10 52 93 93 78 58 55 68 49 11 17 42 40 71 59 16 48 64 38 25 2 6 32 39 26 24 53 101 89 92 113 75 33 31 20 16 29 24 18 26 18 26 48 49 59 58 27 4 30 75 92 128 92 33 97 100 54 6 17 62 59 9 33 56 67 31 0 65 62 35
85 108 43 44 69 16 36 4 25 0 21 73 104 112 49 8 13 29 5 92 116 56 44 100 52 87 110 51 45 27 9 29 30 20 62 85 62 31 21 0 43 54 24 6 37 12 45 69 7 75 76 45 29 90 89 61 32 77 98 80 120 75 84 88 34 43 27 43 4 33 27 10 11 18 52 73 44 6 0 2 28 91 125 85 81 99 40 0 69 53 32 33 47 58 82 56 72 103 76 49
38 50 36 26 64 42 13 14 18 45 59 77 78 83 45 56 115 89 79 81 95 12 10 38 46 86 111 41 50 66 24 31 11 28 86 55 12 16 63 29 77 87 72 36 76 24 14 35 13 54 42 49 17 14 0 21 89 73 41 15 68 57 69 52 0 22 82 95 56 45 21 6 39 48 41 14 5 29 45 37 55 58 81 53 8 63 52 71 9 22 87 88 33 34 38 56 83 86 48 32
33 44 6 48 92 34 9 5 13 26 10 33 69 121 92 72 131 126 105 81 42 74 33 50 23 43 81 58 46 61 44 22 34 18 61 48 34 1 36 29 40 38 43 35 60 35 37 83 43 0 26 78 30 31 47 34 23 80 91 87 34 4 7 32 71 48 83 73 64 67 6 35 41 67 44 21 58 77 40 5 61 22 31 67 38 36 13 38 68 50 109 73 24 56 7 54 53 62 44 46
56 16 0 59 101 50 3 42 3 19 27 40 22 38 41 32 56 63 80 39 45 22 44 29 6 64 62 38 32 69 94 56 54 26 32 29 72 31 16 1 54 40 36 38 9 19 18 36 60 28 36 46 46 4 8 24 97 93 44 46 24 23 21 39 75 88 79 118 155 151 35 27 125 131 71 51 105 93 33 29 69 37 10 56 55 23 35 61 17 27 44 35 52 84 23 50 8 33 37 49
25 7 63 42 35 66 20 99 63 37 34 63 70 63 74 58 0 71 35 77 49 51 101 88 12 99 41 16 43 60 72 69 42 50 42 20 67 57 47 42 29 35 35 62 26 60 47 15 12 31 43 19 49 5 21 63 72 58 38 63 99 63 38 29 79 138 121 87 136 64 81 76 70 118 100 71 84 55 11 22 5 41 26 43 26 4 27 10 27 113 57 1 5 19 24 11 18 33 34 44
5 79 93 67 4 20 74 104 111 91 62 49 78 45 42 15 45 78 51 39 55 36 82 60 31 78 18 16 43 30 1 16 25 16 33 63 71 23 20 59 41 46 26 59 45 54 64 51 31 29 74 40 3 34 80 15 29 36 36 92 143 99 67 81 14 46 84 28 57 0 114 185 70 79 98 104 77 40 34 53 41 93 87 75 18 63 71 0 34 107 84 42 53 52 57 25 45 26 5 15
39 58 93 95 35 48 85 144 150 162 98 11 49 32 54 41 97 52 38 31 48 55 5 30 24 30 12 27 43 67 35 23 47 31 38 52 36 22 17 11 57 59 34 79 83 34 60 94 94 85 43 46 84 44 0 26 52 68 26 81 82 63 46 123 91 23 42 57 9 47 55 179 146 23 39 143 119 34 20 44 27 58 74 87 30 148 133 26 45 5 46 35 36 17 32 113 103 53 13 28
72 29 20 80 35 10 70 150 185 120 49 14 57 2 53 21 39 40 5 14 35 57 17 111 101 85 41 28 2 8 53 41 28 6 63 69 15 7 14 20 69 47 0 60 93 7 39 69 54 86 100 7 100 90 42 63 41 92 69 84 110 86 20 20 35 24 30 1 25 2 28 31 70 65 33 62 68 57 49 41 67 68 60 52 47 113 99 55 49 62 23 34 15 22 50 88 57 42 63 26
42 0 52 32 41 37 28 104 133 25 48 60 168 99 83 79 20 27 19 13 28 53 13 144 121 45 67 17 27 13 21 15 34 0 66 68 28 25 7 35 34 37 12 22 39 20 53 18 41 82 178 138 15 32 59 46 95 168 143 138 123 31 49 59 21 59 102 41 4 88 84 0 0 26 16 32 41 81 72 9 21 30 7 15 48 73 81 51 43 68 34 32 32 17 26 58 55 38 42 63
64 36 74 0 15 34 3 75 32 54 100 122 176 93 75 40 60 45 116 114 35 34 0 58 81 38 132 96 89 36 21 17 58 0 21 26 43 67 13 35 52 20 22 44 64 56 59 1 34 78 93 26 44 27 66 101 65 94 77 61 72 0 55 69 19 19 86 60 6 41 36 19 40 28 36 91 64 48 51 60 51 28 1 12 58 57 124 96 23 31 31 84 145 74 32 64 51 41 34 45
0 21 25 29 19 36 35 72 53 71 25 51 47 26 58 94 124 78 108 93 13 39 46 62 42 37 84 104 113 92 69 13 21 35 103 93 71 67 48 102 87 35 37 45 50 33 52 68 31 59 45 98 107 100 55 32 18 0 20 9 46 21 17 7 64 82 112 45 45 25 38 58 57 91 56 32 27 90 63 8 86 31 29 13 36 23 105 61 17 21 20 47 133 68 48 102 68 77 74 20
41 49 33 73 34 9 20 12 14 63 98 72 23 61 61 134 95 102 46 15 10 28 34 41 71 60 33 7 41 92 113 65 42 50 46 37 54 66 51 45 42 34 46 45 87 82 52 42 48 60 94 150 54 67 90 28 17 33 79 95 104 97 50 20 47 106 96 32 58 38 68 64 47 44 0 28 39 48 5 38 47 35 62 22 64 50 72 38 55 112 117 43 80 57 75 118 55 81 78 29
50 8 29 46 46 19 28 11 37 57 68 16 21 69 60 26 67 109 64 30 0 1 55 59 45 61 80 17 62 87 63 18 49 77 56 26 18 27 40 29 22 24 16 8 77 97 74 56 5 36 82 73 38 59 112 42 4 44 30 64 57 70 66 40 42 115 103 91 58 28 58 64 9 28 14 51 39 37 0 60 38 83 78 13 78 68 24 16 42 99 129 51 55 34 39 51 24 54 31 43
45 34 70 69 86 72 55 42 78 56 52 65 44 9 41 36 6 51 106 120 51 40 99 74 69 77 34 2 62 78 45 15 28 75 102 68 24 15 22 26 13 28 38 27 47 45 55 43 32 40 23 37 0 79 94 46 67 66 4 20 27 57 54 44 67 173 141 62 29 16 15 14 36 30 12 45 38 94 43 35 28 77 44 20 82 123 110 94 39 35 65 34 40 33 40 43 50 80 38 39
26 70 45 32 21 36 33 45 119 68 93 94 30 45 23 53 53 51 64 55 18 8 31 25 24 96 6 60 79 69 67 72 68 80 109 59 13 27 41 75 137 98 47 5 20 54 73 1 11 59 49 6 30 19 23 69 91 56 35 37 61 89 25 29 112 188 121 0 70 50 18 48 50 44 35 46 21 136 113 59 51 57 11 23 21 84 112 39 17 11 54 31 28 52 68 52 92 125 81 10
84 94 75 31 0 33 36 47 79 62 14 38 23 8 63 32 76 94 87 59 44 37 32 32 25 65 43 117 27 8 0 52 41 52 26 11 44 65 69 84 112 81 13 25 72 41 14 38 28 2 22 19 11 4 40 41 12 0 22 41 117 77 56 34 79 104 39 79 120 101 15 40 50 35 18 36 24 110 140 121 72 58 6 63 62 87 113 41 2 59 34 77 120 55 37 68 29 36 77 13
28 17 38 74 56 37 22 63 149 81 16 1 9 40 80 82 78 79 78 81 80 57 33 30 61 61 18 95 53 37 7 23 19 32 29 44 84 82 45 31 24 20 1 45 95 71 46 53 36 15 27 84 132 146 103 48 28 38 49 59 87 95 68 27 56 66 10 29 61 50 4 44 98 48 19 47 19 74 114 135 69 3 8 25 93 114 142 74 29 28 21 47 126 51 22 22 70 91 45 1
39 26 24 34 21 39 53 102 88 47 50 25 30 66 73 117 169 109 50 38 41 25 23 46 51 113 145 197 111 31 21 58 23 29 33 60 91 73 33 22 60 39 11 29 50 47 54 56 58 66 58 109 155 176 107 58 54 58 46 63 34 76 55 17 49 43 15 18 43 42 48 99 98 46 26 63 20 44 71 98 85 9 69 42 81 79 94 70 56 30 58 79 121 50 13 30 60 134 32 25
0 41 66 57 40 68 50 40 14 13 57 33 28 60 76 156 126 76 44 65 82 47 11 12 12 14 9 49 40 14 58 102 38 39 45 64 71 46 34 54 75 44 22 32 32 37 54 35 36 80 67 67 102 124 96 98 111 66 43 79 22 57 55 40 94 72 69 52 59 47 72 115 64 42 36 61 13 40 49 46 62 23 93 87 53 55 50 73 76 49 100 140 109 67 12 66 20 142 50 51
