206 177 103 38 87 158 159 176 182 171 132 118 60 89 63 22 59 80 79 70 85 128 90 82 128 136 137 180 83 90 156 127 100 95 74 26 83 107 122 179 169 96 43 125 81 126 128 84 47 70 54 33 46 107 110 114 107 72 127 51 69 35 51 124 171 192 119 66 109 84 108 55 75 84 59 71 81 89 159 122 29 103 108 77 92 92 206 192 75 90 131 123 60 74 69 74 96 141 58 47
255 126 132 148 103 78 127 154 155 162 116 55 60 41 21 53 70 80 36 69 107 58 24 62 65 68 66 69 30 77 98 46 51 70 17 61 92 73 49 62 85 76 82 163 108 68 76 9 40 42 38 54 93 209 230 156 98 35 87 35 105 49 37 39 115 141 57 8 80 98 139 152 186 107 127 15 51 29 168 99 56 127 66 87 74 66 107 112 57 53 79 108 115 106 73 90 90 89 63 62
234 100 108 173 246 166 89 23 94 54 40 0 85 76 49 34 52 154 122 55 56 21 15 39 19 8 51 118 110 74 8 5 155 179 40 114 100 87 88 83 14 22 45 115 98 36 87 23 21 13 22 47 32 139 211 128 70 58 78 49 80 66 99 103 161 199 221 69 75 45 59 162 153 75 198 49 65 24 87 81 57 160 77 122 127 78 39 33 89 67 97 145 186 156 93 61 65 60 88 66
166 127 123 136 219 71 15 78 61 52 72 13 87 84 94 114 105 119 145 140 114 32 32 74 1 47 36 32 8 39 21 66 151 207 91 175 157 168 182 154 100 50 16 31 37 2 53 5 39 33 46 74 5 55 175 165 55 20 79 59 55 195 94 145 255 211 233 114 42 39 47 61 41 43 85 59 55 52 50 137 93 106 65 75 65 83 188 141 0 75 117 68 131 244 228 78 26 43 77 4
64 72 116 125 156 42 45 106 57 61 32 33 165 159 97 129 217 165 122 102 82 104 163 56 0 111 85 86 57 124 120 157 152 150 55 84 81 116 157 151 99 35 0 0 13 18 37 21 26 23 17 51 0 9 102 128 57 47 17 68 49 167 87 117 168 135 122 130 45 111 156 98 98 116 0 67 90 117 124 164 65 114 74 35 66 64 166 183 179 215 161 51 81 149 164 105 38 37 84 11
124 117 134 119 80 39 84 99 46 72 80 156 206 179 134 181 219 173 113 157 123 128 225 69 39 64 10 71 64 98 118 213 91 41 16 42 72 87 103 100 56 28 26 24 14 13 4 14 20 37 22 41 18 15 40 52 55 23 0 10 0 38 12 103 70 94 83 13 91 147 117 128 153 105 36 35 106 156 134 101 59 95 67 37 24 40 132 200 230 255 148 32 69 103 133 181 78 60 161 156
144 75 72 142 100 83 110 103 83 91 88 159 117 108 123 139 89 78 43 87 62 89 187 136 96 57 14 32 36 77 122 230 127 64 73 71 81 64 50 29 12 14 21 28 28 10 13 23 10 35 35 45 32 33 23 30 49 50 2 32 70 24 39 79 64 166 161 0 68 82 72 156 145 86 65 0 104 161 124 107 78 143 108 46 25 30 49 143 206 176 82 62 60 20 37 119 99 123 230 241
59 21 67 152 54 96 133 49 90 119 55 96 90 98 86 57 73 54 46 49 71 144 152 179 69 23 56 54 52 59 86 189 134 95 114 82 65 46 33 0 13 17 4 17 45 9 24 10 30 29 31 41 29 31 10 20 9 21 34 20 72 54 16 66 38 151 68 69 28 78 138 56 113 136 10 0 105 97 75 62 80 112 140 64 8 42 73 94 143 116 83 88 35 43 67 41 124 207 255 210
47 0 80 75 17 102 96 69 99 87 38 84 55 69 110 76 81 98 119 91 93 148 67 250 138 39 93 152 123 105 64 125 69 80 26 37 33 14 11 37 36 18 4 4 6 5 7 14 28 34 33 22 14 12 11 7 11 0 42 3 54 45 4 31 18 66 32 70 101 134 153 137 170 136 66 45 96 68 81 26 61 101 104 93 44 89 89 88 81 82 86 109 49 92 108 48 141 255 235 148
160 59 74 44 12 78 99 76 91 45 67 78 3 21 88 97 94 147 131 69 17 6 72 212 223 97 128 201 164 166 115 128 56 92 73 25 42 44 11 0 18 17 19 24 25 22 20 21 18 22 21 16 13 16 17 15 2 0 21 10 34 52 27 62 52 143 111 73 168 181 128 185 211 143 90 142 177 128 129 85 84 109 137 80 25 102 89 71 85 45 50 47 55 52 98 80 96 119 164 159
247 206 176 114 17 59 96 97 80 30 110 121 111 95 71 93 253 235 120 128 47 61 123 54 108 35 98 90 0 102 138 108 53 124 142 43 52 55 17 7 14 25 35 39 39 39 36 32 17 19 19 16 18 24 27 27 44 39 25 26 0 20 2 28 19 107 170 128 189 220 180 99 208 216 33 163 191 76 146 39 47 52 80 54 21 87 111 74 118 50 46 20 73 68 138 163 68 20 85 116
201 255 248 231 58 64 81 127 53 15 155 166 178 152 146 196 246 255 62 12 67 63 58 109 59 203 226 83 104 151 40 91 65 136 140 54 47 36 10 23 12 20 22 17 17 24 25 19 17 21 23 21 19 22 28 33 22 24 4 23 0 20 25 36 23 63 167 136 81 112 247 126 60 103 92 97 81 62 13 33 82 65 53 105 72 39 101 59 69 14 87 133 161 112 140 183 109 85 102 126
154 214 163 164 31 17 51 131 116 79 255 217 102 44 131 182 190 121 53 112 93 186 87 75 92 134 208 127 163 182 54 49 98 149 102 64 53 42 20 22 22 22 14 6 9 19 20 13 10 18 24 23 15 13 21 31 48 46 29 31 13 7 12 0 27 32 84 103 119 70 145 107 65 65 45 69 61 61 50 33 40 36 53 157 128 46 109 111 104 6 108 132 104 33 127 239 132 137 146 226
108 162 111 61 37 26 83 125 88 63 187 127 70 24 79 106 91 71 123 124 109 226 112 61 56 75 137 115 160 149 43 42 99 146 95 76 50 43 32 21 23 19 13 12 17 23 21 14 8 16 25 28 21 15 19 29 34 37 37 28 37 22 28 16 20 53 70 48 101 51 50 133 174 65 65 97 58 33 78 64 18 43 94 150 106 35 38 90 129 61 196 111 56 0 109 191 122 77 80 206
53 128 132 97 138 91 106 115 58 51 93 6 73 62 28 55 44 53 123 27 183 166 138 74 19 92 47 28 61 74 57 103 65 83 74 55 28 14 11 11 6 2 1 6 9 8 7 7 13 16 24 32 29 21 17 20 22 33 36 15 28 19 14 21 45 65 62 46 77 91 72 87 168 30 72 92 121 81 58 16 35 85 97 112 83 50 30 99 131 108 240 117 80 35 96 120 117 64 14 0
96 111 95 114 151 47 22 79 56 90 175 62 94 80 24 61 95 51 8 59 145 101 109 104 69 122 42 97 66 77 96 67 66 25 45 32 33 12 1 10 13 7 8 14 13 8 11 21 16 14 18 29 31 20 9 4 11 28 25 0 4 6 0 17 33 61 51 81 37 45 81 53 110 68 133 84 163 114 55 34 62 123 56 78 84 70 73 132 112 80 185 141 136 95 68 95 117 193 175 10
131 131 58 60 75 22 24 55 78 100 193 56 89 99 88 76 32 21 26 120 96 111 94 46 146 81 118 119 131 121 76 40 104 64 66 46 37 14 12 20 26 21 18 17 11 6 10 19 25 19 14 14 18 18 12 6 7 31 40 24 9 10 12 8 19 63 67 140 75 47 94 16 68 92 175 29 166 132 103 98 90 120 39 92 40 81 50 94 91 86 164 203 158 116 146 87 60 146 181 84
127 102 96 28 16 60 20 70 117 29 125 59 70 109 153 34 3 31 146 123 120 117 80 39 100 66 95 150 163 97 94 28 87 85 100 54 31 24 31 28 29 25 23 22 16 11 13 21 24 20 16 17 20 19 12 5 11 28 39 32 23 23 25 23 18 35 99 253 255 95 77 79 32 0 111 43 99 113 212 191 74 115 139 148 29 97 80 126 122 131 134 186 156 139 143 74 5 61 40 0
27 5 29 70 53 45 39 70 92 37 135 69 77 104 121 50 33 94 114 112 205 125 203 97 40 72 106 124 109 82 127 43 33 28 68 68 65 39 24 15 24 23 24 24 19 15 17 23 27 25 24 28 32 32 26 20 13 20 25 24 17 10 8 9 0 37 107 193 241 78 87 187 138 19 86 76 80 82 253 251 29 141 235 144 98 222 219 224 191 157 75 155 134 114 82 27 87 113 39 30
199 101 16 34 47 58 114 76 13 47 132 63 71 75 20 65 3 40 114 198 205 219 64 68 77 2 42 147 116 48 72 109 77 31 25 5 5 0 18 38 13 16 19 19 17 15 17 21 23 23 25 32 39 41 38 33 25 19 19 22 18 9 7 13 4 21 24 19 120 65 72 151 148 91 100 24 77 111 232 197 134 245 249 81 88 77 130 251 182 95 7 93 123 171 125 49 68 96 42 22
232 105 136 102 86 75 62 69 63 67 77 81 44 46 34 113 32 50 93 138 197 174 77 35 95 43 33 118 100 107 84 55 42 44 64 25 11 13 21 13 11 15 18 17 13 12 13 14 11 11 13 18 25 28 28 26 16 6 4 13 17 16 20 31 41 33 38 63 160 122 57 83 94 58 82 33 110 50 73 75 103 248 171 72 118 25 74 198 138 53 24 41 83 207 162 34 16 69 88 48
189 45 93 80 103 101 46 57 81 96 64 151 77 16 47 111 35 42 76 40 120 168 126 47 195 127 34 112 91 80 86 70 63 44 49 16 15 22 35 34 18 23 24 18 13 12 12 11 9 7 6 7 10 14 15 16 12 4 2 9 16 19 27 36 35 31 53 110 178 136 43 48 60 46 59 0 38 33 92 99 130 159 37 141 182 37 68 222 212 161 204 155 103 163 120 28 72 121 168 141
113 140 121 64 40 88 115 87 105 92 34 89 64 46 88 140 91 78 146 5 86 93 181 104 246 185 93 96 83 78 107 119 94 40 28 9 18 13 16 19 20 26 27 20 15 15 16 15 18 14 9 6 8 12 17 21 31 28 27 27 29 32 37 41 51 41 22 47 131 127 59 54 101 67 57 96 92 60 95 85 35 86 38 134 162 64 61 153 164 168 255 244 152 129 93 74 173 168 150 169
8 133 120 94 40 97 146 139 115 40 54 100 163 237 193 132 113 97 80 40 65 57 159 73 195 186 169 74 100 164 147 112 43 33 44 12 15 26 30 14 16 23 24 18 15 19 23 22 23 18 11 8 9 16 24 30 26 29 29 28 29 32 34 34 15 34 14 0 62 46 25 65 111 100 24 96 104 127 150 88 51 67 37 48 142 84 55 113 28 88 190 237 202 194 156 138 210 147 47 110
31 11 27 152 42 56 133 212 185 69 115 240 252 250 216 75 97 87 104 72 82 31 134 84 83 120 112 101 108 113 114 89 40 27 25 9 20 35 13 17 18 19 17 11 10 16 20 22 22 3 4 36 16 28 23 8 19 5 9 21 25 21 19 32 38 16 49 14 34 31 19 62 97 116 59 3 131 196 157 71 70 81 0 62 147 188 191 157 38 77 153 185 139 178 96 58 122 113 25 74
70 68 27 119 64 59 107 232 206 81 213 178 179 131 108 35 133 216 191 61 83 51 122 110 64 41 98 106 85 65 88 80 55 18 8 8 31 49 17 0 14 18 17 13 15 23 25 22 26 14 17 25 16 19 16 28 15 17 20 8 17 38 33 23 23 60 34 15 70 85 74 56 84 89 86 112 143 154 54 12 61 82 45 87 132 189 225 142 42 93 136 212 80 71 35 0 62 87 95 118
0 121 43 43 84 133 115 179 142 0 236 193 91 36 101 40 127 130 100 69 141 47 43 84 34 89 146 76 103 144 147 112 66 21 17 30 43 57 39 18 17 25 24 18 21 35 41 37 28 17 20 7 29 19 0 30 37 32 44 33 16 10 7 29 46 22 29 50 53 106 104 51 11 63 80 136 116 138 72 34 49 39 58 117 122 141 208 117 35 95 116 181 69 86 82 51 36 92 194 107
8 56 39 86 83 118 110 87 76 105 111 99 42 30 0 79 59 35 79 128 186 117 97 87 12 79 117 98 134 125 86 60 59 23 25 28 5 1 8 3 9 21 24 13 11 24 35 37 25 14 19 10 68 50 10 42 33 16 36 35 24 15 9 44 58 12 135 142 67 151 107 100 178 120 67 142 173 94 91 102 33 28 87 143 110 61 132 58 116 150 153 153 73 105 74 57 52 109 149 55
32 78 53 90 99 84 73 95 77 80 70 0 55 30 58 56 46 14 52 88 128 143 153 88 64 91 85 101 41 39 142 218 58 25 20 27 7 7 30 27 16 33 43 33 20 18 26 32 26 22 31 36 96 73 41 76 71 50 56 37 52 79 46 35 42 29 150 154 149 246 100 84 178 225 221 72 145 121 164 116 50 60 77 79 73 71 201 180 83 141 172 233 135 181 135 66 27 115 40 94
50 131 136 101 55 76 116 95 74 52 62 69 105 127 102 155 205 142 81 57 59 77 109 74 29 94 37 40 0 14 68 87 46 15 0 9 16 25 44 31 26 41 56 54 34 15 14 22 33 37 41 55 72 39 38 75 51 20 30 9 13 30 0 3 0 43 155 189 140 159 108 163 87 166 255 74 163 148 174 165 91 90 68 70 98 79 154 120 27 118 99 203 87 219 232 63 55 156 44 88
89 175 162 106 66 41 75 102 83 26 46 45 108 95 47 125 222 227 162 85 7 11 66 29 53 83 0 32 121 139 72 12 68 65 42 40 34 26 39 32 23 23 32 36 21 0 0 13 39 42 32 66 39 0 24 45 23 0 35 25 14 21 15 75 55 67 99 165 132 103 126 219 102 83 117 52 132 95 71 61 61 66 38 61 121 153 255 253 30 98 3 36 0 144 224 89 54 101 55 19
108 131 139 107 39 25 98 99 65 36 44 48 150 157 74 49 83 94 95 117 52 51 105 33 71 110 93 73 107 154 137 71 24 67 67 53 23 0 30 50 37 22 18 26 19 3 11 34 41 36 18 77 37 3 35 33 45 42 82 48 37 73 75 122 68 81 20 49 112 88 68 176 158 117 41 83 95 50 64 54 87 146 114 52 37 100 252 255 105 144 74 42 49 70 102 80 28 41 131 198
89 171 154 141 82 52 132 120 74 65 88 79 185 171 135 84 50 51 27 83 54 111 106 63 80 101 149 96 39 65 95 51 48 52 44 42 13 12 15 40 32 46 24 29 18 29 15 34 52 41 34 54 28 3 47 39 65 98 102 52 34 78 51 70 17 117 76 45 75 78 25 60 88 64 65 62 73 66 104 114 141 197 160 61 124 139 115 162 189 251 135 82 107 59 114 121 99 36 154 212
77 190 164 171 110 82 132 106 65 75 121 40 60 77 76 98 125 97 143 125 44 92 76 64 88 70 134 95 59 92 99 61 136 193 82 29 15 15 40 25 23 24 30 42 24 20 29 52 42 43 46 69 38 42 26 21 59 110 63 38 70 139 118 143 76 248 179 100 33 100 24 32 0 38 85 46 49 60 131 108 92 141 63 44 174 255 194 125 253 208 88 86 95 62 141 168 206 158 91 161
121 161 79 122 103 70 86 88 0 34 133 127 129 90 58 55 36 99 224 206 81 25 19 93 136 81 105 63 59 150 159 145 217 179 65 40 32 57 17 20 0 23 49 26 17 21 29 2 15 48 62 38 29 81 39 24 47 93 37 2 56 190 224 255 149 244 146 109 70 174 57 51 125 106 73 87 95 161 191 135 60 62 53 100 71 191 212 81 116 30 123 164 86 27 107 116 254 244 81 103
109 114 47 53 46 24 73 170 78 68 87 113 129 42 68 47 102 231 178 114 90 123 190 234 255 143 68 71 19 41 77 221 122 66 90 36 44 56 63 24 52 30 36 21 35 0 44 97 36 52 83 92 110 97 38 42 61 93 212 124 209 248 255 240 255 243 189 101 107 148 41 61 37 11 75 53 101 82 190 155 7 153 143 125 67 39 0 55 72 124 53 12 13 30 38 51 169 196 114 62
74 81 67 11 33 51 120 249 141 138 136 87 82 14 90 83 64 221 147 122 58 66 145 181 207 158 9 38 3 68 87 214 253 181 92 74 31 28 56 25 14 60 92 68 115 71 60 68 16 56 48 80 115 145 95 84 152 149 255 212 229 247 154 181 255 225 255 55 163 202 157 153 154 68 81 27 90 92 165 103 61 156 176 112 37 38 39 100 138 199 151 254 95 125 198 138 85 128 130 115
92 57 57 18 65 56 101 226 223 240 250 85 38 28 58 55 74 76 60 137 61 65 96 105 156 134 0 89 53 93 59 139 127 88 40 91 115 95 18 23 65 94 123 102 109 37 82 186 160 80 13 144 139 91 29 125 187 172 217 255 255 238 107 180 238 207 245 14 173 200 156 110 189 98 74 92 105 147 96 43 119 187 213 114 57 85 67 46 128 59 134 244 176 158 131 59 27 68 50 130
107 64 67 101 126 42 57 167 182 199 217 124 112 132 83 70 151 110 107 114 33 110 141 75 66 128 87 109 9 83 66 75 58 105 199 72 110 55 12 4 65 60 52 14 41 57 98 110 80 53 77 166 168 133 72 139 210 166 219 225 240 105 191 188 211 249 255 144 212 180 107 108 217 115 128 78 120 139 96 60 112 158 138 65 44 74 78 75 182 114 229 146 178 163 50 0 120 166 121 185
120 89 73 176 224 130 87 103 75 54 19 52 85 96 39 46 108 118 127 97 35 124 208 157 111 110 103 106 1 86 80 58 49 154 198 142 54 47 66 81 31 65 131 107 45 12 42 37 12 75 219 197 241 255 240 253 255 237 243 255 128 0 233 157 146 255 228 255 253 204 91 125 103 104 165 60 51 114 77 60 77 78 31 55 64 57 63 80 174 139 202 159 103 76 58 69 136 201 191 173
84 77 69 202 255 133 106 99 65 63 61 41 67 65 133 173 136 186 244 164 69 65 129 166 133 154 167 30 63 126 39 80 124 109 17 132 83 48 85 83 85 152 210 184 68 11 67 127 117 123 249 255 234 255 215 248 253 208 255 238 69 67 248 200 230 237 252 255 232 244 145 154 35 38 141 186 144 89 84 20 39 99 70 162 229 118 46 28 50 6 38 52 73 102 55 30 22 84 125 130
94 65 118 89 138 51 77 87 86 71 132 19 35 36 168 208 98 112 176 185 118 40 37 131 141 122 174 53 114 182 69 154 226 202 112 19 151 170 80 21 120 186 200 135 53 112 127 127 78 70 212 255 236 178 166 179 159 123 189 214 156 80 255 255 240 231 255 240 232 178 177 203 148 48 123 229 225 128 57 13 38 135 145 194 255 180 53 67 15 73 75 59 167 151 61 34 91 140 148 116
143 108 152 62 135 81 137 125 94 28 120 24 144 101 209 255 110 93 76 67 127 76 38 91 118 87 125 132 170 208 81 190 226 194 219 120 234 236 225 145 150 223 249 248 116 98 103 159 141 57 75 85 174 255 235 170 51 23 190 200 255 41 200 254 241 227 240 239 149 46 101 179 220 54 84 54 136 97 97 57 62 166 126 93 236 163 26 38 0 144 109 179 187 109 43 131 237 232 178 133
73 24 118 20 94 120 87 168 117 158 196 30 192 192 238 232 97 99 146 118 135 116 173 87 80 81 71 139 142 113 62 87 14 250 239 255 193 255 248 162 196 237 216 255 237 253 255 248 247 243 192 136 239 211 240 244 140 164 254 221 255 219 248 247 255 250 105 130 31 115 118 86 134 48 59 34 36 54 27 40 137 185 84 73 148 73 31 67 15 66 221 24 111 48 106 131 153 250 245 151
91 49 44 67 238 238 100 60 36 181 225 95 141 110 134 142 119 189 174 145 142 71 143 108 110 131 112 147 141 103 144 98 164 250 230 255 253 209 240 244 238 255 255 241 241 255 251 245 234 219 248 233 252 129 255 183 253 250 245 178 213 199 255 247 241 253 141 189 37 87 84 80 96 128 182 109 67 50 28 36 46 73 50 111 36 7 63 161 106 80 153 148 182 84 155 168 68 58 43 58
143 117 116 33 128 118 33 80 53 198 255 193 124 89 81 32 58 102 62 98 73 26 94 55 79 71 42 126 67 80 81 127 237 223 255 178 255 255 237 245 238 182 255 238 255 247 201 255 241 248 255 247 248 201 225 251 252 205 95 235 252 250 254 255 219 215 166 98 23 57 114 89 83 150 229 100 126 40 104 91 41 106 153 88 50 20 26 89 152 111 29 34 70 92 86 109 83 95 87 69
86 151 139 88 90 17 79 141 116 97 150 198 181 127 98 92 109 151 103 58 47 24 119 129 123 91 30 137 66 88 35 192 239 255 255 79 250 247 229 255 191 158 223 181 234 236 223 255 227 154 203 247 227 250 183 255 241 250 223 243 255 195 197 182 121 51 85 52 82 59 99 96 51 112 156 205 238 98 126 152 37 114 148 26 66 52 32 40 184 211 8 7 80 112 54 17 67 56 83 121
14 46 46 111 146 112 162 182 77 52 108 132 188 165 95 72 51 37 121 68 65 51 198 152 138 120 58 75 98 94 93 255 255 255 172 201 219 246 255 234 235 219 204 195 255 244 255 239 189 186 248 255 248 225 255 210 252 251 255 155 150 123 110 156 105 39 82 51 80 75 45 20 18 84 102 171 245 92 128 117 29 56 51 70 0 32 83 107 222 255 155 103 143 128 28 79 125 41 21 66
13 92 65 55 178 127 134 108 108 108 126 126 252 255 231 221 110 14 125 135 108 50 146 84 70 40 26 31 69 5 109 122 248 245 202 248 245 250 255 184 240 254 235 255 252 187 164 221 255 252 255 255 189 243 250 199 166 119 103 87 62 81 148 187 192 133 124 11 92 111 32 33 42 56 39 35 123 60 58 88 51 92 38 24 14 24 63 139 255 247 120 40 52 62 145 184 146 90 112 87
43 171 116 64 216 115 65 39 91 97 122 72 105 194 224 193 125 34 137 229 166 69 142 65 32 86 32 94 66 26 73 52 251 255 246 244 240 255 198 141 173 243 255 244 154 75 94 187 255 254 224 211 74 176 9 74 52 161 98 36 11 103 135 169 209 142 88 59 82 127 89 85 112 5 50 76 68 110 110 48 53 33 38 72 40 61 50 95 229 193 68 36 78 56 146 183 85 115 118 118
12 101 103 54 149 76 96 22 61 124 237 196 78 146 151 76 86 78 137 236 163 70 115 58 92 104 132 78 1 120 9 7 203 206 224 237 255 225 200 242 239 255 243 241 237 243 239 244 239 255 246 134 50 139 105 30 135 181 139 112 44 131 166 139 212 146 120 139 106 118 67 90 121 21 95 97 77 161 136 58 64 61 65 155 81 105 148 114 136 145 119 171 174 12 77 131 89 118 64 136
89 40 84 93 103 35 173 156 254 195 235 237 54 54 62 74 60 43 92 179 106 65 92 36 30 189 255 195 27 78 111 64 54 156 247 241 231 167 222 251 115 213 244 244 228 247 255 255 255 168 100 70 64 7 109 69 113 153 74 31 128 80 10 91 112 99 63 72 185 173 7 108 199 130 151 165 157 142 99 64 110 145 82 205 231 158 87 96 109 135 147 223 245 77 140 171 195 213 151 240
107 83 98 68 72 33 141 170 226 171 128 131 52 111 69 16 104 89 77 122 147 98 2 28 84 115 237 206 73 120 122 85 91 167 255 248 167 150 217 245 216 255 255 255 237 181 98 51 45 41 42 12 186 150 133 148 89 52 67 41 105 81 31 43 90 63 49 64 99 181 140 191 248 131 53 161 103 42 65 61 54 58 92 164 178 143 72 127 40 81 112 162 214 114 143 112 159 238 246 255
202 187 137 46 26 26 59 116 161 91 0 70 99 113 74 79 131 149 154 145 155 161 30 84 91 27 95 148 41 46 77 108 131 97 186 255 187 255 224 244 251 254 211 221 195 106 32 45 91 105 68 38 188 186 69 129 92 30 60 67 57 96 57 4 27 89 70 118 14 107 169 157 169 131 28 178 96 88 125 106 54 92 105 129 142 57 110 247 133 67 33 20 62 23 57 78 135 201 244 231
94 67 105 158 124 83 14 114 160 181 88 99 117 82 83 119 101 86 221 240 53 173 152 112 47 7 54 109 58 45 62 101 98 40 88 124 82 239 232 249 250 255 208 210 197 119 65 115 160 185 97 150 84 156 6 4 82 64 41 69 30 66 48 13 35 72 70 186 69 120 184 102 111 154 87 162 124 142 121 65 54 27 23 151 191 6 144 196 218 82 45 18 53 47 46 110 185 159 167 206
31 69 130 181 142 137 17 122 171 255 203 186 168 69 89 140 68 85 219 255 24 124 82 70 78 67 126 67 75 90 44 46 76 28 69 74 1 47 137 224 213 230 163 185 241 186 57 17 36 37 64 96 44 149 79 38 43 102 65 77 30 46 91 90 102 111 30 80 94 99 152 227 212 143 70 44 59 93 95 43 34 89 89 118 211 39 100 56 119 82 150 99 76 81 54 128 183 115 91 173
69 49 68 133 88 88 7 51 77 151 112 127 167 60 68 141 123 118 198 138 118 135 2 96 86 66 138 136 84 54 23 49 125 94 49 83 57 13 45 153 79 117 67 132 161 120 44 44 49 31 45 103 141 118 48 122 117 47 111 94 79 72 128 152 148 97 0 18 56 0 97 255 255 167 41 54 34 53 101 47 25 114 203 69 100 111 23 39 39 73 56 124 155 131 69 95 103 143 133 71
175 112 48 83 90 96 22 44 73 60 26 5 74 36 80 170 124 135 82 98 149 173 15 127 67 50 55 191 106 138 75 111 191 133 33 85 80 101 12 96 97 65 88 28 88 54 46 165 165 77 90 87 189 76 33 114 119 98 93 126 123 94 92 137 125 60 8 102 89 0 92 230 244 190 127 129 96 67 87 20 17 28 35 118 11 142 52 76 55 30 4 133 220 184 72 103 63 224 233 42
179 144 93 96 75 65 67 77 84 72 55 50 117 104 206 250 147 82 63 180 87 159 102 45 0 99 60 79 94 241 175 48 97 96 53 131 112 163 24 143 189 42 43 46 82 52 55 129 106 55 89 23 176 152 111 0 43 117 67 145 184 136 34 54 52 14 20 154 102 14 83 137 151 156 119 63 63 124 69 40 65 68 66 168 34 177 122 29 77 45 83 25 170 98 75 53 29 246 255 3
192 128 96 120 69 12 98 132 94 16 101 128 152 125 109 146 52 117 93 157 121 136 61 35 39 89 63 57 163 197 133 47 64 116 162 203 156 150 54 159 109 7 91 134 94 82 80 102 110 38 33 36 145 247 255 81 90 92 57 102 96 136 118 59 25 47 79 143 74 8 75 64 80 189 0 120 152 113 113 84 109 88 27 104 145 32 8 89 77 86 99 107 26 28 11 117 128 101 184 89
80 134 136 124 108 83 190 195 132 24 56 197 204 112 66 49 18 83 113 117 127 87 66 118 100 94 88 102 144 150 91 61 111 148 209 173 177 151 156 163 146 80 255 164 28 41 38 50 54 23 9 90 99 160 183 44 14 42 38 33 72 79 56 37 37 75 109 103 68 12 99 113 41 83 53 128 155 197 135 200 67 73 33 73 90 13 81 158 89 28 58 87 93 155 148 135 97 44 103 70
55 196 179 111 130 109 163 140 154 33 64 142 157 171 97 81 85 80 154 112 110 35 93 231 201 59 44 91 85 73 72 70 85 113 147 46 80 77 179 143 113 39 225 255 71 110 136 74 87 96 49 72 66 89 106 80 45 40 58 73 91 45 43 80 118 102 122 119 154 90 132 167 65 100 143 109 77 118 156 168 99 92 57 76 65 34 138 219 91 0 15 86 93 155 173 163 188 233 255 200
123 123 57 51 97 69 138 162 157 101 57 76 109 157 144 59 130 90 204 159 101 79 170 244 215 84 29 21 50 52 103 68 18 63 81 21 47 62 167 186 148 100 151 233 43 58 126 99 60 30 24 54 76 70 51 134 82 106 55 137 179 77 18 123 155 104 104 89 138 92 55 54 84 156 148 163 127 38 161 131 225 119 93 58 37 36 165 184 53 52 57 91 81 190 218 189 241 207 248 255
118 85 55 46 28 52 192 200 185 96 48 51 123 165 125 29 92 75 209 185 129 197 255 197 156 153 58 30 70 89 130 109 23 44 22 28 27 11 15 67 44 109 133 94 66 33 13 66 39 4 74 103 91 100 25 109 120 117 30 196 202 111 41 107 143 118 119 60 77 84 30 4 103 217 151 140 133 37 101 64 192 118 51 0 55 35 63 95 82 118 122 153 62 46 35 59 170 255 249 149
76 93 216 119 68 73 194 168 166 104 54 31 134 190 144 91 90 69 133 177 132 220 251 122 115 168 102 95 114 56 112 122 63 77 46 64 99 97 46 56 40 165 187 77 186 212 138 160 108 51 180 148 142 110 35 52 120 123 31 246 244 126 72 77 92 103 114 111 49 90 100 24 88 162 100 20 68 73 26 73 96 98 12 41 109 73 51 34 72 145 126 182 134 135 86 65 108 55 30 127
22 87 146 127 94 78 119 62 103 78 83 33 133 183 173 161 93 106 77 74 85 165 169 68 119 182 152 84 106 58 105 92 51 134 96 59 72 47 77 66 12 99 87 31 225 240 213 207 214 101 128 136 124 93 64 44 123 138 83 170 184 165 91 50 47 44 97 70 4 64 129 97 58 38 30 65 62 112 68 116 84 93 37 126 121 107 62 73 79 115 71 107 132 132 43 41 84 86 129 164
110 132 40 30 52 92 82 5 79 60 0 72 149 135 144 164 84 107 53 20 61 104 76 93 160 191 192 26 134 61 93 47 23 170 186 137 93 41 157 93 63 77 54 47 102 163 164 168 250 181 106 61 22 56 121 37 130 137 82 51 71 123 119 88 25 51 72 9 86 123 120 173 149 84 138 81 67 61 72 88 94 77 21 57 96 64 103 63 60 64 3 23 101 137 47 47 26 35 88 91
178 73 41 89 105 172 154 51 60 60 46 120 135 38 72 172 137 125 96 62 91 105 5 19 87 194 194 79 50 48 23 54 24 128 154 123 66 63 205 91 55 9 35 70 16 46 29 137 237 142 83 146 113 14 70 55 80 109 125 129 135 94 69 6 26 12 190 149 79 72 136 159 51 68 189 96 130 30 64 87 175 137 57 69 161 60 140 74 64 112 86 136 127 102 53 119 111 81 64 61
81 0 27 44 119 120 52 103 131 42 118 41 148 94 56 92 78 95 93 80 55 96 103 73 0 77 114 111 25 133 121 101 124 232 230 135 26 32 95 17 43 105 107 20 43 63 25 75 226 179 90 65 78 52 96 50 46 41 103 99 102 79 58 33 62 48 149 115 131 80 54 80 127 120 122 110 110 16 55 157 255 192 84 141 171 63 39 70 114 177 108 245 239 127 3 69 54 62 64 86
50 51 64 0 91 107 10 99 94 47 99 13 72 52 28 32 18 64 64 115 7 0 131 97 55 55 110 106 3 112 189 80 46 199 199 85 11 41 30 47 91 130 48 37 110 113 154 205 177 181 103 46 68 96 100 32 111 98 226 151 98 129 63 78 96 87 65 29 108 82 52 94 159 122 100 181 159 78 73 123 192 121 67 117 150 125 6 73 67 197 90 226 255 183 34 82 124 121 69 32
66 69 103 92 82 188 133 10 77 110 59 110 63 47 67 62 41 71 108 245 147 50 127 70 133 73 3 75 3 121 176 81 41 114 108 50 36 80 47 104 103 138 31 27 88 126 197 182 65 95 40 36 23 84 73 13 111 89 235 172 98 162 68 98 136 152 72 47 97 101 94 96 75 75 121 173 151 65 41 41 76 52 80 111 202 235 150 149 87 159 36 139 219 249 144 133 111 128 66 87
102 120 48 94 71 195 157 13 45 80 22 110 62 63 79 52 26 66 157 255 176 74 63 22 119 97 5 74 71 73 149 164 78 92 147 140 61 35 19 91 91 135 83 15 147 114 114 54 43 52 0 81 46 121 112 67 129 40 97 83 33 104 33 63 156 233 159 144 133 110 80 29 19 74 148 160 104 23 0 66 71 72 70 106 160 192 205 191 109 82 10 98 105 153 134 138 75 135 98 236
137 120 30 17 40 98 82 88 65 4 10 16 82 204 177 80 96 97 71 97 113 71 54 31 63 64 84 64 108 76 144 177 154 58 174 116 42 16 33 104 116 115 135 67 88 109 126 80 45 72 67 170 122 132 128 80 125 25 70 97 91 114 31 32 125 167 161 186 171 99 35 52 68 89 87 103 72 73 50 99 55 107 134 100 75 110 138 108 26 32 57 104 12 68 120 163 115 135 138 163
89 29 25 53 34 118 188 159 116 73 49 47 90 237 227 168 220 151 59 46 124 107 34 60 5 0 41 88 104 62 124 118 97 58 82 75 65 12 72 143 150 113 90 27 13 49 118 115 46 22 84 201 189 128 104 23 73 52 90 147 167 146 77 35 92 54 81 153 150 104 59 108 151 95 49 49 36 59 57 112 67 128 255 112 53 137 79 104 10 101 141 155 60 91 123 155 73 99 69 84
65 14 49 49 10 199 250 142 124 110 80 88 0 66 50 79 182 125 68 0 126 83 0 114 80 32 35 115 92 101 115 37 59 48 50 92 119 64 87 92 160 100 99 44 18 49 52 44 124 64 124 228 255 180 188 74 61 63 79 139 169 114 56 54 123 35 87 141 77 48 48 120 149 117 143 171 69 48 8 100 47 112 162 158 1 77 0 155 57 102 104 114 41 77 98 64 37 155 201 235
77 106 77 161 67 103 162 108 92 16 78 100 144 150 160 91 63 16 121 33 35 6 92 230 202 80 9 67 25 76 90 74 78 31 61 83 95 118 130 124 73 99 206 124 59 57 39 109 107 5 82 98 183 220 182 143 70 66 55 82 105 88 29 96 142 55 110 168 111 113 97 73 162 160 62 194 93 46 62 56 34 33 36 43 141 139 172 186 106 84 106 148 60 83 133 70 46 153 198 214
126 93 124 183 179 196 68 11 86 32 56 52 23 105 171 126 128 105 137 60 62 45 66 153 140 126 139 91 52 61 41 17 36 22 87 130 127 127 86 90 96 99 134 96 116 77 20 49 88 79 6 51 126 155 168 129 67 90 46 95 113 105 34 80 91 69 143 242 231 242 203 100 66 93 87 139 53 74 115 128 59 59 39 77 189 243 191 163 120 77 86 102 24 35 101 73 100 162 169 112
88 32 103 157 185 166 139 195 148 67 73 55 19 24 82 56 58 94 117 111 44 96 95 160 54 98 154 41 71 58 104 124 116 120 71 125 154 115 78 111 165 163 95 119 164 111 117 138 118 139 15 56 92 94 101 108 57 88 34 194 227 143 95 103 36 43 85 184 216 232 206 148 113 154 159 131 99 112 173 110 82 34 0 80 198 223 125 86 104 108 89 33 4 11 52 86 130 193 208 100
122 102 144 96 77 104 101 249 186 89 11 91 50 44 36 109 20 91 70 58 38 127 89 190 73 79 99 99 132 28 74 156 167 182 72 122 160 145 143 173 255 247 132 131 94 92 122 149 81 135 4 54 75 32 111 117 62 72 39 201 240 134 157 175 89 61 28 85 176 209 161 163 255 207 178 77 45 86 116 103 101 126 77 104 137 136 91 45 29 93 127 55 46 33 35 94 149 163 159 77
45 83 45 190 194 101 30 175 195 99 10 98 153 123 103 192 82 109 137 95 45 105 65 119 47 153 172 255 235 123 85 90 118 154 92 113 95 124 149 158 215 211 154 127 18 82 43 43 46 65 39 17 32 15 69 101 92 92 67 85 91 44 118 142 102 94 52 52 124 133 46 99 143 111 23 43 5 22 76 86 158 178 152 147 154 173 121 94 85 82 116 63 79 72 33 42 79 70 83 71
70 217 196 255 238 146 53 106 93 106 74 48 186 68 44 123 79 117 160 65 26 124 71 56 14 134 156 187 218 156 119 65 68 126 163 49 52 66 104 75 104 95 84 78 55 187 31 40 76 69 37 7 29 13 20 57 76 93 57 46 65 44 71 71 64 81 37 52 40 62 63 30 29 61 112 41 50 45 55 90 143 139 104 97 160 223 215 162 140 115 16 103 139 101 43 47 31 39 0 54
84 196 211 224 174 32 83 79 14 34 83 36 100 26 18 5 44 164 81 30 59 133 98 49 56 89 47 36 34 109 95 52 21 22 103 99 69 137 100 42 79 161 89 44 115 190 0 73 35 127 66 44 93 35 54 36 68 135 119 85 88 119 93 87 123 92 38 35 42 123 132 69 70 171 211 56 175 76 45 105 126 70 98 23 111 190 214 150 145 93 48 70 127 113 46 59 59 7 50 43
52 77 99 173 158 34 70 33 53 85 16 0 73 54 197 59 162 243 77 63 83 100 99 72 124 150 60 99 67 135 86 63 57 0 64 78 78 92 77 2 93 157 121 120 183 192 46 88 8 194 247 132 148 99 65 70 169 255 230 68 47 103 122 160 255 178 63 32 55 124 149 31 41 127 128 36 123 84 39 98 153 98 132 125 49 107 228 113 44 53 76 26 60 35 30 78 65 66 83 64
105 63 47 60 86 82 128 162 116 58 113 11 83 169 173 123 85 126 100 115 75 71 133 170 237 255 66 121 68 51 54 138 158 70 73 98 117 8 76 84 65 64 94 110 78 97 118 110 72 184 93 218 255 20 137 132 61 174 195 70 15 23 87 217 225 180 98 55 97 103 188 95 100 79 17 33 27 24 0 112 145 101 63 104 18 128 255 104 51 43 136 112 51 59 155 91 71 141 59 154
93 132 186 96 99 133 230 235 94 50 89 21 14 69 150 157 124 86 94 85 90 102 141 126 141 173 31 86 50 46 118 251 240 135 105 131 93 0 141 255 242 100 29 42 81 162 220 108 7 126 156 238 232 90 250 255 145 127 61 40 31 20 50 163 180 169 161 42 95 63 107 53 99 177 107 8 58 97 64 89 157 176 108 30 27 128 155 57 119 78 59 2 48 151 208 146 41 63 59 199
78 128 168 138 120 185 255 180 70 23 59 83 45 98 208 197 137 113 99 63 108 84 125 146 160 159 119 96 26 80 146 228 202 115 160 78 18 23 165 236 237 112 121 170 125 105 207 164 49 53 110 150 101 23 129 104 75 74 109 63 74 0 42 74 129 134 220 32 68 74 66 88 150 224 178 114 191 175 62 0 102 236 218 184 112 96 74 38 158 112 121 34 93 212 138 45 80 69 240 247
69 79 79 99 118 189 176 56 43 16 2 52 33 102 165 133 102 91 75 35 110 82 51 68 124 139 174 152 66 87 83 101 112 76 147 34 17 54 102 63 109 54 178 255 138 24 144 174 121 37 62 99 47 23 112 71 55 56 184 131 127 32 50 30 53 105 255 126 87 88 91 181 88 152 133 125 178 255 163 15 112 254 249 255 135 67 60 11 52 113 155 55 167 255 129 83 110 161 255 220
90 108 131 13 76 111 74 7 1 68 16 39 21 67 89 81 112 120 131 19 51 86 15 15 30 89 127 174 121 74 45 71 118 92 39 28 37 84 58 46 133 78 126 175 113 31 88 80 97 45 100 130 65 63 120 54 62 30 163 238 142 81 30 85 14 60 201 201 151 108 88 129 43 79 57 29 83 209 222 124 150 252 255 109 56 48 89 83 8 82 150 91 195 255 177 63 91 202 68 136
162 113 65 74 57 56 95 27 0 31 44 121 90 59 44 69 142 175 120 35 54 129 74 27 30 34 53 102 100 133 107 80 110 82 13 56 70 97 126 73 191 211 188 171 108 68 46 36 74 74 92 161 88 0 13 8 51 51 153 162 57 72 52 78 0 59 83 129 191 137 63 132 106 103 0 43 64 172 221 161 132 153 197 26 72 104 102 115 44 97 104 132 168 140 116 0 99 249 85 93
172 108 19 152 157 157 106 53 41 0 37 129 89 41 49 70 97 105 65 42 42 142 145 57 69 63 50 15 70 215 187 60 41 75 89 44 107 104 128 94 168 255 251 233 48 65 67 69 77 67 74 101 97 38 73 27 71 96 140 160 46 67 85 50 41 71 46 40 144 77 73 126 184 107 0 4 51 165 255 230 117 33 37 24 99 64 34 67 13 70 45 48 74 95 81 59 113 162 117 166
119 117 106 230 255 182 40 48 89 64 63 28 43 92 123 97 70 58 52 49 36 153 149 79 77 50 11 85 87 185 172 84 45 62 88 63 66 48 199 110 119 182 145 157 14 55 40 48 49 32 36 46 137 110 117 1 49 119 186 250 167 124 152 61 70 76 64 57 107 4 38 54 107 64 29 47 57 112 174 166 130 119 89 55 89 49 57 143 39 100 49 42 69 119 62 62 35 32 154 233
133 79 85 87 238 186 31 27 160 127 86 37 114 69 25 67 54 4 14 3 33 172 96 71 146 96 199 106 81 143 115 46 84 37 92 12 164 217 16 120 82 81 90 75 64 82 67 92 97 71 47 34 152 154 179 94 5 100 222 255 202 98 151 154 192 108 60 72 106 84 139 128 63 84 20 43 93 193 156 64 131 194 139 41 128 134 54 29 29 45 50 148 143 83 72 184 164 3 90 220
119 80 101 57 108 86 41 24 136 232 212 83 150 132 44 16 40 32 94 106 94 164 93 76 104 60 180 166 40 31 87 182 231 175 118 72 125 153 54 158 104 18 88 43 106 134 102 69 51 54 30 15 89 82 123 128 82 79 96 111 88 65 79 165 186 141 110 79 125 115 109 89 54 120 72 86 97 104 87 106 144 165 142 14 77 106 76 70 17 1 27 141 117 27 116 239 136 38 51 95
49 43 71 169 96 121 130 53 58 166 197 112 112 126 97 55 19 37 88 143 78 71 104 46 87 6 226 128 42 22 69 197 147 172 72 68 106 134 189 237 195 15 83 95 143 174 102 27 37 62 51 66 129 95 80 98 99 111 74 84 13 52 31 152 144 186 151 25 99 60 39 68 45 64 68 97 143 67 43 120 95 58 110 61 86 107 120 114 70 58 64 90 58 16 135 153 57 31 26 108
63 57 68 157 69 114 141 114 38 86 136 156 98 94 98 71 58 26 0 66 77 70 148 61 133 64 152 167 98 106 104 147 12 150 104 51 44 79 129 212 156 38 80 124 120 111 57 67 130 130 87 96 198 169 106 86 84 117 83 164 106 117 66 74 106 152 108 46 147 106 85 116 95 88 136 109 143 112 31 58 57 59 95 62 47 55 87 95 78 60 102 133 92 23 100 115 32 152 162 128
63 41 56 9 16 67 102 186 62 42 54 145 78 44 53 69 49 49 29 91 146 103 128 70 138 56 122 146 70 60 73 149 39 181 172 84 49 105 13 97 69 83 82 89 104 87 56 130 179 171 111 97 225 199 114 61 53 89 78 199 167 109 102 25 60 81 43 86 103 44 39 73 48 0 104 157 162 146 24 101 154 200 133 66 45 32 46 86 40 23 83 132 136 92 82 50 71 219 241 170
68 71 36 3 46 58 112 232 130 9 63 47 46 86 134 109 85 65 66 95 147 101 112 28 105 55 83 107 40 60 28 89 35 140 157 119 124 205 43 130 81 80 66 151 121 89 60 57 76 109 75 129 165 131 32 16 10 69 72 102 105 67 101 24 92 35 27 99 93 84 49 84 85 76 162 178 149 167 24 140 221 255 87 134 92 78 99 80 45 19 47 108 121 177 187 123 117 134 139 0
114 189 141 21 15 58 172 170 127 83 73 40 107 168 192 202 139 38 34 80 117 61 44 43 17 53 125 112 85 156 87 31 39 113 156 100 99 178 79 110 66 59 54 142 144 110 65 29 48 37 56 97 120 26 20 61 58 88 110 49 49 46 39 82 105 73 10 30 80 129 55 25 63 54 137 152 186 161 41 175 144 159 82 78 73 53 65 73 34 34 77 187 140 219 222 242 233 55 45 26
135 241 187 124 39 31 121 37 38 5 1 89 195 190 177 233 124 30 44 67 86 97 67 113 38 70 148 87 35 77 63 52 113 106 143 80 77 130 93 66 91 97 89 111 96 94 161 200 141 43 0 0 69 96 162 158 55 96 142 56 75 66 14 125 98 75 37 72 150 247 143 12 108 54 19 70 191 195 56 198 87 61 116 87 115 34 5 52 76 97 149 202 75 135 132 202 246 62 99 146
86 169 86 157 51 46 102 59 60 97 78 80 107 171 150 52 16 0 24 28 28 99 79 136 173 47 47 27 74 124 146 175 211 123 113 66 75 97 80 34 53 86 117 134 113 58 70 51 49 53 55 80 54 163 237 209 109 132 100 21 66 68 80 212 195 85 41 79 112 254 221 71 39 119 83 203 245 234 38 242 137 68 198 190 229 72 12 99 110 145 223 156 21 60 81 145 173 95 125 120
