15 42 57 142 77 9 3 37 40 46 102 43 44 67 87 47 41 84 100 23 80 93 24 76 88 88 102 49 12 18 82 128 90 52 27 13 79 45 69 9 22 22 75 75 62 54 83 105 84 66 104 123 148 110 145 133 30 54 79 58 28 59 89 67 46 43 0 54 39 90 65 24 23 47 126 66 121 8 34 75 85 145 0 60 56 69 110 144 124 86 69 66 44 24 32 54 61 57 60 70
3 26 45 125 95 51 17 35 44 56 106 105 114 129 120 66 62 73 46 3 58 51 11 30 57 59 99 77 14 0 70 113 63 37 46 78 46 55 79 44 142 85 69 45 55 72 95 100 68 77 108 104 97 78 127 128 61 62 66 44 19 42 59 33 22 44 38 73 57 88 93 72 56 43 64 64 79 86 60 53 54 57 40 36 49 47 52 70 93 88 71 51 22 14 41 58 30 12 7 12
48 39 22 54 68 96 86 128 48 34 35 98 132 163 133 72 63 76 49 39 52 9 18 22 88 64 90 98 51 43 124 109 52 40 58 70 19 54 51 25 92 39 35 43 98 133 136 116 50 28 87 179 141 30 30 78 50 62 85 77 45 43 53 42 61 128 167 138 44 10 73 134 103 44 54 88 33 65 34 44 75 32 68 25 37 37 28 15 59 79 53 27 11 22 63 64 57 29 25 32
80 70 49 32 47 94 78 129 118 92 43 102 99 112 79 38 15 27 26 25 19 0 34 40 52 26 40 63 47 62 120 34 46 54 76 15 38 59 40 25 77 63 86 92 126 129 104 74 53 85 89 83 39 49 65 48 17 16 51 105 137 140 113 74 76 79 100 132 100 55 52 82 93 5 35 47 41 71 69 68 105 76 35 30 31 56 70 36 20 46 21 20 40 66 103 91 44 18 24 39
42 59 71 37 32 56 26 71 58 80 62 110 79 85 92 103 77 45 36 15 34 56 79 71 67 42 31 36 28 43 106 47 78 70 103 23 59 50 31 30 28 33 53 30 41 43 39 35 62 62 54 79 37 36 51 62 29 30 69 137 177 167 127 91 59 60 103 190 156 76 13 46 57 17 46 0 30 76 105 86 107 113 31 42 26 41 52 19 43 59 37 39 47 35 30 15 22 5 8 18
29 52 82 51 34 39 11 43 36 67 69 75 52 60 78 95 86 44 37 5 53 96 79 62 97 69 34 33 51 35 70 73 103 44 69 50 46 38 13 0 28 37 44 5 15 20 18 16 54 55 47 62 18 19 46 61 15 30 64 95 91 59 40 45 26 16 51 148 156 117 60 98 94 71 50 13 7 38 52 51 62 82 64 58 29 16 12 0 42 59 70 78 80 52 32 51 76 65 44 28
84 92 119 103 80 56 15 11 47 58 67 36 62 85 88 73 53 37 36 16 84 111 74 64 80 87 63 72 136 88 46 69 100 51 52 47 39 41 15 0 3 19 33 9 44 57 39 21 23 30 38 55 22 13 32 33 25 22 32 59 73 56 39 43 50 62 94 113 122 111 89 121 115 56 0 46 34 63 45 29 24 40 66 85 44 49 81 66 42 47 66 54 51 34 15 71 141 137 88 40
144 120 123 114 102 82 53 35 27 41 77 29 83 110 101 64 98 82 46 22 91 89 38 24 57 95 65 43 131 99 42 91 135 151 128 53 50 27 4 10 16 25 27 0 40 57 35 11 5 1 9 30 20 17 37 30 8 18 32 51 55 34 26 42 39 99 156 103 85 52 25 22 51 30 0 81 48 91 95 61 66 70 61 122 51 84 166 138 69 55 66 38 47 60 53 131 191 194 128 61
130 114 112 106 101 86 84 29 32 18 56 49 85 76 48 87 137 93 32 24 59 84 18 11 53 53 78 35 57 76 14 76 132 187 156 72 57 41 6 27 6 5 5 3 0 0 8 25 47 22 5 11 18 18 25 39 33 39 38 36 35 18 5 8 19 26 133 97 34 23 14 0 20 60 23 31 59 107 115 94 113 93 59 78 32 78 173 151 61 47 69 46 82 78 109 136 178 182 164 129
81 120 87 47 81 47 98 13 31 33 47 63 32 12 52 78 80 46 28 27 62 60 29 41 20 45 51 44 32 49 8 76 124 191 142 60 31 18 18 19 6 7 12 19 17 11 9 12 34 23 17 20 22 23 31 44 31 44 46 37 27 21 36 65 41 61 134 86 18 29 69 51 38 45 17 31 49 80 76 65 114 115 51 10 10 62 122 75 37 26 55 45 61 50 61 72 97 110 138 74
35 104 67 38 60 35 88 41 40 24 67 82 49 30 74 43 0 15 42 9 36 57 67 53 44 67 18 46 24 45 29 79 134 173 106 55 27 5 28 16 13 12 17 27 31 24 14 7 16 20 23 20 16 17 24 31 11 23 23 13 7 12 42 82 73 90 127 113 51 46 97 53 33 15 23 54 60 59 21 4 107 134 82 12 54 72 82 23 52 51 78 69 71 81 63 25 24 97 165 33
27 28 60 67 80 27 67 91 97 16 60 10 23 57 113 107 78 29 25 40 72 76 62 26 39 66 50 145 96 12 30 130 138 119 62 53 41 11 21 13 18 15 15 19 24 24 20 16 11 20 23 14 7 10 13 12 12 14 8 6 15 24 41 66 94 70 57 95 74 72 137 93 62 15 21 33 41 64 54 58 24 76 94 29 38 0 22 31 28 3 27 51 60 81 56 14 45 123 165 55
0 22 87 30 60 75 139 51 53 6 56 43 46 49 67 102 103 86 52 23 14 93 104 26 44 66 21 52 65 19 67 114 95 61 41 40 36 21 6 4 12 12 11 10 11 15 20 22 17 24 22 11 7 13 12 5 14 13 5 6 18 24 31 47 84 55 24 74 79 93 149 112 57 20 27 17 31 76 95 104 61 36 43 17 42 22 40 52 46 0 12 46 41 35 21 18 55 64 41 56
55 20 1 95 93 76 135 77 88 67 36 74 39 14 30 89 82 67 73 96 48 80 86 22 9 83 69 12 50 24 61 65 36 40 49 28 22 29 10 2 0 7 11 9 7 10 16 18 17 18 13 6 8 15 14 8 4 9 5 0 2 3 15 38 62 73 57 67 64 97 128 112 49 61 85 64 65 75 76 59 46 24 50 39 16 12 31 78 51 56 76 38 12 21 28 16 47 51 5 63
75 61 9 87 84 99 133 64 100 82 58 68 46 28 37 49 47 28 27 34 46 164 231 131 85 61 17 0 81 33 3 20 9 44 42 24 23 28 25 8 0 6 12 10 8 11 13 12 10 8 5 5 7 11 12 10 10 17 14 8 6 3 15 39 49 71 66 33 21 75 96 140 83 120 124 80 69 55 70 56 54 30 51 92 68 63 11 59 42 107 142 52 41 81 104 70 81 114 89 89
47 74 101 0 71 97 142 16 31 24 103 39 54 57 57 14 9 8 56 60 52 128 226 150 106 116 91 36 151 129 33 2 13 47 15 22 35 20 30 12 3 10 11 8 7 12 14 11 9 7 7 9 9 8 9 12 10 13 8 6 9 5 7 21 36 56 72 35 11 38 18 92 54 103 95 49 43 26 66 69 54 35 55 137 113 86 0 57 35 83 119 43 50 61 78 58 87 97 87 49
52 69 49 30 91 97 133 88 64 27 121 54 48 46 51 12 14 78 148 67 65 78 89 51 76 162 224 47 203 181 92 48 44 22 9 16 25 24 20 21 9 11 13 12 10 9 11 13 13 4 0 4 9 11 10 11 9 6 16 21 11 6 10 9 21 26 36 89 46 28 9 56 49 65 54 58 19 22 30 49 29 42 72 108 109 90 24 40 39 49 82 61 13 4 10 18 37 50 1 35
91 63 21 85 138 57 142 195 134 44 137 75 37 33 25 43 68 97 110 11 71 93 88 89 84 97 140 43 169 176 129 77 33 23 18 24 23 13 6 7 12 12 12 13 14 14 14 14 13 7 5 9 13 12 11 12 8 5 15 19 9 7 16 19 0 35 48 91 78 39 58 57 58 52 55 93 64 27 28 22 49 51 64 79 101 78 41 44 46 37 62 64 51 55 47 35 59 56 9 52
91 84 51 62 98 74 156 193 110 20 82 69 21 25 36 53 55 67 56 21 143 136 84 122 69 29 57 48 90 110 140 127 29 25 25 25 16 3 0 6 14 11 10 13 18 20 17 13 6 4 5 10 11 8 7 9 9 6 14 16 5 6 21 28 39 55 64 40 50 26 51 31 68 63 59 59 69 72 97 70 41 48 65 93 143 100 65 36 47 10 13 24 36 55 42 21 36 78 53 53
49 55 135 107 47 5 29 86 70 34 31 67 25 47 99 56 99 137 63 24 106 108 51 61 80 61 103 170 114 53 38 14 29 23 17 11 3 0 3 12 12 8 7 11 18 21 17 11 2 2 7 12 12 8 8 11 13 9 14 14 1 2 19 29 25 10 61 12 39 54 29 21 61 72 78 24 66 76 68 53 66 58 49 100 154 106 70 37 33 2 11 20 24 38 26 9 18 72 60 38
70 18 95 107 65 49 54 74 32 29 12 61 25 69 125 69 91 115 17 50 65 58 51 86 109 83 57 134 91 51 46 49 27 16 5 1 2 3 5 8 8 6 6 10 15 17 14 10 7 8 12 18 18 15 15 19 18 12 15 13 0 0 13 21 22 6 42 6 3 20 0 0 35 47 80 21 97 84 30 79 114 67 0 44 74 47 26 31 33 43 89 97 74 68 57 48 48 45 18 12
86 64 52 35 0 8 61 37 3 0 23 61 25 67 64 40 73 92 21 83 48 34 41 67 111 117 57 89 65 44 34 44 26 15 7 11 21 23 15 5 4 8 12 14 13 11 12 12 14 11 11 15 16 15 16 19 19 12 15 15 3 1 10 13 13 33 25 39 17 16 41 63 60 92 122 43 112 90 7 52 119 74 14 52 60 37 6 30 60 92 148 139 95 87 85 83 92 92 64 23
87 67 11 35 73 66 53 9 32 28 46 75 59 91 59 31 47 98 62 32 6 63 67 34 86 145 101 75 51 47 46 48 20 12 9 20 37 42 29 12 3 13 22 21 13 8 12 19 21 13 8 9 11 10 10 12 15 8 13 17 10 8 12 11 0 31 22 55 33 2 13 7 11 62 86 40 104 102 49 45 88 82 92 116 121 80 30 43 59 84 122 96 55 61 63 54 88 136 134 54
65 94 65 51 112 116 33 10 39 51 17 60 93 146 156 101 66 56 58 35 35 48 17 20 53 137 112 53 35 51 55 36 9 2 1 14 35 45 36 21 4 18 30 27 14 7 14 24 32 20 10 9 11 11 10 11 11 4 11 20 16 15 17 12 27 22 30 44 54 51 38 33 44 42 17 12 64 68 87 92 47 65 115 110 117 70 26 35 24 42 72 49 24 41 32 3 30 75 94 40
67 93 94 29 88 94 58 8 42 23 16 25 76 143 137 99 74 86 88 89 27 17 22 13 52 74 70 52 47 41 37 46 16 11 4 5 21 36 33 18 10 12 17 21 19 14 16 21 25 25 22 17 16 19 21 18 15 21 12 2 6 8 7 13 32 48 30 40 83 115 135 134 118 62 23 52 15 40 109 129 65 2 61 57 66 30 29 37 37 32 57 66 56 81 86 37 33 68 47 60
55 87 104 27 59 114 149 123 59 62 86 27 50 86 69 51 68 73 69 90 87 33 0 43 27 32 54 61 40 34 44 46 24 15 10 12 17 20 22 25 18 12 11 16 19 19 19 20 21 26 27 19 13 13 15 15 12 21 16 11 16 16 11 13 28 37 29 30 37 68 118 129 102 54 7 28 36 33 66 121 64 25 75 35 41 16 40 63 58 47 86 117 93 84 97 89 95 89 46 60
72 76 81 5 34 129 202 182 23 9 67 32 81 74 50 87 54 35 33 33 88 101 59 51 19 13 56 80 44 28 39 27 34 24 21 27 25 18 23 36 30 18 10 16 26 29 26 24 18 27 30 21 10 7 9 10 8 17 16 13 18 14 1 0 14 12 11 20 21 54 109 114 48 31 29 31 67 82 73 67 59 66 110 54 51 26 39 63 39 27 85 142 106 55 59 78 68 66 35 46
46 60 82 37 47 77 94 75 71 39 51 39 94 61 36 94 64 6 46 18 38 132 151 72 21 19 48 63 40 34 43 32 27 21 19 23 24 20 15 15 30 18 11 16 26 29 26 24 17 25 27 20 11 7 7 7 5 15 14 14 23 20 7 1 20 15 8 43 89 121 134 111 51 5 31 20 55 121 127 60 7 44 71 53 56 60 54 86 135 101 118 141 91 23 4 12 30 60 56 38
9 31 59 58 85 77 72 103 151 136 64 35 72 56 34 53 50 0 91 73 9 59 119 79 56 66 57 39 35 36 29 23 24 26 24 26 39 48 32 6 17 11 8 14 19 19 17 18 20 23 22 17 13 13 12 8 8 16 14 17 33 37 28 24 37 42 26 70 152 177 148 105 81 9 28 37 82 137 140 84 64 79 39 41 32 62 39 83 139 86 51 43 33 34 43 43 44 69 66 23
114 69 29 43 116 120 83 99 113 103 23 43 109 103 69 51 12 19 116 120 55 44 60 54 64 89 81 62 69 65 37 19 13 20 22 28 54 76 60 26 14 11 12 16 18 16 17 20 25 25 21 15 14 17 18 15 16 17 9 8 24 30 22 19 20 36 24 51 110 133 108 63 50 40 34 30 81 114 92 57 85 82 14 32 27 75 56 99 177 121 58 25 33 64 75 60 40 45 52 24
83 39 19 56 132 147 78 35 40 53 47 76 139 109 66 48 15 51 103 141 140 135 97 61 22 40 61 74 84 92 82 61 10 13 14 19 37 53 45 25 23 18 16 19 21 21 24 28 31 31 26 16 12 16 22 24 21 18 4 0 15 20 12 7 4 16 26 33 36 71 90 40 22 53 33 12 17 50 55 31 70 69 19 24 20 41 26 42 136 103 66 49 56 69 63 45 28 46 78 53
14 38 89 103 93 94 54 13 10 89 157 100 102 63 42 36 35 38 59 143 175 184 140 88 24 8 29 47 39 60 86 73 50 44 37 32 31 28 23 18 28 19 13 16 20 23 26 29 34 36 32 19 9 13 23 30 21 19 6 5 23 33 26 22 21 21 53 55 18 69 126 64 29 44 64 96 34 29 57 36 27 40 23 17 26 35 40 39 57 45 42 53 61 55 48 46 29 74 117 59
24 86 120 107 58 37 66 72 61 75 93 92 67 29 39 30 38 56 48 49 81 88 82 98 77 25 39 28 14 48 77 86 57 31 44 13 34 4 9 18 29 28 12 1 10 18 16 16 24 16 17 30 11 4 32 34 32 20 0 15 27 29 45 23 9 42 52 59 24 79 119 98 71 90 133 163 102 68 94 69 24 20 26 44 32 101 81 52 42 0 44 28 41 66 54 53 38 57 80 50
52 64 67 46 32 12 56 106 78 23 0 79 61 56 38 50 54 49 31 34 47 29 27 66 64 40 58 58 32 37 61 75 44 6 21 19 38 54 37 31 34 28 16 11 12 8 6 14 12 10 16 32 16 4 22 19 30 24 5 0 3 27 44 24 10 7 54 15 47 69 73 93 102 141 156 114 84 101 122 76 46 39 42 9 74 145 72 49 42 27 52 57 52 78 72 67 29 36 59 37
75 94 92 38 35 30 16 1 49 33 8 89 48 88 60 33 31 29 49 105 132 83 39 51 31 31 44 74 59 42 56 69 40 17 7 18 46 59 69 36 27 18 14 19 19 12 15 28 21 17 14 25 14 6 26 27 26 15 18 11 13 33 34 27 20 17 50 10 84 65 27 47 93 121 120 47 66 90 87 53 66 75 49 28 64 107 25 0 62 75 70 74 48 73 75 72 49 35 57 42
44 60 69 39 34 83 61 5 0 48 89 134 77 116 98 32 26 29 58 119 157 127 85 79 54 42 18 58 54 31 36 44 32 52 8 6 55 32 80 45 26 19 18 22 23 30 37 36 42 33 12 9 4 7 39 52 23 0 27 49 52 47 22 28 57 73 35 16 71 61 44 32 86 88 97 47 85 57 46 82 134 139 37 72 18 54 39 2 0 20 35 28 17 57 71 81 73 37 58 46
70 39 58 98 35 53 50 32 35 59 100 187 108 95 68 45 63 64 64 77 100 104 85 69 59 40 5 51 46 32 37 49 23 59 15 1 57 61 53 65 44 38 34 23 22 44 48 24 34 33 10 5 3 6 35 51 26 0 27 51 59 55 27 30 41 68 54 24 51 66 70 29 32 34 54 26 69 26 16 78 148 150 21 43 0 42 61 50 76 71 116 64 41 58 43 41 49 1 28 14
58 44 81 146 55 35 67 73 99 87 76 184 73 55 25 64 104 79 50 46 75 97 71 25 14 19 30 91 68 55 44 55 57 61 50 30 77 136 33 83 49 45 42 26 22 51 55 15 8 28 23 25 24 11 19 27 37 21 21 19 30 58 61 52 27 23 80 15 44 71 70 38 15 23 31 28 103 104 75 62 50 96 55 19 23 34 8 45 72 47 116 67 49 71 57 46 49 2 44 28
80 104 103 96 36 17 91 85 68 80 49 108 24 52 44 72 105 58 24 31 59 75 56 24 19 25 66 120 68 60 33 41 55 23 41 12 63 101 13 32 38 32 38 32 24 48 53 15 11 47 53 59 56 30 24 26 49 40 17 9 23 65 106 103 71 33 63 36 86 115 95 77 43 34 14 34 99 121 102 56 16 66 81 71 79 44 12 87 98 53 83 56 26 74 98 85 90 53 113 95
78 116 84 38 38 4 89 71 44 61 33 36 14 52 52 27 62 42 54 81 72 43 31 33 44 25 57 94 40 63 51 70 97 54 83 45 115 81 93 50 33 23 37 40 25 37 41 10 38 77 82 84 78 50 43 47 57 45 16 28 44 75 137 151 76 63 45 138 205 204 127 76 91 59 19 38 40 37 73 86 79 63 31 106 91 66 98 184 179 112 77 57 1 67 127 118 91 61 133 113
75 50 6 37 57 33 92 59 11 110 100 73 66 122 74 26 63 102 123 107 83 25 40 50 64 57 69 87 36 120 116 144 151 68 73 79 149 124 137 61 64 0 34 60 21 41 32 50 68 93 103 73 80 55 39 59 51 39 19 53 28 36 83 94 60 27 43 116 178 190 106 79 95 92 54 52 71 49 80 80 79 93 40 69 101 30 84 148 159 129 72 60 1 60 115 131 74 30 72 50
37 29 54 34 68 10 102 79 36 136 103 104 77 133 79 34 100 132 203 94 70 28 40 60 63 60 84 118 46 124 132 177 178 69 76 51 89 97 83 37 51 82 85 86 39 32 54 72 108 107 50 61 17 44 57 71 35 0 41 21 9 39 83 74 58 68 74 60 63 98 98 86 63 81 112 98 153 108 85 59 54 104 74 73 79 5 24 39 60 106 51 47 37 111 136 138 114 50 38 40
67 75 112 23 31 0 99 86 41 116 65 65 48 80 64 24 104 145 185 85 57 41 62 74 84 73 63 62 0 84 99 126 167 57 128 219 254 248 67 70 75 123 121 103 54 57 82 100 113 97 20 17 18 28 61 38 16 11 25 0 53 104 113 131 136 153 137 78 24 54 107 97 53 74 130 107 124 84 46 59 103 137 83 39 51 29 48 30 18 112 37 45 84 150 150 164 169 106 54 97
48 105 151 89 45 49 54 8 2 44 9 0 36 49 112 87 98 155 75 101 68 71 95 68 42 58 82 93 78 90 64 72 54 121 247 255 217 255 45 255 181 93 105 175 198 175 82 81 82 95 40 0 25 35 71 53 0 36 29 26 0 35 78 181 155 138 76 45 10 79 114 50 37 29 58 72 25 24 14 57 64 86 52 11 25 19 30 2 27 33 36 115 66 108 138 72 89 58 18 80
79 103 107 70 9 49 49 43 51 75 41 25 52 45 119 104 98 150 20 108 94 114 116 52 35 34 39 18 40 11 38 110 199 155 94 255 240 238 212 245 124 190 227 211 229 234 121 100 19 76 104 89 44 82 64 14 63 11 58 115 50 110 172 255 231 255 228 177 40 84 136 119 104 58 65 94 33 51 73 62 53 72 88 67 56 30 36 30 32 30 21 78 43 46 65 39 34 37 24 55
78 67 84 89 41 22 26 48 49 83 57 72 51 56 91 91 60 81 30 72 105 139 113 54 45 64 69 19 60 70 124 156 193 219 177 189 236 229 204 230 93 246 244 244 255 223 143 193 117 97 159 135 139 224 255 155 163 49 103 169 204 255 228 224 246 252 245 235 82 62 98 141 132 63 80 60 30 49 127 95 60 41 65 58 55 41 48 52 61 39 44 44 2 14 61 48 41 56 59 41
72 50 71 107 69 15 13 31 50 82 71 76 22 18 26 34 26 10 35 42 100 119 78 56 46 63 82 59 83 166 246 228 227 249 243 246 244 142 59 2 91 249 246 217 242 235 205 253 243 184 208 155 246 255 255 103 113 156 174 201 219 250 255 255 250 237 255 231 82 11 49 129 108 27 66 41 50 69 149 177 84 33 45 34 50 66 64 47 36 76 105 60 66 24 8 35 47 65 83 53
55 44 42 96 60 35 27 31 36 56 74 55 21 10 38 53 42 1 30 52 99 81 35 40 47 18 49 86 49 129 240 252 242 255 236 246 228 241 224 145 226 187 130 80 133 253 248 255 244 244 187 150 255 226 172 43 74 255 211 201 62 83 237 249 239 228 245 145 59 48 97 126 93 0 40 65 89 89 84 155 164 98 85 32 33 77 94 80 79 93 171 125 100 31 13 26 23 45 79 69
50 37 52 5 43 38 57 86 66 28 57 22 31 56 60 87 74 8 32 41 77 55 23 86 70 25 49 85 70 76 70 136 218 255 235 255 210 251 255 189 246 223 255 36 76 247 242 228 233 255 106 213 232 255 120 79 217 255 248 147 153 150 225 192 222 246 255 215 114 102 79 59 63 25 74 46 106 80 49 151 177 103 79 34 49 84 87 48 30 96 159 150 81 23 17 37 41 87 68 57
32 21 24 13 44 42 51 105 70 28 66 44 54 109 48 80 81 0 32 25 88 60 79 130 99 43 58 88 79 50 10 46 157 221 251 225 204 255 255 238 243 254 225 142 137 224 242 253 255 245 147 252 202 228 60 111 180 217 207 162 255 255 241 187 249 255 242 234 160 113 33 0 51 82 76 22 69 44 60 142 123 78 90 70 63 61 64 51 31 71 125 143 29 25 31 26 75 99 57 65
24 23 7 17 37 37 32 101 90 52 47 67 70 102 8 35 58 6 54 58 96 76 125 161 86 18 17 38 61 41 34 89 101 132 251 234 251 251 209 255 243 253 110 255 243 239 245 255 217 239 255 242 236 255 221 255 103 204 103 206 88 98 247 255 217 164 252 255 138 114 76 23 66 80 10 77 103 16 7 89 80 77 118 115 98 85 84 74 61 96 136 140 38 43 56 52 63 68 14 69
40 54 28 20 41 47 45 95 106 89 33 95 105 78 28 41 43 31 55 55 18 36 101 140 116 49 26 18 45 25 55 141 50 89 254 213 254 255 225 244 251 252 255 225 255 250 246 253 255 240 244 207 255 198 255 209 250 250 82 231 239 219 255 244 236 255 55 240 0 118 164 0 30 91 22 113 75 43 16 32 64 88 106 67 31 45 80 89 40 80 104 69 46 16 31 53 63 62 21 116
58 87 61 23 52 71 83 94 103 111 76 101 121 81 62 59 60 76 111 97 31 47 86 90 101 67 53 55 89 47 54 127 80 84 239 232 255 235 243 255 253 250 236 240 255 247 242 236 223 247 247 255 253 193 255 243 251 255 97 255 255 226 246 224 140 207 220 129 61 100 91 22 34 65 49 90 33 53 49 6 4 57 88 69 21 13 32 43 55 66 68 36 51 29 47 71 42 37 17 107
68 90 61 19 38 60 78 61 62 86 131 91 121 127 102 93 62 75 148 127 100 92 97 61 37 36 32 66 115 61 17 51 24 8 159 246 247 162 197 252 255 243 255 160 190 218 255 248 255 255 251 242 221 243 255 249 223 245 68 239 200 217 255 230 241 221 245 77 144 55 61 112 74 38 127 145 76 15 40 25 33 37 27 48 40 41 64 91 84 56 37 28 5 30 52 48 50 40 43 91
76 73 33 28 16 30 39 21 12 44 129 95 132 167 157 149 56 30 81 55 46 62 70 73 106 118 88 116 153 94 16 32 9 5 49 61 54 59 158 244 171 119 12 66 73 126 229 251 183 158 238 247 255 255 211 205 122 194 176 243 255 234 167 233 234 149 121 93 152 33 138 217 67 97 240 196 85 21 58 51 21 18 4 58 70 61 55 65 95 94 80 37 0 19 48 43 50 38 67 66
84 60 11 50 14 22 20 15 8 38 93 100 120 126 143 129 68 29 52 45 7 49 42 94 91 117 77 105 140 98 27 52 47 57 67 64 34 2 27 102 80 61 46 75 32 30 106 129 129 83 64 20 109 255 255 214 92 88 20 210 246 234 74 46 112 55 101 86 116 23 123 188 95 113 174 134 55 67 68 32 11 44 36 63 37 12 3 12 64 128 135 29 20 0 36 57 48 36 86 53
81 60 55 88 47 46 48 35 39 58 84 86 84 70 63 91 84 65 69 136 55 44 71 70 55 65 23 67 71 45 30 33 50 57 48 15 67 43 74 130 90 79 62 116 150 100 24 80 183 141 28 69 50 73 64 63 38 58 84 74 98 141 44 16 38 21 112 61 59 42 71 66 97 127 69 111 58 37 50 22 31 57 44 28 25 28 40 34 52 50 73 37 24 32 54 59 33 32 61 29
63 70 78 62 74 69 55 33 48 60 64 80 56 35 0 58 115 96 58 101 42 23 76 97 93 61 71 68 67 54 59 78 69 58 32 6 71 44 25 23 17 100 165 195 165 103 43 90 212 202 111 84 58 31 72 80 110 71 106 97 39 79 70 50 37 9 12 52 73 72 13 20 65 63 34 117 72 3 21 21 66 63 37 30 42 70 102 99 46 27 24 12 3 36 75 62 37 71 119 83
0 65 116 29 66 63 44 18 25 34 59 64 58 39 0 61 87 88 51 109 43 71 135 146 47 38 33 30 40 48 54 70 68 51 25 17 107 114 87 50 57 124 169 143 78 49 42 88 112 111 44 34 53 20 52 57 80 22 59 79 12 22 34 13 51 91 35 42 52 80 4 12 34 0 73 19 5 79 8 0 68 95 109 87 29 14 62 82 73 64 66 54 33 49 60 16 25 127 241 251
76 25 51 35 100 58 37 75 24 9 63 16 31 18 14 31 33 49 48 110 0 44 50 20 5 54 0 39 41 50 45 48 72 66 51 41 107 126 106 64 65 94 133 114 64 53 53 68 114 101 48 74 95 64 9 12 47 21 14 26 17 6 6 26 63 76 27 44 89 65 18 38 105 83 45 105 86 0 45 0 60 90 130 138 85 59 86 84 46 65 94 40 44 63 62 41 39 132 227 249
165 48 44 48 63 32 30 83 56 14 67 27 26 33 57 44 21 18 29 54 12 48 59 93 49 59 47 98 42 23 44 70 87 87 82 61 78 80 61 19 19 63 136 123 75 64 59 41 21 32 41 50 62 56 0 27 36 60 64 65 81 48 21 46 27 26 6 11 56 41 56 90 96 133 160 145 102 43 57 4 81 99 124 121 59 23 37 25 64 97 145 37 64 54 7 0 22 57 85 100
81 52 82 66 27 41 41 21 18 0 26 61 30 48 58 50 52 35 36 23 89 45 80 184 108 13 124 124 20 0 43 110 99 84 73 54 48 56 58 36 21 57 104 55 19 49 74 47 0 18 57 22 34 39 23 62 60 38 36 12 28 39 41 51 76 93 76 49 40 45 41 57 74 97 146 133 113 68 49 30 63 113 148 124 41 2 40 63 43 73 125 47 100 85 25 21 52 53 45 75
61 22 45 79 85 88 73 23 22 36 39 85 59 65 70 72 57 63 73 99 159 62 102 162 118 9 133 94 26 7 46 107 95 63 47 35 15 32 63 69 37 39 63 23 31 80 104 67 32 40 45 61 70 67 68 91 53 21 57 44 65 83 61 47 58 40 52 103 151 130 57 73 99 98 100 93 105 79 42 28 56 99 113 94 53 33 54 61 46 38 38 25 50 48 47 59 73 59 22 48
131 94 66 44 53 64 80 33 24 70 44 38 54 60 101 114 108 105 76 128 91 28 103 94 89 48 85 44 46 53 32 51 65 37 38 42 14 29 72 95 65 40 59 47 71 90 87 48 60 55 11 113 82 50 26 43 6 5 67 44 65 64 27 45 43 50 71 55 119 101 33 51 76 86 80 62 85 85 40 31 31 66 64 55 54 60 77 77 35 15 0 43 16 5 41 52 68 67 36 66
171 167 149 85 86 51 74 57 69 36 6 17 24 57 119 127 110 64 56 82 17 10 37 15 43 74 75 43 71 65 43 16 40 45 51 68 44 9 35 68 49 58 67 60 66 73 48 22 74 83 45 63 72 72 82 81 39 2 14 31 19 8 21 41 95 117 128 46 11 10 32 43 25 0 53 57 70 113 20 54 20 33 5 40 29 35 55 41 11 39 50 91 44 6 28 62 65 57 76 94
103 177 140 157 209 178 131 161 99 50 57 62 50 54 94 90 73 52 44 47 20 23 8 16 40 47 78 49 71 86 95 73 52 45 54 114 72 47 5 18 60 81 73 40 45 70 60 40 73 90 49 77 105 117 142 172 119 74 69 110 69 29 11 48 87 84 88 61 62 41 70 115 59 27 35 72 62 78 8 44 23 36 11 53 56 46 38 14 18 59 80 55 31 3 7 49 82 56 40 40
53 110 33 109 241 244 150 131 86 51 113 120 80 45 42 42 43 48 29 24 59 78 21 43 20 44 76 49 41 50 156 163 93 45 43 126 107 61 8 38 53 80 61 35 65 104 100 78 22 54 13 56 86 66 42 62 76 59 68 149 104 46 0 34 95 105 86 66 76 74 74 62 85 55 4 37 20 46 17 32 29 42 16 58 89 80 52 23 21 62 89 29 51 60 66 111 146 106 43 2
30 83 57 74 110 102 116 103 54 42 114 135 105 84 47 87 51 61 16 20 80 103 45 42 28 77 78 68 66 50 202 217 11 8 23 97 155 80 45 48 220 184 95 47 70 92 95 89 122 110 0 2 23 19 5 41 57 60 46 99 95 84 61 83 80 119 109 109 80 109 93 41 74 90 70 48 20 51 43 24 28 71 55 51 61 54 47 44 42 52 51 13 39 72 99 135 154 150 113 78
48 46 19 36 48 56 100 90 66 37 40 59 73 97 26 82 70 76 9 25 50 60 52 26 18 30 18 16 65 55 108 114 66 85 4 2 91 69 92 88 192 125 29 11 32 35 62 86 109 110 17 29 34 39 22 41 83 93 37 28 79 115 106 73 83 92 96 133 48 57 43 32 50 115 206 146 104 92 57 13 51 133 137 71 27 9 30 54 57 40 14 26 11 46 110 137 141 151 131 105
51 63 37 76 82 89 93 142 108 61 24 36 84 126 36 58 63 72 24 57 39 36 85 70 72 25 30 0 49 66 14 44 117 120 20 47 98 67 53 49 104 59 10 32 36 21 65 95 110 124 61 76 49 82 89 90 111 132 55 22 100 142 118 48 31 11 16 51 16 46 25 33 45 84 226 179 162 124 57 4 63 135 152 83 46 33 45 47 49 36 19 51 8 35 112 135 105 97 72 51
46 61 48 50 75 77 38 70 44 26 48 44 74 98 59 53 51 61 55 103 73 59 102 110 93 46 58 32 22 41 0 47 82 44 25 64 75 46 31 36 48 29 8 35 30 40 112 128 87 107 77 105 55 110 118 70 91 127 46 30 75 89 67 40 51 53 53 3 47 71 10 0 43 39 148 117 119 105 60 23 38 74 105 78 82 77 66 34 31 35 40 35 9 28 62 63 28 31 52 74
29 27 52 0 58 77 53 22 11 28 116 73 44 34 67 64 55 58 77 130 104 73 70 85 57 45 45 71 23 21 38 58 76 21 67 12 0 16 58 46 23 27 26 51 39 56 113 83 38 54 44 92 45 123 124 31 63 136 90 115 103 60 17 37 53 97 128 20 110 91 12 21 32 35 110 72 49 61 65 58 31 55 108 105 112 98 84 52 2 20 47 3 24 49 36 13 19 29 74 112
35 48 70 16 130 176 114 71 33 64 124 116 58 0 74 57 49 14 71 97 59 46 39 59 69 67 77 93 70 37 32 53 70 97 77 12 23 24 57 81 44 39 50 101 89 70 92 49 0 58 57 52 44 63 81 23 53 117 123 189 120 56 43 38 41 42 76 39 27 88 97 90 52 17 93 77 33 37 76 101 62 76 176 170 129 100 82 83 50 34 34 4 33 55 15 5 2 53 30 50
37 61 89 60 109 99 60 71 60 56 78 82 72 34 90 63 56 22 64 72 41 16 24 59 111 95 92 61 71 25 85 80 69 111 90 101 38 54 9 96 73 86 98 127 96 62 86 68 32 69 40 39 22 26 44 31 58 99 101 141 54 43 114 142 73 57 85 35 4 89 141 138 86 17 34 61 57 25 35 97 80 86 155 125 96 73 92 102 69 64 84 26 24 29 49 32 24 33 25 29
43 50 41 38 54 36 34 75 101 85 72 55 54 26 74 66 127 101 117 90 63 7 15 46 89 74 55 43 51 3 120 125 4 73 92 52 26 56 24 95 75 113 113 108 81 60 79 67 47 64 27 38 36 13 28 59 65 76 79 124 71 118 216 222 115 29 44 64 65 110 111 72 107 75 35 47 62 41 21 61 59 57 78 40 43 38 60 40 34 67 114 43 13 8 102 98 99 58 81 90
38 42 4 20 22 22 44 78 76 77 60 35 39 23 57 60 61 65 81 60 72 23 40 56 85 87 1 28 46 78 134 55 136 140 101 19 98 121 65 12 90 131 105 67 57 55 46 12 13 25 12 25 64 12 17 55 39 56 55 78 39 88 167 162 85 52 81 76 19 0 21 55 75 92 43 29 24 31 11 10 33 41 30 15 35 53 73 55 51 90 88 40 29 36 121 111 107 67 118 136
30 57 48 86 49 23 41 70 53 50 27 14 41 41 41 24 14 37 45 44 94 67 95 91 44 58 0 60 52 58 87 47 127 125 46 72 122 128 69 39 55 80 58 40 52 45 18 0 14 23 31 22 98 36 37 57 54 111 116 90 20 8 35 30 48 79 90 64 55 53 41 48 67 60 32 38 16 25 25 19 32 44 18 25 20 24 39 76 164 157 40 27 50 74 76 53 61 81 127 106
42 59 75 125 75 27 36 63 66 42 14 8 33 42 45 45 75 75 38 36 72 37 59 40 36 25 0 30 68 53 58 25 109 90 0 71 103 101 51 23 33 38 44 71 89 63 38 49 51 57 67 38 122 76 78 85 29 72 73 61 49 61 70 48 102 142 117 64 56 50 53 90 94 64 53 49 37 72 81 52 84 86 65 76 82 67 45 85 199 174 13 29 31 59 32 58 94 155 147 73
50 46 61 89 54 39 59 71 58 26 21 40 45 42 63 105 142 109 37 57 75 32 58 49 34 105 123 12 32 59 65 18 21 37 22 37 39 31 44 40 26 18 28 49 52 22 2 21 56 68 71 50 103 80 65 67 65 61 50 36 37 72 90 48 42 85 91 80 70 42 42 76 75 68 75 27 43 115 114 59 64 92 96 53 114 134 88 65 113 114 18 63 8 29 51 166 186 195 112 46
38 45 67 54 23 49 87 87 62 22 41 89 78 40 37 82 146 96 17 73 93 54 94 103 78 109 130 30 56 71 50 56 12 18 31 52 41 52 47 50 44 36 36 31 30 28 17 19 52 74 73 68 84 69 27 27 72 109 177 176 115 111 131 83 71 113 112 69 25 9 14 9 40 49 76 17 57 130 120 77 42 114 133 0 70 132 97 20 43 58 35 106 16 30 99 255 253 177 40 22
36 80 133 75 56 78 118 125 80 27 56 73 65 48 0 5 46 47 69 61 84 90 156 131 56 56 42 131 47 39 39 113 55 6 55 13 28 33 47 64 70 71 66 54 47 48 43 37 63 78 79 33 68 141 63 48 79 130 255 169 51 37 40 46 47 21 13 64 47 24 13 7 20 47 48 57 67 141 154 78 56 102 134 47 44 99 101 48 21 47 40 50 15 50 152 232 182 99 6 31
59 109 135 83 50 71 105 97 60 51 69 61 66 45 22 0 12 39 56 86 100 100 151 134 44 77 97 146 77 38 26 144 63 20 37 9 24 24 25 32 73 85 67 60 49 45 23 0 26 37 32 8 69 143 74 77 103 69 152 140 80 99 104 77 69 58 42 77 77 79 70 56 52 30 28 34 20 56 74 34 13 39 81 71 105 136 114 42 23 27 6 14 55 91 126 119 128 61 6 58
75 75 66 93 48 11 41 74 37 28 51 97 83 63 73 59 4 0 0 44 47 53 81 51 18 104 171 143 109 69 4 78 42 22 14 29 61 62 45 36 64 69 38 71 75 69 54 43 25 46 42 4 15 60 28 64 85 43 68 114 127 136 80 20 60 85 77 103 112 122 103 82 36 0 9 21 24 48 61 42 25 27 35 47 88 118 105 24 17 24 13 19 91 94 88 61 126 99 65 81
0 85 61 55 10 40 58 2 15 33 41 66 36 79 64 22 29 57 21 27 110 82 18 48 75 107 148 62 73 83 38 86 106 87 29 52 74 63 30 10 25 28 14 96 102 51 15 20 42 32 26 10 7 59 42 28 107 100 16 14 70 89 39 36 52 87 74 87 85 75 43 25 12 31 59 41 38 44 39 39 68 81 58 31 29 68 94 24 13 28 21 30 77 52 40 65 83 67 49 47
13 50 19 84 44 26 39 24 57 79 97 95 91 51 11 97 99 15 19 18 110 139 88 56 53 44 125 113 132 114 73 99 116 88 5 33 61 75 70 68 53 50 30 85 88 34 8 33 22 0 14 30 12 84 99 33 41 81 21 25 71 66 17 31 52 60 33 58 67 55 25 18 15 35 23 20 65 81 48 40 78 120 127 98 37 45 82 43 30 36 0 3 35 31 4 49 53 9 15 51
58 98 45 61 28 57 86 55 35 105 107 19 115 72 3 79 70 25 52 17 95 126 102 100 64 57 121 136 119 104 111 129 137 100 26 44 55 62 62 62 69 68 38 13 22 13 17 54 59 34 52 72 29 106 163 96 18 30 24 43 48 39 31 35 47 31 13 73 98 82 48 37 84 66 5 34 70 84 68 72 91 114 156 164 70 25 38 39 54 64 18 5 26 45 6 37 50 7 14 23
91 136 86 61 35 89 117 69 76 59 18 6 118 91 5 6 13 71 131 83 50 34 50 62 75 86 80 101 68 69 104 106 112 77 45 60 54 48 42 36 63 78 90 29 48 36 15 36 51 18 7 41 27 88 128 60 13 22 46 41 37 39 46 39 51 34 36 107 108 73 37 23 53 68 49 106 42 56 145 207 116 77 113 153 71 18 5 26 53 72 67 50 63 56 15 37 59 41 49 9
66 85 69 90 69 67 65 38 13 26 24 60 25 68 53 2 108 202 111 39 79 51 9 35 69 59 0 64 52 39 69 80 76 39 33 44 32 25 26 24 26 39 85 28 65 43 9 36 16 29 33 71 43 44 59 17 8 56 75 20 45 68 70 74 50 45 66 131 107 73 64 67 66 79 73 146 23 48 174 214 121 37 58 114 67 42 16 32 37 44 80 80 101 49 3 23 26 14 47 24
37 28 36 58 29 59 67 39 25 32 42 68 0 74 114 27 131 199 71 23 90 115 72 27 72 63 0 31 40 38 48 55 64 42 38 31 38 40 31 33 25 23 39 42 56 63 33 39 59 65 99 63 98 112 80 77 72 65 51 37 51 54 83 72 47 51 97 83 67 61 85 95 74 71 82 54 60 75 107 92 79 59 26 71 86 95 99 83 53 40 68 109 116 100 68 61 52 20 46 52
38 4 36 32 20 51 73 77 70 77 65 43 52 131 145 53 63 115 63 43 59 96 95 62 82 112 42 13 50 78 61 27 59 80 59 68 40 39 44 45 22 19 52 86 129 106 56 54 34 26 51 33 110 157 143 115 99 58 31 20 33 41 75 55 40 35 60 16 32 28 44 32 36 69 45 4 67 87 61 29 55 51 32 68 96 64 69 131 90 36 84 77 122 99 78 121 79 82 112 89
18 16 99 73 49 45 37 30 74 143 178 106 134 161 150 91 43 63 87 80 21 50 77 57 79 85 40 26 110 116 58 13 35 63 29 90 67 54 44 26 24 48 72 49 83 63 37 31 46 27 59 63 95 66 64 65 18 29 57 53 25 5 56 65 27 39 54 54 87 92 48 22 72 88 69 46 89 102 98 98 79 80 72 58 44 11 3 58 53 59 78 22 62 50 38 61 73 109 140 101
37 68 130 94 51 49 52 38 11 68 111 46 84 116 119 106 50 52 113 117 44 75 102 100 69 49 55 49 101 67 34 23 28 59 27 57 61 97 108 85 27 48 53 6 49 48 73 93 0 2 51 83 85 21 50 79 59 46 28 34 78 75 71 40 41 59 20 58 75 131 67 79 174 138 144 112 45 54 94 65 37 53 82 73 39 97 89 70 58 133 73 31 51 59 57 31 10 38 55 31
39 62 54 52 13 15 37 26 37 53 84 39 9 20 19 21 10 11 54 59 29 68 67 73 69 25 39 11 41 51 76 45 30 117 162 129 111 142 135 96 60 28 15 10 58 21 44 78 77 99 83 91 87 41 53 28 10 60 55 45 94 76 64 64 34 71 14 8 10 87 43 63 134 104 133 107 28 84 127 38 21 46 73 106 85 156 111 81 52 101 38 12 34 41 58 54 53 40 22 25
27 32 1 60 59 59 81 73 31 49 103 118 64 74 66 38 37 48 41 29 47 89 50 41 65 10 28 20 30 44 109 84 41 85 134 108 76 65 64 76 40 16 9 18 44 11 33 47 127 146 74 115 120 67 54 20 0 58 56 46 94 64 42 47 47 123 118 33 39 79 64 47 99 81 84 78 39 71 81 35 6 27 16 92 124 125 50 90 60 81 123 48 45 38 60 93 103 65 19 38
92 84 51 58 49 34 42 29 33 29 42 72 76 134 132 46 51 79 42 23 76 135 86 51 67 43 78 101 58 0 68 103 35 35 53 108 98 64 60 91 99 90 72 57 39 24 46 27 77 114 27 116 112 45 38 56 98 103 77 53 63 35 52 72 101 180 203 83 74 86 110 106 73 45 26 55 45 37 32 62 59 47 0 57 129 92 45 100 90 81 171 119 80 46 46 73 90 76 38 61
65 93 111 65 54 46 46 21 2 26 26 21 34 104 132 36 47 88 40 20 85 156 112 57 91 64 65 113 104 27 63 80 72 76 25 72 58 66 89 103 109 69 41 64 55 50 69 45 24 99 0 72 59 21 37 74 119 87 77 75 65 40 85 105 99 168 196 106 65 59 86 119 94 61 43 83 83 83 69 83 86 43 0 17 113 114 135 142 127 46 78 147 108 44 20 29 43 67 53 80
48 40 83 87 62 43 54 24 40 46 52 101 47 64 72 64 60 65 25 53 43 79 63 76 125 71 42 74 117 71 49 36 50 77 20 34 59 74 108 149 157 92 24 48 38 52 103 71 27 40 28 35 23 60 38 54 102 78 71 22 38 47 129 124 82 126 118 136 96 74 88 93 69 112 67 72 114 122 86 90 45 18 46 5 86 62 95 105 121 28 80 74 79 91 48 44 54 64 66 55
63 45 52 31 13 0 20 10 23 35 46 89 54 53 51 40 32 26 12 35 49 79 43 43 81 53 55 104 139 71 28 3 34 74 45 44 53 77 128 206 213 180 80 26 34 22 63 118 28 37 37 60 43 62 46 86 131 83 53 26 32 35 99 104 41 70 103 98 142 100 100 68 46 75 48 72 94 81 66 99 70 14 24 5 67 18 35 67 110 41 71 50 61 101 92 70 40 48 52 45
5 13 31 29 46 33 35 31 45 46 39 54 47 38 51 55 1 8 62 82 108 106 35 20 16 49 101 134 115 30 36 71 74 105 80 35 0 1 22 111 166 128 65 7 62 46 48 102 29 30 34 69 43 47 44 114 191 121 64 64 49 40 68 77 26 44 73 37 121 109 97 73 0 44 66 96 48 0 34 136 101 40 34 32 81 41 44 83 118 75 63 10 13 71 96 46 39 46 51 51
74 78 59 30 51 28 18 28 72 62 36 25 44 32 61 83 32 6 51 0 20 37 27 69 94 64 59 96 125 66 45 40 52 76 76 43 29 49 51 140 116 26 53 32 84 67 33 3 35 28 27 57 26 29 39 124 204 133 64 85 51 40 36 41 39 72 60 11 57 107 75 100 55 14 0 63 71 37 34 76 88 53 39 30 76 79 77 96 99 84 58 16 38 124 196 138 50 54 60 66
