192 157 54 128 134 13 96 130 58 97 181 38 136 74 19 113 95 88 55 100 121 91 81 60 87 106 159 213 134 13 16 78 65 19 54 65 88 64 28 47 95 103 66 60 126 155 190 118 108 135 84 67 30 17 42 47 27 47 91 74 117 69 49 97 101 128 70 60 85 188 137 58 48 123 197 164 121 69 165 104 110 171 46 35 84 143 87 24 118 130 42 88 57 64 55 108 240 233 87 110
138 184 140 55 134 74 70 59 44 4 93 119 146 8 49 166 158 102 73 64 56 85 78 4 64 148 85 212 147 68 78 109 100 54 68 69 70 94 109 124 119 87 65 19 73 74 138 139 52 46 0 79 76 35 18 19 15 26 64 65 75 20 23 75 111 107 61 189 106 159 126 122 128 105 98 216 121 138 120 163 139 110 9 54 94 88 89 126 131 153 136 172 102 60 71 45 127 140 58 98
91 201 251 114 156 104 79 76 114 16 79 224 216 66 150 178 119 96 150 85 102 214 140 28 118 188 76 92 147 185 171 153 90 59 66 110 153 174 185 197 148 64 4 22 86 8 88 137 78 89 48 22 34 73 41 0 31 48 72 77 56 34 79 116 95 133 97 126 61 71 113 68 45 60 103 195 94 121 93 144 202 222 228 146 111 0 86 169 109 34 165 118 72 112 110 86 50 78 63 96
137 136 148 82 65 65 134 160 90 52 106 183 166 92 161 108 85 47 144 98 140 205 107 127 33 105 79 86 241 253 99 2 100 130 140 119 116 61 75 108 25 107 10 40 87 66 118 37 130 63 79 53 59 32 0 30 25 56 65 55 13 21 74 65 79 129 114 92 127 20 70 17 50 56 156 227 164 29 57 103 225 254 216 206 155 86 37 79 100 59 32 26 41 36 251 139 45 73 86 75
70 32 67 60 100 188 253 201 107 133 170 102 56 30 78 96 88 96 135 66 78 104 60 36 2 20 0 91 241 204 83 86 85 117 167 118 97 57 123 131 26 110 24 167 139 56 41 57 104 103 89 54 41 53 18 11 20 47 55 55 25 34 70 42 47 68 45 78 124 22 62 56 28 3 41 156 170 14 104 129 118 170 110 89 94 113 44 73 62 50 86 74 115 70 214 128 31 51 61 15
114 178 240 84 96 213 255 198 129 156 182 145 110 50 4 79 72 42 28 86 126 104 144 44 104 44 72 84 167 87 21 122 96 63 181 219 191 148 195 156 53 116 53 146 96 90 30 123 111 125 17 64 46 68 66 42 24 19 20 27 32 30 61 73 51 28 20 12 36 15 102 105 103 97 60 75 105 32 154 121 76 85 63 0 81 98 70 63 43 56 118 105 135 58 138 134 55 67 72 40
78 215 255 100 49 116 182 160 135 113 40 76 53 46 25 131 89 74 44 53 94 106 157 30 79 25 124 43 86 42 0 56 51 40 167 221 164 115 112 102 50 129 83 67 69 153 101 161 70 82 0 53 56 67 72 50 55 37 33 11 39 22 44 95 93 36 81 31 79 23 93 115 81 68 49 21 40 29 80 47 76 26 49 94 120 79 17 63 40 41 82 108 130 34 51 83 55 54 57 78
39 112 78 95 51 65 125 98 112 125 8 75 0 29 61 151 82 84 114 60 66 43 45 48 36 47 73 58 54 67 47 25 56 91 110 74 46 81 38 47 105 220 181 106 130 182 142 135 91 76 69 21 35 33 34 35 18 26 41 0 45 27 34 90 73 67 112 25 95 51 47 75 45 50 54 72 87 194 95 27 139 40 89 108 121 65 35 55 68 14 19 75 116 50 32 80 69 57 58 123
81 99 49 140 125 190 149 64 61 88 93 53 19 39 97 124 28 19 72 161 76 48 37 113 85 51 35 54 41 106 137 37 56 101 25 45 108 112 50 101 157 216 172 209 186 166 206 144 144 81 50 16 26 30 30 20 27 38 50 40 22 24 32 26 41 31 88 78 92 73 46 86 51 83 74 107 135 232 143 69 231 95 108 57 65 74 75 91 92 115 86 38 69 99 98 160 139 135 119 57
0 44 45 119 163 190 131 84 79 70 49 35 15 17 61 72 54 8 92 155 55 34 87 113 52 47 36 15 42 94 99 66 70 75 3 82 150 160 25 86 74 76 72 134 170 140 148 129 111 61 52 36 46 39 31 23 22 29 32 23 22 40 36 8 0 44 87 100 168 170 134 181 90 80 9 13 84 103 102 67 151 96 72 50 25 82 102 78 109 150 107 23 14 123 137 176 153 157 141 71
18 43 55 74 107 61 36 117 139 65 7 21 66 26 83 51 54 34 69 103 73 61 86 88 29 6 52 3 58 37 67 95 58 44 66 63 134 107 28 110 42 29 71 57 37 35 64 66 63 32 47 44 52 35 24 16 14 23 24 14 19 44 40 4 24 82 93 102 131 149 174 249 177 147 25 16 94 33 64 79 111 112 50 117 48 93 64 0 47 85 25 38 0 84 84 84 68 73 91 87
116 44 75 103 89 11 23 180 168 59 146 73 96 51 26 42 54 73 39 150 197 193 78 31 57 209 204 197 8 140 85 86 125 164 139 181 7 111 0 139 138 16 13 35 18 44 48 12 44 31 54 42 45 38 33 24 16 26 32 21 14 29 36 20 0 18 24 59 56 94 121 103 177 160 57 58 122 77 83 154 212 191 119 255 110 89 126 218 93 66 53 37 75 19 126 69 149 96 70 92
122 0 44 85 34 20 31 115 135 78 71 9 19 64 150 163 238 210 77 241 251 255 127 118 113 241 255 230 91 127 183 229 127 88 155 186 82 115 43 122 59 83 83 71 3 39 43 17 31 28 46 15 16 29 39 30 33 28 30 26 14 15 28 31 41 78 104 153 130 139 138 79 42 81 111 143 199 172 108 159 214 204 112 215 158 213 169 122 101 75 70 40 47 37 116 68 151 92 30 44
94 25 98 92 7 64 47 7 99 79 47 48 16 128 138 118 240 251 103 240 234 196 132 254 218 255 202 224 162 140 161 252 141 37 157 226 255 197 137 126 0 188 166 73 0 55 27 0 26 22 35 0 3 24 43 38 50 26 16 20 16 15 23 26 27 58 87 146 131 74 63 77 23 46 96 98 111 92 53 71 126 90 25 108 165 200 160 90 98 32 77 30 70 85 88 66 56 74 37 45
19 38 130 103 57 135 99 24 51 91 78 184 85 81 106 104 230 243 91 82 116 26 59 190 186 121 97 255 244 135 39 132 88 32 100 162 255 245 209 162 27 171 163 100 35 51 30 37 41 27 44 25 31 39 52 53 48 24 12 13 14 20 26 21 2 8 39 90 130 121 97 54 64 87 86 142 81 52 57 18 59 82 66 53 141 110 131 54 101 55 17 77 35 100 34 94 77 134 81 58
18 35 87 60 99 191 181 159 89 39 100 214 123 62 79 181 205 158 70 2 106 26 108 67 54 15 119 220 222 138 54 20 75 95 44 34 122 203 176 115 35 97 131 87 19 51 51 20 38 15 38 36 43 32 35 41 34 26 20 13 9 21 31 24 33 75 123 75 99 218 237 77 55 96 32 193 87 89 148 90 41 89 109 62 157 42 135 102 73 106 36 117 28 35 9 81 115 174 109 88
87 66 56 75 110 138 151 143 60 0 133 150 120 104 99 109 82 64 88 40 131 63 217 131 105 28 121 143 97 79 163 81 97 134 98 46 68 164 139 112 72 28 83 72 17 42 47 23 39 27 25 34 30 15 14 25 32 30 29 27 20 13 13 19 43 126 171 129 132 209 255 156 74 90 15 82 12 21 92 107 36 16 39 82 128 47 123 101 39 86 80 64 30 93 24 44 51 161 167 96
92 120 83 90 109 103 61 127 115 27 104 97 118 135 125 52 45 117 140 31 38 15 182 170 107 64 92 62 68 55 196 133 96 119 107 122 76 136 201 175 120 51 79 68 13 27 41 38 62 43 34 35 23 3 8 31 37 35 37 42 40 27 11 1 20 91 159 185 221 192 157 207 179 84 116 17 22 20 47 109 106 69 18 68 39 73 65 74 77 59 22 54 79 128 75 31 13 124 119 43
54 222 222 94 81 135 126 174 163 97 40 100 50 166 152 142 215 249 130 157 48 48 64 147 49 123 143 133 145 70 142 84 23 41 91 100 81 101 222 236 165 88 104 103 50 37 40 48 72 70 65 54 38 27 30 39 41 27 16 19 27 29 27 25 21 59 95 85 227 146 13 60 81 30 95 108 135 75 61 141 201 114 0 125 0 103 14 125 173 94 48 107 124 83 97 88 98 45 39 70
169 169 146 49 101 117 135 181 111 66 117 112 148 48 139 190 185 226 138 56 96 53 78 8 8 107 65 72 91 56 88 111 94 79 144 57 159 132 183 220 117 67 95 112 69 34 18 19 28 42 39 17 8 19 22 13 25 22 24 32 36 30 21 16 38 101 143 9 143 67 57 115 35 74 51 141 118 40 41 120 141 118 133 22 73 165 149 57 87 62 88 144 154 71 136 182 72 23 83 185
18 92 134 59 108 133 161 185 157 90 77 164 255 129 123 166 180 189 57 121 87 22 8 0 4 70 22 7 60 75 77 140 105 57 84 1 163 113 103 131 57 35 61 78 50 21 9 11 43 41 32 22 22 30 36 35 40 41 43 40 28 13 6 6 27 40 76 18 122 48 99 98 15 114 142 137 122 72 52 98 118 109 91 99 132 230 136 17 18 66 124 124 136 71 94 90 29 158 231 225
119 158 98 61 93 113 106 156 129 86 59 113 198 114 160 237 197 155 10 149 103 106 77 47 61 88 98 34 83 76 80 147 121 90 96 98 159 98 107 139 71 50 42 40 24 13 21 35 42 19 18 41 43 19 11 25 33 28 21 13 4 1 8 19 40 29 23 55 42 0 93 104 37 156 212 185 165 99 38 52 78 71 50 96 114 193 126 45 71 93 110 103 105 73 107 96 71 158 192 169
144 155 70 69 84 102 86 77 74 72 92 98 133 97 194 246 144 72 17 101 60 100 88 7 53 38 112 104 124 54 35 87 135 126 147 148 100 34 33 76 84 53 18 12 11 3 18 42 38 22 26 49 48 23 13 25 6 2 5 15 23 20 14 9 16 37 33 121 61 19 68 63 30 147 187 224 208 125 41 32 32 19 31 37 50 108 119 112 166 136 113 151 94 63 175 195 139 95 107 152
68 84 73 89 91 130 176 90 28 66 146 117 68 32 145 170 34 18 125 98 14 25 82 12 106 10 56 135 138 51 8 59 100 92 152 108 85 55 10 57 71 36 0 12 26 13 23 47 46 44 35 23 21 31 43 49 52 29 10 13 26 31 25 17 48 68 66 160 120 48 49 41 66 91 78 10 30 23 0 19 79 70 70 51 12 85 78 96 145 131 122 209 108 86 248 247 176 146 97 55
66 88 108 78 69 144 195 119 17 26 108 51 49 52 106 78 52 76 100 78 79 54 105 79 181 139 153 110 143 96 56 106 76 38 76 44 88 137 100 73 72 62 49 42 19 34 20 36 45 38 36 32 31 46 56 48 42 37 22 0 28 44 11 20 54 76 87 72 75 54 18 63 103 91 6 154 222 207 142 179 182 107 41 79 55 78 45 15 72 140 178 202 144 145 251 255 138 105 115 94
58 137 80 35 14 85 174 110 53 55 35 96 70 155 111 41 59 74 18 67 120 52 133 36 178 217 212 124 116 99 109 141 64 39 66 41 54 148 77 27 66 46 48 36 28 17 12 28 23 17 23 37 48 53 40 18 8 28 32 12 36 54 26 29 47 97 85 53 77 33 12 96 169 116 93 48 120 143 112 165 204 141 107 65 33 95 54 25 76 119 217 98 172 161 153 180 65 31 64 89
1 178 116 24 6 59 114 136 111 114 47 76 45 106 96 39 118 162 105 158 171 0 54 50 200 214 157 104 100 79 105 145 62 30 100 124 83 92 29 29 96 70 72 39 43 26 24 26 23 14 12 23 36 37 28 18 32 52 59 44 48 46 27 40 86 74 45 132 171 91 37 122 181 117 148 127 174 147 105 119 172 147 63 74 42 85 102 71 102 120 131 109 181 96 36 81 55 48 68 43
89 54 144 131 9 53 74 43 155 141 79 68 67 25 66 77 150 220 195 88 134 130 18 0 19 87 81 61 70 74 77 92 94 42 84 84 43 13 44 57 29 19 28 13 34 43 26 5 26 21 12 9 10 9 14 28 33 35 35 33 32 22 25 57 44 42 49 214 235 210 146 149 176 222 255 255 138 77 100 56 56 113 61 47 96 114 163 40 107 170 97 95 63 57 91 87 66 79 101 61
163 122 102 9 34 142 75 44 111 85 28 77 105 53 31 65 54 122 70 130 119 55 84 96 105 109 79 48 59 55 30 59 80 61 41 25 25 60 143 92 17 6 18 53 74 84 35 13 20 22 12 7 13 8 4 16 31 32 19 11 10 12 28 44 67 56 97 237 212 106 108 203 136 91 199 217 96 6 46 11 3 186 255 41 69 71 161 54 23 58 106 61 31 43 91 98 80 69 95 99
117 79 54 105 131 132 76 75 93 103 110 94 107 126 100 94 143 124 184 235 121 96 118 108 96 55 28 30 68 36 3 47 42 43 23 77 42 38 88 71 44 9 9 63 70 62 13 21 38 36 10 2 27 33 19 18 27 43 26 7 5 21 33 11 11 81 125 96 108 22 102 246 191 77 238 98 41 27 66 30 24 172 178 55 92 67 118 84 25 49 79 0 32 96 101 66 42 75 123 117
133 133 131 255 157 165 198 170 83 87 205 99 47 96 131 112 156 141 255 253 142 164 179 96 23 84 77 16 29 31 87 129 117 86 73 125 82 41 47 68 33 8 18 43 49 40 24 45 59 57 18 0 28 45 33 31 5 16 6 12 17 23 33 6 40 73 90 43 80 0 32 162 178 50 131 112 123 83 64 42 115 203 124 160 165 42 30 101 123 83 38 92 141 145 100 59 51 160 248 215
148 161 116 255 158 221 255 255 86 19 199 157 38 72 100 113 78 45 156 93 72 130 101 6 33 130 141 107 121 85 165 197 109 82 81 57 117 166 133 52 4 16 52 32 33 19 14 11 50 64 32 3 25 38 26 26 41 23 12 45 42 13 18 8 33 58 72 60 79 62 7 25 67 85 17 145 97 50 85 109 138 172 131 83 142 32 15 138 139 76 42 68 99 134 117 55 88 177 241 196
65 70 90 151 153 253 255 160 35 14 108 159 77 65 111 110 49 13 51 60 48 56 28 2 34 88 78 255 233 94 123 116 58 136 162 24 95 132 100 55 11 39 35 41 46 40 0 22 41 41 30 10 11 22 0 11 22 57 71 25 30 12 8 25 53 60 47 65 61 107 143 89 92 141 65 21 24 96 224 222 102 65 60 8 60 71 60 185 72 78 103 40 72 80 72 85 91 82 45 104
51 92 149 158 113 174 112 4 53 77 96 127 76 37 50 62 32 34 31 95 105 68 47 61 79 65 22 175 192 21 21 117 142 242 241 86 72 64 30 19 38 39 28 48 77 82 19 11 24 24 6 0 23 10 19 20 54 67 38 45 26 27 31 23 70 34 38 112 125 147 191 172 115 39 37 98 173 149 170 195 107 92 73 33 107 83 110 173 75 71 112 213 162 101 40 22 88 64 96 62
85 106 171 162 81 87 38 31 106 136 86 165 198 96 39 24 60 122 33 27 43 8 45 76 52 58 37 4 123 45 99 160 192 229 159 69 97 99 47 30 39 41 53 79 91 84 30 20 31 24 16 12 21 11 27 53 39 21 0 38 40 31 15 47 33 38 9 103 95 58 85 109 109 25 22 105 176 136 95 85 131 106 26 81 113 110 82 117 69 142 52 102 123 127 75 64 77 78 33 55
96 32 21 50 59 80 24 10 106 137 86 161 199 60 68 86 175 250 29 91 53 135 70 76 73 67 64 99 106 130 141 101 152 147 55 4 54 47 18 21 25 25 58 83 74 49 25 44 40 17 27 33 25 22 3 38 91 37 0 17 99 119 42 68 39 100 43 97 102 39 27 55 50 111 76 100 58 59 52 16 28 110 85 6 87 164 180 82 40 123 93 36 35 144 180 0 122 227 113 79
180 196 158 87 23 37 50 44 59 118 88 60 61 0 157 213 180 175 10 94 105 132 78 100 52 94 45 99 126 92 37 9 146 155 100 35 63 35 29 34 22 5 38 71 74 37 14 36 26 10 19 44 75 28 57 50 0 60 92 78 34 37 16 69 104 74 96 60 121 76 33 34 69 121 76 99 99 137 90 0 38 63 45 80 201 135 143 46 104 92 51 15 62 29 51 49 101 7 42 52
135 185 157 67 0 18 71 66 122 177 124 35 90 108 216 175 54 89 24 188 171 159 67 121 72 52 87 89 75 40 147 50 86 110 119 81 107 86 64 40 20 23 70 99 106 45 0 2 22 39 42 59 125 33 208 196 68 59 39 85 19 25 45 83 208 37 175 73 157 120 88 93 54 69 107 97 145 181 126 56 63 91 27 150 255 143 162 95 167 109 125 72 52 98 153 72 93 143 180 78
95 96 103 70 37 50 63 54 173 249 161 20 51 63 126 188 255 244 126 195 227 173 108 135 74 29 47 106 73 59 154 109 59 66 129 161 160 120 54 36 28 62 107 102 107 51 5 10 32 51 58 54 100 37 248 255 220 94 31 12 47 54 72 177 233 62 161 98 180 126 104 134 57 35 64 48 115 148 113 64 85 102 78 77 164 30 113 139 107 34 92 51 3 73 187 89 102 145 166 87
119 62 70 47 47 89 86 82 184 221 123 118 255 227 100 153 249 227 17 103 133 138 108 199 102 25 20 51 116 111 161 86 114 47 102 215 217 152 20 0 52 82 90 47 70 57 40 53 35 17 29 23 33 34 142 188 237 171 214 25 120 86 49 234 230 141 83 97 180 98 48 75 49 41 22 43 54 50 67 69 78 60 70 88 153 103 70 163 42 71 129 94 130 53 130 178 134 78 183 21
105 62 12 74 37 64 130 144 142 88 27 106 255 244 114 37 99 120 97 43 36 78 69 135 78 59 77 75 115 115 185 137 102 45 110 240 255 151 2 4 41 70 75 90 55 40 24 36 33 18 100 151 81 0 70 96 239 141 163 155 186 119 78 255 255 193 69 94 221 120 0 30 119 168 42 76 66 31 24 63 51 40 44 182 251 226 34 118 64 111 152 66 73 72 153 80 75 75 122 4
83 43 31 68 92 69 113 215 189 45 33 107 150 128 54 81 117 64 59 47 52 108 73 81 40 87 117 170 153 69 95 80 37 62 217 255 194 122 47 31 59 23 58 123 81 7 7 29 11 62 168 240 210 35 118 171 236 126 61 255 253 213 153 255 255 201 119 90 157 115 42 39 143 180 60 116 137 58 17 72 75 33 7 150 254 196 0 55 40 100 55 52 50 187 255 37 81 169 191 28
34 35 85 106 112 71 84 229 249 156 27 0 84 142 95 174 150 57 39 40 83 194 177 133 38 70 96 106 152 58 74 20 102 74 169 173 120 65 40 59 17 3 35 77 12 5 57 67 13 22 143 255 247 111 255 235 255 198 182 237 231 255 255 190 254 147 200 43 81 55 55 55 77 92 22 95 124 60 21 33 85 48 29 18 134 107 72 86 42 54 19 17 53 140 156 18 63 90 113 43
51 34 65 124 88 71 57 161 247 131 33 43 15 136 217 163 70 87 95 83 107 171 173 144 93 72 62 55 3 12 10 55 95 66 41 44 78 78 56 72 68 43 24 72 8 16 61 86 28 80 9 217 134 241 255 255 211 181 226 234 255 128 255 245 241 76 140 22 93 67 66 39 76 61 68 147 121 81 88 65 105 46 22 93 211 56 11 127 45 97 66 8 70 34 14 85 135 76 85 133
84 52 10 76 79 78 84 152 192 137 55 114 100 76 90 144 255 250 119 55 74 52 68 104 76 68 178 110 33 98 61 76 97 83 37 130 148 94 45 62 70 61 38 91 109 65 44 21 85 195 152 89 255 218 202 249 247 85 234 255 194 228 255 89 154 49 41 53 92 90 48 43 47 38 80 153 119 107 132 118 156 110 41 164 157 141 35 25 9 131 101 46 49 17 47 132 109 79 45 81
39 124 83 65 98 100 171 236 219 144 44 79 145 124 67 160 246 233 131 98 99 16 74 205 162 80 206 58 42 83 88 59 85 20 3 191 192 113 56 68 100 84 49 49 131 67 112 135 255 219 141 77 207 255 238 211 96 82 138 234 206 251 221 92 143 55 94 41 67 97 3 76 39 69 61 89 130 194 166 125 86 85 59 158 122 135 39 0 100 73 210 186 121 61 109 149 169 126 96 112
0 120 97 53 52 50 120 161 168 106 27 33 100 134 134 186 140 95 68 70 105 90 111 146 119 65 112 118 60 79 99 141 138 70 38 134 154 146 72 48 75 54 46 104 138 2 70 191 234 250 255 119 255 228 252 253 149 154 149 219 249 255 225 168 213 84 145 25 120 143 21 68 96 109 44 39 92 193 132 79 0 90 58 23 117 50 17 155 213 14 253 255 183 56 36 89 131 74 88 108
144 126 61 97 63 51 49 46 69 92 96 130 68 0 75 158 93 34 65 41 83 169 142 31 20 89 83 97 63 111 154 116 109 52 25 55 103 93 12 63 100 120 92 157 121 40 108 237 232 242 252 146 139 193 251 224 242 248 128 231 255 164 189 196 171 111 104 72 166 136 66 44 128 75 18 47 39 104 79 93 67 70 51 9 71 7 63 251 255 89 208 241 187 79 0 37 28 54 86 69
128 207 163 120 195 202 142 71 42 69 99 195 115 39 18 98 99 83 55 56 78 176 177 76 129 145 21 45 22 85 83 44 33 23 53 49 101 76 37 76 162 229 206 209 165 100 98 255 242 255 91 0 255 195 96 255 255 183 231 255 209 76 132 104 116 223 73 57 151 115 86 31 123 88 36 8 30 87 55 76 71 122 78 51 74 53 158 253 252 188 105 93 104 79 56 62 76 73 96 129
50 115 154 50 165 233 171 72 31 47 58 105 137 138 78 65 122 137 47 88 55 86 125 125 153 138 0 128 45 73 72 37 48 61 111 121 156 89 39 103 232 254 255 235 255 130 43 144 255 255 51 62 197 255 157 213 232 255 255 231 146 39 69 78 124 166 73 61 73 72 80 92 101 80 95 18 38 49 73 29 62 46 88 97 133 143 194 236 210 189 69 3 66 108 87 107 132 177 174 194
119 63 148 22 103 115 97 80 124 137 131 70 105 121 63 65 181 191 90 135 123 110 95 97 115 113 106 247 85 53 36 41 92 85 88 115 150 74 18 120 219 236 184 221 251 213 161 57 146 183 68 55 9 72 151 232 248 222 233 255 214 67 20 90 57 33 61 121 73 64 61 118 39 47 128 72 65 29 96 23 94 77 30 28 174 242 147 255 164 94 106 114 188 188 132 152 214 255 246 189
180 166 174 43 162 78 47 128 197 122 72 18 81 101 15 61 12 92 145 121 84 57 45 68 96 57 30 199 123 17 94 85 76 146 116 97 87 75 41 163 248 210 111 218 234 214 221 71 76 110 112 165 199 195 238 249 248 247 249 78 16 56 93 119 103 51 113 152 91 68 35 55 69 47 68 73 49 19 85 45 68 15 15 55 30 172 103 174 149 38 109 151 223 206 189 255 255 246 235 115
133 97 92 106 164 29 44 59 105 87 137 154 135 99 0 119 135 73 50 39 86 140 117 53 41 95 147 118 48 55 161 188 195 195 74 81 72 68 16 158 253 206 141 133 156 103 99 41 77 190 212 255 255 216 182 249 241 251 200 53 21 81 115 115 100 61 77 31 27 55 60 52 88 47 4 52 59 32 45 10 115 124 88 83 15 100 27 99 53 130 124 124 154 155 148 147 155 123 80 32
101 87 37 124 154 22 87 104 20 35 131 195 155 159 62 178 223 117 22 65 85 140 138 51 0 32 22 72 41 33 119 144 184 175 64 97 91 68 33 192 233 255 229 242 217 173 133 69 51 219 250 255 252 218 174 239 253 252 54 23 59 102 93 74 110 70 61 0 24 23 14 21 118 114 88 106 112 58 42 0 116 124 116 111 121 176 185 221 58 255 169 147 83 105 156 27 94 85 11 87
108 101 55 88 70 76 217 181 57 33 63 65 9 90 36 104 149 126 88 79 40 103 173 155 102 72 54 59 50 132 101 74 109 151 67 43 111 141 80 84 44 102 107 255 251 231 172 149 153 246 247 237 255 245 248 202 255 237 44 36 39 56 61 98 128 89 104 72 111 92 26 45 188 189 163 131 87 43 50 35 59 84 112 89 100 64 76 101 35 167 132 116 66 38 132 0 124 93 57 122
121 97 20 30 67 85 181 204 73 40 61 43 0 100 45 43 44 99 193 146 163 232 220 135 44 31 37 50 78 199 178 87 104 123 64 48 184 236 244 255 215 255 238 220 243 255 167 233 231 255 233 255 233 239 255 123 162 160 119 63 27 71 80 100 119 96 113 58 100 151 61 60 131 113 83 81 17 14 25 26 19 65 64 64 142 91 51 108 83 101 125 45 108 14 99 76 170 77 113 71
120 92 30 51 51 58 81 94 28 69 46 145 83 149 143 146 54 143 166 32 63 130 138 73 68 108 113 34 89 132 118 111 137 85 45 228 255 192 253 243 231 255 228 234 255 255 212 246 251 242 239 255 237 255 222 158 79 226 196 203 122 122 64 47 53 28 62 20 62 101 51 51 96 59 34 48 37 63 2 42 71 105 13 0 170 134 119 168 188 13 109 20 125 52 111 184 213 63 111 80
165 37 125 93 67 93 39 76 0 73 28 91 62 84 162 176 86 163 106 136 108 93 62 106 126 143 58 62 23 73 61 90 128 41 69 207 237 82 196 215 239 254 255 242 247 249 248 255 251 232 254 245 255 250 243 236 139 209 236 194 185 166 70 50 62 31 25 81 54 97 113 88 101 82 156 101 62 96 42 68 96 110 39 102 205 229 104 131 147 83 171 39 143 90 139 246 241 133 122 133
228 81 152 105 93 136 144 124 18 36 0 14 37 13 97 132 107 253 206 31 33 34 79 86 170 141 72 55 91 129 47 115 114 5 54 152 233 121 253 249 255 227 241 236 252 246 255 227 189 94 237 255 255 164 185 96 108 99 85 36 145 226 164 138 146 99 43 60 25 70 107 91 53 44 103 124 14 55 40 123 81 117 62 57 140 203 128 89 36 64 46 78 119 97 129 239 245 178 169 197
141 88 90 92 133 147 154 44 80 69 62 144 180 67 94 97 94 186 114 80 79 188 57 53 61 35 21 15 76 113 47 70 94 21 27 63 155 162 250 215 254 234 255 255 252 218 247 239 255 254 254 255 213 200 126 10 0 56 54 60 100 165 151 178 124 137 145 43 96 96 25 10 26 13 94 153 227 93 106 11 106 167 74 12 68 102 102 36 71 51 66 59 136 162 178 200 235 163 149 113
157 127 107 130 198 187 99 60 122 131 155 249 238 110 108 94 35 117 124 45 75 149 80 60 71 100 57 162 42 72 110 66 105 83 118 121 135 91 118 146 245 255 240 218 241 253 247 196 155 232 245 157 101 62 151 145 97 98 46 62 74 122 79 97 87 146 172 3 103 105 33 56 73 96 61 223 230 114 89 49 144 157 10 19 11 48 14 57 117 52 0 42 125 42 128 167 214 190 148 108
144 125 108 183 231 166 56 119 70 55 143 119 109 144 53 91 0 35 27 35 93 103 74 77 54 114 75 186 56 47 76 88 71 129 232 140 109 90 147 193 239 246 226 250 254 191 206 255 241 255 252 189 99 94 193 179 59 90 125 66 54 100 40 10 34 139 159 66 111 90 57 62 113 109 83 148 192 135 131 119 156 125 60 73 45 88 8 125 151 130 93 32 41 3 4 112 85 148 94 104
111 95 57 117 119 89 90 180 23 28 137 27 80 233 59 105 58 85 50 15 83 63 32 65 10 85 69 100 153 102 79 174 94 63 241 254 179 30 25 107 202 255 255 224 248 234 255 238 219 232 239 80 84 58 119 90 17 85 148 59 36 91 78 3 57 165 141 92 103 79 77 63 37 80 133 51 61 70 150 156 107 81 144 102 102 102 15 42 115 98 96 55 85 23 79 189 101 170 156 114
40 39 70 74 38 77 97 137 94 172 166 43 121 237 107 106 59 99 121 0 77 38 0 79 26 121 55 61 175 96 101 183 78 35 215 234 138 63 48 83 172 207 251 246 255 183 247 255 216 90 151 126 78 37 60 68 42 82 80 64 43 74 115 35 105 192 128 46 95 99 108 106 52 40 78 124 43 17 64 145 106 64 133 99 126 121 63 2 99 61 62 50 14 109 116 192 132 172 255 137
87 114 135 127 118 82 50 37 120 241 136 56 74 144 128 110 1 43 85 6 70 33 12 142 105 137 111 127 57 29 126 115 32 68 111 223 139 84 1 57 83 191 238 249 235 82 255 220 241 44 47 77 137 129 113 102 69 70 39 110 121 113 102 32 106 128 85 120 226 219 137 99 107 89 90 122 163 162 90 158 145 71 58 76 90 75 83 91 184 104 94 28 9 93 60 110 86 101 224 236
164 199 119 139 226 66 36 56 91 174 106 64 96 116 156 130 0 51 66 50 52 91 53 182 183 100 121 124 38 22 54 56 38 98 69 65 32 91 62 77 43 77 84 110 119 53 228 74 57 56 69 14 68 76 82 74 33 45 53 158 181 137 114 46 100 75 76 167 243 233 90 60 122 101 66 84 162 222 113 153 177 121 157 75 16 22 53 80 136 102 65 137 148 34 102 97 78 72 137 236
142 141 54 131 193 1 113 157 111 129 154 171 210 72 125 104 40 120 110 76 81 112 66 219 191 58 73 56 129 62 35 50 43 112 109 102 73 73 37 49 28 110 180 140 74 87 157 82 63 57 37 82 141 21 41 87 54 12 7 115 192 159 123 51 116 66 80 10 104 112 64 79 86 40 31 61 74 75 2 172 225 206 244 137 56 79 29 84 39 43 62 182 200 62 116 94 70 76 63 163
108 22 139 73 87 168 70 45 42 101 132 218 147 44 35 91 74 55 113 146 247 226 117 78 125 89 45 111 114 131 81 33 117 80 90 183 203 119 52 50 57 148 214 173 60 125 117 104 50 89 181 108 79 46 26 82 62 36 67 110 155 125 92 63 40 54 54 26 69 91 0 35 78 62 65 2 31 114 30 70 219 253 248 192 125 138 1 114 177 119 81 145 124 107 107 112 105 97 50 112
38 89 103 89 25 97 92 119 69 43 26 34 148 176 116 49 40 53 80 111 226 184 65 72 220 207 55 60 75 171 136 59 44 26 91 175 131 17 35 86 101 122 118 142 66 126 184 125 0 52 42 47 76 76 89 62 36 66 146 120 95 57 23 37 19 63 65 73 47 99 59 59 89 72 182 149 139 124 56 95 182 177 136 114 98 110 0 80 152 99 51 193 187 169 147 118 101 43 18 63
38 128 84 102 10 79 54 48 14 48 60 25 87 167 98 44 65 78 68 91 24 67 56 148 142 56 125 123 50 81 164 101 52 20 55 129 111 25 46 64 43 44 59 53 72 79 110 100 38 132 74 40 37 56 39 21 72 124 169 106 37 11 45 120 97 48 76 153 116 117 129 72 53 77 243 215 188 113 39 47 107 54 85 37 33 28 42 47 94 50 58 153 156 137 151 135 122 79 78 50
124 38 66 121 29 82 14 60 60 115 196 73 73 72 97 53 47 85 58 104 98 148 75 123 178 80 126 148 67 66 69 74 61 36 21 82 110 49 62 85 36 41 65 16 98 100 11 61 90 179 86 138 75 37 49 27 99 180 179 149 47 0 112 240 204 55 11 208 178 149 94 80 34 83 196 148 139 83 31 58 52 17 156 77 36 0 74 75 70 17 88 92 103 128 138 133 102 110 116 38
173 55 104 111 37 96 60 124 195 194 168 37 20 111 161 65 2 60 126 127 130 127 103 106 123 60 80 58 71 74 72 20 31 96 91 107 107 36 55 118 92 108 83 63 89 118 48 82 113 90 71 181 95 96 53 26 50 132 101 168 98 0 83 157 150 102 66 93 110 90 78 84 53 84 100 38 89 105 82 135 102 41 175 115 108 45 76 67 99 20 62 85 112 134 112 68 44 59 68 40
148 108 120 82 77 125 59 74 107 117 37 33 88 156 119 25 42 98 135 187 94 37 87 131 68 17 53 22 62 56 35 37 82 147 93 63 129 75 56 70 53 96 74 98 7 74 50 114 79 52 171 111 59 41 93 104 103 64 30 116 84 31 20 76 94 72 92 2 62 47 35 85 75 71 26 18 34 96 165 221 167 72 98 118 200 115 52 58 130 110 34 78 134 142 98 52 65 39 42 110
136 108 92 80 55 117 24 39 33 48 5 121 232 196 79 66 121 133 87 136 221 97 65 97 156 175 40 19 93 25 43 37 95 174 64 11 150 102 47 33 29 82 62 99 42 47 56 130 33 53 186 104 72 78 168 236 181 101 66 99 118 97 45 75 129 104 43 28 106 36 52 60 67 107 71 36 35 117 171 207 155 41 38 115 190 131 63 106 98 124 48 72 136 150 115 101 135 103 22 180
121 131 120 62 1 92 83 130 123 134 88 138 240 255 174 168 159 78 33 147 235 101 113 136 67 200 145 68 95 85 53 10 26 140 75 53 118 65 33 65 133 148 80 101 141 116 127 145 20 52 7 84 120 153 208 224 92 15 76 196 200 119 16 144 220 196 73 110 132 46 48 68 94 215 195 41 26 137 177 121 89 39 62 115 151 106 76 141 61 122 86 78 140 143 111 138 205 125 9 148
88 50 91 75 26 41 51 62 207 77 106 148 158 139 86 126 182 95 32 101 71 91 159 64 228 93 58 63 36 46 18 40 144 112 31 48 35 53 37 58 128 135 71 65 175 141 107 45 49 143 43 134 146 136 113 64 69 62 90 70 158 205 84 36 74 98 48 126 90 58 13 78 74 102 113 24 28 28 70 85 70 78 140 145 203 181 159 140 134 188 218 125 117 90 70 131 161 50 21 30
24 6 96 118 80 104 105 26 84 0 133 74 48 106 90 75 144 128 89 133 75 119 170 65 214 149 177 196 58 61 104 44 79 98 160 160 56 49 14 11 76 103 87 47 115 76 70 57 132 163 106 22 105 172 135 55 26 105 208 125 165 113 72 40 88 107 73 95 34 17 0 41 37 71 87 28 22 69 90 89 74 82 142 153 196 190 169 112 109 121 210 80 72 100 99 119 128 69 123 67
117 100 132 150 83 134 141 63 90 51 193 104 66 97 69 73 70 28 38 80 61 33 86 39 114 109 169 204 118 135 132 31 25 133 241 172 85 63 34 35 98 109 106 82 63 14 72 157 134 169 167 56 62 102 121 97 61 97 135 149 160 129 110 139 153 132 62 55 47 26 112 99 89 56 54 111 57 94 69 114 158 99 91 122 91 96 99 85 64 98 220 99 33 68 76 57 93 108 127 102
158 89 69 129 108 95 97 99 194 137 165 86 48 104 158 229 220 128 103 44 54 55 111 31 75 51 121 100 92 163 95 48 108 188 180 128 56 36 25 71 180 159 133 194 133 72 130 210 148 133 126 109 57 57 134 166 121 47 0 93 155 190 121 123 135 111 58 110 114 76 186 131 99 29 44 139 77 102 63 99 170 60 16 42 0 29 64 40 45 135 249 206 54 33 67 88 126 155 115 121
138 163 158 115 103 69 101 112 166 101 74 54 4 79 186 255 251 202 188 108 117 94 124 98 77 42 98 53 55 127 85 94 235 190 28 82 16 24 16 92 238 188 114 232 167 121 179 221 136 30 106 95 101 92 137 150 82 26 31 11 107 145 122 70 110 82 47 138 80 39 107 67 74 34 85 104 67 112 87 38 70 24 58 49 0 42 137 97 75 108 120 198 86 49 60 74 89 97 56 64
80 167 248 107 77 53 140 117 67 29 66 79 46 110 144 183 142 78 99 57 104 61 96 93 70 72 110 34 54 163 123 86 180 137 67 69 31 29 15 56 186 168 105 203 117 88 129 149 79 5 39 126 93 86 92 66 13 22 32 4 62 86 46 38 92 89 35 77 55 39 80 82 66 79 109 31 63 58 34 34 23 53 65 76 35 84 116 78 97 104 70 129 113 60 91 54 36 56 0 63
64 28 69 102 70 53 157 77 25 14 87 121 68 108 135 137 136 91 107 13 79 21 55 76 64 71 74 45 61 183 108 49 100 134 105 73 28 77 82 81 112 133 173 167 27 34 62 34 41 0 65 106 103 66 21 11 39 26 14 59 43 54 44 76 67 56 42 40 30 82 118 144 106 63 58 65 71 0 54 81 57 106 94 80 70 97 70 19 101 163 73 110 169 115 84 96 66 94 59 107
115 76 149 68 113 70 100 28 30 32 64 88 48 49 92 145 161 57 80 79 180 138 116 117 27 24 28 50 73 133 61 19 141 116 50 29 52 166 178 129 85 119 250 184 63 45 17 4 66 23 89 90 89 59 34 27 45 66 77 53 51 93 132 78 0 0 35 44 46 100 99 111 67 57 19 76 104 19 97 63 0 149 164 70 83 155 113 36 126 171 92 90 168 27 0 36 51 89 82 96
179 189 129 33 36 96 24 69 67 78 51 63 66 32 93 236 161 26 78 175 174 129 99 139 151 119 95 63 81 83 89 90 59 56 88 151 141 141 106 70 81 116 236 126 92 68 41 89 121 105 27 117 65 4 25 89 89 60 69 25 42 38 69 54 49 25 55 40 21 47 24 13 80 132 55 39 66 94 128 29 123 90 64 67 123 95 20 14 85 173 163 111 107 68 64 22 48 86 87 65
106 88 25 99 117 127 54 46 27 51 66 84 66 6 40 135 72 28 117 211 164 95 48 89 127 113 102 85 130 139 164 170 114 42 40 124 156 160 136 116 110 135 189 39 63 111 157 192 174 122 150 0 58 66 72 128 104 59 77 105 117 70 0 66 79 70 149 76 49 123 83 65 151 168 145 123 83 178 164 74 127 100 136 93 72 51 59 96 112 98 118 168 61 1 17 41 56 95 93 66
87 71 32 98 88 127 64 45 75 91 207 227 133 92 105 51 49 82 95 81 142 135 125 158 145 83 26 45 81 84 72 106 70 21 4 37 73 123 163 178 139 108 137 46 83 157 218 173 168 182 230 207 78 18 91 143 92 51 85 101 185 127 12 76 54 56 205 100 60 150 73 58 136 49 107 179 95 154 105 42 124 70 150 96 45 31 61 81 48 81 150 93 36 1 70 74 37 72 48 32
101 93 115 24 79 53 50 54 119 97 251 249 118 128 158 33 15 100 76 37 131 127 113 127 120 67 41 62 92 63 7 28 51 50 54 57 66 85 113 132 95 43 80 62 83 109 130 83 74 141 255 196 31 2 166 250 174 65 62 55 166 73 46 168 113 47 158 144 113 114 74 102 133 52 77 123 66 103 77 24 104 13 104 59 38 53 101 116 74 115 172 44 58 31 83 51 2 52 30 75
115 101 46 117 137 83 97 138 201 141 255 217 82 110 151 43 57 105 50 73 137 114 60 41 61 75 98 32 80 84 64 50 51 60 80 93 83 45 45 75 56 55 89 53 45 44 56 81 57 112 161 91 137 117 112 144 137 67 43 57 91 24 58 238 247 95 111 232 199 36 34 87 75 132 107 48 46 102 117 59 114 0 66 14 14 53 143 202 189 109 77 96 100 57 7 21 55 111 87 166
122 76 28 95 81 53 41 95 157 63 116 168 65 87 114 50 52 115 47 24 83 112 108 94 70 33 50 54 108 113 78 30 43 42 25 36 34 10 43 100 88 63 106 62 57 82 141 142 97 40 35 130 136 129 103 46 20 16 83 99 125 108 96 179 196 123 157 212 215 59 129 124 55 138 30 79 98 90 73 56 88 19 56 8 42 85 111 134 119 73 57 120 123 41 45 95 158 193 66 101
102 52 43 141 102 109 68 161 226 161 92 82 39 42 78 18 29 37 36 64 95 80 97 120 82 46 87 67 152 146 53 66 74 88 72 50 32 42 95 128 63 7 29 58 96 98 124 125 101 70 13 26 3 24 164 238 106 84 139 163 177 168 158 74 32 110 143 147 146 169 222 154 53 83 62 107 180 62 40 17 43 64 46 40 107 187 100 25 0 57 116 135 93 79 135 155 148 142 18 83
96 51 63 82 20 75 37 115 190 160 57 24 55 45 62 96 72 59 97 74 80 101 159 170 137 66 55 33 106 125 73 78 113 59 40 74 63 40 82 125 66 47 60 61 58 38 31 41 52 62 83 88 61 61 145 225 192 188 215 186 117 165 152 39 41 69 17 13 31 121 138 24 2 53 101 96 220 94 74 53 61 32 10 126 156 198 157 102 26 100 157 123 145 129 150 112 55 57 0 146
108 40 57 42 64 143 127 125 113 109 64 35 102 112 52 153 113 145 224 138 132 151 142 60 21 72 133 201 111 75 129 82 70 72 93 105 53 25 75 110 117 78 71 50 73 94 41 48 59 29 128 149 108 102 53 106 165 70 227 87 157 31 66 0 82 147 54 45 91 48 57 96 37 12 118 142 173 87 111 84 57 89 106 170 89 37 59 13 68 221 240 66 144 152 146 67 65 99 71 235
94 41 52 57 77 101 108 91 130 105 48 19 86 147 91 200 149 159 197 77 109 151 143 75 22 49 70 230 139 126 177 82 65 86 80 48 1 3 67 103 85 19 49 51 110 150 69 109 84 6 102 167 96 84 69 175 160 1 87 174 207 90 51 69 160 129 29 46 65 54 92 53 38 95 139 75 137 92 57 49 66 140 109 133 104 51 51 14 43 177 166 17 64 98 91 62 76 105 34 97
59 58 35 45 39 77 114 107 58 60 71 129 174 149 81 141 165 171 174 41 79 123 114 54 21 22 17 147 89 74 40 24 17 45 31 33 57 64 82 104 51 41 134 119 141 150 63 99 54 2 70 203 140 53 91 191 160 38 60 201 184 84 118 106 164 130 40 33 51 106 109 54 41 130 167 38 140 180 176 112 78 72 0 38 37 27 43 47 77 99 81 93 56 91 57 76 133 138 63 52
81 79 39 39 79 125 135 85 42 51 125 155 194 134 61 83 108 133 150 41 59 103 115 57 10 20 15 71 82 106 59 120 94 150 93 35 55 60 74 119 70 50 105 81 116 114 52 41 54 33 51 145 149 25 39 64 19 37 65 144 142 110 212 184 105 39 89 99 152 221 166 92 108 130 120 28 113 79 69 80 42 95 120 83 59 70 112 97 48 82 92 123 39 98 73 97 176 130 96 73
44 60 108 122 179 138 132 99 52 63 165 73 149 176 87 55 64 84 132 72 52 51 66 23 29 49 28 12 35 58 9 31 26 51 18 65 136 71 42 134 140 51 28 23 77 62 74 92 80 73 68 67 154 77 61 39 34 99 50 85 70 108 134 162 48 3 106 53 217 234 97 80 91 44 72 58 35 4 34 28 27 124 194 104 184 151 131 88 49 60 68 98 80 119 121 189 219 103 77 38
25 81 175 255 234 97 74 95 103 74 151 162 146 128 94 63 104 107 106 62 36 47 31 4 38 99 49 53 121 97 70 94 65 71 61 68 162 159 111 121 113 35 30 34 65 48 77 85 129 163 149 130 154 73 65 74 107 202 143 86 74 106 20 72 66 12 44 130 250 243 122 136 144 99 135 135 72 35 70 61 64 114 153 21 231 235 104 54 32 91 97 146 117 114 106 149 140 100 57 113
93 167 201 219 221 74 10 88 113 59 104 211 168 43 76 88 115 77 87 101 81 47 28 47 53 85 43 76 147 114 79 94 119 68 88 49 86 169 153 94 39 18 43 64 76 19 54 80 151 251 213 83 80 72 82 34 76 151 176 151 175 168 0 84 82 63 74 89 126 105 36 59 51 20 61 117 108 21 28 92 138 255 248 38 100 117 98 80 72 100 123 106 106 37 47 59 37 52 95 157
242 255 218 157 162 51 0 86 82 56 47 74 72 85 132 12 35 41 98 139 135 99 52 36 82 71 17 48 89 45 32 57 53 28 93 78 28 66 159 175 93 66 41 61 87 19 76 120 162 255 212 87 99 107 133 93 24 49 92 98 130 128 19 83 55 10 78 97 9 43 116 67 39 49 40 57 113 58 49 132 231 238 152 72 54 11 92 199 81 74 84 38 88 53 136 175 112 107 151 121
232 150 120 60 70 53 29 111 132 27 58 60 51 109 145 94 42 55 78 67 72 107 105 87 75 53 7 30 39 5 37 83 150 105 58 122 128 61 135 144 95 65 4 40 91 4 52 86 19 72 67 63 151 159 199 207 92 78 61 82 69 80 125 87 76 148 105 61 58 32 41 66 18 95 95 97 191 147 62 62 51 111 56 49 38 70 100 80 170 160 133 98 115 101 163 211 101 69 131 61
