122 54 107 229 239 245 173 60 143 255 243 252 255 223 101 86 171 213 225 24 164 99 160 178 127 187 129 201 247 160 147 101 230 115 5 62 142 233 148 67 82 129 75 117 90 58 16 27 95 46 69 201 234 126 117 116 144 107 150 100 74 50 46 11 33 47 31 37 67 86 22 14 58 91 35 86 88 105 129 149 145 122 71 40 64 61 55 20 9 46 74 119 150 147 141 129 99 79 49 72
28 8 92 169 219 202 255 118 189 229 246 186 250 240 119 13 161 210 255 112 53 30 1 83 201 150 103 101 95 125 225 211 91 66 148 192 223 255 229 175 105 188 182 176 141 105 148 145 133 135 136 127 184 117 91 70 80 0 71 44 54 52 25 51 53 62 46 53 41 62 67 55 88 107 63 95 107 121 127 136 123 94 39 38 51 50 47 43 22 60 61 57 66 75 83 69 59 40 6 52
80 180 166 241 203 49 230 175 254 250 255 255 238 255 109 97 245 227 234 131 151 121 177 114 0 132 156 156 61 86 63 119 65 182 242 255 255 211 51 128 162 225 191 194 200 105 255 197 173 181 93 72 132 73 135 232 255 169 144 65 70 75 57 65 70 78 64 56 20 69 129 88 103 91 50 38 60 73 67 71 66 37 0 32 41 32 24 41 38 30 17 35 32 4 21 56 107 78 19 44
100 241 247 226 237 103 110 227 212 242 255 109 234 93 18 113 255 187 99 91 70 203 255 208 101 4 114 177 78 150 10 157 77 177 255 209 203 135 62 211 255 206 251 211 212 86 253 255 215 245 123 240 253 89 106 189 211 204 96 47 58 31 64 9 74 52 56 64 45 76 104 68 19 25 39 14 38 44 40 59 63 40 21 60 79 45 29 33 39 62 53 50 57 63 76 73 32 39 35 59
124 124 209 147 189 240 190 69 201 184 168 116 123 86 103 178 93 106 170 86 125 197 238 223 6 79 101 57 173 243 101 109 110 230 255 148 112 84 82 255 254 147 180 185 216 66 234 243 246 252 124 225 253 141 104 58 33 104 36 72 95 37 99 47 72 15 42 64 73 60 27 44 65 85 124 77 65 25 0 13 30 11 13 27 77 41 42 25 12 44 32 23 43 68 73 48 50 60 65 19
191 165 114 58 107 242 192 0 253 255 246 187 104 156 251 252 139 222 205 255 179 76 250 247 156 88 138 146 112 61 78 224 251 237 101 72 101 249 221 215 235 131 255 229 211 118 168 255 255 218 162 149 228 248 243 164 72 143 105 83 66 44 99 90 66 33 58 24 45 67 40 74 119 99 95 55 68 52 34 50 67 48 46 28 89 62 82 55 32 41 23 28 50 64 75 69 24 57 111 74
169 105 166 200 168 255 151 60 247 234 254 229 210 255 243 7 31 255 140 252 255 202 198 92 227 88 80 150 84 90 121 31 59 218 200 178 190 229 255 255 235 157 244 255 248 172 106 127 186 126 123 66 108 130 163 163 127 159 126 61 28 44 73 77 54 51 67 3 20 72 86 97 109 75 42 20 42 40 40 64 106 95 81 50 84 56 64 35 10 59 49 22 36 75 91 62 79 83 108 68
125 19 74 125 121 103 114 143 187 179 196 197 252 182 210 255 204 77 201 255 39 141 159 254 49 37 154 109 100 120 112 64 64 127 81 183 131 220 241 134 162 83 179 234 255 226 57 58 65 64 101 115 93 26 18 40 33 40 43 69 71 54 44 37 45 24 46 33 41 47 71 72 49 71 80 74 48 1 0 34 55 63 58 53 76 56 53 29 1 33 39 45 47 40 52 57 45 38 60 58
255 111 88 124 216 150 213 211 70 113 105 108 72 79 255 254 255 175 87 100 132 111 98 228 220 222 2 98 39 152 192 154 120 30 47 102 88 191 230 45 75 28 129 135 168 195 64 40 51 114 152 228 206 143 101 63 24 14 40 80 58 66 7 33 24 56 52 15 2 20 41 53 29 43 90 48 49 48 26 37 53 49 17 71 76 48 83 46 17 27 17 22 13 7 22 27 23 21 17 107
215 14 176 124 219 211 240 200 189 230 255 212 218 225 255 94 95 253 229 82 175 101 226 222 225 208 114 233 126 87 141 91 137 36 162 167 59 105 174 34 134 37 21 37 49 80 22 45 21 121 130 161 144 179 158 96 29 40 73 94 50 52 13 54 47 62 47 13 4 20 42 59 67 69 60 57 87 121 93 61 37 58 63 109 95 46 70 66 31 53 48 35 16 11 28 27 13 31 42 39
203 35 103 108 208 158 176 1 153 255 202 255 107 146 129 111 78 255 231 255 37 48 189 255 236 91 191 202 255 255 192 28 219 7 157 160 80 111 162 16 125 62 12 66 57 70 54 78 55 102 47 41 5 66 71 48 22 61 118 143 99 93 58 89 14 37 47 41 35 33 47 70 118 112 80 123 152 164 105 38 31 72 107 135 103 35 25 42 30 50 42 26 25 35 55 42 34 58 78 20
249 88 70 52 75 126 35 22 113 255 241 117 88 132 99 185 32 52 167 233 65 19 105 85 216 197 170 255 124 115 101 122 135 51 107 44 111 139 109 52 54 55 31 60 26 22 24 29 1 35 26 64 48 63 54 45 41 77 125 146 115 101 55 58 39 71 102 111 94 65 67 96 88 80 88 137 147 130 77 37 61 76 77 55 30 6 12 58 42 35 15 9 41 57 70 40 45 67 68 51
241 255 148 208 96 129 140 200 206 189 123 179 71 68 86 181 80 108 168 225 78 107 129 220 255 254 104 123 139 61 122 109 84 140 171 50 73 115 94 36 27 44 61 57 25 11 13 12 16 34 24 6 6 26 50 44 34 50 67 72 53 48 24 24 42 56 76 92 86 62 71 110 92 70 104 87 83 87 82 90 79 94 92 52 27 14 3 31 62 39 21 24 65 60 61 26 22 68 33 66
245 255 158 192 69 153 220 240 220 228 182 122 83 101 74 216 77 88 80 165 159 116 77 77 79 221 94 255 255 93 110 94 16 127 131 33 47 47 39 66 18 14 45 54 44 25 21 25 8 22 35 14 25 28 46 38 15 28 37 35 19 14 18 30 29 21 24 48 64 56 67 101 95 62 87 22 14 52 71 79 89 95 86 47 22 18 21 40 46 37 42 48 82 57 63 36 23 105 51 76
164 105 135 115 64 166 175 126 185 255 233 164 139 163 172 194 74 34 29 78 217 137 237 128 119 208 88 104 0 50 18 107 98 97 132 92 38 0 19 41 50 32 20 42 24 15 21 33 28 26 41 45 46 31 22 24 30 44 54 53 32 11 19 33 38 21 10 20 24 9 14 46 45 12 23 13 13 44 51 37 2 12 38 66 65 47 37 25 21 28 45 36 65 42 60 36 37 120 85 77
92 43 150 66 13 73 84 74 180 243 255 233 157 185 173 192 84 74 56 185 207 65 139 97 102 181 160 247 104 92 44 96 113 66 86 69 106 88 47 12 23 37 9 52 16 15 20 18 19 25 28 38 34 49 31 29 24 32 40 47 40 21 37 52 76 62 46 38 24 7 28 75 84 44 39 104 98 92 78 56 22 5 21 82 95 70 57 28 27 34 38 6 30 13 35 2 27 85 78 55
57 78 143 102 19 58 103 92 134 111 194 224 122 77 111 130 107 127 71 249 232 243 253 255 73 123 67 189 187 0 116 72 108 94 89 68 88 69 3 14 50 25 0 50 43 29 33 38 29 51 44 25 36 59 60 49 48 29 12 81 59 48 36 56 60 49 54 53 50 22 27 89 112 88 88 80 113 102 71 53 49 61 61 49 49 53 35 7 7 15 38 6 28 15 31 11 19 76 42 59
53 90 139 154 192 144 143 56 43 0 105 181 49 12 65 55 92 123 91 253 252 248 215 183 29 25 143 161 166 94 255 242 232 127 32 62 34 36 0 57 59 42 27 44 34 32 46 54 38 41 32 32 51 64 62 60 57 36 9 65 53 55 40 40 42 24 21 27 40 25 3 28 34 37 57 46 73 67 33 2 33 51 57 44 32 28 22 11 16 0 17 13 48 26 39 32 38 78 47 72
36 67 153 143 214 144 56 9 127 66 150 111 49 60 81 53 73 96 100 228 217 233 245 234 233 187 255 246 84 120 81 255 243 165 72 41 30 66 96 86 90 77 78 44 18 11 18 20 29 27 28 40 50 37 29 39 53 38 8 45 37 50 42 33 30 29 42 65 93 96 56 46 70 75 107 119 178 191 134 60 93 87 75 64 62 64 61 54 31 41 53 14 24 22 45 35 29 53 32 63
36 69 99 16 85 157 80 33 63 109 99 82 150 113 29 67 87 85 102 211 197 196 222 236 237 255 247 195 24 66 81 159 231 166 82 62 60 29 49 27 25 21 59 30 26 30 41 50 36 40 42 43 35 17 23 51 60 47 20 44 30 37 41 38 25 39 54 63 67 82 47 33 80 137 218 214 205 190 178 160 92 62 39 48 72 78 57 33 29 58 72 27 27 35 52 32 33 53 42 60
0 13 34 73 125 143 152 117 138 166 160 255 186 92 52 54 135 138 105 213 255 199 138 164 197 194 246 160 188 118 43 51 122 123 26 60 53 51 37 42 32 16 51 31 27 18 18 27 38 40 29 17 15 20 41 71 92 68 40 61 54 53 59 58 39 47 47 44 32 68 55 54 77 65 99 106 128 132 120 95 64 51 50 69 86 76 47 23 22 22 37 46 66 57 48 31 34 55 54 45
84 113 146 94 101 157 213 129 125 189 242 165 109 67 37 63 141 163 31 83 166 89 15 89 95 78 142 99 105 106 192 132 56 153 97 46 31 61 65 40 38 17 32 34 32 24 27 35 27 27 15 12 31 44 43 43 47 18 0 18 29 32 41 33 18 16 18 39 36 84 70 65 62 26 42 31 28 28 47 54 51 68 83 78 53 29 23 29 42 42 42 37 39 34 26 12 16 34 46 25
95 62 79 57 69 156 202 146 87 132 249 146 187 239 204 169 245 255 95 84 82 54 72 143 101 35 105 122 229 210 129 43 44 95 94 55 47 30 62 60 47 38 28 45 35 31 35 31 30 30 28 44 70 71 46 28 36 28 18 30 38 48 67 55 48 34 34 70 59 94 61 49 87 70 102 72 20 0 6 22 60 85 100 82 45 25 31 47 55 69 59 26 2 5 8 3 26 31 57 46
153 143 48 65 8 80 197 189 113 111 75 198 255 249 164 96 236 243 131 128 34 57 149 140 158 195 119 104 152 249 180 65 56 36 11 60 38 53 55 66 38 46 25 53 38 40 44 27 28 25 24 43 67 63 45 40 43 64 67 54 40 46 75 66 70 43 33 65 41 70 43 43 75 81 141 126 72 27 24 19 29 52 73 74 63 52 42 33 40 28 26 39 33 17 11 22 49 39 71 70
102 98 11 66 24 61 102 103 73 52 69 159 185 167 76 63 217 255 160 178 105 123 112 77 219 255 121 170 107 243 255 171 78 2 59 80 58 40 52 57 53 31 43 27 33 31 31 23 18 15 14 3 42 51 60 49 47 44 48 5 4 22 0 25 29 12 0 49 48 75 45 36 67 77 115 87 50 32 56 37 29 19 36 64 71 59 42 25 22 9 25 51 47 30 27 33 42 40 44 52
45 40 16 48 33 81 48 14 4 52 113 4 39 69 55 105 154 172 133 195 229 220 186 156 255 251 146 218 255 254 162 109 92 75 84 99 76 52 44 53 43 22 37 24 33 31 27 17 13 17 24 22 41 49 45 24 22 25 24 0 23 51 19 11 21 37 35 59 38 68 51 40 54 42 63 63 41 31 46 35 34 40 46 38 29 37 51 53 57 45 42 40 29 28 35 36 30 24 22 24
28 34 32 42 38 67 59 37 63 69 64 21 58 87 120 113 77 67 89 176 254 239 246 250 255 215 145 64 80 164 255 243 67 68 74 116 74 50 40 34 36 17 36 25 36 37 37 30 21 27 30 37 36 52 39 13 31 44 34 19 44 67 43 12 25 55 62 63 10 12 0 0 27 13 37 82 73 55 30 10 11 26 43 49 45 44 53 62 54 45 34 17 10 28 42 35 35 27 21 20
46 59 26 40 45 31 109 116 70 56 26 51 89 27 71 76 37 60 37 132 248 248 233 255 255 193 174 83 51 81 182 114 81 25 64 105 40 35 43 15 25 12 34 21 27 28 36 37 39 33 19 27 19 49 40 20 29 46 34 21 21 26 29 12 12 25 41 66 35 38 47 73 70 41 27 59 56 73 74 81 44 34 47 82 89 51 21 23 31 22 17 15 20 40 46 33 29 24 22 25
32 49 24 27 44 14 95 101 60 95 103 11 113 4 26 79 138 194 58 120 212 199 73 57 244 253 171 78 76 41 63 19 132 46 89 63 21 41 37 10 27 24 57 46 45 42 54 60 51 33 2 8 8 39 32 23 15 22 20 20 8 2 18 22 34 22 17 31 15 21 30 44 33 54 77 118 115 123 102 92 74 48 34 59 78 50 21 26 33 14 16 36 49 53 48 34 23 23 29 40
11 41 66 21 25 12 49 65 31 89 73 21 121 48 91 51 131 162 71 116 105 151 82 44 151 216 98 42 131 184 147 62 104 64 93 21 39 69 16 3 23 27 69 64 66 65 79 87 57 38 5 8 24 32 20 25 21 8 20 33 30 25 25 26 30 30 33 39 42 56 45 18 11 47 73 84 77 81 73 68 46 44 20 13 35 41 36 47 32 7 13 46 58 51 43 38 23 24 32 45
25 58 74 22 20 9 48 76 23 61 27 65 88 49 167 59 99 81 93 104 61 144 142 129 28 109 123 139 127 143 113 82 63 45 59 25 53 73 6 3 28 22 52 39 41 43 60 69 57 44 18 16 49 27 12 37 25 1 28 39 42 52 30 20 31 32 41 47 52 56 38 4 7 35 51 34 26 17 21 24 37 52 33 16 30 31 23 35 25 8 20 48 52 39 34 33 24 21 21 26
50 67 20 17 40 9 74 85 82 60 46 0 49 28 164 86 106 74 94 61 127 168 78 92 59 138 219 233 140 115 72 84 94 39 34 56 44 51 14 16 76 52 57 25 18 19 35 43 50 43 22 16 59 19 8 48 31 9 49 49 52 79 50 37 44 21 18 27 31 29 36 36 44 65 85 63 62 36 39 42 40 49 37 41 61 47 33 56 33 27 43 61 51 34 26 24 46 37 28 25
70 79 0 20 55 29 64 80 59 52 17 24 74 15 91 134 195 119 50 73 193 149 44 69 95 158 255 215 219 244 96 95 87 56 43 75 28 48 9 58 100 81 70 35 21 5 27 23 34 12 19 35 28 28 38 37 39 44 41 34 64 77 41 27 28 30 6 28 26 22 25 42 56 62 69 62 54 39 28 45 58 60 28 63 62 47 39 44 24 23 79 68 51 23 19 37 39 65 43 0
80 79 13 41 73 44 53 36 6 46 30 107 157 67 78 161 193 79 125 82 101 97 120 116 155 183 248 249 211 214 71 39 43 77 109 114 36 52 35 55 88 50 63 34 28 36 21 38 37 15 18 32 29 30 35 30 48 58 42 15 49 84 53 25 34 28 3 39 48 43 24 16 45 59 57 40 30 11 0 19 32 62 58 61 46 22 16 33 18 30 74 74 44 10 9 23 51 67 48 14
111 90 30 47 68 55 58 22 9 71 79 186 174 92 86 178 123 35 181 83 20 29 137 129 241 252 255 232 117 139 151 255 203 174 138 94 44 20 20 41 47 27 25 21 17 36 39 67 59 34 24 26 23 25 30 26 55 64 47 13 39 76 62 52 44 36 6 23 12 5 0 2 45 79 72 42 26 7 12 48 53 63 52 26 53 56 32 30 16 43 69 86 43 8 11 21 44 47 32 16
94 73 38 41 47 56 72 39 17 61 88 168 103 100 164 235 201 151 211 86 33 56 171 220 232 234 239 255 237 188 81 156 177 94 64 30 85 49 91 107 32 67 21 43 23 10 41 36 11 9 17 33 47 59 67 69 55 58 48 22 25 33 30 58 87 77 45 48 20 18 32 45 44 75 52 25 24 13 21 50 81 64 44 4 68 86 36 5 24 54 63 95 50 22 30 37 35 26 18 20
30 37 49 45 31 47 62 37 25 43 52 96 62 108 206 255 255 217 145 86 104 160 218 255 253 255 240 233 255 176 46 192 162 68 133 63 85 25 134 117 17 74 40 69 62 45 44 9 36 51 62 62 53 36 16 6 15 22 23 10 17 23 22 55 53 42 22 42 26 33 41 36 61 76 43 35 48 39 39 41 44 53 68 35 71 71 31 13 33 54 52 85 50 32 44 50 48 29 26 40
20 45 76 49 17 34 39 22 38 47 23 59 95 119 160 222 243 201 103 118 186 255 244 214 247 255 255 240 255 171 45 210 126 7 158 105 86 16 168 172 23 35 38 40 71 90 40 22 23 43 44 34 29 23 17 20 15 27 24 6 28 49 32 33 25 23 18 45 24 33 49 43 73 103 97 102 86 62 90 103 76 87 105 84 67 42 29 37 32 36 41 59 37 25 39 50 56 33 32 49
53 77 101 50 18 42 33 19 17 30 12 67 110 118 105 145 186 155 97 68 144 221 202 131 123 139 159 177 151 112 98 255 175 62 167 115 126 23 54 84 76 48 44 19 56 63 14 22 33 46 29 7 12 24 35 52 56 57 44 23 40 49 17 9 21 20 19 41 11 22 47 44 60 98 113 119 65 33 103 141 145 118 97 101 57 19 17 23 20 11 35 33 22 14 29 49 49 25 28 43
59 83 106 55 38 68 43 23 9 19 25 85 72 85 61 58 72 91 102 9 102 179 185 132 70 66 86 145 60 61 114 243 253 204 206 106 202 128 38 91 93 76 52 40 70 32 20 34 67 78 55 26 29 34 34 43 32 24 23 26 46 43 23 43 32 16 8 43 31 48 55 28 66 75 73 80 23 0 80 114 101 59 34 86 52 21 29 30 8 0 35 20 15 8 25 53 44 21 27 42
70 63 47 47 52 72 73 20 25 25 24 50 49 68 47 32 27 60 80 56 72 91 121 81 36 60 138 158 55 106 127 250 255 246 242 57 255 252 118 129 140 109 117 26 38 48 85 113 119 75 45 47 32 25 25 34 52 44 62 34 54 75 95 84 81 48 1 63 49 61 43 23 30 42 43 24 45 67 106 82 39 24 41 43 29 34 34 28 9 16 26 39 25 21 37 42 41 41 53 30
54 47 34 35 36 53 72 45 59 59 0 37 30 20 64 56 53 53 55 37 14 19 36 45 40 68 147 134 138 200 159 236 245 255 248 142 253 250 133 123 130 168 249 74 54 80 145 138 93 68 20 64 44 13 37 58 81 81 70 51 55 88 97 95 89 76 54 47 41 52 72 33 19 42 38 39 85 124 121 58 27 18 28 38 20 15 39 53 45 30 11 49 30 37 31 48 29 28 47 40
44 37 22 28 35 50 69 52 65 56 0 7 52 62 38 56 71 63 23 55 39 76 118 148 166 129 129 71 190 252 181 255 252 236 255 140 187 187 197 253 227 138 225 192 143 102 116 98 57 39 96 77 32 52 82 59 58 49 21 24 39 92 57 47 62 70 69 41 21 37 60 13 36 47 32 54 80 91 77 54 39 22 5 30 29 18 48 52 64 48 35 41 35 32 25 31 30 27 55 67
31 31 17 28 49 66 68 37 23 18 21 16 65 109 62 45 91 126 0 87 82 119 232 214 225 71 103 107 94 65 98 209 242 235 254 255 217 235 144 210 250 79 237 236 210 216 133 82 52 30 22 22 99 38 52 36 19 32 61 51 41 80 33 62 50 47 42 54 26 72 81 48 40 51 22 38 35 35 23 24 39 37 6 32 39 23 47 31 33 44 76 13 34 12 30 16 36 26 57 82
21 39 28 31 51 66 62 29 0 16 28 50 50 66 105 56 54 60 74 98 46 86 45 76 193 122 128 111 79 116 210 255 255 254 236 255 234 212 177 255 255 183 164 185 167 85 133 96 149 63 110 59 66 23 0 22 18 0 53 43 56 98 44 78 130 84 57 48 22 66 66 22 33 62 32 27 37 75 50 0 15 48 32 42 39 22 41 20 0 22 71 0 28 10 35 34 34 18 43 66
38 66 53 40 39 39 43 34 33 59 52 35 67 42 31 72 112 136 122 129 54 55 118 190 199 255 249 113 20 126 255 253 243 255 249 206 236 110 190 229 243 245 239 159 31 70 19 196 186 255 241 191 140 34 39 88 99 20 25 39 69 102 46 39 106 45 56 26 39 68 90 30 33 43 27 30 41 77 74 20 23 51 32 34 49 48 44 12 16 23 43 9 22 23 21 55 39 19 34 47
49 64 46 38 33 16 26 43 70 86 86 23 75 49 0 81 132 136 173 121 51 45 66 132 59 54 106 79 19 122 254 224 247 253 245 239 255 236 255 255 199 231 53 241 157 118 129 141 249 236 248 255 233 112 162 142 96 57 33 83 36 18 15 8 107 43 84 67 63 60 85 50 26 11 21 32 21 28 70 57 62 50 14 10 49 62 34 2 39 43 56 22 28 30 13 56 48 27 33 32
31 29 8 23 34 12 22 51 71 81 97 60 35 20 66 89 49 56 188 127 116 140 67 78 45 130 144 73 128 166 189 255 255 219 255 196 204 255 245 254 255 247 204 252 176 217 249 113 255 255 222 220 255 113 255 116 46 60 29 153 81 51 94 82 120 47 83 109 59 48 74 100 31 27 58 54 36 50 110 81 80 50 9 0 25 38 8 0 32 54 92 21 41 30 26 52 44 24 26 16
32 16 2 40 32 26 28 33 51 51 43 53 54 55 63 67 69 69 149 58 59 72 92 83 52 165 250 114 200 221 224 255 255 235 237 255 241 253 219 160 254 243 255 222 140 230 245 88 212 255 244 255 251 35 251 122 88 81 26 152 90 84 128 142 130 39 53 91 67 41 104 120 67 47 117 47 63 103 134 81 48 43 25 42 46 46 15 11 33 52 90 56 60 49 38 43 35 24 17 24
42 48 40 73 63 44 24 18 22 51 43 20 35 72 62 9 84 128 86 93 102 51 171 115 23 105 203 119 133 182 242 255 253 255 242 239 228 254 253 248 240 243 237 240 236 169 255 33 251 210 255 253 137 86 216 211 194 165 93 45 8 63 87 136 159 110 93 84 102 126 112 115 74 59 92 56 60 102 114 73 31 56 59 83 59 45 44 46 49 43 59 40 61 63 62 76 49 32 32 53
24 46 40 75 77 54 25 24 11 54 77 44 12 7 19 21 30 60 30 97 120 52 100 30 18 118 171 59 1 93 194 163 203 248 250 248 244 255 243 249 255 232 255 253 255 255 249 244 255 245 255 212 85 226 255 247 244 183 219 112 122 156 78 98 121 107 66 63 201 212 127 119 73 48 56 70 34 50 67 69 58 64 56 79 52 52 66 58 45 26 30 31 64 66 58 63 55 51 57 70
12 24 4 42 60 43 24 46 75 29 17 21 54 51 35 25 44 23 31 93 137 124 89 51 61 42 30 51 57 43 71 42 139 211 253 255 241 244 233 235 255 244 255 243 129 255 236 233 255 238 182 152 130 145 220 198 170 119 59 109 11 255 95 183 92 161 80 55 233 163 74 42 112 24 12 69 26 16 48 53 40 18 22 36 13 34 31 19 41 32 25 26 50 51 34 25 9 31 39 26
37 27 0 27 43 24 16 56 58 50 61 22 36 49 56 53 61 59 25 75 105 91 78 36 44 84 77 49 65 121 193 99 110 172 214 208 184 249 255 243 217 245 255 211 134 241 219 255 251 204 95 221 191 181 118 76 86 151 220 200 152 239 106 142 25 216 92 40 151 86 84 66 117 28 47 76 11 0 66 70 16 11 66 70 29 47 18 23 55 65 45 32 37 47 37 23 21 45 53 36
48 35 2 36 37 15 13 50 41 43 73 22 35 49 57 53 78 99 70 78 79 54 43 13 70 77 99 119 113 159 227 104 38 27 86 156 97 70 128 209 232 255 228 255 186 217 255 195 115 107 218 236 229 215 202 155 121 117 68 53 148 169 73 54 64 234 77 35 53 21 65 93 84 34 76 55 10 7 79 64 27 29 75 70 30 41 5 13 49 80 62 55 53 66 58 38 24 26 31 34
22 29 19 47 29 14 19 39 13 6 58 26 43 38 49 71 67 64 65 36 51 62 48 60 64 55 56 90 24 22 91 72 44 45 43 59 57 86 65 26 88 218 255 246 216 255 240 233 251 209 245 249 224 235 239 233 216 170 58 77 99 98 79 54 64 129 60 26 36 30 57 98 66 20 33 14 58 75 62 26 82 76 48 48 35 47 36 26 24 55 37 52 56 68 59 41 25 17 15 21
0 25 33 51 19 13 25 31 28 24 75 24 29 16 21 38 34 34 23 15 55 58 56 52 46 65 17 57 20 16 16 30 80 95 79 68 35 14 0 20 83 70 24 132 255 242 250 218 254 255 138 206 215 229 243 227 243 237 206 174 32 0 81 23 0 22 96 16 56 66 69 73 25 19 38 29 88 82 30 54 74 80 5 19 25 32 55 35 13 26 0 16 27 45 47 42 31 30 22 11
8 38 44 46 56 38 24 47 32 16 39 54 24 12 30 34 28 10 16 34 34 30 36 44 47 57 57 14 47 80 31 18 39 117 78 109 108 167 187 111 42 58 93 81 169 196 227 120 99 100 94 224 240 242 255 248 255 238 180 90 34 43 42 7 77 14 44 10 72 103 89 72 28 44 38 61 44 21 63 67 42 12 31 45 23 38 56 27 9 6 8 17 22 23 28 34 30 34 27 11
48 48 31 37 68 61 34 33 20 0 10 44 28 12 31 47 38 21 25 40 36 28 31 35 30 39 40 19 8 42 16 42 31 136 121 96 21 38 73 58 34 71 77 62 31 118 180 129 9 215 243 255 255 254 232 225 255 223 155 130 227 181 97 61 133 64 21 3 43 153 119 99 39 67 65 67 28 0 41 49 39 24 38 44 33 52 60 25 17 13 15 23 28 24 20 20 18 22 30 38
63 47 13 9 36 39 24 28 41 8 11 27 12 1 15 25 27 14 21 37 38 37 43 46 43 37 37 45 1 34 25 73 26 58 38 63 64 78 40 2 50 98 94 118 56 82 72 67 127 235 134 109 195 255 244 245 239 255 217 92 139 76 58 73 29 59 79 66 44 144 128 134 53 78 75 67 26 3 41 49 81 59 31 6 11 52 76 62 15 13 11 10 7 6 11 19 53 51 63 83
28 38 35 29 27 15 10 25 41 31 26 12 0 12 28 23 25 15 22 37 43 52 65 69 56 28 33 57 26 57 58 84 74 53 19 24 17 22 11 43 80 109 44 9 28 27 21 83 87 109 40 50 66 58 45 53 107 186 223 100 68 34 62 37 39 78 127 65 31 57 57 52 14 17 13 20 3 0 18 23 34 41 42 47 64 67 40 10 24 22 17 8 4 13 37 58 66 59 56 59
25 33 32 24 14 7 17 37 40 45 45 28 13 18 28 27 33 21 21 25 27 39 55 57 40 6 19 38 30 53 70 69 52 41 46 67 77 80 41 38 93 146 93 0 21 21 14 49 110 95 48 63 70 79 86 71 86 93 111 60 20 16 46 23 20 30 77 24 21 23 43 40 26 18 25 49 43 26 36 42 32 25 13 20 42 41 24 20 23 19 15 17 29 48 65 75 81 76 62 46
45 30 20 22 28 32 34 34 38 39 48 54 38 13 13 33 49 38 31 27 25 40 56 56 38 14 29 34 24 30 54 49 34 58 75 46 16 35 34 16 29 52 49 15 14 49 49 52 46 55 12 2 23 35 36 33 15 27 26 27 13 14 17 36 10 15 43 31 9 11 21 38 35 38 60 77 56 29 29 38 19 10 4 19 37 32 23 28 24 17 16 32 61 80 75 60 43 43 31 14
25 23 38 59 65 54 32 10 12 16 29 46 41 18 21 51 57 48 43 36 36 55 72 70 45 38 44 67 41 36 43 47 41 48 53 27 9 55 92 57 32 14 31 45 45 62 39 25 38 30 0 3 44 45 29 23 43 56 30 21 19 27 24 51 53 19 0 7 5 31 29 38 36 49 71 63 34 23 24 27 19 16 18 27 34 36 36 37 38 34 31 38 55 69 65 54 29 24 16 10
9 10 23 27 12 5 13 16 19 30 30 24 18 9 13 31 29 22 18 11 11 30 46 42 36 39 40 97 68 63 47 58 38 13 14 30 37 85 137 95 52 47 45 1 36 56 50 50 41 30 27 32 35 35 40 25 39 38 42 40 12 0 29 75 66 29 14 13 17 21 19 15 28 40 50 21 0 16 25 20 17 23 34 36 32 40 42 30 29 31 24 7 0 9 27 40 46 30 20 23
5 16 48 53 43 32 18 28 35 30 34 19 25 15 29 31 32 21 19 26 20 9 19 41 25 32 44 48 33 23 41 71 64 62 46 18 15 48 65 47 10 15 24 37 47 51 49 47 43 28 22 8 8 22 19 27 28 16 18 27 20 8 26 59 74 28 12 16 34 50 33 20 34 29 29 23 14 23 38 40 33 30 43 26 36 36 51 32 12 21 39 22 2 2 6 26 34 23 14 44
32 35 57 60 59 56 35 31 35 52 67 44 46 38 40 24 37 48 62 60 34 9 15 37 48 33 24 22 12 7 31 65 69 87 82 42 21 41 42 10 21 23 34 51 58 52 45 45 24 20 27 18 24 42 39 45 58 44 39 49 57 50 37 30 30 23 28 30 57 84 68 54 40 28 23 20 20 37 57 62 45 35 36 17 32 42 53 29 14 33 65 64 51 40 18 17 16 28 32 35
13 17 33 29 32 42 28 25 36 67 83 46 41 40 42 16 22 46 71 71 43 17 15 27 33 24 25 34 32 24 31 49 33 48 60 50 38 44 37 11 12 15 24 31 27 22 31 47 48 47 49 26 18 27 17 15 36 29 27 40 63 68 43 12 8 35 44 27 50 75 52 39 31 14 5 4 9 31 57 65 47 35 29 17 41 67 77 48 22 42 80 88 82 68 33 19 21 56 74 46
4 17 34 17 10 25 25 31 47 71 80 35 28 32 47 32 18 34 51 55 46 32 22 17 19 37 57 65 61 52 44 39 36 17 25 48 46 27 16 11 9 27 39 32 21 29 51 70 57 57 56 26 15 26 19 18 13 12 15 28 45 50 33 11 20 52 51 21 37 53 26 22 31 15 9 8 7 22 45 54 24 16 13 10 33 64 69 38 14 28 55 53 49 45 21 12 16 52 77 40
20 33 49 30 20 29 22 23 28 41 51 21 17 14 35 37 21 24 28 28 24 17 9 3 26 57 67 44 28 33 34 23 43 20 24 42 33 15 18 30 18 40 47 34 37 60 74 70 49 50 54 31 24 35 29 30 19 13 13 24 32 25 9 0 12 32 31 12 33 44 20 27 28 20 22 20 7 7 21 29 6 7 8 13 18 38 29 1 5 17 36 24 15 16 2 1 10 28 49 29
22 25 41 37 41 47 25 15 8 17 36 25 26 13 29 36 29 31 34 31 19 10 14 23 43 70 70 35 17 32 38 26 19 28 39 29 10 19 44 56 38 36 18 4 24 62 69 50 30 29 40 29 24 26 12 12 26 16 17 34 48 44 27 13 19 26 30 24 41 46 23 29 32 29 37 39 20 8 14 20 27 32 39 54 45 50 33 13 27 43 65 50 37 38 23 21 18 16 24 27
25 22 39 44 53 60 43 41 37 42 55 39 40 29 47 54 50 49 53 55 42 28 33 50 57 71 70 55 51 60 55 38 18 34 43 24 6 21 43 44 47 33 14 8 26 50 55 46 9 3 17 21 25 27 14 20 28 31 35 42 57 68 62 46 47 45 52 43 46 53 36 31 43 39 50 57 43 31 33 37 50 52 61 88 72 71 51 42 44 59 80 65 56 63 51 49 27 15 6 21
27 25 40 39 38 43 42 59 63 60 56 23 21 20 47 55 50 39 38 46 38 18 12 23 45 38 33 35 44 44 28 10 16 13 20 25 26 38 49 46 18 18 29 44 45 35 30 32 36 19 26 29 31 29 18 28 16 36 37 19 17 35 41 29 34 29 38 24 20 41 36 26 27 19 30 42 35 28 31 33 46 42 47 79 60 55 33 30 29 38 51 34 33 51 49 51 47 34 13 29
30 41 45 32 18 20 35 48 66 46 31 19 7 15 32 39 30 18 19 31 25 7 4 17 29 36 34 22 18 23 21 13 19 16 33 43 34 38 42 26 4 21 33 39 39 24 17 26 33 19 22 43 51 38 29 33 16 18 17 12 7 10 20 29 18 19 21 15 10 23 31 22 5 0 4 19 27 26 29 38 46 37 31 31 27 20 21 28 36 27 28 24 19 38 50 32 35 2 8 38
29 39 43 34 25 28 41 51 63 45 35 31 28 36 45 42 22 21 24 30 29 23 21 24 27 43 54 48 33 22 17 15 24 12 26 42 33 29 36 35 19 25 19 16 29 29 11 0 20 12 16 32 41 34 30 33 28 29 28 24 19 20 27 35 17 19 24 21 17 30 38 29 2 0 1 17 28 31 38 47 67 49 31 24 20 17 23 32 33 30 32 36 44 57 52 31 30 16 25 49
13 30 47 54 58 63 69 72 51 35 31 37 47 61 67 57 35 38 39 36 35 34 28 20 10 25 45 56 48 30 19 18 29 13 23 40 32 19 29 43 29 31 15 7 30 51 43 29 30 24 21 26 30 31 34 39 29 34 38 38 34 28 26 26 26 27 32 31 29 44 56 51 16 8 7 16 23 23 25 30 47 36 29 32 33 28 27 32 35 32 18 15 36 52 49 43 34 42 49 60
7 19 32 41 51 63 71 73 31 20 19 27 37 54 60 49 36 34 33 33 31 24 15 10 17 14 26 49 58 44 28 23 20 13 20 30 22 9 16 30 50 49 29 10 15 27 33 39 39 33 23 14 12 17 24 29 47 56 69 75 72 60 46 37 14 13 18 17 16 32 50 50 42 33 27 30 32 27 20 17 17 16 24 35 35 27 23 26 31 35 14 0 12 18 17 26 35 52 49 45
29 27 18 10 12 25 38 44 17 15 22 26 27 35 37 24 18 8 10 23 24 11 7 14 26 14 15 30 34 21 10 12 14 23 28 27 21 13 11 17 41 35 20 11 9 3 8 28 28 24 19 13 10 11 13 14 19 26 37 44 43 32 17 6 13 15 26 31 29 40 54 54 36 29 27 32 37 31 20 10 24 24 30 34 28 17 17 26 22 44 44 31 26 8 0 5 33 42 27 14
46 46 41 33 29 32 33 32 20 29 45 50 46 48 46 30 24 12 16 32 31 14 14 30 31 27 28 29 18 5 8 23 31 49 52 47 47 38 27 29 44 34 26 35 42 28 21 35 27 26 31 39 41 35 29 26 33 34 36 40 43 39 31 24 32 37 53 63 59 63 70 68 34 30 30 39 48 46 32 19 30 35 48 57 50 34 28 31 27 51 66 63 53 38 35 45 38 35 20 10
27 36 46 49 50 50 46 40 37 45 58 59 53 57 56 40 35 32 34 38 31 19 21 33 44 47 51 48 35 24 30 43 41 53 54 58 64 47 31 39 69 64 54 52 53 38 26 31 36 27 31 46 52 42 33 34 36 35 36 42 47 47 40 34 24 25 37 42 36 40 51 53 46 43 44 55 70 73 61 47 25 30 47 66 68 52 38 33 32 34 43 47 44 53 71 81 35 24 23 25
0 4 9 11 17 28 37 41 53 51 50 39 29 35 36 22 21 28 32 25 16 14 19 24 40 39 39 37 31 23 17 15 27 30 29 43 53 27 10 28 40 50 43 29 25 25 28 38 32 13 6 19 23 13 8 15 10 12 18 28 36 34 23 12 15 8 9 6 0 7 28 38 23 21 24 39 61 72 66 53 31 24 26 40 48 42 32 29 22 5 8 16 16 35 58 58 16 3 16 29
19 4 22 0 19 30 30 28 35 31 25 19 17 17 18 18 13 30 41 35 22 20 29 37 45 51 54 46 31 20 18 21 19 23 26 36 46 34 15 13 24 19 15 16 21 28 36 42 39 28 11 0 4 14 12 4 5 4 5 10 15 16 11 5 2 9 14 15 14 17 24 29 14 19 18 14 19 34 48 52 37 23 14 16 20 23 31 42 22 21 13 3 8 21 23 15 8 16 21 16
20 11 33 19 39 42 30 20 19 11 6 12 20 22 16 10 26 38 45 36 24 22 28 35 44 50 51 39 21 12 17 26 56 51 37 36 49 46 30 23 36 35 29 18 12 17 28 34 45 45 39 27 20 20 18 14 22 14 6 6 13 20 22 21 25 34 37 29 23 27 34 38 15 7 6 15 21 22 29 40 42 26 18 24 32 30 26 26 30 26 16 8 14 23 19 6 21 21 21 21
8 0 11 4 21 21 6 0 13 9 11 20 24 19 15 14 17 23 23 13 3 2 7 10 22 29 31 21 7 5 16 30 48 51 36 23 28 32 25 21 31 35 32 20 8 7 16 25 36 35 31 28 29 33 33 29 26 16 7 7 15 21 21 17 14 27 28 13 2 10 20 23 22 12 18 33 27 10 17 42 49 28 14 19 28 25 15 8 10 8 4 5 18 32 30 19 29 19 17 25
42 26 21 20 33 36 28 21 24 27 35 37 23 8 13 29 46 47 41 30 24 25 29 30 31 33 31 21 8 1 4 10 19 43 44 23 12 10 12 17 31 29 32 35 29 20 26 40 32 17 3 8 27 41 39 30 15 13 15 23 32 30 16 3 13 29 31 12 0 10 23 27 17 22 36 41 21 0 15 47 64 39 17 16 21 20 15 13 14 17 20 27 43 60 68 67 34 20 19 37
30 19 9 24 34 35 28 22 33 29 31 32 18 3 13 36 43 40 30 18 12 14 17 17 23 23 25 27 27 25 21 19 18 46 52 33 22 21 24 31 29 13 10 23 26 17 23 40 41 23 7 9 23 31 24 14 8 13 25 41 50 44 25 8 29 44 45 27 13 17 27 30 21 35 46 41 28 27 42 59 68 47 29 25 25 22 22 26 25 30 34 35 39 50 63 71 37 24 25 45
23 24 18 53 58 52 40 31 32 11 3 14 18 10 15 31 47 43 32 19 12 14 17 17 3 3 8 19 30 34 29 23 14 27 26 20 29 39 42 47 35 15 0 2 9 14 22 31 30 25 23 23 21 15 10 8 8 13 24 37 45 43 32 21 36 45 46 32 16 9 11 13 14 25 27 21 29 51 59 53 42 31 26 28 26 19 17 21 14 20 22 16 9 11 24 37 26 19 19 30
28 29 12 50 46 38 31 28 32 7 0 19 29 20 19 31 37 35 27 15 10 14 19 20 22 19 16 17 19 18 11 5 10 15 12 14 28 35 37 44 44 45 29 11 18 44 52 40 16 15 17 22 21 16 14 17 14 15 18 22 25 26 25 23 35 38 43 41 27 12 8 12 0 4 6 2 15 39 46 37 21 16 18 27 29 22 18 20 24 27 27 21 11 9 17 26 25 23 21 18
45 37 1 29 17 13 19 26 38 20 21 40 41 24 23 40 27 28 23 14 12 19 27 31 25 23 22 23 28 32 35 36 28 37 38 36 34 23 21 34 25 50 44 12 21 62 66 34 24 11 4 12 23 26 24 24 24 22 20 16 13 13 15 17 18 19 28 37 30 12 6 12 1 20 31 27 27 40 53 58 28 21 23 35 42 39 35 37 41 41 39 32 22 15 16 21 42 45 40 27
44 39 25 9 5 10 13 11 36 21 17 30 39 32 21 18 14 7 0 0 7 16 23 27 26 19 24 29 26 28 32 27 41 45 57 41 45 49 16 12 11 24 26 18 24 46 54 47 32 27 23 22 19 18 25 35 39 12 19 30 12 14 31 28 27 23 21 20 16 15 23 32 30 50 62 41 14 24 52 61 41 21 23 22 23 23 13 25 24 19 21 36 40 16 5 20 42 46 30 25
14 19 24 28 33 30 13 0 9 14 20 25 30 33 30 24 15 10 5 7 16 24 29 30 42 22 11 9 8 15 18 10 10 25 42 25 27 36 17 19 15 27 32 25 23 30 33 29 31 36 38 30 17 11 15 22 30 22 31 31 11 12 33 40 18 16 16 17 16 18 27 38 29 44 51 26 0 8 36 46 9 9 21 15 13 17 6 10 8 11 20 38 40 14 0 11 39 34 13 14
13 12 15 22 31 30 13 0 3 23 35 29 26 31 33 28 19 15 12 16 24 30 32 31 22 13 15 18 15 17 16 4 16 31 33 9 13 31 21 20 13 21 30 31 24 16 13 14 27 39 41 26 10 7 10 11 21 28 32 26 21 27 39 46 26 23 21 19 14 13 22 33 26 37 42 20 0 5 31 39 9 22 40 25 18 27 19 19 19 26 36 50 50 26 15 29 43 31 9 17
33 26 19 18 22 22 14 5 11 27 37 32 25 26 30 31 26 22 18 18 22 26 26 25 14 22 38 44 34 31 30 21 38 44 26 0 10 33 30 20 10 11 22 37 36 23 16 20 22 31 27 13 9 17 18 11 20 31 26 21 33 42 34 24 42 37 31 21 11 6 13 25 29 37 42 26 8 19 42 48 34 36 45 26 15 19 11 16 22 27 30 34 33 18 15 31 44 35 20 35
35 36 38 38 34 26 20 17 15 15 20 26 25 19 23 32 30 27 22 17 14 14 16 17 23 23 28 25 17 19 19 6 22 38 24 4 11 27 31 24 15 7 15 39 49 39 32 35 23 24 18 15 27 41 33 13 12 27 27 22 32 37 21 4 33 30 26 19 10 9 20 35 45 43 40 24 9 22 45 52 51 36 38 29 21 16 5 15 21 25 22 21 23 14 11 23 41 45 42 59
26 32 38 39 31 24 27 35 32 22 20 29 29 19 16 23 27 28 26 18 9 6 10 16 28 18 16 18 21 27 15 0 7 38 35 23 14 9 20 21 18 3 4 26 41 37 32 35 26 24 23 31 49 57 40 15 0 12 28 27 22 27 29 23 7 10 15 17 16 20 35 51 57 46 34 15 1 14 36 43 33 14 21 26 32 31 20 31 25 30 27 30 39 33 20 19 47 64 69 81
22 24 28 26 18 14 24 40 46 42 40 41 39 31 22 16 19 26 31 24 12 7 13 22 37 33 36 38 40 47 36 10 27 49 36 29 18 1 12 14 20 4 0 10 21 22 24 29 28 25 27 36 46 47 35 23 4 11 30 32 19 29 48 46 3 11 22 28 26 24 33 45 47 37 31 21 11 20 34 34 19 6 11 9 17 28 22 30 20 24 21 29 46 44 23 11 38 62 67 72
19 23 29 31 22 12 15 25 39 47 50 45 45 46 35 19 11 24 34 30 17 11 18 29 34 36 36 21 7 16 28 24 51 51 16 15 19 6 16 13 24 11 1 5 10 14 22 31 27 23 23 27 28 26 29 34 48 29 35 37 20 34 54 44 20 29 41 43 32 19 18 24 27 25 33 37 33 38 41 33 57 46 39 13 10 27 24 25 29 29 22 30 54 58 36 20 12 38 40 38
33 46 50 44 37 20 7 10 24 28 35 43 50 49 34 17 10 8 22 27 32 24 11 33 26 36 36 11 0 9 33 34 67 63 29 18 18 9 13 11 17 24 22 24 38 38 24 16 15 17 22 23 16 12 22 37 55 46 38 62 61 30 20 12 14 50 70 52 26 17 14 8 24 21 19 20 20 20 26 33 63 68 54 23 10 20 28 25 33 26 22 31 47 53 38 18 14 9 7 10
35 40 35 30 31 23 13 14 2 9 19 29 39 44 36 26 16 16 27 28 35 32 17 32 22 28 33 18 1 10 27 27 65 63 31 21 21 10 10 7 14 32 37 30 27 19 15 20 9 8 12 18 20 20 25 32 32 30 27 51 55 32 24 12 25 41 46 33 22 24 29 29 27 21 16 14 11 10 16 24 50 51 41 26 23 30 29 22 17 14 11 15 27 37 35 26 17 13 13 17
35 30 13 7 16 15 7 8 4 11 17 20 23 25 22 17 13 17 25 18 28 35 17 19 19 19 28 29 15 12 18 18 39 42 20 19 26 18 20 17 17 35 38 28 21 13 11 19 19 13 13 23 32 35 34 32 27 29 23 39 47 38 38 25 17 11 5 4 7 13 19 22 34 27 20 16 13 13 20 28 46 39 36 40 47 44 33 22 22 25 24 22 22 25 23 19 20 18 20 27
58 48 26 15 23 23 17 18 21 27 27 20 12 10 9 7 10 17 21 7 20 35 14 6 19 13 25 37 26 14 14 15 13 21 7 15 28 24 27 23 25 29 21 17 26 26 16 12 35 27 23 28 38 42 39 34 42 42 24 26 33 37 48 38 49 34 28 39 48 45 42 43 33 28 24 23 22 23 30 38 54 43 44 60 67 55 37 28 30 38 44 42 35 26 14 4 20 19 24 33
