187 70 71 63 47 67 125 43 67 61 22 60 85 88 132 108 85 101 182 133 255 191 28 176 33 0 66 70 75 87 57 43 0 25 46 115 109 92 48 21 42 71 115 144 90 83 126 70 74 119 56 13 19 19 42 42 49 64 68 67 72 66 54 50 86 109 96 18 62 68 137 117 56 89 0 26 62 23 10 44 86 67 9 49 53 53 57 51 62 86 102 48 28 50 42 65 34 44 77 57
91 38 36 39 75 67 142 60 77 52 57 56 65 45 69 73 40 57 144 120 105 122 38 147 56 82 115 88 49 65 57 0 18 35 19 49 81 50 22 27 30 53 56 129 151 133 116 57 25 60 21 12 33 35 43 23 29 31 33 46 60 55 52 65 74 84 55 64 44 109 147 131 89 65 17 13 57 57 37 32 48 98 84 93 106 79 47 55 94 141 123 53 37 21 29 21 17 77 86 62
0 34 114 78 65 0 47 46 42 13 73 58 80 82 104 141 99 81 115 104 23 75 21 53 0 74 54 62 0 39 58 23 21 70 0 4 50 56 71 51 84 68 47 199 231 91 18 50 84 75 19 0 8 28 66 61 58 38 33 56 65 35 19 36 28 17 27 65 41 108 163 140 138 100 113 48 40 55 42 25 41 94 123 89 92 74 51 54 110 110 64 22 46 71 71 106 144 91 73 42
65 10 81 42 57 29 28 73 40 8 57 51 49 32 10 31 31 27 53 88 68 95 68 105 69 108 114 84 105 15 61 72 32 48 9 101 69 13 70 92 85 135 58 64 72 47 27 25 40 28 8 14 24 61 125 140 70 31 20 60 87 65 58 87 52 20 51 87 46 49 120 162 204 208 234 132 59 58 44 30 51 34 92 46 34 51 72 58 27 20 48 64 118 187 79 102 173 40 61 12
138 77 181 197 149 83 30 74 70 37 63 142 139 99 54 66 56 44 39 81 36 24 54 158 138 135 70 80 84 15 4 132 140 60 94 130 105 117 193 184 145 107 21 37 52 41 44 58 31 15 11 19 14 34 77 82 51 20 19 65 86 42 0 1 32 39 83 165 111 54 23 76 183 232 226 155 86 84 61 44 60 15 73 30 26 32 59 67 39 26 65 34 72 145 75 81 54 43 70 27
126 57 95 157 123 81 81 93 65 18 11 134 126 72 44 75 104 49 26 100 31 34 70 147 119 83 32 20 67 15 20 171 212 0 84 76 111 112 182 228 130 43 0 0 20 28 43 51 35 8 0 0 0 21 48 48 18 14 33 83 114 88 48 38 30 30 35 52 123 145 108 84 70 145 132 115 84 92 93 92 91 73 95 40 48 10 17 85 48 26 69 39 45 40 93 94 65 116 35 37
93 50 60 74 56 43 80 84 63 35 27 96 75 38 39 73 66 25 40 106 82 83 83 70 66 60 32 69 55 38 10 110 146 83 143 67 77 42 89 118 16 0 44 38 47 41 30 24 31 21 24 21 17 25 26 22 26 24 16 27 61 91 110 127 134 102 88 43 142 159 103 14 35 84 90 79 59 60 90 104 85 85 96 58 67 26 46 141 117 73 97 81 43 62 154 135 125 97 17 16
65 63 118 56 34 24 27 34 50 70 97 97 67 55 66 77 29 32 65 31 44 28 66 55 41 17 42 53 62 24 67 114 165 201 107 75 89 19 50 59 4 18 105 38 33 39 30 25 21 27 35 21 9 16 25 39 11 24 15 7 37 86 125 147 147 101 94 133 136 116 48 50 83 72 80 45 18 1 29 31 26 23 66 79 87 80 135 211 227 187 185 132 40 175 195 106 80 7 89 27
30 41 96 80 29 53 68 39 43 62 58 105 84 74 92 76 26 28 106 72 46 45 103 91 82 46 24 0 6 20 111 144 171 196 0 68 54 41 61 53 1 48 75 15 33 45 25 20 11 11 13 15 19 22 26 27 12 24 14 53 91 137 216 223 154 55 40 62 87 106 131 102 99 46 8 46 38 7 27 30 22 66 63 63 72 98 164 209 252 248 228 102 17 119 108 61 69 25 78 81
61 72 100 116 40 48 74 55 40 57 8 64 104 98 70 66 56 67 113 129 108 83 134 96 134 29 46 31 50 27 18 39 116 107 27 98 64 14 33 45 17 48 27 6 15 24 14 13 4 8 13 18 21 22 21 20 31 32 5 16 44 121 239 255 204 96 86 85 70 61 88 103 73 57 53 87 69 10 49 89 32 112 114 81 27 79 130 116 149 193 138 50 1 18 42 107 99 39 57 57
24 44 83 155 75 54 58 23 38 48 13 111 162 141 64 42 84 82 75 142 127 84 132 87 100 27 50 23 94 154 65 42 102 76 114 171 127 49 33 18 40 54 0 17 18 16 10 9 18 23 30 37 39 38 34 31 33 38 25 24 28 100 218 243 161 86 120 105 69 55 74 111 83 68 59 86 108 36 47 65 26 62 62 94 52 86 85 18 46 85 25 40 73 40 56 112 65 38 44 156
36 37 84 123 49 37 67 69 48 50 73 178 141 93 51 51 72 84 31 57 72 122 151 50 79 100 61 22 52 204 111 46 128 93 102 78 32 11 33 30 22 27 1 23 30 22 11 11 6 9 13 17 19 19 18 16 15 22 28 23 0 13 88 103 40 12 85 64 45 67 83 114 182 160 93 39 64 28 84 122 70 57 24 64 53 54 63 18 58 54 27 49 44 9 68 97 18 41 67 179
96 74 130 85 24 28 84 137 128 53 16 104 106 83 37 27 110 112 94 104 66 92 122 120 164 143 7 56 37 247 196 49 83 104 88 61 26 20 28 21 6 6 33 30 48 44 31 34 35 34 32 31 32 36 40 42 40 39 58 73 50 60 127 165 112 73 111 57 29 43 43 60 115 134 84 21 53 24 51 49 58 103 76 45 43 33 89 71 106 58 65 58 28 0 47 69 23 46 90 66
116 77 125 57 43 48 65 105 105 78 38 69 98 71 35 69 106 120 91 40 64 185 144 32 23 81 66 164 30 186 204 49 95 104 40 30 28 36 31 29 20 11 51 29 42 40 31 36 29 25 20 17 17 22 28 32 45 32 36 45 29 24 66 117 102 53 72 36 22 26 28 48 88 102 45 0 39 34 67 70 84 133 100 66 102 93 153 120 93 27 44 56 107 57 36 46 6 15 51 65
119 80 85 42 57 52 34 57 91 101 85 65 94 81 58 69 70 64 66 60 98 175 144 84 89 133 131 122 41 148 161 52 106 105 65 51 49 58 47 43 23 10 17 16 14 11 10 10 16 14 11 10 10 12 15 17 17 14 16 24 30 21 34 80 85 60 74 48 41 38 48 55 66 81 49 42 45 18 67 121 165 143 69 67 114 120 180 132 75 23 32 35 120 69 43 51 39 62 60 167
103 107 104 92 85 44 9 35 102 119 133 53 14 23 65 60 36 22 48 76 64 46 60 98 145 152 137 61 132 164 79 22 50 87 126 86 46 44 45 49 26 16 0 28 18 15 23 17 15 16 17 17 17 16 15 15 18 25 21 20 35 26 16 51 62 70 80 41 35 50 78 70 76 62 43 103 114 50 48 86 94 85 31 49 53 75 145 87 81 30 36 40 133 101 89 44 41 86 41 81
49 78 112 78 85 60 24 31 56 120 108 63 31 4 68 97 52 19 29 0 31 53 43 15 8 65 98 47 154 134 41 50 54 77 105 64 43 14 23 46 29 9 1 11 17 10 8 15 21 20 13 4 3 10 17 19 30 28 36 20 24 21 0 28 33 30 42 66 28 55 106 70 44 47 30 126 128 125 131 85 43 58 27 0 11 24 83 47 77 42 66 88 192 125 74 59 47 50 13 1
30 80 76 16 70 65 50 8 13 51 100 85 75 84 77 92 90 57 38 42 75 52 28 50 47 8 47 52 87 82 65 56 84 71 37 44 40 28 27 11 9 8 10 14 18 18 15 13 6 8 5 1 2 10 19 23 38 39 43 30 24 33 58 102 64 76 88 86 50 88 112 66 40 26 25 81 129 111 148 130 26 34 27 29 71 48 61 40 105 63 49 92 157 97 59 77 103 119 72 25
61 110 110 94 59 18 39 40 64 36 68 84 73 79 69 94 151 90 11 10 23 43 46 44 19 8 35 17 0 78 127 57 36 40 17 74 48 25 36 17 2 11 15 12 12 17 16 10 20 23 22 17 15 21 28 30 26 29 28 29 17 27 82 119 110 92 108 126 106 114 115 120 37 51 55 40 53 13 51 76 39 62 78 83 143 95 70 76 129 114 92 174 196 120 67 83 93 108 60 14
78 111 96 117 28 58 43 8 27 0 91 34 95 0 117 106 151 79 12 32 4 80 130 83 100 61 66 131 81 27 48 80 62 82 103 140 67 8 25 29 24 23 18 13 12 14 14 12 4 8 8 2 0 2 6 7 33 23 8 21 10 22 89 112 60 48 105 136 104 49 33 89 37 49 43 49 62 29 18 50 91 95 68 33 98 70 43 75 178 129 37 86 127 119 132 155 78 81 49 45
41 43 44 104 60 62 8 51 116 71 82 58 63 62 134 118 58 42 28 75 22 63 90 55 64 90 80 106 62 54 95 127 98 83 115 107 51 0 11 23 43 27 19 24 26 17 12 15 20 24 25 23 25 30 33 32 52 36 13 20 8 22 98 130 84 88 147 124 85 20 35 101 16 32 55 79 137 116 89 69 146 115 55 35 101 89 70 126 168 116 20 16 60 53 70 49 38 54 38 43
4 60 53 25 110 115 15 9 39 34 135 144 53 34 50 140 36 94 68 65 54 86 55 36 82 75 53 59 12 33 85 89 35 12 44 28 19 0 15 24 31 14 11 27 32 18 7 9 17 17 15 14 19 25 25 20 32 30 27 27 7 7 62 106 78 45 82 50 65 5 51 92 73 105 138 90 202 220 200 29 62 51 34 93 109 44 3 68 109 104 78 45 54 24 65 69 71 112 96 67
12 68 78 42 97 34 16 79 97 56 83 140 26 46 6 118 15 89 51 8 46 116 73 60 91 62 52 79 80 98 84 28 21 33 35 27 18 11 26 26 10 5 7 17 22 16 10 8 17 12 7 7 15 23 19 10 6 13 33 34 23 14 29 76 47 21 76 42 86 3 57 42 141 141 147 89 213 255 255 13 107 100 86 184 141 56 10 59 101 114 147 122 87 18 50 92 117 148 119 82
59 71 55 39 42 26 105 165 105 32 17 20 69 89 98 69 0 34 35 17 39 92 62 69 114 73 40 72 147 169 108 44 62 96 49 48 26 25 41 29 6 11 12 9 11 18 20 17 15 9 4 9 24 37 35 25 19 16 35 38 51 54 50 100 112 143 200 76 76 2 101 58 75 61 84 89 110 99 164 47 189 135 51 142 110 96 95 130 97 67 91 98 76 16 32 93 109 109 69 56
44 78 116 99 100 79 122 90 3 15 47 3 88 33 56 29 35 62 72 2 52 78 36 65 99 69 69 43 91 181 133 45 86 126 74 12 19 4 31 10 5 15 22 20 19 24 28 28 26 13 10 21 27 24 27 37 17 29 27 7 41 38 56 109 142 188 255 132 29 25 164 160 51 37 66 64 61 22 70 7 110 96 45 39 74 97 134 157 84 45 57 32 73 58 53 56 41 88 74 23
44 58 181 214 102 21 75 42 16 87 25 107 75 11 36 47 78 90 83 48 70 87 21 60 85 49 91 76 58 127 123 52 96 118 47 25 0 0 1 17 0 13 25 26 23 22 18 13 12 18 27 28 15 3 9 24 6 8 14 8 30 12 27 71 137 158 190 135 42 46 151 183 68 85 47 132 90 62 71 42 56 59 98 54 86 108 142 109 79 83 125 69 92 93 102 67 32 83 69 45
82 11 53 98 64 92 130 24 33 181 115 113 67 64 137 97 7 26 47 25 64 83 46 80 84 5 81 109 32 47 65 9 13 47 21 46 39 24 16 23 26 34 38 33 23 12 1 0 7 21 32 28 14 8 17 29 20 4 9 10 20 2 30 63 91 124 131 152 63 44 42 48 50 108 2 128 80 59 54 43 54 49 102 31 65 30 42 41 43 67 147 114 100 74 89 58 29 75 52 58
114 64 33 37 69 141 143 56 14 114 159 141 142 105 121 78 59 84 133 55 89 59 31 10 47 75 104 101 90 44 0 23 17 25 9 0 21 6 15 0 20 23 24 22 19 18 18 19 21 23 21 17 19 27 33 33 27 9 13 15 19 14 55 62 78 99 43 69 55 128 165 190 75 43 9 18 46 143 59 127 33 114 100 0 49 57 52 63 45 14 32 32 35 50 66 34 42 73 42 64
81 61 46 41 39 42 41 47 48 46 47 79 82 95 86 113 76 93 142 77 108 73 43 0 41 111 166 141 96 75 60 59 90 63 29 4 31 23 27 4 16 15 13 13 12 14 18 22 24 22 16 14 20 29 29 23 0 1 15 28 53 78 132 113 49 72 9 16 27 60 65 45 9 27 41 57 91 135 47 91 57 145 66 37 39 59 54 78 54 47 25 36 48 117 131 102 83 98 80 104
107 41 40 51 66 90 103 86 57 54 0 47 42 72 63 51 51 37 42 37 58 83 74 64 31 79 105 97 74 42 32 59 46 18 0 30 37 42 17 13 27 25 23 23 18 10 5 4 7 13 22 26 26 25 25 26 29 30 20 18 45 76 128 95 37 50 7 23 71 78 106 90 82 40 53 72 108 167 27 60 9 69 60 169 97 57 24 5 28 50 25 57 86 125 116 111 85 85 100 111
89 43 78 80 123 182 188 107 95 63 1 72 53 19 17 19 63 45 32 30 36 96 130 147 105 68 99 126 70 51 82 72 54 29 12 32 22 35 24 33 16 15 19 27 29 24 20 20 5 10 22 33 31 21 21 29 39 44 31 46 94 124 174 140 69 74 29 34 80 75 131 126 137 62 5 85 193 255 135 46 2 75 94 128 57 102 136 86 108 116 54 52 115 105 78 79 48 30 72 56
30 20 73 63 129 182 175 96 71 49 6 102 54 63 46 91 127 127 126 59 29 48 91 85 76 105 119 95 56 62 91 80 64 52 57 18 12 10 22 11 22 18 19 24 25 19 16 17 27 17 16 26 26 14 9 15 36 46 38 66 111 103 116 67 56 91 68 67 86 55 80 43 103 31 42 38 133 227 154 95 41 113 136 85 36 73 115 89 149 246 214 118 138 81 67 74 49 14 67 25
54 37 61 105 66 82 90 48 43 55 8 65 48 51 76 139 154 138 111 38 40 24 22 44 57 83 78 47 64 24 92 147 108 56 127 10 11 5 17 19 16 9 28 23 13 15 13 17 17 12 22 24 31 8 6 29 52 38 34 33 44 46 52 43 29 81 81 63 122 54 100 1 57 40 110 27 71 124 91 90 68 70 88 104 55 66 69 43 102 201 180 117 98 89 88 77 70 13 29 155
170 91 54 63 20 38 39 41 51 37 6 46 14 50 106 139 117 29 23 73 93 109 107 94 69 75 77 57 74 37 127 240 186 81 135 43 24 2 26 35 15 6 19 28 19 30 18 21 22 36 22 43 52 51 40 55 108 107 70 17 37 121 240 182 84 91 50 67 102 35 129 37 80 57 129 117 111 112 114 106 69 58 86 61 63 93 91 114 72 42 31 66 74 46 47 63 51 63 75 137
201 141 103 38 11 26 51 72 40 52 43 54 32 59 102 130 95 60 41 90 111 165 134 69 83 57 49 25 39 9 100 255 171 61 112 54 33 15 40 37 25 11 10 31 18 41 20 25 24 48 37 46 70 82 88 117 167 175 140 211 121 116 226 195 45 88 143 176 123 35 125 99 180 139 162 181 112 75 94 57 16 33 99 96 85 47 36 39 85 101 117 57 7 55 64 0 57 116 101 85
110 98 103 35 46 6 47 66 41 88 85 60 78 61 57 113 127 99 19 82 155 142 83 95 84 32 15 5 42 8 0 63 100 45 79 22 18 21 37 22 30 17 7 31 11 44 22 31 52 0 8 28 51 34 88 248 255 127 157 116 108 152 179 193 246 86 52 70 73 39 44 76 131 109 111 146 98 92 91 25 63 85 96 121 79 19 64 38 53 54 119 102 28 32 66 85 91 130 89 43
77 84 93 112 120 31 47 91 66 65 62 25 71 38 16 61 116 169 110 119 133 39 0 49 87 68 58 16 27 31 33 71 82 81 74 4 9 12 13 15 10 8 3 20 0 27 5 10 45 43 112 140 101 102 88 249 180 111 121 180 160 189 185 246 136 69 65 22 25 43 22 49 58 50 42 68 74 122 115 91 149 181 105 80 61 79 144 153 122 150 196 147 82 88 89 83 87 91 61 49
14 76 94 141 89 37 33 114 124 32 51 30 89 67 41 22 77 152 85 50 82 114 101 3 0 45 79 32 0 18 51 67 66 93 73 28 34 12 0 24 41 49 53 53 27 55 35 28 60 92 153 214 132 195 121 236 134 139 232 188 242 255 250 250 49 76 69 18 51 103 108 71 73 67 57 59 64 91 69 95 165 235 162 47 41 107 115 180 123 144 160 121 78 70 57 43 36 36 29 59
0 83 160 147 64 51 39 138 179 52 82 60 143 127 85 30 73 99 23 37 32 99 150 74 54 69 66 31 0 29 63 27 30 64 53 43 39 14 7 26 27 38 48 31 25 67 67 54 38 7 70 254 219 205 88 147 71 160 232 255 249 201 246 251 180 84 44 45 86 77 72 51 42 61 80 89 77 62 36 51 142 175 146 36 20 72 78 130 57 77 91 74 33 30 56 44 28 39 10 33
38 89 224 166 108 62 34 138 173 66 78 27 143 122 65 30 26 55 6 102 67 75 95 59 38 71 97 93 37 43 77 27 22 50 36 27 5 2 14 15 13 23 37 16 38 103 131 123 100 56 95 246 255 218 92 17 42 122 246 218 255 244 235 140 169 72 106 65 52 52 45 43 40 61 71 73 63 71 96 100 74 27 37 34 31 53 100 69 89 74 90 117 72 57 118 126 74 89 12 1
50 52 170 207 133 88 57 57 100 41 33 82 127 114 63 15 17 60 1 53 71 104 96 19 5 65 122 121 57 56 100 62 45 64 94 38 20 9 17 36 10 17 31 54 45 140 152 192 239 209 244 255 238 214 73 4 82 144 242 194 243 255 88 74 62 96 191 89 60 65 65 70 77 59 47 102 90 94 118 119 43 5 8 10 60 36 110 66 92 44 55 121 81 97 174 192 148 112 47 2
41 17 81 164 104 77 105 61 20 95 8 80 121 85 61 54 36 68 36 51 37 48 65 76 80 55 57 86 67 61 101 100 39 79 141 84 48 39 54 42 15 34 12 39 40 49 73 157 254 255 250 241 189 182 80 102 165 236 247 247 204 141 2 91 106 97 65 96 51 24 47 74 49 45 36 80 104 83 58 59 30 21 71 40 41 74 90 79 44 47 56 74 30 82 172 189 146 119 66 43
27 46 108 82 35 102 211 105 67 144 18 54 73 42 48 41 39 57 53 63 82 82 65 84 75 83 104 127 102 73 90 102 6 0 72 84 70 26 41 44 27 24 45 40 29 33 51 91 246 255 229 254 75 145 99 186 180 235 251 255 255 22 68 38 28 28 0 117 89 42 37 45 45 43 27 31 85 66 27 50 60 54 105 97 60 94 67 89 83 100 82 60 28 88 153 160 87 90 63 74
84 40 174 174 136 89 191 214 139 150 184 143 11 0 96 108 63 70 45 52 118 125 78 49 22 75 120 120 78 51 86 140 205 133 73 5 15 30 53 28 0 26 128 51 20 20 22 97 42 9 93 164 146 129 156 243 233 255 225 208 110 73 61 88 24 21 39 65 64 65 66 70 41 51 59 21 49 29 0 8 53 60 76 108 98 133 120 118 104 112 82 56 26 48 69 86 6 48 35 60
38 51 140 127 105 62 108 125 83 111 113 70 67 51 38 91 123 123 54 46 95 95 83 64 77 93 112 113 90 67 94 162 190 206 174 89 39 10 18 22 87 93 83 11 113 92 38 104 233 221 196 95 209 218 235 250 220 214 129 49 78 53 0 14 24 39 95 80 71 61 27 3 18 37 76 31 28 48 71 87 69 84 83 68 77 128 109 68 112 135 125 107 74 68 66 103 56 115 74 71
65 93 45 87 85 55 65 58 32 64 51 80 51 60 47 53 101 101 41 53 73 60 62 68 66 67 67 53 57 64 54 62 86 82 53 69 65 55 31 18 96 182 138 68 101 46 130 174 255 230 204 190 255 246 228 255 255 231 104 141 150 85 60 29 61 59 38 83 59 42 31 20 59 64 89 50 12 44 100 111 49 29 61 38 55 91 62 75 73 94 89 76 65 74 55 79 111 169 85 51
64 100 40 73 82 55 58 35 24 74 51 82 59 74 70 54 31 33 14 40 46 57 29 31 40 40 43 28 60 112 94 62 47 57 37 70 38 97 102 54 143 255 255 219 145 76 253 237 215 179 255 232 255 213 254 225 255 141 115 113 21 14 51 100 88 76 7 93 76 74 82 76 72 77 95 116 91 103 131 123 71 30 50 74 68 39 17 79 67 54 30 20 26 52 31 50 99 161 72 52
55 74 78 23 32 14 59 70 41 56 81 88 103 134 132 74 37 40 37 30 16 73 30 30 78 49 71 105 156 187 143 104 81 48 42 123 46 108 169 170 204 248 236 255 239 148 233 178 255 231 254 234 228 215 251 255 182 64 56 42 15 8 70 84 99 85 29 76 70 90 91 71 69 57 38 90 85 81 85 77 58 61 42 114 102 51 66 108 106 71 41 31 23 42 40 90 29 103 37 56
52 50 68 68 51 21 54 56 6 35 25 12 79 138 95 41 75 71 33 64 18 94 59 54 96 58 76 143 192 156 78 56 29 5 4 152 140 200 236 220 196 241 235 245 248 225 238 204 252 255 230 250 234 251 255 211 119 6 83 54 108 165 113 49 81 85 0 38 30 40 62 38 44 54 51 50 41 28 42 42 66 91 86 111 147 117 100 114 67 53 105 55 37 68 85 110 38 132 106 57
41 67 100 102 108 60 61 46 28 43 22 6 16 58 60 37 69 65 33 78 49 135 83 90 137 15 28 105 101 70 55 52 116 102 33 160 215 247 255 217 206 220 255 255 223 223 255 223 241 251 250 249 251 255 111 91 59 39 68 15 66 131 90 12 59 82 0 19 26 45 58 27 29 74 112 71 48 37 101 107 107 121 166 130 171 110 57 101 66 37 129 90 60 59 69 103 61 151 112 139
30 80 111 100 132 74 69 68 123 129 78 55 17 42 77 72 53 72 53 58 18 109 85 137 173 56 42 93 85 48 55 103 142 108 42 196 255 246 236 255 249 250 228 252 153 131 93 101 201 255 253 234 255 248 47 80 184 137 77 25 34 107 111 36 42 90 20 54 85 102 107 89 62 65 75 61 25 26 92 110 58 71 129 97 105 71 55 109 105 84 195 150 83 51 30 17 29 101 52 138
57 77 61 37 100 55 58 78 71 135 111 116 89 86 71 21 25 94 126 87 48 99 56 75 145 56 47 101 130 114 77 68 107 115 61 83 141 250 232 241 191 255 230 142 252 255 202 193 243 243 245 255 153 91 94 152 122 158 222 196 38 51 90 54 23 89 36 59 85 73 68 74 72 52 67 179 128 98 49 32 86 86 66 86 53 70 68 49 28 79 196 164 80 109 153 125 106 122 40 64
91 74 22 2 74 39 39 63 131 201 133 79 70 96 102 65 89 134 144 55 52 88 41 0 58 76 198 220 98 47 83 102 45 22 66 162 248 255 248 255 240 201 126 247 207 30 221 255 132 242 250 204 127 90 131 110 79 94 162 149 30 104 98 40 51 137 86 57 59 45 50 70 95 73 70 177 135 133 77 43 61 64 9 53 86 151 101 41 85 107 125 107 54 156 244 184 134 129 87 58
70 84 65 56 71 34 44 78 120 192 153 77 67 88 101 67 42 74 90 45 91 137 128 73 79 97 184 195 107 69 108 155 120 52 23 65 204 158 169 41 172 214 208 255 215 255 239 222 242 231 242 186 76 19 92 119 94 67 87 96 80 175 108 83 84 180 128 47 28 30 50 67 105 125 141 178 180 196 150 56 31 56 29 0 62 116 26 23 103 69 42 51 47 164 253 188 85 79 88 71
40 101 125 116 58 29 54 88 47 85 124 83 74 86 120 87 52 43 14 7 15 50 98 103 81 77 86 90 98 100 113 165 187 110 26 62 243 233 255 119 238 243 255 238 250 255 248 255 212 223 217 142 48 9 72 156 131 80 74 87 92 182 132 141 120 199 159 82 53 31 39 52 90 118 125 139 152 166 127 41 33 75 76 35 14 55 13 55 43 27 88 75 63 126 202 180 117 85 67 89
50 113 135 120 34 27 48 55 14 0 65 48 32 40 97 67 64 41 5 64 38 37 76 105 104 110 148 127 66 64 97 122 104 97 73 101 120 46 84 131 198 255 244 236 255 206 204 255 242 152 84 82 22 39 94 74 58 55 93 86 35 138 143 124 87 143 132 108 90 37 28 49 54 67 50 95 70 70 43 40 75 109 101 132 5 49 66 73 67 37 147 101 111 144 167 127 100 77 63 173
114 83 42 78 50 76 19 32 67 36 55 38 13 23 41 50 86 56 0 0 11 4 25 34 21 83 90 98 119 76 44 53 99 126 93 13 45 124 218 255 251 255 231 254 217 255 160 186 255 109 121 86 56 37 59 65 40 41 80 36 1 61 56 103 45 87 62 110 75 42 39 70 84 93 80 45 24 6 14 31 102 130 142 87 44 77 58 62 55 50 96 63 124 139 112 77 54 59 58 180
113 105 27 34 61 87 44 28 92 73 109 103 94 92 74 69 147 151 60 51 113 91 78 55 33 89 63 76 105 104 44 15 116 113 113 118 178 226 244 255 162 251 255 253 253 214 255 243 93 113 210 125 34 22 68 75 66 45 48 39 19 51 17 51 50 86 68 125 97 53 31 51 96 92 105 78 29 22 59 45 71 119 104 36 27 56 69 22 46 27 78 74 101 97 73 59 56 58 93 126
102 125 66 86 48 71 54 36 62 66 144 111 118 82 75 84 201 170 87 98 167 114 97 61 12 78 70 104 82 59 21 54 22 56 107 135 173 237 248 255 255 246 255 209 219 242 139 125 128 47 76 81 76 38 39 49 16 34 43 79 67 70 19 43 88 114 97 141 103 43 18 47 56 34 44 91 63 93 67 21 5 37 37 46 49 91 51 27 38 52 148 166 93 41 58 121 109 118 163 67
59 72 77 154 8 44 21 9 21 27 16 67 38 98 31 65 113 48 32 46 84 62 91 56 11 42 27 68 55 22 0 35 23 36 77 103 121 200 219 246 230 255 94 87 59 62 88 134 139 64 50 45 45 12 25 47 46 80 55 78 58 61 37 70 77 105 102 133 87 24 18 73 16 49 10 60 78 124 6 57 109 58 57 37 48 115 48 94 80 24 65 136 98 48 10 26 103 147 188 62
57 30 65 140 40 94 30 6 65 56 55 40 17 0 0 31 81 63 88 40 48 71 115 98 76 92 64 59 70 60 55 61 70 36 57 88 60 80 100 146 216 199 109 36 95 65 10 50 81 69 59 46 45 39 62 60 35 61 33 64 53 36 10 34 51 73 80 105 71 21 32 102 43 52 80 72 0 47 11 73 18 7 60 43 93 143 64 75 102 45 49 120 100 57 0 0 5 74 116 105
45 13 40 36 65 100 29 13 94 67 35 75 74 68 73 90 83 110 108 44 53 41 61 107 74 88 69 52 46 30 62 99 51 20 35 55 5 0 22 35 92 96 69 0 87 59 5 10 60 69 75 87 51 13 67 106 86 80 45 42 23 10 30 84 116 108 89 82 55 20 40 111 16 91 109 66 73 60 6 81 28 65 37 73 68 108 34 36 123 83 40 84 126 126 60 34 45 79 86 186
54 34 56 21 87 83 56 70 97 69 72 92 106 36 123 138 56 82 40 39 58 11 42 107 68 61 31 48 42 29 42 78 54 24 33 75 73 68 87 19 34 26 26 0 61 74 42 30 58 51 40 73 47 8 39 33 0 9 28 11 18 46 92 124 134 120 95 67 41 14 39 111 20 66 75 167 196 132 89 104 28 81 26 53 36 71 7 3 105 134 75 56 118 154 125 123 139 111 54 147
50 20 46 55 82 58 75 103 95 68 23 90 63 21 103 126 39 59 0 27 33 2 68 71 52 83 53 64 35 47 35 39 39 23 72 160 158 104 134 73 88 20 84 44 66 80 69 84 75 46 64 185 191 119 120 105 52 69 75 0 14 80 113 82 35 50 65 54 36 13 40 113 36 44 28 254 207 122 136 164 8 63 103 0 74 93 62 2 52 148 94 13 56 102 116 152 199 142 46 83
93 76 108 115 70 15 112 124 92 77 38 131 87 49 82 96 61 58 30 54 52 35 80 75 43 71 36 89 105 78 47 24 58 39 88 182 128 56 42 62 76 94 99 84 80 58 50 94 72 62 48 93 133 128 113 76 32 52 39 94 55 30 73 79 79 56 37 62 31 19 47 105 56 86 60 127 117 85 56 94 4 63 59 90 73 62 127 117 104 122 48 32 23 39 53 99 145 114 70 25
123 115 153 167 113 68 163 181 156 186 100 122 63 60 51 34 18 23 61 60 72 44 67 65 24 30 32 70 156 129 50 24 35 69 56 75 100 37 0 60 58 44 91 85 91 40 22 96 109 73 40 78 116 110 99 72 52 90 81 158 76 54 92 136 137 90 69 40 87 67 1 98 91 122 69 19 75 115 0 59 96 64 49 124 100 41 120 208 124 80 45 35 49 41 17 56 74 50 38 51
122 128 152 149 87 71 139 129 132 197 104 98 70 113 75 34 76 57 105 38 38 3 27 54 30 33 4 61 168 145 49 9 43 12 0 3 90 113 72 81 45 38 99 59 87 73 40 69 117 80 55 94 122 99 65 34 54 58 37 134 127 136 136 116 42 71 90 25 82 72 15 88 81 139 141 37 56 144 74 135 108 90 121 80 106 54 141 156 1 31 103 12 44 73 57 18 22 21 36 88
114 78 78 104 53 15 45 50 85 85 27 57 42 50 61 101 24 54 160 149 149 87 58 72 11 75 14 84 80 67 92 118 36 34 122 105 66 60 71 78 70 69 84 42 81 108 63 29 48 41 52 92 118 101 65 33 32 32 25 47 74 77 88 23 28 85 80 54 46 23 48 38 52 82 70 29 44 104 99 94 68 79 91 96 88 106 91 71 81 71 87 150 51 57 14 101 43 71 78 91
40 69 69 38 14 38 48 5 14 62 80 32 6 51 105 96 97 109 135 129 110 92 87 135 18 67 61 151 127 121 167 171 139 68 59 40 85 94 58 53 72 53 25 65 93 101 67 44 23 35 50 53 59 65 51 35 17 32 49 42 70 88 145 111 43 48 0 64 77 71 135 125 111 79 21 17 56 49 54 54 42 27 30 65 95 144 110 80 32 30 55 141 99 67 68 98 119 161 133 66
0 0 13 37 42 0 0 42 52 28 71 60 56 45 77 77 47 51 28 29 22 73 67 125 56 30 87 78 48 46 114 153 56 10 27 71 129 122 78 81 76 71 39 101 83 61 38 33 49 63 68 32 13 25 21 17 39 44 52 62 58 69 101 89 55 86 46 87 122 125 137 194 152 52 54 46 49 53 94 126 116 66 57 9 80 106 125 70 35 39 37 205 167 98 75 83 153 171 118 25
9 48 74 66 102 58 43 77 64 25 42 31 57 51 31 16 62 74 73 63 74 158 83 101 99 44 114 95 102 66 51 42 8 24 128 185 89 36 71 113 105 125 118 119 60 29 7 0 45 55 66 33 17 31 26 30 22 42 74 65 42 30 69 69 46 123 118 97 136 115 82 163 127 20 70 61 82 140 186 177 183 119 49 75 39 37 19 39 71 55 48 127 160 72 104 77 129 94 46 15
0 71 95 46 110 90 55 48 11 20 75 114 152 116 36 35 86 86 96 47 71 185 70 67 73 96 172 208 201 120 64 35 7 47 171 249 113 27 49 70 87 101 133 113 64 42 32 45 52 48 57 32 22 35 25 35 33 40 81 27 52 47 113 88 73 94 66 54 110 40 0 41 21 22 57 21 94 139 155 135 88 61 29 95 47 20 9 46 75 78 22 63 90 80 85 24 129 50 20 66
41 21 26 41 56 45 15 20 38 57 107 128 152 164 61 22 42 50 12 0 7 73 45 76 55 116 255 181 143 58 19 48 44 56 104 167 175 125 56 27 69 110 57 46 45 54 89 109 104 69 42 79 54 39 35 41 30 56 63 119 111 94 94 78 78 90 27 55 86 46 8 34 32 27 104 15 83 132 117 90 68 97 77 34 60 48 0 44 64 77 48 67 99 76 52 19 74 64 35 24
99 82 95 78 37 22 26 43 85 108 92 17 62 55 14 22 62 77 39 54 52 36 58 124 36 151 225 122 76 44 51 94 78 82 87 101 142 129 70 73 120 79 22 63 40 43 95 131 124 84 70 101 45 46 86 73 70 67 97 198 175 80 37 61 125 158 75 75 86 69 38 36 51 69 92 51 88 110 81 95 143 139 127 41 60 54 64 46 79 105 73 66 87 114 51 50 47 56 60 70
84 47 54 60 68 106 114 93 103 144 121 29 18 20 0 28 89 61 46 86 145 84 36 46 16 54 39 28 73 75 72 102 66 63 84 51 54 78 75 111 141 95 31 92 71 71 87 122 84 68 51 111 102 74 90 84 86 101 140 194 140 65 34 62 200 255 134 67 6 0 7 10 28 68 47 32 60 53 58 101 115 116 86 134 121 106 61 68 107 131 92 13 54 107 41 75 70 88 120 136
65 63 70 46 46 85 90 71 68 117 153 144 34 93 43 74 91 89 142 81 88 43 17 81 32 51 81 99 92 44 68 149 93 71 155 117 56 78 103 118 131 132 33 58 67 72 10 17 62 19 2 72 65 62 171 233 158 81 66 115 97 95 99 105 206 244 120 84 44 50 44 8 29 85 87 84 97 30 57 59 73 96 48 55 127 123 117 124 148 168 123 0 71 99 76 123 103 111 140 134
76 105 99 41 28 62 77 92 70 97 149 164 21 106 29 89 136 100 106 18 31 30 38 86 65 43 97 75 50 29 52 77 47 17 106 91 63 73 69 61 78 81 12 63 94 129 86 107 102 47 127 202 95 87 235 240 55 56 80 100 86 169 179 70 82 127 67 72 41 44 59 47 43 58 44 60 36 0 61 74 46 49 11 18 84 82 92 88 137 180 122 15 85 70 56 82 81 76 94 56
132 123 97 46 32 53 63 79 70 76 102 77 1 62 1 79 134 93 47 46 52 26 72 82 73 31 85 53 26 43 88 91 47 44 68 27 66 62 41 69 77 51 60 125 60 46 61 118 85 28 105 152 93 128 213 140 35 38 41 60 22 87 176 151 79 72 29 48 62 77 71 32 25 30 19 88 33 40 84 115 63 15 23 80 49 43 51 29 37 123 73 59 95 88 62 63 47 47 72 13
76 54 97 106 52 32 53 79 39 33 47 27 10 61 56 83 128 90 54 133 102 52 96 104 101 69 83 89 59 57 79 70 78 113 103 29 76 57 44 81 90 77 124 156 43 0 28 83 94 45 75 71 83 132 132 41 29 83 22 3 7 84 158 108 34 50 75 70 79 93 84 39 70 82 57 74 22 78 87 116 132 70 129 58 43 43 135 81 96 172 120 108 98 91 55 27 46 63 110 41
61 20 127 201 117 51 54 56 60 36 40 50 12 69 106 56 60 61 115 217 120 52 59 99 81 120 114 134 74 40 30 1 26 82 107 60 104 91 87 79 85 102 121 111 62 58 61 79 86 38 100 71 40 92 127 73 37 131 47 32 56 86 124 87 50 57 90 51 77 123 125 68 76 131 134 79 62 119 86 66 124 92 162 129 97 79 125 128 120 165 125 73 67 71 65 29 52 83 145 73
123 74 69 110 70 31 13 51 101 110 60 117 63 55 137 33 35 84 161 219 105 48 72 61 54 89 77 57 76 84 79 86 85 74 70 45 71 71 65 75 96 93 137 72 81 95 59 86 99 40 31 39 59 64 78 76 116 201 108 72 70 15 44 65 85 53 45 76 81 137 142 114 96 122 130 95 119 133 62 46 73 101 130 190 163 83 87 83 70 79 60 38 41 64 81 59 63 115 143 92
111 71 15 59 40 30 7 86 140 125 85 136 121 84 142 74 121 144 184 150 55 73 121 62 39 53 57 12 68 108 134 179 140 55 45 44 44 38 49 44 92 106 73 87 50 40 28 58 96 25 36 56 106 68 53 34 120 193 128 1 53 89 90 43 19 56 96 145 82 84 137 109 90 75 74 50 62 31 48 64 110 151 162 132 171 84 70 107 75 99 133 97 0 38 87 70 124 147 145 97
77 111 105 87 123 83 71 114 172 112 19 1 21 8 66 68 151 96 71 59 15 84 146 107 55 58 83 37 95 87 59 96 98 56 65 46 34 30 36 20 45 53 7 49 45 33 13 39 69 94 201 188 162 51 59 97 10 50 136 45 65 70 106 151 96 88 139 176 70 29 86 104 68 73 72 76 43 1 68 109 21 100 113 37 155 90 46 90 55 41 87 116 17 42 39 43 99 147 169 147
145 179 177 133 151 72 45 48 69 103 85 62 69 48 41 80 35 27 24 116 78 64 77 74 42 49 52 37 81 50 5 34 96 107 95 41 51 43 40 66 52 28 47 34 125 116 33 47 31 76 186 157 118 31 49 105 67 27 66 59 161 76 8 121 120 0 9 49 89 130 62 10 41 85 63 80 21 25 43 67 23 90 72 22 115 86 44 63 60 24 34 107 79 91 0 13 12 112 191 224
65 55 46 145 139 88 28 31 47 94 79 81 91 85 5 49 9 85 96 157 120 17 31 33 39 91 59 58 59 43 24 38 64 67 69 56 88 62 52 99 59 30 79 52 174 138 17 26 63 38 89 93 100 81 83 123 103 40 83 93 102 109 107 95 90 79 84 21 50 115 53 3 37 72 52 69 59 92 65 71 46 60 24 74 53 28 11 19 28 43 76 133 125 158 79 91 66 111 108 112
20 15 50 168 173 125 87 52 6 26 7 54 98 127 39 99 120 130 77 49 87 10 80 78 35 127 97 95 50 40 41 39 20 31 79 77 75 63 72 85 81 75 98 149 212 165 97 107 55 19 93 129 124 100 78 103 102 104 102 75 60 167 193 70 46 107 78 18 40 62 68 36 1 13 54 80 91 58 53 68 91 45 10 123 27 5 35 66 50 76 141 162 101 81 41 44 13 49 35 61
58 55 75 76 102 64 107 61 24 53 42 49 58 88 55 141 117 105 85 45 73 56 110 99 12 58 57 79 47 41 65 91 97 111 122 61 38 45 77 99 89 77 86 181 164 154 178 163 35 12 121 134 129 113 90 70 68 57 83 99 50 147 214 87 38 77 64 56 63 27 59 61 50 37 110 170 119 4 33 39 130 59 21 81 6 10 51 81 74 105 151 140 112 56 50 63 50 84 57 88
177 147 83 50 52 32 77 61 36 63 58 46 72 102 54 75 24 122 213 169 62 81 89 83 47 20 52 110 101 55 56 100 138 136 97 40 65 50 55 121 102 52 73 135 69 103 176 123 13 3 115 63 63 100 140 109 58 50 43 80 91 102 128 109 47 54 77 42 15 3 68 124 117 76 124 236 137 19 65 41 82 52 60 66 58 67 48 17 31 108 95 10 55 24 40 65 27 53 15 51
153 161 154 121 99 57 76 84 40 62 94 76 64 82 42 81 23 108 197 221 29 42 69 126 151 0 80 104 120 83 31 38 104 79 11 63 59 41 52 103 74 31 27 43 63 91 95 87 46 57 72 90 33 70 133 100 45 45 27 109 106 50 52 101 79 49 139 59 40 22 81 165 129 33 89 129 71 39 76 41 35 36 107 136 124 126 73 12 44 113 67 118 151 54 138 78 48 87 34 41
68 99 132 69 58 57 130 107 55 91 113 79 52 69 60 132 59 59 69 82 35 96 121 143 179 72 65 27 57 48 5 31 90 97 37 65 58 42 52 64 52 40 40 45 56 92 78 56 104 86 52 95 63 56 60 50 76 64 8 85 72 43 50 92 64 85 110 89 99 53 61 144 99 25 57 55 17 40 40 54 32 62 86 120 113 138 97 24 83 155 122 91 146 20 93 36 26 65 20 28
62 19 20 24 43 72 143 128 17 28 21 29 70 103 65 92 44 36 33 36 79 113 109 115 118 71 68 85 130 123 55 39 54 68 51 88 68 30 55 97 83 77 60 72 39 29 38 74 44 57 0 15 10 30 48 71 106 119 25 51 48 88 95 69 66 71 47 105 99 40 44 117 63 35 91 119 81 54 0 76 50 83 33 30 8 60 89 75 111 145 85 25 98 29 118 132 96 111 45 16
62 62 32 62 62 122 114 68 76 87 57 62 92 95 40 46 88 79 46 9 48 58 74 135 98 34 16 74 89 111 126 138 85 37 15 31 33 32 40 93 25 45 39 124 101 30 13 13 18 49 14 17 35 62 92 91 82 120 35 12 27 81 95 34 17 49 68 90 31 83 133 85 98 128 116 89 61 54 51 89 24 41 6 26 61 88 54 5 28 57 33 63 86 47 51 84 175 174 105 50
30 73 34 44 20 42 20 26 86 90 39 39 61 76 70 92 89 87 64 63 92 82 52 98 98 64 26 67 53 63 115 173 181 76 28 1 41 136 107 126 88 119 76 137 113 58 90 66 37 57 65 52 28 16 83 89 105 146 109 49 45 20 46 39 47 35 114 139 52 84 130 83 81 110 49 71 103 79 140 110 54 60 62 44 114 145 98 46 38 44 32 77 35 36 24 59 90 108 93 65
58 54 5 12 62 62 63 87 113 90 13 21 44 69 84 89 86 67 46 59 67 82 54 71 110 120 36 28 53 65 93 168 138 60 49 33 29 120 83 131 176 111 16 34 28 10 93 96 33 55 75 64 43 70 155 135 68 137 153 59 65 21 46 83 32 48 122 92 43 75 76 42 123 129 59 122 147 36 65 9 15 46 80 19 65 92 71 37 17 23 36 36 0 12 26 37 26 54 86 87
23 39 9 13 116 175 142 50 48 63 32 54 33 28 60 63 48 45 66 55 13 36 41 29 55 91 32 17 58 61 58 108 93 63 70 91 25 63 27 85 187 51 28 80 132 119 120 83 7 20 9 53 85 161 170 84 26 91 119 55 148 166 140 165 89 59 94 133 144 136 112 151 229 249 140 86 100 93 106 67 67 57 42 3 42 65 68 44 63 56 48 21 17 29 41 40 19 28 63 62
13 27 10 52 104 162 112 17 25 63 64 101 53 21 44 30 50 68 131 93 12 31 63 26 59 85 76 58 44 32 58 106 104 89 46 86 45 112 68 54 117 22 104 109 129 130 106 75 44 50 5 68 53 93 77 50 51 45 39 39 209 245 138 142 107 72 82 153 178 184 148 158 255 247 125 29 65 133 98 107 77 57 23 38 44 31 62 76 77 63 28 35 64 59 20 14 31 22 49 42
36 29 119 78 64 74 68 47 56 69 56 133 81 48 21 28 49 112 166 156 95 66 73 59 55 91 120 102 90 96 101 126 85 49 22 58 25 52 72 65 98 31 70 13 73 64 48 39 85 137 63 26 47 92 39 12 37 78 76 64 199 192 52 38 81 97 136 54 126 82 78 90 143 109 54 26 88 187 76 45 3 32 62 5 31 41 52 103 127 99 14 80 100 69 13 25 76 100 108 60
110 37 147 117 28 33 91 71 64 73 51 124 85 76 64 73 74 99 122 124 99 80 85 90 80 85 98 109 141 149 97 60 19 25 45 39 4 0 42 57 109 42 27 101 122 27 51 94 82 130 84 43 42 127 94 19 50 47 86 104 170 128 23 22 134 198 177 13 66 65 46 46 55 65 64 24 113 216 163 104 83 34 11 12 91 139 103 115 153 185 147 146 85 33 28 63 92 115 122 87
130 45 181 188 70 18 52 22 30 56 49 129 96 82 42 18 37 31 32 61 94 94 96 124 69 26 56 121 110 27 5 84 83 53 52 25 78 46 61 11 99 86 45 129 97 24 55 100 101 104 102 93 27 85 125 125 77 11 47 41 27 3 0 28 150 193 176 48 58 58 33 31 0 7 31 67 95 118 56 19 131 49 54 69 162 151 66 32 141 191 184 143 64 26 60 69 26 49 49 28
118 32 99 109 78 50 101 141 76 72 13 49 13 32 23 10 62 41 18 32 71 56 22 47 68 51 26 7 43 76 39 0 79 102 131 66 93 29 62 42 84 115 106 90 29 57 53 84 132 143 220 255 115 39 26 60 91 58 143 138 85 56 46 45 135 116 150 118 73 71 55 33 114 70 0 99 22 56 24 88 219 35 162 158 159 130 158 38 26 59 82 74 67 91 162 136 19 43 31 18
