64 68 62 58 28 32 71 52 19 41 38 9 64 74 51 55 67 51 18 93 79 55 27 36 44 42 27 58 15 56 27 45 65 15 26 40 98 102 73 55 75 71 46 22 24 27 18 11 17 12 31 109 206 179 59 10 20 14 0 17 66 74 40 17 14 42 45 57 53 81 61 42 93 97 72 31 24 51 56 36 18 39 57 56 35 9 21 61 77 91 46 44 57 52 17 50 49 21 31 15
34 25 34 76 69 42 60 65 39 34 57 43 45 27 21 28 39 35 23 48 57 34 21 27 68 63 53 50 11 32 17 28 84 30 28 44 112 122 72 22 61 50 27 15 19 18 15 22 18 52 10 53 211 172 11 4 39 32 18 36 78 77 34 5 1 16 38 87 88 74 28 8 42 56 48 21 14 32 41 33 12 31 41 41 41 38 45 65 90 80 42 7 49 39 31 39 27 17 33 3
46 43 36 63 87 78 69 57 43 29 79 68 28 11 36 42 14 20 32 4 44 27 23 32 75 67 68 44 14 23 28 41 39 28 37 26 45 59 65 70 89 70 43 31 27 13 8 22 17 0 15 24 29 36 21 10 6 13 27 65 107 102 56 21 31 24 25 57 69 75 63 65 37 45 42 29 27 38 46 45 37 48 47 49 69 81 76 72 85 61 32 8 41 32 45 64 49 28 37 14
77 68 29 27 77 98 78 60 47 48 95 65 21 16 44 42 20 23 36 0 49 39 21 37 54 42 48 42 18 29 44 75 78 48 25 8 11 18 32 47 69 57 36 26 26 19 16 28 27 19 26 14 13 31 33 37 19 24 40 66 84 70 35 9 57 70 63 47 47 70 74 63 38 30 23 23 29 37 44 49 53 51 42 49 73 76 55 40 53 41 19 39 29 31 44 99 66 14 15 17
67 49 16 21 70 78 58 72 67 78 110 82 63 37 28 27 44 36 31 22 61 56 19 47 46 23 19 41 14 29 35 78 100 61 33 50 53 33 16 15 44 46 31 17 23 28 24 23 16 31 14 0 27 43 21 40 49 39 34 30 19 12 13 16 39 74 80 42 27 42 51 35 24 21 24 31 33 33 46 62 66 55 47 61 77 61 34 26 35 37 21 36 22 27 36 81 47 4 17 25
57 65 58 47 65 62 35 49 39 43 74 84 105 59 24 37 57 40 23 50 74 70 44 82 76 37 18 40 17 30 22 54 42 37 40 86 74 35 22 37 36 40 25 11 20 29 22 14 27 16 50 41 6 30 54 44 24 17 21 18 3 7 38 60 31 50 60 29 14 9 29 36 25 39 57 61 43 29 43 69 78 69 65 79 88 69 50 55 53 53 40 12 42 34 32 29 22 19 50 37
94 93 86 59 61 60 32 43 18 4 30 49 80 50 28 41 62 46 25 61 68 56 66 106 103 53 30 27 31 45 38 40 31 24 14 69 67 41 23 21 14 10 0 0 15 25 21 20 6 12 35 37 40 43 20 7 11 11 31 39 19 20 50 70 50 52 66 47 36 5 11 15 22 36 51 49 28 11 20 41 55 55 50 52 58 52 50 62 67 62 42 30 80 53 19 8 33 29 52 27
139 72 46 52 65 52 37 82 80 50 54 38 47 43 41 37 71 57 34 56 47 20 60 97 102 49 33 6 41 60 64 41 15 23 14 66 63 48 37 33 46 27 6 9 24 20 12 18 19 15 21 13 18 27 16 19 13 11 33 43 23 24 55 74 64 57 60 37 41 28 44 45 20 20 21 20 14 8 14 24 31 39 29 16 20 30 40 52 59 53 23 73 106 67 0 19 83 44 42 22
91 57 17 68 56 34 63 115 135 97 65 36 14 29 48 39 46 40 29 14 25 30 41 83 59 46 42 15 46 47 37 36 26 46 45 66 63 56 27 46 53 48 20 33 19 17 18 22 24 18 9 6 13 23 25 21 22 12 24 30 17 26 54 64 78 52 18 38 22 26 31 39 17 17 13 8 8 17 30 39 31 5 12 30 17 12 33 49 39 25 12 82 76 43 36 55 54 58 78 96
65 64 73 104 68 22 44 103 95 27 14 42 37 28 39 43 32 23 0 3 23 33 37 64 62 29 33 40 25 15 0 5 26 82 76 81 48 26 22 22 31 32 11 31 20 18 18 22 24 21 14 10 15 23 25 22 23 16 26 32 23 42 81 101 82 56 25 15 5 3 0 15 12 20 12 0 20 59 65 43 46 13 13 34 34 30 39 44 55 29 15 32 44 35 70 72 19 55 120 172
79 72 87 82 73 48 35 41 33 40 49 31 41 110 113 25 36 50 13 42 38 30 27 45 45 17 34 64 25 29 17 23 73 87 27 31 44 61 64 7 14 20 7 31 21 18 16 18 23 24 20 14 13 17 19 17 20 18 27 29 22 37 71 92 75 57 43 13 31 27 2 24 22 23 12 10 47 90 80 39 17 39 77 79 33 12 57 113 73 29 35 92 101 79 74 53 27 42 77 103
30 67 118 66 40 29 25 26 47 64 90 88 106 183 191 102 102 105 22 40 22 22 35 58 54 54 71 79 61 70 53 53 102 91 38 12 13 44 59 14 18 23 9 32 21 15 12 12 20 23 21 14 8 9 10 9 15 19 28 33 32 37 49 57 49 37 40 10 65 62 8 21 16 2 0 13 48 67 49 21 0 20 52 56 26 15 61 118 94 28 26 136 99 69 37 51 54 36 25 17
0 42 110 69 36 14 14 29 39 42 69 88 108 164 181 131 110 105 15 35 32 38 31 27 15 34 53 50 84 72 48 63 78 56 67 35 16 46 53 36 29 29 8 28 17 12 9 9 14 19 19 13 8 9 11 12 14 21 28 39 52 57 53 51 58 43 41 20 94 88 11 8 23 11 6 18 36 43 35 24 6 6 11 20 22 24 51 88 73 29 37 101 48 35 24 45 37 44 68 86
52 35 49 54 49 21 11 26 17 40 45 25 40 100 106 49 70 101 63 72 54 40 14 2 0 0 18 29 90 52 25 66 58 10 53 42 50 97 97 76 37 30 2 20 12 13 11 11 9 15 17 13 12 17 22 23 19 23 19 25 47 56 49 46 76 59 40 37 106 99 24 16 44 45 36 22 18 25 28 24 18 26 28 27 22 15 35 75 34 25 58 30 32 43 47 3 17 67 147 202
67 54 39 51 25 0 20 60 62 47 30 39 67 80 67 50 92 139 126 76 27 15 24 52 57 47 44 50 72 43 18 59 46 17 68 52 39 78 114 95 43 31 0 16 12 16 14 12 11 15 16 14 16 23 28 29 23 26 11 6 27 35 27 28 44 37 10 34 84 76 20 17 36 33 29 20 8 0 4 13 34 28 15 20 35 26 16 28 24 20 51 0 15 29 43 3 28 70 140 191
32 57 40 52 15 8 41 72 68 43 24 57 113 122 101 100 113 156 152 71 19 15 36 76 81 67 49 43 25 39 29 55 26 14 56 47 31 61 115 72 50 35 0 16 15 20 16 12 16 18 16 13 15 22 26 26 23 30 12 2 20 26 18 22 12 19 0 38 69 58 15 16 25 7 15 41 35 5 5 33 32 31 22 29 47 31 10 17 13 24 73 50 32 7 12 38 34 36 55 72
6 20 24 75 41 59 56 54 47 25 25 58 93 88 69 100 131 87 80 75 29 14 53 85 75 30 7 41 2 27 78 62 45 46 57 56 26 41 77 49 22 31 13 10 18 22 24 19 18 16 10 7 11 21 26 25 24 0 11 36 27 27 36 25 23 32 47 28 36 29 43 39 38 2 42 45 40 13 16 34 47 55 63 0 51 26 8 17 17 26 64 68 44 32 34 56 40 43 10 41
43 41 30 83 61 49 72 49 27 15 36 31 37 28 23 55 76 40 40 48 25 25 58 78 81 36 22 47 40 77 122 111 88 85 92 86 39 28 53 31 7 8 18 21 30 13 11 26 26 25 19 13 13 16 14 9 12 0 13 33 17 13 26 24 5 41 72 51 20 6 40 72 64 44 59 26 13 3 14 30 41 48 48 17 22 19 42 33 42 37 46 45 56 71 68 77 51 60 47 62
55 93 95 86 52 41 112 58 94 33 43 29 77 97 73 54 55 28 30 45 45 58 83 88 50 5 0 0 17 53 76 68 81 89 94 75 26 27 69 61 43 24 37 3 18 7 2 18 36 37 33 28 27 27 24 19 26 17 36 48 25 15 26 29 22 20 18 36 43 52 46 46 44 56 60 11 0 3 9 15 29 30 34 69 42 72 102 41 21 25 18 5 36 66 52 52 58 52 27 13
86 41 46 65 74 38 104 78 105 39 64 29 57 65 55 43 53 33 28 32 36 54 71 70 46 11 20 3 41 70 76 74 55 66 59 37 14 37 69 42 7 23 76 18 32 28 12 9 28 28 24 17 15 17 16 13 21 16 32 44 29 18 21 21 20 13 6 39 44 54 32 29 18 49 49 17 24 37 38 41 51 55 76 102 72 118 136 57 39 62 49 10 23 44 30 37 64 44 5 2
71 9 31 24 34 16 56 57 85 39 75 37 36 22 35 50 54 43 30 19 15 29 45 50 38 17 31 6 32 44 38 39 25 25 22 30 32 40 45 10 1 31 94 29 26 14 7 16 31 29 20 9 3 5 7 6 11 6 16 32 35 29 24 19 28 30 24 42 24 24 11 20 14 35 24 23 43 60 62 68 81 96 124 73 51 96 117 82 81 106 91 40 37 48 31 42 48 39 15 65
22 30 67 15 2 36 62 66 73 33 38 23 37 23 30 31 50 51 43 27 17 22 37 51 53 41 43 26 24 20 16 18 21 22 30 51 34 8 23 33 48 34 52 17 25 6 0 11 30 31 26 17 13 16 19 19 19 14 15 25 34 30 21 16 43 31 15 18 16 21 14 15 19 27 18 51 68 72 62 56 52 65 89 14 35 72 90 85 59 72 75 61 76 81 44 29 38 42 27 93
33 13 8 42 67 94 86 106 74 77 57 42 39 18 27 24 21 35 39 32 22 14 21 39 45 38 27 37 22 23 40 47 59 60 51 54 35 13 26 34 14 7 17 35 61 41 13 3 17 25 30 28 26 26 25 22 19 20 16 15 19 15 12 19 31 31 31 18 20 21 34 38 27 31 28 80 84 80 63 39 17 22 31 2 48 66 85 79 39 28 44 72 108 113 62 25 44 56 43 69
39 49 8 56 70 93 71 74 44 70 29 25 34 27 32 13 4 25 40 41 32 15 12 29 52 42 15 39 10 13 43 50 62 55 25 31 69 94 75 17 0 25 35 45 46 35 27 19 33 44 54 54 49 42 33 24 22 31 29 24 25 25 35 56 49 39 39 26 51 52 55 33 19 15 6 56 51 56 52 26 29 36 30 35 54 45 86 90 60 19 23 57 95 105 63 27 23 48 48 40
47 39 31 39 32 77 20 32 0 50 24 24 41 47 26 34 21 34 56 35 43 25 19 45 76 62 28 87 35 12 29 36 51 36 21 32 68 91 71 34 10 35 47 21 20 34 20 16 43 76 71 72 40 34 28 17 15 35 34 26 3 23 90 100 64 29 42 54 51 62 49 23 15 21 36 17 15 23 16 39 46 54 64 25 43 32 43 108 85 49 66 35 74 60 44 20 46 48 39 25
15 9 20 41 49 71 8 10 1 55 55 60 31 55 65 65 37 52 66 49 58 40 43 62 99 84 68 134 99 28 8 39 63 46 38 45 45 32 19 16 24 28 33 20 21 23 5 10 32 53 41 48 25 22 16 8 19 39 34 19 3 40 114 129 61 34 40 48 61 75 44 8 0 34 85 51 38 17 20 38 46 21 13 26 53 29 29 86 64 40 52 41 49 41 32 42 66 56 45 41
36 38 56 63 102 133 83 55 37 29 10 44 19 68 73 35 56 92 102 69 56 29 37 32 17 8 31 109 112 38 9 67 74 53 38 38 37 25 16 17 19 7 11 17 31 33 21 40 43 44 22 38 25 19 11 6 17 40 40 23 6 26 69 70 39 26 28 40 77 90 41 4 21 69 88 2 38 91 82 0 0 15 6 21 30 34 38 48 40 22 22 36 28 28 21 49 47 29 18 22
82 53 46 31 72 81 50 26 50 39 32 82 27 33 39 42 83 134 149 105 70 31 36 14 27 13 41 67 54 6 0 18 51 46 31 18 26 43 44 34 34 18 15 15 28 31 23 45 45 33 7 36 33 27 16 13 2 17 26 24 15 15 22 18 14 12 14 30 79 85 36 21 43 70 74 16 27 64 62 2 5 39 19 30 23 42 46 21 27 6 0 17 26 36 33 46 45 35 30 31
83 37 27 17 41 11 8 27 54 50 49 109 59 10 9 66 80 92 112 99 77 33 32 24 24 19 51 37 4 26 47 28 18 29 31 20 18 29 39 38 31 25 21 8 19 35 32 48 53 39 18 57 61 56 45 44 34 25 21 22 21 13 5 13 24 19 11 17 56 54 21 40 59 70 49 27 8 65 104 108 80 47 1 48 52 37 32 36 48 28 10 6 27 36 51 48 59 67 67 58
9 21 33 11 22 15 35 48 68 34 0 52 65 27 27 84 58 11 35 52 57 23 16 35 32 37 58 43 0 47 87 39 27 20 24 39 45 36 31 34 23 27 27 10 25 50 49 57 65 55 37 73 72 61 48 46 48 35 30 26 30 20 2 17 56 45 23 8 27 28 12 42 54 54 14 22 17 105 143 132 77 36 0 32 47 29 34 72 93 80 49 21 19 16 42 42 52 64 65 52
38 68 69 40 44 51 60 50 59 49 32 35 42 19 54 97 49 2 44 37 40 38 28 49 43 52 49 73 31 60 93 66 50 33 28 46 60 55 43 37 45 44 40 25 37 52 36 35 45 43 27 55 43 28 17 16 14 24 36 26 37 42 22 36 64 59 39 10 23 38 24 32 20 11 12 65 41 38 49 46 13 28 24 1 28 42 48 74 101 95 54 47 19 10 25 34 53 50 45 39
103 71 42 57 69 43 35 47 50 71 85 53 34 9 42 37 30 25 92 38 22 56 46 53 70 73 39 90 47 30 41 45 48 56 53 39 35 44 48 44 37 30 30 28 48 58 36 33 28 34 22 48 33 22 15 17 26 50 60 26 28 44 26 38 48 55 47 19 37 66 45 24 12 19 20 27 14 27 48 3 0 26 38 0 42 67 46 45 67 66 22 60 29 28 24 38 60 40 27 31
86 39 41 60 55 44 35 33 36 70 77 98 17 24 42 28 1 54 85 24 27 41 38 44 59 57 39 48 65 37 15 36 61 51 47 39 30 38 37 24 13 21 12 36 66 45 22 28 38 29 35 56 38 23 46 37 52 53 77 37 38 34 26 31 4 38 63 51 35 44 43 19 6 21 31 2 8 59 59 29 31 51 0 33 92 114 72 14 21 18 7 69 65 41 30 37 43 50 47 32
32 38 66 72 50 42 47 52 52 38 20 67 29 41 62 73 52 65 65 29 55 37 2 14 49 35 35 34 57 52 26 62 55 41 38 91 74 47 21 24 20 37 36 37 51 57 50 36 50 64 71 32 33 37 39 55 55 35 58 59 46 36 30 15 1 28 58 57 40 37 35 19 17 19 32 21 22 40 26 9 33 42 3 85 133 154 69 24 20 23 10 47 37 21 15 17 18 18 21 28
33 38 46 51 46 52 81 106 96 42 9 80 76 60 49 67 69 50 30 21 66 35 3 30 21 6 29 25 46 55 22 63 114 103 82 150 114 58 15 17 12 33 60 57 46 68 88 78 131 143 35 63 102 15 80 96 45 11 20 64 43 33 31 0 10 23 45 48 35 34 41 38 25 15 35 50 52 40 16 18 32 44 44 75 89 92 33 29 30 40 28 39 28 27 33 37 40 20 9 16
16 10 4 32 48 34 50 83 85 37 29 116 130 91 46 56 84 67 62 52 68 43 33 38 12 9 22 19 26 28 18 51 106 113 84 109 81 39 23 18 8 12 56 62 30 39 68 79 130 142 59 36 58 2 48 53 39 19 0 43 36 36 34 8 19 28 42 42 37 46 52 43 24 10 29 52 60 37 8 21 27 38 78 17 34 40 58 87 108 109 95 78 52 38 39 44 55 35 18 13
27 33 4 16 31 10 24 58 55 31 45 109 121 96 60 68 105 113 131 102 85 92 104 51 25 38 22 22 12 0 27 44 56 73 63 44 42 8 25 28 18 5 40 52 46 68 82 92 103 80 11 18 48 31 62 13 51 64 14 26 38 46 41 37 25 40 52 49 54 77 78 50 31 20 27 38 47 25 0 2 38 27 71 5 30 38 53 73 100 97 99 82 57 28 18 24 23 27 25 19
61 84 23 1 31 36 48 57 38 27 49 71 75 91 90 97 136 157 154 92 76 126 159 73 19 48 33 46 30 2 33 24 34 46 66 38 54 16 35 61 55 37 44 47 91 134 107 95 125 89 11 54 53 37 90 32 61 98 60 31 40 44 35 47 40 50 52 44 59 103 119 97 52 48 48 51 68 52 12 18 35 22 56 50 37 26 0 0 16 20 51 48 48 28 17 20 18 29 29 14
38 90 35 14 49 43 35 24 11 11 54 62 66 104 111 94 136 173 131 39 42 101 135 62 23 46 50 66 54 33 41 21 24 35 68 38 54 38 35 81 84 68 56 56 123 136 58 47 136 165 199 108 2 49 32 35 51 92 103 57 41 27 18 30 45 46 43 35 45 83 107 99 56 58 65 79 110 96 49 52 22 20 50 60 34 25 0 13 18 22 52 33 42 39 29 22 33 33 29 18
40 103 52 22 28 0 10 38 15 22 84 89 80 102 77 20 64 134 90 4 36 85 109 63 56 53 61 61 56 60 59 49 63 74 91 37 29 36 5 49 64 56 57 82 160 136 34 54 170 234 255 222 107 104 56 53 38 70 130 84 43 15 7 13 32 34 41 40 33 39 43 34 41 45 58 86 126 108 54 56 39 27 41 8 11 18 40 40 37 37 55 10 21 36 33 21 15 15 25 39
24 95 61 27 19 22 51 51 19 23 60 74 47 97 80 0 42 108 60 37 85 81 68 89 107 120 83 27 77 72 47 43 57 73 80 32 57 17 22 56 76 57 39 125 165 112 94 166 214 183 219 196 123 148 61 106 78 60 88 68 63 42 27 15 23 53 60 45 34 7 19 25 34 36 54 30 80 54 31 24 19 28 47 28 26 20 44 36 17 12 28 8 25 33 24 11 1 14 25 22
3 76 56 30 35 54 97 103 43 24 17 27 30 91 91 48 64 120 69 90 123 63 45 103 161 88 103 36 97 72 46 13 32 52 41 87 105 83 42 105 115 103 88 172 143 88 108 236 244 168 158 28 19 90 49 151 124 33 23 55 84 78 75 37 35 61 113 51 7 32 62 64 42 28 34 14 50 40 24 18 38 57 87 60 27 29 20 41 23 24 31 25 40 48 38 20 1 22 26 8
73 68 24 50 125 140 117 62 23 34 23 31 32 53 41 34 91 66 48 56 67 56 2 61 151 101 14 23 29 69 109 16 26 69 3 67 73 113 51 118 75 11 65 111 163 106 193 229 149 191 230 158 27 60 9 0 46 25 46 113 107 20 19 32 66 76 228 108 65 14 54 107 127 91 89 78 77 64 44 36 60 67 84 66 42 68 28 56 28 27 14 22 29 31 28 15 18 32 38 30
99 102 91 92 91 43 45 53 35 65 28 14 13 18 13 36 48 59 19 128 124 97 171 175 46 35 118 88 71 67 62 14 0 65 0 38 56 96 36 83 60 68 123 215 255 162 185 135 202 181 236 121 60 160 156 85 126 145 94 74 81 94 102 8 85 196 201 241 141 66 152 205 140 50 23 52 76 91 72 55 55 51 43 30 32 53 28 41 33 33 25 51 47 29 24 21 43 40 57 86
67 68 77 78 85 45 49 50 53 84 27 9 22 33 29 43 46 54 16 115 109 56 155 236 251 84 52 3 60 98 59 89 40 96 47 26 54 22 0 27 83 0 61 129 136 94 252 55 249 249 117 171 155 242 233 146 172 144 39 35 92 177 220 115 220 255 238 255 148 147 206 220 142 75 84 119 100 69 37 24 47 54 37 26 29 11 30 22 31 35 53 80 70 30 16 20 30 26 47 83
20 27 51 41 72 74 97 85 43 89 57 56 47 37 29 25 32 13 19 26 114 133 105 225 246 168 105 81 84 117 88 190 111 196 170 64 102 65 79 58 117 78 220 227 184 205 77 254 177 255 253 138 51 111 140 40 85 90 13 119 255 255 237 255 252 229 254 255 171 112 241 179 57 43 104 134 106 62 43 39 33 37 29 42 55 26 60 21 57 51 79 57 47 16 8 17 25 34 43 48
53 31 41 12 34 32 68 71 51 83 63 75 41 22 40 44 18 53 56 59 156 150 116 113 76 99 245 180 181 144 56 158 122 255 254 104 126 113 121 26 8 31 253 255 207 255 223 250 255 237 178 151 80 119 171 78 112 255 248 253 255 191 161 234 241 214 255 216 95 69 109 121 67 33 52 47 79 89 85 49 14 7 21 58 58 54 73 29 84 76 113 28 31 35 36 36 48 60 64 59
20 19 85 85 70 4 25 56 44 49 36 82 61 46 70 64 51 59 129 93 79 49 74 89 49 67 110 131 118 77 7 80 76 216 218 114 158 200 243 169 97 81 255 213 255 213 16 244 218 255 255 115 122 193 246 188 89 178 220 225 155 156 182 164 161 211 184 50 17 0 69 85 53 55 86 44 72 88 92 48 30 27 65 99 51 65 73 56 56 62 125 12 36 66 62 41 40 44 57 73
28 43 122 163 128 22 9 30 14 34 20 81 50 56 72 64 41 68 102 3 47 75 76 26 98 106 85 48 21 20 42 57 75 209 166 91 75 98 143 252 230 189 212 230 255 245 254 144 254 225 219 234 254 253 251 255 178 154 157 226 135 255 251 188 80 63 5 25 61 72 62 18 0 26 29 77 68 57 49 32 39 66 133 82 46 56 24 71 23 53 68 38 49 46 49 34 32 23 19 96
54 115 208 135 76 23 26 25 0 28 29 73 36 28 44 32 0 0 69 122 101 97 53 23 158 245 173 107 86 72 92 48 169 253 225 255 204 164 81 216 255 235 255 248 168 255 251 230 249 241 255 253 248 106 118 228 243 255 236 111 232 239 244 255 87 81 79 29 53 50 0 43 100 50 35 19 4 18 41 35 31 63 92 73 36 27 13 38 0 23 13 36 18 35 24 53 50 35 31 67
24 29 103 43 51 43 32 13 17 34 28 39 9 10 50 47 21 0 26 20 30 19 21 63 133 194 180 77 47 42 23 80 172 248 248 234 246 255 234 167 226 255 197 255 219 253 233 254 239 249 246 251 243 255 253 255 255 243 255 247 242 255 228 250 190 140 63 66 179 119 57 86 70 30 77 65 71 90 83 39 61 106 85 84 61 74 82 62 46 75 78 50 45 35 38 50 32 22 41 36
38 18 65 70 70 40 39 57 50 53 51 53 44 50 79 59 31 41 69 44 84 63 29 44 67 117 102 103 110 63 42 59 62 48 29 162 144 164 246 157 242 235 204 236 255 213 219 255 255 235 141 255 244 232 255 235 255 226 241 255 243 209 120 151 113 119 141 9 81 101 28 56 53 30 34 5 14 36 30 0 23 46 24 48 35 48 46 17 49 53 53 37 88 72 58 41 27 21 58 32
44 46 38 78 42 19 36 62 86 63 49 60 84 124 155 135 78 30 23 54 40 64 25 34 75 89 51 15 16 41 74 83 31 31 28 80 41 70 241 212 234 242 255 243 189 69 253 250 207 255 254 251 241 232 242 255 255 253 238 214 255 187 74 99 89 89 158 7 58 126 66 32 36 53 22 43 58 35 9 19 55 49 71 102 74 52 27 30 24 32 22 75 80 57 27 83 86 63 75 31
67 45 0 79 67 70 91 113 122 76 41 54 82 144 174 166 101 86 91 65 49 26 0 25 62 65 93 24 0 41 34 65 71 75 98 23 46 41 161 254 255 184 253 255 250 226 246 254 255 221 222 255 246 255 222 255 241 248 242 255 243 180 119 171 103 59 125 66 85 99 97 52 26 54 18 86 118 67 42 101 93 102 154 124 80 80 67 69 93 116 108 109 99 52 33 88 92 67 60 36
78 45 13 98 75 58 69 114 101 71 53 78 70 100 84 69 79 136 175 69 82 16 2 39 66 77 42 44 62 41 23 4 47 103 84 46 64 102 48 165 104 118 146 252 234 250 227 255 242 190 105 255 249 255 255 218 244 254 254 238 232 119 152 255 156 30 115 36 42 95 37 6 41 62 57 90 116 69 37 80 78 85 135 75 50 64 76 56 121 124 95 53 121 102 67 38 31 25 26 60
74 44 39 80 53 27 0 15 40 26 24 62 37 62 40 38 62 88 125 70 48 43 52 85 82 77 53 9 47 57 0 19 72 100 61 44 84 74 4 84 21 48 28 139 94 231 235 237 218 200 253 252 251 253 217 249 242 245 255 255 211 149 221 253 191 28 48 42 47 35 21 18 31 39 56 21 54 69 69 91 69 26 70 64 68 31 40 25 42 64 24 31 74 89 38 36 13 15 9 68
69 57 33 66 59 56 30 24 20 39 43 39 49 56 53 52 45 45 36 54 41 31 78 99 124 91 48 79 60 74 39 36 51 39 0 38 34 51 0 66 27 63 45 17 145 250 239 171 198 216 221 239 247 230 217 233 255 242 255 245 230 159 254 255 199 48 21 82 111 54 0 51 48 6 30 30 15 76 100 46 24 40 46 43 43 44 62 90 134 152 82 35 48 25 7 27 46 26 6 30
67 52 40 20 40 39 44 17 0 21 21 16 31 43 43 49 53 64 91 87 52 38 66 110 105 90 52 31 27 22 37 80 60 54 45 16 17 57 27 71 67 78 58 68 53 29 65 24 6 117 219 255 225 166 191 238 247 255 243 255 231 160 207 104 158 60 43 85 102 62 24 63 42 16 40 35 16 55 61 12 0 38 49 24 17 35 53 64 107 85 15 10 46 24 0 7 38 34 14 15
64 57 66 38 47 44 61 43 9 28 37 45 50 36 39 71 48 46 97 103 70 42 45 113 87 72 47 10 48 29 54 89 39 0 22 8 78 131 67 25 50 27 8 70 67 37 41 2 87 98 89 113 108 84 120 113 240 236 182 242 190 126 195 67 77 38 24 41 47 31 22 35 31 21 37 27 23 60 70 51 67 84 68 35 28 36 32 23 43 26 0 10 36 26 24 28 35 35 24 23
42 26 39 60 56 66 59 57 21 33 56 80 68 20 18 67 69 27 38 66 61 25 26 94 76 50 48 31 67 51 63 57 40 5 33 37 66 75 47 17 21 26 22 25 45 73 24 25 82 98 70 65 53 55 146 142 201 178 141 246 255 223 247 48 62 52 31 34 42 44 48 38 29 31 34 12 13 38 43 49 85 72 62 65 62 36 20 31 44 44 33 30 21 25 40 25 20 8 14 34
57 16 27 43 57 86 83 73 42 48 69 88 74 42 36 54 102 59 9 26 39 13 26 58 53 30 53 54 22 22 47 28 33 44 50 74 31 7 37 41 4 18 24 7 12 63 38 51 58 94 80 59 47 34 88 34 78 121 172 237 255 254 252 36 45 36 17 25 44 51 46 21 18 33 37 17 20 28 18 33 36 34 48 70 54 5 0 42 77 50 27 26 22 43 68 39 24 14 34 56
102 66 100 35 44 62 109 100 67 66 77 75 68 89 92 55 77 86 40 39 54 39 40 27 20 1 39 60 0 13 41 12 18 51 21 65 25 30 80 77 61 40 49 80 51 53 63 19 44 88 85 46 43 30 69 15 61 58 83 124 178 195 181 18 39 28 28 43 67 74 49 24 14 28 33 19 30 39 32 55 56 47 40 41 32 9 14 48 80 34 11 26 24 42 87 89 39 44 69 68
97 77 136 51 28 26 79 81 54 39 56 51 31 71 96 47 30 61 57 56 75 66 41 31 19 1 29 52 11 37 58 25 44 67 23 41 3 19 78 97 41 50 102 111 67 58 82 41 34 59 63 33 65 50 53 1 57 52 42 79 90 74 85 43 20 13 36 38 51 63 32 24 37 42 42 27 34 39 30 49 75 52 26 29 48 52 53 63 75 55 47 48 14 10 61 83 27 27 53 50
71 44 103 79 45 43 45 44 34 5 38 49 3 24 68 44 24 25 38 41 68 63 28 58 47 33 43 40 18 40 70 57 55 52 26 49 36 29 35 43 52 84 136 53 43 84 66 47 31 61 86 54 78 39 26 0 74 84 16 39 30 25 38 24 10 8 43 26 25 44 18 28 48 55 68 66 73 70 49 56 53 38 32 52 69 52 33 37 47 64 71 55 12 8 49 55 19 0 29 43
51 16 67 62 69 82 91 75 29 8 42 28 21 7 11 42 27 15 24 38 66 33 42 78 63 37 28 44 38 31 63 91 69 28 44 40 59 35 13 17 50 73 82 17 35 57 41 26 34 81 69 54 47 42 106 47 97 30 0 16 48 51 17 12 3 22 7 31 37 26 3 26 62 68 47 110 115 51 17 38 47 33 15 35 64 38 10 27 33 53 46 48 15 20 39 46 13 27 59 38
31 76 68 25 48 119 166 127 64 44 38 3 37 46 27 40 60 41 36 45 59 41 42 59 83 31 11 41 41 18 37 73 58 22 32 35 69 60 27 7 58 74 46 23 26 28 11 0 20 72 90 132 89 25 30 0 37 26 38 33 84 86 53 21 24 40 73 32 34 33 10 21 47 52 30 83 83 33 6 11 42 82 75 32 22 37 38 30 36 43 23 39 32 41 49 55 58 67 83 39
8 41 11 70 94 83 121 140 61 94 95 17 25 38 44 88 73 47 33 48 48 54 57 64 53 45 44 43 33 24 29 44 34 20 30 30 62 69 41 9 101 98 29 38 34 27 24 28 81 61 5 35 10 9 58 83 43 17 21 1 63 44 42 57 42 49 124 30 24 39 28 28 37 32 0 30 29 21 26 24 60 62 53 27 11 19 23 9 41 48 15 27 32 36 33 44 95 97 96 36
22 41 1 66 69 77 114 140 90 100 100 32 44 70 73 89 74 45 29 45 14 16 17 26 13 37 57 49 48 48 23 7 0 17 28 13 21 39 37 19 44 50 27 63 83 73 59 64 82 73 34 44 36 40 56 51 69 41 41 41 97 58 40 75 67 58 122 46 26 39 44 38 41 49 28 63 65 74 82 58 63 14 13 42 41 32 31 23 61 90 55 48 44 45 42 60 83 77 78 30
53 57 34 42 11 86 113 111 102 62 74 46 60 87 82 57 58 43 44 66 21 4 1 18 37 29 46 69 102 92 31 10 15 45 43 20 12 41 63 60 28 25 36 29 59 53 31 40 79 87 75 36 25 15 25 16 24 28 28 38 85 74 28 38 53 37 51 48 11 0 12 0 3 18 6 53 80 127 163 151 70 45 56 65 43 41 48 29 56 98 66 51 47 59 59 71 37 28 45 28
84 62 70 62 1 51 36 33 59 17 61 57 47 53 52 33 32 41 62 80 49 24 20 37 40 42 56 56 91 102 46 31 63 76 48 34 31 66 90 86 94 73 63 0 12 9 0 4 25 32 45 10 24 17 16 14 37 30 21 35 70 73 34 45 70 64 37 94 53 26 40 20 44 44 0 11 23 57 93 95 67 49 50 41 18 28 41 20 40 67 35 28 30 50 48 43 4 0 29 32
85 97 110 68 10 44 9 0 47 3 38 47 63 57 28 2 24 45 59 44 37 19 19 23 10 38 52 13 34 68 38 43 73 68 20 20 21 49 62 52 73 79 61 29 34 28 8 3 19 36 52 29 48 69 46 45 47 37 44 37 61 52 27 23 58 66 25 79 43 25 44 24 32 52 20 47 55 47 41 38 57 26 12 13 20 44 56 40 51 52 23 33 29 39 38 31 6 6 39 37
36 71 99 97 64 46 0 19 45 23 52 55 83 67 21 9 18 45 47 9 30 39 53 51 33 29 34 12 39 60 36 74 74 63 9 17 12 28 33 22 44 67 24 31 31 34 26 17 28 77 91 52 44 99 81 96 54 69 81 4 23 45 52 9 43 58 15 32 0 0 20 2 26 59 39 80 94 69 47 48 100 88 62 32 34 68 73 39 51 39 19 44 27 24 30 35 21 27 56 39
9 75 63 50 69 19 36 53 45 58 44 37 66 76 48 25 28 53 18 28 26 36 48 64 58 30 43 63 36 51 48 52 37 40 53 52 7 21 71 34 35 30 45 35 20 20 25 32 49 75 85 53 34 73 99 74 32 38 85 74 65 112 106 57 59 80 63 24 22 44 47 36 52 93 84 24 39 34 35 35 55 41 39 48 42 74 58 30 41 48 14 43 43 34 28 28 45 47 22 51
67 98 50 31 50 22 39 56 56 46 18 15 51 68 53 41 59 31 4 29 4 13 50 63 61 31 52 33 42 55 53 7 20 37 68 52 0 16 94 66 27 30 47 75 59 39 22 13 8 28 48 36 20 49 81 75 4 29 81 58 48 78 76 39 11 32 36 25 31 43 43 36 35 55 63 21 24 50 85 75 16 17 27 41 29 56 47 27 17 38 18 33 50 32 11 27 41 28 15 32
61 77 24 20 31 25 36 53 40 24 5 15 46 62 66 78 75 44 9 25 15 16 34 46 19 8 45 42 55 71 53 0 37 33 64 69 24 57 124 100 0 17 28 88 55 27 29 43 49 38 39 30 10 19 38 33 58 81 98 32 13 23 38 27 30 36 42 47 47 45 47 52 51 30 49 45 32 43 65 32 24 33 37 40 7 17 8 0 17 41 31 27 81 57 10 38 37 13 24 25
43 64 36 48 33 18 10 22 22 16 18 29 26 11 14 36 25 54 21 13 53 49 24 46 61 28 15 36 17 64 39 15 48 21 31 60 56 53 65 57 33 59 55 116 52 10 38 82 94 58 37 29 25 40 48 30 45 78 88 30 29 22 27 19 37 27 29 35 30 31 51 72 56 11 23 61 68 58 50 25 4 12 10 24 4 27 35 17 20 39 26 4 88 64 0 31 25 4 35 19
19 30 24 46 25 13 4 13 16 16 31 42 24 0 0 7 13 57 51 29 50 27 3 36 69 34 12 37 14 68 41 19 50 39 26 38 63 41 4 8 49 62 49 118 66 28 48 82 82 55 38 30 36 65 73 44 26 51 44 15 35 30 28 20 13 7 19 26 17 28 61 82 52 30 13 37 65 63 47 53 72 63 29 32 11 30 39 11 30 52 34 0 71 46 0 31 20 4 31 4
25 10 10 28 18 20 31 43 29 21 30 40 31 26 29 27 45 40 72 61 30 0 9 40 11 23 61 59 33 57 47 16 60 61 33 23 83 104 54 38 40 23 3 65 54 40 45 55 44 42 43 32 28 58 71 46 63 62 23 19 38 41 36 32 35 49 70 57 24 29 50 47 30 54 20 8 26 29 4 25 68 54 10 19 10 36 55 22 32 65 48 15 44 22 0 42 40 24 29 15
74 46 60 60 36 21 42 55 50 37 32 20 8 23 40 33 38 10 54 60 53 40 51 61 26 40 72 63 13 28 28 19 60 48 30 17 73 132 106 74 64 44 37 56 39 25 29 42 33 34 40 32 26 54 75 59 64 57 17 56 63 64 46 41 61 94 116 73 17 25 41 14 13 36 10 14 28 26 0 26 58 52 8 20 6 24 44 8 17 51 30 21 21 10 9 37 54 37 27 57
55 42 90 85 48 12 37 52 46 44 41 17 0 31 69 71 36 24 42 37 91 89 49 30 34 19 21 77 28 59 15 11 67 42 52 37 41 90 97 82 46 59 96 85 40 13 28 63 82 62 50 38 29 49 65 51 86 62 1 46 33 42 34 43 55 101 124 69 14 46 78 48 56 34 6 47 63 52 29 65 104 106 65 73 45 48 63 25 19 44 16 34 29 33 40 45 45 29 18 91
42 18 49 71 38 37 58 41 19 38 53 18 2 40 64 69 49 61 75 45 63 64 39 12 27 9 29 69 38 68 27 15 69 53 40 42 49 48 39 31 35 38 64 99 45 18 23 56 69 67 47 38 58 78 68 32 47 60 6 9 31 26 7 31 52 60 70 81 15 48 92 39 45 89 34 11 19 0 9 32 61 70 82 106 68 71 68 26 30 41 20 28 35 93 91 32 2 37 15 45
49 16 17 31 34 64 80 51 0 10 39 25 5 18 29 39 40 72 116 88 63 20 7 22 17 35 72 52 27 42 43 10 29 24 38 64 70 48 26 19 38 18 16 57 52 44 21 22 19 51 64 60 86 96 73 9 16 34 18 36 33 31 30 43 36 20 63 65 14 5 24 6 34 65 28 57 48 24 6 34 26 49 51 73 58 55 37 8 6 27 29 44 63 105 102 41 4 7 13 45
109 79 51 39 56 91 93 59 41 36 62 66 51 44 37 46 44 43 64 60 85 71 45 33 27 38 70 87 53 18 29 25 28 23 42 76 77 42 14 11 37 34 21 31 29 34 37 61 79 62 37 18 33 29 65 65 18 23 7 17 0 13 53 77 38 26 85 70 68 67 61 44 10 25 26 44 35 22 18 45 56 59 16 15 19 40 44 46 74 83 68 40 40 66 97 70 21 0 28 46
55 51 31 16 33 59 63 52 53 29 37 43 41 40 27 27 39 41 44 16 49 70 60 40 44 44 46 127 78 27 7 24 22 16 31 61 71 46 17 4 21 35 31 35 46 41 21 23 49 50 52 50 48 5 45 59 34 53 42 55 38 40 49 60 80 89 99 64 93 127 100 48 43 48 80 25 20 3 40 52 51 36 0 14 19 48 54 38 78 99 97 50 26 10 42 33 33 12 45 25
41 49 37 24 34 45 51 60 56 38 43 35 30 41 35 32 28 37 43 1 16 31 35 32 41 66 51 94 56 44 25 13 33 34 47 75 98 94 62 32 14 39 44 36 44 31 11 6 44 96 109 93 63 19 49 40 9 46 22 36 47 31 0 2 54 61 16 24 60 92 80 52 63 56 82 24 19 15 64 73 44 8 1 41 33 72 90 44 34 65 78 54 42 13 30 22 48 54 65 12
89 87 64 38 33 33 33 37 46 48 62 40 17 21 18 19 32 23 32 15 35 30 20 21 34 51 48 37 35 35 48 39 35 32 28 35 52 58 37 9 8 24 32 15 24 22 29 30 27 92 131 181 140 56 39 20 32 62 15 20 51 60 45 69 96 66 0 37 35 1 0 26 80 54 22 19 5 29 61 87 55 4 0 40 19 72 118 78 35 49 43 42 54 40 44 38 40 64 55 11
79 84 69 42 36 55 65 57 47 49 68 52 28 24 17 17 34 41 62 36 35 18 14 28 43 26 27 27 36 31 29 51 50 43 35 33 34 33 29 25 14 0 6 14 52 56 41 0 5 31 56 183 162 69 43 53 23 51 25 35 51 73 87 112 102 69 41 63 56 9 2 48 107 89 20 27 8 25 42 53 19 0 6 44 15 42 71 43 23 43 36 60 69 48 19 6 15 30 20 26
14 39 45 19 14 53 78 65 28 16 33 35 30 32 19 16 27 40 51 13 29 43 44 39 55 35 20 45 34 50 0 15 23 28 44 60 58 47 50 64 59 42 56 49 59 55 62 31 3 13 5 135 121 54 23 23 17 34 22 27 9 37 80 103 94 82 95 57 59 38 15 21 55 77 36 26 30 25 45 19 14 21 27 51 19 20 31 21 30 59 52 83 77 52 17 16 23 20 18 73
26 25 36 31 16 35 69 76 31 6 20 13 24 17 31 33 40 34 26 21 18 23 39 55 57 54 19 30 60 38 14 12 27 34 32 60 25 31 44 46 50 36 26 90 66 42 61 51 37 40 39 63 71 40 26 10 17 21 5 36 38 56 76 96 93 86 90 24 34 25 26 9 0 21 43 14 62 62 28 21 34 40 17 45 54 51 22 2 24 59 57 77 65 35 51 36 14 32 53 63
70 49 53 59 39 27 42 54 22 10 22 10 24 31 44 32 30 32 34 31 21 19 29 39 61 66 29 22 41 32 27 32 51 47 48 79 56 35 59 92 66 82 67 104 56 30 35 30 28 30 45 57 92 64 43 69 28 54 23 0 0 21 40 37 29 5 12 13 16 20 40 24 17 14 31 19 41 53 25 0 26 42 14 31 57 88 70 37 32 47 24 31 27 20 55 54 19 31 44 50
68 69 71 57 34 30 29 16 44 39 35 13 15 22 26 0 20 24 34 33 21 23 35 38 78 94 58 34 42 44 47 43 41 40 60 93 87 26 47 95 121 166 136 134 62 38 36 51 37 33 48 51 89 64 28 75 71 35 9 43 58 0 3 69 65 15 9 35 14 15 28 11 15 5 23 32 14 48 52 41 9 39 24 33 39 60 56 42 44 50 27 34 35 30 54 47 24 27 32 33
42 57 66 53 35 30 29 23 55 49 35 25 22 25 29 3 19 16 22 19 9 23 40 37 54 76 50 32 48 63 58 29 19 30 56 66 78 8 27 62 72 111 72 86 59 54 19 21 52 48 40 66 72 68 29 39 42 26 13 42 81 14 7 49 43 8 27 32 33 41 25 13 17 21 30 59 26 51 38 29 32 52 40 59 45 33 26 34 26 32 22 35 40 29 31 15 23 20 18 18
43 34 46 67 54 17 21 61 72 59 38 50 39 26 34 25 22 10 13 10 4 26 42 23 23 40 24 27 65 98 91 45 19 34 45 22 47 6 35 46 27 46 20 81 129 140 64 28 48 54 25 102 78 112 97 41 32 47 24 9 49 23 13 12 0 3 55 10 55 72 27 24 30 53 53 109 104 111 44 8 53 52 23 43 44 40 29 30 19 19 10 16 21 22 28 22 20 11 5 8
38 35 35 45 41 16 15 46 69 56 34 67 45 16 29 35 19 7 18 23 19 47 60 26 23 28 14 27 67 104 109 70 18 29 39 16 42 21 50 40 15 38 36 73 118 120 61 33 37 46 19 117 88 141 148 57 60 58 28 24 42 16 22 45 58 69 95 6 50 57 13 13 41 81 79 126 120 123 70 39 37 51 19 17 15 32 36 34 31 29 24 20 19 23 33 40 25 11 1 5
35 45 28 10 25 34 20 10 22 27 17 68 45 18 39 52 27 17 34 39 32 61 74 34 22 21 8 15 30 54 76 62 23 15 28 34 51 27 53 45 28 70 85 53 50 40 30 28 36 35 22 86 71 103 111 36 28 80 77 59 38 37 43 40 77 84 78 31 50 40 23 13 47 76 73 85 38 50 60 43 28 61 48 47 28 30 31 35 23 31 42 36 26 25 30 42 45 25 9 11
55 44 14 11 43 50 25 12 14 31 23 74 41 11 29 39 46 34 48 43 25 51 65 24 22 24 17 19 11 20 56 63 47 10 15 41 47 19 54 66 41 88 113 48 36 30 37 29 38 25 27 46 47 48 45 3 17 102 135 131 72 50 33 18 40 56 50 90 90 60 57 23 35 41 44 52 0 32 82 51 26 47 46 79 67 37 9 6 21 36 57 52 40 41 50 70 65 40 20 19
37 24 34 40 60 85 62 31 27 37 26 57 48 27 15 26 40 59 31 67 44 43 38 32 26 32 17 17 15 10 44 77 49 38 24 14 29 27 64 72 38 71 90 85 95 76 23 17 35 32 19 24 39 24 6 15 26 70 158 233 134 97 74 27 61 114 83 99 52 43 80 61 38 18 25 32 26 49 66 45 21 47 50 70 77 41 16 9 31 41 52 72 43 34 47 88 92 46 35 14
20 12 27 30 45 69 53 29 25 32 18 49 45 30 21 33 36 55 28 68 47 46 38 28 37 56 37 19 12 11 33 43 4 15 24 20 27 24 76 101 47 40 54 81 111 88 19 0 70 56 24 12 29 28 17 24 18 35 109 209 130 67 29 1 38 97 96 80 24 17 76 96 27 13 25 30 14 23 28 2 63 68 41 41 51 38 46 62 49 44 53 73 38 37 59 94 95 64 56 16
20 16 33 32 38 60 50 33 26 29 11 43 46 38 31 42 106 96 26 33 4 14 25 30 72 103 82 49 39 48 58 43 2 22 40 37 38 28 78 103 65 20 18 36 43 34 20 33 0 41 55 26 0 0 11 51 10 0 11 101 69 56 61 78 63 44 26 15 56 88 99 73 17 17 49 67 54 57 60 34 35 36 7 8 23 19 36 59 44 23 36 61 16 19 43 60 18 57 121 120
37 32 44 38 40 59 49 33 28 30 9 42 51 48 40 46 88 82 22 39 16 24 27 24 50 83 61 29 24 37 43 21 12 23 34 32 37 20 51 59 35 0 20 34 7 0 10 40 19 40 35 36 73 92 69 45 50 39 15 54 28 39 37 39 50 47 78 28 49 59 66 73 28 34 75 95 73 63 58 31 22 35 22 36 56 49 57 72 48 18 41 74 19 18 35 30 43 78 113 75
