29 28 32 44 49 38 21 11 19 20 14 3 81 54 31 24 28 33 37 33 51 41 67 59 12 27 30 27 74 65 49 43 17 36 78 58 19 14 18 14 44 42 38 28 45 19 15 28 4 12 16 12 7 7 8 7 16 12 19 25 59 48 37 24 8 13 17 10 33 11 6 14 17 32 42 25 36 50 27 11 35 20 24 35 27 16 18 22 22 10 8 22 33 28 19 15 29 22 13 5
26 21 17 27 37 26 15 22 30 27 22 19 51 52 50 47 48 39 30 33 67 65 77 54 16 32 50 26 69 50 76 99 66 33 38 30 6 5 15 31 16 14 21 26 53 23 15 27 9 15 18 12 7 8 10 9 8 9 20 21 42 27 33 42 47 19 0 0 36 20 10 9 17 25 26 40 25 52 19 14 23 6 8 24 27 21 19 19 12 8 9 18 24 21 16 12 9 11 14 17
13 15 8 17 32 22 13 31 43 41 38 33 21 35 43 39 32 43 50 62 82 72 74 49 14 26 55 19 53 21 73 113 78 40 63 93 67 36 26 51 73 61 50 40 58 29 25 40 17 22 23 17 13 15 17 18 5 3 17 23 41 21 32 51 47 16 4 17 61 43 23 11 4 19 25 65 8 41 4 12 29 12 8 23 31 22 9 2 6 10 12 12 14 18 17 13 17 23 30 34
1 19 17 19 36 31 18 28 40 49 48 32 26 25 25 20 17 38 47 56 58 48 50 32 13 22 45 24 37 3 36 70 63 59 121 177 130 71 35 58 139 131 106 65 66 37 31 37 16 20 19 14 12 16 20 21 14 4 14 26 48 19 17 29 23 15 26 32 56 40 31 20 11 41 69 96 18 45 23 29 53 46 43 54 61 44 22 15 26 31 30 24 28 38 40 34 15 20 24 23
7 32 31 20 30 36 25 17 24 44 43 13 54 31 24 28 45 47 22 16 14 20 27 14 17 31 45 48 30 8 14 42 64 58 94 132 87 61 33 49 101 123 116 71 67 41 23 10 6 8 7 3 4 10 15 16 19 8 16 22 38 6 5 19 24 23 29 7 11 11 30 27 1 28 64 54 1 25 23 11 20 31 36 46 51 31 9 11 14 14 7 1 7 20 21 14 10 18 26 29
28 36 32 16 14 30 31 14 21 36 31 0 58 28 27 45 74 81 48 31 8 15 26 23 17 35 45 58 27 21 20 42 52 29 22 36 10 41 33 39 48 77 80 42 47 31 18 2 4 6 5 3 5 12 16 16 9 7 18 15 28 11 33 64 32 21 21 0 0 5 33 29 27 37 60 25 13 37 42 16 19 45 55 58 59 36 19 32 35 30 23 20 24 30 27 20 20 29 40 48
39 20 20 19 9 24 38 22 26 30 28 13 41 22 33 59 86 106 79 62 25 29 38 40 18 21 29 39 33 35 33 29 24 31 36 39 0 34 32 42 46 52 41 9 24 13 12 12 13 15 13 10 12 18 20 18 4 5 14 10 33 36 73 107 42 18 27 22 20 10 33 33 24 32 47 10 12 22 20 4 13 44 50 45 43 20 7 30 42 37 35 36 32 24 16 13 18 21 26 29
38 0 7 28 15 24 44 32 27 24 33 43 31 29 50 78 100 101 57 45 25 44 48 40 26 6 11 17 45 48 39 3 13 69 111 105 14 26 26 52 53 39 18 0 19 1 0 9 17 18 17 13 15 19 20 17 15 9 8 5 41 54 84 104 65 29 39 40 26 0 23 38 20 41 59 33 20 13 0 5 9 41 44 35 37 18 10 37 50 49 53 56 45 24 13 14 19 15 10 7
53 1 10 63 31 31 33 25 22 16 34 42 16 6 29 47 68 64 35 0 33 39 41 37 23 3 14 30 0 18 28 24 56 101 123 117 41 38 20 32 42 24 0 0 6 7 7 18 23 26 23 15 12 17 19 17 12 5 12 15 43 36 52 70 34 37 59 52 13 16 43 42 1 8 31 18 34 19 22 4 10 40 48 38 27 8 9 37 60 54 57 53 31 21 33 45 48 39 26 17
41 6 23 63 37 22 24 23 5 11 33 46 32 20 30 45 55 60 51 27 5 19 38 47 14 4 17 58 20 28 15 17 33 83 123 143 74 56 24 29 46 31 9 5 13 7 0 7 22 24 22 15 13 17 19 17 3 5 21 22 37 14 20 34 31 27 45 45 22 40 86 102 24 13 4 7 6 27 30 17 21 30 27 23 23 8 7 31 45 46 53 41 8 0 14 33 40 34 27 22
33 5 14 27 19 0 15 33 42 47 46 44 40 28 27 40 56 55 51 47 0 29 41 29 23 22 35 82 53 38 17 26 30 60 83 116 62 49 32 47 37 28 14 14 23 15 7 13 13 14 12 8 8 12 14 13 9 11 20 13 22 5 25 51 46 33 40 39 19 32 76 100 60 32 16 15 0 24 45 39 18 16 14 21 25 11 11 33 49 36 31 25 11 11 19 21 28 27 25 26
45 20 19 19 36 16 34 57 77 77 56 42 47 36 19 22 21 34 37 34 26 66 70 43 12 17 31 52 45 18 25 38 43 42 27 58 18 18 21 44 21 13 1 2 9 2 0 5 10 9 7 6 8 12 13 13 17 14 17 6 19 10 42 75 52 36 38 38 17 11 32 49 28 6 24 35 19 37 68 57 25 19 23 37 32 10 8 28 37 20 13 16 22 35 38 26 14 15 17 19
42 22 21 25 58 36 35 42 50 56 40 34 53 49 21 6 41 73 66 19 31 45 43 20 9 17 34 22 36 3 49 53 45 36 5 43 17 22 23 30 59 50 32 26 26 16 11 23 22 18 14 14 15 15 14 13 9 8 18 14 28 10 24 44 37 25 27 34 25 13 16 24 21 44 90 136 72 70 62 57 54 32 28 40 34 13 6 12 6 8 16 18 18 33 44 39 9 11 13 14
41 19 5 11 35 25 16 17 32 33 19 12 33 51 42 25 24 53 45 2 44 59 65 55 33 35 48 28 36 0 55 41 38 42 11 57 46 65 70 59 47 39 23 14 12 1 0 11 29 22 17 17 17 13 9 8 7 5 14 13 28 5 9 22 40 28 20 24 27 19 12 11 32 117 177 240 98 74 36 68 65 26 11 23 29 26 22 14 14 16 22 23 27 44 50 35 17 19 22 22
61 39 17 23 21 25 21 27 40 34 19 2 9 44 64 54 50 57 55 41 43 43 46 47 41 30 26 38 21 0 33 11 23 44 13 51 44 78 95 75 28 26 18 17 18 7 4 17 23 15 11 14 16 12 8 8 14 9 14 9 23 4 15 32 55 41 21 16 28 26 11 1 0 67 120 168 73 48 27 64 45 14 6 17 20 29 37 29 37 31 27 23 29 48 45 19 17 21 26 28
58 48 36 50 27 31 23 28 33 32 31 13 6 43 73 61 56 66 92 105 33 9 21 48 42 20 2 53 20 8 36 17 3 39 8 36 19 51 66 37 12 14 13 16 18 5 0 9 17 9 7 15 20 19 17 18 14 13 22 17 28 5 14 31 53 42 19 16 37 44 26 11 11 0 7 22 54 31 25 14 26 15 25 28 11 15 33 33 27 35 37 21 7 18 26 13 4 10 17 21
42 26 37 50 32 17 14 6 4 16 14 24 24 38 55 39 15 36 68 109 64 47 52 66 37 17 32 79 53 55 46 28 23 14 34 30 0 19 36 10 6 17 19 18 16 4 1 14 20 12 9 18 28 29 25 21 21 12 20 32 23 14 22 31 29 25 34 41 0 3 21 28 30 16 31 31 85 41 27 16 24 41 31 55 17 31 18 41 40 32 25 16 14 30 36 22 15 21 9 0
50 37 40 47 35 20 14 8 23 19 8 21 31 37 39 13 17 28 52 95 78 81 83 84 57 27 33 72 102 128 74 58 31 19 63 54 24 26 28 9 12 20 20 17 14 3 0 12 20 12 10 19 29 30 26 23 26 22 19 20 21 19 25 36 30 21 25 50 31 35 23 12 36 35 47 47 84 53 34 20 9 21 22 32 23 35 35 44 45 41 38 32 30 44 53 42 29 36 24 9
53 41 34 35 34 30 30 33 16 23 23 28 28 20 44 50 40 61 84 92 58 56 62 72 86 78 78 74 121 160 84 72 59 21 69 45 42 46 33 11 13 19 17 14 14 6 4 16 25 17 14 21 29 29 24 22 14 19 10 8 20 19 17 34 42 36 29 49 37 36 24 30 11 24 30 34 52 46 24 7 9 9 15 11 28 33 43 39 41 37 36 29 24 33 38 27 34 45 38 24
54 42 26 20 26 34 43 52 62 42 18 20 44 38 60 65 75 57 35 12 12 46 61 69 119 125 111 89 125 156 101 67 56 25 88 41 46 54 37 19 6 12 12 14 18 13 11 22 24 16 12 17 21 20 15 13 3 14 9 17 35 20 11 40 54 44 17 21 9 5 0 8 15 32 29 39 44 63 41 23 35 19 14 15 30 28 32 31 27 20 18 17 14 21 20 5 3 21 23 14
44 35 26 21 20 30 39 38 18 33 38 25 27 5 60 109 44 73 102 64 32 24 19 34 68 132 171 167 118 84 129 158 25 41 128 61 39 34 23 19 4 9 10 14 23 18 14 23 16 9 6 11 15 14 12 11 14 18 15 31 46 18 11 53 86 64 23 27 27 31 5 1 26 32 19 32 25 52 34 17 48 25 9 26 26 20 13 24 19 9 10 18 24 32 27 8 9 31 39 34
16 13 29 35 24 34 41 21 42 54 56 48 77 51 87 113 43 50 69 32 38 45 31 39 28 50 74 123 103 38 88 114 41 59 114 47 19 16 9 7 12 15 11 14 22 17 12 18 17 12 10 16 21 22 22 24 21 14 9 23 30 6 6 44 43 30 3 3 0 22 21 22 60 49 35 46 29 43 32 24 25 12 6 28 22 13 4 18 23 13 16 26 31 33 25 6 0 20 26 20
2 0 37 53 29 42 55 19 31 67 84 53 56 3 35 66 62 90 137 92 78 53 25 41 52 75 82 92 88 26 52 89 80 67 65 25 14 18 12 10 24 21 12 11 18 15 10 17 23 18 16 21 25 26 27 29 18 9 6 14 19 14 15 26 20 25 21 17 0 29 53 57 56 33 29 42 18 11 13 19 4 12 33 35 40 22 22 19 26 20 27 34 30 24 15 0 17 33 32 21
16 7 50 64 27 42 62 20 28 60 73 45 66 20 43 61 48 64 109 72 77 55 16 25 92 131 113 51 64 34 25 57 85 68 52 42 30 24 21 29 30 24 10 7 15 13 11 19 23 17 14 17 19 17 17 19 18 15 19 25 31 43 41 23 26 32 39 42 15 47 51 23 62 35 43 60 34 14 27 45 5 30 76 52 70 42 52 29 22 23 36 44 35 26 21 12 27 39 32 18
76 43 39 34 64 38 25 48 53 32 34 61 68 49 40 48 38 40 33 34 46 40 15 0 55 71 55 23 18 27 22 11 56 27 13 45 31 28 23 41 36 28 17 14 20 26 23 15 16 24 15 5 12 21 22 25 23 18 12 26 48 44 24 17 23 50 43 22 33 31 28 42 90 83 93 107 43 30 46 74 55 100 154 149 57 38 41 29 27 18 22 49 22 26 20 19 33 35 33 15
100 47 36 41 41 6 9 63 45 34 40 48 31 13 16 25 42 42 27 18 29 36 33 33 21 41 51 50 48 37 22 19 36 36 31 38 32 28 19 22 31 32 25 15 15 21 19 10 5 19 20 18 29 36 32 30 17 21 14 23 39 26 5 10 19 35 31 23 12 24 36 54 98 86 68 55 96 79 69 73 58 73 105 117 48 21 20 27 22 18 22 39 8 12 17 27 29 15 12 15
68 44 45 49 34 37 35 57 54 29 26 34 35 44 47 30 25 22 10 12 33 45 47 52 52 95 102 74 69 83 74 53 48 67 56 22 27 26 21 16 19 30 29 15 13 25 26 16 16 26 20 13 23 30 28 28 2 13 4 7 25 10 0 20 25 12 8 33 14 45 46 35 63 50 32 28 92 86 56 27 26 18 30 62 28 6 0 19 21 21 25 34 9 15 32 51 36 8 6 28
28 18 27 43 34 68 56 46 51 25 15 15 21 46 47 11 28 17 13 33 50 34 10 7 72 106 96 53 48 71 70 50 47 73 63 18 39 31 24 15 2 16 13 0 0 13 16 2 20 30 26 20 29 33 27 23 21 34 20 17 37 28 22 53 17 0 11 60 23 56 48 20 37 25 33 69 54 66 36 0 10 8 10 41 36 37 28 41 26 23 22 24 16 20 33 47 30 6 9 33
35 1 2 32 20 38 33 49 45 60 69 47 26 45 65 56 48 39 45 74 80 42 14 22 49 44 33 31 35 26 21 33 18 42 47 28 58 36 14 2 31 40 33 14 16 35 36 20 0 19 31 40 54 53 34 21 14 28 18 13 28 22 12 27 39 48 77 115 52 78 90 85 41 26 33 68 42 43 23 3 19 33 28 34 31 60 57 50 26 17 11 9 19 17 13 12 11 6 18 32
32 20 31 36 23 30 30 49 82 116 116 69 30 30 42 48 49 43 44 57 55 28 21 45 52 45 30 24 33 33 31 40 26 31 30 30 47 25 3 0 14 20 15 4 10 28 31 19 0 13 20 26 41 42 26 14 18 36 44 43 49 49 36 23 25 42 58 71 27 55 75 84 56 37 18 11 55 34 23 28 32 46 37 23 4 42 46 28 16 12 9 10 38 30 17 5 12 25 47 57
17 35 60 47 54 54 42 43 79 112 100 69 78 96 102 111 96 85 61 49 57 62 61 65 59 73 52 17 21 46 52 44 46 35 22 27 19 12 3 10 13 20 22 18 22 32 35 30 22 27 16 8 18 24 17 12 11 31 54 51 42 52 45 10 18 43 44 36 33 54 58 61 56 49 31 11 51 41 39 45 37 34 36 39 6 27 33 18 6 13 22 21 55 39 25 14 21 36 65 81
31 19 40 49 81 50 30 47 96 123 91 52 70 81 70 78 63 50 15 4 50 97 93 67 54 61 49 30 31 38 42 47 29 23 17 32 9 14 7 13 23 31 36 32 25 22 22 21 39 43 32 22 31 34 25 18 32 50 74 60 35 52 53 8 2 54 66 45 52 51 44 49 26 36 47 52 10 31 38 28 17 0 17 51 14 15 19 10 1 18 32 24 51 25 11 3 12 22 52 78
65 24 23 58 54 20 15 35 83 130 116 43 52 42 36 33 38 43 27 15 40 48 42 39 12 33 32 20 28 43 43 37 18 8 19 19 29 0 2 21 29 25 33 4 19 2 1 26 49 36 35 33 66 37 24 20 46 80 82 78 67 104 78 32 11 74 88 92 45 54 29 33 17 13 33 54 5 16 33 33 18 1 12 37 35 20 15 16 6 11 29 38 27 18 16 9 14 22 30 33
105 54 28 47 61 43 28 31 75 90 70 36 82 89 76 62 46 56 56 57 7 33 32 16 26 24 23 28 40 50 43 28 8 10 23 33 52 48 40 25 42 27 18 2 23 2 1 21 30 40 42 47 41 61 49 24 48 68 91 83 88 103 96 48 11 49 72 85 0 37 54 55 29 12 14 31 18 23 35 46 31 10 17 42 40 24 21 27 24 19 27 34 28 27 30 26 17 22 25 25
71 47 28 43 72 71 51 43 58 65 53 34 64 63 53 46 19 8 19 51 24 23 30 50 69 47 45 49 43 53 69 66 35 24 37 70 58 39 30 39 72 75 49 17 16 0 18 40 50 64 52 71 123 119 76 68 58 70 71 78 108 86 41 18 25 23 39 59 4 22 40 43 37 25 14 15 34 22 31 57 50 22 24 46 39 18 16 25 29 19 22 31 29 30 33 29 29 29 29 28
30 36 23 11 21 29 31 38 28 44 48 39 48 52 48 41 17 18 20 23 78 47 51 86 87 45 32 38 42 70 85 62 62 44 42 70 37 21 11 27 65 81 43 5 1 3 29 43 86 76 120 122 185 202 214 143 71 78 97 132 113 80 32 13 38 43 30 16 58 63 46 27 43 50 37 13 39 15 20 54 49 22 25 45 36 13 13 24 26 18 27 38 33 27 26 22 18 17 17 19
89 99 83 43 19 23 40 55 80 79 71 65 66 78 52 9 38 89 97 48 61 51 47 43 27 48 78 62 17 28 66 69 38 48 36 40 31 56 34 7 51 42 8 9 27 28 22 32 9 5 30 65 140 83 75 115 158 83 48 31 50 105 132 70 12 50 24 0 47 94 62 19 56 64 42 5 32 15 16 38 35 18 27 47 38 20 25 38 38 31 40 48 35 23 24 24 31 30 35 44
58 80 106 100 70 58 55 41 57 58 65 77 75 105 90 45 38 90 130 133 26 33 34 28 67 59 52 35 26 44 46 14 14 40 46 51 55 57 41 42 61 32 28 57 59 29 0 50 45 61 34 11 19 131 166 136 45 101 122 101 248 255 185 66 36 38 24 64 32 64 34 21 68 51 20 1 22 23 20 21 33 28 42 53 38 27 37 49 57 43 44 44 26 14 20 28 13 12 19 34
12 32 94 127 101 88 85 59 61 66 84 93 46 56 58 39 28 41 92 170 52 44 41 64 71 67 51 30 20 27 29 21 45 62 68 67 64 16 24 91 72 51 72 83 60 48 35 137 141 163 110 124 142 190 122 90 97 244 238 168 243 221 135 118 155 90 51 90 65 37 13 36 63 22 4 25 22 24 19 13 26 34 50 51 33 31 49 61 69 47 39 36 18 7 14 22 16 12 19 35
22 12 54 72 32 37 74 73 75 72 92 104 37 32 41 40 12 13 42 115 74 57 33 48 56 67 69 63 57 49 51 67 91 103 81 40 47 6 26 97 92 76 97 82 76 129 143 255 196 156 144 215 236 211 156 150 120 219 228 253 226 255 216 222 248 161 65 3 69 29 19 30 48 1 7 59 29 18 13 14 5 22 43 41 27 37 66 80 74 48 37 36 22 10 12 16 13 7 12 26
38 46 48 29 13 25 44 45 53 52 60 65 90 41 36 72 71 56 46 58 26 22 29 56 47 57 91 127 84 82 81 78 81 83 50 24 42 2 60 70 45 69 75 23 56 132 130 226 162 125 154 255 253 231 174 186 145 141 153 255 252 255 253 206 206 172 94 25 22 17 6 47 42 57 87 81 45 45 47 15 13 16 41 35 9 43 92 88 60 35 28 35 27 17 18 19 34 14 12 28
38 38 45 43 59 58 49 27 8 28 50 57 81 44 37 59 81 67 34 21 66 61 59 82 81 60 62 94 76 79 54 21 35 45 56 71 45 38 33 18 5 72 71 35 43 49 19 95 139 101 243 255 233 234 165 75 80 93 185 192 215 228 226 126 74 118 64 16 16 20 47 58 31 62 95 78 40 49 58 29 19 28 47 41 26 52 77 63 35 37 46 46 32 25 29 30 19 19 38 56
36 28 35 45 93 87 73 49 55 51 40 33 61 46 30 27 56 71 61 53 58 67 87 124 84 44 21 37 41 65 61 38 7 34 81 103 15 26 9 10 38 49 59 99 90 90 68 62 122 87 230 251 227 255 255 89 41 85 232 249 255 206 247 153 37 84 6 1 40 55 97 64 30 56 73 46 21 46 63 36 16 29 35 36 51 72 59 25 18 32 39 29 18 20 28 30 26 16 24 41
64 45 36 26 67 57 58 52 65 47 22 17 43 46 38 39 33 69 106 138 18 23 31 56 62 31 15 32 57 89 91 70 37 34 55 76 45 47 40 27 93 53 30 62 50 88 81 64 158 66 255 248 255 216 237 168 255 234 255 228 216 58 230 110 20 80 47 52 38 6 69 95 29 35 37 24 21 46 47 15 9 39 42 33 48 55 31 7 28 38 39 34 32 28 26 29 34 21 27 46
51 29 16 7 32 34 46 49 21 23 24 33 29 20 22 43 51 82 125 181 73 61 33 32 46 25 20 39 77 91 63 17 0 21 53 51 67 0 45 49 19 99 89 31 0 42 32 97 253 255 214 249 243 235 255 233 210 247 254 137 227 255 70 94 53 44 24 54 76 45 25 19 29 26 30 36 43 47 32 7 23 64 64 33 21 14 8 17 19 31 37 44 43 22 10 25 0 4 28 46
10 2 9 25 31 49 58 51 31 29 28 42 26 18 14 29 40 66 76 84 85 69 56 74 73 53 32 14 36 42 34 6 49 48 47 33 99 16 50 16 56 128 110 41 10 110 91 100 239 255 197 253 241 255 224 238 255 215 206 255 255 255 0 34 46 36 50 56 65 55 22 28 52 45 39 40 44 44 44 45 53 65 46 20 18 17 14 25 15 26 25 27 29 8 9 45 55 40 40 45
11 26 53 76 29 49 53 40 42 31 15 30 27 50 47 44 67 98 83 38 52 57 78 109 110 91 60 15 31 43 61 56 41 45 54 25 39 2 33 9 2 52 79 79 0 92 157 168 255 235 233 252 255 116 212 255 220 211 255 228 223 206 20 11 58 47 56 42 34 39 36 64 66 57 35 22 32 48 60 69 48 38 22 20 32 31 20 17 35 41 26 23 44 41 38 63 78 44 22 21
4 42 86 109 19 42 58 58 31 36 26 31 18 51 50 40 55 93 90 57 19 63 91 95 97 82 62 39 79 86 75 42 46 38 60 54 43 83 89 53 33 56 61 147 79 56 29 0 231 251 255 218 164 182 207 151 253 255 223 250 118 128 4 31 80 40 18 17 22 22 24 44 51 46 23 12 37 62 60 48 14 21 34 43 33 13 4 8 28 36 20 28 73 77 44 31 37 26 32 44
10 3 35 93 30 34 43 57 37 33 19 7 20 40 36 16 17 67 81 61 20 58 74 71 64 53 42 43 54 57 46 32 51 30 76 76 97 105 92 94 99 54 82 107 101 119 93 33 135 170 221 255 128 239 255 179 217 246 253 199 96 123 53 70 135 124 47 2 33 4 22 23 31 17 12 20 42 69 69 43 10 32 57 61 38 10 0 4 24 29 31 20 17 35 37 15 0 16 44 70
21 18 19 34 27 40 35 26 37 21 7 13 36 52 47 33 23 52 65 66 45 77 68 36 6 29 47 39 18 13 31 52 20 42 36 65 15 61 66 93 71 35 80 105 100 198 237 251 208 140 171 234 245 192 220 255 165 227 221 82 156 117 73 39 184 154 84 30 38 27 18 22 18 22 36 44 46 57 64 56 51 59 63 51 30 13 8 9 17 11 6 4 21 54 62 40 24 27 34 44
48 86 83 43 43 49 49 44 31 16 11 24 39 42 40 41 67 64 52 45 41 84 83 43 26 28 26 18 14 26 54 77 70 64 64 70 17 53 96 163 61 33 167 232 116 103 109 237 238 255 136 122 255 255 153 191 220 250 90 33 90 84 21 11 96 75 44 27 21 30 8 23 24 32 55 64 50 41 45 47 64 65 54 34 21 19 18 13 12 8 9 15 37 75 90 73 42 32 23 20
78 142 152 99 49 37 31 31 32 29 26 21 13 11 25 42 82 73 50 28 38 98 116 83 23 23 25 27 32 47 73 95 117 85 136 161 102 85 81 150 86 50 214 207 34 43 50 255 213 226 180 254 246 247 185 249 139 255 149 41 27 67 109 6 48 42 20 53 26 20 3 22 40 37 54 69 55 33 22 17 31 37 32 17 13 21 22 14 18 26 35 31 29 45 53 40 37 26 16 12
37 86 114 124 68 72 56 48 33 39 36 20 9 14 27 36 37 52 50 38 74 123 124 82 61 31 23 68 127 142 103 58 59 61 69 144 60 60 82 139 255 229 74 56 55 159 255 179 97 113 161 216 243 255 237 185 254 233 151 152 135 60 134 65 74 71 17 89 62 26 18 20 27 26 49 73 62 36 17 6 7 18 19 7 5 14 18 13 13 23 37 38 34 46 53 42 32 23 15 15
60 78 92 124 58 44 11 8 27 36 42 46 52 52 36 16 19 43 44 40 94 108 83 49 44 40 52 82 101 89 57 33 47 73 26 54 25 45 224 244 244 255 203 109 96 167 219 161 119 179 231 235 255 247 239 244 255 255 135 169 82 45 89 84 43 54 0 82 83 38 23 0 5 15 48 73 60 38 28 25 23 28 24 11 4 10 17 18 20 20 28 36 48 71 81 69 38 31 26 26
39 49 48 70 43 19 4 38 60 49 45 54 64 59 40 24 47 59 38 20 69 46 29 52 97 73 57 62 69 63 51 44 35 52 61 34 73 68 255 231 254 226 230 181 253 255 255 222 185 208 252 255 202 224 247 223 152 154 88 77 56 61 101 31 12 45 0 51 64 36 19 3 23 26 43 52 39 31 37 39 43 39 31 22 17 19 26 32 49 42 40 37 36 48 53 42 42 43 49 56
34 36 16 25 61 42 41 98 123 80 40 27 24 26 42 63 65 70 36 7 42 0 2 84 97 84 69 54 38 36 59 89 33 28 106 104 148 169 255 218 254 244 255 137 215 236 255 250 254 247 253 252 253 255 236 192 134 138 144 102 47 52 122 39 0 43 4 8 21 30 39 60 67 48 35 25 16 22 35 37 45 37 31 31 33 34 38 45 52 57 64 55 39 42 51 48 40 50 69 85
27 35 42 53 66 70 87 115 113 58 40 29 1 20 53 40 31 36 7 8 87 38 46 77 57 33 88 74 53 11 47 61 13 38 95 96 134 247 237 253 245 255 179 103 170 190 231 255 242 255 236 199 246 230 193 42 48 49 127 8 55 96 108 65 33 52 59 32 6 26 65 82 98 83 57 31 17 17 21 22 28 32 39 38 25 13 17 28 38 34 47 30 75 58 58 37 20 22 30 42
28 38 41 50 77 90 80 70 57 34 24 30 29 20 27 43 28 14 55 93 99 73 125 125 49 39 76 31 105 71 24 18 33 76 79 47 92 246 255 246 225 246 125 192 224 254 255 250 255 229 177 153 255 251 207 22 105 87 136 17 50 55 74 35 36 57 70 49 21 28 46 47 56 56 46 27 16 17 16 10 12 21 35 43 35 18 8 8 25 24 32 17 66 47 39 19 19 21 29 37
33 52 50 45 65 77 52 20 22 74 72 42 41 30 16 33 33 13 73 121 81 66 120 111 53 76 99 15 128 94 7 19 51 68 36 37 92 200 255 240 210 250 240 255 253 255 244 251 242 255 255 234 232 227 48 10 45 52 57 43 16 38 15 2 4 24 40 28 10 15 21 9 30 39 32 10 2 13 21 18 13 22 40 55 56 40 21 10 28 34 34 20 69 47 30 17 20 21 27 35
49 79 83 64 60 60 48 35 48 100 94 54 50 40 18 21 28 27 37 58 50 34 42 61 23 118 149 51 115 121 49 14 50 55 22 20 45 78 228 255 192 252 250 214 241 254 255 242 248 246 241 230 255 251 7 63 39 56 42 95 43 54 14 15 20 29 36 28 22 37 45 30 24 39 35 9 0 15 26 22 16 19 31 46 55 49 32 18 32 44 41 27 65 42 26 26 19 12 8 12
43 70 81 68 52 40 43 59 68 46 42 61 62 37 24 32 14 26 9 9 38 33 12 39 71 41 22 47 44 24 36 68 86 74 31 6 46 30 101 13 148 255 131 213 207 223 252 237 255 255 255 250 255 118 26 79 46 33 40 56 55 18 30 25 24 22 18 7 8 28 34 15 18 41 47 25 13 19 19 8 8 8 14 26 38 37 24 9 17 32 34 23 43 25 19 31 42 24 8 5
39 52 57 52 38 19 20 42 35 12 32 62 48 33 46 59 21 23 27 18 49 57 34 25 43 48 44 85 34 46 65 34 64 78 71 43 52 49 114 41 104 188 113 255 224 205 203 250 249 227 252 255 194 71 36 52 37 21 31 39 45 20 40 39 36 33 30 26 33 55 55 30 27 42 43 23 10 14 17 10 16 18 22 30 39 40 29 14 9 21 31 29 28 18 25 39 54 35 16 13
60 65 59 47 33 16 18 39 21 24 44 51 36 38 60 73 36 35 52 34 93 108 72 29 51 56 54 77 37 33 37 41 28 35 49 71 49 68 74 29 70 57 100 219 237 244 221 243 255 235 221 182 66 46 15 54 27 24 27 36 16 21 11 11 20 21 27 34 52 78 76 48 35 39 33 16 7 14 25 29 26 30 31 33 40 46 44 36 20 21 38 44 25 21 32 37 30 18 9 9
59 67 57 34 16 9 22 48 52 22 8 33 53 45 48 72 36 47 54 32 148 171 112 64 46 56 51 43 56 48 13 37 39 53 55 68 0 64 57 48 35 16 54 140 159 219 255 216 214 247 149 60 32 18 40 52 29 14 44 11 26 20 33 21 5 7 16 29 52 82 81 52 25 31 33 28 24 26 31 33 18 20 17 14 20 34 43 44 28 20 39 51 21 17 27 21 24 20 17 17
30 28 30 26 13 4 22 50 46 18 16 48 63 44 31 39 29 67 43 34 106 135 81 40 27 30 22 22 78 61 41 44 62 67 75 43 43 104 54 55 52 38 56 38 22 121 198 150 151 166 114 19 31 54 71 64 45 37 36 47 53 45 33 28 20 28 22 40 40 57 39 31 11 13 20 20 16 28 41 38 36 27 23 30 37 38 39 42 17 11 19 36 38 24 17 22 12 10 32 62
11 11 10 6 20 10 8 11 22 11 30 71 78 45 21 24 24 46 58 35 26 62 72 34 42 32 31 46 69 43 22 26 49 54 43 25 82 117 83 15 19 50 34 2 17 51 80 109 115 77 53 45 34 56 66 45 59 25 12 36 51 35 19 18 19 34 33 39 49 58 40 29 30 27 26 20 13 26 42 43 46 48 55 65 67 64 66 71 42 22 14 29 40 33 23 21 16 27 65 101
13 27 37 21 40 19 18 24 23 17 38 74 75 43 29 42 18 49 47 22 27 47 43 25 48 24 32 66 49 24 8 8 29 30 21 26 87 46 71 27 20 61 38 19 51 42 37 95 74 54 13 30 36 41 18 34 65 17 4 45 64 31 0 0 16 30 31 26 49 42 25 16 32 27 26 19 11 20 34 34 36 48 64 71 64 53 50 54 47 24 11 21 34 35 34 36 24 47 96 136
16 26 36 22 45 19 27 46 48 40 50 70 66 42 38 54 24 37 28 29 62 75 57 47 39 11 27 72 39 36 32 25 12 33 49 50 74 2 53 52 44 46 38 34 42 42 34 33 39 61 29 18 29 28 6 31 75 32 22 60 76 44 14 11 18 16 19 19 54 25 6 4 14 12 19 19 10 12 18 15 18 31 47 52 44 32 25 24 35 22 14 16 18 17 24 35 30 50 93 124
29 13 10 16 46 27 25 37 53 53 63 75 70 50 38 38 35 9 29 53 45 61 85 71 40 21 35 71 44 61 67 57 7 48 73 54 71 58 61 37 28 17 17 13 17 55 66 30 37 35 51 33 21 25 49 36 48 18 4 17 24 16 17 29 28 10 23 49 83 36 12 14 12 10 18 21 12 10 13 9 20 27 36 43 45 42 35 28 44 32 21 17 13 8 9 16 37 44 67 83
40 26 25 39 32 18 12 19 38 48 57 58 58 57 50 41 36 35 43 50 44 38 40 43 57 49 53 64 49 53 55 51 16 25 38 26 48 72 52 45 24 34 22 9 38 88 110 105 79 57 44 16 27 19 47 62 64 51 38 32 26 23 34 48 38 16 41 88 101 57 33 34 31 23 25 24 14 13 21 23 35 31 29 34 44 49 40 26 62 41 23 22 29 30 25 20 47 45 54 58
32 36 41 53 6 18 19 16 29 48 50 35 35 53 57 46 43 87 66 37 55 40 7 21 52 55 56 52 54 24 18 36 27 12 13 8 23 34 43 78 61 53 29 22 46 67 79 94 89 84 37 9 33 25 31 81 70 58 48 40 26 15 18 30 38 19 43 83 63 43 36 35 38 26 25 24 14 16 30 36 39 31 21 23 36 45 35 19 61 40 20 19 30 39 40 39 42 43 52 56
38 41 38 57 13 67 69 43 31 59 62 35 26 43 43 23 59 98 94 48 28 43 52 47 24 36 45 43 64 12 6 47 32 41 40 15 29 37 67 82 72 19 7 31 37 37 47 49 47 50 45 51 27 49 61 75 75 51 32 25 16 7 15 34 31 15 28 51 3 8 21 21 28 17 19 22 14 17 31 38 36 28 19 22 40 53 47 32 48 34 17 7 6 15 29 40 24 31 48 56
41 62 65 48 63 111 114 70 35 35 38 53 42 63 43 5 35 64 57 2 53 51 55 44 23 34 46 52 39 14 19 52 38 28 35 52 50 36 47 74 54 31 24 49 25 29 27 32 39 41 65 69 40 34 60 76 63 54 31 18 25 29 27 32 28 28 32 31 18 9 22 44 30 32 32 36 36 21 19 37 29 26 33 33 33 59 69 44 50 15 12 24 18 27 46 43 32 36 45 50
58 51 37 30 62 117 126 90 14 12 23 48 27 31 19 5 27 49 48 14 53 48 38 21 56 66 72 54 19 4 27 58 13 22 35 41 34 26 32 43 52 40 38 50 36 29 27 33 50 38 36 27 11 20 36 31 32 39 33 24 25 25 22 22 22 11 9 19 26 26 30 37 35 27 19 27 45 45 32 25 35 36 45 42 35 51 63 49 54 36 22 32 50 50 44 47 46 33 25 30
47 35 31 43 69 98 96 68 33 24 34 58 20 11 17 34 56 51 37 29 60 66 49 27 39 48 64 51 16 14 38 47 2 25 40 32 22 21 20 15 44 59 72 59 45 16 19 35 46 28 15 11 21 42 40 13 9 25 31 20 12 14 14 10 21 9 4 12 19 17 13 14 11 15 21 32 41 41 30 20 22 26 36 34 24 31 45 45 73 69 44 46 78 72 50 59 48 49 53 58
79 61 53 52 45 45 53 53 59 58 74 95 51 40 51 76 81 66 46 43 50 62 67 71 18 10 30 39 18 21 35 24 24 38 42 31 22 23 20 11 40 60 71 46 52 25 26 34 29 19 19 39 68 83 69 42 40 48 48 31 18 28 35 28 32 32 33 29 18 7 9 17 3 8 29 48 47 35 27 22 8 8 13 15 13 18 27 32 101 93 66 51 54 42 24 26 41 47 54 56
53 47 59 71 58 44 49 56 14 29 55 74 33 30 36 46 62 62 58 50 33 31 52 82 71 47 61 79 59 53 66 63 56 45 33 27 26 24 22 21 43 47 37 11 43 45 48 42 32 26 32 57 77 74 65 66 60 52 45 32 23 38 48 33 17 24 29 25 12 4 11 24 30 10 23 53 56 44 35 27 20 17 10 10 17 19 19 21 28 23 32 33 22 31 46 42 31 18 9 12
49 46 62 76 61 35 13 0 41 51 60 61 20 30 44 50 48 44 42 41 53 33 25 31 31 24 51 74 55 37 48 60 62 35 16 19 25 22 21 26 40 52 41 5 12 33 56 60 52 47 41 44 40 22 27 58 51 29 25 27 24 38 43 21 8 10 13 15 14 13 14 16 29 8 22 45 36 30 37 36 38 40 26 15 20 20 13 13 24 21 41 39 11 16 30 13 11 12 20 32
36 23 20 23 26 42 59 60 64 61 55 46 2 16 37 50 57 43 34 33 86 56 22 3 3 16 43 60 52 36 37 48 40 19 7 14 24 24 22 23 34 60 61 32 7 38 62 63 54 63 55 39 22 1 11 51 59 26 27 43 43 52 53 29 23 26 31 35 37 35 29 23 10 9 34 44 27 34 48 36 32 52 42 18 14 13 10 18 20 28 35 33 31 41 43 31 8 22 42 53
72 60 46 26 15 34 60 66 49 48 53 58 16 19 33 47 56 57 54 36 92 52 32 28 40 48 45 38 38 34 29 32 16 9 6 14 25 28 24 20 34 50 50 50 37 84 82 49 38 68 71 53 38 21 27 58 64 25 26 47 45 52 55 33 11 24 38 42 39 33 28 26 17 18 41 53 54 79 75 26 14 51 49 19 8 8 15 32 23 37 20 11 39 51 40 40 29 16 4 1
51 61 77 78 50 19 21 44 80 81 45 10 17 29 26 26 29 48 49 40 34 22 27 52 70 69 80 79 50 27 29 36 21 33 60 70 19 23 30 21 16 65 44 42 56 88 65 31 25 62 81 62 4 37 53 34 29 64 51 15 27 52 43 23 4 17 28 33 38 39 26 8 16 29 38 50 45 95 81 25 10 48 31 2 16 20 9 22 36 39 60 58 25 12 21 19 30 29 16 0
15 19 29 42 49 49 51 54 64 66 54 38 31 24 19 23 22 19 23 22 26 54 71 58 52 49 55 53 31 15 20 30 37 41 80 99 34 31 37 15 36 21 29 41 25 27 54 27 35 45 52 49 14 43 51 32 34 72 74 40 27 36 36 24 12 28 41 37 25 19 20 23 32 57 56 35 25 59 66 48 25 30 13 12 38 34 9 6 25 49 95 111 78 44 21 0 19 25 27 23
56 44 22 9 28 65 89 92 47 39 44 49 37 25 24 25 13 2 16 21 27 86 121 86 38 31 26 20 9 2 10 24 22 16 55 86 36 46 60 40 33 38 30 8 28 17 37 24 45 37 33 34 11 32 43 36 51 56 51 30 20 37 48 37 23 35 45 40 20 7 14 29 52 81 64 17 24 37 51 64 45 19 7 29 52 44 21 11 23 41 74 88 73 59 52 40 11 19 33 45
13 35 42 31 34 49 42 17 36 16 20 29 22 26 34 27 44 33 27 7 3 63 123 127 66 54 35 24 22 22 29 44 45 31 31 52 35 52 54 46 35 49 24 9 43 30 23 15 21 28 38 35 13 19 31 32 23 9 7 2 0 15 31 20 29 30 34 35 23 11 14 27 86 104 73 25 65 62 58 71 47 15 13 33 39 38 37 31 22 21 20 16 12 18 27 29 14 14 24 42
52 61 45 14 17 53 74 69 30 22 25 20 7 20 37 29 13 37 52 52 49 46 49 59 78 65 37 23 31 32 30 41 73 67 31 39 59 74 46 42 65 29 22 66 37 16 23 22 1 22 43 33 20 17 23 17 17 18 36 40 19 17 27 23 26 24 25 25 17 11 23 41 75 80 47 11 57 44 25 31 33 10 13 24 22 35 46 32 21 27 27 27 34 39 36 32 25 10 7 20
24 29 23 15 30 59 66 53 33 46 55 41 19 21 34 37 26 32 28 35 49 37 30 50 55 49 22 13 32 30 13 15 68 73 34 37 67 84 42 27 76 75 63 87 43 23 34 64 44 42 37 12 15 15 23 16 22 17 21 23 16 12 10 5 19 24 27 19 7 10 35 62 82 81 60 41 57 40 24 30 26 11 13 20 28 48 50 23 15 27 24 17 26 35 38 44 36 16 4 10
17 23 30 37 47 50 38 22 31 44 50 48 42 29 25 35 17 7 17 44 60 56 46 41 41 46 29 33 64 57 23 14 62 59 34 29 29 63 48 19 60 102 83 64 49 27 41 86 76 55 39 18 33 24 35 41 62 46 21 14 27 31 20 13 17 26 29 21 16 26 46 61 55 49 47 56 40 30 20 20 28 19 18 25 35 50 47 28 61 74 54 21 13 18 33 57 44 33 26 28
38 43 51 55 46 31 20 16 20 16 11 29 50 33 13 24 32 3 19 44 41 54 65 42 26 40 34 48 86 76 32 16 37 23 17 14 0 63 98 69 55 35 50 55 31 0 39 64 48 38 50 57 79 49 52 65 67 69 47 29 33 23 8 11 20 25 26 26 36 49 51 43 32 19 33 68 40 40 29 17 26 23 23 26 30 34 37 40 41 71 65 33 17 13 26 54 50 49 51 54
36 28 42 60 54 41 42 48 26 17 12 7 45 36 47 63 68 52 48 49 57 80 77 40 33 33 38 54 38 75 73 41 46 41 15 41 118 99 109 122 74 27 0 0 5 4 21 68 36 11 33 58 55 37 25 41 57 60 49 50 24 22 15 26 30 26 30 27 14 14 24 29 35 38 51 64 61 43 31 28 30 41 42 34 42 60 63 52 30 42 23 11 27 26 22 45 54 50 55 68
22 32 32 43 40 52 47 49 46 17 2 10 35 40 74 118 127 86 47 40 61 87 83 57 33 40 36 21 12 58 81 65 64 58 68 123 162 92 74 89 81 50 36 7 28 43 83 101 56 47 50 35 24 21 12 24 50 72 73 64 23 17 15 31 43 35 20 8 6 12 24 35 46 41 36 35 41 45 38 27 21 42 49 31 21 33 47 51 28 41 35 30 38 37 37 54 43 37 40 51
24 37 26 34 33 34 21 39 57 47 29 21 20 53 75 80 89 101 70 26 38 81 84 58 39 44 32 5 30 73 86 56 71 57 73 115 117 49 38 51 41 50 78 38 40 45 91 76 67 85 74 26 18 32 22 28 20 49 62 66 33 25 14 20 33 40 30 26 40 40 34 43 41 33 22 24 44 56 36 4 4 30 40 21 5 15 31 38 48 54 54 44 33 28 33 43 37 27 25 34
47 35 23 34 55 19 9 46 68 70 61 59 33 59 52 28 36 76 67 27 27 49 56 55 69 68 55 24 59 77 81 53 51 38 45 60 66 75 97 97 14 31 68 60 42 34 61 32 43 78 70 23 30 52 37 40 32 27 19 40 34 34 14 13 7 32 30 28 43 30 8 14 0 26 55 63 52 35 19 9 4 24 30 16 10 20 27 22 49 49 51 40 20 19 35 44 36 24 17 21
104 59 34 31 88 49 43 59 74 66 81 113 71 48 38 51 56 44 38 52 53 21 20 65 57 54 43 5 13 11 36 48 66 45 38 34 34 67 71 44 46 36 35 73 45 43 59 52 23 52 48 17 34 53 35 40 86 39 0 22 28 31 16 24 67 92 81 58 56 38 23 37 32 13 15 47 72 57 17 0 32 44 41 23 16 24 26 16 17 22 34 36 27 34 54 64 40 28 17 16
171 111 58 29 89 79 62 34 44 73 112 127 76 33 26 46 43 33 46 77 70 26 21 59 62 52 46 31 30 35 64 84 58 28 28 45 48 74 59 42 65 63 45 94 43 30 55 86 52 62 56 30 39 52 37 43 84 42 7 32 32 30 15 28 65 88 79 50 32 18 14 29 25 18 22 31 20 1 7 30 50 61 56 33 20 24 24 15 8 21 35 43 46 45 48 53 48 38 27 22
154 106 50 37 55 66 40 9 14 66 98 71 42 19 19 22 19 26 48 65 58 45 39 35 40 32 33 42 36 60 76 73 52 24 23 36 22 32 6 14 63 80 57 82 38 12 43 75 76 76 73 45 35 45 37 37 44 28 9 29 26 30 14 18 29 50 56 37 16 11 18 27 36 22 12 12 9 4 11 25 37 48 51 45 50 57 44 21 18 36 39 43 55 44 27 29 47 41 32 25
69 44 11 44 22 41 18 22 15 28 31 4 16 4 25 49 58 15 6 32 48 52 42 19 26 32 39 41 4 38 60 56 38 35 44 50 30 43 20 41 77 81 33 35 38 26 53 50 61 62 68 37 15 26 22 15 38 27 0 1 1 24 17 13 26 39 46 30 9 17 38 45 35 32 29 29 31 29 21 14 17 26 38 59 93 109 77 31 12 31 27 30 54 46 25 33 36 33 26 18
95 44 15 22 16 0 19 62 72 11 12 49 36 17 36 57 49 18 19 44 4 82 55 25 42 54 30 41 38 41 34 32 38 38 64 70 67 74 63 58 82 64 44 58 57 35 36 37 34 43 42 22 16 0 28 33 29 37 19 0 10 34 39 33 37 61 72 46 17 25 44 42 32 31 36 33 18 15 20 17 17 38 56 70 76 58 30 18 27 24 43 65 25 27 33 31 30 26 20 14
83 52 32 32 23 8 18 46 52 17 48 105 93 54 45 48 57 34 41 61 18 97 67 33 70 77 43 47 40 41 32 27 42 18 30 52 83 103 76 47 32 38 48 79 78 45 35 28 10 22 27 17 18 6 40 47 29 46 34 7 9 26 35 36 45 59 62 37 16 28 40 30 31 28 32 28 18 26 45 53 40 29 20 33 44 29 22 41 47 21 21 43 12 21 33 36 29 26 23 19
78 71 58 44 32 30 39 49 30 17 70 139 129 74 45 40 61 49 58 69 19 98 65 23 82 87 52 59 61 73 68 63 37 15 24 36 54 71 55 40 50 58 64 84 74 42 40 42 15 27 33 26 27 12 43 49 24 52 49 19 9 21 35 45 58 60 53 30 18 34 40 21 23 32 51 54 38 33 39 39 43 18 0 15 26 11 40 110 126 70 44 59 26 25 26 28 40 40 39 38
75 85 73 42 31 49 66 66 26 19 67 130 121 68 42 44 64 58 66 67 9 86 52 4 72 80 51 68 84 109 111 106 59 44 52 43 33 43 49 61 101 95 78 76 58 34 48 60 33 42 46 38 35 12 37 40 15 49 53 25 13 24 41 54 67 63 51 28 21 40 44 23 17 38 70 78 54 30 17 6 25 20 15 28 27 8 61 169 201 128 88 98 54 30 14 9 51 53 55 57
