37 52 116 55 60 46 77 151 153 154 163 90 25 69 116 2 0 26 78 75 33 24 31 29 11 46 50 2 22 19 29 37 45 40 56 58 39 16 61 142 117 52 37 63 36 38 82 85 40 60 132 113 79 7 0 80 98 42 29 57 41 55 43 38 40 38 45 55 53 47 53 63 65 29 16 40 26 29 67 77 93 80 42 41 89 88 43 56 62 51 52 50 0 32 60 0 9 55 13 43
49 38 97 93 121 73 43 68 76 53 153 171 38 128 178 19 68 65 76 93 86 39 13 37 96 79 37 22 55 49 32 14 34 46 54 42 49 21 29 89 103 40 55 80 40 63 70 109 77 32 61 89 115 56 37 124 139 86 61 72 49 48 63 68 46 27 34 72 54 35 39 71 71 41 6 46 104 113 116 125 112 76 49 62 56 27 59 134 112 33 64 60 116 67 30 56 56 32 9 55
35 50 86 72 114 112 67 22 23 90 220 211 81 139 162 30 167 151 88 60 74 46 26 66 143 117 47 70 124 150 108 38 41 27 23 15 50 30 16 53 47 17 42 31 12 31 67 88 82 51 34 20 66 62 41 87 112 70 45 63 56 29 56 49 6 21 43 79 59 34 22 49 58 69 61 86 147 170 148 90 67 49 33 48 35 22 92 141 108 53 98 82 169 95 9 124 103 10 8 52
65 70 110 131 134 90 37 18 68 40 135 246 226 65 45 52 117 115 68 59 83 67 60 88 116 117 23 20 63 148 125 39 90 16 42 35 0 5 51 69 30 40 31 79 52 37 64 42 68 105 91 30 43 62 44 59 48 20 2 41 69 38 68 43 13 95 113 74 73 52 28 34 36 15 22 26 40 96 159 115 38 86 62 33 59 98 146 98 31 133 137 59 11 65 56 186 148 47 52 60
13 20 75 116 117 122 120 160 146 56 79 213 255 162 160 85 67 38 26 72 84 52 58 69 107 157 92 69 72 144 108 36 37 63 67 56 94 79 0 5 46 41 9 84 0 0 13 38 32 73 74 47 37 24 2 29 26 14 2 40 78 56 90 70 69 181 174 65 91 66 48 61 74 27 53 90 77 30 55 43 45 135 112 70 135 168 160 66 64 111 94 211 113 118 113 205 216 164 161 122
25 20 45 36 31 121 149 203 164 68 47 187 226 141 134 98 84 51 33 60 51 44 67 36 42 120 122 128 123 142 71 43 79 83 112 102 69 132 74 19 26 57 185 153 62 38 58 80 97 89 59 51 37 22 0 14 15 27 25 43 52 31 46 36 45 133 129 55 94 60 48 84 74 51 42 67 114 49 45 72 66 90 49 35 134 146 138 97 53 113 140 237 84 23 45 58 147 142 129 78
56 23 68 86 69 132 92 138 70 66 79 153 207 104 31 48 36 63 69 84 76 91 118 59 13 62 75 86 114 132 64 94 72 152 227 199 65 108 75 93 103 99 255 151 93 88 154 155 129 94 42 36 20 27 14 4 7 28 28 28 18 16 8 7 7 40 50 65 77 52 37 76 74 86 70 57 118 79 93 126 82 40 12 8 85 87 124 154 42 67 136 206 173 129 88 15 117 119 104 88
67 81 162 157 128 201 91 62 4 30 71 45 175 146 60 32 6 57 83 116 112 108 146 128 26 52 56 56 111 137 59 102 99 185 246 223 57 55 0 58 187 95 126 123 65 100 139 133 76 38 13 48 33 33 28 25 24 33 18 10 10 47 39 49 45 28 28 91 58 52 36 65 62 63 78 67 77 27 78 121 44 49 119 125 131 85 108 136 53 57 89 62 159 246 148 0 76 63 51 75
97 107 163 103 108 198 136 49 0 22 65 43 102 103 39 43 48 105 69 183 125 110 159 105 36 62 46 78 159 124 92 102 61 103 163 165 45 30 16 54 87 80 152 108 53 72 101 83 20 3 9 30 38 36 35 31 28 28 35 0 12 70 75 53 57 12 42 65 49 64 60 81 63 46 62 60 55 26 99 89 15 33 108 138 185 110 32 91 134 164 121 7 149 228 162 92 212 166 100 82
124 116 119 65 21 128 147 64 73 58 71 89 44 61 0 56 83 176 33 146 117 63 91 68 19 72 53 119 235 143 118 93 60 63 111 117 25 56 88 76 0 96 229 147 73 55 100 62 24 17 22 30 30 33 33 23 16 29 28 35 26 98 76 62 74 0 11 20 58 49 64 68 25 11 51 53 46 43 113 83 0 34 44 140 151 51 12 44 167 223 101 3 56 86 0 91 157 117 101 129
106 111 96 75 51 83 121 57 110 61 85 44 34 86 76 39 51 146 1 74 52 42 63 73 67 120 111 122 210 116 141 163 151 114 132 152 70 19 55 78 66 159 211 123 59 62 110 68 21 23 28 24 16 21 23 11 2 13 17 48 48 106 78 60 68 46 83 49 52 25 32 4 6 0 61 71 54 43 84 49 40 79 47 141 107 50 29 39 102 132 46 71 138 180 39 65 76 142 176 84
14 42 43 52 106 51 49 42 221 85 143 182 134 0 32 67 81 56 21 59 20 56 35 48 108 104 121 65 81 32 57 123 117 101 120 200 215 83 28 35 88 119 70 78 53 87 94 63 20 19 25 24 11 9 15 12 40 30 38 41 56 73 72 54 67 91 110 83 43 27 46 41 9 37 101 107 87 41 37 25 34 46 41 48 2 50 19 25 0 73 86 93 130 178 112 96 52 48 88 10
41 52 31 17 61 53 50 104 162 71 62 231 235 152 104 37 67 7 87 97 20 23 24 85 170 85 88 69 62 32 17 44 48 71 81 108 145 76 49 33 32 49 2 69 60 66 63 55 25 12 20 32 21 9 16 26 30 26 25 18 16 36 85 108 69 56 78 130 138 67 57 47 36 135 169 144 142 90 59 68 31 29 69 27 0 87 66 65 33 81 54 18 78 119 76 57 99 15 79 94
74 105 111 96 60 110 54 47 80 83 59 236 255 196 111 45 32 47 103 77 39 54 125 183 185 68 17 33 42 31 59 71 51 65 100 91 75 69 107 88 2 28 33 74 75 42 59 50 24 4 11 33 28 14 18 31 24 44 26 41 1 52 118 179 118 64 64 101 170 71 91 63 0 151 136 76 95 65 38 40 13 26 80 64 35 69 75 67 18 35 27 49 59 75 45 43 30 0 66 71
87 108 94 46 41 119 66 8 98 176 154 152 186 120 79 78 122 107 52 39 85 148 202 171 147 95 65 12 32 58 128 172 168 83 53 34 20 30 49 40 0 22 51 83 89 58 60 29 22 4 9 29 30 23 23 25 19 36 11 34 0 30 64 90 54 49 81 127 197 88 118 86 11 153 97 48 74 48 38 26 7 39 100 102 49 36 43 50 11 23 19 48 38 47 37 43 32 0 17 36
32 63 58 8 126 166 107 18 126 238 182 40 64 49 40 109 167 83 15 55 90 133 155 119 82 123 185 44 68 115 139 188 118 57 32 32 58 58 24 35 86 75 61 89 64 62 49 29 25 13 16 29 33 35 32 21 24 24 19 43 61 58 63 28 21 29 60 157 194 82 115 136 60 162 88 79 106 65 67 51 20 57 135 122 45 40 27 63 6 95 58 0 30 20 11 63 31 40 24 30
69 103 89 59 158 178 123 1 107 224 167 22 55 89 26 120 117 80 19 19 32 55 92 85 58 135 137 55 81 92 73 67 26 14 64 51 62 101 21 58 118 104 38 37 47 55 31 8 29 25 22 26 35 39 35 28 23 29 24 44 108 138 101 51 33 39 75 61 91 53 150 190 107 130 43 59 69 53 68 96 48 56 138 79 55 42 78 120 47 155 118 23 86 31 42 54 43 65 7 45
77 143 154 16 62 108 86 62 75 240 187 21 63 102 53 64 50 73 93 29 18 0 69 108 70 80 51 61 65 38 25 24 21 32 59 13 12 78 21 16 104 23 3 5 46 64 38 15 6 21 28 25 27 37 39 31 22 19 37 34 43 76 103 78 45 19 35 34 28 46 206 255 188 138 52 32 48 58 87 99 69 51 80 85 83 28 94 141 70 169 134 76 179 110 67 54 74 96 24 37
47 83 103 40 64 122 113 130 0 106 31 18 69 89 23 51 47 106 154 56 45 4 51 87 19 36 33 103 60 12 53 97 86 4 0 51 81 90 41 51 106 55 40 50 50 66 52 11 8 17 24 27 31 35 35 32 33 16 54 37 10 45 125 116 78 71 126 66 19 16 132 197 152 135 154 83 66 83 141 164 92 40 68 95 57 28 95 106 14 151 137 104 222 123 48 73 81 120 52 36
46 74 40 40 46 153 155 80 23 99 88 9 83 42 39 41 18 104 143 64 65 57 20 13 61 95 96 111 52 7 38 71 51 46 31 44 65 120 92 19 78 109 48 120 76 69 72 44 23 10 10 25 36 34 33 37 24 4 42 34 24 47 113 101 95 117 234 174 189 145 115 152 50 48 136 64 58 73 170 255 147 59 131 163 52 69 95 102 74 49 133 134 58 38 135 87 92 154 110 77
29 38 22 29 33 61 54 6 32 85 119 123 176 132 42 10 12 106 120 20 27 74 88 118 98 97 74 45 78 80 58 39 36 43 39 62 25 14 27 24 77 120 40 109 79 44 31 44 23 24 22 20 25 34 39 37 12 16 42 49 62 58 68 59 138 119 182 227 255 204 105 84 82 31 84 44 71 33 67 156 173 46 44 127 77 106 45 34 67 72 131 119 69 34 92 85 56 108 79 44
35 2 68 55 89 21 10 70 53 53 95 43 192 204 172 64 7 113 153 55 52 42 57 76 105 76 46 7 62 69 42 27 50 57 33 46 28 35 54 52 106 147 116 65 54 26 0 2 27 59 61 27 13 34 39 21 8 39 55 69 74 52 30 44 226 161 124 237 156 95 83 64 40 44 83 65 89 51 31 41 137 107 25 80 104 120 45 16 60 66 109 88 47 30 77 80 57 73 51 27
27 8 90 39 38 47 90 99 51 30 30 74 115 104 110 108 140 187 163 94 66 22 13 22 60 40 20 17 16 12 42 65 81 69 37 69 86 96 91 94 104 139 151 93 90 69 15 1 28 53 57 35 25 34 27 3 0 34 41 62 41 36 28 72 250 167 115 185 83 61 112 115 65 108 118 109 90 89 91 44 36 130 129 84 65 66 65 64 18 21 87 81 35 35 71 41 59 55 58 52
26 9 95 133 46 102 195 120 59 67 55 95 100 80 137 139 155 160 73 77 46 40 22 50 82 53 15 52 12 11 72 85 74 77 75 115 98 53 43 97 110 99 94 166 168 110 41 8 13 5 9 31 45 37 15 0 6 31 31 61 25 48 69 130 204 86 53 28 36 55 44 12 34 26 7 78 67 79 97 33 21 60 158 88 60 68 85 76 38 57 52 15 39 55 58 66 49 48 83 94
52 39 62 133 46 137 240 156 93 99 59 37 66 143 225 104 27 47 0 36 28 30 32 51 92 82 82 84 43 38 83 67 29 28 101 117 113 58 30 35 60 76 69 165 129 82 42 0 8 0 3 0 8 35 35 30 30 31 20 37 11 36 158 184 149 78 50 81 78 113 124 93 49 20 25 32 27 28 26 13 28 41 48 85 84 29 36 43 60 70 34 0 23 47 13 42 45 14 78 138
66 63 50 51 25 95 141 98 63 49 43 153 62 24 75 56 22 71 1 41 38 21 0 38 75 107 113 107 59 27 50 66 25 12 35 52 130 146 45 50 47 76 136 138 84 36 16 6 0 4 18 6 2 17 26 49 87 78 65 37 55 2 217 234 166 150 121 51 60 58 115 146 39 1 95 13 60 16 0 55 41 8 51 83 76 16 51 58 52 60 28 17 26 40 4 47 72 10 81 108
75 63 34 129 144 67 13 43 71 115 105 144 31 77 145 88 26 85 48 50 59 63 45 38 59 89 97 140 72 38 12 28 71 48 26 44 128 115 95 119 160 115 81 177 133 56 31 35 14 30 39 21 12 8 12 53 113 149 166 75 91 49 255 251 190 180 177 28 99 97 63 128 108 59 71 74 89 39 82 119 74 25 100 116 74 14 116 154 37 80 69 82 60 78 37 75 106 23 76 51
50 103 19 44 56 78 70 51 22 43 103 122 59 42 114 139 33 3 36 71 62 20 85 114 80 49 11 61 0 27 30 62 74 96 56 62 103 30 169 132 122 50 15 126 124 65 36 31 30 41 42 28 32 20 7 45 62 70 41 61 82 194 218 177 163 196 181 151 87 143 111 8 25 130 81 91 43 34 128 33 63 24 59 95 52 4 97 99 27 56 57 143 132 145 72 86 111 49 76 64
108 62 45 52 45 49 69 71 51 67 119 53 53 44 54 79 77 21 22 41 43 38 75 60 73 105 102 71 33 27 23 45 23 136 95 69 78 36 170 71 38 29 144 46 46 42 25 16 18 29 33 28 41 32 15 48 113 140 140 17 110 231 255 109 33 119 187 4 0 66 125 69 136 142 36 2 27 26 73 58 116 71 0 53 40 52 100 37 10 29 36 141 84 65 21 77 139 64 21 63
124 16 107 42 43 42 44 31 15 12 43 32 92 94 31 56 81 28 4 85 114 78 37 74 127 226 221 50 34 6 44 103 42 183 167 115 64 70 72 78 91 65 123 20 0 0 0 0 13 26 38 30 33 32 27 59 126 161 135 98 56 80 163 190 173 123 79 169 129 70 60 42 75 99 54 49 24 66 63 63 87 94 14 74 23 88 130 69 31 67 52 95 17 56 90 155 191 103 32 122
63 5 113 80 111 105 76 42 47 59 57 41 68 70 38 58 41 99 134 107 81 35 29 64 110 180 167 38 6 34 78 134 83 139 161 128 62 115 26 119 143 69 0 42 30 14 24 25 23 26 35 21 17 33 44 66 97 125 123 75 44 34 97 118 103 107 112 99 114 89 26 51 81 62 28 146 134 182 141 91 24 78 103 157 32 110 135 85 131 128 57 59 0 61 68 51 107 71 62 138
21 35 44 72 103 105 82 45 49 64 75 99 143 103 72 25 39 66 155 76 70 29 117 134 94 82 71 94 11 98 82 76 58 13 59 66 68 190 78 103 80 32 15 27 23 17 25 22 25 12 14 0 5 41 61 71 54 79 139 96 137 191 164 124 59 56 101 41 83 114 128 96 98 109 93 100 190 255 209 131 59 59 108 134 0 93 101 39 124 114 85 137 70 62 41 27 51 53 67 43
39 61 0 26 37 32 61 35 45 61 83 110 174 134 57 0 28 54 111 75 89 70 129 119 34 74 113 184 33 168 76 69 83 6 83 77 62 149 156 134 29 13 70 54 26 16 29 30 40 19 15 42 25 46 50 44 38 98 172 184 231 210 197 195 153 47 27 81 107 135 123 53 89 160 152 52 181 186 146 135 206 197 170 44 0 67 61 7 48 102 112 131 96 83 76 121 134 42 67 16
64 91 19 59 15 60 73 95 72 84 77 26 65 64 36 70 65 91 136 87 94 44 37 16 0 52 98 141 27 146 67 59 100 76 120 95 69 82 122 150 47 56 69 44 30 19 24 43 43 43 31 32 28 30 24 31 62 96 93 83 166 169 123 101 60 41 17 18 14 86 99 62 102 147 103 107 128 93 10 179 255 239 192 17 44 54 21 19 40 121 81 53 64 30 62 177 160 5 52 63
42 22 62 75 78 41 75 120 78 21 40 65 41 33 100 128 28 0 79 88 58 21 82 57 64 36 10 37 0 62 2 27 14 43 70 25 74 37 103 105 49 72 37 28 39 25 7 25 26 31 13 5 42 36 12 5 92 80 24 43 129 106 44 60 85 82 65 62 28 111 122 72 124 160 58 112 70 72 29 236 205 190 123 50 55 0 40 40 60 120 72 64 119 85 40 161 108 30 72 67
58 80 79 187 52 106 10 72 29 128 105 100 64 26 132 166 84 0 75 105 81 69 217 161 109 114 78 38 24 52 11 18 28 79 25 39 3 7 18 29 0 65 32 11 17 50 40 8 35 43 43 22 46 46 68 86 48 40 16 88 123 84 41 82 211 138 122 138 97 138 167 132 165 137 58 99 18 60 132 176 108 24 89 93 60 76 0 65 137 87 137 44 102 15 57 165 60 98 140 114
24 53 91 123 66 153 109 89 14 129 100 100 80 28 86 129 74 25 36 59 103 74 197 104 179 152 80 18 19 19 12 33 99 100 74 38 40 26 66 0 56 32 15 67 30 0 9 47 32 14 27 16 15 16 64 83 87 104 121 203 152 124 78 54 148 71 55 72 95 110 186 242 209 139 43 47 81 69 55 63 130 123 36 111 101 110 136 191 221 89 77 98 52 49 132 154 19 94 121 70
49 30 54 78 69 119 119 63 61 30 44 91 98 80 67 131 64 27 47 125 136 50 121 43 112 96 88 138 171 113 37 0 0 0 28 119 84 21 59 0 97 52 31 34 0 5 36 24 15 18 77 104 60 12 29 46 89 90 126 255 176 173 133 68 122 104 67 42 112 86 109 173 179 46 67 73 27 37 42 37 61 92 92 110 79 100 173 249 255 115 31 67 2 0 171 100 97 237 197 54
90 15 21 112 116 79 94 42 38 38 38 7 38 73 24 122 82 62 101 204 140 67 95 90 5 55 34 27 66 154 154 57 52 148 179 137 81 58 232 127 112 37 31 32 18 24 50 54 3 48 124 161 78 0 9 90 138 120 122 243 124 122 85 20 64 75 49 23 91 93 74 67 40 30 79 62 0 1 85 151 82 65 124 105 93 108 132 230 249 167 27 80 59 65 120 0 108 247 175 38
93 11 11 135 142 67 91 24 77 30 56 82 70 95 61 80 4 73 83 152 131 172 162 230 36 90 50 45 104 255 250 85 30 104 91 215 156 86 196 98 131 81 101 75 40 8 25 60 88 71 54 87 62 21 42 153 235 249 214 255 101 120 90 17 51 39 36 25 45 115 139 86 40 70 20 40 88 66 167 192 160 148 54 128 234 144 66 94 156 135 67 0 80 71 115 40 87 91 48 45
88 78 87 83 130 115 67 30 38 46 98 122 91 93 17 29 1 89 125 84 136 191 99 193 58 104 79 66 36 194 255 154 110 159 37 167 166 67 78 20 121 141 107 47 39 14 26 36 37 26 8 37 33 85 97 168 214 255 245 255 129 128 78 59 94 81 50 52 9 78 145 121 119 120 50 56 155 148 214 243 208 163 18 131 202 151 31 31 62 110 53 22 38 38 88 96 48 47 98 42
111 149 128 55 142 110 82 25 13 14 83 62 49 8 22 12 139 181 190 90 124 70 36 69 29 109 166 170 166 167 216 220 161 79 68 8 56 84 138 124 191 133 24 30 22 47 55 66 14 17 34 29 67 94 112 137 197 213 255 232 114 116 0 132 144 134 103 64 18 12 62 96 110 107 78 66 131 138 219 220 111 141 58 45 163 59 20 17 43 81 53 105 56 75 89 119 74 41 68 68
103 154 68 115 166 100 27 46 55 17 38 103 99 49 44 22 156 155 97 27 85 10 89 55 41 115 252 249 212 102 49 111 62 0 43 54 12 27 118 172 239 216 135 106 24 47 122 141 82 54 80 35 57 43 94 181 255 255 244 255 166 150 86 199 249 227 166 49 51 31 48 72 51 17 90 56 126 55 150 122 66 111 54 53 106 33 19 45 8 77 73 83 12 128 133 99 80 68 65 76
123 163 103 162 232 113 59 54 19 31 47 124 76 38 13 40 163 99 114 79 137 154 142 98 32 151 223 253 182 76 59 50 56 85 99 177 55 26 97 126 165 230 255 171 73 62 190 152 168 68 52 46 91 116 65 139 255 255 221 255 182 151 158 104 94 198 254 79 44 10 54 85 59 20 33 61 33 6 44 86 88 94 70 108 44 55 42 85 93 25 23 61 32 48 39 52 77 76 47 67
108 115 77 119 125 22 23 29 11 80 97 72 28 34 23 65 111 99 95 134 166 171 199 110 12 86 187 117 93 110 20 43 86 144 161 107 82 108 124 75 90 158 246 145 52 0 100 33 55 34 47 38 1 83 2 128 245 236 255 232 184 194 196 118 99 152 207 66 61 29 55 40 29 74 89 128 82 61 17 29 49 64 136 123 51 60 27 45 98 53 53 48 84 137 99 43 72 45 12 60
148 78 11 48 37 49 47 21 25 73 41 48 6 67 28 71 33 9 46 37 55 68 129 109 60 125 187 111 204 210 65 60 44 96 93 23 60 90 128 144 118 92 129 100 55 22 86 65 85 66 60 53 16 90 33 177 216 255 253 179 185 165 124 97 54 49 120 114 150 82 76 60 44 124 125 61 84 93 113 84 45 47 112 76 60 48 0 47 128 96 67 67 81 163 112 45 51 38 35 48
62 94 172 50 16 51 115 59 23 61 34 122 29 70 54 108 45 20 42 38 44 7 59 54 57 60 101 67 201 238 61 66 50 87 27 32 36 21 90 194 160 63 35 35 44 49 48 36 50 29 32 16 45 15 24 122 83 233 181 153 203 144 91 91 70 30 40 80 127 53 42 52 53 128 64 40 29 103 154 162 125 84 69 24 18 24 44 116 120 93 66 76 46 164 182 140 61 45 68 42
26 86 213 128 54 83 74 26 26 53 67 136 57 46 98 91 98 8 75 65 80 92 33 81 114 102 10 37 86 123 68 53 16 51 23 13 39 32 37 82 69 42 70 38 37 41 35 37 28 53 78 2 88 0 102 143 98 255 187 130 136 93 44 88 72 69 46 75 114 51 30 38 65 89 46 70 65 73 149 176 139 119 136 48 19 10 107 105 99 67 67 65 2 118 209 182 111 25 48 52
45 51 87 81 83 119 112 72 72 41 75 77 1 1 58 42 96 39 72 55 55 101 94 132 200 142 65 73 44 56 59 32 55 64 0 41 73 39 23 17 31 14 36 46 64 80 91 122 90 52 82 9 0 56 30 62 132 98 94 97 110 57 41 63 74 68 54 122 160 133 66 25 54 67 79 76 75 134 177 143 98 113 164 156 99 49 107 133 65 92 97 74 46 113 87 116 159 78 51 89
66 93 87 76 120 206 211 174 127 28 39 73 40 63 56 58 72 83 169 96 62 132 106 125 137 66 89 84 42 8 103 42 166 184 100 98 73 49 46 38 41 39 9 0 28 103 90 194 85 47 24 61 44 111 51 152 235 120 65 123 77 62 33 65 63 49 29 142 89 119 38 50 91 22 28 51 80 131 192 157 66 64 128 173 143 64 90 79 55 94 91 73 34 47 46 85 214 189 132 93
183 130 56 113 200 254 219 195 181 59 29 54 48 116 46 47 19 62 136 78 32 80 91 108 106 55 157 188 83 49 150 49 245 248 146 180 95 75 19 1 60 98 33 25 32 55 64 161 80 43 33 52 6 76 67 233 245 255 79 133 90 87 160 90 62 69 32 135 2 48 59 135 235 104 73 39 53 76 139 89 34 31 98 149 102 0 40 29 18 49 29 17 15 25 92 169 237 240 185 139
62 128 127 138 112 140 112 72 62 37 55 96 44 79 39 113 49 59 68 107 85 63 124 147 104 128 86 80 49 93 69 82 245 165 58 86 33 21 55 105 92 52 74 28 63 152 108 68 97 110 127 37 53 69 102 253 255 82 92 88 54 97 85 48 79 82 18 62 3 27 115 152 138 87 107 52 90 121 171 109 91 30 33 103 135 88 90 0 42 62 55 43 75 60 78 127 160 155 122 104
47 25 5 34 13 74 83 52 81 39 8 92 57 31 21 112 96 63 49 104 87 31 51 55 40 66 58 47 70 137 52 51 143 191 177 38 24 81 191 140 79 57 95 97 107 251 255 30 128 208 84 136 73 93 75 234 135 128 150 52 55 109 122 50 30 57 46 16 31 43 110 121 142 141 134 15 33 55 82 50 49 62 89 115 96 78 102 36 21 35 58 55 140 126 57 56 90 71 50 33
174 106 81 81 56 127 120 62 72 52 0 63 53 11 43 94 119 76 102 80 66 79 27 10 51 75 104 7 74 29 0 33 61 95 91 47 32 102 206 226 116 31 84 84 44 247 255 112 82 200 213 197 123 89 255 209 197 85 54 49 61 110 123 35 9 48 94 29 33 68 77 116 117 137 134 55 66 72 56 64 51 100 117 91 24 47 89 88 40 42 48 37 145 144 38 22 58 29 26 35
201 78 65 80 73 99 92 114 146 136 86 109 143 93 80 11 26 0 58 12 33 121 53 20 54 8 88 75 104 11 58 96 52 62 27 58 48 124 143 152 89 57 58 130 165 255 219 128 51 72 191 255 82 62 254 216 240 141 95 114 136 110 80 105 110 97 86 64 60 99 99 107 97 91 80 51 33 51 33 83 35 67 62 45 0 43 56 93 35 59 46 54 161 156 66 63 72 71 71 74
116 86 108 45 28 71 41 41 122 110 88 83 111 47 63 12 34 14 65 52 93 172 109 54 60 0 5 127 171 69 63 103 73 66 61 50 110 139 143 89 61 95 86 62 167 222 156 153 244 255 251 255 12 230 243 255 145 129 164 168 177 134 113 117 187 163 96 121 86 72 140 117 38 38 62 88 48 79 57 111 67 69 57 87 64 108 34 46 39 78 32 43 132 117 69 92 164 220 194 121
92 98 191 27 30 74 33 15 63 38 25 38 51 20 18 61 90 69 65 106 146 155 114 68 38 20 34 59 69 57 73 163 158 113 27 84 144 166 117 103 156 155 127 177 123 240 225 148 255 245 207 240 92 240 255 253 125 57 56 71 135 125 55 61 106 117 123 167 102 78 140 151 66 27 82 93 83 61 73 121 109 122 127 79 80 89 29 28 50 91 30 85 77 80 55 106 184 253 243 84
76 51 65 1 15 74 48 37 103 81 57 138 146 119 77 121 100 46 16 73 98 79 71 31 26 63 108 58 54 84 106 182 251 188 119 164 174 105 100 161 215 207 168 138 75 175 245 243 251 250 255 246 242 121 212 187 102 27 57 6 63 99 31 29 28 74 169 204 125 97 141 134 84 77 97 63 48 43 43 30 51 78 102 25 48 56 69 23 80 75 73 117 143 98 56 80 110 102 163 40
82 81 64 98 92 115 64 22 74 67 22 95 134 155 142 175 114 95 83 164 158 88 117 98 56 138 177 102 71 125 69 77 206 243 254 204 180 164 114 122 164 216 229 219 255 255 250 252 239 202 249 66 255 125 255 255 60 96 58 23 81 65 98 82 53 74 255 249 181 108 134 150 158 112 77 59 58 31 39 23 38 47 87 43 58 51 104 40 69 55 76 39 46 63 79 118 55 45 101 66
178 205 169 129 67 79 78 38 102 124 56 27 69 105 157 171 143 94 0 45 112 89 143 114 61 134 118 80 40 116 74 84 104 166 243 221 193 237 96 103 178 171 228 236 236 227 251 246 251 191 244 62 254 234 91 36 100 61 99 0 118 207 62 104 138 229 215 229 94 63 130 137 84 47 48 117 134 51 27 0 53 15 59 73 42 32 74 50 167 50 44 64 74 74 14 23 37 75 24 78
81 183 238 135 71 101 154 114 162 192 110 82 99 72 82 68 75 156 109 89 112 80 162 188 130 114 34 37 48 77 82 69 12 70 112 173 141 218 103 157 150 151 209 247 255 243 225 248 207 209 255 218 223 248 67 150 122 77 88 104 223 255 102 44 64 201 255 96 46 83 122 88 58 43 42 80 76 31 61 24 48 7 74 66 6 15 52 54 126 65 110 112 70 57 54 95 40 70 9 96
76 160 215 93 47 111 198 168 145 152 63 172 222 153 64 15 65 171 145 55 66 71 155 200 173 129 92 104 141 81 122 70 45 122 72 95 29 87 53 94 116 67 171 247 240 252 255 237 240 246 249 245 209 101 70 152 196 62 58 157 211 169 126 84 93 70 48 24 58 65 81 107 79 68 88 102 50 5 55 22 29 33 129 68 21 39 70 52 57 73 161 144 115 66 67 19 41 40 110 192
116 110 87 61 50 124 167 126 128 137 40 172 255 206 136 90 86 136 143 46 64 93 122 115 109 137 186 164 117 32 89 41 102 120 75 47 24 42 46 95 90 101 199 213 221 228 246 255 219 246 255 232 209 84 116 172 232 106 127 172 213 122 94 52 85 54 154 65 74 58 98 147 103 45 75 106 43 0 49 23 50 54 101 76 43 48 54 38 51 35 83 151 134 30 46 22 63 45 125 198
202 106 0 67 69 122 90 23 134 181 76 83 135 107 147 137 91 98 155 85 97 113 74 8 21 100 195 221 168 163 166 79 188 149 152 18 52 86 58 76 105 102 193 182 217 242 255 230 251 254 234 255 222 253 138 209 223 230 223 54 70 12 33 14 80 41 79 120 72 40 120 166 96 6 34 75 40 36 95 52 118 71 22 78 45 38 22 46 30 22 4 106 63 0 42 56 123 86 19 89
204 162 60 42 109 191 148 72 168 199 48 43 75 40 80 127 72 81 139 123 96 87 41 7 31 73 143 147 102 243 230 90 100 69 67 0 66 70 97 72 59 24 88 68 95 85 66 76 93 125 139 242 240 230 132 88 175 186 211 139 85 56 89 178 205 95 42 34 12 26 98 158 112 69 99 50 40 53 89 53 181 163 57 43 72 53 28 100 70 90 12 20 50 36 57 18 66 79 66 48
183 235 99 69 156 255 255 196 236 212 39 46 115 35 43 102 60 60 92 167 71 57 22 69 107 74 138 134 95 227 251 145 92 108 44 85 126 82 162 113 56 11 77 94 125 70 38 87 90 94 104 120 138 68 110 30 171 109 115 108 189 134 39 45 50 74 47 27 0 34 95 123 184 146 72 91 82 61 107 50 194 248 186 50 78 94 118 127 55 90 38 69 92 99 27 0 0 74 109 101
193 168 55 14 101 223 234 165 208 186 86 7 108 72 67 121 90 76 73 151 75 80 58 49 110 77 135 81 12 67 150 154 75 152 47 130 103 62 167 114 37 0 82 156 204 129 84 141 161 76 121 106 4 73 56 162 189 150 62 83 91 85 0 84 67 53 0 87 60 22 53 130 235 175 7 39 62 93 138 91 219 251 195 64 86 102 130 138 12 71 109 128 91 58 9 87 12 25 36 46
182 43 125 82 13 102 171 97 57 101 64 30 17 122 0 20 122 67 97 138 157 111 159 100 147 53 165 249 192 111 164 142 37 80 43 227 158 63 91 118 86 17 57 84 101 76 76 115 87 108 79 69 32 63 85 35 77 124 52 20 52 54 95 98 56 102 28 56 2 37 61 38 101 96 28 43 97 175 148 113 92 97 80 123 149 126 30 22 77 35 51 59 91 82 86 140 87 24 79 113
149 60 109 84 54 73 84 139 176 116 62 20 30 135 108 113 139 50 107 116 142 0 100 74 94 74 85 170 253 186 197 170 141 135 45 156 92 55 48 68 55 53 148 171 143 142 134 89 124 136 134 35 82 104 114 102 79 108 85 153 167 31 109 52 70 47 0 51 11 62 90 51 55 113 151 132 160 179 93 61 65 54 21 96 143 167 60 58 104 42 30 26 45 71 168 207 109 9 99 86
88 49 137 255 187 89 71 144 168 100 11 55 46 108 156 130 73 53 83 95 123 105 174 115 52 110 65 105 215 176 150 133 179 138 40 187 215 171 149 146 100 130 229 225 143 119 97 27 86 149 144 142 141 94 49 124 123 22 3 193 226 56 104 56 62 29 91 172 125 115 94 55 42 76 82 76 123 107 69 55 79 77 61 75 141 156 84 93 132 61 14 58 43 63 177 241 156 59 108 9
92 43 82 202 192 87 68 142 135 66 65 78 116 53 137 96 25 78 55 113 102 219 197 112 128 22 1 108 115 79 61 52 137 181 124 164 242 255 246 174 109 115 173 185 116 58 28 11 29 95 124 143 233 206 164 203 146 33 118 138 169 32 115 108 150 85 174 168 91 43 56 125 133 109 53 52 106 89 79 79 109 91 70 33 102 81 30 66 128 92 48 67 54 54 158 247 175 109 122 54
66 42 102 40 55 37 106 188 112 14 55 93 124 49 69 101 35 80 44 182 79 150 70 80 106 57 6 54 89 88 21 93 193 251 225 140 195 243 232 194 113 80 100 156 142 69 39 85 67 44 89 96 199 200 155 255 238 59 131 110 88 19 38 138 155 61 132 74 76 77 66 120 189 143 81 54 85 97 93 129 174 148 96 36 104 93 33 73 112 129 91 6 50 80 171 212 213 93 33 68
77 129 130 88 63 37 119 198 101 6 43 124 118 53 93 107 62 93 42 145 161 31 86 47 29 112 47 21 108 129 66 115 232 214 152 115 157 179 163 162 110 66 63 73 148 67 92 217 161 49 114 158 87 33 18 177 229 75 43 84 106 96 22 60 33 15 68 83 233 242 181 136 162 169 140 56 74 63 71 87 155 149 134 63 122 112 91 123 102 113 77 30 57 84 87 131 156 87 39 55
242 247 73 69 62 24 63 126 92 71 147 140 93 27 98 107 77 84 106 68 141 45 135 36 30 55 127 69 61 127 94 69 159 95 67 52 92 99 86 83 91 68 55 9 66 57 108 214 160 72 120 159 101 147 75 22 110 70 137 61 84 114 96 10 68 23 71 73 233 255 161 182 197 178 191 123 116 99 26 43 64 90 30 60 149 106 150 132 98 76 102 57 59 70 42 59 52 85 36 65
173 255 151 25 59 62 32 38 23 59 117 124 43 21 79 85 41 67 125 62 65 33 72 0 53 3 144 112 30 57 90 100 90 38 98 41 60 39 93 126 158 125 105 30 60 68 76 124 87 75 91 104 67 186 144 44 124 110 140 62 36 58 73 74 233 98 64 109 136 76 77 122 156 119 122 82 80 92 39 58 91 105 64 34 85 91 147 161 54 105 126 78 32 43 86 26 28 42 33 154
99 146 109 9 81 80 18 23 120 180 212 81 93 107 253 156 3 91 130 83 3 57 79 90 104 31 15 87 78 33 117 134 42 32 81 113 61 72 42 121 187 137 142 98 110 87 62 95 40 89 59 39 22 55 27 19 46 49 48 80 85 61 27 118 215 134 92 116 60 40 147 176 119 94 61 46 83 87 68 11 67 169 190 63 58 112 99 33 90 132 102 77 106 224 252 101 98 61 74 189
39 60 11 51 68 60 40 57 111 159 152 58 70 67 215 131 26 72 48 9 48 146 121 51 47 29 72 106 128 137 69 87 68 174 234 72 47 92 83 63 109 87 149 146 146 71 35 63 16 75 50 41 68 39 36 80 96 96 57 44 63 60 34 62 94 78 97 88 39 42 97 192 255 203 119 32 93 120 154 85 89 133 62 80 88 25 78 48 156 158 191 135 83 185 165 160 48 41 52 44
0 12 54 52 21 34 42 54 99 97 53 115 41 11 28 28 21 52 47 36 64 119 95 48 103 71 29 158 115 0 55 141 169 193 160 55 84 150 118 101 86 71 119 106 129 40 11 1 48 115 154 136 93 30 60 84 96 105 95 131 53 77 57 26 10 0 42 87 52 30 100 195 193 168 167 47 83 79 87 58 25 93 15 85 111 31 102 80 155 90 122 139 70 92 103 182 50 17 76 71
79 0 75 33 25 38 22 35 20 21 41 46 27 71 62 50 63 32 44 61 33 84 71 61 89 81 54 104 57 0 72 96 39 59 97 29 86 94 114 93 97 62 56 23 102 41 54 22 74 143 238 241 122 32 58 73 94 80 65 157 39 69 54 20 45 74 90 90 54 71 179 194 149 134 136 45 63 26 40 66 94 138 116 143 132 47 57 113 78 23 44 85 37 38 110 88 90 17 92 166
62 32 54 77 56 90 69 38 23 48 106 86 37 147 83 93 146 93 167 131 75 108 99 45 31 24 74 96 64 5 54 115 46 55 80 96 60 48 44 50 41 30 41 28 136 59 79 33 62 75 135 183 92 27 50 100 96 71 37 66 61 104 104 10 82 103 114 34 30 50 82 171 223 159 48 6 59 38 113 165 197 255 243 189 138 59 24 62 50 38 131 81 35 99 145 0 52 27 39 100
53 29 19 90 87 112 91 21 40 92 165 89 62 108 36 37 119 123 255 218 98 105 115 60 28 0 45 57 61 13 75 178 190 123 33 71 115 112 126 76 29 23 0 45 85 33 70 53 63 38 1 71 15 4 53 69 76 32 26 43 75 133 75 49 117 85 26 60 66 65 119 121 127 63 26 3 81 49 89 156 163 216 197 124 158 54 125 13 113 48 168 103 51 180 119 36 23 75 45 69
31 40 35 55 75 48 28 54 39 112 135 7 57 76 64 95 94 62 144 175 99 72 70 84 80 32 25 12 93 128 132 131 114 100 89 99 166 136 178 119 37 41 8 36 50 2 21 89 38 76 21 40 29 13 4 40 71 32 5 27 59 74 39 80 133 89 69 153 153 175 166 153 38 33 49 82 92 22 49 92 68 71 114 67 109 87 153 76 120 79 64 178 90 141 116 87 94 70 59 52
24 79 80 13 37 43 30 17 73 113 122 59 104 33 60 106 76 66 89 76 35 88 79 31 52 70 98 100 100 38 105 147 58 63 60 116 132 86 91 71 39 56 37 0 74 78 43 71 15 69 73 98 99 97 38 18 37 90 73 88 152 139 41 20 63 34 95 123 128 100 77 44 102 67 38 71 122 66 97 110 81 30 42 54 36 121 102 52 72 93 74 204 110 34 79 107 76 38 61 1
46 100 96 9 0 86 124 16 0 15 52 100 101 42 92 49 69 25 60 42 15 62 66 49 61 54 68 126 141 26 137 123 99 63 48 159 143 58 57 126 98 104 172 92 130 73 73 161 38 0 132 208 99 123 110 0 74 198 160 100 153 159 99 92 129 87 17 28 20 92 70 79 26 6 97 115 87 46 172 174 93 40 56 5 15 57 91 55 80 85 12 93 32 63 37 68 40 10 30 0
82 103 65 46 0 119 186 92 95 49 42 90 83 63 186 144 54 0 44 15 29 4 8 107 119 77 104 116 123 38 155 104 94 106 77 42 75 78 101 71 3 43 158 61 43 63 143 249 252 187 201 171 61 35 20 10 111 193 135 74 123 100 49 68 81 82 32 60 105 108 63 54 10 27 50 78 184 151 119 87 81 117 86 17 36 58 77 8 6 47 66 70 32 63 18 52 58 19 6 93
56 70 0 23 1 99 90 35 46 61 47 0 25 37 205 213 97 76 72 8 108 83 71 192 204 101 150 155 123 17 62 88 133 115 69 66 48 11 34 94 111 31 43 67 30 71 93 175 212 98 92 93 40 65 104 111 116 125 67 28 97 102 80 108 102 77 72 34 137 57 94 111 60 92 84 122 184 150 96 40 49 60 0 72 70 44 30 98 62 29 51 21 73 29 37 29 72 70 43 132
63 70 14 43 37 119 26 6 8 124 133 29 46 66 139 110 80 73 45 40 156 127 109 157 134 111 141 188 146 47 47 118 162 102 12 78 95 96 43 70 144 102 41 65 28 125 87 47 107 70 71 106 138 128 87 66 64 89 111 60 52 32 22 52 51 35 47 74 120 115 83 82 47 83 51 34 49 0 120 130 152 171 179 82 92 46 35 65 79 51 45 66 72 23 43 36 106 122 97 70
62 37 38 67 38 108 13 58 71 63 35 52 61 37 35 73 39 89 100 121 150 122 103 7 36 157 87 133 162 180 156 95 102 106 90 105 125 99 80 100 115 119 52 65 59 162 124 34 43 68 70 88 133 111 63 50 31 49 136 120 87 44 28 59 59 44 81 51 37 95 94 101 89 38 112 172 181 66 255 95 89 39 142 134 232 196 82 82 105 97 143 85 74 14 137 170 163 134 116 30
75 27 0 13 49 91 27 51 60 62 78 93 15 12 85 140 56 122 191 71 42 31 105 38 74 198 61 66 105 155 103 106 100 81 82 193 81 61 112 94 55 72 97 38 59 131 174 116 76 83 54 47 60 69 46 85 63 74 82 140 136 126 143 176 122 48 17 103 31 131 115 112 119 69 175 142 191 51 202 103 130 72 105 135 244 242 186 154 146 126 97 55 53 38 224 250 168 122 58 54
64 62 55 7 52 108 87 14 68 69 170 153 62 50 120 170 62 114 110 41 44 0 96 90 102 167 64 43 4 103 46 114 107 97 86 197 108 131 133 52 3 53 133 38 26 73 231 255 146 180 176 130 40 15 20 33 89 117 152 63 111 142 148 161 69 0 21 179 180 156 95 89 39 43 120 118 115 85 174 159 145 78 61 65 71 107 140 134 112 53 0 75 75 80 139 220 92 132 12 66
63 38 35 39 61 61 63 8 34 0 85 47 32 20 61 146 96 135 118 93 120 7 37 45 0 72 58 77 33 121 79 124 127 136 173 254 151 91 93 59 128 126 18 84 92 57 255 238 88 108 81 80 48 47 77 95 84 103 83 131 138 112 101 64 44 14 17 106 161 99 74 68 53 134 157 117 115 240 251 240 96 52 31 79 26 78 141 92 62 81 102 87 119 31 49 93 29 115 58 183
141 67 10 145 154 93 33 34 80 69 94 22 51 20 0 83 91 58 47 48 144 97 30 0 12 94 29 30 28 37 55 28 49 168 255 211 122 52 142 182 170 100 150 50 69 60 141 127 108 150 59 45 88 110 109 109 19 8 133 121 57 20 122 164 5 62 38 28 76 24 43 39 35 104 106 83 107 201 199 242 35 51 55 123 60 118 239 212 141 157 13 49 47 93 68 153 66 55 52 106
111 84 0 148 211 196 91 63 61 72 41 4 48 70 43 60 44 31 57 55 93 72 39 26 32 118 50 114 188 120 87 16 16 119 167 83 73 17 45 74 102 67 84 115 92 80 137 124 58 66 36 125 153 71 48 107 87 62 184 188 135 82 150 165 45 116 60 28 46 15 74 114 95 125 63 39 88 124 73 38 35 56 50 103 90 107 187 148 158 223 108 58 43 17 58 116 84 44 73 34
40 88 20 61 137 160 109 71 70 42 28 68 26 37 52 32 21 16 17 57 78 55 57 16 57 97 49 148 245 173 55 29 32 85 96 96 102 71 44 114 108 130 157 127 114 87 193 107 11 25 19 47 30 47 72 56 20 72 80 109 56 8 65 118 34 100 59 62 59 44 81 100 63 75 65 119 97 8 9 63 156 113 53 61 99 88 96 47 92 177 108 90 67 32 67 70 45 18 53 83
1 71 62 45 81 93 115 123 54 56 136 221 106 76 111 93 76 106 100 86 47 24 46 45 57 64 44 98 190 135 27 36 0 74 122 103 12 13 55 188 127 105 83 150 121 130 203 157 15 19 47 76 44 66 78 53 59 86 133 43 40 9 8 54 38 56 21 39 19 28 59 53 47 76 111 109 90 35 75 59 94 63 60 71 98 68 33 21 34 41 49 126 116 38 61 80 104 15 12 94
75 122 123 89 49 12 9 12 0 19 92 152 106 135 136 58 35 95 134 74 32 51 38 70 80 78 56 32 129 91 84 95 47 44 130 169 77 22 62 194 128 97 70 131 115 119 208 151 31 54 69 52 0 0 29 93 114 77 56 116 91 29 17 55 45 30 45 117 87 51 46 22 29 36 111 51 79 57 135 62 85 23 22 35 60 68 40 67 36 3 50 74 81 24 73 64 94 18 52 67
88 99 65 85 140 126 110 132 112 90 69 35 53 78 94 64 47 45 72 101 55 89 83 76 75 89 69 24 78 66 160 155 70 78 143 67 58 17 7 55 71 87 54 79 90 108 153 104 69 96 76 17 37 52 121 197 186 103 86 173 161 66 32 59 49 50 137 163 123 109 57 55 65 11 39 60 86 68 75 77 135 88 24 34 23 52 24 56 43 4 18 65 51 44 33 57 54 29 14 7
82 74 7 12 94 122 112 114 149 44 19 30 65 64 81 122 78 57 56 84 83 149 107 41 100 56 53 133 92 85 153 151 74 92 112 91 97 53 54 69 143 118 151 56 53 32 65 81 99 130 79 57 65 64 24 47 34 34 95 134 135 43 56 72 118 36 162 68 75 149 56 72 116 63 43 56 65 88 54 22 34 97 89 50 38 76 28 6 42 20 34 76 68 57 31 52 21 11 16 25
205 220 132 54 51 50 54 72 35 15 60 28 60 106 67 38 15 7 21 65 71 137 104 57 109 69 99 255 172 107 92 68 7 88 100 135 106 35 69 93 92 50 97 10 52 18 4 19 148 190 142 96 119 89 37 56 16 23 52 77 95 66 92 103 76 48 161 84 155 201 126 17 40 17 43 123 47 24 31 133 46 111 110 82 125 141 72 43 97 77 60 69 64 56 30 64 32 35 55 73
242 249 152 71 77 85 86 94 48 34 94 11 18 92 67 72 67 60 86 129 77 71 50 72 70 55 39 120 112 35 27 38 34 69 27 139 173 127 91 37 53 39 18 59 146 127 77 41 62 132 164 72 157 54 31 36 53 44 7 109 113 133 81 82 65 119 152 141 246 246 247 26 69 119 116 102 24 83 41 9 82 91 70 79 188 173 98 101 143 123 75 55 52 50 28 76 54 59 77 89
