78 54 82 79 51 62 92 106 45 24 46 105 101 96 52 33 95 99 58 37 59 60 52 31 40 60 44 0 50 45 69 50 31 30 49 72 114 143 101 52 59 87 96 113 93 75 32 24 20 23 34 38 19 0 3 26 30 19 65 124 109 56 26 18 51 51 36 23 21 44 45 118 56 73 18 71 66 72 85 80 72 81 53 64 82 71 78 83 82 56 70 50 42 32 38 39 32 35 34 29
70 53 61 50 39 53 74 100 99 85 113 169 143 104 55 44 75 84 44 37 44 57 54 48 43 42 31 6 43 41 49 35 26 33 55 52 54 134 114 78 98 111 88 54 22 18 18 31 37 37 40 37 22 6 7 19 31 14 42 95 104 77 68 80 82 81 43 17 29 24 30 50 40 30 13 50 36 36 75 81 85 65 59 63 1 0 35 22 23 44 49 11 43 58 45 36 33 38 39 37
68 28 68 71 5 32 80 73 48 81 115 136 110 95 64 37 63 78 52 59 44 49 61 86 69 38 19 8 26 50 47 32 16 19 44 46 26 114 102 85 100 85 43 0 18 42 47 32 36 36 34 28 21 16 15 16 7 21 29 48 91 117 99 69 55 80 66 46 48 2 30 39 75 39 43 44 14 7 55 77 62 45 20 36 18 47 78 84 56 134 127 28 34 35 12 16 27 32 33 30
99 62 110 121 36 45 51 6 4 34 39 33 27 47 64 53 83 62 35 54 50 36 59 92 99 25 14 54 47 47 35 53 52 44 46 64 51 56 33 27 45 34 18 9 81 113 89 27 8 16 18 14 15 21 24 20 15 44 46 46 83 104 76 42 44 71 75 61 45 5 32 59 159 110 82 58 46 56 50 66 73 46 6 20 24 70 88 96 104 179 174 63 40 33 27 45 58 61 58 49
120 99 55 27 12 39 24 38 90 63 25 28 38 38 84 118 120 57 25 50 63 16 17 24 0 47 72 54 24 100 101 43 37 49 37 54 80 32 40 50 12 27 40 41 99 111 81 21 0 5 13 10 10 20 26 24 11 11 18 45 59 29 12 35 55 62 52 28 29 73 66 67 139 121 58 30 49 79 5 14 65 30 52 72 33 93 160 162 87 91 90 36 34 38 39 37 37 38 33 20
24 39 42 43 14 35 9 12 39 25 0 0 20 1 31 42 31 15 38 100 104 54 43 40 38 74 87 87 25 34 62 53 64 91 76 38 55 11 42 49 39 47 45 40 68 71 46 14 0 12 20 15 10 15 21 24 20 8 20 66 97 81 59 61 70 96 86 40 49 147 110 55 80 130 84 48 48 67 0 29 44 38 71 57 23 48 98 120 82 41 53 44 48 48 47 26 35 39 37 26
33 30 74 95 13 45 40 5 23 52 40 41 68 45 58 33 28 60 83 139 82 53 19 7 21 52 37 53 34 57 131 132 44 54 86 38 31 44 60 50 59 48 27 38 57 62 33 18 14 18 20 14 9 10 18 24 11 8 18 44 81 104 80 35 36 83 79 21 26 98 78 0 32 98 77 37 21 19 0 43 20 40 66 25 38 27 38 73 29 8 36 30 30 27 30 18 37 47 53 50
39 30 49 83 47 95 67 24 39 56 39 46 68 23 44 42 50 76 45 91 20 56 18 0 35 40 0 41 70 90 170 161 35 9 86 60 26 73 43 11 43 40 28 61 70 70 35 32 19 15 12 8 6 8 17 26 33 20 24 28 25 36 40 21 42 75 63 28 60 107 139 65 40 59 33 4 17 17 20 45 27 25 87 44 30 11 37 40 32 34 57 36 43 44 43 34 38 52 65 67
29 43 47 56 62 110 85 22 24 52 30 15 68 13 32 33 69 80 25 22 83 90 43 18 45 53 21 38 71 33 65 88 44 78 108 38 55 92 45 0 42 38 52 105 53 49 32 41 23 17 7 7 9 2 7 29 41 26 16 33 13 33 44 55 85 70 72 71 49 53 100 94 56 42 34 37 11 23 28 61 30 35 84 30 28 30 45 22 15 102 107 46 42 78 73 57 44 36 33 39
66 75 78 83 60 77 57 20 38 48 43 67 70 19 50 73 89 117 53 49 120 113 71 0 16 35 27 35 56 11 26 50 35 65 110 93 121 121 63 12 34 44 58 60 34 11 0 0 27 23 16 18 20 10 12 32 38 34 30 35 50 48 68 102 96 71 102 84 0 16 40 78 47 11 44 33 29 66 66 66 34 40 70 15 33 48 47 5 27 127 123 34 18 36 57 59 29 37 52 68
45 51 63 74 34 34 32 30 82 79 56 65 27 14 36 29 58 85 23 22 95 68 57 0 0 55 65 24 40 44 53 53 13 20 53 85 133 116 84 58 25 54 64 18 36 13 16 13 21 19 15 20 23 12 12 31 51 57 38 9 62 68 67 61 50 63 37 67 120 133 141 118 36 41 59 0 56 105 57 48 56 39 46 14 31 14 18 26 41 127 105 23 37 30 40 19 39 47 53 51
88 88 90 90 37 28 30 37 41 37 16 20 3 17 59 71 66 59 11 0 53 28 69 75 31 87 103 45 50 42 17 0 22 1 0 33 78 52 44 37 42 86 90 37 62 20 1 1 14 13 9 14 19 10 11 31 55 51 31 8 49 71 61 27 8 37 71 41 48 45 136 89 48 80 67 0 66 131 82 46 55 30 24 22 53 23 16 34 65 115 78 18 63 34 32 1 22 29 29 18
15 20 30 47 28 56 76 82 75 61 49 48 35 0 46 118 43 48 69 52 91 59 62 80 114 88 61 29 41 13 15 62 46 26 17 36 70 41 33 25 6 64 88 94 115 68 17 21 23 18 11 13 16 8 12 33 33 20 22 36 29 72 92 74 57 68 119 50 77 66 18 33 82 66 51 42 22 77 86 17 9 77 115 83 44 0 3 30 92 118 89 34 62 25 49 65 15 31 51 64
26 25 27 41 31 66 77 69 41 43 40 30 36 19 45 91 65 60 66 7 27 40 43 61 44 34 34 57 98 66 74 116 66 52 52 46 68 50 41 40 19 50 68 105 102 59 5 14 31 24 13 11 12 3 7 29 20 19 21 20 0 87 117 67 45 30 89 177 117 93 27 23 71 55 33 63 15 14 42 30 34 52 63 78 74 39 35 39 56 72 76 36 40 14 40 82 67 71 85 102
45 37 36 51 35 56 55 42 51 65 59 41 33 77 72 42 42 60 63 23 23 29 24 24 10 32 22 33 72 54 87 114 93 72 73 34 36 26 15 31 13 2 13 54 46 29 17 32 28 21 10 9 9 0 4 26 27 25 19 1 5 71 82 21 79 96 44 213 138 59 24 37 43 83 84 83 64 30 45 100 105 63 44 81 61 5 18 49 19 35 76 46 26 15 6 34 95 72 57 62
44 34 38 63 45 55 51 43 46 47 49 55 3 63 55 17 15 58 70 78 62 35 30 27 26 43 21 36 56 8 50 88 106 83 97 50 48 44 34 66 61 21 27 49 29 11 17 19 23 18 9 10 13 5 9 31 36 5 14 29 49 22 27 32 103 102 91 239 119 30 16 35 68 120 174 116 67 37 54 86 70 34 21 68 59 36 72 97 64 88 149 105 47 44 15 35 81 46 23 31
31 29 46 61 121 102 62 45 10 9 51 64 47 36 27 39 116 115 107 138 38 44 86 45 47 59 62 32 83 44 53 81 97 132 101 33 91 47 32 67 73 56 32 22 23 11 4 12 5 9 22 23 9 9 24 32 36 26 22 27 43 34 41 109 76 12 144 200 74 17 21 50 71 125 145 99 54 75 49 56 43 35 70 85 119 74 87 109 85 105 141 112 84 95 83 54 80 59 0 47
65 50 69 88 126 111 72 25 25 39 66 121 116 41 37 100 154 160 109 14 34 78 119 88 26 16 39 47 95 63 70 76 89 97 72 13 37 32 38 37 47 38 22 16 17 7 5 18 15 6 15 25 14 10 26 42 43 38 7 18 67 25 0 90 42 15 100 104 87 42 44 49 60 87 80 37 54 80 59 33 43 86 118 123 123 104 72 50 61 44 32 52 50 62 72 59 62 49 15 47
70 45 60 73 66 42 43 27 47 70 106 153 117 66 94 104 103 143 121 0 38 90 103 70 35 18 28 23 54 65 84 65 37 44 55 39 40 84 100 56 53 67 68 54 36 11 0 0 20 3 8 20 10 3 19 40 37 27 22 30 58 48 15 30 43 44 60 84 115 97 66 50 53 67 48 20 54 36 28 11 24 75 70 69 74 120 82 36 92 59 16 67 53 35 35 36 2 19 52 58
73 49 39 49 31 0 18 57 86 91 83 67 62 95 137 138 63 130 154 102 11 23 26 8 50 99 98 27 5 33 50 25 0 37 73 60 14 60 83 53 12 58 73 47 25 18 10 5 18 11 17 19 5 1 18 32 52 24 19 15 35 70 60 35 75 67 46 230 107 163 71 23 71 57 24 56 110 64 39 30 69 77 36 14 15 54 30 4 73 65 47 88 50 38 26 54 48 53 114 92
7 21 0 11 50 49 73 124 134 128 73 33 104 104 27 69 105 106 58 96 42 70 59 17 55 161 160 74 32 47 43 44 95 90 45 33 47 104 74 22 115 159 143 66 19 19 20 9 15 26 37 27 9 16 33 35 7 9 18 48 99 90 33 28 72 67 27 92 85 47 17 30 29 76 81 113 89 37 38 76 40 20 22 39 71 51 44 50 44 59 74 66 23 58 42 93 61 21 70 50
100 146 77 51 74 82 95 131 142 90 28 0 87 130 50 86 107 159 87 80 52 33 46 81 120 146 76 24 17 35 14 40 88 90 28 4 20 46 20 24 98 133 110 36 4 20 28 18 7 28 42 29 14 30 45 38 26 11 18 25 47 72 60 47 41 25 53 153 37 35 28 0 28 94 107 101 53 49 47 54 54 0 26 77 147 74 49 44 49 70 95 50 20 72 39 76 68 42 123 147
103 142 71 47 46 53 74 100 101 53 35 17 73 136 76 21 53 136 77 47 59 36 39 135 255 178 43 20 18 36 9 36 86 73 15 2 24 22 3 33 70 81 55 12 5 22 24 15 8 18 28 23 17 31 43 35 19 1 37 34 12 63 85 39 54 37 84 135 38 21 37 16 11 100 161 106 32 50 80 88 55 0 19 61 137 72 52 44 36 59 78 39 32 62 30 44 28 40 145 198
44 44 0 27 37 36 49 57 56 45 25 24 83 117 61 4 45 106 53 27 24 28 20 154 254 157 49 56 25 34 15 40 70 59 27 23 35 26 48 115 100 78 34 4 10 21 21 21 18 13 17 21 20 29 37 31 19 9 26 28 30 49 64 81 99 82 97 124 53 26 34 71 41 94 167 94 32 42 67 55 33 16 40 46 79 31 41 57 53 71 69 39 39 40 27 36 31 34 106 148
93 54 0 60 45 37 50 68 72 47 27 42 61 80 44 43 110 107 49 34 45 50 38 82 148 93 14 9 22 48 29 28 47 43 21 64 38 43 115 158 112 27 34 0 18 12 16 23 17 14 18 18 14 22 27 19 20 19 19 41 78 89 80 76 66 49 65 28 104 20 44 88 34 65 91 61 34 40 43 53 38 16 37 42 0 0 40 60 53 69 97 102 84 36 1 17 75 130 56 11
171 126 27 42 17 25 56 90 111 97 78 57 24 38 41 69 172 100 57 60 35 61 62 30 70 46 2 5 13 30 16 22 30 46 41 71 45 35 109 162 78 20 32 0 17 11 16 28 19 10 14 21 15 15 27 33 18 12 21 32 81 63 53 50 3 4 38 35 118 27 24 62 31 12 20 34 48 50 31 32 42 15 24 46 38 37 49 47 33 24 76 89 45 41 87 73 71 100 30 51
127 116 38 40 22 23 39 69 98 92 93 76 29 41 42 55 167 87 53 55 10 42 55 10 27 44 38 38 31 31 12 9 41 60 58 65 53 25 85 136 31 10 29 0 18 13 15 31 22 15 32 50 40 25 28 35 33 28 36 24 59 16 26 57 17 72 94 37 86 34 27 38 32 6 7 20 42 55 46 54 34 32 48 66 63 49 54 68 14 11 41 39 17 41 130 101 63 83 21 70
45 72 45 62 50 20 0 15 53 31 45 71 67 93 61 21 120 93 47 37 28 46 41 45 17 52 51 27 20 32 26 16 92 90 71 57 65 31 66 100 30 31 40 3 21 15 10 23 17 14 31 47 43 38 41 41 29 35 39 37 54 10 12 59 107 144 101 17 75 85 52 9 37 48 56 36 42 71 65 53 13 34 52 61 57 38 49 89 52 108 88 53 71 47 58 15 54 88 41 45
1 28 26 55 63 44 38 74 42 4 10 52 73 110 67 12 76 75 33 32 47 49 22 41 50 75 57 11 24 68 90 81 74 59 31 8 23 0 21 45 73 71 53 9 16 14 9 16 11 6 5 5 12 37 55 51 93 76 28 20 16 28 56 127 81 125 96 31 28 23 2 0 30 52 67 48 63 94 59 10 28 35 35 51 71 60 57 86 71 145 83 23 61 54 64 54 49 77 56 22
68 65 46 41 33 18 25 65 45 20 28 57 59 75 37 11 43 39 40 58 30 17 8 19 65 73 54 13 35 64 78 64 54 43 29 15 19 12 31 55 83 70 38 2 3 14 22 24 18 16 12 5 11 38 50 35 55 79 70 77 31 43 59 113 22 64 52 31 24 57 43 30 16 22 37 37 58 82 55 26 49 42 33 50 73 62 47 60 48 123 111 78 66 70 76 54 45 48 50 33
67 62 56 40 27 24 31 48 40 37 53 76 62 53 17 20 48 36 59 88 36 20 34 55 97 88 80 62 77 58 49 39 33 26 28 36 26 34 39 51 50 37 16 6 5 21 36 29 27 28 34 35 32 38 35 18 23 58 80 82 36 59 89 117 58 114 119 95 23 53 56 56 34 28 33 24 31 50 50 57 46 35 30 43 54 43 37 51 0 47 54 39 0 43 62 58 36 34 47 55
57 63 78 59 44 46 43 32 44 42 53 79 75 65 29 46 63 41 38 74 59 53 61 94 101 73 68 67 80 34 26 38 42 30 38 63 48 64 49 41 26 19 16 26 19 28 39 21 26 21 30 38 32 28 29 25 35 48 81 97 102 145 171 148 50 59 69 110 47 63 60 75 74 63 53 26 22 38 31 30 62 40 32 51 71 74 78 88 43 80 66 45 0 45 32 42 26 42 55 64
70 74 107 59 80 52 39 27 35 31 37 71 88 30 29 31 50 39 27 24 62 62 84 80 68 25 24 51 64 22 31 43 63 39 53 78 56 54 77 47 23 17 13 20 31 36 29 19 12 28 32 34 71 37 67 52 42 96 158 151 102 173 118 127 27 32 21 46 57 82 115 111 93 63 62 55 48 33 25 42 66 73 41 59 55 36 72 66 84 86 113 94 28 15 32 4 20 60 49 16
90 63 84 58 86 45 26 51 48 45 20 53 117 56 22 36 6 32 67 41 37 52 81 68 31 33 33 35 60 30 30 48 82 80 60 43 50 56 80 69 42 20 1 6 24 33 24 10 13 18 19 47 73 41 49 62 54 128 235 255 91 159 115 82 55 70 55 92 73 152 191 160 90 60 75 110 41 42 17 13 66 35 20 65 64 7 24 0 31 36 81 46 36 33 29 17 38 54 35 16
28 16 81 85 75 12 9 93 107 42 14 48 95 73 68 51 16 41 85 41 34 77 79 39 18 53 52 25 57 46 37 50 72 101 68 23 59 58 61 50 29 18 10 13 17 17 17 19 10 20 50 54 86 37 51 74 33 130 241 255 219 255 164 108 93 86 33 69 58 129 161 140 82 68 78 105 47 53 28 32 25 4 38 114 100 36 62 28 38 23 68 28 49 33 8 17 56 77 66 43
2 12 115 131 63 5 33 127 147 66 45 57 76 85 107 76 1 12 43 12 35 83 45 12 31 58 65 23 38 45 45 46 62 90 67 29 70 59 50 23 5 4 12 25 25 14 10 15 6 43 69 64 59 47 66 106 64 147 245 236 255 249 118 87 90 119 68 88 72 75 71 55 55 59 45 34 84 96 58 53 29 21 51 127 89 62 101 65 95 53 59 41 37 14 10 33 58 105 109 71
15 17 90 104 17 3 45 86 84 70 46 17 46 44 42 45 22 35 46 25 48 63 14 38 58 54 81 38 14 25 45 41 85 83 67 54 76 74 78 47 17 1 2 25 39 27 7 0 33 53 28 58 11 47 78 143 70 59 215 248 252 213 95 0 29 80 35 76 4 30 51 51 57 64 38 19 90 124 57 1 47 20 1 79 41 47 83 61 38 46 70 122 83 61 51 13 52 86 87 56
21 42 69 92 22 32 77 83 79 72 67 26 33 34 37 42 34 31 13 2 21 37 22 80 94 68 106 68 28 33 49 39 91 80 74 89 82 91 103 77 39 22 20 35 37 19 11 18 0 0 27 89 82 1 18 12 5 10 255 255 247 117 174 122 19 40 19 175 66 82 62 35 42 57 58 59 40 117 80 15 44 26 0 79 49 27 50 60 47 66 52 97 59 102 138 85 51 39 30 28
10 67 35 66 24 16 53 81 71 35 47 27 28 33 38 32 34 25 11 26 35 78 100 126 91 55 85 68 79 95 71 39 53 69 62 84 56 71 75 66 38 31 36 41 24 3 18 52 48 12 85 163 209 111 209 186 106 135 252 216 224 45 172 162 108 109 30 138 80 76 47 22 11 26 45 52 20 110 114 75 74 82 59 90 78 10 26 43 54 59 38 69 69 113 128 84 41 22 21 34
68 127 23 45 29 0 23 79 34 23 20 15 75 54 9 33 31 41 59 84 47 79 99 69 45 7 24 35 120 159 95 40 17 57 33 43 4 27 28 42 29 15 15 26 19 5 21 55 41 42 75 192 152 95 169 144 129 229 209 255 175 14 73 63 89 179 68 21 58 62 67 49 46 36 27 10 49 96 74 29 97 107 65 39 74 11 33 29 50 26 16 45 84 89 58 37 21 32 53 60
96 155 46 74 54 10 41 75 53 22 46 54 86 41 40 26 45 58 78 108 68 59 103 65 49 35 17 55 99 157 128 30 30 24 31 39 20 32 40 58 35 29 25 37 27 39 31 19 5 26 32 84 106 95 88 87 129 255 84 224 66 77 34 45 95 89 50 48 25 58 52 85 71 48 26 6 43 60 54 17 52 89 50 0 69 8 35 49 36 32 14 64 96 63 30 0 14 35 49 44
73 97 67 107 64 41 44 52 41 55 62 39 81 47 44 54 61 72 69 80 35 35 91 85 80 91 63 74 74 116 108 69 42 40 59 64 49 56 55 42 36 29 22 10 53 91 93 35 13 42 54 10 100 171 189 122 102 170 39 187 69 134 27 74 129 42 45 86 17 34 53 30 51 35 12 0 39 62 73 63 28 35 32 46 27 20 65 47 45 71 49 80 69 58 49 38 12 16 14 12
85 66 100 121 32 27 27 31 20 78 72 20 66 43 40 73 82 62 39 18 22 5 53 39 42 63 40 72 56 98 91 79 75 41 47 72 41 25 35 43 21 17 35 24 68 63 83 54 58 60 92 77 48 96 158 92 39 98 135 255 110 124 57 98 123 109 83 46 7 33 56 43 39 43 31 15 57 63 73 86 41 21 31 71 29 44 88 50 34 83 67 86 42 43 49 51 40 34 20 13
133 81 108 124 50 47 26 4 17 78 78 34 67 50 51 83 94 42 27 8 102 75 106 63 44 53 49 106 62 112 124 117 93 43 3 46 20 40 32 16 26 9 15 23 73 57 46 41 22 11 25 88 147 58 255 221 250 217 246 147 125 94 173 103 60 148 99 13 38 64 59 64 46 67 60 33 55 34 36 66 44 27 20 34 68 68 91 68 60 92 78 80 30 9 24 24 72 88 79 61
77 86 115 121 44 10 20 36 0 20 37 31 45 30 34 49 58 15 0 4 90 77 83 54 16 56 131 211 94 86 80 45 99 140 97 101 18 71 46 2 16 41 47 48 68 76 20 56 47 39 37 102 254 232 138 163 129 216 255 195 80 123 148 80 14 60 59 60 80 74 56 22 47 71 61 23 30 1 7 43 48 43 19 13 63 56 51 40 33 42 57 70 53 16 67 81 21 79 89 59
92 64 13 21 28 23 38 45 29 13 33 62 66 52 53 52 50 41 17 33 27 28 17 36 59 79 141 186 46 28 46 20 93 167 126 133 42 77 52 28 13 24 11 22 44 100 75 255 220 202 62 49 234 208 210 190 229 151 233 179 27 28 81 21 28 42 41 72 62 50 47 9 27 54 61 37 50 26 23 37 45 47 36 39 34 52 42 25 37 38 77 93 71 0 44 55 21 104 124 88
89 59 10 4 19 26 58 90 57 21 22 56 65 50 39 38 25 28 35 52 24 17 16 50 90 102 133 160 71 51 59 36 67 67 0 66 88 109 68 34 37 15 16 70 123 135 17 240 216 250 185 221 242 255 254 239 255 151 187 255 88 39 53 15 62 99 45 39 28 44 48 35 18 41 64 63 90 78 60 37 22 26 40 34 46 79 90 69 22 21 61 98 73 6 46 53 58 132 140 101
32 27 43 49 50 41 49 76 78 42 19 43 59 43 21 26 29 16 65 69 87 48 61 66 87 105 109 114 66 48 55 54 52 54 0 54 116 117 78 33 18 20 44 69 128 142 5 249 191 252 243 222 205 251 227 244 148 168 98 195 142 71 64 56 76 94 26 41 37 67 61 29 32 39 56 59 96 100 81 38 36 37 50 0 71 79 99 75 48 31 38 79 55 24 65 74 100 154 143 101
39 28 29 40 72 60 29 44 92 73 26 45 58 51 38 44 26 50 57 72 43 41 55 106 101 71 75 87 39 38 90 65 66 59 38 127 116 86 41 0 9 6 29 110 189 203 158 238 182 255 245 172 253 255 255 247 144 210 157 149 95 43 48 47 52 63 25 37 38 60 55 25 37 50 63 57 32 60 46 16 25 46 48 39 32 38 53 50 44 41 35 47 22 40 61 101 120 104 122 93
28 56 29 43 71 113 43 29 80 73 40 52 30 53 55 36 28 28 27 44 21 29 68 134 133 56 16 37 45 87 133 93 69 72 43 111 144 92 39 17 38 11 45 114 225 234 203 197 147 204 253 245 248 177 241 219 161 149 151 57 24 19 57 25 24 25 8 42 34 30 36 42 39 40 40 58 74 71 44 47 53 54 54 47 58 46 43 27 57 61 42 21 13 39 43 95 83 47 58 42
14 42 65 77 66 165 128 31 54 52 32 57 6 44 50 21 19 20 37 60 33 34 74 131 113 60 33 39 28 45 72 40 83 119 99 136 179 90 24 29 49 22 44 88 119 112 189 251 135 255 235 255 249 235 255 226 255 188 113 12 42 82 128 50 12 33 35 45 28 39 57 57 46 53 72 96 103 77 59 58 45 37 50 70 105 83 57 38 38 51 53 35 61 84 33 64 63 18 39 48
63 44 57 41 91 224 218 69 14 14 0 47 10 47 42 32 24 47 77 75 28 13 39 69 79 51 46 50 36 39 44 17 69 103 76 111 164 113 44 42 84 43 0 58 35 20 119 236 109 241 186 240 249 250 234 253 238 235 0 33 39 88 128 73 48 63 73 73 64 89 109 97 55 27 55 106 101 54 42 24 44 30 32 63 84 66 25 33 46 34 71 83 126 141 53 45 39 7 46 69
35 43 18 22 164 255 152 4 119 123 62 85 54 74 36 25 53 101 124 79 37 45 82 97 31 29 39 32 15 23 41 51 108 158 132 112 56 25 1 33 16 60 16 36 40 41 52 45 85 239 255 215 249 255 245 217 121 32 85 41 129 99 39 68 44 12 29 58 66 70 79 75 112 56 29 102 138 85 56 59 33 22 15 61 73 85 57 113 76 16 58 75 96 111 56 42 66 44 79 84
58 88 53 55 98 173 93 35 104 129 63 55 48 90 57 31 48 115 123 49 36 67 99 95 46 63 86 76 63 62 60 75 110 115 73 75 44 62 30 30 31 55 26 35 111 138 200 207 208 251 197 107 160 163 143 245 255 81 109 64 91 78 22 51 52 10 33 47 58 65 62 35 72 86 10 35 80 63 32 57 29 20 18 57 64 61 14 75 80 6 39 45 43 56 53 55 48 22 38 15
23 61 83 76 11 45 30 22 80 101 65 52 37 75 62 19 78 149 140 59 79 108 102 67 70 49 41 47 91 106 54 26 43 56 47 57 46 48 31 57 0 103 111 24 77 202 235 101 80 255 253 132 66 58 53 255 251 63 111 13 83 97 54 65 50 16 40 20 20 41 47 12 28 80 35 57 29 31 29 46 24 7 31 64 112 89 31 69 73 25 43 44 54 55 63 61 28 0 16 0
53 71 76 40 33 37 29 38 44 48 51 65 37 57 64 19 61 129 116 52 113 151 129 82 101 59 18 0 42 72 35 26 45 61 63 54 53 21 18 80 54 173 213 160 108 197 213 116 63 147 176 117 97 88 87 181 143 79 146 19 86 83 47 78 66 6 32 22 13 18 46 52 51 35 50 159 58 32 55 61 58 16 40 46 128 89 35 53 61 37 31 27 63 56 47 31 33 9 44 55
68 119 84 71 88 59 55 54 20 29 30 10 49 40 18 33 20 56 32 40 91 133 87 59 76 41 14 9 19 75 76 99 111 112 46 40 25 25 28 88 78 252 255 217 105 241 244 95 43 133 164 138 62 44 166 127 20 95 119 49 28 43 32 57 42 50 55 38 60 13 33 44 42 64 74 158 84 80 72 79 80 68 38 39 93 50 63 31 33 44 32 47 21 27 38 44 75 74 61 41
80 78 48 43 22 12 26 37 12 21 36 16 32 22 27 58 67 30 29 47 95 117 98 33 24 0 12 29 73 115 102 77 57 63 37 59 55 62 61 98 86 187 223 162 78 132 142 85 98 127 185 204 99 76 224 195 37 77 54 48 22 78 67 60 42 47 66 39 86 42 48 2 16 138 104 46 98 84 49 59 60 57 39 1 35 25 84 51 47 67 61 73 125 75 47 49 65 68 61 45
67 22 16 43 20 53 46 33 29 42 72 62 74 57 51 67 61 29 61 70 132 148 172 121 35 13 49 55 88 100 79 13 30 28 38 87 76 97 126 182 129 143 126 116 104 8 0 217 251 117 73 206 249 184 239 255 124 64 109 44 53 111 65 59 34 35 70 32 70 32 77 45 35 117 89 8 59 41 32 35 50 43 50 17 29 35 103 53 54 86 75 71 124 88 52 31 44 53 55 47
92 42 56 107 108 155 85 39 23 78 110 115 177 137 47 23 42 48 41 0 58 88 132 135 34 14 29 11 6 35 54 9 22 51 32 93 38 164 188 245 194 193 151 210 88 108 53 41 169 245 249 255 255 238 250 245 67 54 135 0 17 93 47 14 12 9 55 51 72 45 115 122 77 81 82 80 40 42 59 68 65 49 70 71 40 43 92 51 80 80 44 36 8 26 38 36 34 48 59 59
45 30 81 166 191 210 114 104 89 17 81 109 108 188 229 120 14 35 36 27 38 42 32 23 40 57 82 92 61 90 98 56 33 51 94 0 63 147 244 225 255 60 235 127 156 255 244 229 255 254 226 238 244 217 166 106 52 70 58 63 58 39 35 72 44 28 37 49 47 21 36 16 9 45 60 74 36 48 46 76 84 68 69 76 16 46 85 64 34 54 55 76 36 15 5 4 23 36 49 52
44 55 125 209 213 163 68 105 131 83 84 55 71 137 166 111 77 50 65 102 37 35 48 57 73 72 41 28 0 43 84 76 57 82 83 34 37 116 176 247 231 229 240 52 162 222 217 255 244 248 242 255 255 206 99 21 17 76 60 30 51 65 73 80 75 66 40 37 45 64 77 54 2 38 85 85 87 75 76 101 86 64 36 38 24 94 107 71 47 100 82 34 63 50 51 48 29 37 46 48
38 38 89 153 176 153 115 152 180 136 119 70 73 115 147 129 75 51 86 145 67 40 39 49 84 90 61 38 17 43 93 95 76 76 74 62 66 63 86 226 246 255 253 65 202 239 245 241 229 171 154 208 242 243 126 14 32 24 56 28 68 83 82 106 93 88 55 27 40 50 80 79 48 38 89 75 87 72 88 94 75 46 20 14 57 103 97 61 47 105 89 42 79 73 69 54 52 54 57 59
41 2 0 22 80 139 161 167 125 99 112 93 95 102 106 89 59 53 60 107 93 70 37 44 80 105 102 69 54 37 83 84 54 61 56 54 97 75 31 128 187 222 248 132 214 246 255 219 168 84 163 255 213 255 206 49 53 48 24 71 42 54 54 57 74 69 63 54 86 46 54 52 62 67 69 16 40 61 58 60 64 39 36 10 54 38 46 55 63 55 49 91 64 39 36 53 42 41 42 44
11 0 20 74 3 42 127 110 20 28 51 81 98 100 72 32 15 44 51 40 119 60 19 25 73 104 84 80 17 15 63 67 37 16 65 80 37 98 100 177 156 192 255 172 198 158 138 143 120 138 193 238 231 255 179 60 97 96 49 18 41 46 23 20 14 75 75 88 105 66 47 57 49 49 39 0 34 34 36 56 39 60 43 53 30 13 4 33 40 20 56 73 58 23 32 26 48 28 27 33
37 45 55 83 53 37 123 101 33 99 109 85 52 73 38 0 12 60 68 38 79 47 21 21 50 65 34 0 30 43 116 116 48 11 47 98 22 106 144 225 84 204 203 255 230 255 255 236 184 189 222 255 247 246 183 84 85 59 51 98 34 57 30 0 16 51 87 107 44 30 68 73 43 53 104 107 23 27 31 20 26 54 31 18 23 64 50 19 15 53 67 40 45 18 22 48 17 4 20 41
51 74 66 81 118 65 136 98 55 172 182 112 20 36 27 33 32 48 57 66 72 34 11 29 57 58 39 5 67 109 182 149 57 34 71 101 100 103 119 148 34 178 228 240 215 252 225 250 19 88 127 194 216 189 144 106 56 55 73 108 35 85 78 26 13 40 84 98 14 10 70 93 68 64 125 145 52 64 61 25 8 38 41 27 19 63 68 46 26 51 57 49 83 57 37 42 45 11 11 38
78 79 63 56 95 49 105 78 54 143 155 100 30 18 35 89 70 47 41 79 67 40 16 33 70 63 48 36 43 109 159 102 9 18 119 135 64 43 99 62 87 121 200 143 171 255 209 255 25 150 167 205 220 108 30 38 56 59 55 27 63 79 87 59 16 57 78 71 60 30 51 99 102 93 112 103 105 103 81 55 68 56 76 75 34 28 58 101 84 26 21 48 73 47 40 34 42 19 18 41
79 44 43 32 31 25 71 73 40 63 75 64 80 51 57 88 95 63 29 32 7 33 43 52 6 19 14 14 24 67 75 30 36 101 88 92 25 64 54 35 38 64 126 156 51 113 83 53 114 158 133 158 164 72 72 134 93 67 57 34 117 61 57 73 32 65 89 71 105 48 38 75 93 98 89 75 94 95 57 52 19 0 19 29 17 23 61 113 127 58 29 29 36 7 34 74 47 76 106 119
66 5 20 47 46 60 70 64 24 28 50 47 96 70 65 54 9 9 29 65 33 26 18 22 90 88 50 4 28 16 9 14 59 105 123 100 0 32 53 13 29 90 125 146 18 46 68 64 70 44 75 147 135 54 62 74 60 79 116 116 110 50 50 77 47 42 96 92 84 33 31 36 53 44 28 53 23 74 42 34 52 69 108 67 52 62 52 42 61 74 49 26 60 22 11 58 67 106 122 110
57 8 18 67 80 67 70 63 49 52 61 39 54 45 49 33 31 9 15 38 10 0 27 68 48 63 113 146 116 72 40 35 23 39 60 38 78 64 38 0 16 56 85 56 81 95 68 50 87 64 88 101 87 40 33 13 0 61 113 108 52 30 44 71 55 25 81 100 38 19 23 22 30 11 5 41 0 61 42 27 58 114 169 103 89 94 56 21 32 91 102 95 146 104 47 44 50 70 53 23
9 0 7 50 63 26 87 127 127 105 76 44 32 45 56 46 61 56 51 35 12 20 46 60 61 43 126 216 63 53 55 50 28 5 22 52 93 95 54 32 0 18 25 15 87 133 136 73 75 114 92 4 21 28 18 18 19 42 51 48 43 24 36 80 61 33 60 94 19 28 17 36 30 36 57 61 31 45 29 21 60 89 126 68 74 74 34 21 25 62 101 105 121 87 49 16 72 100 92 62
29 36 0 22 53 20 57 135 145 128 93 25 90 103 99 64 33 58 65 71 89 33 22 47 74 77 109 137 63 24 26 56 48 21 12 41 54 64 70 32 18 14 33 29 0 107 171 117 39 39 45 0 0 37 32 27 73 114 89 41 27 17 33 66 68 35 40 85 83 72 43 55 40 47 34 8 62 31 0 26 62 40 57 35 36 30 39 66 45 24 28 90 55 71 131 0 153 77 146 115
77 101 47 47 42 28 69 99 97 69 71 68 56 154 185 131 28 7 37 62 53 48 65 71 82 38 38 75 79 30 12 26 77 68 22 1 19 49 77 73 26 3 28 48 11 38 100 123 74 30 29 29 44 52 29 42 93 114 91 72 18 41 50 57 71 52 34 70 77 70 46 48 35 28 26 34 55 31 0 57 72 39 56 51 53 35 52 99 72 0 19 84 102 141 198 26 194 93 79 28
88 110 44 70 50 40 85 103 57 33 89 136 4 128 175 116 53 8 24 21 16 57 78 79 51 27 39 48 50 0 0 44 88 119 89 63 70 64 57 55 50 24 42 62 37 0 30 97 90 71 66 41 41 61 24 11 68 62 43 68 2 63 46 10 59 55 16 40 45 52 56 47 34 30 38 45 34 50 4 39 51 45 63 42 46 45 66 89 94 50 29 38 73 111 118 29 183 157 132 85
48 77 2 30 33 68 118 135 51 26 115 180 29 76 77 24 8 22 71 35 52 46 11 8 30 67 90 59 54 66 74 44 41 72 68 69 73 59 56 54 46 47 45 32 44 1 6 48 0 35 64 25 5 47 21 4 49 35 23 50 6 80 62 26 61 68 34 48 25 47 95 77 54 26 43 52 36 63 14 23 20 21 33 15 21 19 35 41 45 63 32 40 58 108 42 23 167 215 103 6
35 82 21 2 25 131 160 147 98 17 40 63 22 27 26 42 57 42 72 1 25 6 22 67 66 26 51 112 75 33 25 43 31 38 38 39 34 48 69 46 22 49 34 0 34 24 19 34 27 54 90 81 34 35 10 39 52 42 35 25 18 69 63 59 69 82 72 82 25 47 115 93 75 6 28 60 48 46 31 62 46 10 7 23 35 1 19 46 85 122 140 103 21 57 39 63 93 27 67 203
38 36 52 33 40 140 115 87 43 0 25 38 71 32 0 53 45 0 35 10 32 8 32 49 61 54 62 80 28 29 44 65 98 89 70 52 37 62 81 32 38 63 50 27 49 42 37 58 31 20 36 56 21 22 4 60 52 33 34 17 52 66 28 13 43 60 59 66 12 21 62 51 61 22 32 44 20 34 63 88 71 42 23 27 44 27 54 65 48 70 119 111 153 164 88 35 36 63 103 172
131 31 141 139 92 160 99 66 32 28 66 64 72 56 21 88 79 100 113 81 70 58 65 71 81 47 3 10 46 62 62 80 130 96 47 36 41 53 70 58 52 64 66 83 77 49 29 52 46 28 41 79 57 56 5 35 62 35 61 62 97 90 27 0 36 54 29 29 28 29 17 39 39 61 43 39 1 59 99 91 64 71 50 24 42 54 86 64 13 37 64 39 122 138 83 48 36 33 47 71
202 43 199 163 66 153 97 40 28 40 72 72 41 77 34 77 98 246 212 97 29 34 50 112 133 117 45 10 100 103 58 39 109 62 10 37 64 25 14 43 27 32 52 103 85 47 5 13 24 19 78 182 180 151 61 75 65 50 103 109 98 89 53 49 76 92 36 29 84 85 35 88 40 74 34 67 27 93 122 108 84 92 78 64 78 76 106 88 25 18 32 7 2 56 62 32 46 37 53 41
255 88 160 86 41 74 46 13 34 8 27 32 1 89 24 82 82 216 186 50 46 35 71 77 119 118 56 16 91 108 28 21 68 68 36 80 126 81 56 80 64 57 84 100 97 53 0 9 38 33 72 187 184 155 86 70 59 24 51 31 50 56 43 52 99 82 76 79 85 131 103 100 40 72 47 79 20 90 106 71 49 94 100 79 135 125 92 73 34 40 76 60 32 23 57 54 48 22 103 140
255 115 116 58 25 60 27 53 58 18 29 12 11 48 31 107 99 113 140 73 126 77 69 67 48 51 42 29 65 81 40 35 84 58 52 103 155 116 105 95 108 73 84 89 75 57 28 24 85 57 24 83 83 59 30 89 86 24 35 34 16 33 23 29 51 43 30 61 40 73 80 77 39 50 37 56 2 41 40 15 23 70 97 94 40 53 82 114 83 83 81 19 64 38 69 76 20 18 90 114
133 64 44 56 61 91 42 108 116 27 29 52 34 21 37 106 117 107 147 97 88 73 28 45 44 39 64 65 50 60 70 79 60 48 61 92 62 25 35 46 77 68 25 12 72 92 61 77 143 102 18 41 68 54 35 123 158 98 108 116 48 53 42 47 72 52 7 36 8 18 34 16 47 32 30 25 0 22 27 26 36 55 68 68 14 26 58 94 84 83 70 1 42 32 72 86 33 44 69 46
94 71 49 78 84 83 27 75 85 0 0 68 33 36 23 0 88 116 168 21 69 91 101 60 35 27 51 58 26 16 40 62 34 58 74 100 28 18 44 102 129 137 72 21 69 106 91 95 178 151 63 39 44 40 28 88 98 73 86 73 14 22 46 81 110 102 59 36 29 19 30 27 115 85 76 21 7 23 34 44 62 67 53 27 63 47 36 36 2 29 70 69 42 58 84 74 13 54 67 39
57 39 33 44 50 54 51 74 57 75 59 39 0 22 70 63 48 35 43 136 208 161 68 67 37 39 50 68 57 26 31 59 34 40 45 57 53 43 40 73 111 102 96 58 34 110 175 139 70 114 117 85 41 31 12 5 8 48 91 73 59 32 28 43 37 77 86 6 26 5 12 48 67 70 82 16 29 48 59 61 47 75 74 35 57 53 48 34 23 25 31 23 0 26 54 48 114 137 99 49
42 29 56 47 35 28 42 32 47 64 32 8 101 61 35 2 56 61 33 62 162 120 90 51 35 34 19 37 45 15 24 62 32 13 38 37 108 86 70 58 62 50 39 18 0 54 115 80 44 76 83 37 0 37 69 48 57 84 81 33 43 20 19 28 23 74 100 13 47 27 10 36 42 92 120 60 80 77 70 48 23 59 79 58 0 52 85 67 57 56 46 30 82 68 44 21 45 67 39 31
27 30 82 80 57 42 42 32 65 51 27 12 107 41 17 8 46 73 14 58 47 63 57 66 50 36 12 28 29 16 56 99 92 63 86 70 80 60 42 23 25 34 11 16 27 22 38 45 54 60 57 23 5 37 55 26 41 61 59 47 49 38 33 29 32 60 62 25 42 38 19 6 0 69 91 46 72 62 65 44 21 47 62 44 0 61 99 73 39 31 22 26 90 87 70 58 67 58 12 26
29 31 68 59 28 21 18 38 58 57 62 34 32 32 57 35 66 47 9 55 28 40 50 58 44 29 23 49 37 32 93 129 109 81 85 92 17 48 35 36 31 42 66 99 57 0 25 51 56 61 59 37 24 21 25 17 11 25 36 62 35 38 41 39 20 42 31 52 36 54 71 49 48 118 104 48 58 38 53 45 25 53 58 14 37 64 84 62 30 24 39 82 60 75 64 51 53 36 4 53
3 6 40 3 32 31 44 28 36 33 45 34 44 34 52 56 45 32 15 50 55 74 77 71 63 58 47 67 64 70 87 136 91 48 24 24 35 55 74 70 50 51 65 95 68 7 11 42 41 27 37 38 0 23 32 42 46 40 36 14 15 36 29 24 10 31 31 40 38 26 45 64 82 140 122 32 58 20 30 75 75 97 69 20 25 63 79 76 39 72 119 172 111 96 53 27 28 0 19 48
40 53 87 80 70 80 76 68 33 33 51 49 36 19 16 3 58 63 37 105 118 128 126 93 72 71 71 62 54 46 81 130 74 36 42 53 15 39 77 71 27 24 47 67 68 15 41 66 30 24 48 56 27 22 17 32 30 40 56 49 66 95 69 33 33 30 13 26 35 21 28 39 38 57 58 8 31 15 41 63 82 93 74 20 0 37 61 40 58 77 89 110 63 91 88 80 107 89 50 21
46 93 160 191 125 129 116 126 99 81 75 63 17 13 16 5 74 115 93 167 144 122 109 62 68 54 47 20 22 19 64 98 101 77 112 131 25 18 33 9 33 25 42 43 58 13 49 64 33 25 50 64 69 31 0 0 29 43 62 60 96 144 104 32 51 36 12 34 60 60 73 84 60 25 43 40 32 0 24 44 23 29 47 34 8 31 50 24 25 40 38 42 15 72 99 103 175 191 122 45
43 80 154 197 126 128 118 125 133 103 79 60 0 19 46 48 74 110 96 151 116 106 85 53 42 48 49 26 0 9 56 95 88 88 132 173 74 60 48 26 59 49 44 39 40 10 32 38 23 33 57 47 67 42 37 68 97 93 82 47 64 119 84 1 31 54 47 34 13 5 52 98 57 19 35 45 49 26 45 43 13 19 40 50 39 32 31 25 50 69 74 74 35 49 47 42 137 187 155 91
41 17 50 76 59 75 72 56 41 28 31 39 2 42 79 82 41 33 20 44 34 63 27 5 48 26 0 29 24 58 30 6 7 23 44 100 70 72 45 46 61 59 33 44 24 17 18 24 47 51 52 30 69 54 23 23 59 77 88 37 19 83 112 90 52 48 12 4 27 50 75 78 72 65 51 34 69 90 88 58 54 75 54 29 37 32 22 36 14 39 73 101 70 42 19 20 0 36 47 29
57 18 38 44 62 78 85 64 40 32 39 42 16 31 39 22 28 17 34 35 33 60 23 6 48 65 70 111 52 65 31 22 18 34 32 81 99 90 37 40 51 53 20 47 18 22 11 19 27 35 37 34 85 94 56 42 42 19 21 11 34 113 140 111 91 106 81 54 36 30 53 66 68 56 28 11 25 18 17 34 112 161 120 52 61 71 54 59 35 45 77 113 93 47 27 45 38 36 42 42
30 17 39 35 47 57 61 54 20 16 30 41 61 74 73 45 0 9 45 43 52 67 69 55 68 55 46 82 41 57 35 22 34 39 37 75 105 80 23 16 47 44 19 43 25 18 12 19 18 38 40 19 7 17 20 60 40 34 67 55 18 39 70 76 59 70 60 62 53 31 39 53 67 37 19 30 28 6 13 51 83 131 110 52 40 40 26 24 20 12 26 58 65 40 46 84 73 57 39 25
49 37 35 24 30 47 38 34 15 12 31 45 94 100 85 43 35 37 39 32 62 77 119 95 86 32 0 18 9 41 51 43 59 45 41 62 85 57 21 12 44 35 22 38 36 16 22 27 50 48 45 59 56 61 30 45 37 0 23 53 54 72 73 52 43 60 70 92 76 29 34 62 72 44 26 33 48 76 67 30 31 55 67 55 38 34 48 65 68 42 28 36 42 23 35 73 71 73 48 21
40 55 24 19 42 30 13 8 31 39 23 16 41 53 44 41 66 83 86 50 15 33 81 108 77 42 25 5 3 28 40 51 70 48 26 38 27 36 25 19 39 26 20 51 60 17 16 36 68 47 45 56 68 87 45 58 60 16 35 20 70 75 69 65 60 49 60 95 60 35 35 69 63 42 26 27 71 60 49 48 23 51 61 45 27 20 36 64 79 71 58 39 50 27 37 64 57 39 19 9
22 46 25 24 44 34 25 27 37 59 47 17 7 4 12 35 57 69 82 62 18 9 49 86 61 37 35 27 26 42 42 42 64 41 17 25 14 30 30 31 32 28 35 75 75 25 13 26 42 27 35 41 23 26 22 89 108 67 77 25 25 11 35 74 66 32 21 45 27 39 42 41 48 42 35 31 69 60 51 49 64 56 35 19 14 7 5 16 66 76 81 65 73 42 37 48 18 14 9 7
6 39 28 29 47 37 34 44 52 60 38 13 17 19 18 30 40 53 84 87 39 8 44 98 60 42 47 42 38 45 33 26 48 43 39 58 44 50 36 28 43 33 30 64 52 12 13 35 43 18 39 76 66 47 24 91 81 35 55 28 44 27 46 85 75 29 13 31 17 64 78 46 39 52 55 42 75 72 66 60 73 49 23 26 42 41 35 44 88 105 105 75 79 57 58 69 16 27 41 48
2 39 30 32 48 37 35 46 56 46 18 16 52 63 43 31 29 50 95 108 58 22 61 122 81 56 52 37 26 29 17 10 44 56 74 101 82 74 43 23 54 34 18 46 21 0 15 50 35 4 35 102 116 85 21 52 53 0 25 36 82 59 46 59 49 10 16 38 10 63 93 57 37 62 67 48 80 86 83 70 33 17 6 17 25 11 5 23 67 84 73 25 26 19 36 51 43 61 83 95
