28 72 33 65 101 137 201 165 91 110 59 0 72 12 75 142 250 153 54 101 66 40 80 156 118 55 63 119 119 180 113 58 62 42 102 132 129 70 70 82 167 169 233 14 19 208 207 255 98 190 121 75 255 224 56 250 109 78 115 13 36 91 113 174 177 138 127 65 65 210 111 72 86 113 78 85 43 136 164 192 123 40 74 35 141 154 81 12 13 85 118 67 32 98 123 33 86 210 206 152
64 69 80 203 224 204 230 190 169 169 110 0 84 82 70 108 184 149 88 129 95 70 81 120 70 32 26 17 124 255 232 107 48 29 58 152 135 91 42 50 174 170 212 103 98 255 219 185 33 129 121 178 243 178 103 249 163 89 26 18 100 108 73 32 155 165 56 25 49 254 157 115 126 84 90 58 49 169 247 155 119 66 52 110 194 205 82 0 43 53 21 110 150 147 141 46 3 83 72 41
81 106 136 255 247 135 111 105 165 177 28 47 97 109 38 96 98 99 70 139 135 113 95 106 111 92 93 121 137 182 124 105 96 33 19 120 99 67 43 74 229 94 50 69 0 55 83 151 202 255 235 255 160 104 154 246 94 107 84 66 110 110 91 66 112 75 51 42 42 228 133 68 114 116 86 8 84 180 158 0 56 79 45 101 79 40 34 59 71 72 30 115 148 93 67 55 4 43 45 38
82 184 213 247 254 133 148 226 115 128 66 0 124 47 35 45 84 64 13 80 93 107 150 218 177 137 151 99 131 161 141 164 122 85 23 127 0 105 90 94 27 171 141 75 53 89 37 94 87 220 250 101 68 121 255 246 115 70 78 35 133 186 116 97 87 27 21 37 7 33 83 36 38 107 52 21 104 149 95 91 77 49 126 64 81 104 0 28 94 13 76 74 13 29 39 20 27 48 79 80
98 209 240 192 193 77 124 196 180 234 255 8 115 113 107 69 65 33 0 84 126 129 94 72 92 66 47 83 99 255 209 255 141 234 170 70 116 161 100 93 153 255 223 81 29 77 81 141 82 54 0 89 143 236 182 255 131 65 117 48 79 65 32 107 140 208 229 81 0 84 83 52 94 52 17 109 150 100 9 27 70 142 223 83 47 71 34 24 79 62 156 104 89 66 21 52 60 56 102 90
88 121 155 108 100 44 135 159 201 242 254 15 92 66 148 92 102 88 45 113 154 192 135 38 71 102 83 16 41 242 234 145 123 133 123 47 96 143 99 86 185 235 173 48 32 32 0 36 56 46 68 85 199 255 224 242 226 165 168 127 118 53 49 95 150 239 236 237 31 30 0 0 86 26 43 122 160 109 78 79 113 109 143 48 14 92 61 89 88 62 87 89 91 14 12 54 64 18 58 32
87 84 92 58 38 46 153 170 145 183 57 86 54 43 126 78 100 163 158 142 68 97 96 24 29 66 28 91 82 227 214 74 173 63 74 4 79 47 20 79 138 92 69 64 35 26 35 44 26 72 88 61 91 223 229 75 252 164 101 148 158 113 81 49 60 99 211 252 85 115 93 142 207 138 71 21 84 101 108 75 84 48 27 98 94 107 88 71 154 124 0 5 65 7 35 128 87 7 48 20
42 107 126 106 65 55 87 93 121 137 44 88 90 75 140 15 22 115 145 125 26 62 89 28 53 104 46 64 20 95 173 0 123 26 21 22 45 68 0 114 77 87 52 64 44 26 40 61 83 36 0 43 0 120 215 24 221 106 52 175 166 120 70 75 88 144 251 190 123 77 97 139 179 160 145 112 129 145 147 104 186 163 204 211 128 106 96 125 193 192 90 117 71 37 89 161 101 10 65 42
84 48 76 95 66 33 25 89 154 165 125 239 172 46 128 49 65 50 56 35 71 83 83 104 192 187 80 77 43 176 149 40 69 82 109 20 113 158 0 70 19 89 74 33 48 0 10 0 48 38 84 51 52 110 64 167 155 50 81 50 46 23 13 51 67 74 69 145 107 14 24 51 90 167 193 33 106 111 160 77 158 145 179 248 142 93 177 197 142 130 119 178 116 48 79 128 72 27 61 32
163 68 57 67 58 69 78 106 150 142 132 249 191 32 51 117 103 74 44 2 74 112 115 117 186 163 69 23 42 157 92 41 0 54 48 45 100 153 76 81 35 43 47 42 75 58 73 9 13 18 50 4 47 45 7 129 34 23 75 75 135 110 82 130 108 71 27 94 79 109 95 120 111 119 153 16 104 160 229 90 155 106 103 118 121 103 208 214 44 37 86 130 107 70 42 42 55 37 18 66
124 67 56 82 132 123 98 154 149 95 128 112 159 45 50 30 55 95 143 90 126 179 213 170 148 70 66 0 111 124 204 70 57 44 115 55 4 80 186 180 83 32 68 67 33 10 46 10 91 36 70 16 48 59 63 50 48 87 99 44 98 87 38 4 29 40 50 58 35 132 89 72 91 36 130 71 121 100 153 27 112 104 77 2 98 116 188 140 0 43 121 97 91 78 16 46 118 104 34 81
139 56 42 93 174 134 54 63 92 120 121 156 28 32 98 67 21 90 175 93 69 135 187 78 123 64 27 85 33 157 200 90 106 170 88 1 147 183 179 255 255 89 59 51 21 14 63 78 40 49 66 9 50 26 29 27 62 102 167 144 85 0 41 91 12 23 106 135 109 110 68 71 70 20 125 92 119 35 101 65 64 11 79 78 61 50 135 87 64 94 91 78 168 189 41 21 144 99 50 19
45 0 69 76 36 66 182 255 156 43 188 68 68 138 155 96 56 116 171 141 194 255 255 131 117 48 135 75 37 106 102 40 188 206 0 47 171 251 241 241 255 91 39 40 41 27 21 32 0 3 19 31 57 6 11 47 37 30 84 122 114 21 29 39 29 77 102 82 71 126 116 66 66 38 45 0 105 77 106 44 40 132 203 184 101 68 38 33 69 76 30 12 39 90 52 77 139 71 116 91
32 10 84 46 10 76 211 255 129 66 65 28 84 136 122 24 43 116 131 151 246 255 191 117 118 61 171 97 83 116 184 128 164 146 55 111 118 192 213 198 196 105 48 8 1 4 9 40 68 39 36 56 50 41 66 79 103 90 65 32 75 70 113 137 163 185 101 80 53 138 152 141 163 169 111 42 128 90 102 28 97 122 139 172 101 99 26 50 125 87 77 89 43 86 147 160 59 0 121 196
54 61 119 84 91 80 73 60 87 46 0 36 77 99 29 16 52 101 78 89 132 145 125 112 88 54 49 67 89 132 240 180 36 36 102 106 84 99 60 36 84 54 26 9 14 26 19 20 52 102 62 9 33 23 26 94 103 63 65 50 72 44 71 98 169 252 159 65 18 126 135 106 186 217 177 126 77 1 102 97 165 186 93 31 73 191 99 69 131 60 67 55 23 46 157 191 82 41 147 255
129 95 151 115 80 33 30 18 21 62 90 45 81 102 94 87 113 98 52 54 44 110 139 93 92 111 39 121 192 224 146 118 126 158 130 110 45 49 22 11 46 39 33 34 21 19 25 28 38 36 27 7 35 19 14 42 42 0 57 51 47 66 103 60 89 171 131 30 2 44 39 27 106 99 72 106 67 35 168 116 120 117 96 47 104 255 181 55 87 31 52 20 61 47 123 177 116 82 128 195
174 109 157 108 37 48 61 31 29 97 111 73 73 111 102 89 102 131 114 104 75 131 109 65 93 255 182 80 100 107 42 81 170 128 45 62 37 71 67 75 76 7 23 48 22 39 51 34 38 9 24 21 58 49 29 35 33 28 53 11 37 88 155 118 80 82 56 55 42 52 24 31 73 25 30 81 86 59 186 143 86 45 25 140 143 255 134 57 90 46 70 49 89 85 95 122 77 87 8 74
147 65 105 83 59 91 80 16 66 71 78 68 114 110 91 71 135 178 140 133 138 115 47 62 83 254 252 62 47 53 132 149 161 130 92 33 42 69 72 112 83 0 19 31 38 26 77 85 67 39 37 9 17 2 1 26 32 24 55 58 74 27 59 102 81 127 123 146 108 99 57 110 112 39 74 56 76 0 116 113 81 53 65 75 84 78 55 3 31 42 40 23 20 78 194 115 97 176 150 100
216 120 144 108 57 60 60 34 3 50 63 109 130 166 148 159 237 192 99 98 146 111 58 104 51 106 75 50 40 126 138 80 54 120 206 63 58 42 38 80 66 17 49 20 16 24 88 97 65 47 44 23 26 11 10 33 14 18 25 34 87 42 47 102 99 81 99 177 176 88 25 114 71 0 92 115 180 67 61 1 10 21 18 38 62 78 76 41 50 80 53 31 11 99 255 191 123 243 251 93
233 109 120 104 63 45 36 30 56 67 57 26 95 98 78 10 39 71 65 18 26 95 125 89 33 49 14 107 0 151 112 120 83 49 132 64 97 26 28 87 48 41 57 47 35 84 114 115 57 40 29 30 47 40 29 33 33 45 39 39 110 111 115 142 104 81 116 105 180 155 119 91 28 42 133 210 198 254 133 22 58 37 19 80 79 66 10 34 33 72 73 46 66 107 91 62 110 214 212 60
93 32 69 30 0 37 78 90 113 160 137 134 58 35 67 150 161 97 53 20 15 74 116 82 88 108 114 154 38 218 177 193 225 148 130 26 18 2 79 106 51 21 23 37 49 69 63 62 63 41 7 7 21 23 15 15 14 14 32 48 65 45 62 97 49 27 68 0 60 131 207 197 84 66 169 86 146 251 244 70 30 18 72 39 70 44 14 46 32 53 58 40 122 166 64 38 85 161 146 70
152 7 28 72 79 54 49 81 168 239 224 114 63 46 145 193 138 111 70 74 99 107 68 38 14 65 123 143 37 215 205 229 255 153 108 101 102 64 131 139 27 15 40 11 46 39 47 39 45 40 4 10 12 13 12 15 19 15 36 46 28 11 33 57 61 44 118 91 61 61 150 255 186 104 95 46 49 172 220 162 74 31 79 4 64 67 38 49 50 43 56 70 116 121 81 56 112 151 141 114
105 53 90 59 47 92 133 155 199 196 133 136 90 51 93 166 164 92 43 157 233 173 62 77 68 69 80 122 43 215 238 225 232 174 133 93 73 53 137 165 85 96 109 43 56 40 34 15 33 44 16 36 34 32 26 23 23 28 29 21 18 32 44 45 77 158 255 186 130 86 68 116 155 85 56 40 6 16 113 192 148 45 41 48 88 75 35 81 79 50 49 29 50 93 183 209 150 114 123 99
38 15 126 158 111 49 31 64 151 196 153 114 117 115 131 96 86 65 47 139 162 121 59 110 145 117 106 98 33 146 204 107 117 68 82 123 158 74 61 71 31 19 13 27 64 77 45 48 57 62 22 43 42 40 26 14 19 32 26 27 35 36 32 45 82 192 248 88 126 142 98 61 67 84 62 89 61 26 50 100 93 78 90 47 53 61 65 75 93 97 103 11 55 161 248 255 148 36 63 37
92 41 91 68 27 40 61 140 169 131 73 52 78 142 169 106 48 116 247 118 144 62 58 141 188 117 81 31 101 141 114 39 106 43 31 61 76 27 48 64 62 78 31 34 32 51 68 55 42 31 7 38 31 34 22 0 16 0 28 36 3 20 57 60 158 179 125 102 71 111 111 67 44 92 132 88 102 42 52 60 35 113 43 29 44 31 34 84 95 106 120 17 170 189 142 128 75 54 89 32
83 66 152 93 22 20 58 64 94 121 137 67 22 12 90 165 214 245 255 212 165 117 138 150 191 176 83 90 149 135 96 152 235 128 67 148 171 83 65 95 52 42 13 44 43 44 87 71 48 39 40 18 14 21 18 14 17 35 42 48 37 11 8 75 209 246 100 146 61 58 88 102 129 126 89 86 96 75 132 130 124 103 49 5 25 30 44 59 107 78 73 122 178 114 27 70 99 83 126 90
80 60 106 77 17 50 106 96 64 47 65 38 62 30 61 142 241 255 235 205 85 41 89 132 174 165 101 68 120 24 119 233 255 128 129 170 117 23 39 100 63 55 57 92 71 64 119 119 61 45 69 40 53 41 24 32 32 56 42 36 40 47 15 53 199 226 128 56 66 114 117 89 140 163 48 56 59 152 255 222 140 178 79 24 55 36 38 76 67 42 54 165 127 44 24 139 119 60 65 57
28 58 47 77 18 44 57 102 125 49 17 30 84 79 100 156 180 208 202 48 12 103 108 73 214 239 38 145 134 135 83 161 249 57 127 141 86 65 89 73 38 31 84 168 140 86 49 97 43 44 57 50 44 4 18 79 44 18 34 45 19 70 70 63 143 182 73 157 181 162 190 224 153 247 16 50 108 106 115 123 46 196 54 44 50 11 46 132 148 58 31 61 50 39 58 111 149 58 41 76
53 141 80 94 96 112 50 84 146 84 35 45 21 32 73 121 124 76 129 57 49 47 42 155 207 117 117 255 246 144 209 198 208 28 51 138 96 59 63 39 4 7 98 216 195 136 70 248 162 159 76 66 48 4 16 59 32 0 46 75 11 38 75 105 187 245 112 100 104 128 151 122 58 155 7 130 170 152 126 108 47 151 80 120 100 32 55 118 13 50 213 255 197 123 77 93 114 45 57 140
26 158 122 63 102 118 49 30 138 108 90 89 32 79 120 169 163 54 107 132 99 117 92 75 59 66 210 234 236 124 255 222 163 221 136 148 63 52 80 67 83 71 89 124 132 132 53 212 82 133 44 45 53 36 36 36 20 17 73 49 16 30 36 65 178 181 116 57 59 111 94 61 41 154 83 158 142 133 128 167 82 49 60 73 105 28 0 36 49 61 179 206 106 46 2 68 117 63 72 155
16 132 164 96 55 55 28 10 21 71 182 175 106 89 0 11 145 98 126 189 167 47 19 212 125 9 124 193 179 79 145 102 44 115 0 14 7 0 44 116 95 71 44 44 120 153 70 96 41 145 109 66 47 10 16 39 31 52 80 1 34 74 35 2 25 122 73 190 51 95 53 46 39 39 88 168 49 42 117 215 120 10 57 21 44 38 27 54 92 131 179 150 57 42 19 60 119 77 54 85
127 101 97 94 20 59 55 46 10 62 223 204 204 210 71 97 191 107 149 68 64 235 255 135 55 46 76 62 9 67 109 119 193 251 152 0 29 83 84 47 26 36 57 57 93 67 78 130 174 211 147 57 61 22 19 52 50 39 69 0 61 108 68 11 43 71 88 219 64 115 34 79 50 60 146 168 53 48 65 144 144 36 143 120 10 60 115 39 87 212 237 113 35 67 90 68 98 91 65 49
175 83 109 79 46 91 96 83 102 82 123 164 135 181 129 105 90 28 79 80 125 250 244 230 136 50 116 103 3 82 10 38 167 208 150 47 65 96 42 23 20 42 62 52 82 40 100 87 176 179 83 83 72 56 28 48 48 22 43 16 67 97 77 60 90 123 81 112 23 84 57 67 53 103 255 83 122 146 83 58 169 95 108 138 36 94 114 53 157 252 154 61 0 35 69 34 82 61 86 5
124 75 107 126 69 89 88 137 188 136 81 223 200 148 81 63 83 79 194 103 75 237 254 64 7 120 253 255 155 191 89 68 159 239 221 91 70 13 24 4 40 47 0 42 154 137 115 60 117 183 123 49 65 64 49 64 60 27 37 15 70 62 53 91 104 104 80 34 46 82 14 6 19 68 117 56 126 131 102 35 111 63 20 7 104 132 52 66 214 185 9 173 36 96 84 49 51 44 32 1
78 57 105 146 96 83 125 230 255 155 103 107 164 153 69 87 121 142 77 76 19 36 107 77 50 64 238 225 188 231 180 223 183 233 222 121 148 143 60 62 34 61 44 96 123 142 77 62 126 228 169 34 60 71 65 68 48 48 52 25 83 82 47 60 107 67 84 24 96 104 7 83 121 169 109 98 89 20 30 0 42 28 5 11 132 155 84 107 115 136 105 171 51 57 124 67 73 63 16 3
178 94 85 86 84 75 174 251 168 91 221 132 50 112 94 85 66 133 47 58 57 121 200 139 22 100 155 71 198 250 101 97 186 178 93 91 248 205 97 153 105 15 71 2 73 92 108 62 32 138 84 38 62 77 70 59 25 55 58 37 41 82 61 58 71 13 48 23 81 121 0 125 166 167 78 124 126 45 54 45 14 41 51 70 51 75 55 28 163 150 124 122 56 68 76 99 127 111 56 24
255 138 58 57 66 64 118 89 56 142 218 244 134 162 178 210 83 48 84 45 164 202 164 87 130 177 92 45 93 47 105 204 128 0 169 101 148 208 217 212 127 113 145 89 77 92 89 30 57 104 3 50 24 38 63 83 72 38 0 23 1 96 86 65 69 48 100 78 104 192 58 156 146 141 92 194 207 83 66 25 28 78 101 57 24 68 43 17 90 97 106 186 99 74 10 115 134 187 150 71
237 176 71 111 69 69 76 32 62 90 90 153 97 131 234 249 163 108 130 73 136 116 73 46 90 151 95 171 52 183 229 168 190 108 214 160 183 245 205 103 34 137 125 59 85 61 107 40 31 77 19 114 54 21 22 44 94 57 14 56 19 131 108 36 54 96 171 118 83 125 64 165 153 150 112 193 172 66 125 117 132 144 177 46 42 76 45 40 60 48 84 193 138 95 66 101 85 57 14 58
130 142 26 74 21 18 73 132 164 165 167 113 99 105 194 234 147 84 80 128 76 32 88 67 26 99 142 110 86 239 255 80 189 156 224 242 217 247 117 174 229 255 95 44 96 214 202 105 87 132 112 113 74 27 15 37 60 88 94 109 46 113 111 59 98 166 168 90 40 64 64 164 119 91 112 172 137 98 116 112 89 112 113 22 41 41 54 68 27 27 97 217 110 69 4 25 32 133 144 48
69 116 17 69 64 26 109 227 234 186 203 174 80 93 161 129 102 90 47 28 98 69 66 38 66 111 26 142 0 252 234 26 131 210 164 157 241 255 140 229 228 247 184 98 137 255 203 68 25 86 117 38 73 56 49 70 93 72 56 81 73 102 114 101 159 220 95 20 46 167 168 199 95 18 86 85 26 83 67 121 29 121 17 15 62 1 21 54 53 84 195 176 88 102 32 54 63 139 173 30
128 180 74 20 112 128 214 243 193 95 144 125 7 70 249 177 108 91 65 11 67 42 32 0 85 159 54 61 138 155 135 188 166 68 184 218 244 218 127 255 252 202 180 167 135 169 134 7 0 28 41 84 58 40 44 76 115 85 36 76 59 31 36 70 141 187 74 96 90 141 183 238 176 70 49 33 25 64 35 101 55 178 57 48 43 0 17 49 88 177 255 155 136 154 152 115 40 55 52 113
176 168 73 15 107 164 206 230 173 96 77 111 57 100 255 166 109 43 50 110 71 26 68 139 135 194 173 147 253 255 133 255 253 255 200 171 255 255 210 255 254 243 247 246 165 218 172 50 86 93 75 78 109 48 12 37 64 119 79 43 65 39 57 83 71 140 127 130 125 122 114 165 173 87 71 98 102 118 105 45 104 152 70 37 52 22 29 61 82 227 238 136 71 91 66 66 14 79 63 44
110 123 3 186 160 150 119 90 125 126 53 62 98 35 68 54 102 56 132 86 76 54 156 193 188 165 51 114 231 175 106 169 114 249 223 189 239 227 255 245 253 242 151 239 215 241 237 143 130 108 166 0 65 90 49 13 28 30 51 22 101 106 248 200 74 92 118 22 123 239 160 65 48 0 37 10 106 72 169 3 170 174 49 16 36 17 78 50 60 169 137 102 36 58 40 57 10 49 51 4
19 88 74 230 255 172 60 83 122 50 70 84 46 27 75 57 93 31 119 88 12 162 141 136 155 93 202 145 77 158 108 108 41 80 25 213 232 255 221 253 236 255 82 61 62 255 212 135 154 71 50 65 134 92 85 21 61 25 36 14 54 125 222 100 100 40 46 57 115 67 176 210 181 53 59 140 191 177 66 25 129 166 51 54 0 26 52 20 26 54 58 80 66 135 152 142 71 23 67 74
44 45 105 212 152 53 36 45 54 137 50 31 78 91 0 62 87 72 36 115 34 148 177 17 37 98 103 31 30 111 75 56 42 115 76 171 234 251 243 238 255 250 90 237 199 247 231 255 165 125 50 115 54 16 26 120 60 45 59 69 24 50 0 75 75 40 72 43 179 90 24 98 105 0 89 26 165 130 13 69 105 83 152 26 15 34 98 123 101 64 46 81 134 226 148 75 112 45 63 54
13 59 45 102 32 21 66 74 63 250 128 74 0 94 121 213 111 32 83 20 121 122 141 71 25 57 81 99 66 109 92 86 79 117 46 213 238 199 255 255 255 240 255 207 183 254 255 250 216 33 67 107 45 79 71 69 2 20 98 10 46 167 95 210 176 52 165 163 108 134 178 35 81 68 41 121 233 144 37 56 30 54 119 98 49 70 45 56 92 94 85 157 222 245 90 86 213 210 159 77
115 110 132 40 32 137 126 92 48 255 107 16 68 130 67 139 109 25 78 52 127 91 97 167 101 107 63 92 56 108 115 151 226 226 147 238 255 127 254 205 255 222 250 254 255 234 212 255 86 187 183 78 109 105 214 227 156 23 51 21 72 97 138 118 126 58 248 223 73 188 247 103 58 167 69 151 136 120 94 33 94 136 106 76 67 64 72 14 34 104 125 144 149 93 12 84 174 212 163 122
119 129 34 103 157 182 36 98 94 197 189 96 166 179 109 95 143 103 181 164 47 110 116 98 159 111 12 132 79 58 101 163 246 254 119 232 255 101 111 118 245 255 208 255 188 241 25 179 89 112 89 106 107 74 148 161 180 90 80 223 134 24 194 163 130 192 229 248 185 184 192 150 83 87 128 117 113 140 104 37 94 145 119 16 49 107 149 101 94 131 111 35 83 77 91 69 97 113 117 188
137 120 57 74 112 130 0 125 145 103 116 160 151 182 248 170 175 137 255 143 94 96 44 82 113 51 67 161 100 68 75 70 179 139 9 189 198 99 121 119 234 255 239 211 255 248 237 165 148 128 64 168 169 160 72 93 62 143 161 191 93 62 211 255 107 180 78 250 232 238 130 90 71 88 41 50 191 166 86 121 97 74 135 62 60 95 133 152 122 78 56 32 120 98 69 90 138 181 98 145
29 42 23 51 82 57 29 132 92 53 57 70 90 162 148 56 188 193 98 92 146 56 43 125 61 41 122 39 101 118 118 66 172 118 5 152 69 70 175 157 163 223 247 249 246 213 253 20 218 54 229 255 249 253 220 255 255 149 68 190 235 236 242 255 182 255 230 242 255 241 112 63 48 94 0 9 112 126 105 207 150 124 129 152 31 29 109 98 55 46 43 38 99 63 20 53 118 143 66 44
21 44 93 63 131 25 163 217 146 238 254 196 44 121 56 82 83 127 72 175 146 48 145 167 61 110 23 46 132 223 255 100 115 52 19 78 63 103 155 77 59 216 255 237 156 255 255 238 254 249 255 204 247 255 232 236 217 140 132 57 244 242 255 245 247 233 255 210 255 199 55 156 47 0 78 151 31 47 176 162 146 71 3 66 0 17 87 46 7 44 66 32 137 123 78 45 15 74 52 0
42 94 103 96 118 76 210 246 175 214 255 164 84 62 81 198 52 38 77 179 129 76 126 118 98 50 63 89 62 178 121 75 255 32 81 94 95 20 69 70 67 122 23 75 255 237 255 253 237 250 249 182 255 254 64 215 121 157 111 255 215 251 242 255 255 222 195 216 206 176 140 89 92 70 126 96 118 86 90 2 36 26 33 32 53 58 39 22 58 84 87 97 172 144 78 61 1 67 45 10
117 132 102 24 102 122 170 88 46 115 143 48 82 157 224 252 169 58 4 72 237 198 60 120 118 43 54 72 94 82 129 140 171 156 138 59 130 111 67 49 45 128 138 89 104 211 150 254 149 241 255 230 255 247 250 234 117 212 88 155 146 140 183 193 235 255 225 138 101 119 58 75 147 198 234 50 107 90 42 0 59 67 80 9 65 79 63 101 100 97 73 173 164 132 99 201 138 146 42 35
157 109 44 83 49 86 50 76 132 110 37 59 83 202 232 239 255 139 71 115 255 217 49 46 81 96 49 70 55 69 93 229 153 186 45 81 58 90 66 82 185 138 108 13 60 45 121 145 244 243 224 244 254 218 255 255 232 253 254 65 168 191 255 255 246 205 118 68 71 76 53 55 172 205 202 84 174 160 26 56 81 66 46 48 82 92 77 68 97 99 68 63 53 62 115 181 135 119 17 48
92 44 20 18 40 162 114 1 46 97 143 106 73 134 154 61 155 93 135 181 123 154 155 48 152 190 30 116 53 98 0 105 166 218 72 154 92 87 78 212 238 179 144 7 98 49 201 89 245 255 234 240 217 255 200 255 241 75 255 168 244 175 255 244 127 135 118 58 93 132 48 95 131 106 118 158 227 177 21 94 80 65 41 77 71 69 64 37 61 72 57 21 37 77 139 116 66 54 40 91
60 33 79 130 77 163 124 25 71 117 150 99 45 183 169 10 125 97 133 158 31 139 245 154 156 172 14 101 83 55 79 136 194 184 126 114 47 54 33 80 112 46 162 58 22 135 187 133 0 136 220 152 45 245 255 244 240 255 239 227 236 149 255 244 86 97 81 113 72 112 90 87 112 84 106 174 207 147 42 128 68 44 27 37 72 90 76 57 65 45 22 149 86 72 25 33 36 0 28 67
50 64 117 148 115 148 146 51 34 104 168 84 59 127 122 127 252 222 70 68 97 144 164 178 149 100 54 23 138 17 255 253 133 118 54 80 102 100 85 104 69 67 177 225 176 123 215 166 88 138 169 169 172 237 255 255 169 255 208 237 229 151 227 255 100 55 50 72 40 80 145 72 62 45 52 198 198 154 76 107 66 29 32 24 51 69 28 38 54 53 49 76 26 46 41 34 108 28 51 109
51 62 102 147 56 8 39 102 96 63 30 70 35 98 79 136 233 224 55 72 105 93 87 84 98 75 82 115 175 63 174 214 122 59 75 32 106 84 52 89 64 42 81 93 142 20 62 67 167 106 49 68 135 64 139 230 194 254 255 247 217 121 63 126 68 19 71 26 49 129 73 85 67 0 38 177 229 185 116 34 68 42 28 34 49 40 13 10 45 58 61 5 39 68 131 83 153 104 101 85
1 84 64 88 159 105 118 76 4 60 75 68 135 227 207 127 31 138 137 109 18 26 128 51 49 103 35 69 199 156 56 180 204 42 80 95 255 142 35 76 52 33 39 38 57 103 63 217 131 155 135 156 58 95 248 176 248 243 232 254 255 149 72 174 163 39 39 62 99 134 68 28 72 54 49 126 211 192 117 21 50 33 22 63 91 76 67 53 72 92 56 84 100 93 75 23 142 63 47 69
137 114 0 73 87 124 146 178 104 66 142 124 170 234 248 65 2 200 231 189 72 106 63 73 117 88 32 63 111 255 152 43 32 125 50 183 255 129 50 28 32 129 151 79 1 14 0 13 43 11 60 20 59 46 24 73 148 243 255 242 245 0 122 162 51 148 59 1 66 44 0 20 114 115 26 35 13 20 7 52 80 40 27 57 77 67 57 51 88 88 0 135 142 146 95 100 62 39 36 21
252 113 95 111 66 102 157 201 194 99 27 73 162 218 164 132 162 39 92 122 31 77 92 50 79 67 60 138 105 123 9 2 102 173 62 116 197 94 47 66 23 74 196 195 154 122 90 96 119 50 47 45 89 72 37 0 96 193 248 143 101 102 117 89 78 91 112 83 97 150 108 33 0 11 51 166 93 59 28 86 90 30 29 23 13 13 0 19 76 83 17 94 130 108 92 89 80 51 40 20
189 95 0 91 81 119 108 124 208 202 94 50 30 91 142 214 175 52 151 127 62 88 56 65 94 63 33 82 67 99 88 109 183 171 69 0 62 38 24 40 0 85 226 139 168 255 117 7 56 101 106 64 0 44 41 94 122 104 18 94 71 106 120 94 111 178 201 103 11 0 27 89 93 61 64 94 110 99 29 37 70 25 61 61 46 54 37 60 107 116 64 71 97 86 126 152 125 48 42 78
85 120 39 23 97 132 127 27 144 255 199 148 156 57 45 9 41 221 120 151 23 6 54 98 129 63 75 120 61 57 100 121 117 161 56 171 42 0 58 99 142 210 177 136 200 239 228 47 45 159 136 115 152 175 174 42 59 104 89 60 76 41 147 104 77 245 152 50 89 104 109 84 49 52 77 41 138 153 50 34 47 5 25 46 49 58 40 23 65 88 60 77 76 92 116 152 99 60 85 102
174 84 133 72 51 119 109 99 139 201 101 23 4 28 255 253 122 139 174 94 28 8 0 86 127 65 91 91 16 46 119 119 95 42 51 84 8 49 80 17 110 158 48 226 181 231 244 140 98 136 98 99 43 127 126 35 28 84 13 68 94 61 155 138 121 203 69 0 88 194 250 173 102 91 169 108 94 84 30 68 104 36 0 25 52 72 66 14 25 38 15 0 35 117 187 217 117 27 50 119
140 66 104 82 33 78 129 98 107 110 92 220 255 235 177 255 218 50 130 91 104 108 63 78 84 40 115 99 38 23 127 136 118 6 13 36 55 200 153 63 129 185 104 161 104 134 202 148 62 84 40 13 41 159 192 121 107 122 84 130 56 138 100 47 145 110 110 239 132 137 234 241 124 69 79 132 118 92 24 50 83 47 38 47 60 95 88 38 43 40 40 86 45 5 72 75 46 78 176 192
116 158 133 76 57 36 80 56 18 60 150 255 215 150 164 254 204 0 194 159 195 217 130 127 105 51 88 224 187 56 47 65 119 82 70 55 101 114 62 151 241 90 29 83 97 77 163 173 82 89 116 85 41 0 61 119 167 152 110 87 50 109 1 43 115 117 152 127 78 68 132 141 90 108 184 136 138 145 62 44 35 0 29 50 34 45 50 15 5 44 24 7 0 57 188 199 137 20 102 81
197 207 192 59 61 54 39 62 27 25 104 164 171 61 92 107 100 150 72 146 236 237 193 154 172 89 101 233 255 198 123 49 107 51 4 96 255 203 47 173 158 11 72 126 89 21 119 213 155 116 66 29 87 152 166 145 118 126 224 47 124 92 145 206 239 192 109 63 60 111 120 112 51 52 80 69 35 64 58 122 133 106 133 66 49 58 43 15 43 37 16 51 52 65 178 242 102 64 118 64
242 213 95 57 22 75 77 33 89 174 119 134 89 56 28 8 86 174 110 207 236 137 17 250 255 52 69 111 131 135 101 48 53 56 39 106 173 143 11 109 95 38 53 124 75 81 95 103 136 152 92 77 44 122 104 137 80 38 88 117 150 119 169 192 255 242 156 23 41 45 146 101 59 126 91 49 139 51 70 141 145 150 134 13 57 66 13 18 60 98 56 9 0 26 64 27 113 133 62 18
135 90 60 216 128 86 50 71 161 255 197 72 68 49 101 43 91 104 68 110 189 143 172 141 143 41 112 126 76 45 20 5 53 104 79 16 33 109 75 102 111 152 59 87 10 65 79 49 73 109 72 119 64 112 72 124 89 51 161 116 133 0 126 127 130 187 197 114 123 48 140 176 84 65 9 72 97 86 113 139 85 81 86 23 97 85 20 45 57 56 36 48 43 22 31 21 48 79 86 167
0 36 113 80 122 149 175 132 146 152 116 67 78 104 116 85 135 58 19 38 87 60 242 40 33 102 101 91 26 28 35 43 80 149 129 30 53 78 47 75 106 137 33 63 34 52 70 30 20 82 92 124 89 85 62 58 129 136 242 77 99 1 46 49 35 100 151 131 122 48 0 34 50 181 255 106 53 78 105 57 27 5 47 33 68 73 39 23 47 60 56 49 29 29 53 44 82 98 110 106
76 78 70 9 126 70 147 5 123 70 135 67 125 124 64 98 79 111 92 60 67 51 174 39 61 105 69 117 92 55 35 56 117 162 137 167 218 182 53 96 39 34 44 77 61 26 40 38 35 86 137 182 143 40 50 43 72 70 171 87 159 117 54 98 91 101 168 69 37 35 82 81 148 215 227 105 6 100 74 0 33 3 23 27 44 69 57 21 42 55 51 18 0 54 129 133 75 73 16 12
118 52 65 125 118 66 94 97 210 183 180 18 42 158 17 134 63 206 255 72 58 83 65 44 89 42 55 114 121 67 24 20 118 169 122 239 250 246 72 132 64 13 91 89 47 19 30 67 80 118 136 156 105 12 66 59 100 71 92 29 100 133 30 28 56 21 149 252 89 28 89 58 173 242 136 9 22 96 87 51 102 48 14 43 76 62 29 28 16 32 49 30 10 72 142 132 60 43 0 163
107 67 169 81 83 84 55 131 126 104 58 86 21 138 39 187 139 255 186 69 42 104 28 69 110 54 96 46 58 96 67 83 148 152 95 131 101 172 110 84 58 116 47 64 59 26 37 142 158 116 93 155 126 31 106 159 158 115 94 127 63 98 36 51 26 49 233 155 41 112 124 94 183 191 62 34 47 67 29 50 130 108 34 45 46 36 40 37 21 44 39 41 27 28 78 95 54 70 63 167
121 75 196 241 250 134 88 101 123 97 144 136 67 98 87 203 194 188 58 121 84 75 116 84 115 86 102 72 30 37 138 142 151 121 57 68 56 93 77 107 116 99 22 41 62 62 77 157 195 125 74 197 195 90 126 182 147 145 42 128 71 10 32 56 5 69 111 90 69 90 68 0 94 160 227 111 102 36 17 24 78 133 112 42 13 21 56 60 54 50 43 42 13 39 58 29 51 74 76 174
34 61 242 252 242 16 86 29 244 56 55 66 57 134 160 95 107 127 16 215 157 73 220 108 78 71 41 117 26 12 59 97 87 95 109 133 148 123 52 206 116 74 26 48 78 44 36 143 190 115 66 119 113 53 89 197 136 174 130 105 163 49 88 152 23 182 14 18 151 166 84 122 105 13 62 159 182 89 59 134 103 133 122 35 27 49 78 96 75 22 28 48 13 41 67 70 36 40 18 74
36 41 110 200 255 216 250 82 101 145 100 75 83 128 89 111 88 77 84 170 112 81 113 81 84 109 86 157 107 104 22 88 76 84 93 100 213 228 19 149 67 54 41 51 112 72 0 57 110 46 57 31 106 94 73 123 94 134 83 61 101 85 92 173 108 0 93 64 208 255 121 62 121 102 174 228 158 0 32 65 62 58 55 27 79 141 96 64 41 27 99 126 96 61 37 37 38 40 22 59
42 47 111 166 211 201 246 144 101 91 111 159 0 15 108 211 199 124 97 112 76 62 78 93 123 173 183 109 116 105 38 55 22 120 183 119 180 199 84 136 42 22 34 38 118 162 64 0 0 29 129 67 132 46 84 139 106 124 8 54 72 63 194 219 230 86 76 83 110 176 95 75 117 49 69 120 125 46 122 105 67 40 69 118 106 105 36 68 77 85 116 66 80 67 53 45 51 44 20 30
78 62 130 59 113 80 149 141 86 65 101 136 7 6 95 161 150 57 117 70 26 62 46 86 134 171 161 103 101 63 49 22 20 70 136 107 123 91 132 73 39 2 58 75 68 143 126 54 50 33 48 52 167 56 135 156 106 192 77 75 91 61 207 248 206 90 84 64 29 41 73 92 47 0 66 123 111 39 88 124 125 89 117 180 114 86 0 8 57 53 49 22 81 71 49 37 91 76 45 24
129 99 54 10 42 91 46 96 86 153 144 73 113 164 128 36 75 76 111 80 51 50 65 32 69 87 49 81 109 47 43 64 157 98 76 65 41 18 99 40 52 84 153 133 27 60 85 81 65 28 4 61 169 122 145 144 139 255 146 192 37 135 75 166 92 73 19 108 64 66 118 84 30 38 141 111 153 79 110 44 15 86 160 141 31 63 33 0 52 31 7 35 54 31 15 20 53 61 65 49
82 46 0 16 88 121 19 105 110 162 209 188 221 199 135 58 145 106 83 41 93 105 71 45 68 83 49 28 132 41 54 139 255 190 107 62 9 69 74 59 83 222 248 150 33 51 23 9 34 55 82 92 91 113 67 99 187 174 109 255 0 161 34 59 44 24 63 60 89 90 105 115 49 73 120 239 180 21 37 77 86 21 12 23 0 63 71 17 44 53 25 56 4 5 16 24 18 30 36 8
62 38 67 31 20 94 51 96 38 60 144 246 161 128 115 97 126 53 69 13 68 133 157 147 137 121 78 19 147 102 69 113 240 207 136 52 0 83 32 64 69 219 247 165 78 53 69 56 70 76 125 127 61 125 84 27 126 84 67 210 14 102 107 25 100 29 123 51 117 90 132 153 120 122 73 249 255 117 77 10 1 11 40 27 17 96 62 18 35 32 24 75 23 25 64 101 57 16 9 17
80 119 149 36 0 81 48 48 24 29 90 188 81 137 106 90 29 18 60 91 63 110 176 151 126 116 78 60 113 123 53 77 120 130 85 24 0 99 57 55 0 161 196 143 53 68 80 166 174 104 113 111 60 125 124 30 50 68 75 96 56 61 170 86 95 50 114 106 166 127 166 193 173 152 108 255 241 23 53 52 77 53 53 67 71 86 36 52 73 0 29 75 38 68 108 96 58 40 49 65
129 144 157 55 56 111 85 68 163 152 134 117 119 179 133 156 37 48 120 178 93 34 50 45 58 26 32 52 48 68 28 110 81 86 57 57 54 120 104 121 47 102 179 63 59 30 95 149 174 131 145 95 35 61 119 88 54 125 76 53 83 18 147 144 47 32 48 62 101 63 92 113 77 113 106 103 121 60 118 52 29 39 51 52 75 69 41 92 109 27 64 20 48 80 52 75 70 47 34 38
47 56 110 101 149 137 78 23 103 93 74 91 171 116 0 32 62 42 103 123 142 84 39 59 58 37 103 96 92 55 16 104 88 47 2 62 110 123 63 27 8 42 59 88 0 72 72 76 112 94 119 94 165 175 136 83 88 82 48 58 34 24 184 154 25 14 74 101 94 7 48 145 99 20 50 27 63 46 60 75 38 5 45 74 118 26 0 47 107 130 14 0 79 55 68 26 45 38 19 9
74 87 116 78 109 113 120 64 99 57 19 119 145 82 2 53 72 48 65 97 182 172 87 41 0 28 91 40 82 65 5 54 79 113 101 82 42 19 31 51 74 105 140 112 51 76 149 124 75 73 110 44 102 143 151 176 147 119 72 4 83 67 128 58 43 25 105 26 36 53 117 174 157 91 122 62 40 52 53 86 45 36 98 65 99 36 85 121 62 80 69 71 18 18 51 29 0 32 52 49
49 70 99 71 71 66 101 26 85 109 77 81 109 71 32 34 53 59 60 177 187 154 97 34 63 111 122 82 110 111 35 102 140 132 85 32 16 20 58 81 101 150 160 89 89 35 108 125 80 103 182 130 75 79 99 124 116 45 44 45 180 169 117 0 106 0 149 135 138 74 72 124 122 90 93 82 34 20 53 75 22 68 112 23 71 111 203 191 58 32 32 126 59 65 80 8 18 30 48 60
26 33 62 80 78 86 152 74 142 182 152 24 79 79 56 7 39 71 54 125 79 30 14 9 56 100 98 112 131 127 53 123 123 128 116 66 80 94 105 95 29 44 76 60 124 33 42 79 55 117 177 176 60 10 37 67 58 36 12 91 255 235 81 17 139 34 233 189 119 65 95 139 114 83 74 86 67 57 80 50 77 70 50 53 135 138 106 66 38 20 75 122 88 140 84 89 95 38 21 50
26 40 59 75 73 139 255 198 196 146 122 44 34 89 58 0 36 117 118 74 91 92 58 63 114 126 85 67 94 107 48 64 28 156 226 109 58 83 125 126 87 11 49 60 122 31 23 73 56 120 87 129 69 31 81 144 88 69 67 127 255 253 151 58 169 47 211 158 95 124 197 206 122 47 62 79 88 80 63 30 68 88 35 62 121 110 24 7 33 62 79 90 58 107 87 74 145 56 35 81
45 62 57 80 131 179 255 215 182 68 51 65 14 34 30 18 69 106 44 31 39 55 80 114 143 78 26 58 42 57 40 89 40 120 231 131 59 42 94 153 171 147 114 48 96 45 28 76 129 165 182 232 130 85 109 118 75 74 107 160 237 255 196 154 139 38 118 103 69 124 179 115 26 24 57 43 50 86 30 2 51 73 36 12 32 92 72 69 64 28 97 176 30 31 77 65 67 66 121 114
53 61 16 71 162 126 154 128 107 9 37 42 27 22 32 62 88 124 70 28 132 142 114 186 181 95 49 38 27 38 42 107 69 86 77 86 66 27 60 135 177 168 171 46 2 83 78 47 106 198 251 254 143 91 74 39 29 54 119 131 228 255 195 167 81 54 59 2 3 58 72 20 28 83 94 62 2 78 99 44 37 63 39 86 55 79 36 46 65 60 206 176 107 30 41 41 13 85 113 93
61 40 17 52 148 90 79 96 87 0 44 11 31 62 86 87 120 116 118 66 198 218 131 109 44 26 60 47 40 28 16 47 12 58 35 36 74 68 42 44 56 75 99 63 7 114 113 58 11 55 102 116 67 42 52 71 68 89 119 46 126 177 135 118 40 118 100 107 67 75 55 41 95 91 3 53 13 151 205 124 59 73 30 68 88 134 127 103 97 88 197 84 84 29 72 29 46 120 97 80
129 0 34 0 28 64 70 76 50 51 114 48 42 32 50 114 23 83 163 103 144 149 71 0 86 129 163 121 75 42 30 22 15 36 83 29 70 61 37 58 155 134 20 56 82 147 163 133 118 48 23 45 66 43 11 12 13 53 95 56 70 89 95 114 184 41 56 0 89 92 9 6 35 17 18 22 59 52 164 90 95 155 113 19 93 116 154 78 89 29 41 30 83 105 152 41 99 112 67 86
80 52 99 75 173 172 52 44 83 81 69 98 152 79 0 46 89 163 149 65 53 73 72 75 82 135 131 117 76 63 85 79 59 57 111 51 57 76 136 208 247 197 24 37 122 189 181 111 72 51 42 36 56 75 67 55 63 51 28 74 80 89 90 59 110 76 17 55 116 114 39 38 43 31 11 49 109 97 100 36 126 248 239 81 149 101 140 86 93 3 0 98 208 231 151 29 57 70 34 70
109 74 86 98 118 122 96 30 43 59 73 173 131 51 33 34 81 108 64 72 45 45 48 40 46 77 75 97 83 71 82 77 54 71 87 109 98 108 165 204 233 163 75 33 46 112 89 21 0 47 64 34 0 31 68 70 102 149 83 63 3 35 79 39 77 138 64 25 105 97 26 25 53 39 45 61 129 39 30 29 209 255 202 98 161 106 109 111 82 30 60 78 223 254 83 26 14 63 28 23
148 156 77 41 43 56 62 41 33 63 63 179 81 13 91 37 74 69 25 74 55 40 43 48 38 47 73 46 47 56 61 67 50 41 51 132 175 136 96 88 77 64 110 145 106 115 71 23 57 83 66 68 33 64 68 12 61 137 74 31 14 58 92 69 0 147 22 43 56 48 25 9 31 59 57 163 187 130 94 128 255 234 154 105 146 109 72 75 20 18 86 11 114 153 43 78 49 66 44 14
107 175 90 29 80 115 45 43 115 136 25 154 159 48 88 40 171 159 38 48 116 84 11 34 67 78 135 19 7 31 26 30 31 43 73 57 202 255 167 85 55 76 96 181 150 132 96 52 46 81 45 49 16 85 109 31 64 95 46 35 61 42 66 142 59 113 92 78 79 35 32 24 65 92 67 105 138 86 76 40 93 105 130 116 129 92 53 32 21 22 116 73 84 61 32 124 96 41 56 53
48 57 82 51 33 69 99 50 94 119 38 77 90 54 148 122 165 148 85 131 188 151 46 53 76 41 81 19 16 30 0 39 42 83 86 86 241 255 161 139 105 101 86 87 105 133 76 31 20 47 19 52 32 77 78 36 77 170 144 50 65 29 43 144 114 138 197 95 42 30 70 71 122 165 150 64 92 115 164 142 180 141 224 158 80 38 31 76 72 124 121 135 87 36 36 118 86 92 49 64
0 61 119 51 6 58 124 91 23 82 49 47 19 21 144 230 88 71 79 139 218 153 112 149 106 36 0 37 64 32 58 5 24 63 106 66 199 171 124 118 87 44 62 101 86 105 83 50 51 63 76 166 143 78 29 11 67 138 162 158 88 78 132 88 86 57 83 73 22 30 79 85 142 163 137 42 44 41 115 137 182 123 242 158 17 37 50 75 83 151 76 142 117 70 77 48 94 105 68 89
18 136 211 121 78 121 131 25 22 62 44 62 70 81 68 123 67 76 91 101 85 52 118 241 197 65 68 87 76 64 50 1 14 28 55 6 95 98 117 163 89 18 90 178 111 78 52 11 61 63 43 77 74 18 11 26 73 122 133 169 43 56 151 6 75 37 21 70 2 28 80 68 92 87 46 78 103 96 38 1 68 56 220 150 12 75 29 38 4 72 0 100 111 133 137 38 90 106 77 105
113 192 204 76 73 159 167 27 30 93 67 57 34 48 29 141 77 81 36 94 53 106 66 83 101 67 135 45 127 179 51 168 159 128 63 30 29 93 109 190 202 78 106 163 62 27 42 40 28 74 70 74 102 60 54 45 46 108 87 119 60 98 218 103 22 56 25 64 5 53 115 75 85 113 25 92 11 69 41 115 168 240 149 96 17 60 133 147 98 119 59 126 92 161 106 11 124 143 118 150
