53 38 25 16 17 14 66 53 57 154 186 66 80 100 73 32 42 72 63 54 70 22 17 9 30 55 57 66 66 76 7 64 80 6 31 62 43 27 0 21 30 28 143 251 210 129 85 47 31 27 30 25 23 23 34 72 56 26 40 40 0 13 9 48 48 11 45 53 16 34 23 77 129 118 62 36 71 68 25 10 29 50 39 21 35 48 43 40 22 3 17 31 31 20 13 40 32 0 44 68
65 44 31 20 8 12 56 67 50 117 133 60 111 73 77 71 80 95 96 101 104 56 27 16 60 89 89 74 49 53 35 103 108 50 103 160 121 87 22 55 101 94 176 255 244 176 106 37 38 31 27 29 19 22 67 114 104 63 38 41 26 25 37 63 62 19 37 51 36 42 30 52 113 102 73 67 80 57 24 25 20 31 31 26 25 28 42 63 30 14 18 17 20 29 34 56 41 1 25 28
37 16 15 21 18 43 63 86 19 53 69 50 116 26 57 82 133 123 110 106 114 126 89 62 27 49 48 33 18 34 70 126 77 46 98 142 92 76 25 67 95 53 47 69 76 79 71 44 32 36 35 48 31 48 141 193 151 93 46 58 66 24 35 63 46 13 29 52 51 34 45 51 66 66 65 63 56 42 32 33 48 50 52 39 22 27 47 57 47 47 56 45 43 52 44 46 25 16 63 69
43 28 30 36 33 67 45 53 5 24 68 71 94 14 47 73 95 108 115 98 98 152 101 46 26 31 27 23 17 21 50 58 22 25 49 47 18 22 41 67 71 51 38 35 31 27 26 24 39 34 10 25 22 52 141 145 64 53 51 37 63 46 41 53 23 21 63 104 88 26 55 70 52 57 56 32 12 25 31 9 26 34 41 27 21 53 70 45 38 46 61 46 34 31 12 9 26 50 115 118
90 87 76 49 26 49 16 16 25 19 74 70 48 41 49 35 16 46 70 58 53 112 82 49 39 57 82 94 73 45 40 19 26 48 60 43 56 38 115 118 52 37 24 20 13 8 28 60 55 35 0 9 40 91 139 83 18 67 121 47 60 93 56 37 30 44 101 153 118 24 52 72 48 41 39 25 14 39 54 31 7 15 29 27 27 56 67 42 18 17 28 18 13 22 24 41 71 79 107 76
66 80 67 32 15 35 42 64 7 38 118 76 0 0 41 61 60 48 38 38 45 59 36 27 15 55 113 143 109 75 51 50 2 9 29 24 75 35 121 124 77 59 52 56 39 8 0 8 15 16 0 0 27 78 113 69 96 111 175 113 96 107 38 36 44 39 66 107 76 14 41 62 47 26 32 48 44 48 63 65 16 10 21 33 27 23 32 42 93 79 68 36 16 14 6 14 107 94 93 53
17 32 24 16 31 36 74 107 80 50 47 30 31 46 56 31 16 15 16 50 90 68 56 57 37 43 71 97 70 63 23 47 18 6 40 27 86 60 98 102 59 35 35 51 49 36 28 22 30 43 38 24 28 61 93 99 106 69 111 122 112 104 35 43 39 21 21 46 27 22 39 46 53 45 57 66 44 23 34 55 33 17 7 15 21 10 18 46 62 57 54 30 33 55 46 36 37 36 52 34
29 30 15 26 59 29 57 74 83 49 9 5 54 22 38 24 11 43 42 40 53 8 33 60 84 32 4 20 21 53 1 33 33 22 70 34 77 77 48 36 20 1 9 28 29 30 27 10 31 27 21 10 30 64 88 119 63 34 51 89 99 123 63 25 29 26 30 50 35 56 45 26 19 44 66 59 29 16 38 67 106 83 40 21 33 31 24 35 46 45 38 12 32 79 72 48 26 45 82 72
48 48 15 50 31 55 33 13 13 35 44 11 13 14 33 27 12 49 42 18 44 52 73 140 165 98 28 21 58 8 1 17 20 32 29 42 50 53 14 20 41 30 12 10 19 14 3 4 10 17 13 9 18 35 64 97 24 29 0 69 85 79 28 15 28 53 57 64 58 49 44 26 20 24 42 34 36 22 46 64 77 79 48 23 27 18 7 21 27 30 22 40 66 61 67 66 56 68 81 88
31 28 22 26 44 30 35 19 18 3 60 45 0 66 68 25 0 0 6 54 107 85 82 162 188 87 9 12 39 0 7 24 36 39 4 10 31 51 28 20 53 46 27 16 23 22 15 16 22 16 11 14 13 3 20 58 10 41 38 83 77 64 31 12 45 68 74 70 58 23 42 67 42 37 49 41 42 26 52 75 47 53 65 67 48 30 22 18 29 30 39 55 59 104 29 25 42 42 42 44
49 66 65 30 28 0 33 67 34 0 35 40 23 79 109 66 56 42 39 67 89 52 25 94 129 87 41 8 12 36 63 19 48 46 0 23 36 27 13 9 32 34 18 3 10 16 13 13 22 16 7 12 20 12 12 28 26 57 71 78 69 76 86 68 72 106 80 22 57 79 111 99 68 44 45 46 57 34 43 54 17 27 72 93 62 42 34 9 25 21 22 29 32 91 37 49 88 66 37 18
94 90 40 23 27 12 21 50 39 29 27 65 141 65 102 80 67 80 70 54 70 89 48 66 122 103 106 98 57 52 71 24 59 58 17 65 59 10 17 49 58 60 38 11 9 13 7 1 16 20 6 1 27 46 33 12 32 37 55 45 53 74 107 89 77 95 76 32 69 50 96 132 100 45 16 10 28 9 14 19 6 16 42 53 43 38 23 0 9 26 16 9 15 16 40 51 95 75 48 31
55 53 14 18 45 37 31 41 37 46 58 144 255 137 94 60 34 64 73 59 72 113 60 59 78 97 95 53 3 45 77 12 51 58 17 58 51 22 61 116 139 126 81 35 21 20 11 3 15 21 10 2 23 39 26 8 32 22 51 43 55 57 73 52 60 71 60 32 65 17 40 71 63 31 31 43 62 34 30 32 48 50 25 12 39 53 28 4 18 65 71 48 33 22 30 21 20 23 30 39
18 26 29 31 84 77 103 103 41 74 147 179 151 69 9 27 77 33 16 47 86 120 35 31 26 0 1 56 52 45 53 48 62 92 61 68 70 91 128 162 153 121 61 14 9 15 14 14 13 13 12 17 19 7 7 26 35 27 56 49 58 48 45 36 54 67 46 16 50 36 46 41 31 35 68 79 76 32 30 40 86 71 21 6 48 62 37 28 30 71 81 45 22 93 46 43 57 62 70 76
56 32 12 42 122 154 151 102 38 13 52 68 53 67 29 27 23 34 71 81 41 57 43 137 199 156 65 36 20 29 22 13 32 80 68 50 47 85 101 119 130 89 28 0 4 15 14 15 10 9 10 20 19 1 3 31 17 13 29 22 43 48 30 29 51 59 57 58 44 6 39 85 91 90 99 76 55 27 56 86 72 37 13 27 48 41 27 28 38 51 48 29 27 103 54 53 73 68 61 53
53 43 7 71 107 163 118 54 48 52 75 70 63 42 65 73 35 58 87 68 18 54 30 97 161 144 59 41 43 46 16 8 37 81 82 55 38 71 82 118 154 108 48 23 33 33 18 11 12 14 8 7 14 11 4 8 4 4 12 11 51 72 31 18 39 74 74 57 31 20 26 15 4 11 35 30 35 28 63 90 65 16 29 76 68 39 36 42 74 79 72 88 106 79 50 19 31 31 33 37
65 18 19 82 67 58 45 41 58 131 166 153 121 52 57 54 45 78 74 34 61 34 11 40 71 31 40 69 118 59 46 19 58 54 84 50 30 25 30 86 134 119 43 0 15 31 19 25 14 13 8 6 14 23 23 15 15 6 5 20 36 42 39 36 86 112 111 66 9 26 41 75 79 94 72 24 4 26 65 98 67 50 30 55 89 65 21 27 41 63 51 69 88 42 14 2 8 9 21 37
59 14 40 63 2 24 46 27 61 121 175 165 100 23 66 50 48 56 64 51 70 31 40 62 52 48 70 67 88 91 49 45 55 68 82 64 6 48 31 53 95 92 44 2 9 18 10 12 20 19 16 13 18 25 25 20 8 0 10 41 35 2 0 20 83 132 136 72 12 47 69 93 123 111 85 63 52 42 46 65 88 36 2 60 144 111 43 5 28 34 22 25 48 27 40 41 62 61 54 43
58 48 78 55 0 42 62 49 13 51 114 122 62 5 107 89 16 45 75 69 82 49 100 101 50 65 89 62 47 89 23 70 54 39 56 72 22 85 73 63 69 65 47 26 22 28 30 29 20 22 20 16 16 20 21 19 17 8 6 15 24 32 42 53 38 74 82 48 17 49 41 37 61 62 63 73 81 64 44 42 56 25 26 101 177 108 63 33 12 37 59 55 36 20 58 75 92 88 67 39
23 61 75 27 26 59 40 51 45 51 72 77 52 13 122 102 38 102 109 66 88 66 99 48 35 48 42 15 48 132 63 82 90 24 51 76 31 51 83 89 59 22 5 6 0 1 10 9 22 24 24 20 17 16 18 20 10 13 13 13 26 42 43 34 31 30 27 19 0 11 21 61 103 111 95 68 64 70 72 75 84 45 33 73 123 45 48 47 6 16 32 56 30 58 86 94 81 69 51 36
15 57 73 32 36 42 23 38 70 60 31 30 52 21 75 46 63 119 66 2 64 77 96 45 50 102 93 50 89 150 126 114 86 16 36 77 23 47 119 173 132 55 16 24 19 13 19 19 26 28 29 27 22 19 21 25 21 14 18 28 23 12 25 51 34 20 29 60 58 58 34 51 57 70 65 56 69 92 111 126 91 67 64 63 80 41 119 178 104 61 18 56 33 102 93 82 67 44 31 38
59 72 105 83 36 19 50 48 70 71 34 38 87 77 74 49 56 110 66 26 64 41 15 0 58 84 72 62 82 54 57 58 116 59 16 67 2 56 78 115 143 62 16 21 21 16 19 19 24 24 25 26 22 18 19 24 44 36 25 17 18 28 44 56 28 23 18 18 13 41 31 40 29 26 29 50 66 53 40 47 0 21 66 46 28 8 77 143 52 40 35 84 40 98 92 112 55 31 23 39
72 83 105 95 40 3 67 64 52 63 43 40 60 79 60 56 86 86 31 4 15 27 33 69 76 30 0 38 99 75 58 35 86 56 3 72 42 83 41 40 83 45 19 16 17 21 26 23 19 17 18 22 21 16 17 21 29 40 35 23 33 52 38 5 41 87 106 72 26 49 58 80 75 52 31 36 46 37 32 45 25 37 74 36 14 24 23 34 39 37 57 70 10 14 10 49 39 35 42 57
54 92 83 75 60 10 67 80 48 62 59 44 29 77 77 98 110 73 27 31 39 71 46 47 49 41 20 31 79 119 116 77 94 93 83 141 127 93 28 14 23 29 25 13 10 20 24 17 21 17 18 23 25 20 20 24 15 17 23 34 44 52 60 67 121 115 83 45 31 78 78 80 72 68 46 26 29 36 41 48 39 56 93 35 15 92 129 172 167 90 55 32 24 26 18 33 31 52 77 91
35 123 69 30 45 7 50 55 36 67 76 69 62 75 62 125 141 83 47 70 58 79 60 29 39 32 56 35 35 62 58 60 78 54 60 115 114 53 35 45 69 8 0 17 9 33 24 19 27 16 27 22 26 26 22 33 23 24 30 27 30 87 94 122 137 109 46 20 22 72 73 62 68 51 46 23 11 96 55 52 36 72 101 67 107 120 243 252 246 118 90 48 65 45 57 46 51 38 55 76
70 122 92 14 27 30 27 18 47 70 46 38 73 80 60 110 141 83 64 77 51 39 37 46 36 3 26 36 28 15 18 76 62 17 39 59 56 46 41 85 65 21 12 24 3 24 20 22 25 23 31 19 23 38 28 25 41 45 46 43 52 84 76 69 102 86 48 25 21 45 50 46 36 31 40 33 16 66 18 36 25 48 96 106 163 119 144 137 178 110 152 76 23 12 4 28 20 6 33 75
124 140 112 44 46 42 33 16 29 49 8 2 65 57 46 75 88 57 65 46 53 39 50 41 53 74 102 66 25 29 50 119 103 35 51 26 49 109 59 41 41 25 33 38 9 27 26 34 29 20 29 29 12 10 21 63 56 65 81 91 77 41 53 67 58 24 15 32 53 38 29 28 28 25 36 47 45 69 19 55 55 54 60 46 126 93 45 23 54 73 136 95 38 39 19 34 44 26 55 100
152 138 86 80 74 20 53 48 30 40 13 8 45 20 33 34 48 90 67 53 20 63 45 22 25 89 142 107 42 31 34 97 85 47 73 31 29 82 38 10 4 10 29 32 2 17 10 17 10 18 23 18 16 43 27 20 43 56 70 77 63 13 61 93 42 1 22 69 97 41 27 40 22 12 8 24 50 76 37 76 83 56 29 0 89 89 42 74 102 128 60 55 62 81 64 54 39 26 61 110
164 111 58 74 78 26 68 88 44 23 19 23 21 5 42 13 27 94 128 78 74 10 61 62 55 53 83 102 68 52 33 93 59 73 108 90 60 58 38 21 11 19 29 28 4 18 4 9 7 1 0 5 9 45 33 40 28 36 38 51 75 60 93 86 34 32 67 80 71 13 15 38 20 15 5 7 39 70 51 87 91 48 44 68 143 107 37 108 191 180 23 15 66 87 16 14 22 1 31 85
56 30 80 112 132 82 19 7 44 0 17 43 31 52 97 58 42 79 0 156 120 91 12 25 56 44 42 51 70 145 96 49 89 159 147 74 22 28 51 27 27 25 22 21 10 30 14 24 44 37 22 44 74 144 122 106 45 41 64 111 126 73 37 13 44 78 92 52 24 16 26 22 30 35 32 20 31 51 50 81 87 61 76 134 202 167 42 36 145 125 42 35 90 129 20 73 127 71 53 77
18 6 51 56 76 47 3 13 47 10 41 74 57 92 111 89 62 133 34 221 165 83 33 64 44 68 93 103 124 232 149 19 42 194 229 150 79 53 45 11 16 8 0 5 7 25 6 18 8 33 15 30 97 212 126 4 3 34 99 154 150 114 61 50 72 115 108 56 24 54 62 44 39 31 32 22 19 24 32 51 56 65 85 128 174 191 88 27 42 31 26 26 39 97 42 130 208 136 87 79
10 32 45 59 64 10 26 52 45 28 60 77 38 54 36 32 33 110 6 120 127 44 64 56 67 34 70 133 117 158 99 50 43 124 138 111 97 67 46 51 23 15 7 18 21 30 0 10 34 14 2 54 65 91 33 20 119 188 219 168 119 143 83 33 68 117 115 75 24 47 60 66 59 29 23 23 24 23 31 40 25 51 78 102 85 104 69 54 49 61 79 94 46 63 49 97 146 97 68 63
50 74 84 62 37 58 30 41 37 17 38 49 27 55 28 19 60 110 27 92 73 17 49 87 78 34 60 72 60 0 56 50 52 56 36 32 54 110 81 60 44 17 27 28 25 19 10 13 26 16 6 31 51 23 30 65 141 187 207 228 232 115 101 83 78 75 53 45 58 51 35 40 39 29 39 65 92 19 49 45 16 15 37 74 40 27 36 56 56 71 126 158 111 24 34 18 42 55 34 53
34 46 52 38 20 31 21 20 42 44 25 58 80 64 44 43 56 101 28 50 41 42 73 103 80 52 69 74 27 28 58 57 13 88 115 73 47 102 81 40 18 3 13 10 10 23 18 14 19 17 5 12 29 29 48 82 67 98 159 221 245 172 139 114 83 61 42 57 75 52 29 40 33 37 41 74 107 59 83 82 20 5 25 40 34 63 37 29 19 14 66 110 81 35 40 25 17 79 90 85
26 15 19 29 39 46 62 36 63 90 29 57 121 67 33 2 0 32 15 24 25 57 52 67 60 29 52 74 74 124 116 60 24 86 141 125 85 101 65 14 3 12 30 16 0 18 21 25 20 29 19 8 9 21 31 50 69 106 186 226 223 150 98 64 62 76 83 89 101 89 58 38 17 34 21 52 87 78 93 97 51 7 23 38 38 64 28 46 33 15 51 78 50 50 38 15 30 77 83 71
15 8 24 44 55 55 108 91 96 123 43 11 68 51 62 44 28 45 70 72 57 68 15 18 54 53 79 62 49 65 126 88 12 22 80 110 97 93 59 19 7 17 33 26 1 19 17 23 8 20 24 23 14 28 16 24 54 159 255 255 229 86 53 40 52 70 89 105 120 107 59 13 35 55 21 33 52 68 69 72 48 26 26 33 22 46 52 95 81 60 81 86 48 78 66 55 29 30 27 36
30 38 62 66 49 42 123 137 130 129 87 16 16 14 36 45 45 41 69 54 35 60 22 20 59 90 77 78 42 14 115 102 61 40 69 73 49 37 23 4 11 10 20 32 9 24 8 14 26 21 27 36 17 30 9 22 133 207 242 249 254 61 66 83 77 41 43 91 115 87 43 18 52 72 35 30 25 46 31 21 39 65 26 10 5 53 97 105 50 43 89 121 80 63 28 40 22 17 30 42
36 34 40 35 21 26 77 93 39 4 19 11 29 41 21 28 31 30 51 43 50 112 123 105 61 86 9 94 86 67 122 102 41 27 100 164 168 105 49 27 16 35 56 64 9 12 2 30 39 16 18 31 6 37 29 64 255 255 238 245 236 9 36 82 54 30 29 45 50 51 55 54 43 64 55 48 30 52 34 10 100 106 35 39 41 53 80 72 24 15 49 100 82 29 10 62 54 39 44 33
76 74 75 70 59 69 60 65 74 27 30 59 104 124 62 51 31 25 33 58 77 119 149 105 63 93 10 85 71 37 82 109 78 27 51 90 115 60 18 16 25 66 92 85 8 14 10 44 21 4 17 34 8 65 76 127 244 201 157 231 255 127 103 74 41 52 52 22 5 40 68 54 41 56 75 69 44 68 64 32 118 101 58 93 83 37 25 49 92 73 38 38 60 40 77 147 87 48 54 58
67 95 119 107 67 60 18 32 36 46 57 97 141 152 65 38 40 13 8 72 93 93 125 73 54 98 65 105 100 18 48 89 82 64 63 36 58 46 19 0 32 63 73 67 12 42 25 31 44 37 57 62 19 75 80 125 252 255 250 255 173 80 88 85 115 98 83 62 53 75 76 40 34 38 68 53 20 43 52 17 40 60 76 107 80 31 4 49 144 157 91 39 70 53 71 84 103 63 110 167
30 77 120 120 99 67 39 10 27 45 43 91 167 168 49 27 33 35 15 24 60 70 80 87 52 120 70 105 106 41 46 84 98 78 46 44 73 45 7 33 32 41 77 68 27 50 7 33 30 0 48 86 80 25 95 220 255 255 225 221 53 33 38 69 122 131 89 73 71 136 77 31 57 64 35 16 12 26 26 0 36 81 58 106 68 35 40 80 118 159 125 56 20 46 67 13 54 67 112 241
24 61 78 81 65 108 86 58 63 56 44 98 185 198 86 46 56 56 52 54 42 41 54 94 28 76 15 38 85 84 68 58 72 51 31 44 90 61 25 41 46 47 68 86 47 18 68 75 49 10 69 151 228 113 53 162 201 247 255 234 88 151 70 8 41 76 62 30 42 89 75 69 65 64 96 45 7 36 27 32 100 124 66 88 84 94 74 52 61 83 54 21 12 39 87 93 94 34 53 181
34 40 70 81 50 72 48 45 57 50 58 125 201 209 114 62 50 33 44 59 26 37 36 87 35 98 56 35 67 105 76 41 26 14 16 41 92 46 13 17 17 16 37 55 0 68 69 57 75 88 168 255 251 255 17 10 80 228 236 228 133 94 54 52 37 48 31 14 5 19 101 117 34 69 168 131 47 30 12 7 108 122 62 70 73 91 56 6 53 44 23 46 70 58 64 84 83 41 61 94
19 5 44 44 26 40 29 30 17 25 55 104 136 127 78 49 43 21 41 56 7 30 8 51 15 100 106 63 57 96 63 33 12 21 48 82 115 51 35 46 84 96 100 82 0 59 9 0 28 92 206 216 219 253 65 132 83 138 65 64 80 7 50 84 69 33 20 60 34 16 97 75 47 85 146 134 51 2 29 6 46 70 57 78 59 49 33 23 63 49 51 109 144 89 43 60 84 91 131 83
36 39 27 11 4 82 67 40 9 17 33 40 30 12 21 31 29 25 52 55 0 34 20 61 28 97 116 65 21 47 43 53 42 60 87 121 125 59 69 102 168 231 239 216 110 0 53 126 144 83 124 230 255 206 111 206 136 250 203 164 0 99 88 91 53 19 27 37 34 56 45 55 86 70 78 68 57 40 63 29 51 76 89 104 73 62 78 101 22 41 77 122 129 76 62 122 100 85 124 100
39 75 38 62 21 75 34 25 38 47 51 42 24 0 25 47 43 35 40 43 23 59 50 74 47 52 61 80 78 81 28 0 111 108 93 122 98 40 57 97 223 255 233 227 121 30 24 111 155 186 72 150 178 70 59 254 255 253 254 93 75 22 111 70 64 103 155 66 86 156 85 186 201 151 151 116 189 224 174 125 87 90 79 51 22 41 69 76 64 19 7 52 113 112 70 73 72 52 72 67
20 66 48 90 62 27 11 35 69 94 107 104 92 39 54 68 86 64 40 46 54 56 38 41 35 38 46 63 19 15 57 110 169 133 69 113 92 56 57 78 106 243 255 252 56 83 40 135 103 101 55 0 9 0 139 255 220 243 195 32 150 122 175 49 109 184 244 163 193 225 174 228 203 193 169 91 200 255 204 151 114 101 77 24 1 40 75 72 66 39 49 61 69 59 35 48 45 55 57 47
83 112 86 63 96 28 71 81 88 125 143 138 124 51 55 65 77 69 51 65 76 43 32 45 74 46 36 83 58 43 69 97 163 107 22 97 102 93 79 82 58 241 246 255 66 83 66 50 76 90 202 157 36 50 92 199 246 146 42 49 102 197 106 57 121 129 116 108 158 140 163 87 60 141 97 11 119 162 138 70 59 50 47 10 0 35 85 99 87 53 65 72 69 60 32 34 44 52 41 59
142 159 94 17 109 54 83 85 51 78 106 115 69 72 55 40 47 50 10 28 87 23 37 82 114 69 55 97 136 98 87 43 90 66 29 96 76 53 92 81 88 203 255 217 111 201 246 134 177 82 122 202 85 94 213 139 168 207 85 51 191 243 170 106 156 53 26 53 95 47 76 22 9 66 53 21 77 119 82 69 55 65 56 62 67 60 74 84 39 25 56 80 70 52 44 37 52 57 57 52
100 112 68 23 104 44 49 34 12 51 93 80 24 67 65 88 83 38 11 24 75 25 25 86 121 55 30 76 130 128 91 21 59 43 60 84 72 49 45 15 94 173 248 193 252 253 223 102 117 101 176 111 79 139 253 150 182 255 99 65 221 239 176 165 155 70 68 58 0 36 26 59 118 95 58 67 43 85 79 54 58 50 37 57 92 61 74 51 0 11 54 76 53 51 39 31 36 41 35 31
98 107 55 22 62 48 57 43 38 65 95 62 23 83 64 70 93 138 136 91 31 61 12 23 49 62 84 66 32 61 61 31 52 20 14 95 93 61 34 9 52 116 255 177 240 247 40 84 54 105 250 96 82 185 197 228 248 221 58 90 53 98 125 114 128 0 69 50 36 10 41 98 167 111 33 68 4 28 45 50 52 21 19 65 113 51 64 44 9 27 49 53 26 68 55 41 36 47 38 31
90 106 40 40 29 78 69 51 71 83 101 81 65 59 32 9 74 170 208 143 41 77 36 8 43 38 72 71 17 35 34 47 43 49 26 114 137 65 91 33 31 74 194 130 253 250 202 252 156 114 129 74 58 160 255 243 255 227 130 0 101 6 98 123 118 17 67 107 111 36 96 102 137 135 39 59 38 22 23 62 104 75 61 68 103 87 75 51 55 56 48 42 31 113 86 53 63 84 73 53
39 73 32 104 36 90 36 38 65 59 71 102 110 23 76 109 71 71 105 99 56 24 33 28 0 29 74 65 25 60 37 13 58 35 66 141 157 0 94 150 57 63 150 126 255 249 221 68 100 247 209 251 92 145 118 188 249 210 153 111 65 69 62 26 49 37 88 60 88 27 128 49 57 90 24 19 59 35 37 53 84 94 69 29 54 124 78 47 62 61 63 58 52 135 90 47 78 99 88 59
30 73 62 159 35 54 18 96 38 32 54 151 177 31 87 134 49 50 40 77 24 61 58 56 121 97 50 4 11 74 76 49 35 57 67 72 82 93 55 12 62 244 246 150 249 251 235 255 253 231 255 219 238 247 217 255 226 107 34 42 26 61 71 91 6 59 42 81 11 100 85 43 125 106 69 18 39 21 51 13 42 82 73 70 79 108 48 72 60 60 81 61 34 90 56 41 66 64 60 51
62 82 68 130 20 31 22 117 100 75 23 70 92 21 62 88 29 75 83 98 35 148 120 112 102 74 59 78 73 13 22 73 123 147 107 66 3 83 63 94 172 255 165 151 108 118 224 238 202 242 250 229 255 188 203 254 181 56 15 63 98 47 59 96 37 30 17 44 27 61 40 25 87 47 67 24 21 16 76 41 97 128 88 126 145 88 43 101 63 53 87 48 2 31 27 54 68 25 26 57
68 56 24 61 22 47 9 31 42 74 26 40 59 78 73 45 63 34 105 75 82 109 100 113 101 107 85 96 147 118 110 93 67 67 58 37 58 59 98 114 205 252 73 191 50 156 85 255 255 244 222 215 153 196 227 251 94 27 0 78 59 44 67 70 72 41 21 27 60 33 72 72 57 48 113 85 56 16 49 43 105 125 14 42 124 79 70 88 51 34 83 44 0 14 24 73 93 13 14 73
39 39 11 36 53 95 62 1 10 113 89 68 115 129 118 84 94 5 47 66 144 7 29 85 64 89 83 113 149 152 145 109 78 43 28 32 39 24 75 152 185 147 68 244 93 34 113 140 170 231 181 75 158 252 255 244 91 60 43 127 38 71 57 37 86 56 86 16 27 50 65 47 29 43 69 86 20 58 73 87 153 111 45 31 44 54 38 91 39 45 80 49 23 24 39 101 115 58 22 23
53 51 65 61 101 110 107 82 132 156 104 39 90 136 123 69 89 15 16 31 128 42 44 30 10 17 48 87 115 95 94 80 72 48 60 100 129 180 164 234 252 133 87 119 60 73 207 255 154 98 129 155 211 122 189 140 35 66 60 86 32 71 86 31 94 58 80 36 40 54 58 53 16 35 58 52 36 46 76 75 96 78 59 56 22 41 41 76 39 21 72 59 24 27 29 70 98 70 56 58
57 69 119 37 83 72 113 128 145 79 69 50 86 101 60 35 62 64 60 47 64 0 60 81 61 38 69 73 53 24 44 70 44 32 78 105 183 131 49 212 247 253 226 189 255 65 255 236 121 248 236 87 232 75 175 109 107 89 77 109 83 28 58 72 76 15 13 30 73 99 61 32 47 65 36 25 33 22 31 20 34 27 67 119 60 65 54 70 46 18 65 54 37 70 34 13 51 43 45 46
9 52 127 16 71 57 68 54 84 15 76 106 98 108 62 80 64 68 32 46 44 0 78 110 117 91 102 67 5 15 44 83 102 89 87 98 100 251 210 253 250 255 239 144 218 118 32 118 235 255 240 249 244 200 255 96 187 168 139 106 90 61 76 95 36 30 47 67 59 60 22 19 0 40 0 23 24 32 40 68 105 75 109 193 141 105 51 63 59 20 26 20 39 94 57 60 51 35 31 34
2 27 78 1 68 76 53 23 60 63 129 117 65 144 126 138 72 60 5 56 77 49 116 112 89 96 99 75 32 106 109 101 74 22 56 123 203 254 243 252 79 246 255 226 255 255 132 202 250 254 249 229 248 240 247 16 162 150 118 50 39 83 74 78 0 38 68 81 51 56 38 54 7 72 37 69 45 29 41 87 141 112 108 166 150 108 38 65 58 40 15 27 61 72 18 62 73 38 26 42
21 22 47 19 57 62 54 62 52 91 128 98 44 113 103 91 59 84 49 71 61 50 129 124 60 83 72 63 74 176 152 81 65 128 62 96 170 254 219 255 253 232 250 244 241 228 119 204 225 250 230 241 234 255 238 177 125 68 42 35 15 42 32 54 52 64 43 44 45 63 28 8 6 32 24 39 58 45 56 55 51 70 70 86 103 81 28 58 48 84 21 16 62 77 7 9 60 22 14 40
10 25 64 80 88 60 48 45 51 65 78 82 72 50 43 34 47 67 39 39 26 26 93 74 41 64 45 30 89 163 149 56 43 61 57 26 70 171 251 231 255 255 248 214 111 246 182 249 245 248 255 218 255 254 235 176 102 58 33 51 18 28 57 35 22 41 23 17 28 45 41 41 63 47 33 34 68 110 107 51 16 53 73 59 74 45 13 37 42 105 18 5 39 86 71 59 53 31 31 48
33 40 66 92 112 89 68 21 53 43 32 43 79 9 32 33 27 31 19 33 33 22 65 33 18 48 47 32 120 155 169 84 0 35 84 70 25 78 186 255 255 235 220 255 195 225 189 244 255 233 255 254 227 255 236 124 80 34 9 63 28 0 78 42 12 38 29 19 24 27 42 61 66 54 30 27 20 127 123 66 30 42 68 47 55 15 8 37 35 104 58 94 70 50 71 102 60 53 56 56
76 37 56 75 81 104 84 32 36 23 31 23 26 89 64 32 27 12 15 44 72 67 40 18 31 66 44 47 99 171 129 70 21 53 109 79 39 66 72 56 209 255 197 255 199 223 187 135 212 221 242 210 158 223 196 80 38 20 23 81 49 28 90 61 40 39 41 35 32 41 39 45 58 45 41 31 47 81 130 97 51 23 28 32 70 45 19 36 5 66 77 131 79 30 52 47 61 54 72 94
111 55 48 47 48 79 72 33 23 34 60 48 31 79 60 44 20 15 23 47 90 83 57 34 54 82 50 40 77 127 82 29 30 33 78 77 40 31 42 71 255 210 91 210 253 243 214 252 245 255 215 165 116 141 114 41 27 44 20 69 77 59 89 89 39 64 39 29 25 73 51 39 39 55 60 38 52 88 133 100 48 14 7 39 81 82 19 43 29 29 55 109 73 37 24 31 50 62 54 41
87 48 51 47 38 59 54 29 3 41 88 75 40 67 44 39 60 62 67 60 82 44 19 8 79 97 85 99 117 99 37 15 72 53 45 40 61 84 56 26 146 207 190 250 255 249 242 247 242 191 46 22 0 23 40 15 26 49 12 55 66 60 69 66 42 73 55 46 76 94 53 20 28 51 76 79 74 40 51 42 42 83 88 55 25 69 14 72 50 80 109 140 88 50 39 3 22 56 45 20
29 30 72 83 63 55 36 15 23 48 83 83 73 97 45 18 43 54 71 62 73 24 21 43 90 83 90 145 158 75 8 34 84 49 40 68 80 46 21 38 66 43 67 187 233 233 255 241 255 143 27 63 19 27 34 8 55 45 19 70 65 75 68 18 10 18 37 42 133 85 66 41 56 57 52 42 37 0 23 43 67 106 106 37 12 71 3 45 59 67 69 175 128 19 64 55 26 41 37 26
22 30 74 87 68 53 26 9 43 40 45 51 75 113 46 6 41 32 36 38 55 39 72 123 104 73 61 111 144 62 9 52 108 66 50 92 108 60 31 42 63 83 74 53 68 119 172 125 102 18 0 53 34 46 30 22 24 10 0 73 130 150 106 28 10 4 16 25 115 46 46 38 59 65 43 17 48 69 95 77 24 13 40 15 46 72 9 48 37 22 9 107 101 29 99 112 69 29 23 32
45 29 40 41 38 41 28 25 37 47 50 36 42 81 50 52 41 42 61 93 93 76 63 65 64 46 17 33 90 48 4 24 56 54 48 59 46 19 21 24 66 103 66 27 71 69 63 57 86 58 29 34 56 64 17 16 57 68 39 99 216 195 92 25 36 51 32 42 77 38 28 14 15 14 19 38 81 75 57 2 47 33 71 16 25 15 0 5 30 33 49 36 31 34 68 90 81 10 10 43
44 26 28 22 21 29 28 40 39 64 71 40 24 59 52 87 89 85 76 81 44 70 68 53 51 71 58 50 111 91 68 87 131 48 2 49 64 36 40 38 31 70 37 19 78 59 34 55 72 69 45 43 76 55 20 0 0 26 31 70 183 138 60 29 36 58 36 48 70 60 73 54 44 27 53 93 97 43 28 0 45 31 58 8 27 43 37 19 49 29 51 28 26 6 28 106 139 73 64 96
30 34 54 48 33 24 19 37 38 45 34 8 11 50 25 43 64 96 108 108 34 66 48 6 26 70 75 62 111 92 103 159 154 96 46 50 44 51 86 71 48 58 25 9 53 65 45 24 51 37 41 69 70 27 67 39 14 38 81 87 124 57 33 16 53 46 28 20 61 46 107 94 12 32 88 109 73 19 32 18 34 15 50 40 43 39 43 35 35 35 17 7 52 61 119 175 150 91 49 51
28 31 85 88 67 80 68 53 43 58 54 53 32 55 46 29 26 45 106 121 70 53 45 0 15 71 65 38 49 139 125 144 165 143 84 62 28 48 66 72 69 66 62 15 17 100 60 42 59 67 70 80 95 66 82 63 35 87 96 62 48 63 8 8 17 23 16 20 46 44 85 76 17 17 88 102 63 25 55 50 48 32 27 44 52 55 64 34 26 29 4 1 39 46 116 159 149 79 78 73
38 33 70 97 91 75 55 47 38 48 44 50 64 87 74 53 18 19 70 104 75 48 31 0 42 92 66 24 37 104 123 134 140 124 97 37 27 4 15 31 65 73 84 63 43 74 49 54 70 90 111 123 118 82 63 40 54 95 68 18 30 56 21 10 26 33 31 25 37 65 59 48 34 35 55 53 59 42 58 65 48 43 28 52 62 73 72 49 40 21 10 35 43 0 34 113 74 25 55 93
22 34 33 57 98 117 108 79 32 16 9 27 65 55 46 56 53 28 45 84 83 55 40 37 71 127 96 45 42 55 117 125 115 72 25 0 49 48 5 9 74 60 50 62 50 45 40 57 62 69 80 80 68 70 53 55 139 184 129 47 52 53 42 33 62 60 51 34 32 73 28 22 24 33 13 0 28 21 24 53 40 47 16 43 53 74 58 44 29 22 7 19 47 47 19 41 63 8 12 37
29 49 17 28 81 114 141 141 112 52 32 74 128 65 35 63 110 67 37 48 54 34 25 42 68 114 88 58 61 36 111 113 61 53 10 0 50 90 37 94 129 70 7 28 43 31 36 37 35 23 22 22 21 62 51 71 170 218 154 56 41 9 33 53 54 50 47 54 64 67 20 20 26 40 26 15 32 19 26 71 35 50 2 23 29 56 31 22 20 20 16 31 40 34 0 36 63 39 42 59
56 54 12 24 41 20 57 117 72 32 50 135 223 166 113 116 132 98 53 37 44 36 29 39 73 68 21 24 60 54 98 76 53 71 47 25 62 97 56 127 201 110 0 0 36 42 60 42 40 25 30 47 57 88 56 60 63 116 102 70 75 17 8 9 15 19 27 70 105 49 27 30 41 37 42 58 47 35 49 85 41 56 3 15 18 49 27 18 17 42 36 31 53 76 34 67 109 105 74 48
86 76 36 33 44 21 20 49 55 45 36 44 80 80 85 102 68 61 40 33 54 70 65 57 47 81 74 43 0 8 56 96 72 70 58 19 75 77 41 46 50 82 94 84 55 17 55 74 79 56 50 68 81 90 69 70 88 69 22 9 45 43 46 55 47 48 33 58 94 26 24 35 51 23 24 52 34 34 39 44 40 52 11 16 20 54 48 32 16 60 41 25 87 135 94 78 149 173 142 111
46 47 26 3 26 44 14 0 27 74 94 80 61 76 81 78 63 63 57 60 87 116 115 94 75 72 48 26 8 106 61 44 43 75 92 50 48 28 20 9 32 33 34 24 40 41 73 76 76 51 36 47 58 43 62 75 87 49 14 11 33 59 45 45 91 95 56 35 53 34 20 35 52 33 19 39 34 51 36 18 30 37 18 19 27 60 73 47 24 39 30 67 123 73 43 79 183 186 106 48
47 46 54 33 40 54 34 45 42 73 75 65 38 67 61 41 72 55 38 30 42 67 64 35 28 26 18 18 30 194 91 36 34 98 115 97 30 25 26 17 5 12 35 26 39 29 39 35 28 20 22 42 49 3 31 43 38 31 42 46 32 58 26 22 70 94 66 25 36 73 27 35 31 41 23 34 45 75 48 26 22 27 24 24 34 65 90 55 23 29 14 71 162 99 54 55 131 134 56 18
99 88 62 44 46 50 57 71 45 31 24 34 62 48 21 52 75 60 30 34 69 44 49 24 28 22 18 46 87 150 71 86 103 76 86 102 34 31 45 45 26 16 25 40 26 40 19 18 8 13 6 15 35 0 24 50 34 34 49 63 35 23 34 8 28 55 59 52 33 21 19 23 13 44 18 31 72 103 54 33 29 49 46 40 40 34 46 52 34 34 30 55 108 127 83 30 65 38 19 24
104 87 53 33 41 45 35 29 42 20 30 42 67 36 15 40 89 68 43 57 100 95 72 39 31 27 22 36 50 77 45 91 84 50 47 72 37 44 53 53 41 25 23 26 18 56 42 22 5 5 28 38 34 31 78 61 36 43 55 59 32 36 80 87 42 54 70 63 18 9 34 29 30 36 36 31 86 88 65 29 29 52 43 21 20 46 41 36 67 42 36 59 73 61 44 37 23 37 42 34
99 75 39 36 76 97 70 35 31 42 80 71 61 36 37 57 67 50 36 50 84 107 72 55 69 51 22 32 72 77 41 27 32 44 52 57 41 62 69 62 25 20 30 31 23 81 80 51 51 47 64 74 72 72 96 69 58 58 49 43 33 61 131 164 101 79 79 63 10 10 62 46 39 60 58 29 78 100 84 34 46 57 50 36 33 80 52 56 65 48 62 78 54 32 42 56 13 40 61 63
67 64 46 47 83 103 78 43 41 77 105 73 34 50 49 45 50 45 38 32 34 69 49 69 77 104 91 72 95 85 77 33 6 57 61 28 33 81 85 54 20 28 57 60 29 66 63 39 35 39 35 53 84 66 49 58 64 61 38 37 46 65 105 122 115 82 60 48 26 22 67 39 34 112 73 23 56 125 85 41 49 39 40 53 47 90 50 85 90 24 19 59 61 48 50 48 47 44 55 78
34 60 65 54 55 53 36 20 35 49 42 39 21 78 61 47 43 70 100 104 77 65 6 7 54 83 68 38 51 41 63 23 19 49 32 0 28 80 77 36 7 14 49 66 35 49 38 32 20 27 37 47 44 29 12 21 42 56 41 49 62 45 30 20 49 47 30 32 47 18 38 8 36 145 93 25 69 118 57 36 27 17 19 30 18 57 27 74 97 19 3 38 29 11 32 58 73 53 42 49
29 48 57 64 82 84 60 38 45 32 16 39 36 69 53 75 159 135 95 58 34 31 21 41 92 64 28 24 58 47 48 1 11 21 26 20 45 49 46 32 8 5 23 49 39 49 34 49 47 46 100 94 10 28 47 15 34 63 48 51 67 41 19 19 22 37 23 24 45 0 27 6 45 136 112 43 104 84 29 28 23 32 29 16 0 35 25 58 68 57 51 33 12 28 54 55 70 62 39 10
26 30 37 70 117 129 98 69 69 51 52 53 55 29 22 67 156 112 50 19 23 14 33 49 57 44 36 32 34 21 24 7 3 9 45 55 55 20 28 43 41 41 35 39 29 30 11 44 41 29 101 106 11 54 86 47 43 69 39 36 66 57 52 73 50 43 27 28 42 5 60 31 27 96 98 54 90 59 22 22 33 52 52 43 31 38 41 61 66 73 51 22 45 96 90 40 59 53 30 3
6 18 34 63 93 92 67 52 33 21 41 25 69 29 29 61 62 43 17 26 54 21 36 31 22 37 49 28 10 24 43 42 26 17 41 42 42 16 37 48 36 55 46 33 16 15 3 54 50 28 73 91 32 61 66 53 42 63 24 23 68 66 58 78 59 27 19 38 53 30 98 42 0 58 62 48 36 52 24 16 32 45 55 73 70 39 45 67 57 54 41 34 43 54 69 90 55 30 12 15
5 27 36 30 45 68 59 53 38 30 52 56 82 53 43 71 51 23 41 86 61 32 47 32 31 36 59 35 41 15 64 73 41 18 36 39 6 20 43 16 7 18 37 31 36 25 62 78 71 49 52 71 39 29 47 24 23 67 44 31 41 35 41 41 33 29 20 20 36 53 53 15 7 37 23 1 44 0 23 41 60 58 45 41 64 36 45 57 61 56 36 45 27 12 63 96 72 55 27 25
16 45 60 15 20 24 40 38 57 23 53 39 65 14 35 74 76 57 95 89 21 85 26 32 67 81 60 46 66 9 48 57 28 11 24 29 9 22 40 20 24 23 44 52 37 24 65 95 69 50 34 20 8 15 45 23 54 86 45 13 29 39 39 25 14 24 29 26 21 27 33 19 31 29 27 11 4 13 46 88 95 82 48 35 72 53 79 77 59 53 58 47 15 45 43 9 24 81 87 44
5 31 60 21 39 21 54 58 39 1 20 21 45 36 51 66 47 24 83 82 20 78 6 28 61 80 31 33 71 6 38 45 29 24 27 20 6 14 31 33 47 49 66 62 22 35 63 71 37 41 31 0 9 12 39 11 46 108 104 80 87 81 55 26 36 46 44 27 3 6 24 45 10 5 40 46 0 36 73 136 148 100 36 19 64 37 88 87 59 36 56 34 0 66 60 15 0 35 54 47
31 35 48 44 76 57 87 99 62 48 36 61 63 127 98 68 39 0 50 100 97 28 21 36 33 39 10 13 45 13 37 35 54 60 49 25 13 18 34 50 46 68 83 59 23 90 97 48 0 23 29 0 24 8 32 16 47 90 85 70 87 86 65 54 37 40 33 22 10 30 39 68 41 32 49 59 22 44 62 99 113 70 35 52 92 28 61 48 24 6 43 44 35 54 72 70 28 18 27 58
50 56 32 30 43 43 65 69 35 26 12 54 80 184 160 123 87 39 69 120 147 31 62 59 46 27 37 21 19 30 42 23 46 51 29 6 16 31 28 22 32 52 71 53 47 143 131 54 7 32 41 15 46 21 56 68 44 32 5 8 50 54 28 34 36 38 25 25 34 66 31 31 80 64 23 17 55 46 54 54 42 25 15 31 61 19 50 31 2 23 64 88 110 49 63 73 52 64 74 71
26 62 34 22 19 30 48 33 0 28 62 32 0 26 77 125 75 54 68 72 86 66 76 70 67 38 66 40 16 48 51 26 23 24 1 0 34 69 44 0 39 26 45 40 50 111 85 34 3 20 27 22 47 21 47 64 56 43 41 61 88 62 23 50 10 21 6 8 43 112 62 47 44 57 17 0 66 31 46 43 53 49 38 19 30 52 87 69 18 54 58 58 91 37 48 46 55 70 86 81
44 68 48 43 59 56 93 85 62 43 25 0 17 44 49 48 19 25 33 19 22 60 56 53 54 41 52 41 29 53 59 43 29 37 25 20 66 119 97 31 49 15 35 24 30 40 18 13 32 39 38 54 74 56 57 51 21 27 52 66 64 20 0 54 118 140 108 70 81 155 92 70 21 49 46 2 66 35 37 37 27 23 33 27 22 57 46 23 29 51 32 8 12 31 36 31 56 43 58 80
98 68 32 34 80 55 123 143 116 107 51 20 39 90 39 2 9 21 21 26 30 28 38 32 32 41 23 34 44 49 60 57 26 47 46 31 62 124 119 58 42 13 42 16 20 14 6 31 33 26 8 28 46 45 34 8 0 19 62 83 82 34 0 53 73 123 109 65 68 150 87 67 28 28 42 4 78 92 73 64 47 13 29 52 41 70 30 28 39 54 58 47 9 71 49 41 35 25 39 50
86 64 42 38 30 20 112 164 155 132 77 33 27 101 30 26 52 52 31 30 61 25 19 26 29 24 12 4 21 16 40 32 1 33 51 18 31 53 73 54 40 51 64 53 29 53 32 24 19 16 1 21 30 41 25 33 31 39 45 63 57 43 9 38 31 51 57 9 35 67 61 32 21 39 49 9 73 90 82 64 37 39 28 47 65 57 62 66 31 13 150 173 18 61 60 37 33 31 29 30
27 50 49 31 25 28 94 95 97 84 61 12 12 36 18 41 74 52 9 6 53 36 35 38 45 32 11 0 9 0 20 10 4 27 28 0 20 25 31 26 47 73 70 66 52 64 42 29 31 36 25 46 59 77 64 68 35 26 16 34 46 51 26 56 61 63 60 13 27 41 42 36 16 25 41 15 71 62 42 33 45 40 20 32 48 40 45 48 37 56 153 141 13 20 23 38 54 52 49 49
1 47 62 45 38 35 73 40 46 68 98 63 61 7 25 56 105 92 60 63 107 76 55 43 53 39 21 15 34 24 37 22 43 58 46 30 71 46 25 38 23 66 29 27 29 30 17 1 35 47 36 50 61 82 65 60 30 17 10 42 73 83 42 54 42 48 67 43 48 35 28 36 6 5 28 21 76 50 32 40 56 44 13 17 30 23 27 27 52 77 102 76 39 29 20 37 51 49 46 45
28 55 68 68 59 32 56 31 39 93 146 129 117 19 40 60 95 113 114 122 147 89 49 29 44 36 34 45 74 61 63 39 55 70 52 58 122 70 22 49 49 100 27 20 35 33 35 22 25 42 31 36 43 65 43 30 30 22 22 65 103 108 48 41 7 31 75 67 68 41 26 35 0 0 21 17 75 54 47 67 65 50 12 11 24 19 20 17 59 69 48 31 71 60 48 41 33 30 28 28
