36 69 71 53 65 32 73 104 64 26 53 53 100 112 98 76 86 52 20 39 41 32 41 14 37 70 54 2 21 38 84 104 66 63 52 42 62 110 94 115 135 50 55 64 71 105 90 78 53 124 124 158 120 39 43 111 0 12 22 30 76 43 33 59 62 32 90 119 111 97 62 75 66 83 92 112 70 54 116 110 17 29 74 17 52 39 85 102 108 83 71 93 135 104 106 127 112 125 135 100
78 104 92 151 65 38 56 50 23 38 68 152 95 121 114 122 171 171 104 58 35 55 60 31 26 14 17 33 45 49 80 104 62 31 52 81 33 101 116 164 118 15 0 29 35 52 58 111 63 96 56 76 38 46 50 45 9 22 24 18 60 54 44 38 41 60 88 82 58 40 16 3 30 41 61 72 86 81 103 106 71 84 115 81 59 24 32 61 87 83 55 43 117 91 90 66 76 96 121 88
60 140 127 134 81 60 24 44 0 32 81 136 61 80 57 82 147 138 63 39 53 77 74 77 57 34 43 56 32 46 112 173 104 29 24 19 3 94 87 88 58 17 9 39 56 87 81 132 101 106 51 68 41 123 117 36 48 43 43 35 47 39 37 30 35 68 61 53 46 27 29 30 64 75 79 69 137 165 134 111 67 85 95 84 37 29 10 32 73 98 77 31 103 63 73 70 47 66 107 81
45 148 84 20 61 50 57 7 18 26 75 25 55 86 75 87 75 60 23 31 84 76 74 110 83 58 48 36 69 92 85 64 14 0 47 32 67 68 7 0 32 80 85 68 46 55 23 55 16 73 55 47 69 203 182 31 70 58 55 48 49 61 63 37 50 69 52 55 98 106 85 85 75 73 49 57 93 105 68 52 51 66 60 49 24 65 43 31 26 54 64 34 89 37 11 67 1 7 58 53
40 45 47 206 139 5 88 51 33 34 65 63 109 132 118 52 37 50 77 75 117 74 73 105 60 64 60 38 141 165 99 35 83 7 61 105 152 109 31 22 88 163 160 99 45 20 0 49 69 52 51 104 161 161 110 42 53 46 43 41 50 94 93 44 30 68 77 20 12 31 55 145 92 78 38 90 60 33 34 54 80 78 80 67 56 85 63 33 35 44 68 74 137 112 14 83 55 50 101 114
70 66 105 218 36 41 80 74 101 85 12 86 38 87 135 72 31 22 82 110 132 65 33 34 53 85 93 62 132 137 86 92 82 20 72 148 91 78 39 23 66 127 102 34 41 49 33 36 23 43 48 54 135 156 110 39 38 23 32 61 45 44 45 48 50 33 69 98 127 87 18 72 62 73 26 66 49 58 76 57 75 61 93 99 79 62 40 24 36 44 53 50 109 128 32 100 39 40 76 70
0 0 34 99 65 109 72 108 61 91 39 93 42 68 96 88 60 12 44 92 94 85 44 16 50 57 63 96 155 192 135 164 103 47 37 89 28 73 83 54 53 72 39 5 91 107 68 12 48 69 69 52 84 105 73 31 33 22 35 78 50 23 15 43 49 35 68 120 136 72 22 74 48 81 51 35 75 104 100 56 43 32 73 95 63 43 26 22 32 58 43 20 62 77 52 124 62 87 100 43
0 42 55 98 178 70 133 157 5 87 122 59 93 64 24 72 74 43 41 53 39 157 169 128 102 68 36 84 99 161 90 111 59 71 87 118 60 26 52 76 64 34 17 41 152 118 78 44 44 85 90 54 25 61 45 10 19 39 38 56 65 98 66 29 33 91 101 78 51 33 59 94 79 100 103 59 115 83 62 75 46 42 68 84 43 55 39 29 26 57 31 17 58 34 56 117 116 165 164 64
28 64 77 116 109 23 122 116 59 68 125 63 99 42 27 64 80 60 57 66 27 139 170 105 79 53 22 72 39 68 61 1 8 35 128 83 61 10 8 81 70 26 27 84 166 128 72 43 50 55 48 43 11 34 28 5 26 31 28 54 69 89 56 26 55 95 78 19 42 12 44 69 96 123 140 122 117 105 72 78 83 87 46 42 36 46 49 49 49 28 50 65 131 46 62 82 161 255 248 148
19 31 5 11 9 2 63 0 118 71 42 135 138 81 90 84 89 52 15 75 29 86 64 22 17 50 62 73 61 70 98 0 44 50 136 58 61 32 37 41 57 24 39 102 168 123 80 71 54 38 22 23 17 27 22 14 34 42 16 42 58 22 0 48 66 71 43 29 16 20 25 40 189 189 138 51 102 89 78 76 92 83 42 14 8 35 48 42 33 60 93 124 107 50 53 76 233 255 189 111
81 91 30 72 30 38 16 14 140 129 18 143 126 98 70 81 72 65 38 43 69 102 112 53 66 83 133 47 64 63 79 127 149 150 204 92 36 42 74 65 28 59 80 77 110 116 91 51 36 51 39 5 19 42 45 23 67 70 55 51 20 16 18 45 69 53 30 43 2 41 35 46 255 243 164 57 77 83 103 86 51 26 39 51 42 21 18 32 25 54 84 111 56 41 60 69 213 170 68 60
98 109 67 83 55 47 63 187 210 147 34 98 59 43 0 62 94 122 70 8 50 103 151 107 13 72 81 0 94 77 44 246 182 161 136 50 14 141 132 33 22 85 95 41 41 81 71 13 3 41 46 0 15 27 38 27 91 95 80 53 14 54 68 44 29 78 99 55 21 65 42 0 255 237 182 145 95 122 125 62 27 12 62 91 69 20 3 25 42 37 72 95 59 37 48 6 141 82 1 74
103 84 101 40 50 59 152 237 160 36 27 107 85 55 7 44 48 105 66 88 59 73 17 0 79 59 38 73 16 17 84 129 78 18 31 58 5 36 47 60 42 56 59 48 32 34 30 21 37 39 44 32 49 26 40 68 70 77 42 35 37 46 33 56 50 5 31 41 79 23 71 146 122 160 176 155 57 55 80 91 49 59 76 69 50 42 31 26 28 6 29 74 61 69 98 74 104 51 0 89
166 85 93 81 52 122 179 159 164 134 80 19 13 42 68 21 8 34 37 75 74 98 63 58 29 30 65 175 93 49 54 70 70 39 59 44 58 97 113 75 45 25 30 62 45 28 24 40 36 23 12 6 22 21 33 48 39 31 23 39 17 16 19 41 36 19 54 54 115 41 111 159 143 133 83 23 44 34 11 49 36 55 37 68 76 74 47 31 56 43 20 60 17 45 77 106 144 92 49 100
144 53 35 90 68 149 147 102 81 177 125 14 8 67 102 27 38 27 72 31 33 37 37 17 62 19 76 126 80 49 42 80 60 42 42 15 78 133 159 129 46 29 28 56 36 36 31 33 33 36 22 7 5 43 55 41 28 14 36 52 0 15 40 28 39 23 34 60 82 45 175 243 248 207 116 37 95 92 3 39 16 51 12 100 114 81 32 25 28 41 22 58 46 58 64 88 115 67 48 68
49 31 68 85 157 145 113 47 59 79 101 113 63 77 93 63 104 70 109 63 13 36 50 73 99 88 45 10 63 41 62 45 8 50 37 0 32 117 144 141 66 39 27 50 22 23 18 21 29 28 25 33 8 35 49 51 26 31 30 46 27 25 25 48 25 42 35 61 14 35 202 255 248 206 146 138 190 229 75 64 42 111 39 104 96 68 21 11 65 62 38 36 88 75 74 67 62 26 41 63
42 26 76 103 250 198 96 68 27 52 56 94 91 63 61 144 138 156 88 74 40 75 87 122 87 38 25 12 84 33 35 19 21 61 72 19 29 61 99 91 61 48 41 51 16 21 20 21 30 28 23 19 18 17 17 18 23 31 30 12 10 23 47 58 42 49 41 29 79 53 165 212 128 99 91 83 197 255 107 72 23 103 56 83 123 97 24 38 95 87 59 15 49 34 58 51 36 40 80 127
106 11 34 75 186 129 51 25 28 93 64 26 39 37 64 173 131 89 49 85 95 41 21 49 42 71 88 74 99 54 71 113 136 153 109 33 36 58 61 47 25 38 51 55 29 22 21 25 17 21 14 8 11 11 13 23 30 31 23 3 2 24 47 51 48 64 68 66 97 62 103 62 20 76 85 68 108 207 117 30 0 77 37 51 95 100 63 66 81 81 19 11 28 35 61 67 34 66 115 128
94 26 52 36 62 47 34 1 27 52 53 29 39 50 71 90 80 42 39 65 106 29 30 53 60 117 155 118 62 42 102 178 213 163 86 54 51 50 34 38 35 40 35 18 25 23 22 17 14 24 13 5 14 14 14 32 47 43 26 6 1 32 46 36 32 31 51 81 75 38 92 62 36 114 126 113 58 108 116 84 27 52 29 46 98 140 109 66 58 54 40 47 87 30 57 59 39 79 127 86
40 42 78 21 0 15 44 22 32 8 39 66 90 77 62 14 25 25 40 35 76 28 57 74 39 10 51 64 32 36 103 153 97 52 84 119 40 46 73 51 59 62 43 2 22 16 16 8 18 28 14 7 23 22 17 32 43 40 26 19 10 47 49 24 18 53 61 31 0 47 149 94 26 99 106 2 50 65 153 176 106 49 67 78 80 145 137 101 66 37 54 86 139 61 32 25 19 42 110 61
88 77 80 56 47 43 40 35 36 37 40 47 94 67 43 39 59 74 73 49 55 2 3 1 0 110 174 44 4 67 98 35 56 90 36 4 37 85 60 55 50 79 83 38 34 11 10 8 14 18 8 9 26 29 22 27 19 21 21 33 19 57 51 19 21 26 52 92 93 110 178 120 52 34 116 193 47 61 86 121 158 5 34 81 83 171 143 93 178 116 54 78 85 108 32 48 42 39 133 124
37 37 25 35 60 77 60 53 28 44 47 31 43 48 46 33 67 122 125 82 72 56 67 58 37 128 150 44 85 124 75 12 16 54 82 59 16 47 66 37 53 74 76 46 34 22 19 14 11 7 9 18 27 36 38 33 22 24 29 52 21 52 43 16 62 76 73 67 83 95 131 37 7 23 127 88 67 51 60 83 133 73 147 198 106 106 52 33 40 31 23 34 54 82 38 51 53 26 92 99
82 119 98 60 31 69 64 30 30 51 63 46 16 46 54 22 65 107 97 39 36 29 62 66 24 60 74 12 23 69 35 8 38 37 48 44 49 61 86 89 72 63 44 29 14 29 31 23 17 6 20 32 24 38 55 46 40 35 38 62 12 38 37 23 43 43 82 153 204 114 105 55 72 11 65 68 95 77 43 32 52 101 123 210 166 150 77 44 49 42 51 33 64 0 34 60 48 31 46 48
93 138 122 66 0 40 62 28 47 108 86 47 28 46 47 84 77 42 26 30 85 55 100 137 91 13 41 68 16 57 61 60 79 86 65 33 75 77 77 78 71 62 45 37 0 19 32 35 21 6 29 39 16 31 60 50 38 29 31 57 0 29 39 40 36 23 49 127 217 123 120 92 101 53 87 82 56 56 49 31 8 102 7 90 118 137 88 53 48 49 58 139 164 21 37 53 0 23 22 36
35 3 19 32 30 45 48 43 85 159 135 88 45 23 59 90 78 20 31 83 15 51 82 60 17 0 17 31 46 67 59 19 59 64 48 59 46 33 16 51 51 39 51 55 23 2 11 19 24 36 21 16 16 28 49 48 40 28 37 38 67 28 2 31 78 63 5 55 67 104 148 31 32 102 118 6 34 60 76 74 55 117 10 43 1 129 136 73 65 13 57 255 252 60 87 49 1 32 35 35
27 3 31 20 27 49 41 36 78 139 126 87 55 34 53 75 51 3 38 114 49 142 150 76 24 103 104 40 27 16 0 19 58 53 43 60 77 48 33 39 54 37 28 27 21 14 8 5 24 35 20 6 18 19 39 38 37 26 26 14 42 25 23 59 89 71 70 103 67 73 145 59 73 51 76 13 26 68 87 102 82 114 35 88 81 151 112 67 93 38 31 174 131 62 43 49 17 51 55 40
64 73 93 0 61 54 46 45 64 82 71 61 84 83 67 52 39 28 59 80 0 117 104 0 0 77 78 15 16 33 39 110 148 116 83 91 124 79 71 49 87 84 57 38 42 35 14 7 22 33 22 2 34 24 45 43 53 51 22 13 1 30 42 107 86 21 52 185 198 76 80 125 109 19 51 42 30 75 65 52 96 53 70 80 128 78 86 88 76 40 21 15 30 56 0 8 51 78 84 48
37 59 67 24 49 47 52 52 46 59 66 58 82 78 73 68 62 97 99 74 17 85 52 48 40 30 45 53 55 85 79 100 147 97 39 52 86 65 76 60 103 132 105 60 53 36 14 20 21 31 26 4 46 23 41 35 56 25 18 11 49 53 55 75 80 43 62 170 183 98 40 60 124 69 79 69 10 39 46 37 89 0 104 117 122 81 202 253 88 54 107 71 34 70 22 17 27 40 61 30
45 78 61 111 32 67 66 40 0 42 84 66 55 43 111 163 80 7 66 110 31 60 105 98 102 36 31 52 57 118 122 140 127 78 19 46 56 59 70 73 92 133 102 41 27 15 1 19 21 26 25 4 36 5 18 4 60 27 75 0 42 0 84 138 109 107 105 124 42 93 66 0 68 75 73 136 129 114 83 36 0 12 38 29 47 74 102 246 235 79 63 104 17 110 83 49 31 35 93 93
88 182 138 75 54 91 77 21 10 31 40 34 42 27 111 142 80 64 26 15 37 42 44 58 57 84 94 78 72 101 42 66 112 72 47 73 52 49 36 49 107 131 83 16 8 8 1 14 15 14 18 10 23 0 16 0 49 22 47 37 67 48 53 57 130 164 116 120 40 106 58 13 108 108 58 152 195 148 113 87 50 38 64 34 31 113 113 124 149 104 98 100 57 95 67 56 39 34 117 134
60 134 118 0 36 81 57 10 42 33 17 60 129 119 190 162 130 170 76 17 35 56 43 19 37 109 96 38 41 88 21 74 102 64 91 103 80 66 45 68 124 131 79 19 16 24 18 23 17 9 17 25 17 11 36 16 30 31 20 41 19 61 28 25 162 255 163 138 124 160 69 47 122 136 104 163 166 80 64 97 64 38 64 19 109 162 149 114 128 132 106 39 100 116 85 85 66 46 120 113
67 9 47 57 3 78 33 10 55 62 45 85 122 65 121 71 74 144 65 49 41 50 47 39 78 118 81 20 36 110 53 101 103 56 110 98 80 55 40 69 105 112 73 26 25 35 33 35 30 15 22 38 11 16 45 26 37 33 50 27 54 82 75 35 118 184 83 73 63 69 20 38 122 93 45 74 103 71 82 131 153 119 95 72 166 183 134 142 156 90 65 56 54 95 78 93 85 51 103 64
146 56 83 137 48 91 46 26 79 45 43 102 85 9 61 29 53 72 26 87 73 46 50 74 104 118 107 79 122 92 43 80 111 113 127 71 42 40 59 52 45 28 19 18 21 35 45 40 28 26 17 44 23 40 0 34 50 67 47 6 63 47 61 74 40 90 75 16 24 56 83 158 212 170 71 57 71 28 53 138 157 170 130 88 144 146 101 83 106 52 51 34 29 54 26 54 70 30 70 39
161 153 127 67 62 83 43 35 78 72 58 111 57 48 38 98 127 64 52 103 125 96 62 65 85 116 107 121 132 106 92 105 77 118 107 66 75 78 84 93 45 28 28 35 27 19 21 23 12 20 38 35 40 44 14 41 57 119 77 32 39 0 123 86 23 80 108 60 49 22 42 84 121 48 0 23 33 0 21 88 108 124 91 25 166 205 110 35 16 69 88 50 151 101 37 37 40 36 35 46
85 167 140 47 57 55 50 81 80 65 42 66 30 85 24 144 149 24 52 76 125 127 76 50 50 110 104 48 82 54 170 126 38 84 81 93 96 100 97 67 48 32 38 51 35 14 13 21 34 36 44 30 28 31 2 57 91 165 108 70 144 152 181 44 30 72 75 43 106 77 81 91 74 16 13 76 88 64 60 45 71 104 93 8 175 216 116 38 32 30 65 83 229 164 63 47 41 43 63 25
47 127 141 148 107 69 65 95 76 25 15 9 44 118 68 155 188 56 66 36 47 83 43 0 42 140 88 29 71 6 200 133 127 164 51 27 57 35 6 29 32 21 27 37 26 15 18 22 37 41 31 53 31 50 13 96 102 193 129 95 155 225 151 9 25 88 62 16 73 44 65 125 93 37 37 93 112 95 67 30 30 93 104 27 95 88 67 56 43 5 49 123 209 168 41 63 75 57 52 68
109 90 63 113 93 66 90 119 69 27 39 35 85 148 138 156 126 36 30 28 20 91 79 46 49 45 92 43 56 71 36 107 86 89 50 104 114 83 48 10 12 9 15 19 20 28 30 19 5 34 32 29 0 16 30 116 122 144 142 235 246 240 216 152 92 87 59 45 38 7 27 86 86 40 46 107 126 66 16 30 125 118 58 44 91 84 87 27 43 45 34 123 208 154 25 10 113 92 44 188
38 28 18 49 69 17 13 16 16 28 44 49 46 91 97 68 69 28 25 69 45 88 45 22 41 39 39 23 64 60 31 56 61 73 40 86 127 81 24 10 28 28 34 37 43 58 57 35 35 43 50 44 107 117 143 110 204 176 148 137 247 255 221 255 220 77 55 89 53 45 44 29 45 60 85 109 120 70 15 37 100 114 56 51 42 26 92 52 0 51 77 152 172 68 142 160 50 48 80 157
92 119 117 96 54 25 29 42 39 77 78 62 54 87 82 21 27 30 42 73 50 86 26 29 98 89 89 18 66 72 98 70 118 72 79 98 91 86 90 50 51 41 41 46 50 62 64 51 32 48 57 21 58 69 237 255 255 25 138 229 233 238 230 255 206 80 98 82 33 39 42 23 40 70 73 34 44 66 42 39 72 86 51 38 45 23 117 124 49 38 66 107 163 105 252 255 48 91 91 154
103 142 145 130 4 39 62 86 71 98 84 37 82 111 97 11 25 51 62 34 20 95 63 103 117 109 107 65 39 48 74 49 109 62 74 57 55 77 109 87 47 24 16 21 23 29 40 44 35 31 22 42 57 46 211 247 244 117 170 254 239 255 242 171 86 64 118 35 29 52 50 53 66 61 53 19 35 75 53 29 67 69 59 37 77 39 145 212 157 129 107 43 161 160 171 156 111 207 0 255
27 30 62 57 50 47 80 54 21 9 47 32 70 97 86 37 57 73 55 27 65 177 155 104 69 58 56 12 19 56 85 48 119 64 63 46 100 88 62 32 13 16 44 56 8 8 20 38 30 33 28 39 32 108 255 195 164 123 245 252 152 255 242 123 51 96 113 4 108 61 41 58 53 41 38 81 47 70 53 42 72 84 73 44 65 53 129 244 202 143 139 58 41 123 60 5 121 228 5 245
70 30 37 42 44 49 103 113 62 45 25 6 26 86 83 75 113 119 77 47 117 233 181 94 30 19 65 43 70 83 110 96 121 89 69 59 102 70 45 33 53 52 52 26 14 27 53 66 60 32 52 42 6 78 201 71 29 29 214 192 113 205 205 125 118 118 79 36 93 85 86 88 64 64 57 67 51 55 36 25 69 70 42 48 55 68 121 205 141 98 102 84 32 15 36 50 46 186 82 222
85 29 40 63 53 46 110 164 116 64 26 43 86 98 75 91 154 142 95 79 125 164 105 65 56 20 68 116 69 106 70 58 41 52 17 20 70 91 127 133 121 58 20 20 59 53 60 62 69 40 30 43 88 18 18 33 93 100 161 87 128 193 96 73 159 110 61 76 75 70 103 89 105 95 54 7 33 34 30 25 56 55 10 56 56 84 73 151 110 37 61 57 60 10 61 63 40 138 113 134
55 42 103 131 69 14 47 112 96 74 77 77 129 96 93 110 130 122 81 65 74 54 30 63 75 46 73 139 122 172 82 85 42 65 17 28 79 158 229 185 59 22 23 62 66 58 81 90 63 28 21 6 82 67 83 135 89 214 175 56 188 239 42 2 120 146 96 113 75 113 66 19 47 83 81 25 71 49 48 50 52 56 60 102 24 55 15 96 159 69 86 67 44 22 24 41 72 147 191 164
97 13 1 26 25 30 28 39 74 68 48 45 124 173 164 107 74 91 63 39 49 33 37 74 68 54 73 49 118 108 23 30 60 68 40 71 90 145 194 90 22 25 30 63 6 37 51 7 0 26 49 18 87 61 26 78 182 64 146 251 226 78 34 46 115 84 92 23 125 60 67 90 96 85 52 24 124 114 64 10 16 62 14 22 88 164 31 99 160 36 89 44 147 52 88 55 42 73 118 95
37 8 40 58 33 48 42 55 71 99 93 126 62 86 67 43 42 65 73 80 78 18 17 50 35 13 61 44 66 90 76 56 59 63 77 113 85 69 117 47 30 17 0 60 17 71 85 39 57 29 63 66 70 54 106 245 178 209 243 192 255 233 226 147 53 0 83 168 76 67 75 86 118 101 60 24 58 58 50 45 53 50 76 56 29 135 115 49 116 133 52 72 16 12 55 89 37 37 79 66
56 25 41 36 5 45 49 67 62 32 45 181 78 56 22 18 40 50 78 110 97 7 13 51 56 41 71 77 31 80 91 66 73 69 73 75 50 0 44 29 21 20 0 44 5 11 45 69 41 62 25 0 24 55 86 229 204 250 210 123 223 198 126 57 4 107 125 100 78 77 41 66 64 49 34 51 45 56 50 54 59 50 62 49 48 92 147 28 69 151 70 160 126 138 88 67 58 78 169 122
98 44 36 27 16 91 109 134 126 39 54 199 108 69 60 45 44 50 60 73 83 50 88 103 97 130 106 50 77 53 34 53 127 102 63 41 78 41 58 39 23 49 4 28 37 39 66 91 101 62 40 44 50 110 77 35 248 255 225 183 140 104 35 66 25 73 63 37 76 44 53 45 37 35 49 100 50 53 41 50 41 70 42 43 88 24 109 30 45 74 43 172 221 227 133 137 144 109 157 33
114 56 35 51 21 70 137 170 143 34 9 108 115 104 89 68 38 14 19 49 100 119 140 122 99 124 104 20 61 30 21 53 136 146 112 51 50 72 92 56 38 85 56 76 107 89 82 72 79 72 80 98 35 62 80 36 236 255 229 225 58 72 52 134 50 75 54 77 26 62 73 124 127 87 81 110 60 37 46 57 80 44 58 9 58 30 39 22 22 12 36 104 166 201 66 86 100 21 86 2
84 33 33 61 23 45 103 142 97 31 11 23 80 96 99 76 37 43 39 54 79 94 111 73 63 96 92 8 20 45 34 54 112 93 57 77 15 70 90 36 22 115 129 149 140 122 115 102 98 88 65 69 7 26 138 217 114 222 183 131 46 28 21 86 76 77 70 80 75 57 96 146 118 60 76 109 45 41 76 107 115 112 72 65 9 80 58 49 17 25 72 39 120 158 81 52 66 50 101 100
46 33 65 20 68 32 94 115 53 65 105 68 73 85 75 51 42 69 70 62 28 23 53 55 37 70 110 80 46 68 40 41 66 63 31 40 15 17 56 36 31 97 102 140 184 200 189 162 129 122 89 49 52 41 244 255 133 237 194 81 33 49 108 72 27 2 19 31 110 75 81 76 74 24 40 72 32 71 125 136 130 84 59 75 35 69 50 41 50 58 109 33 87 120 154 216 247 188 80 91
46 60 61 0 87 26 43 74 0 67 161 148 74 82 40 28 35 43 78 76 29 20 45 105 85 55 82 105 49 20 23 33 55 70 50 56 64 22 39 9 26 58 62 127 255 255 160 67 36 81 63 63 74 89 255 182 208 225 182 76 31 51 132 60 83 97 133 52 35 16 32 93 82 56 29 72 54 60 102 105 52 0 26 44 83 40 31 34 22 63 88 76 140 138 93 185 253 222 82 57
70 68 15 38 40 41 0 22 94 144 154 87 42 77 70 127 76 35 80 60 29 22 0 51 82 6 10 83 75 45 104 111 100 82 53 101 91 116 120 55 32 114 125 65 136 79 44 24 52 130 175 55 40 23 159 182 255 251 226 174 110 64 91 89 120 102 123 53 12 71 29 110 61 75 11 92 120 73 98 112 18 23 25 35 74 45 3 32 73 27 83 87 35 98 110 74 104 131 76 36
61 46 29 67 21 93 77 29 52 138 145 69 100 68 34 101 102 56 106 67 68 85 76 118 108 36 17 56 57 49 98 80 52 49 39 25 64 59 61 28 29 105 130 76 190 190 165 110 129 217 252 73 93 148 135 227 247 249 252 206 72 29 54 48 95 92 151 126 28 77 0 92 117 171 73 120 185 156 128 79 64 63 23 26 83 64 9 56 41 39 79 37 43 49 43 30 39 36 15 0
46 33 59 64 53 115 155 105 51 88 94 85 125 67 46 105 95 58 97 68 87 75 104 131 77 58 60 38 1 39 57 65 74 115 156 64 140 43 22 35 8 37 71 55 121 156 145 78 78 238 254 175 90 188 119 234 229 244 202 141 12 16 82 44 72 60 110 101 19 68 28 90 60 123 55 66 134 153 100 30 49 49 34 23 88 70 41 78 98 66 85 54 108 72 55 56 66 38 42 81
60 43 33 73 73 84 109 172 138 45 3 74 62 32 37 76 46 6 42 71 127 72 110 110 55 108 179 140 49 88 47 84 57 69 113 43 73 25 23 61 52 29 61 68 42 73 95 66 74 97 111 70 110 118 227 255 245 255 123 83 64 56 118 131 88 49 61 54 43 115 106 87 31 61 47 57 69 62 16 15 0 82 96 55 33 50 23 34 48 56 90 67 104 75 75 111 111 44 35 144
59 27 32 55 82 43 68 124 118 41 8 36 23 46 121 138 58 44 85 142 188 104 95 112 58 162 255 172 85 85 47 88 47 4 49 33 86 85 121 107 87 107 74 75 111 149 129 126 121 127 166 167 134 121 246 227 236 207 93 40 83 107 164 188 118 83 87 73 24 81 86 67 0 59 27 28 69 0 58 68 10 91 200 107 71 76 26 42 55 51 108 97 56 51 58 100 106 19 71 208
16 31 26 21 78 76 66 70 89 91 65 34 40 101 210 163 86 81 103 148 139 53 78 77 30 132 200 104 68 38 48 95 73 38 120 153 103 93 116 130 128 159 179 102 153 248 252 153 174 245 242 205 223 252 255 198 215 128 193 117 54 61 85 101 66 93 87 91 108 66 35 54 53 53 50 22 84 34 99 137 39 114 205 138 112 130 69 44 42 39 92 63 51 41 48 74 72 52 102 203
55 38 7 18 90 82 55 64 76 93 73 34 45 61 157 93 37 96 50 49 73 30 51 54 6 74 114 61 109 72 101 101 82 117 151 162 96 44 5 55 125 255 244 244 109 255 253 253 243 232 101 24 196 247 183 132 80 15 94 51 41 50 31 83 19 88 97 113 164 77 63 103 85 75 91 28 61 67 78 85 70 62 80 71 70 97 63 50 26 13 41 6 42 38 22 7 23 52 73 118
137 95 71 75 66 30 48 104 93 43 10 18 70 76 105 56 85 193 143 53 26 35 68 74 38 57 131 94 78 48 89 39 45 133 129 157 231 106 21 54 132 207 248 255 207 252 236 203 255 237 255 255 236 255 245 205 80 175 87 173 114 93 50 108 71 97 115 104 95 36 58 78 43 44 53 30 22 76 38 23 94 40 10 39 55 96 85 72 67 64 58 18 50 63 42 27 64 84 72 79
130 73 67 84 74 108 143 129 55 39 53 35 37 65 90 132 156 150 133 62 29 114 137 57 50 115 118 55 121 101 19 54 71 16 75 115 114 36 206 156 4 255 125 247 248 217 232 254 244 249 238 226 127 230 240 255 31 12 94 120 151 169 79 103 107 62 77 66 33 21 37 54 88 62 48 68 53 79 60 62 32 35 34 56 63 103 78 25 65 95 78 38 10 29 25 49 36 37 32 45
75 66 119 132 48 72 130 115 63 31 51 39 48 75 49 103 122 78 92 59 52 109 116 67 41 26 45 31 87 123 9 10 42 84 99 87 140 79 215 155 236 255 225 255 228 255 245 251 187 255 255 198 236 255 213 255 87 99 85 146 64 111 81 134 156 80 77 89 98 82 65 97 103 91 82 55 49 36 50 32 23 42 66 78 70 73 47 23 65 106 100 92 39 44 29 49 43 51 75 107
47 26 75 113 41 56 99 94 30 18 62 61 76 53 26 87 83 39 30 42 128 148 134 113 54 53 67 50 95 101 0 64 75 134 81 112 194 230 225 133 255 195 252 251 250 244 235 247 255 230 253 211 237 246 255 213 143 109 29 62 90 116 116 174 154 81 66 62 78 31 32 45 55 97 123 60 51 50 64 38 46 21 32 33 42 24 6 29 60 75 80 102 72 65 50 46 59 76 93 118
49 28 45 66 13 40 76 76 19 28 62 40 78 45 32 52 66 30 28 34 74 55 80 48 49 53 38 31 131 133 59 189 115 114 63 171 139 248 252 249 223 221 255 237 246 210 229 255 255 236 253 255 167 234 240 142 117 67 7 55 155 103 112 107 95 43 51 35 47 12 93 76 23 79 121 82 48 61 56 76 48 15 16 0 39 39 6 9 59 50 58 75 59 52 76 83 102 117 99 98
82 58 53 49 23 38 68 52 16 21 54 42 31 68 33 44 55 51 78 61 29 38 44 32 58 95 76 30 100 100 90 208 123 110 31 168 0 128 182 222 89 202 242 253 227 254 249 255 208 247 252 228 230 255 200 45 40 107 87 95 159 62 27 46 38 24 41 22 37 88 201 174 28 11 107 140 26 29 47 26 37 44 34 46 46 63 35 12 58 106 55 28 68 58 45 83 130 117 95 54
67 88 59 61 48 47 60 39 21 25 55 45 27 58 39 64 55 91 89 64 27 67 54 57 93 128 82 0 51 84 70 84 68 152 66 69 66 51 213 255 190 221 255 230 255 232 181 241 232 244 252 234 240 241 121 32 42 118 135 70 138 21 16 30 12 67 53 15 57 61 122 178 92 83 98 83 44 28 9 18 12 43 61 101 9 65 49 17 67 101 57 31 33 30 18 23 56 68 76 59
14 53 14 49 60 46 42 39 29 50 59 39 31 72 61 80 90 61 64 66 27 28 31 49 53 59 43 15 45 45 48 13 43 133 42 23 13 42 235 255 249 115 91 105 249 164 81 255 226 255 223 255 222 240 28 63 31 51 118 5 172 39 77 66 30 86 72 43 47 5 16 78 139 102 61 42 66 58 26 34 32 51 54 55 24 52 65 70 109 83 58 79 37 19 20 20 11 40 72 95
3 32 37 88 81 47 19 46 33 90 65 38 45 38 28 116 88 20 34 28 45 3 30 62 69 26 35 80 97 53 75 23 69 83 23 82 33 154 153 84 67 39 83 214 176 232 188 255 102 247 207 249 255 251 11 139 0 15 107 39 170 37 54 63 37 89 101 90 61 18 36 114 126 64 38 48 30 47 77 101 107 82 62 55 64 54 73 107 112 63 62 108 50 58 85 64 53 70 89 142
37 44 96 107 76 61 0 5 40 51 49 11 0 164 216 67 71 60 72 21 59 78 123 141 97 36 29 70 106 87 129 48 0 44 71 102 103 165 88 72 39 86 86 43 84 123 250 247 198 248 255 194 139 68 17 37 46 35 30 12 41 14 11 49 29 102 119 89 59 29 72 198 187 75 11 59 55 98 122 126 130 79 64 105 40 54 59 65 58 42 61 80 38 104 155 89 40 35 11 51
111 91 125 77 106 173 91 29 80 99 64 44 32 103 137 76 77 50 80 57 0 88 165 137 69 24 18 31 71 54 109 56 36 57 43 37 84 96 46 40 18 96 89 116 65 39 146 145 74 187 195 113 129 47 36 58 59 42 51 46 75 66 72 42 53 70 101 65 20 11 49 92 87 72 36 54 32 19 45 105 100 55 31 42 35 61 71 61 36 18 43 63 52 98 150 97 29 45 33 94
93 96 104 22 119 218 141 41 69 76 42 66 56 63 71 24 121 52 80 104 21 96 155 124 88 64 61 40 66 15 58 53 20 29 26 48 20 56 51 66 47 123 70 49 93 82 97 89 85 158 122 65 76 52 53 70 30 25 77 57 52 10 85 49 62 25 74 58 48 70 76 5 26 69 65 44 54 5 30 79 82 52 40 27 91 90 104 100 54 12 32 67 84 55 87 77 29 56 39 102
44 114 135 42 135 184 113 27 54 52 44 122 105 53 46 22 79 60 44 49 93 110 94 111 122 115 95 36 78 41 67 62 46 34 42 56 15 79 56 94 78 119 92 25 8 46 45 40 87 91 63 0 45 27 45 41 22 17 43 105 40 18 61 29 42 36 67 43 114 145 113 40 24 77 102 42 59 7 74 101 61 44 83 141 113 101 93 80 59 25 39 56 87 27 39 32 72 79 28 71
60 135 221 169 47 112 102 86 106 63 59 171 135 125 96 3 58 48 41 13 106 60 56 66 102 107 60 50 98 51 93 89 42 27 32 78 55 70 39 52 52 123 125 115 18 74 87 62 113 109 68 15 47 30 62 47 35 45 87 91 74 59 9 72 12 75 52 42 77 56 59 7 22 21 14 1 21 0 37 72 43 38 78 155 95 73 42 47 44 35 27 23 90 5 41 80 132 102 79 102
63 106 194 129 66 73 130 160 159 53 11 67 109 134 116 47 106 102 110 94 86 35 43 71 65 44 41 100 44 37 108 98 43 39 33 55 46 94 74 72 45 118 96 74 21 55 44 29 43 37 16 3 61 50 72 57 43 58 119 121 65 32 18 64 29 63 77 90 123 100 99 103 95 59 39 40 32 26 30 49 125 84 63 96 92 54 50 20 38 55 44 73 30 32 74 99 96 112 83 157
59 76 109 74 84 41 106 186 122 57 43 10 45 63 72 43 123 129 133 122 62 65 61 45 25 25 42 83 16 39 111 68 20 40 37 46 55 106 78 70 63 112 58 36 58 82 51 37 36 53 50 27 64 56 77 72 49 52 103 104 35 5 43 71 67 57 88 95 109 49 23 56 49 1 0 29 34 99 77 49 136 93 31 111 95 46 34 46 58 70 91 103 71 32 65 49 55 108 62 125
78 113 131 123 52 39 103 140 87 69 86 28 8 23 58 1 90 78 62 73 37 60 44 17 28 46 31 7 62 38 65 29 7 67 35 23 81 110 51 77 34 106 100 75 72 42 20 27 32 62 57 10 26 33 56 56 0 12 60 100 77 56 98 97 75 48 82 81 120 51 29 31 64 42 72 71 53 145 113 43 101 49 0 81 104 75 30 22 43 52 82 115 159 52 32 15 57 100 72 59
53 72 107 123 0 40 104 38 76 201 119 24 49 0 0 80 93 48 20 50 46 15 9 55 92 80 33 12 145 70 59 71 64 21 37 36 16 108 128 46 31 50 39 19 12 0 22 37 76 78 64 33 53 57 56 59 90 99 89 109 95 71 91 85 141 115 117 84 141 85 76 14 23 31 96 72 39 114 116 68 0 2 74 26 63 45 64 38 61 86 68 160 151 95 40 67 26 24 88 51
71 84 101 117 68 34 61 61 103 119 12 12 58 52 54 80 101 73 42 47 59 22 22 81 116 95 57 62 137 116 115 117 87 88 69 39 77 165 151 87 36 18 26 80 118 114 99 58 59 48 49 50 65 49 35 64 149 145 96 94 66 69 94 110 106 103 93 59 118 125 133 55 28 18 51 41 20 63 72 61 25 11 103 55 54 61 66 20 89 118 82 143 70 79 91 142 70 27 177 186
92 138 139 115 98 7 10 95 135 134 72 71 86 71 51 56 59 83 72 56 54 49 40 57 71 53 48 56 47 91 121 85 31 49 55 38 68 105 81 51 48 45 57 119 136 110 83 63 27 28 38 38 52 56 48 85 112 104 83 106 46 66 66 61 71 91 92 69 73 133 117 76 56 53 39 61 56 99 104 122 69 54 135 148 33 34 46 34 73 102 76 64 50 47 116 174 67 3 130 157
97 114 109 78 72 94 83 49 51 72 73 53 66 71 35 20 30 80 106 112 67 55 43 56 54 10 26 41 4 36 85 53 0 9 41 47 44 19 7 36 60 66 67 132 145 98 39 24 61 59 39 3 22 62 44 48 43 22 31 90 28 87 91 70 65 99 116 104 46 128 74 77 24 70 38 62 31 78 86 129 52 25 103 125 31 47 114 68 100 143 85 52 103 66 93 163 90 20 66 62
67 59 45 0 47 115 99 59 9 38 103 95 76 62 26 15 38 42 62 88 70 66 43 66 55 43 40 74 132 49 0 37 47 68 82 42 47 60 91 84 79 43 36 109 203 148 96 77 87 68 39 0 54 37 0 18 47 51 26 15 91 132 139 134 127 157 123 80 46 95 62 68 16 88 24 29 89 43 36 79 64 58 67 0 68 76 141 90 66 120 104 123 30 15 90 54 28 85 69 7
51 55 51 17 44 72 55 76 66 30 117 179 75 51 45 57 29 23 23 23 18 24 32 76 75 65 72 108 148 68 16 36 81 72 61 43 0 67 121 121 63 26 63 166 170 157 133 78 53 27 33 41 23 59 41 34 64 29 39 77 247 218 158 91 73 81 63 33 17 26 51 84 47 78 71 37 94 83 66 106 93 67 69 11 122 121 161 83 0 36 47 77 32 16 92 40 11 76 100 79
51 63 76 71 94 74 42 102 59 4 22 70 83 114 76 57 40 32 38 31 41 27 30 73 62 52 66 91 107 64 57 84 27 52 54 40 7 58 85 80 63 54 87 162 71 79 91 69 33 24 49 63 26 78 105 99 62 13 21 72 255 193 94 13 8 30 31 4 15 12 84 94 66 98 164 42 42 82 63 80 39 43 86 47 145 133 186 128 29 27 35 57 64 71 168 123 37 87 127 125
12 24 53 58 125 96 51 87 110 60 70 34 72 112 83 0 18 68 105 61 60 51 62 88 93 42 20 36 59 66 69 63 100 131 85 10 58 72 48 21 51 73 61 98 31 34 44 83 114 89 58 51 109 101 74 37 60 18 13 67 166 74 6 21 68 77 55 40 50 25 106 108 32 59 179 92 43 79 37 36 57 73 141 72 14 4 145 158 72 38 14 11 27 56 154 134 87 57 31 22
40 41 67 28 110 100 67 51 11 38 54 24 90 106 61 51 66 87 79 7 32 80 102 93 67 48 45 39 15 33 59 59 93 158 122 26 63 89 86 76 101 98 57 82 76 48 16 31 54 64 22 16 78 54 67 95 43 132 149 68 87 99 93 54 82 61 11 49 55 21 113 174 101 30 82 97 40 52 37 82 162 218 136 50 69 41 49 128 103 86 58 40 29 27 50 24 0 24 65 84
64 65 91 16 61 89 91 52 63 48 77 86 14 69 41 0 2 69 147 116 41 0 31 92 137 89 50 48 56 106 100 47 61 127 119 59 10 55 62 45 76 46 40 82 92 76 69 47 87 79 14 42 42 34 54 70 76 117 151 61 55 54 99 67 83 87 17 38 27 4 66 126 89 18 43 124 72 55 41 76 127 165 135 106 40 22 35 76 85 76 34 0 17 43 63 70 55 38 16 8
9 22 71 24 13 80 105 67 49 106 122 110 32 100 78 98 101 117 155 133 58 56 102 158 160 144 108 79 52 99 102 63 59 63 29 10 11 76 77 45 68 42 45 70 50 54 76 50 86 115 91 127 80 40 58 45 103 110 131 51 17 71 141 84 81 120 48 31 51 65 90 107 73 22 26 85 62 61 69 88 99 102 81 76 16 20 55 81 86 105 93 45 102 90 53 35 51 60 36 3
26 44 105 92 27 98 108 65 53 100 109 84 34 51 17 54 73 75 53 4 8 144 168 98 63 92 86 51 0 41 59 44 35 50 30 0 44 54 60 66 55 52 35 51 42 68 82 64 93 104 58 66 92 48 70 28 81 74 83 62 0 96 168 124 131 139 48 20 75 88 90 98 112 31 19 68 78 56 43 47 39 30 30 43 9 22 72 87 95 112 101 28 124 104 63 41 31 69 57 22
36 58 100 51 65 103 101 67 63 96 78 35 132 92 32 50 91 100 129 86 15 115 141 49 9 55 81 61 39 39 35 20 51 87 60 17 50 59 81 89 78 62 69 67 44 53 69 53 97 101 22 37 68 56 32 62 61 66 46 38 57 122 175 113 113 112 70 58 67 102 78 66 100 46 42 95 40 61 54 28 32 79 75 43 0 33 76 64 56 86 33 0 21 56 77 63 57 81 44 15
66 48 74 22 55 67 72 58 84 81 60 6 41 32 10 8 30 44 83 98 77 67 40 36 53 116 119 114 31 53 55 90 116 115 59 6 35 53 80 76 63 72 101 86 36 42 66 47 83 124 68 60 34 60 61 82 91 82 24 71 94 143 122 69 53 103 69 83 108 104 61 31 35 34 41 66 101 127 89 25 63 116 99 27 14 34 79 78 59 85 67 14 0 40 80 53 43 61 103 86
132 81 86 35 71 52 56 69 48 62 49 66 57 63 14 36 20 6 39 42 28 21 24 24 56 92 85 93 27 53 76 136 123 71 26 20 35 7 28 40 11 22 62 66 45 79 91 33 58 107 34 38 57 89 66 117 106 81 32 102 106 102 60 23 27 83 48 89 128 96 66 57 18 54 58 46 143 150 99 36 40 96 89 16 69 59 86 82 89 94 110 58 28 90 112 46 32 30 104 85
149 78 57 46 94 78 29 17 19 30 44 105 166 108 22 59 103 73 68 23 33 65 71 28 14 50 77 46 68 88 100 64 4 5 60 122 127 68 70 70 0 40 110 99 40 58 80 33 50 87 98 111 87 85 52 28 92 9 29 95 48 24 65 6 46 40 14 54 80 52 55 84 74 114 118 90 147 101 40 5 29 58 60 25 93 69 82 69 47 51 87 35 23 93 130 99 41 37 53 38
50 52 70 77 57 62 26 49 44 5 52 74 194 98 63 77 102 130 108 14 11 34 95 170 141 52 44 38 80 10 36 62 27 70 115 95 48 17 50 38 10 89 176 144 40 23 56 47 32 154 189 107 93 55 27 30 51 55 37 68 84 40 49 70 75 14 23 33 32 45 69 100 159 155 119 74 73 69 75 89 79 65 60 54 65 38 62 60 10 6 34 23 79 110 75 26 106 121 45 48
57 37 22 45 44 126 100 101 125 89 131 141 136 99 112 131 126 115 107 68 73 103 104 84 47 46 60 48 68 62 78 73 24 67 108 85 39 8 42 35 18 103 189 162 57 23 73 114 82 87 124 58 52 38 75 72 65 74 110 177 78 59 77 50 73 3 40 29 27 86 130 148 133 131 110 92 73 113 127 116 81 58 67 83 44 19 53 60 28 64 82 29 40 25 52 97 155 176 40 35
68 36 21 27 20 129 137 130 106 94 111 129 46 37 37 76 55 23 55 56 25 100 128 65 62 73 67 54 43 61 71 77 38 27 43 68 73 39 58 63 18 105 186 162 56 5 80 183 108 40 26 26 99 55 33 60 55 71 108 163 54 34 55 27 58 3 39 48 61 96 140 156 151 129 89 57 36 83 99 77 30 23 48 78 57 36 61 54 20 59 70 28 44 18 63 101 122 136 31 5
75 35 40 43 37 126 127 90 54 20 42 46 82 29 27 61 50 43 73 75 15 41 55 50 49 55 45 22 30 55 60 41 34 20 38 93 147 119 90 44 17 57 99 99 47 9 67 166 122 35 27 47 91 61 39 60 67 43 41 61 33 28 81 63 79 37 62 107 125 85 101 121 137 101 56 18 6 28 41 27 10 6 25 49 69 56 67 42 36 53 46 13 35 10 54 51 84 101 73 47
23 50 43 39 42 91 121 53 30 33 23 79 109 81 105 142 118 69 62 82 65 38 34 38 30 21 29 57 73 37 43 46 62 71 89 138 128 98 94 39 14 22 48 11 66 30 65 86 68 57 30 42 31 63 116 149 82 64 69 89 71 69 103 100 115 63 88 96 108 76 72 143 121 30 0 47 61 40 8 15 63 113 90 46 31 80 61 24 41 84 79 65 93 41 40 33 19 83 19 19
8 51 58 42 29 41 83 53 70 77 82 152 178 128 131 161 65 13 39 104 106 92 108 121 106 55 28 60 128 95 76 55 58 46 46 62 53 61 83 56 73 73 59 28 65 76 73 47 21 35 32 45 15 32 86 128 140 95 64 69 63 75 102 81 74 24 50 55 53 19 41 136 165 101 50 66 62 64 47 45 93 128 94 47 40 88 60 10 32 65 55 58 76 51 60 53 42 85 19 40
31 52 48 37 55 32 60 41 89 90 99 177 190 106 86 112 56 8 49 115 111 119 149 143 104 66 46 66 146 86 73 76 37 18 29 17 4 35 50 35 78 86 54 40 63 139 120 57 40 61 61 65 12 0 29 58 97 62 40 50 52 64 68 21 44 11 35 24 21 9 45 122 176 153 101 65 37 63 56 36 76 99 65 32 60 124 100 41 25 39 12 31 16 20 31 17 121 141 76 118
61 51 29 35 93 49 56 39 83 70 71 149 150 46 18 49 39 0 31 56 28 60 97 54 41 49 65 72 132 37 42 89 30 16 48 21 0 32 20 1 42 62 46 42 57 164 163 93 64 72 64 74 33 16 20 26 27 32 48 68 60 61 53 0 32 25 44 15 24 49 78 95 60 82 64 35 28 95 112 88 36 55 29 12 74 157 145 84 80 73 29 59 8 32 38 13 67 80 18 67
