146 118 31 59 75 43 31 98 173 190 198 118 85 22 54 81 164 70 124 64 26 0 60 152 84 28 89 50 57 88 105 76 171 220 180 182 227 228 207 163 137 161 239 242 170 41 48 158 255 188 91 96 138 61 185 220 197 126 61 118 156 78 21 50 87 101 28 90 88 118 163 125 118 137 189 78 84 89 155 124 87 136 109 100 6 80 70 84 96 110 127 97 41 47 22 28 80 89 76 22
219 255 83 41 153 165 65 30 69 126 159 64 89 144 241 255 189 21 0 93 70 45 111 151 72 51 159 179 68 85 83 8 50 171 59 223 255 255 240 195 146 142 205 249 151 102 128 200 242 219 113 180 211 104 213 183 104 123 116 86 177 133 44 60 127 155 17 91 160 121 67 99 45 39 95 13 105 123 170 100 70 115 127 67 80 24 41 14 60 121 125 115 47 65 54 45 113 98 50 55
211 221 150 1 132 176 68 51 70 59 15 37 56 140 255 248 206 42 95 86 24 19 110 118 62 67 189 230 52 44 77 14 57 92 22 84 117 184 253 250 113 49 91 137 36 63 172 214 151 147 131 87 140 91 203 139 51 64 125 36 125 142 96 81 110 126 17 81 112 64 22 62 101 67 108 78 131 87 122 143 100 121 107 153 216 85 66 45 66 122 78 89 57 102 76 21 94 88 11 46
122 53 95 21 74 81 10 49 107 16 0 57 48 81 209 248 79 19 192 157 81 39 98 71 28 53 52 90 84 0 0 100 70 9 66 66 80 144 255 226 77 70 51 59 93 74 151 239 255 226 183 39 26 37 165 152 55 26 85 15 83 81 46 24 44 98 77 75 48 42 75 84 18 52 91 123 173 182 151 157 228 192 73 168 193 81 43 13 51 77 30 38 51 110 88 39 61 91 19 21
214 127 37 76 143 111 64 124 138 85 93 21 12 14 110 215 147 102 145 179 114 39 92 77 32 68 31 18 61 106 128 88 55 39 73 202 181 159 244 168 82 55 25 43 60 44 155 236 243 210 110 144 66 54 125 154 127 90 55 26 117 79 39 63 139 211 150 52 86 82 57 21 64 111 119 142 194 215 168 185 206 202 122 117 73 12 120 123 76 79 75 55 77 108 99 102 132 163 116 75
136 147 95 86 255 203 104 154 251 255 74 28 35 46 67 107 113 145 208 156 133 86 135 119 86 97 55 88 118 175 171 130 109 153 112 149 112 62 131 99 32 98 89 147 124 82 160 255 200 111 36 87 54 46 56 104 171 111 33 34 92 56 41 44 129 200 140 23 68 65 41 43 119 165 192 179 198 105 48 103 175 180 169 159 69 31 168 195 71 34 35 27 82 88 56 62 96 87 74 21
117 168 213 81 191 156 75 104 215 211 0 58 47 69 73 34 46 144 255 106 105 99 152 113 58 68 78 105 116 154 140 76 171 232 255 116 76 43 66 73 72 110 114 178 116 93 197 240 102 46 93 49 94 91 69 73 67 23 20 71 122 99 99 64 61 132 138 64 12 3 21 78 110 150 146 113 167 111 78 147 182 99 66 139 117 123 138 118 58 29 12 42 103 95 61 64 69 48 86 47
48 116 178 135 72 148 152 115 101 45 76 84 3 1 41 13 35 108 146 90 103 92 142 74 23 77 69 70 212 150 56 58 88 155 255 154 105 79 51 40 60 79 33 67 105 56 105 89 14 59 111 66 98 79 93 61 39 30 31 57 132 78 48 46 69 91 83 97 92 108 51 59 97 103 81 124 174 107 71 213 209 90 44 70 91 113 101 62 66 100 83 111 97 54 54 94 46 50 138 114
29 80 184 187 116 224 188 118 48 26 170 190 23 40 123 77 55 79 52 103 109 106 109 38 0 70 82 96 207 142 35 80 59 43 109 104 49 44 0 34 100 111 106 71 235 193 64 3 19 99 80 59 8 11 58 74 85 106 107 0 77 20 0 24 126 140 41 67 155 177 83 59 106 100 56 204 167 64 43 102 156 89 77 61 63 97 75 30 37 74 149 159 71 13 43 85 70 51 57 50
169 234 247 183 218 168 85 34 25 51 144 172 88 168 255 143 64 116 69 75 86 100 119 68 43 104 80 55 49 44 36 118 137 96 82 67 20 49 35 98 246 244 175 108 240 235 89 10 45 70 60 82 64 18 30 73 47 50 43 3 58 30 51 62 110 167 134 71 109 117 163 96 100 87 94 139 84 58 81 97 99 57 37 88 97 107 50 31 46 29 80 134 98 44 54 86 93 83 44 52
144 248 233 244 255 57 14 78 1 73 134 96 27 199 243 161 122 156 66 19 75 96 161 154 109 123 87 55 36 69 69 39 55 112 91 68 7 71 61 104 209 183 134 11 129 122 71 18 22 75 59 12 40 61 55 41 61 40 21 26 24 7 70 83 4 102 214 161 11 3 138 170 57 43 108 116 96 68 42 27 45 91 58 87 62 100 49 24 79 63 41 21 38 88 77 6 85 88 37 73
10 255 250 225 228 97 137 41 126 52 169 255 183 49 206 99 172 176 62 1 63 44 107 129 152 59 40 65 83 25 55 63 55 108 67 96 32 53 45 132 175 92 61 59 62 37 3 35 64 34 15 20 74 37 23 79 50 20 21 31 9 0 82 128 27 25 196 210 71 139 137 85 17 28 64 61 88 54 8 31 44 38 37 154 108 54 21 56 65 40 60 101 97 69 70 86 90 67 30 60
76 125 234 118 174 118 140 183 146 99 74 146 114 88 163 82 101 145 57 59 53 41 77 120 73 41 64 94 143 73 65 66 60 109 35 52 45 102 69 87 110 56 103 17 8 16 65 14 22 39 30 4 55 46 21 34 30 0 26 19 21 17 70 130 69 48 197 150 66 208 226 138 33 61 32 21 29 32 48 104 81 73 59 73 29 54 81 33 27 37 23 0 20 101 160 166 128 86 78 54
108 2 66 63 17 8 207 245 111 65 99 52 20 64 127 143 106 167 84 124 18 45 74 116 47 37 69 142 196 102 19 70 91 67 9 80 126 120 46 46 59 92 231 253 120 70 58 45 11 25 12 12 48 32 19 37 46 17 36 19 34 40 44 71 36 81 179 185 64 122 150 164 159 115 32 57 26 29 78 127 96 58 76 73 26 36 89 51 50 101 105 51 36 90 142 153 83 89 137 85
183 128 10 44 109 78 134 234 221 255 136 166 146 139 162 153 118 110 60 135 54 76 117 99 53 90 103 46 66 40 14 114 166 128 76 82 153 168 107 64 64 117 255 211 102 11 3 0 37 44 6 23 40 34 43 55 43 29 23 28 23 63 66 51 89 174 201 180 26 18 29 172 234 144 32 65 50 33 52 93 79 36 63 54 32 72 164 199 166 161 123 76 65 71 59 39 12 45 98 85
255 182 23 8 105 58 93 112 195 255 223 252 199 109 172 90 154 56 62 163 165 109 127 10 86 103 145 47 81 28 30 154 215 130 78 76 185 215 185 155 78 59 79 61 46 38 10 10 42 57 1 16 17 23 33 18 34 37 7 34 0 62 92 52 129 222 232 63 35 80 49 133 134 124 43 44 72 47 3 25 44 52 79 43 60 165 236 252 206 156 83 35 22 18 22 36 44 32 22 61
214 123 119 57 11 0 108 45 40 116 255 160 124 14 78 20 139 43 100 83 109 102 197 34 143 110 130 117 135 105 87 227 237 95 55 210 214 147 147 84 51 106 114 88 104 86 23 18 70 83 0 9 17 50 34 42 43 58 22 30 20 34 32 11 75 131 111 65 78 132 64 87 77 38 61 96 97 93 10 15 32 39 58 12 64 172 154 117 86 89 92 33 37 26 18 60 107 103 91 87
125 153 235 43 69 180 92 17 73 115 163 114 97 64 59 23 68 31 123 30 44 85 232 85 159 95 89 72 101 106 134 244 255 138 160 255 220 120 96 22 52 175 159 107 43 12 5 21 86 78 23 41 29 61 57 41 62 91 44 34 13 38 30 12 36 50 18 136 80 83 0 53 42 68 63 117 175 125 99 79 60 35 48 0 57 113 76 8 58 109 100 54 69 35 41 47 101 166 215 155
100 194 86 125 53 253 77 59 23 82 121 107 122 150 100 75 123 127 244 153 78 55 134 58 74 131 108 68 105 140 160 255 249 86 187 231 194 182 208 67 58 142 62 69 67 73 76 46 42 29 7 21 7 65 81 34 70 75 42 65 50 40 36 73 85 101 78 89 72 89 14 49 49 88 131 126 128 145 156 189 115 52 46 25 55 87 71 89 143 154 76 36 25 21 37 61 63 181 255 166
190 187 23 253 80 238 220 92 31 16 36 16 123 203 153 72 47 171 255 146 66 162 181 126 7 93 152 63 51 114 200 152 169 107 199 107 120 125 154 107 48 107 44 46 33 15 54 69 78 71 46 17 9 65 71 7 9 83 101 73 75 87 85 72 45 72 129 63 85 56 7 67 63 19 76 90 63 169 97 58 144 133 82 68 65 39 50 16 75 224 186 70 1 143 144 49 164 10 234 240
160 178 75 196 69 180 124 96 97 67 110 53 80 116 128 92 70 89 93 86 59 77 14 63 95 102 82 178 96 95 56 80 107 86 194 69 74 76 146 175 156 142 81 31 41 28 58 78 93 87 60 26 54 79 68 43 113 191 220 122 126 149 173 138 77 76 99 116 90 79 44 60 100 42 52 42 0 62 56 71 138 90 127 81 154 196 104 31 107 216 198 157 59 104 211 189 154 142 255 239
253 251 169 22 134 216 131 184 143 63 69 77 106 141 149 125 91 86 91 135 205 209 105 111 128 176 174 111 209 164 131 89 135 64 170 93 46 48 187 243 211 178 134 28 29 32 62 87 87 66 44 19 63 34 14 44 144 172 211 136 130 121 145 128 147 214 237 233 46 45 170 182 107 31 59 32 90 85 4 48 174 137 48 224 255 206 143 65 110 210 191 198 161 90 234 178 138 140 118 93
255 220 237 228 165 117 17 131 205 141 110 109 127 138 145 135 110 92 83 130 188 233 169 154 29 71 207 193 252 255 245 63 32 64 108 55 65 20 117 255 232 190 146 61 56 51 43 46 33 14 19 0 54 30 43 104 124 102 106 55 45 96 154 170 198 225 255 255 106 68 165 172 142 81 112 59 166 154 44 81 131 97 53 239 222 151 72 77 51 134 88 98 149 101 155 82 107 247 37 26
95 195 237 131 150 214 131 117 86 151 194 145 117 65 101 125 105 51 20 109 97 165 162 209 60 55 161 169 173 254 240 51 5 71 87 80 128 57 57 121 121 91 69 65 74 61 35 36 32 21 38 0 28 28 70 124 62 0 39 128 122 125 142 202 223 219 232 206 148 147 55 33 153 158 103 47 90 104 118 119 81 83 174 95 129 184 160 161 68 119 58 60 131 146 74 66 178 225 47 157
85 131 38 160 42 107 142 87 58 169 185 97 78 114 107 106 75 53 53 39 18 48 60 120 34 25 37 83 62 123 220 76 73 92 36 114 159 91 38 24 11 54 0 86 83 65 44 46 45 56 43 44 20 25 104 128 55 24 61 97 47 13 0 23 61 121 158 134 139 162 93 61 132 104 75 37 91 81 88 88 75 195 241 131 91 158 234 254 71 81 94 75 91 142 90 93 125 146 108 166
241 255 73 42 55 169 231 166 39 94 103 64 112 134 162 84 17 83 175 115 75 121 86 83 49 87 57 184 214 76 80 16 54 80 73 52 66 57 53 36 56 102 54 88 57 45 33 28 49 27 47 102 45 80 129 116 101 132 186 5 45 86 70 100 137 143 213 190 103 131 163 148 89 44 117 59 129 101 65 53 150 243 253 141 83 83 161 245 24 6 42 40 1 74 109 123 67 111 139 137
78 207 22 255 162 108 138 169 74 122 85 125 151 134 124 39 31 81 196 157 13 13 51 12 5 92 96 61 234 70 38 74 130 86 110 91 37 14 74 36 36 55 34 39 13 15 20 23 17 10 18 6 0 54 80 59 66 166 177 60 72 82 41 15 58 166 231 239 176 107 42 82 70 26 154 120 80 57 88 78 120 255 213 6 200 234 46 80 39 116 25 91 102 67 114 165 33 50 49 186
35 90 171 249 181 165 14 55 58 160 205 255 198 47 50 102 90 140 124 77 57 115 110 98 103 76 208 116 164 126 130 125 158 116 174 249 181 167 62 52 60 29 20 22 18 18 22 32 32 57 39 2 126 81 52 187 212 53 131 125 146 54 32 122 71 95 156 70 53 125 193 52 30 67 23 125 209 165 137 219 158 46 50 121 210 248 105 120 59 81 18 128 196 66 76 36 77 11 60 79
145 79 142 167 255 170 53 62 40 65 147 119 126 69 197 255 161 123 48 48 49 93 20 11 56 85 95 97 42 205 225 162 220 80 255 177 158 193 177 93 67 31 29 21 27 33 32 35 56 17 62 56 108 89 125 232 187 62 143 159 176 153 83 59 16 148 189 142 85 136 154 75 77 133 89 119 68 187 255 191 118 105 145 202 217 225 247 52 31 91 166 145 213 140 111 121 93 29 39 234
158 134 85 132 255 185 74 111 94 40 149 173 165 129 173 152 103 63 13 182 159 144 201 148 8 9 103 48 121 96 117 254 237 11 78 221 202 217 229 148 55 62 62 39 43 61 61 55 49 72 56 5 7 29 12 87 83 49 100 255 220 86 11 92 32 82 73 146 74 81 112 146 145 138 138 60 0 115 225 234 228 137 86 163 255 172 194 148 149 144 167 255 246 202 90 92 51 12 100 101
255 227 68 94 186 93 57 97 172 38 50 195 234 186 61 0 26 110 16 111 157 119 187 127 46 72 0 59 61 59 141 192 165 146 165 242 240 172 204 149 31 61 46 26 23 31 21 15 16 28 36 72 91 115 82 125 238 172 132 58 106 114 44 46 31 95 144 144 94 53 164 177 181 168 162 35 113 181 115 130 137 15 78 249 184 135 39 0 62 217 113 107 126 171 142 123 54 20 47 124
251 255 58 111 106 35 74 73 189 164 73 51 175 244 139 32 81 122 124 76 69 25 41 84 51 74 71 82 16 38 19 128 147 17 164 233 198 166 189 120 25 50 19 29 38 31 14 20 19 42 48 66 148 194 173 170 211 126 3 24 57 51 42 68 41 177 155 205 97 119 152 193 135 165 225 136 183 147 26 79 135 100 163 214 255 121 79 150 0 76 128 52 95 42 145 94 100 37 79 113
243 181 81 111 51 96 151 110 217 255 174 91 109 209 215 70 59 118 163 198 67 22 128 151 51 61 106 208 99 135 24 105 247 215 81 81 133 174 187 95 9 23 4 51 61 53 39 31 46 40 83 93 109 186 156 120 82 62 85 90 79 25 46 99 114 187 118 165 82 206 149 254 140 251 252 202 42 22 91 159 245 255 190 138 165 98 211 103 108 215 151 219 180 79 178 81 123 47 76 118
98 33 51 130 58 113 120 126 132 178 161 171 72 157 155 78 58 57 136 137 119 123 124 83 115 71 69 0 136 134 14 92 217 255 123 37 70 140 107 44 28 35 18 21 15 12 16 23 15 26 14 64 43 66 44 45 27 47 154 18 18 109 69 65 91 188 154 134 161 255 237 245 251 255 250 155 139 102 209 215 192 255 107 55 218 7 29 44 126 247 254 164 131 131 255 255 244 126 71 146
38 102 154 178 182 162 108 198 109 70 69 80 0 133 176 110 118 92 28 126 21 55 56 86 78 51 193 223 0 111 40 71 167 109 72 74 29 70 18 2 81 58 42 20 42 63 58 45 51 54 48 63 58 72 49 105 179 95 138 29 18 21 55 92 68 148 4 170 255 224 255 8 240 232 170 232 255 53 92 238 255 242 39 94 189 176 242 181 16 242 253 134 59 126 231 246 221 131 77 67
123 47 121 196 235 231 236 131 90 32 227 193 150 83 184 179 207 76 141 109 102 78 60 15 47 61 250 236 17 95 58 73 80 48 26 47 43 109 7 37 47 13 15 0 37 72 57 24 47 54 7 73 130 26 40 53 79 59 116 24 157 92 6 60 105 155 55 30 183 232 230 67 191 144 207 255 215 221 163 246 240 255 38 96 169 255 227 137 162 145 81 158 200 162 125 182 167 98 67 52
84 39 43 108 222 251 242 204 217 168 240 189 96 100 156 238 181 55 154 179 38 19 21 72 133 107 145 173 156 231 109 44 75 45 13 36 22 100 10 34 34 23 53 24 36 61 73 66 97 104 62 44 162 202 157 85 168 79 83 45 107 18 128 251 253 231 31 100 255 232 75 77 74 63 161 252 255 248 235 249 238 98 62 125 182 248 211 36 83 54 92 84 166 122 37 68 71 36 8 63
100 144 86 76 114 233 183 243 163 183 236 73 28 41 119 215 126 87 154 195 90 163 187 127 136 136 68 31 226 252 162 153 209 132 108 201 112 85 28 37 29 26 52 35 16 33 74 95 144 131 43 162 255 240 149 30 80 163 131 99 73 27 188 216 233 163 127 126 153 251 155 99 93 50 32 243 255 59 178 248 255 43 109 119 99 182 197 73 88 73 34 39 63 48 49 95 150 151 131 104
130 252 199 203 118 220 163 242 156 172 198 150 129 119 120 254 138 41 130 151 132 255 239 228 63 93 112 72 232 244 240 240 245 245 155 236 170 72 22 36 23 15 22 40 12 20 64 84 137 119 86 159 212 255 182 90 87 106 119 105 12 133 129 59 68 47 249 162 160 171 178 18 75 65 56 104 226 127 26 109 123 81 185 136 0 137 160 160 87 128 30 172 106 66 101 134 159 125 100 35
94 154 77 252 248 255 151 137 177 129 60 23 36 79 83 224 206 170 200 186 165 231 255 244 92 64 175 101 124 147 255 223 252 205 83 181 90 0 43 38 22 21 26 71 29 19 57 73 88 113 102 111 129 201 201 111 82 112 57 134 80 255 223 228 135 233 252 249 238 125 108 196 178 48 144 77 194 187 37 45 10 104 183 110 6 166 120 166 70 111 87 244 167 107 122 153 96 37 23 86
59 33 51 162 142 191 199 115 142 70 61 77 76 89 63 111 140 79 48 250 234 182 201 230 92 67 218 215 117 204 255 220 226 188 127 62 66 26 113 46 22 37 62 94 57 69 85 58 63 84 97 161 157 162 75 62 68 100 42 62 90 202 222 255 70 240 210 255 158 151 125 255 252 164 125 127 137 190 121 109 1 84 109 124 51 57 88 71 103 76 133 208 93 60 143 89 36 57 134 205
61 50 49 83 55 154 251 185 132 91 134 139 76 90 80 85 155 123 56 203 194 67 135 99 59 122 178 181 116 169 143 83 77 52 23 88 118 61 140 96 70 66 71 86 53 52 82 66 16 62 75 105 151 139 76 104 67 58 56 162 175 240 255 252 127 255 234 191 93 174 54 118 171 244 170 75 185 255 183 82 0 61 138 113 95 17 76 97 158 50 127 103 38 66 97 50 0 43 76 114
60 64 28 0 36 241 255 145 79 82 113 165 62 61 132 42 115 93 48 130 111 43 103 103 161 237 140 155 108 164 31 131 158 87 95 155 170 62 104 101 119 114 56 68 24 70 70 43 6 7 22 67 10 64 92 152 38 69 186 255 34 255 213 222 255 122 191 52 239 255 76 64 160 149 205 157 231 229 126 86 145 110 111 28 83 170 158 181 110 2 125 75 66 123 140 102 111 103 46 36
168 84 115 35 171 244 195 117 83 58 218 238 71 106 119 8 24 43 19 100 102 130 129 114 211 255 255 149 184 84 77 143 155 42 112 120 188 114 128 127 71 115 32 66 3 126 77 45 102 89 32 126 105 151 69 116 255 81 179 255 235 241 255 218 238 248 70 66 123 100 142 96 136 172 239 245 210 88 39 15 93 98 112 36 134 158 186 88 98 35 95 79 138 245 245 118 67 105 105 57
178 84 63 63 97 221 168 93 159 221 214 143 115 130 54 12 52 129 83 68 94 111 132 29 111 166 191 242 162 105 111 118 31 29 104 90 143 149 202 165 44 98 48 70 18 138 75 71 26 13 45 82 109 34 0 29 136 181 253 251 255 249 245 255 238 145 0 99 108 96 18 24 127 82 186 191 19 4 62 118 101 63 130 50 69 86 193 212 149 39 61 212 255 251 172 102 120 223 255 71
135 171 247 224 70 129 175 17 55 163 98 127 142 158 196 86 46 162 219 42 56 69 139 96 180 231 255 154 63 88 114 208 122 108 39 165 137 74 191 221 93 75 63 35 49 117 83 126 59 36 53 99 65 45 49 121 247 193 255 248 228 227 232 255 255 150 130 62 98 248 125 73 142 135 233 234 154 204 8 12 180 100 35 53 83 98 255 248 72 35 83 252 243 255 104 55 36 152 205 31
207 180 219 250 50 114 155 57 49 121 126 144 110 103 152 177 79 161 252 100 60 113 87 144 133 234 255 57 42 65 3 0 29 169 103 255 153 56 169 140 83 40 87 18 62 99 87 183 169 109 91 53 250 181 156 165 91 255 252 217 255 255 224 219 217 50 23 173 53 116 32 188 243 222 146 253 122 97 82 121 120 123 234 137 141 39 230 255 145 83 77 255 222 253 101 116 47 126 133 61
182 87 155 108 28 71 68 6 76 91 93 169 114 10 22 67 127 132 69 124 97 231 122 194 52 210 243 255 128 44 133 172 255 208 15 220 195 83 137 74 33 48 157 64 50 60 35 168 99 121 121 168 235 254 208 240 218 171 202 255 217 181 91 125 117 33 67 204 157 84 185 247 255 252 29 111 19 78 204 230 0 98 255 215 193 25 169 204 152 123 73 224 122 114 8 62 34 125 84 61
87 64 143 101 59 54 39 33 62 38 79 129 90 121 109 100 123 70 63 185 133 237 123 245 94 216 241 255 159 127 211 52 83 148 198 176 128 43 111 70 82 50 122 125 86 129 211 220 36 36 124 21 255 249 255 251 134 241 241 191 46 84 213 242 172 69 98 72 101 66 163 172 66 135 0 11 171 174 144 148 14 179 115 219 248 146 119 76 73 93 102 195 112 106 33 85 95 170 127 38
177 71 64 182 45 46 74 127 154 165 226 107 35 244 234 149 145 87 147 198 187 139 79 182 110 122 69 145 147 228 248 232 179 161 233 198 108 10 167 145 187 99 179 205 231 255 249 227 88 188 197 163 123 90 27 171 211 246 255 255 94 67 240 255 136 131 196 255 132 18 92 55 75 147 91 101 156 149 94 123 51 178 119 255 252 201 110 54 104 68 52 96 84 99 84 79 10 64 41 62
35 16 102 195 110 85 33 73 209 234 165 109 0 188 130 40 225 199 125 70 79 57 64 121 134 110 138 91 93 215 255 235 204 255 253 237 147 89 255 211 255 180 233 255 255 196 127 72 88 245 241 251 241 190 94 238 255 255 245 130 43 50 239 230 118 217 239 230 101 130 216 96 76 65 82 182 138 162 0 93 71 100 45 146 234 247 194 29 68 77 148 87 110 183 180 84 66 56 68 131
88 78 89 81 106 95 47 37 66 122 27 92 0 89 142 255 46 5 190 255 150 84 217 86 117 236 237 238 255 195 69 255 247 250 209 125 234 105 142 255 253 253 255 246 214 113 210 254 250 255 255 221 255 163 172 255 255 182 56 96 156 80 167 224 55 194 255 255 210 252 243 120 90 129 83 97 131 0 65 37 61 38 101 71 113 150 174 112 172 172 238 139 92 218 171 89 74 34 76 107
196 173 40 116 105 77 116 95 54 76 44 52 83 110 148 200 241 97 110 209 206 230 146 19 42 153 199 219 210 163 68 43 73 36 32 117 184 139 145 216 246 254 245 242 255 181 253 255 253 229 255 254 234 206 233 177 192 229 31 119 137 73 95 154 105 222 255 229 180 233 215 103 0 7 8 75 104 156 92 171 135 110 81 150 106 116 170 166 196 148 222 78 177 232 255 113 68 100 112 155
213 173 9 88 158 175 142 47 34 69 24 32 111 193 208 59 65 95 254 143 167 255 197 122 159 89 90 89 79 134 174 21 141 116 204 99 181 254 198 239 255 246 255 231 255 232 250 255 255 247 231 239 242 254 233 179 93 125 128 157 129 70 29 119 142 187 204 255 142 150 215 192 168 116 63 102 134 137 52 134 103 128 77 165 89 107 158 195 160 146 116 163 240 255 243 102 0 94 38 114
101 119 87 17 49 83 82 23 54 129 54 60 23 110 191 144 93 79 185 210 138 100 34 154 138 95 71 134 73 192 148 75 83 83 194 172 134 255 245 254 255 240 247 222 255 255 243 233 249 215 205 234 255 192 135 148 94 55 120 41 45 93 17 67 95 74 65 112 113 179 179 60 32 104 94 89 138 94 132 109 217 182 216 131 81 136 32 98 97 68 18 133 199 171 126 79 43 103 65 106
0 95 244 252 125 57 123 63 1 17 20 30 40 85 80 149 184 210 102 132 180 157 102 214 106 90 51 33 0 93 40 132 162 107 252 206 111 230 225 248 230 255 255 255 251 228 255 254 244 210 243 255 243 255 177 41 57 136 112 78 54 192 143 138 102 59 114 94 134 120 57 5 35 98 108 98 117 113 146 123 151 157 136 114 118 137 50 74 95 143 117 92 148 232 150 81 78 53 108 84
6 66 153 142 172 135 122 83 48 133 135 43 136 152 39 42 71 223 191 139 234 147 67 151 180 255 236 150 131 27 69 107 183 79 255 204 126 254 255 247 245 243 253 252 230 230 255 236 255 180 255 245 255 255 137 59 72 120 146 148 108 240 211 145 83 101 184 146 108 42 0 53 144 159 114 144 71 110 83 78 25 80 71 128 86 120 60 61 80 153 255 255 225 245 155 124 89 12 65 61
37 43 9 44 241 205 77 54 108 64 58 58 151 123 91 167 123 131 100 25 114 92 128 190 247 255 237 181 128 24 74 102 150 110 133 124 164 255 231 250 189 247 219 244 243 234 254 249 255 175 255 255 183 30 0 108 152 25 58 106 48 116 113 68 0 72 94 75 80 48 22 16 17 46 108 182 104 106 55 65 86 236 222 65 59 45 49 0 33 61 179 239 214 174 121 164 138 70 74 1
53 73 77 45 233 134 90 160 191 132 21 70 144 62 125 181 188 153 153 121 105 166 184 163 231 156 246 229 118 144 65 175 46 81 0 48 135 153 46 121 73 255 220 226 238 255 255 235 248 213 243 233 57 114 53 32 71 89 163 105 40 86 66 11 18 80 93 53 47 37 119 160 160 149 254 254 253 185 96 32 174 225 255 116 170 158 130 17 89 48 43 81 156 121 159 197 59 53 109 37
66 178 175 134 201 176 109 195 255 127 139 19 94 204 26 95 201 81 46 81 87 209 180 118 184 213 225 156 98 46 139 101 62 22 100 48 132 76 37 109 46 254 255 245 255 242 242 234 183 100 42 83 138 69 95 102 73 104 119 107 112 57 12 70 111 18 241 54 180 216 121 52 145 146 255 255 152 201 188 68 122 197 89 0 210 209 205 255 86 65 130 162 77 55 41 70 103 57 80 19
33 158 132 8 122 141 70 100 128 93 142 64 56 183 68 92 98 57 65 47 120 241 200 84 104 125 203 179 216 172 174 155 168 70 37 73 62 83 239 146 63 174 235 181 255 229 255 236 61 208 134 218 149 86 180 150 97 137 72 58 110 80 50 108 155 81 186 106 148 156 88 140 86 170 208 90 89 107 138 63 108 159 52 37 117 153 252 253 250 35 155 149 102 116 65 34 9 43 159 133
114 92 63 123 95 52 20 235 255 146 54 58 10 83 135 153 82 126 134 81 93 193 171 102 94 74 97 187 246 255 102 116 114 169 161 9 89 208 246 62 95 108 64 136 181 255 228 209 127 231 254 202 217 187 255 173 21 115 93 116 200 116 34 109 99 113 145 5 88 21 107 206 80 167 109 44 55 114 91 49 93 103 23 63 17 103 86 217 186 125 174 123 99 53 72 88 73 26 115 133
73 52 100 103 76 55 56 154 176 143 90 171 140 70 148 209 118 94 98 165 135 148 107 85 56 59 65 63 140 224 161 214 112 109 109 136 40 53 148 57 22 148 219 136 243 254 249 49 141 76 238 236 244 218 249 221 177 164 113 45 102 35 0 101 37 146 133 239 255 39 94 89 76 170 140 25 103 86 62 95 108 132 137 128 37 79 4 205 45 255 195 161 64 73 125 226 154 24 83 133
95 113 100 59 109 158 80 91 24 122 138 220 246 76 72 152 93 73 138 176 152 130 128 37 46 99 155 172 92 106 62 250 156 176 130 255 255 110 199 157 6 102 146 101 102 9 123 136 230 186 111 240 250 225 123 204 216 79 126 64 52 21 91 221 120 122 79 255 235 132 105 18 84 125 150 43 47 50 48 75 83 130 223 130 110 127 255 229 189 254 212 78 79 138 183 205 136 37 118 146
207 178 131 189 200 237 221 217 80 129 60 68 235 108 87 148 114 64 115 93 110 81 95 62 107 243 248 123 23 60 0 106 71 111 9 8 195 170 255 246 83 174 70 57 104 153 109 75 56 68 47 116 174 185 37 100 145 50 119 178 99 48 165 254 203 104 50 28 35 219 110 64 55 101 156 40 60 37 47 74 84 101 153 139 33 182 228 255 255 210 131 119 71 150 163 152 130 131 181 64
234 255 249 184 208 252 233 225 52 82 50 63 141 164 194 172 163 87 32 65 77 72 89 107 143 252 226 204 145 144 37 17 36 196 192 74 118 103 250 239 65 85 87 30 8 240 84 137 146 98 162 168 156 55 82 147 197 176 39 77 23 41 88 116 132 109 140 133 105 187 90 59 92 80 129 112 121 107 77 68 85 107 99 90 15 127 68 160 189 219 58 181 84 116 161 170 252 195 154 89
217 252 255 183 132 135 74 112 18 171 132 100 83 114 219 164 255 187 57 87 194 210 181 63 45 157 151 117 33 130 155 77 21 115 80 137 92 184 241 159 222 200 108 50 110 213 193 158 173 185 230 174 147 68 207 149 79 227 7 12 47 107 74 7 79 52 197 202 28 60 122 101 152 89 88 129 149 157 70 73 147 164 75 22 48 0 86 64 168 226 104 81 16 74 121 132 204 180 79 95
132 87 254 254 164 82 94 3 36 53 159 163 127 130 153 152 117 86 151 92 65 101 43 101 70 132 164 53 149 223 12 85 227 97 126 226 206 13 144 87 191 81 135 0 134 146 97 85 93 116 145 255 237 64 183 230 82 131 83 135 85 6 86 119 44 110 134 125 101 60 30 91 161 62 19 42 72 100 35 171 138 58 56 73 136 87 39 105 211 238 211 78 47 65 83 131 158 82 67 245
108 188 218 253 232 218 168 71 12 22 21 26 129 232 142 26 66 84 98 106 24 107 65 105 122 37 107 185 225 131 67 145 217 163 107 228 252 107 148 18 126 98 216 136 120 73 54 69 55 78 132 196 192 79 92 99 21 70 105 56 84 45 104 143 95 106 58 60 78 101 106 151 195 102 112 92 51 58 8 159 196 162 202 36 82 138 49 234 173 190 84 59 63 89 66 42 76 155 191 248
65 172 89 80 193 195 194 111 105 207 164 231 166 238 249 73 9 59 114 84 33 98 134 209 144 41 44 165 218 93 101 112 102 186 118 193 237 110 141 95 202 151 241 227 59 14 87 167 96 10 99 53 142 216 226 182 122 83 172 140 111 47 37 51 68 123 113 92 68 63 50 60 62 44 151 138 62 151 135 114 75 83 51 61 112 181 82 108 76 154 108 135 66 58 67 82 99 16 16 74
51 190 44 126 192 146 64 76 59 255 242 250 199 255 165 56 90 62 30 69 170 44 161 225 116 182 51 97 149 69 148 103 25 157 120 86 57 2 104 133 169 79 120 95 55 58 177 229 99 14 73 38 63 192 241 249 199 89 109 149 153 55 0 27 78 154 161 119 155 146 87 38 17 56 155 169 61 183 226 108 88 94 115 65 132 211 205 95 97 98 159 241 171 89 62 122 182 100 33 57
42 110 81 242 193 98 60 48 9 174 129 168 173 142 82 103 152 118 79 105 214 1 4 57 41 122 97 93 59 42 81 83 49 56 63 84 32 7 109 131 109 69 118 20 151 232 231 187 161 115 81 199 80 77 69 157 157 31 83 175 127 42 90 104 83 135 134 64 158 174 117 30 35 103 169 239 69 71 125 57 108 174 175 175 151 197 143 90 123 110 140 232 172 148 113 117 155 93 68 176
73 80 136 124 84 38 69 109 45 110 66 101 108 99 103 195 167 133 207 203 224 125 29 77 150 95 150 113 69 105 71 15 21 0 63 215 120 23 70 157 135 158 249 143 122 109 166 224 208 135 169 201 134 160 150 107 80 44 181 171 97 58 135 180 102 102 115 37 164 149 81 38 29 146 167 136 68 91 136 91 121 65 118 252 120 197 52 43 20 92 127 72 103 146 123 69 67 0 13 119
145 144 131 117 74 64 135 93 110 70 6 40 84 131 110 83 204 170 97 161 145 72 57 85 132 1 118 73 172 193 89 60 42 36 129 173 117 100 58 117 105 191 231 246 87 0 79 184 111 86 125 23 99 201 186 107 54 80 204 208 103 38 128 145 100 82 96 42 155 175 186 141 80 92 76 25 86 121 189 173 153 86 164 166 41 233 162 104 13 50 58 78 77 112 28 62 88 141 103 69
120 72 99 141 128 112 133 58 96 74 89 60 33 130 189 140 191 160 82 228 179 57 99 146 125 18 154 66 118 80 30 72 76 23 45 56 164 255 147 118 41 149 182 210 252 255 144 106 76 103 158 41 93 64 69 95 118 142 156 207 125 35 66 132 93 82 75 52 115 69 77 73 0 43 67 68 131 54 71 103 127 80 197 207 103 194 196 130 141 45 67 97 154 202 149 56 95 30 73 0
169 60 181 232 250 194 102 89 42 15 97 89 63 149 223 176 60 79 119 208 218 125 117 54 23 10 80 64 59 6 66 103 71 100 97 77 138 155 95 96 47 85 94 177 225 254 229 124 135 138 88 48 109 107 120 91 117 0 239 255 102 53 200 40 62 161 98 175 255 158 182 190 168 106 81 107 40 45 110 106 199 242 138 238 75 59 94 81 58 65 105 94 167 154 227 164 67 76 53 87
125 83 223 184 206 176 80 131 66 52 162 172 113 101 161 182 122 67 81 96 145 81 79 34 77 78 40 96 157 73 108 84 62 93 65 32 53 41 32 74 70 40 11 171 247 255 141 66 67 81 71 63 63 123 173 121 135 9 230 255 80 90 216 238 189 212 148 186 253 219 114 100 171 148 78 21 25 212 181 110 70 202 252 94 84 136 102 107 181 203 128 157 94 33 147 116 66 8 68 88
86 141 179 110 189 255 184 161 35 122 255 247 151 84 113 137 101 97 63 48 133 143 104 0 79 66 46 54 166 61 95 149 209 172 144 75 52 70 39 93 53 57 44 94 200 174 1 10 52 54 166 150 91 126 158 151 159 122 250 183 127 129 159 201 101 166 72 208 224 136 207 148 73 43 113 91 57 219 210 208 53 140 142 33 85 133 105 80 198 255 116 161 182 74 47 0 52 110 6 56
60 210 210 171 158 230 218 252 132 143 142 122 135 175 200 154 77 46 18 59 180 175 118 102 130 62 116 61 141 80 138 220 249 191 221 184 116 121 34 51 22 32 50 129 119 67 140 122 78 107 198 120 62 125 142 151 194 177 143 140 151 108 41 70 57 76 38 127 186 140 230 172 170 113 40 15 21 182 240 203 61 127 189 113 31 95 119 35 99 135 149 115 77 27 88 8 55 93 87 0
96 171 122 160 109 171 153 255 126 74 21 49 103 142 147 83 69 99 172 139 182 126 99 220 255 81 144 114 185 201 211 152 153 146 244 253 113 78 30 71 80 79 58 99 0 95 229 238 209 197 140 82 75 134 91 67 155 183 122 91 175 78 75 42 70 145 215 80 96 105 161 185 233 142 78 255 102 26 171 147 117 19 0 223 0 101 75 0 35 27 209 190 108 113 179 73 119 80 77 66
219 100 69 88 75 182 122 123 18 71 61 106 85 44 35 5 41 134 202 202 196 155 150 233 252 58 128 154 122 187 159 116 107 153 255 236 79 150 108 99 70 33 86 125 0 65 131 126 198 255 99 89 163 218 157 70 158 222 153 158 163 39 130 96 106 106 221 163 34 6 123 115 167 133 219 139 116 51 106 34 60 82 199 191 29 116 49 20 71 33 255 255 191 192 164 74 207 161 25 166
247 141 126 215 142 94 72 108 136 100 25 94 12 61 96 107 94 33 47 182 126 208 255 120 148 64 90 133 14 98 84 123 150 168 163 135 27 219 169 129 41 58 95 255 117 55 69 58 105 152 72 59 168 243 252 230 255 150 80 161 139 133 120 76 62 124 132 111 122 201 108 80 234 237 198 210 220 115 132 36 80 46 155 97 88 94 96 93 67 106 185 172 0 29 140 79 77 122 112 174
35 170 254 254 224 160 114 102 134 121 58 131 91 37 80 150 96 85 66 148 8 193 255 65 206 195 76 48 23 171 88 91 97 195 56 136 21 212 255 237 191 184 235 241 136 118 153 120 117 127 174 170 194 120 210 145 227 168 98 8 163 191 87 67 94 241 170 52 94 211 250 147 151 101 110 247 255 239 174 76 68 78 186 41 146 69 127 153 41 56 133 117 55 133 151 0 70 84 115 115
87 214 250 224 170 182 82 119 108 53 103 87 101 89 34 83 41 21 9 88 23 191 162 104 142 183 98 24 86 110 8 111 117 40 194 123 196 255 219 239 225 245 227 179 97 173 194 91 91 78 127 192 253 36 194 176 114 102 63 210 177 84 106 102 54 157 155 12 124 150 109 89 63 0 216 103 155 255 205 177 127 17 16 111 89 33 47 183 83 117 201 154 114 195 177 95 67 50 66 49
110 123 234 233 134 63 50 127 180 46 58 123 29 36 128 100 95 72 140 255 241 255 103 42 12 21 55 26 167 129 3 92 143 85 141 117 55 125 31 103 228 255 221 33 89 141 105 151 138 59 125 253 229 20 108 19 22 76 138 231 162 74 53 176 168 88 79 72 92 154 96 66 67 84 53 69 60 117 132 156 142 53 104 165 59 67 97 77 113 130 55 129 130 152 130 70 21 71 98 95
134 100 125 115 95 64 64 75 195 37 86 129 31 21 124 96 66 113 190 254 226 173 132 122 136 72 129 100 175 171 59 74 232 188 139 128 66 201 119 130 164 57 0 106 19 97 196 174 115 147 172 176 144 158 164 130 65 100 152 149 22 117 88 63 205 212 190 161 72 234 222 0 85 155 85 120 28 57 105 116 81 110 173 206 114 112 77 68 231 185 107 111 105 0 70 103 33 66 63 91
115 130 80 130 96 177 82 147 137 108 69 66 142 125 88 15 8 38 92 143 131 54 123 142 157 49 61 59 98 122 73 115 255 214 119 67 24 141 169 155 192 150 207 138 23 95 181 84 66 153 217 118 34 147 182 166 96 142 184 42 143 132 30 55 74 52 199 252 56 144 233 157 230 252 138 227 87 100 142 134 171 217 241 125 167 105 56 60 190 107 239 105 133 0 129 200 90 71 45 71
200 149 198 161 175 250 150 178 225 169 89 113 249 255 53 162 61 49 107 98 70 77 170 69 79 101 110 43 59 104 113 176 255 208 80 121 124 209 251 183 80 61 92 87 221 165 58 42 82 169 241 137 79 52 86 124 43 245 237 106 125 168 199 86 106 185 79 118 108 227 248 117 199 255 246 143 94 71 110 95 131 226 255 115 105 141 120 109 141 16 206 59 162 116 219 188 37 63 88 72
251 180 93 111 137 219 195 118 235 180 209 121 154 129 0 203 44 28 42 71 64 72 142 114 143 196 183 143 71 88 74 98 188 157 97 194 157 115 212 117 54 105 108 43 148 161 88 46 122 245 250 153 107 64 107 125 54 220 154 67 217 127 166 248 235 251 216 228 255 244 153 128 215 158 63 109 83 78 98 107 115 164 174 124 9 109 219 121 88 31 47 93 114 114 151 127 31 68 53 83
174 89 7 92 59 155 168 64 140 141 246 254 97 97 78 212 106 113 97 10 69 36 57 136 117 139 98 122 83 51 9 40 115 100 89 102 155 209 246 183 186 59 25 81 10 57 164 86 95 246 238 94 70 128 145 184 125 77 74 107 85 111 128 144 188 232 191 250 233 246 172 93 77 20 0 149 166 96 209 230 152 128 136 55 11 89 85 68 49 55 50 124 110 55 54 45 61 70 43 34
82 12 134 255 23 94 121 103 61 81 188 249 48 51 67 86 55 108 21 21 119 23 0 116 48 116 142 108 101 99 86 125 177 89 72 69 154 255 229 157 255 137 114 151 179 115 147 175 187 251 201 152 183 208 150 213 229 76 130 100 48 69 89 172 222 161 159 160 70 120 144 108 54 18 86 119 97 59 200 238 100 54 36 133 189 142 38 84 54 171 177 155 100 111 59 31 105 105 118 95
183 162 251 244 171 71 40 154 55 85 88 71 78 111 122 187 248 173 133 133 86 23 74 124 83 55 119 80 148 133 70 75 141 136 60 22 125 210 111 96 192 117 124 221 195 255 245 149 158 193 124 85 113 126 72 123 107 170 147 81 141 118 225 215 142 161 58 90 231 156 144 199 102 69 153 102 48 23 141 209 63 55 48 144 252 117 41 65 153 80 77 138 187 199 61 77 180 107 101 82
255 230 250 235 130 58 134 122 69 121 255 179 73 63 110 184 191 137 236 86 70 21 23 58 42 46 83 25 56 81 86 109 108 54 73 81 107 60 13 93 226 150 28 160 117 180 193 79 112 79 80 73 122 135 56 113 151 165 88 50 91 150 173 85 64 129 136 92 145 239 158 88 152 145 146 139 138 121 143 98 9 55 134 62 179 104 123 88 97 67 101 100 120 131 62 75 140 75 75 56
217 134 150 175 100 16 75 120 228 233 245 147 81 59 8 64 57 13 107 28 62 74 72 62 105 77 31 110 138 66 0 33 64 83 123 21 131 101 29 65 128 140 78 81 25 118 188 34 146 15 90 158 222 176 5 104 192 218 138 78 0 26 114 66 106 119 56 152 160 241 138 96 213 152 128 162 223 255 132 15 52 65 74 68 95 40 94 51 9 28 34 52 81 48 98 114 77 91 112 81
75 39 96 0 82 114 120 109 227 175 120 107 83 98 104 100 64 89 113 166 190 177 150 120 161 201 142 143 227 189 47 54 128 75 61 31 138 116 87 62 18 77 68 107 35 77 90 49 150 99 127 148 172 147 0 69 194 243 255 80 38 105 61 22 70 92 157 181 166 166 62 156 186 40 69 145 174 221 97 105 154 82 10 132 97 39 86 84 62 110 63 83 122 44 107 128 104 119 87 62
70 111 151 152 40 90 80 131 138 109 59 96 73 56 153 125 0 22 196 239 129 107 134 51 105 213 249 120 255 241 62 108 194 152 21 76 126 54 70 89 25 66 22 78 118 20 96 79 90 130 56 88 147 172 61 83 89 167 207 121 103 93 3 34 69 44 204 111 92 25 103 194 97 26 60 99 22 59 79 138 151 55 86 126 109 67 70 60 88 151 105 113 154 54 55 94 69 103 76 94
110 157 239 221 74 119 33 57 114 125 142 145 187 131 162 108 58 155 255 160 72 50 84 87 54 92 205 123 148 115 61 51 123 130 121 135 119 57 33 92 99 82 57 23 111 20 115 151 79 146 51 149 213 255 160 122 52 110 177 118 101 38 0 85 97 29 74 106 0 63 223 190 122 172 143 59 92 87 23 59 144 131 82 74 123 124 68 37 28 108 72 130 160 73 24 50 79 65 34 141
93 205 197 130 97 208 105 3 82 182 255 9 153 99 33 29 110 215 235 215 107 83 190 222 97 102 193 61 41 113 162 68 62 101 53 144 207 156 36 117 204 153 78 25 73 33 180 193 134 102 153 149 154 218 142 154 121 151 255 80 44 63 113 84 69 114 138 97 0 135 231 170 193 234 155 53 241 242 77 19 103 112 34 57 196 173 56 54 11 77 93 105 107 85 28 25 69 67 107 147
161 192 233 201 14 61 190 167 233 102 108 81 181 111 110 86 63 127 117 201 116 103 162 183 104 92 220 169 127 116 142 0 0 125 114 153 229 209 82 106 246 177 69 47 83 97 255 210 139 45 195 132 166 169 75 98 59 132 122 164 29 18 97 43 135 223 145 99 54 102 49 174 255 58 79 102 234 255 245 125 26 80 28 31 119 60 0 83 20 39 87 53 27 76 37 43 97 93 189 155
199 203 131 100 55 33 116 172 251 159 103 255 233 49 66 45 51 18 23 121 70 109 80 114 78 26 100 114 132 58 121 85 158 255 243 76 78 92 114 79 255 180 27 36 65 71 175 57 86 196 151 7 4 210 90 41 42 0 155 30 69 111 164 244 219 255 253 157 0 160 152 121 157 2 34 24 178 207 226 189 146 102 29 42 110 82 35 70 82 67 113 73 44 108 90 137 75 56 145 87
