75 73 138 72 103 48 37 59 143 78 66 57 71 118 84 32 66 90 28 32 67 95 148 241 156 228 169 130 158 189 106 37 88 105 69 66 255 217 150 1 150 191 123 41 66 16 40 7 48 108 48 27 54 3 27 34 160 224 141 90 192 119 31 60 89 76 38 190 204 153 48 53 68 53 13 47 50 33 34 71 55 43 60 34 69 34 60 106 63 36 92 166 107 26 116 80 34 11 81 165
64 22 113 114 61 23 40 106 80 89 52 150 95 72 76 11 28 97 99 60 39 85 156 154 62 91 145 132 211 187 131 83 85 66 38 42 252 255 217 51 188 217 157 164 101 64 52 33 65 89 55 11 70 1 92 138 191 171 131 243 174 64 87 130 33 61 127 130 138 82 49 60 60 40 30 32 53 48 82 114 103 84 117 81 26 42 47 58 56 58 93 150 148 42 26 39 61 49 147 201
154 88 32 108 148 142 51 113 75 98 70 56 72 112 90 24 54 94 72 117 29 0 127 184 214 136 157 116 128 99 118 175 177 93 121 47 247 231 247 81 186 159 128 203 64 25 43 58 119 122 113 97 135 10 27 39 72 31 91 29 199 124 28 90 109 73 61 72 65 43 48 88 63 29 44 17 50 46 87 95 80 35 29 45 25 99 144 50 62 100 4 67 89 59 13 51 38 105 100 173
14 114 129 101 159 141 0 31 131 76 8 0 84 65 0 137 135 93 53 116 136 109 43 194 251 139 118 136 78 61 87 181 66 89 40 79 8 220 201 165 83 169 126 103 76 84 111 153 159 107 27 47 70 40 38 69 71 58 16 106 96 76 68 32 28 58 36 0 58 81 159 72 55 13 39 25 51 45 62 51 49 62 113 150 133 68 115 138 31 64 103 1 70 65 5 50 24 15 151 162
100 168 128 182 176 67 176 169 223 127 12 106 29 18 112 255 223 103 84 179 187 127 68 148 203 78 38 60 31 3 70 137 126 41 37 223 147 212 94 68 160 159 132 126 101 89 119 123 149 107 40 78 71 70 26 37 42 18 39 68 39 16 74 120 93 42 3 53 84 28 55 38 50 26 42 59 53 45 46 47 91 126 150 120 93 33 35 82 54 150 188 99 116 136 91 27 27 82 87 82
106 151 176 211 87 181 223 232 100 73 29 114 78 28 97 144 102 205 221 28 61 83 3 98 137 56 79 54 80 0 103 139 192 126 142 218 118 135 96 90 231 131 49 139 166 79 31 103 57 32 28 32 25 21 10 24 51 70 31 49 11 21 59 76 94 54 17 63 24 60 8 61 87 91 71 88 39 22 31 53 53 90 90 122 1 70 255 240 100 70 140 82 179 82 70 144 26 34 128 44
15 68 53 168 108 245 255 255 93 216 181 0 151 140 63 78 75 255 197 60 68 40 43 79 117 80 102 57 54 0 46 97 123 37 60 109 78 96 181 244 245 159 72 137 181 134 47 44 49 12 33 10 15 18 39 59 51 73 16 60 48 28 23 46 40 54 91 67 46 73 32 82 100 126 69 78 36 30 65 89 80 48 54 152 4 35 218 163 64 69 101 159 47 69 251 182 63 158 104 87
4 51 5 42 55 52 177 75 249 245 255 70 95 64 24 42 69 233 98 79 47 28 53 78 69 70 68 111 85 128 77 143 70 2 39 81 65 45 125 175 135 156 71 92 241 195 65 69 86 37 61 56 63 63 47 41 64 45 41 35 67 73 39 36 62 62 28 91 88 124 47 79 58 98 29 47 56 79 144 158 135 136 182 111 75 106 43 15 119 152 41 126 104 110 255 242 69 159 121 160
3 82 77 100 105 60 73 50 206 255 221 210 66 0 96 94 0 108 61 57 28 2 54 85 54 65 59 55 1 149 87 120 71 27 11 63 156 111 63 59 32 121 30 44 168 166 57 43 76 78 44 68 65 39 11 13 36 58 52 70 60 46 24 38 74 70 39 84 91 91 43 32 24 67 37 99 59 79 155 150 128 150 246 137 135 156 97 88 174 161 46 0 255 84 62 255 162 18 132 171
23 119 154 114 48 71 25 35 14 101 110 169 53 99 195 255 86 48 64 108 75 86 173 150 83 85 53 84 69 207 177 156 227 208 143 172 248 255 165 44 130 68 113 60 106 74 16 32 62 42 8 44 46 40 8 15 26 54 59 94 44 45 60 104 64 87 93 73 62 55 43 12 51 39 73 110 81 60 96 98 46 92 198 219 129 111 81 86 122 52 122 115 148 124 106 136 174 175 82 131
28 115 118 101 42 26 9 79 48 41 137 73 32 89 77 111 118 81 68 67 50 65 184 181 85 110 80 166 125 237 160 51 254 255 172 210 229 252 162 48 160 4 175 147 101 51 54 54 87 49 15 57 58 76 38 48 51 45 36 40 51 122 182 155 40 28 111 70 71 38 102 57 73 58 88 99 46 42 91 70 33 54 133 207 123 99 62 107 160 57 117 231 89 36 62 65 140 119 21 227
52 39 12 43 99 65 53 119 136 39 95 90 124 37 54 70 51 138 137 101 41 10 128 175 110 58 138 140 244 228 44 121 165 191 148 254 246 189 132 118 115 82 160 146 116 51 42 95 51 23 0 26 17 49 11 18 48 21 41 19 80 123 185 71 55 32 62 100 10 53 71 60 44 133 34 48 56 37 58 110 117 94 125 123 108 94 24 127 116 142 128 107 116 255 129 58 30 255 177 126
117 45 89 59 39 55 25 75 90 30 53 34 24 56 79 149 107 101 114 84 17 74 127 100 73 89 47 114 84 75 0 8 96 168 166 218 154 51 69 143 147 110 87 64 42 61 69 44 27 30 9 22 11 38 13 16 59 24 36 2 4 0 74 14 70 61 71 57 56 65 84 129 83 105 18 73 61 30 52 78 76 67 89 78 77 59 6 121 117 157 221 130 26 205 204 123 106 232 210 128
142 21 23 49 0 75 72 46 82 84 51 104 53 12 38 69 129 146 255 163 35 127 77 6 64 191 75 59 58 111 154 66 120 191 181 132 50 15 81 112 121 143 131 41 31 60 47 28 28 56 29 32 38 41 39 45 52 77 70 78 47 55 93 41 23 56 15 26 62 53 27 193 142 144 84 52 75 55 33 30 22 42 58 101 74 41 16 60 25 90 238 215 69 100 170 57 68 181 221 169
121 62 9 53 17 41 67 73 114 73 81 23 49 92 59 39 53 110 232 148 86 164 109 66 127 185 2 85 71 116 236 128 112 93 92 85 47 90 126 48 75 158 255 169 15 0 36 23 60 89 40 44 78 43 62 75 48 100 41 48 44 107 120 55 51 78 91 39 87 32 25 140 156 182 142 61 39 81 100 39 28 67 82 80 114 112 116 121 52 76 173 150 184 68 8 109 147 167 245 188
103 108 78 44 101 87 31 103 119 41 67 45 122 169 80 36 65 101 209 223 180 128 115 95 121 87 17 33 156 137 134 94 96 9 46 97 17 56 112 53 61 170 220 185 45 9 27 16 68 85 15 23 76 12 41 61 48 108 57 53 47 52 53 6 13 82 139 81 47 110 103 84 85 217 118 69 56 94 131 129 146 185 183 12 97 106 106 129 98 31 61 123 204 41 52 136 186 49 181 106
123 62 85 40 139 92 7 129 172 66 83 115 170 69 29 34 97 211 252 255 221 32 38 32 81 8 100 69 175 155 117 131 108 45 70 34 15 46 70 53 26 105 132 103 18 26 41 28 41 32 33 44 38 26 32 52 72 109 79 123 70 57 71 42 12 53 25 55 83 200 232 158 89 204 101 84 30 72 152 150 201 249 210 89 134 51 6 24 63 21 69 144 71 31 105 72 71 32 70 51
147 40 24 61 88 100 19 107 207 132 56 32 84 8 65 142 92 197 163 108 131 70 74 67 46 48 100 32 108 147 146 154 90 72 29 6 53 85 47 35 14 40 115 69 56 31 37 14 27 25 24 55 37 30 16 35 93 86 96 88 47 104 102 131 87 79 46 70 131 229 255 213 88 180 157 143 51 52 100 119 173 195 131 213 218 107 89 60 73 62 123 114 82 24 70 89 115 83 189 126
144 114 58 42 57 99 21 49 190 148 3 54 121 33 205 255 100 157 150 74 87 113 57 46 13 94 169 141 71 158 161 136 91 110 77 43 91 72 67 72 68 54 145 89 66 0 10 47 41 44 40 81 49 38 7 23 77 30 65 101 103 145 79 81 9 57 55 120 204 255 224 229 58 86 169 232 81 53 74 96 149 155 45 153 174 131 191 174 118 29 49 125 218 118 10 50 57 23 93 94
254 249 231 27 79 34 79 45 149 109 47 6 30 83 242 241 133 149 175 74 68 220 129 40 12 48 111 142 150 252 252 250 63 67 182 241 255 97 125 108 31 35 70 47 54 74 51 38 0 5 18 52 38 26 15 36 84 96 67 70 93 159 113 0 21 100 101 157 147 232 113 111 79 103 40 0 139 110 57 79 114 106 127 112 63 114 255 202 123 84 41 102 170 126 4 69 40 78 20 30
168 205 255 220 150 102 115 76 62 2 0 47 130 137 185 111 52 49 74 109 101 156 86 71 100 61 32 10 137 139 133 249 151 62 127 221 247 111 134 69 71 72 43 32 12 24 26 38 25 27 50 51 54 34 55 74 95 104 80 126 132 131 129 63 52 100 108 132 107 251 175 133 8 103 185 255 248 160 99 46 49 38 89 76 147 198 221 112 43 124 108 141 128 96 34 78 40 72 53 64
105 111 183 136 127 30 74 62 92 70 100 53 101 117 42 41 19 81 4 41 62 63 32 65 97 78 50 101 131 83 47 171 129 54 60 171 141 21 16 32 119 102 58 28 40 33 56 57 41 39 56 24 30 6 39 49 62 63 54 29 0 14 19 0 34 111 130 117 191 250 136 78 50 165 191 229 120 79 138 168 38 0 88 213 255 255 216 95 65 100 18 16 39 53 55 31 48 0 178 196
38 49 64 35 63 17 27 49 138 105 60 80 154 111 51 31 88 126 53 81 132 111 13 73 22 52 81 238 155 128 99 69 64 105 61 55 58 145 120 18 65 135 153 43 35 52 66 33 33 40 49 20 28 29 58 61 46 16 54 78 64 50 45 68 88 128 104 48 125 116 61 86 111 255 234 85 98 93 215 229 143 69 23 112 241 244 172 140 163 190 65 32 63 146 157 92 107 5 237 180
50 25 75 102 103 52 30 8 107 78 56 120 232 255 204 95 49 123 164 72 68 152 58 149 0 90 158 245 163 111 197 99 80 103 102 96 69 150 197 161 137 110 95 29 45 63 45 63 59 72 70 51 50 70 83 79 51 45 51 40 21 35 82 99 72 70 130 148 102 57 63 88 94 224 214 232 187 177 139 120 99 53 49 78 225 255 156 110 107 119 18 84 89 151 143 169 213 33 138 70
66 81 47 230 174 87 113 55 73 60 90 159 238 244 255 151 38 80 101 68 88 134 79 200 32 134 113 255 180 61 118 197 136 56 200 245 127 141 200 247 224 188 107 53 53 67 68 41 62 38 47 28 50 78 57 79 67 56 51 49 5 40 158 186 77 128 241 236 255 184 90 69 96 157 129 253 255 194 121 66 106 144 107 0 103 101 84 131 146 188 139 0 66 67 96 126 184 32 88 116
62 130 17 255 247 175 167 87 84 51 77 89 110 98 140 128 55 73 44 126 129 103 150 119 81 113 0 199 176 0 90 193 143 30 227 202 255 242 221 223 115 236 253 58 61 68 50 40 38 32 31 9 35 37 53 84 143 97 30 78 46 48 72 87 30 0 153 231 240 201 98 84 227 255 170 161 165 210 217 162 188 203 191 89 118 32 64 131 110 113 109 72 81 60 50 132 91 92 137 178
10 141 21 107 161 162 187 103 151 90 98 58 40 15 40 45 30 87 107 73 153 75 112 67 152 191 108 104 56 33 135 181 133 106 181 119 193 150 130 152 29 113 40 28 59 55 38 32 45 40 46 40 43 48 55 141 214 182 87 86 146 92 65 65 65 97 139 255 150 159 90 128 236 255 237 42 49 124 220 202 133 111 62 42 73 33 81 101 30 74 165 217 135 53 0 111 67 64 88 95
42 114 54 116 73 49 17 103 125 63 64 38 48 60 93 48 56 194 161 8 45 129 68 89 148 94 100 68 84 173 190 109 74 131 105 42 65 72 48 89 87 5 30 12 52 64 36 17 42 26 36 52 37 72 33 147 241 229 139 1 137 70 110 129 137 124 179 158 198 241 122 207 238 226 185 21 57 88 176 108 79 171 122 105 33 32 73 90 106 103 86 83 47 41 82 207 145 18 66 75
113 186 240 138 111 65 72 90 80 59 66 61 76 103 200 169 108 118 77 71 86 115 73 77 77 78 138 104 100 128 139 77 100 147 162 21 32 78 71 136 117 0 73 50 36 51 23 19 47 40 16 30 50 89 57 84 149 125 105 2 72 42 105 135 207 202 149 40 171 255 166 192 102 66 19 175 189 77 78 60 93 184 89 44 15 56 47 18 91 102 29 0 54 61 152 222 125 38 103 179
178 205 207 206 159 95 132 147 76 120 124 94 80 52 157 193 120 91 88 19 98 180 232 108 101 205 241 64 73 130 78 46 107 148 138 22 38 97 157 209 139 17 2 42 24 24 4 50 78 91 26 23 86 115 143 61 78 14 56 99 41 64 44 56 255 255 103 110 170 211 215 244 203 52 31 180 242 161 58 80 179 200 123 54 100 107 63 29 102 132 56 38 86 23 70 83 15 67 59 139
151 154 163 203 191 36 127 138 86 166 133 61 99 47 57 109 115 107 133 101 141 246 250 145 47 185 225 67 128 172 70 66 77 113 62 69 134 189 243 247 178 71 102 25 47 37 18 63 74 76 22 28 55 118 166 121 136 51 74 91 59 133 63 67 246 247 255 140 217 251 186 140 103 23 106 40 134 173 62 55 126 105 121 92 159 124 52 49 132 134 69 123 156 112 107 93 25 68 15 28
112 179 185 217 166 66 166 202 167 241 149 43 180 156 56 73 110 71 113 113 129 134 178 61 5 147 133 99 185 162 102 41 60 61 70 41 103 114 131 176 88 59 57 90 79 48 51 36 46 18 8 39 0 111 129 206 161 122 139 38 160 255 195 193 200 153 222 190 235 141 25 95 125 34 42 34 144 157 88 88 85 59 119 96 89 53 6 85 152 155 109 178 119 93 67 77 121 48 48 26
114 233 251 187 116 93 183 226 222 243 124 74 240 238 66 20 92 58 116 89 39 13 85 87 103 118 69 83 99 86 63 78 71 62 113 61 89 47 28 83 23 21 51 63 86 78 72 40 42 52 44 57 7 85 65 166 106 75 62 92 164 194 185 255 219 146 142 109 249 244 75 147 143 95 144 127 148 118 125 74 76 120 148 24 103 104 52 39 47 126 195 255 149 103 0 53 108 54 95 165
111 239 255 94 57 63 92 106 144 157 55 125 228 243 58 26 109 91 125 64 66 94 99 107 146 80 67 79 70 37 86 150 109 83 128 184 164 50 67 140 78 50 61 70 54 38 59 69 47 50 51 82 39 55 59 94 68 28 36 105 107 112 143 239 247 237 212 207 231 167 96 209 163 66 67 122 151 118 92 69 31 165 174 37 81 99 39 41 43 66 172 231 232 171 133 175 132 25 46 174
212 154 76 117 44 86 74 5 81 118 65 150 211 252 141 108 131 109 81 1 38 88 44 76 140 138 223 176 113 68 159 250 149 38 76 115 137 16 118 204 140 58 22 38 26 34 36 19 21 16 9 56 78 91 119 58 105 73 141 217 251 247 225 164 93 243 177 121 152 174 33 234 137 86 163 106 250 225 225 93 43 200 172 146 110 26 22 180 255 176 122 180 255 107 110 137 22 23 89 63
25 97 114 42 123 175 29 46 52 89 127 34 87 17 82 81 86 117 107 132 167 142 69 77 107 144 243 159 115 140 207 255 255 152 122 82 35 19 58 139 114 49 21 41 19 54 60 29 42 25 3 40 62 47 102 102 58 59 0 124 217 248 255 63 88 0 113 78 255 189 138 124 157 80 119 219 230 238 182 236 175 182 126 206 110 94 100 74 185 115 136 114 106 52 32 57 54 96 118 107
141 149 153 63 42 56 47 114 59 74 78 88 119 93 83 92 75 116 63 143 150 114 158 173 94 84 149 68 0 104 179 189 233 219 200 36 43 83 175 194 147 60 15 37 23 50 35 0 17 85 67 31 63 118 115 84 4 78 109 255 237 218 243 217 157 130 106 86 240 198 126 84 72 8 117 143 178 185 179 233 239 235 192 182 84 167 122 70 66 42 100 125 56 42 76 30 64 172 13 88
143 85 18 185 174 89 79 44 28 14 82 56 112 54 55 37 58 90 19 96 92 96 228 243 145 52 93 100 66 215 211 85 79 80 46 116 96 59 84 137 72 17 13 39 5 2 39 70 115 94 49 61 102 104 44 79 51 193 255 228 239 227 255 143 48 140 255 121 136 4 5 107 149 75 152 163 230 255 238 190 137 68 149 128 57 206 141 102 36 12 125 123 93 82 73 148 90 128 16 53
161 96 66 97 167 205 161 65 115 12 36 4 23 42 59 42 42 36 1 58 83 128 236 255 94 0 19 60 34 121 118 72 86 84 71 130 132 117 156 142 108 30 8 34 47 33 45 52 73 56 22 17 48 88 110 182 119 233 228 229 255 112 219 10 81 80 243 27 135 133 159 170 191 104 98 156 220 254 255 161 111 129 250 218 183 234 129 76 70 62 43 53 106 170 224 255 104 19 54 49
178 120 36 70 52 125 77 71 213 39 79 78 43 45 74 93 62 16 30 77 121 157 175 201 113 67 123 247 236 118 7 53 85 8 21 137 84 89 115 185 129 53 22 34 78 67 46 7 24 33 38 47 95 152 195 209 179 237 255 235 239 225 215 26 116 28 122 38 154 168 229 237 255 158 111 231 203 112 135 59 83 90 212 255 204 153 149 66 64 28 91 187 103 116 117 62 53 230 158 17
97 98 31 116 37 66 18 14 117 44 160 149 51 62 124 131 89 60 127 49 103 71 34 26 20 21 127 250 237 203 41 104 104 65 139 113 61 46 75 135 101 46 39 44 50 35 34 103 149 93 45 156 123 93 133 159 168 234 239 252 254 255 118 43 55 43 94 73 111 59 72 140 255 185 103 129 152 129 151 139 150 202 254 184 99 107 231 127 82 19 121 73 91 62 56 48 149 194 85 28
63 131 138 98 98 138 88 62 5 25 138 92 60 119 142 128 112 45 131 245 254 195 111 104 53 54 66 98 255 240 147 96 117 52 151 34 74 99 152 220 144 33 0 13 73 25 48 194 212 116 0 40 78 0 124 130 190 103 87 255 189 164 47 134 84 85 31 18 96 106 139 112 151 73 15 31 95 167 111 104 23 90 151 89 91 125 187 173 80 74 64 56 185 16 39 71 127 87 82 90
69 165 119 52 152 85 6 74 30 171 103 59 74 184 156 155 104 27 52 198 194 138 137 201 131 43 75 147 143 192 119 71 81 86 81 30 33 49 70 121 83 50 66 53 112 94 64 66 101 30 41 39 92 30 165 68 114 124 206 102 167 167 202 178 57 106 73 92 52 56 149 217 255 153 58 72 91 95 85 154 148 223 241 95 78 82 44 104 173 233 151 153 86 117 246 62 43 47 33 39
42 53 76 106 56 93 232 203 134 120 170 86 71 211 209 140 165 119 41 95 190 105 153 146 131 156 170 1 64 32 4 35 44 147 46 39 48 163 111 62 103 53 94 74 43 53 65 38 3 6 95 59 5 70 78 150 255 243 254 216 146 179 172 62 160 105 0 89 7 152 115 140 231 214 42 99 89 11 146 132 64 160 187 51 20 52 21 111 248 255 200 75 150 44 194 71 70 40 73 80
87 38 16 82 66 83 216 255 166 4 17 155 39 59 95 109 112 35 135 12 115 118 77 145 180 221 131 80 63 48 86 166 67 85 48 40 80 121 31 43 58 14 73 99 26 58 118 167 161 87 56 133 46 40 223 250 175 234 226 255 181 102 75 22 205 137 93 74 31 119 129 56 81 110 82 91 120 244 253 140 32 124 184 166 110 106 43 43 93 98 92 10 53 54 110 105 83 132 240 122
66 54 64 35 86 77 92 174 162 127 227 190 63 78 130 185 62 40 133 72 109 95 82 80 110 131 38 62 157 152 90 117 102 102 68 49 97 112 79 93 90 63 56 56 24 97 135 192 202 90 58 138 143 141 240 255 255 235 155 212 135 74 127 75 224 133 26 90 49 120 127 103 59 140 90 137 131 251 241 92 71 79 56 114 85 121 112 88 103 64 93 50 60 69 81 241 52 120 166 36
56 77 157 112 118 48 48 176 236 173 94 132 7 153 255 194 150 170 169 74 36 55 71 71 39 65 57 94 164 72 0 102 162 90 14 79 122 93 73 93 74 17 12 52 81 142 131 139 115 98 95 212 63 208 245 243 220 255 177 115 123 49 95 22 158 129 128 155 134 43 7 50 2 61 24 49 57 116 136 93 117 125 28 76 58 115 112 88 95 59 54 48 97 84 65 230 134 51 77 129
27 101 144 68 58 81 108 125 148 95 1 120 83 192 233 128 117 176 95 6 65 146 108 36 98 139 51 64 131 134 140 135 85 63 148 175 192 147 73 84 105 44 72 84 90 154 136 55 64 68 126 150 53 232 255 239 255 225 126 63 118 44 74 0 143 152 199 97 203 182 107 119 54 128 80 12 89 110 150 81 94 172 62 66 39 94 62 41 118 98 24 79 218 142 31 104 65 114 217 235
38 85 37 37 51 135 182 103 38 82 178 128 201 147 109 142 132 68 12 62 153 250 226 120 92 55 62 104 174 208 150 97 88 93 255 140 122 202 135 125 176 120 142 55 52 97 68 45 35 47 89 45 162 249 255 251 235 248 20 7 66 59 94 84 149 171 138 3 103 123 78 153 134 135 63 167 255 136 102 63 53 143 66 36 4 49 35 90 189 148 83 107 246 149 58 63 169 179 255 244
108 121 58 137 168 121 127 255 176 79 158 78 229 61 31 210 166 101 109 85 113 245 238 197 99 16 83 172 110 17 13 34 171 97 104 45 20 195 174 101 196 112 124 85 30 76 93 93 70 31 70 132 115 185 255 253 67 151 91 31 101 35 43 88 102 200 163 242 165 148 51 79 116 147 91 255 243 93 17 28 56 101 45 76 35 76 69 127 202 134 30 79 187 116 90 126 235 255 212 255
74 138 79 126 253 132 71 229 228 132 217 208 190 86 108 92 53 112 115 48 167 218 161 97 78 0 74 142 20 59 118 74 102 60 181 126 5 255 194 94 208 93 112 178 117 152 171 139 127 124 145 105 53 196 60 107 54 65 129 6 108 117 33 86 65 185 182 161 107 199 106 94 46 24 51 52 116 70 0 93 120 82 69 92 18 9 63 105 182 152 133 147 212 196 167 107 117 167 161 177
250 253 133 255 239 237 87 40 58 200 209 209 190 80 19 76 36 180 255 176 166 255 114 114 13 104 160 149 255 239 96 81 107 43 83 80 29 89 79 142 52 119 102 122 148 173 164 184 196 222 219 177 219 250 202 255 57 129 106 31 89 83 116 147 8 128 67 110 79 118 124 226 144 92 85 61 135 224 155 17 117 97 255 255 151 38 123 81 70 141 191 119 186 199 123 38 25 62 87 51
163 163 58 255 234 255 186 180 123 185 183 111 175 133 97 200 201 255 182 6 104 177 195 183 71 202 243 156 169 255 136 164 244 33 85 55 98 50 111 131 93 107 112 206 246 199 197 228 250 252 229 164 102 162 255 255 60 10 16 68 20 0 182 173 0 64 117 140 58 173 255 167 29 89 129 54 62 152 144 95 98 46 223 251 191 135 229 96 111 240 213 150 202 177 62 19 73 100 45 23
229 108 51 174 221 247 255 145 104 179 236 166 166 122 163 236 180 161 115 255 242 115 255 201 34 109 127 87 141 205 92 203 255 31 0 94 179 221 114 183 98 223 245 254 255 229 232 248 245 255 227 247 255 222 255 227 109 143 134 48 61 66 156 215 105 91 88 155 203 141 102 132 95 43 153 129 73 129 97 111 110 128 255 235 121 75 144 46 104 173 89 164 189 242 187 74 53 124 160 78
225 244 243 183 88 94 125 111 79 90 106 113 70 29 104 166 122 119 157 246 255 186 255 222 119 208 235 2 117 57 80 185 135 19 5 69 248 232 187 120 221 246 235 255 223 243 255 240 252 229 255 103 247 229 125 118 118 149 113 204 249 101 17 0 67 189 48 163 108 67 97 51 109 71 25 111 97 140 22 83 128 160 183 134 116 90 97 35 92 58 0 92 115 255 255 123 59 109 195 110
199 83 125 66 81 126 160 82 38 44 107 66 75 71 78 156 184 145 104 255 245 247 231 222 80 103 114 16 102 78 128 181 115 98 69 106 184 123 40 238 235 255 210 250 233 255 230 237 253 199 244 255 231 254 164 200 99 164 168 255 245 211 84 47 96 69 7 142 48 66 255 168 70 23 83 87 156 205 50 118 133 140 86 32 167 142 96 36 55 11 32 56 137 254 246 201 181 122 18 78
125 117 198 189 102 51 123 146 149 117 55 174 131 86 133 223 244 152 148 211 150 248 105 212 158 142 87 72 48 185 211 223 214 116 147 219 197 35 234 235 252 200 255 254 220 253 252 229 226 174 253 255 255 231 180 186 22 115 143 253 242 160 83 50 102 112 77 62 124 136 187 227 94 1 124 69 129 138 72 124 98 126 153 25 136 116 87 65 127 40 65 90 160 199 255 252 235 163 55 69
61 50 77 91 90 123 160 90 103 87 94 213 57 57 199 216 227 139 255 226 226 178 165 255 236 238 127 85 22 138 255 209 236 165 152 249 188 191 255 251 225 243 242 253 186 255 244 250 240 160 236 181 244 255 228 180 72 71 62 20 78 121 123 85 169 108 16 62 46 73 60 0 41 133 2 96 73 0 30 5 28 61 158 164 81 88 74 112 255 170 54 73 112 123 168 189 137 59 113 90
98 108 27 122 127 147 255 225 244 145 92 69 121 169 197 125 151 49 176 110 234 211 255 243 177 215 142 107 40 75 255 228 127 214 54 147 166 126 248 232 255 250 248 255 165 221 245 237 232 160 234 255 226 69 128 82 95 66 123 107 87 49 91 115 185 126 159 63 87 94 29 113 96 88 118 151 159 70 68 42 38 25 106 204 0 50 109 59 220 236 66 61 221 154 0 19 76 20 94 36
53 121 127 24 140 86 156 113 132 81 255 212 107 70 97 6 88 119 195 108 153 237 255 170 87 92 92 133 235 240 255 198 160 142 42 6 89 77 133 255 236 255 241 253 245 255 255 253 255 230 229 242 255 65 194 78 107 118 109 93 35 124 199 113 85 168 125 95 213 40 43 97 70 135 40 131 131 139 66 24 26 59 70 134 96 80 41 121 217 161 141 62 76 96 79 78 25 51 53 79
70 132 63 32 135 41 54 0 91 78 146 141 90 97 34 52 132 98 85 115 149 229 235 255 160 81 34 26 179 247 255 236 79 57 83 233 213 79 83 198 249 249 208 255 228 226 220 230 216 212 146 117 126 109 78 12 124 104 96 130 35 142 255 255 138 95 38 111 216 155 39 45 119 158 102 49 101 39 2 104 76 30 74 43 95 165 87 24 30 67 145 117 81 39 20 51 16 36 17 97
80 95 255 201 107 30 104 48 55 40 109 42 55 169 59 122 167 212 176 61 73 160 214 255 136 80 105 163 236 222 206 172 39 32 88 212 255 220 115 97 143 246 254 246 240 255 255 248 255 234 142 217 193 239 176 49 157 101 84 61 47 182 235 255 142 71 26 100 97 110 67 130 120 22 29 46 50 66 104 81 83 93 85 60 111 78 73 33 59 103 112 221 220 171 160 179 126 64 109 123
218 122 154 227 60 26 120 57 66 59 121 66 88 148 61 85 190 255 221 76 97 104 84 117 50 91 199 255 218 137 137 211 145 177 255 250 165 34 19 175 251 192 55 84 255 255 194 235 228 147 244 107 102 193 150 85 62 74 50 28 100 162 97 127 86 111 116 164 105 38 67 120 123 96 151 118 20 104 157 17 55 165 125 74 171 104 124 76 66 126 101 219 255 255 255 238 123 89 222 173
252 201 108 86 109 126 114 19 142 227 138 230 155 30 67 143 241 255 198 136 194 169 50 84 60 136 230 244 216 155 55 132 102 125 117 100 40 46 86 119 128 108 84 127 93 242 245 164 216 255 153 70 106 197 182 159 49 149 74 92 182 154 27 80 76 98 111 248 242 171 142 42 35 170 147 70 67 36 50 101 84 85 160 53 107 72 113 144 155 210 147 119 190 240 222 151 66 120 249 159
249 136 38 171 117 76 86 63 182 234 156 255 180 42 107 129 217 204 160 142 220 243 152 216 189 225 216 116 73 109 0 77 111 143 112 93 13 54 87 77 90 93 99 107 157 118 145 215 195 120 94 24 134 153 136 163 86 167 87 233 213 166 148 188 164 65 67 237 255 147 191 125 51 163 104 61 43 59 102 103 53 71 89 69 43 37 125 204 239 239 183 68 124 176 187 120 50 102 167 78
0 0 88 198 63 48 67 94 103 110 95 168 160 86 108 56 79 99 46 103 138 227 230 255 255 246 231 255 105 192 49 138 142 209 128 84 41 109 84 77 121 118 129 76 82 57 87 141 118 23 3 8 100 116 94 163 162 187 210 220 175 71 204 191 183 85 53 214 106 52 98 151 130 227 229 93 45 122 155 103 60 73 110 83 117 157 180 178 101 105 165 88 48 135 180 88 76 46 5 32
125 222 142 111 95 140 143 64 74 136 133 81 35 10 58 148 148 255 185 66 103 188 221 235 182 232 255 220 34 147 121 228 255 244 99 65 26 143 144 119 163 163 104 134 54 103 153 157 119 100 63 76 64 45 71 149 128 25 199 55 97 10 94 32 180 67 31 94 44 91 99 37 116 72 7 98 102 43 108 221 160 41 130 132 21 86 165 182 203 71 126 108 59 144 166 93 72 136 65 15
62 151 100 82 138 68 39 133 55 100 85 90 65 77 6 36 161 249 210 86 77 123 239 243 97 37 157 147 249 77 110 220 239 225 88 159 23 105 115 158 255 211 144 5 60 69 187 130 131 135 31 56 95 110 109 27 167 32 64 26 96 36 71 66 53 34 104 111 53 77 100 12 56 201 109 61 90 11 59 134 64 45 53 35 47 114 44 144 243 84 121 104 73 92 68 65 112 53 108 177
86 111 72 70 145 90 103 91 91 78 63 103 49 121 101 33 112 151 157 142 29 125 248 138 0 128 248 255 215 51 77 255 247 151 45 112 174 115 110 87 187 225 160 43 85 205 228 224 37 118 127 91 83 81 91 46 128 79 93 28 97 56 104 98 97 81 122 229 136 141 117 99 177 255 158 32 211 197 173 181 91 26 61 54 76 102 47 136 181 64 73 17 30 77 60 53 62 95 151 140
66 77 34 82 122 52 98 17 73 111 102 96 38 86 118 27 57 107 162 91 107 215 134 94 74 177 255 232 141 45 73 240 255 110 96 63 135 26 105 75 195 151 153 82 47 76 245 233 118 135 208 108 84 66 18 53 123 92 119 8 30 61 114 85 130 131 105 176 94 161 115 123 131 208 128 165 255 237 194 187 67 52 112 9 60 109 119 96 46 23 86 78 50 77 84 68 100 117 194 255
44 72 84 36 21 48 21 48 58 164 141 117 60 79 104 67 109 124 168 100 230 215 21 206 124 119 165 178 207 242 119 144 129 28 84 111 0 44 100 164 243 90 234 225 107 26 212 176 171 135 170 68 91 99 12 42 81 100 25 134 52 78 68 42 110 139 100 57 28 148 75 66 18 91 5 165 205 191 224 234 112 154 255 213 193 100 125 164 124 53 6 67 47 65 58 44 69 67 113 117
19 102 90 38 0 80 57 77 88 108 28 71 39 130 142 97 80 91 74 132 139 103 42 236 96 32 107 38 201 255 93 65 171 77 159 131 4 42 25 135 182 20 255 247 102 129 94 151 83 152 190 98 97 110 84 116 39 90 84 99 59 103 67 54 180 227 225 179 111 198 88 168 102 61 4 86 192 150 168 170 106 105 156 200 173 83 113 191 220 154 4 71 35 36 4 21 44 0 97 0
96 132 83 63 33 54 68 50 144 56 39 26 83 225 214 129 98 58 0 92 56 108 83 119 61 132 71 113 250 252 22 64 176 49 53 0 98 50 16 91 5 100 134 211 139 128 84 56 118 181 232 99 37 73 167 206 60 134 214 109 80 144 38 38 146 214 239 238 194 255 98 157 126 83 74 74 234 165 59 54 40 55 50 74 47 73 114 124 204 182 123 94 38 53 41 58 81 57 83 88
164 128 84 54 95 58 85 28 150 65 76 98 149 255 202 156 203 188 59 56 96 145 73 13 115 175 63 65 138 169 102 166 226 113 117 35 223 87 165 128 32 135 155 245 178 103 84 18 146 102 116 143 66 67 140 169 83 198 255 174 169 233 42 28 66 41 86 138 154 144 30 92 90 32 91 146 246 144 75 130 190 215 247 225 94 70 89 196 254 182 61 67 65 62 53 57 76 67 86 64
174 86 87 52 76 157 42 142 136 65 47 90 81 103 71 71 242 228 96 53 146 133 69 57 90 105 86 108 195 249 255 233 185 76 138 221 254 114 193 98 83 102 224 142 85 124 6 39 86 111 104 173 193 78 86 103 113 168 184 83 178 255 80 108 101 69 140 177 125 143 77 154 255 87 141 229 197 74 124 255 240 241 250 195 26 58 131 206 245 178 126 108 70 78 103 68 66 75 84 29
70 55 58 38 188 39 55 83 90 122 121 164 109 72 127 69 239 182 71 14 90 53 23 119 65 133 195 82 157 222 255 252 133 37 125 222 156 147 212 143 197 185 225 253 199 239 42 154 96 156 255 223 167 89 38 88 53 64 158 139 78 122 33 111 81 30 166 126 215 210 74 246 246 166 109 139 181 155 194 255 246 226 124 107 80 64 109 183 231 162 205 143 84 157 226 100 27 50 75 38
132 40 59 130 195 103 33 108 226 79 34 149 171 68 100 0 123 86 45 12 80 101 0 24 90 214 219 66 144 178 127 65 0 40 165 98 52 73 201 233 215 168 107 139 255 203 52 66 40 202 246 214 105 86 42 125 193 38 82 180 8 88 56 49 92 173 242 255 146 147 152 255 201 158 25 48 123 173 168 59 55 65 83 115 167 139 98 31 80 55 138 158 129 122 193 43 56 60 74 53
161 1 60 216 189 108 36 81 209 59 46 33 67 60 99 0 62 46 22 15 88 208 109 87 182 171 59 32 70 155 203 165 102 122 140 169 77 37 28 48 16 57 126 41 181 118 26 32 38 168 155 96 115 141 114 159 246 113 102 185 124 103 98 71 101 122 229 142 79 138 88 105 85 183 73 68 64 49 82 119 70 102 117 9 134 198 114 78 136 236 179 164 162 157 234 85 176 146 104 41
234 81 56 160 113 35 79 97 105 8 46 47 123 147 154 92 187 191 128 97 80 140 61 49 139 102 54 72 0 25 121 118 163 145 95 224 104 100 14 37 21 74 43 63 106 121 88 118 179 44 144 45 90 153 175 194 226 191 91 150 240 112 99 123 124 62 166 237 177 255 210 174 88 126 95 136 64 84 116 102 72 37 144 103 161 193 105 77 77 138 25 135 159 132 147 136 206 210 164 59
255 164 50 75 85 20 125 121 110 83 101 111 170 144 107 35 227 255 151 88 23 49 41 74 216 171 93 4 42 96 118 91 95 108 70 30 86 156 95 60 42 115 111 46 21 9 50 42 132 2 40 104 125 31 165 223 173 175 6 171 251 143 96 133 193 188 243 253 217 240 255 255 84 5 14 159 111 121 116 123 145 98 141 71 55 73 50 62 52 159 87 132 54 109 73 107 134 210 214 101
76 102 58 174 191 17 74 106 200 250 221 232 173 117 152 149 223 254 229 99 97 60 88 122 255 171 54 99 113 106 58 18 61 120 134 49 102 161 121 82 95 154 119 174 223 87 116 44 82 90 54 72 128 9 154 219 122 181 73 145 120 105 126 40 137 203 123 181 238 255 215 204 181 143 102 122 100 160 74 152 255 230 170 170 123 98 126 113 0 50 32 87 58 143 80 191 135 175 136 159
45 35 87 225 171 55 30 45 204 243 218 226 49 43 109 127 117 206 235 252 210 23 60 56 112 103 78 116 150 134 100 141 142 72 0 184 138 121 236 255 255 136 0 224 228 152 176 80 59 66 32 50 81 88 137 191 150 133 121 238 71 238 247 194 190 207 180 133 205 215 106 32 117 171 164 125 125 196 128 111 177 142 206 122 133 45 192 193 56 42 36 42 104 150 136 255 255 178 89 111
219 177 91 126 47 57 30 10 104 80 78 212 147 96 33 31 141 255 237 244 248 98 185 201 77 58 173 236 246 212 150 151 183 119 65 82 60 157 254 221 176 113 99 216 107 170 242 224 161 39 74 98 86 99 69 162 193 19 81 155 0 188 252 251 213 150 210 255 73 131 247 179 181 249 243 255 71 69 160 227 212 117 202 186 176 43 172 244 173 151 120 50 110 101 82 170 244 242 108 17
233 255 182 76 1 85 27 103 228 150 99 114 165 202 147 78 70 246 255 186 207 80 104 185 106 59 190 154 96 117 158 226 123 133 28 161 255 89 193 218 89 0 131 139 167 124 211 247 142 106 51 64 110 251 239 247 249 48 161 188 120 121 164 215 99 139 255 238 162 226 255 201 182 252 224 236 159 80 199 205 199 154 201 248 180 82 64 111 43 133 123 95 98 71 28 75 138 124 105 129
128 204 88 57 65 69 33 22 59 5 77 78 89 147 164 132 34 49 56 78 180 68 61 196 160 83 114 65 148 249 161 95 48 46 12 81 177 58 62 136 149 83 39 25 113 218 255 196 57 138 217 127 194 255 207 252 255 71 111 88 62 19 0 89 91 72 57 109 110 135 83 78 90 72 55 161 70 117 193 172 97 63 93 199 154 64 21 115 118 133 24 48 67 61 70 106 145 74 14 10
103 162 135 51 5 32 96 111 38 28 85 55 36 135 121 151 78 94 129 115 145 82 87 71 27 113 229 156 110 212 178 134 103 48 74 82 137 131 172 117 36 17 123 109 203 221 250 167 97 110 188 83 81 150 172 255 195 38 58 78 150 186 79 102 43 112 179 0 146 180 30 107 96 119 130 78 68 167 209 211 91 125 97 155 81 93 42 78 131 81 39 123 190 119 180 207 169 159 83 11
73 133 103 57 7 46 236 211 109 45 68 125 149 169 5 71 94 78 138 95 33 0 132 218 178 206 245 217 140 241 191 103 55 28 104 107 17 16 188 245 188 181 250 182 143 151 161 172 126 154 117 219 76 12 19 118 52 47 76 114 71 47 28 134 143 137 116 151 219 122 14 247 255 151 5 41 4 98 120 130 97 113 84 236 114 119 57 88 67 41 134 143 173 72 221 255 132 79 82 79
145 103 66 86 115 148 245 180 103 23 59 86 104 178 22 30 51 13 61 5 55 107 118 70 44 134 159 168 64 109 95 146 248 154 111 214 98 93 61 139 219 255 216 166 125 111 111 87 121 146 158 47 128 133 55 147 139 157 28 181 105 53 48 187 195 131 49 83 16 43 77 194 249 207 5 88 72 45 74 35 62 55 62 221 90 77 81 108 125 56 127 8 34 21 215 230 58 105 121 68
96 71 81 98 91 79 170 107 167 134 157 131 131 191 142 170 97 87 104 105 74 14 41 58 35 27 34 51 34 128 137 61 88 17 80 106 85 132 52 103 231 255 237 180 96 126 94 60 122 174 179 85 158 149 103 122 155 171 126 40 144 205 91 104 100 123 60 102 87 204 235 86 87 119 59 118 103 81 117 32 62 66 79 63 58 59 93 87 115 43 57 15 88 46 88 116 70 128 142 62
7 0 50 91 77 34 63 69 245 154 225 242 254 248 243 249 166 192 82 12 73 81 214 196 78 87 164 121 65 81 217 221 222 207 255 243 107 85 76 153 152 106 112 141 66 115 96 110 240 253 250 86 131 195 194 149 93 59 41 0 132 203 134 166 181 204 139 205 111 150 248 86 147 159 117 122 56 88 117 87 112 160 158 26 52 46 135 63 38 40 51 57 78 48 24 3 47 72 76 18
131 152 60 141 114 125 123 4 114 2 118 200 206 231 207 255 255 233 49 79 106 46 82 130 94 56 103 108 104 99 190 146 200 251 238 232 123 142 25 61 36 50 190 216 109 222 166 124 217 255 255 41 38 106 110 31 140 121 163 111 199 244 184 186 76 48 53 197 178 123 178 29 85 52 71 127 83 111 107 199 193 236 255 195 114 3 134 123 70 44 75 8 34 33 63 46 18 0 16 30
222 190 41 171 189 111 144 78 79 103 19 162 255 163 150 84 187 204 169 240 173 84 7 115 42 104 153 156 61 13 52 49 155 52 78 64 97 90 66 82 54 48 100 180 80 118 167 66 122 252 255 125 118 157 140 75 246 205 249 223 246 236 124 73 37 53 67 190 88 103 63 91 94 152 246 244 170 164 90 126 181 255 245 253 251 132 210 176 135 153 173 167 49 151 62 6 98 27 16 4
192 131 106 178 227 39 85 160 89 35 168 125 161 152 126 77 44 84 215 237 144 61 22 125 46 107 129 89 79 42 59 41 94 138 162 119 255 255 252 230 173 60 87 62 0 50 65 0 70 202 196 168 176 254 235 135 213 110 111 190 235 229 122 88 70 82 138 90 35 88 104 147 108 139 255 245 132 117 164 216 98 179 254 226 183 91 253 157 33 31 116 83 83 123 194 79 0 43 114 50
84 5 0 97 140 70 105 74 38 51 185 83 122 174 85 147 143 73 121 146 97 112 142 192 115 117 146 29 116 64 106 73 34 110 98 166 229 223 250 231 255 62 9 12 37 31 42 26 108 144 91 109 102 244 230 61 87 35 9 81 81 78 47 63 113 102 151 139 63 98 142 150 175 161 250 227 111 120 240 246 64 98 135 150 116 123 244 142 85 99 112 194 163 87 213 152 20 154 244 71
188 72 0 110 150 118 117 50 56 116 237 239 135 177 115 216 250 140 91 40 10 136 169 119 73 55 113 21 60 25 70 78 90 123 68 76 255 251 204 150 136 105 147 73 71 73 38 89 95 92 68 77 45 181 147 1 31 84 68 91 58 52 115 171 235 85 79 85 109 22 39 3 161 80 54 69 38 18 107 200 121 239 124 79 127 218 179 146 213 223 113 216 163 57 98 85 108 175 232 69
172 143 140 67 160 64 38 138 202 122 244 232 66 94 25 131 130 83 185 97 97 167 193 121 103 66 93 80 4 15 0 32 88 107 145 130 170 139 93 218 255 223 123 75 96 46 3 30 38 77 125 115 67 137 69 8 10 65 36 68 73 52 152 223 255 146 123 160 175 94 70 133 241 255 131 54 69 36 3 102 202 251 162 84 105 210 206 167 253 226 70 38 141 142 158 113 176 116 141 82
26 138 154 54 56 39 60 116 190 153 255 164 143 139 63 100 171 166 217 250 222 255 253 252 254 107 98 160 41 83 59 97 112 85 180 126 157 138 53 202 227 255 239 60 59 46 52 53 83 89 146 142 130 127 118 86 77 43 7 45 75 80 117 161 228 152 145 222 153 50 121 212 248 224 181 100 95 117 42 135 226 254 120 86 3 101 252 251 174 126 84 19 70 212 255 175 234 106 137 71
103 184 78 102 27 133 216 68 188 255 159 15 141 125 22 41 199 154 29 214 164 217 222 255 248 64 97 92 32 78 125 196 155 155 169 255 179 102 0 193 238 236 232 148 125 105 89 100 123 145 128 152 181 131 186 156 171 95 91 171 206 176 71 72 121 106 91 195 132 37 92 146 109 194 195 66 36 177 86 147 194 170 135 61 12 87 214 255 38 109 115 56 59 60 164 69 176 107 80 66
71 194 119 69 114 152 151 127 246 139 39 87 218 153 102 86 190 137 154 62 93 135 116 81 154 39 200 166 65 50 97 206 52 111 79 201 230 168 32 36 50 52 159 255 213 133 26 0 112 150 108 79 110 0 77 109 154 82 99 144 125 128 4 61 109 105 97 178 134 68 42 66 41 184 197 164 123 226 57 47 113 5 17 11 114 144 187 134 27 67 47 51 93 43 97 7 122 129 34 77
133 118 135 26 235 225 96 102 108 91 140 119 124 86 60 51 97 118 17 108 49 38 96 138 158 106 122 225 136 52 121 87 74 135 72 105 161 53 37 43 111 12 78 199 147 111 88 119 51 94 37 167 236 232 80 97 106 161 234 203 51 68 11 153 101 44 74 105 117 98 0 15 18 124 56 139 136 183 68 56 116 36 30 32 124 54 144 59 35 39 57 87 86 46 54 120 101 154 31 93
