15 22 18 22 38 31 11 9 33 34 0 27 42 23 6 50 104 152 172 131 113 161 170 115 81 81 116 113 54 82 75 32 43 20 43 98 168 155 128 82 34 68 49 113 52 80 47 50 46 11 30 19 39 59 21 48 11 146 255 116 58 50 129 169 86 48 131 118 139 174 71 34 38 68 65 15 0 27 48 47 82 100 163 125 84 104 21 65 67 24 39 82 103 130 73 68 74 48 37 107
9 23 62 82 54 18 2 0 27 45 30 23 40 48 22 24 71 128 168 142 106 117 119 84 88 92 175 234 124 109 84 57 68 28 68 88 41 5 51 45 29 63 53 73 46 87 65 12 27 38 64 38 58 68 6 18 18 82 140 91 77 63 120 182 101 80 160 162 255 255 68 55 51 65 25 58 55 60 95 127 95 114 203 132 118 95 90 85 169 148 130 84 100 179 123 90 99 43 18 95
24 37 107 154 113 67 64 66 43 54 76 58 76 80 37 14 14 34 51 33 2 10 45 64 42 47 161 255 101 46 26 41 76 64 116 120 23 0 127 207 132 116 103 101 99 108 96 23 63 0 27 97 107 69 34 85 51 59 39 31 32 7 36 94 53 72 135 19 129 154 0 20 89 164 68 41 19 45 66 29 0 29 52 59 0 39 32 29 77 70 73 54 91 145 74 48 50 25 40 120
29 28 74 126 114 76 80 109 93 68 118 116 121 88 52 69 74 45 32 37 31 21 32 52 66 39 60 90 43 97 87 40 21 47 83 103 50 16 105 180 112 44 43 89 86 62 131 181 116 21 50 45 0 55 64 0 7 56 42 30 45 30 44 52 11 0 96 126 0 68 27 83 64 82 34 90 89 21 23 63 53 24 94 37 127 44 78 44 80 66 48 57 90 80 32 33 46 78 137 187
33 27 22 46 59 21 19 79 87 50 101 104 96 65 93 191 208 128 70 82 98 65 25 15 1 0 54 84 51 15 27 78 81 72 57 78 50 42 94 99 25 15 115 253 191 52 67 168 163 21 33 68 28 57 98 83 96 145 106 18 20 25 59 34 37 65 107 83 21 17 62 121 44 83 119 129 140 65 22 38 67 48 67 105 178 115 48 81 32 61 35 51 93 90 104 99 56 67 107 118
42 44 17 20 40 5 0 67 68 47 59 38 19 16 85 211 242 141 56 64 100 81 38 26 9 51 76 27 36 54 60 55 47 57 106 169 102 96 143 77 19 27 102 228 173 50 35 116 94 25 22 50 52 47 66 115 143 181 174 100 99 94 88 26 8 24 22 148 152 47 29 64 70 57 124 121 143 72 18 58 83 74 54 123 179 123 33 114 31 74 69 87 119 109 141 133 103 57 65 73
53 49 30 36 56 37 28 65 93 83 47 31 29 30 51 117 109 54 7 27 67 54 23 22 16 22 44 41 60 74 55 36 41 63 109 161 69 74 158 118 68 59 38 73 75 47 42 71 23 16 21 49 77 58 54 114 143 140 134 92 77 92 65 9 35 118 106 139 218 98 88 39 86 31 62 50 80 63 22 56 99 92 46 91 143 72 26 73 55 55 69 64 77 72 103 124 52 3 22 27
82 59 46 59 77 71 56 52 85 80 35 77 129 133 89 88 45 28 9 22 45 33 21 39 52 42 66 76 27 23 27 49 35 51 34 62 5 12 86 80 55 61 11 0 33 64 81 80 35 29 44 73 89 73 64 86 95 80 82 73 47 92 53 8 53 112 112 135 69 82 181 103 86 32 26 10 41 74 32 27 79 85 48 92 164 87 83 66 58 43 79 28 18 29 27 38 22 9 50 29
95 72 60 80 47 68 81 59 81 96 72 109 139 114 111 125 97 59 68 33 77 47 12 57 90 81 126 70 66 44 40 53 39 25 51 84 80 94 95 64 62 55 40 54 44 28 47 42 40 47 29 63 81 85 65 51 81 84 90 43 46 59 60 31 35 61 65 117 72 94 140 67 83 93 26 43 48 69 47 21 59 57 9 110 211 104 121 74 69 52 97 96 73 24 32 94 73 86 127 79
108 96 61 53 27 70 82 42 70 122 115 86 91 87 74 88 115 83 74 60 101 89 47 79 120 156 178 70 81 110 83 26 10 49 100 152 211 197 117 90 75 71 54 69 47 26 21 3 26 46 18 19 22 48 51 38 108 165 150 72 49 50 55 51 48 45 108 128 120 127 61 34 83 102 86 121 72 61 60 49 72 81 32 74 163 97 83 73 48 82 151 145 100 49 78 135 153 128 156 138
110 71 40 21 7 38 53 46 23 73 129 131 148 104 30 55 69 65 62 73 124 140 106 117 146 162 170 80 63 43 49 86 83 48 59 120 193 162 79 72 114 64 3 26 39 66 65 50 34 54 26 14 0 29 52 55 170 255 246 216 161 76 43 66 35 15 82 66 106 126 83 150 58 79 103 162 80 44 52 51 97 108 63 56 112 83 35 63 0 77 161 146 62 0 77 162 143 103 113 86
135 37 50 35 50 41 42 80 88 55 65 59 118 103 41 97 61 63 47 6 51 89 104 114 101 103 107 69 71 29 29 93 76 62 80 62 24 29 62 20 57 41 35 79 63 52 29 30 42 49 32 39 15 24 51 70 136 200 138 133 173 197 136 38 0 4 41 38 84 55 55 97 120 97 53 73 3 0 25 49 73 73 48 63 81 59 12 50 65 59 69 86 73 31 64 65 74 82 127 94
109 20 99 59 69 43 22 53 89 65 53 10 89 119 62 56 56 87 125 43 67 63 65 42 53 58 76 89 109 60 52 116 100 40 61 118 77 18 72 32 67 31 21 47 24 7 0 27 29 34 25 39 12 18 39 46 74 50 22 101 81 13 20 61 88 53 18 0 25 0 46 47 57 76 52 105 94 82 64 63 34 13 11 89 75 35 21 47 58 79 104 102 71 40 83 72 49 50 87 50
74 79 201 132 70 45 37 37 59 72 65 25 93 127 126 99 114 128 188 72 79 54 46 27 58 96 133 150 140 72 31 49 45 64 77 88 85 30 75 68 54 5 5 25 36 27 13 18 23 36 27 28 1 25 43 22 0 16 20 54 43 35 54 50 82 52 54 33 55 46 90 91 89 116 81 124 122 115 93 92 63 29 29 121 83 25 39 56 56 80 110 92 86 118 175 150 99 44 40 8
57 94 168 164 45 15 31 11 26 68 86 90 121 99 157 147 175 153 222 126 127 97 55 54 102 150 137 87 80 107 105 74 48 30 10 2 79 43 25 51 41 28 60 30 24 9 20 29 24 33 26 31 3 30 47 20 15 69 64 15 44 103 116 75 71 69 77 62 70 51 97 126 76 78 39 78 62 77 94 104 88 60 51 98 64 22 54 86 74 59 85 65 73 130 190 184 94 56 80 71
104 81 61 169 61 22 36 0 34 93 103 102 91 38 137 128 150 78 122 51 68 86 61 108 178 221 234 197 107 29 4 5 18 44 74 11 96 117 55 39 41 38 75 16 19 12 24 9 16 9 7 33 5 16 33 20 4 34 46 21 51 37 49 106 118 125 73 67 77 26 76 102 76 50 18 65 25 38 68 67 49 39 28 31 22 18 63 122 73 26 58 43 23 39 84 110 97 104 154 130
167 100 19 145 161 129 27 3 63 97 17 57 62 44 81 70 57 23 56 24 64 71 78 92 169 200 197 93 23 71 177 140 67 22 6 39 147 159 65 64 33 80 51 34 39 15 13 19 26 6 11 9 0 33 57 26 11 20 17 45 25 0 0 57 102 70 67 57 67 20 67 102 81 112 50 45 37 39 46 55 38 28 25 0 37 34 96 122 103 53 56 35 19 8 47 75 61 70 89 100
185 131 85 126 160 162 90 60 51 11 4 49 73 66 25 69 34 55 99 108 168 197 109 37 43 74 104 94 13 72 183 164 60 35 30 125 83 149 82 79 21 74 66 33 22 18 22 26 26 14 18 15 10 34 45 18 43 42 21 39 39 28 4 25 29 62 26 52 76 54 22 29 68 106 83 31 44 68 91 65 38 59 85 46 54 66 70 109 91 61 74 72 37 35 95 120 63 42 36 42
134 125 126 53 65 98 129 160 49 29 72 67 61 65 14 86 87 85 96 95 177 194 106 38 68 123 162 121 24 84 198 135 32 52 96 124 22 45 77 99 57 69 69 32 5 1 0 0 16 19 18 13 15 23 19 3 33 33 9 19 42 58 45 53 45 44 33 84 142 70 49 30 56 95 129 47 89 137 157 84 25 57 68 99 113 78 27 44 54 43 66 103 52 49 101 89 81 48 43 63
98 103 119 47 58 53 79 90 32 38 35 27 39 51 42 68 62 49 50 0 89 98 107 102 59 57 89 54 15 6 120 94 22 87 143 109 65 6 65 122 91 40 41 37 27 25 11 23 15 30 25 15 18 15 5 7 20 27 10 6 25 48 70 105 108 44 22 36 58 8 60 16 46 84 156 52 41 64 71 7 75 113 22 45 67 24 41 38 90 69 67 122 74 77 117 74 36 12 16 41
96 80 61 41 63 29 56 58 38 53 27 20 28 12 26 37 71 112 126 34 67 49 58 52 29 6 17 21 60 56 107 95 38 85 103 159 147 78 45 108 75 5 3 13 13 17 6 13 24 43 36 23 26 17 11 29 44 46 33 19 22 23 62 121 100 42 42 152 137 59 32 8 56 34 77 28 38 90 86 46 93 213 155 113 97 39 56 6 98 82 76 140 112 107 122 72 28 10 6 13
61 54 46 73 111 68 84 77 75 121 129 68 52 46 34 26 47 104 132 139 127 98 68 84 67 60 36 52 91 138 74 32 90 62 83 190 184 128 66 98 92 52 43 35 23 27 22 13 18 30 25 19 23 15 14 34 46 39 32 29 44 34 70 129 130 76 45 96 140 74 45 73 112 36 26 10 29 87 80 62 167 246 226 146 100 47 38 28 57 49 44 90 90 77 87 79 41 30 32 37
65 43 32 7 57 43 50 22 56 110 124 63 94 129 103 47 44 52 70 150 139 100 69 112 107 63 50 78 80 125 31 22 65 6 40 82 115 104 72 54 59 46 33 38 32 26 30 18 6 8 7 14 24 20 17 26 32 21 18 18 50 41 71 116 131 124 99 14 77 72 71 68 85 65 84 63 37 47 64 87 150 154 117 99 60 20 11 46 71 46 12 13 46 36 57 107 64 56 76 107
29 72 138 52 58 28 23 0 0 62 73 62 100 109 135 107 71 57 70 124 130 89 74 89 76 55 84 40 26 117 74 54 45 19 25 15 91 167 116 57 49 31 9 41 48 18 21 14 8 1 5 23 39 38 30 28 44 32 21 5 29 14 38 72 82 61 100 124 115 87 48 82 45 55 99 90 79 59 53 44 72 86 16 59 29 17 48 76 70 48 21 14 72 37 19 73 61 45 69 119
64 40 34 49 75 47 58 52 19 78 102 42 56 90 99 88 71 67 56 79 78 93 83 91 97 122 162 104 42 58 39 34 20 20 79 40 113 201 181 79 60 76 35 12 23 17 14 17 20 17 18 8 15 25 18 33 52 41 21 21 31 21 26 30 33 31 73 148 75 29 62 112 83 78 63 105 132 85 43 3 15 47 67 12 13 49 59 109 89 67 9 80 50 16 14 15 39 66 97 50
23 40 48 31 35 44 89 81 30 71 97 42 35 45 59 66 70 34 5 31 50 46 36 55 94 123 186 91 74 15 39 35 24 43 62 30 54 108 101 28 17 43 21 11 25 21 21 25 25 21 16 3 17 36 26 31 37 42 21 26 59 48 23 24 22 10 35 25 14 19 11 165 114 101 78 110 120 103 40 31 24 48 79 62 21 46 61 135 61 63 18 57 43 47 38 27 51 64 74 68
8 31 68 77 59 52 107 125 46 54 84 61 57 54 75 102 100 54 34 60 79 23 0 20 37 75 138 36 66 0 62 86 39 46 26 37 50 60 42 0 10 33 14 4 12 7 12 18 23 14 21 26 36 34 28 56 61 39 21 31 35 27 25 47 35 5 41 26 55 75 6 84 80 111 85 128 117 96 40 42 41 32 46 85 60 80 55 101 43 62 45 64 68 101 84 80 76 74 21 18
8 25 71 103 67 35 78 109 77 46 59 52 55 38 53 86 113 74 61 71 89 32 40 94 69 65 103 79 133 84 76 121 69 32 11 49 101 90 43 6 31 48 30 22 21 8 8 5 9 10 24 30 45 51 40 54 81 50 43 42 25 66 74 52 51 7 18 28 29 39 45 20 61 110 43 49 26 15 40 65 43 28 18 64 89 95 26 29 40 32 13 12 28 75 63 84 210 200 83 47
27 63 95 104 56 34 71 97 87 46 45 41 60 52 73 116 107 76 63 54 56 10 25 70 74 39 82 115 178 146 61 84 106 57 62 46 104 101 51 18 31 44 36 41 42 28 21 6 5 20 25 8 32 67 51 35 62 72 47 21 56 146 93 12 35 59 70 102 120 36 40 49 54 107 122 121 112 79 45 38 58 88 71 58 86 65 9 23 23 34 75 121 178 229 180 156 203 195 85 59
25 58 74 93 55 25 49 92 113 87 67 35 53 40 41 74 41 18 21 33 41 26 31 41 60 86 147 99 123 150 133 116 120 102 130 45 52 57 39 18 24 24 12 17 20 17 24 14 25 24 32 25 25 28 30 62 92 104 33 2 75 147 61 40 131 139 67 54 186 67 0 115 81 58 124 122 139 131 33 27 78 121 99 55 64 35 11 41 68 66 95 117 164 220 173 108 81 80 39 56
34 43 17 40 32 9 6 46 96 102 88 64 123 126 91 88 71 32 21 37 23 28 29 20 46 119 161 78 32 74 153 122 81 84 117 62 28 18 27 22 23 19 5 9 5 6 24 19 35 23 33 36 25 5 12 67 99 80 27 26 82 155 96 108 183 148 61 37 216 145 79 177 123 38 59 104 123 123 45 46 73 76 59 76 80 66 46 58 50 56 101 119 119 135 108 42 19 23 33 41
120 124 39 11 29 55 35 28 66 92 84 76 175 187 108 60 57 29 39 78 46 47 35 13 21 60 79 110 37 25 115 97 24 20 49 82 45 12 25 28 18 26 31 46 37 26 35 23 24 28 23 1 18 43 23 8 3 0 7 43 80 215 176 98 100 75 75 77 188 184 236 255 169 75 13 119 116 91 76 73 79 47 51 149 149 150 122 114 67 68 120 134 77 46 55 32 23 29 46 3
114 150 44 8 50 98 111 106 105 130 126 43 156 169 69 30 37 37 0 79 76 74 64 66 48 20 39 85 79 53 15 66 55 26 22 88 55 25 22 17 26 10 8 27 34 23 16 22 17 28 23 0 19 43 25 43 34 10 31 25 24 132 141 73 60 0 22 116 97 134 248 235 86 49 51 129 125 94 67 61 51 23 27 108 159 155 141 124 112 88 121 100 40 3 45 87 86 90 65 32
34 54 1 40 85 130 132 111 127 135 146 94 124 98 82 95 56 43 66 110 81 55 77 111 84 18 50 19 70 50 55 67 91 54 90 83 50 19 14 23 14 14 0 12 0 8 0 8 7 32 26 33 8 22 55 101 108 85 15 36 8 41 44 50 47 30 0 89 75 50 128 150 30 24 41 86 110 109 70 45 54 53 21 21 40 41 58 78 92 53 54 124 37 41 90 116 135 124 94 70
60 46 15 90 94 104 94 84 26 55 80 61 45 31 85 79 69 26 86 114 147 55 29 102 73 0 24 2 37 80 121 173 101 50 100 17 37 66 52 33 60 52 24 47 26 36 4 3 10 18 10 36 38 32 98 76 62 26 21 80 81 122 86 7 38 47 88 18 116 37 46 59 73 55 48 45 113 142 91 64 102 81 43 63 95 60 52 80 115 99 63 133 56 42 67 72 83 86 63 34
209 126 28 70 54 44 22 37 83 96 69 59 36 28 76 25 32 64 118 57 204 164 82 119 119 81 110 68 13 54 64 115 121 44 113 72 68 19 1 49 42 20 2 32 38 42 18 14 24 10 13 26 99 82 181 69 41 0 75 67 98 164 135 55 12 40 128 0 175 66 74 90 65 92 107 40 59 59 49 108 147 97 79 123 147 86 61 56 52 90 73 69 91 49 65 81 53 84 78 41
246 129 0 26 73 94 73 100 94 75 9 29 35 41 88 73 39 48 97 46 181 110 23 80 104 98 146 78 25 36 24 19 40 26 69 34 31 32 41 68 80 86 89 50 30 4 8 1 21 14 21 22 71 40 152 60 36 12 61 85 179 174 62 4 54 55 8 68 193 56 27 34 19 63 76 13 61 77 57 107 140 109 126 127 98 75 125 116 54 65 66 9 71 26 42 73 25 43 39 22
222 154 66 70 101 91 48 54 80 82 38 44 30 57 86 100 51 41 61 8 69 87 88 101 79 34 15 18 0 38 35 60 66 32 22 25 22 4 2 29 83 161 215 128 71 31 56 46 24 38 46 79 61 25 84 73 12 65 54 120 139 112 57 36 49 69 62 215 255 149 66 110 63 113 94 36 104 147 110 118 139 106 153 152 95 77 177 188 70 15 22 2 45 35 75 115 55 35 20 31
110 119 130 101 74 46 35 30 45 58 78 83 34 74 72 91 28 21 45 91 75 50 38 29 36 28 8 78 54 57 0 0 24 53 72 42 27 26 11 5 72 156 211 136 66 20 27 14 0 14 37 83 61 41 41 78 28 97 54 124 137 134 80 9 28 99 190 213 191 110 60 177 154 149 51 7 86 126 51 5 40 2 63 107 110 99 189 200 71 27 22 19 48 21 74 108 81 67 52 57
56 85 141 88 37 39 89 84 55 16 69 112 40 56 31 75 0 59 44 75 25 25 29 29 41 67 47 11 40 69 104 77 39 7 13 0 28 41 33 51 49 83 104 82 44 22 20 22 12 42 73 68 64 47 30 78 15 108 82 109 184 149 40 13 71 109 86 54 55 38 59 175 170 188 106 78 100 98 51 54 52 25 45 42 63 61 112 82 24 52 41 14 67 0 45 72 41 69 66 41
57 119 185 75 38 54 111 123 72 65 89 99 54 39 8 45 16 35 77 17 17 23 63 57 55 45 0 76 69 36 70 60 32 63 63 7 23 29 33 41 35 44 53 59 24 44 40 36 36 47 71 55 55 49 17 46 21 100 113 62 56 51 43 72 75 79 45 40 59 115 88 138 151 199 194 13 29 37 31 41 44 0 47 0 54 46 55 26 11 72 83 79 88 15 20 55 30 61 52 22
74 111 171 75 40 39 66 90 79 80 97 111 68 20 50 25 25 25 83 79 71 45 15 15 52 44 40 0 60 106 178 142 70 83 54 80 36 8 22 12 37 30 49 57 29 0 8 36 30 50 28 38 70 54 3 36 31 150 90 98 51 50 141 173 108 62 109 50 74 87 128 41 85 105 142 99 56 88 95 127 93 30 66 11 63 62 74 37 12 81 89 145 126 63 51 86 57 78 68 41
26 27 65 4 30 65 45 43 92 66 43 111 87 46 88 12 14 0 36 82 113 146 108 116 103 72 19 93 111 104 165 130 38 46 61 18 24 24 38 51 58 25 13 38 50 44 69 103 152 108 39 69 86 28 0 30 53 137 138 255 244 231 208 171 117 122 127 71 66 63 66 43 106 36 64 96 39 103 150 161 73 17 51 25 87 88 94 65 8 51 61 157 142 76 94 135 95 97 75 49
55 46 64 14 61 126 67 31 33 57 79 158 61 22 44 55 42 47 16 42 73 149 108 70 135 159 22 111 154 138 116 72 32 96 100 50 95 62 18 49 33 46 74 93 20 23 31 140 242 125 36 22 26 0 19 77 74 202 250 254 232 255 218 99 62 167 136 88 52 110 69 174 122 35 85 108 87 109 162 112 74 52 51 21 121 160 150 111 30 49 96 189 165 29 73 119 105 97 71 45
55 67 97 61 57 93 37 22 59 39 69 109 80 81 4 3 73 105 21 0 5 82 78 32 114 177 101 25 163 132 50 34 88 135 0 81 83 9 0 60 61 0 15 26 5 61 54 164 255 177 127 71 88 46 23 29 24 192 255 243 226 190 198 78 17 115 160 80 33 145 120 168 128 92 130 105 87 49 109 87 63 89 73 44 143 165 108 57 62 80 154 254 204 35 52 96 63 73 73 56
31 40 80 97 54 52 22 38 51 17 70 24 50 73 27 30 131 160 86 29 2 24 49 50 85 130 155 60 100 36 61 59 31 44 20 172 181 79 40 71 50 19 102 44 27 51 37 64 58 23 1 6 77 43 34 56 103 167 235 254 253 130 90 72 15 44 98 60 30 122 70 54 74 113 133 144 144 82 101 127 77 93 101 120 148 86 39 64 66 50 63 156 114 26 10 47 22 45 74 78
32 18 32 84 31 31 26 36 44 2 44 3 27 39 74 76 73 93 105 56 46 26 31 75 54 88 144 103 27 30 125 92 10 13 109 143 173 94 64 115 105 67 123 43 13 14 40 27 35 45 50 117 93 40 54 6 94 160 195 240 243 161 67 97 108 94 65 84 88 138 86 89 185 223 153 134 146 88 84 126 66 40 55 98 78 36 56 107 85 55 30 51 31 23 21 58 43 34 53 76
43 29 23 77 22 48 76 74 67 9 14 54 50 30 86 62 45 32 83 16 33 19 14 86 34 11 101 87 76 76 30 29 78 106 98 45 42 1 60 210 199 81 63 71 42 10 47 50 32 99 135 215 75 95 193 35 194 242 113 239 255 191 135 169 149 108 34 14 29 52 79 63 143 199 119 73 112 51 44 63 22 11 41 78 76 134 155 84 7 29 63 19 10 12 53 104 96 37 24 55
51 39 43 41 13 45 62 81 71 15 10 85 143 118 25 52 87 78 96 48 70 38 52 62 33 0 29 68 88 71 0 22 160 136 69 77 44 52 137 171 174 129 83 95 67 8 17 21 0 51 76 148 132 87 120 220 255 227 240 252 223 139 163 179 109 59 38 73 55 45 183 124 76 120 136 115 120 63 45 35 5 31 61 106 85 116 133 79 21 18 71 30 31 30 40 102 116 55 68 19
40 36 38 41 13 62 70 75 102 38 30 75 200 176 50 44 110 102 103 63 101 87 56 56 44 39 39 73 67 85 53 72 92 71 89 104 115 158 184 137 80 119 152 44 60 23 28 17 34 97 130 225 242 170 22 241 246 195 240 247 131 36 123 109 25 57 59 52 85 32 137 118 55 11 28 103 140 95 85 46 29 105 80 63 18 49 65 87 122 138 96 68 20 52 45 95 151 49 67 43
32 29 59 105 58 72 63 85 159 100 87 63 225 224 81 43 52 40 43 41 85 94 29 35 90 82 78 51 69 182 138 28 67 14 84 23 5 144 207 144 83 60 9 38 87 37 51 48 15 114 72 235 171 242 245 233 255 243 156 185 84 13 18 28 50 113 85 66 129 64 121 171 186 128 48 39 60 81 101 30 34 108 91 126 121 140 79 64 99 110 42 81 62 81 58 95 121 53 65 37
41 33 60 112 71 98 79 80 116 95 109 25 115 143 57 58 43 95 118 56 12 76 43 39 108 66 55 18 72 129 90 99 34 12 112 51 25 125 91 68 55 79 16 41 38 70 78 16 62 68 57 0 255 245 228 255 237 253 108 24 109 77 84 49 14 96 99 124 116 40 57 163 202 97 1 89 131 73 94 154 70 65 54 114 131 159 108 61 59 76 43 44 57 43 26 35 90 106 87 12
57 43 28 21 14 124 128 72 69 71 126 60 41 78 71 161 89 93 108 89 12 63 21 0 144 198 102 51 87 93 22 60 88 60 67 43 89 166 42 78 49 38 76 82 78 72 21 51 44 89 57 51 102 75 220 250 253 204 99 30 46 14 47 33 22 48 85 102 49 4 38 121 106 74 37 122 132 111 109 113 72 38 44 107 187 207 125 27 19 77 86 12 29 71 81 70 99 135 105 27
60 46 45 13 0 92 135 100 56 28 73 77 35 60 61 178 131 73 45 79 29 67 31 0 151 162 0 38 26 112 154 146 156 118 103 116 132 214 80 5 28 79 62 65 66 92 52 72 60 79 0 4 91 93 144 201 194 145 132 172 53 59 44 84 61 78 193 160 103 52 91 103 38 5 36 104 20 46 79 51 59 40 27 51 175 198 109 25 52 92 95 59 56 105 73 37 37 46 61 54
53 63 134 111 33 30 86 102 71 40 49 75 65 75 41 121 93 102 53 48 0 30 42 40 59 95 36 83 9 144 236 151 72 39 55 134 122 168 111 0 41 109 50 100 37 44 108 70 70 86 107 48 164 244 152 54 89 86 193 149 79 119 76 43 51 78 190 91 30 0 71 128 71 38 95 135 4 66 101 65 66 68 86 94 126 115 64 52 93 94 84 136 126 132 87 40 18 43 82 103
50 95 210 173 58 2 44 52 59 79 77 69 70 71 25 80 61 55 31 139 129 52 15 62 66 47 81 115 71 59 63 78 137 76 18 128 155 83 69 94 63 14 69 143 90 47 159 46 95 135 253 247 255 254 121 102 87 21 156 141 59 120 59 38 78 65 102 29 30 40 65 135 112 73 99 120 29 120 122 94 108 46 77 127 88 72 56 68 40 45 23 69 47 32 46 0 7 78 86 62
25 88 174 103 65 15 53 26 37 110 132 93 27 47 88 165 81 58 42 100 173 119 56 101 109 91 62 115 30 45 64 83 139 154 177 130 130 47 126 132 98 79 53 120 124 108 177 82 107 141 255 255 248 233 105 99 135 43 8 52 23 71 79 90 166 139 58 86 93 85 99 124 109 43 32 46 32 96 86 69 57 26 39 73 52 79 91 65 10 7 72 101 85 91 99 84 59 81 102 47
0 44 114 84 85 56 67 29 13 122 114 105 28 44 80 212 112 50 80 1 55 75 143 119 166 227 45 149 46 24 84 92 50 4 160 132 76 110 248 141 173 230 105 98 141 212 172 79 100 192 220 140 249 238 75 41 99 27 8 7 7 58 80 61 114 152 35 33 20 19 43 81 84 29 35 23 106 108 114 87 43 65 86 18 46 61 106 79 38 51 68 129 48 71 130 95 55 37 52 25
37 40 82 115 145 103 56 11 15 136 80 38 43 77 69 98 68 68 51 117 18 93 210 125 113 155 9 127 74 30 9 73 107 74 104 62 187 136 251 234 255 216 255 167 184 229 33 51 87 254 255 72 178 191 116 72 13 17 88 99 134 137 102 10 28 128 61 85 57 47 61 72 35 33 68 44 185 149 121 70 23 27 37 42 67 107 121 97 71 68 46 104 67 105 149 116 81 101 146 85
9 26 75 155 222 214 138 67 66 119 93 39 100 45 80 87 0 122 103 143 91 16 96 93 108 111 115 146 156 111 16 76 102 59 255 97 234 249 255 250 255 255 232 112 158 111 110 43 199 149 214 236 255 156 149 117 1 11 72 73 117 128 110 46 0 43 29 68 58 46 65 75 76 93 114 54 134 124 53 15 42 70 61 56 54 226 214 61 6 23 50 79 129 132 109 126 141 170 235 149
36 43 38 56 115 192 187 135 129 101 91 39 114 40 110 85 52 98 126 35 46 0 57 54 126 122 131 112 199 220 170 92 67 102 252 118 231 237 237 255 230 253 255 135 199 207 134 63 211 245 242 197 177 62 83 152 74 69 82 67 62 51 22 4 40 18 8 14 69 29 10 60 66 70 123 68 91 96 19 19 70 100 77 32 68 255 247 53 57 44 33 56 126 140 135 188 221 166 212 190
36 24 37 58 63 83 90 70 50 54 89 58 61 24 101 86 20 89 79 73 110 76 47 25 82 63 70 46 102 150 161 78 54 149 86 33 182 255 238 209 255 242 192 141 37 137 95 126 255 247 248 254 207 96 77 71 67 77 78 74 58 63 55 90 96 69 50 18 131 71 0 65 111 88 163 116 120 78 20 37 74 64 5 63 129 217 126 40 81 92 64 140 125 125 149 166 105 42 69 105
22 2 58 97 60 31 66 83 22 0 28 86 101 66 83 89 40 68 74 123 95 29 109 56 73 55 117 81 46 22 67 82 25 76 33 108 16 57 255 255 109 210 227 255 83 246 250 255 237 218 218 234 232 131 72 39 11 66 96 86 67 67 55 91 95 85 68 14 99 87 45 58 56 43 66 28 63 36 38 65 83 85 18 76 115 167 58 5 58 98 80 117 55 44 85 111 13 22 16 45
8 29 112 111 41 13 54 42 23 28 82 91 90 65 66 64 51 56 60 110 110 91 111 68 68 44 87 92 127 76 146 116 0 71 148 74 27 65 32 100 127 255 254 253 135 250 233 222 243 255 255 183 150 79 58 29 11 90 125 81 58 58 54 83 69 73 92 47 54 93 96 15 17 57 23 2 50 53 65 68 92 76 60 24 52 81 95 56 60 57 36 24 67 63 10 0 110 143 82 94
36 72 99 133 79 24 3 24 33 76 86 55 34 30 22 14 27 23 31 74 145 97 86 32 75 49 0 105 186 153 180 162 34 41 174 127 51 39 39 112 69 215 238 6 87 237 255 248 249 232 34 149 97 33 73 63 30 63 39 76 52 32 57 54 24 75 142 79 29 105 112 30 36 94 42 36 74 102 90 75 62 54 58 36 55 17 52 73 30 56 74 40 68 78 54 8 114 160 112 100
52 55 58 79 57 47 55 110 116 69 36 51 73 62 43 45 40 59 63 6 39 49 94 51 124 83 48 114 60 129 151 109 77 73 30 59 166 169 13 87 86 162 88 210 255 245 201 232 199 187 65 155 74 58 153 132 40 34 0 0 2 35 71 43 14 11 66 35 42 100 112 40 91 100 31 27 36 44 63 89 91 103 99 48 59 28 49 60 31 96 125 55 24 27 59 71 75 157 132 99
25 21 40 66 79 72 30 58 137 150 116 54 41 68 56 11 37 2 37 29 65 60 93 90 78 19 20 71 7 122 91 17 90 96 18 29 116 111 14 110 16 82 99 74 199 226 255 237 102 57 8 84 41 128 255 197 72 51 44 21 29 95 158 139 59 23 66 33 123 152 105 139 157 134 71 79 57 34 42 53 63 70 70 50 83 50 62 103 83 116 115 68 62 55 32 0 91 132 106 94
11 0 15 24 70 96 41 47 94 120 119 67 16 19 54 74 66 87 110 25 43 150 147 58 82 40 61 66 47 69 32 19 87 74 54 26 88 58 71 102 41 36 101 50 166 255 225 107 110 120 27 15 94 192 255 228 67 63 115 72 39 89 159 155 88 93 122 55 165 158 50 252 249 207 142 142 97 68 57 23 39 44 42 33 86 62 49 86 127 150 122 61 24 20 57 80 91 92 54 34
32 29 41 12 51 107 92 98 67 35 27 31 13 21 85 149 104 81 86 44 10 77 59 46 50 4 7 15 50 42 66 106 94 67 35 7 129 94 138 158 66 28 41 137 84 101 123 87 118 134 93 36 64 143 206 172 69 72 136 81 44 103 144 100 70 121 93 40 100 74 3 238 251 189 111 97 41 31 47 17 33 63 56 20 78 95 49 33 66 69 40 46 50 45 56 61 77 99 81 22
29 60 100 59 58 92 101 97 58 27 14 16 33 83 129 134 81 58 65 55 20 61 44 63 81 29 24 58 48 54 86 91 75 58 40 45 105 70 137 208 87 28 12 118 76 94 168 108 81 126 104 26 20 30 51 43 14 12 49 16 37 150 167 70 91 118 10 18 45 41 49 134 165 120 72 81 34 37 80 73 54 69 72 56 110 129 70 52 71 66 25 50 59 51 56 58 49 63 79 54
22 53 99 68 45 59 99 90 40 19 41 73 78 93 115 113 66 39 38 20 27 54 67 91 65 56 105 131 49 38 67 75 54 30 57 103 92 56 92 118 82 33 0 54 23 99 139 106 47 44 66 56 29 36 63 20 3 0 14 15 42 150 161 74 105 116 8 16 38 67 99 66 65 61 42 62 36 65 111 91 24 7 23 35 64 57 0 6 68 72 22 43 44 38 37 23 56 47 85 95
42 52 85 66 35 30 77 54 19 29 73 93 70 68 78 64 33 32 56 28 66 75 111 131 96 78 133 131 75 50 62 86 64 39 62 87 96 67 77 66 0 21 36 35 24 22 70 33 39 46 41 53 71 56 48 33 48 46 53 61 27 62 66 27 60 106 69 14 23 63 77 55 63 77 42 31 20 91 141 96 13 8 36 38 49 53 1 5 32 68 32 46 37 44 61 56 34 52 98 71
37 49 60 13 22 43 64 56 17 9 54 46 39 34 54 61 52 50 54 147 155 46 114 204 119 69 87 97 62 60 95 129 103 61 48 59 56 22 63 58 46 63 18 53 90 122 100 29 32 44 88 63 64 47 18 0 15 18 39 50 13 24 31 34 41 59 53 65 34 69 59 67 94 68 24 53 73 121 185 119 72 134 147 80 123 136 76 32 17 30 56 80 79 62 77 115 81 63 64 66
63 46 36 18 34 39 65 64 53 30 34 36 25 18 50 66 61 51 49 182 178 67 116 187 105 68 81 76 36 31 72 125 95 62 33 37 73 52 58 66 89 92 20 49 149 199 160 75 22 52 113 87 63 49 49 45 32 22 17 18 40 31 26 55 46 16 49 61 74 114 20 77 28 61 32 107 87 121 144 130 144 202 216 126 106 95 59 31 0 19 68 73 42 59 116 147 117 68 39 52
90 70 37 27 28 27 79 86 70 42 35 68 65 51 42 39 42 21 25 162 141 53 97 156 43 46 88 102 71 26 5 30 51 80 43 18 160 247 151 19 6 92 87 70 108 114 112 85 33 56 106 74 27 25 52 54 51 49 25 8 74 51 14 53 32 26 48 28 89 170 41 53 1 55 51 130 94 69 41 26 95 160 228 172 79 16 20 47 53 38 68 75 23 26 99 148 120 54 12 49
175 159 103 81 62 67 130 124 58 25 29 71 93 111 63 54 110 75 99 149 88 2 5 21 43 31 36 44 53 41 32 67 72 37 36 91 194 185 74 33 43 81 63 20 49 65 72 21 5 12 49 43 18 45 78 61 35 50 26 7 63 62 16 63 50 71 53 46 41 38 4 38 47 84 129 150 129 59 62 18 24 57 152 180 90 11 49 123 147 83 51 45 17 7 43 81 72 29 3 52
174 149 95 88 52 42 92 84 62 21 27 29 58 126 90 115 148 90 131 85 53 33 40 33 22 23 36 56 84 74 50 74 53 41 68 84 92 100 78 88 93 100 113 80 73 98 128 69 17 14 29 37 22 50 60 14 1 12 5 22 32 54 20 98 85 72 1 12 18 25 47 31 19 48 133 107 73 30 99 39 37 9 46 107 80 50 96 159 185 144 73 38 58 70 61 62 58 49 35 54
101 85 84 113 46 3 46 79 79 57 67 36 47 95 69 104 125 59 99 20 30 54 68 41 22 34 56 67 77 63 44 70 80 40 63 97 53 34 46 79 70 41 69 85 88 130 145 66 47 50 46 57 52 93 113 78 60 62 78 125 98 100 52 148 115 104 51 9 0 34 49 13 0 31 107 96 55 86 145 59 45 22 1 32 35 45 75 102 123 107 47 23 58 62 43 58 105 114 96 60
51 42 81 125 47 2 26 74 63 64 64 51 66 58 43 50 32 10 60 39 59 60 64 24 4 18 48 57 58 51 46 74 50 33 72 148 102 59 88 142 93 46 46 62 55 103 123 91 68 78 46 40 26 60 76 50 59 73 90 109 90 83 15 97 99 63 25 37 78 80 54 37 37 65 96 87 63 135 157 62 26 54 23 38 50 58 56 65 98 87 56 40 43 34 42 78 118 134 120 52
79 51 81 119 64 45 33 40 26 24 0 11 59 34 54 44 39 38 57 70 66 45 75 60 41 31 36 26 21 30 44 77 56 32 36 125 105 62 85 136 110 67 45 54 36 61 57 53 61 85 53 56 47 70 68 35 17 49 48 11 29 50 0 56 38 103 84 88 129 111 93 67 120 137 120 51 20 74 94 20 18 63 31 64 100 100 72 78 94 105 90 39 6 28 64 77 77 97 99 29
78 108 96 74 27 25 23 47 45 5 7 1 61 26 21 38 26 59 23 49 46 44 71 95 71 30 12 22 32 14 54 72 49 30 51 21 57 37 37 61 66 28 18 36 34 20 22 33 69 73 53 99 81 75 86 61 35 64 37 18 72 105 44 96 73 124 133 72 100 86 55 90 157 138 96 47 0 40 37 102 95 110 40 123 127 109 131 128 122 107 70 21 45 105 146 94 30 34 53 66
159 118 73 23 25 11 34 54 59 74 81 86 117 31 0 24 38 68 21 28 33 46 64 67 40 30 36 40 32 2 44 70 28 21 50 55 82 50 34 37 24 27 41 45 27 14 20 28 61 87 58 54 25 50 86 61 63 48 17 29 87 109 65 131 96 82 41 32 40 42 51 76 103 64 35 36 26 67 47 95 121 143 79 141 128 114 155 175 135 92 61 63 108 141 129 93 38 34 45 56
93 98 114 91 64 6 21 60 70 83 89 189 234 92 10 57 116 136 73 42 37 45 43 19 1 18 46 55 45 2 23 37 18 20 35 56 55 15 11 13 0 23 41 28 12 19 37 47 97 117 76 49 28 66 110 92 62 25 0 17 72 113 120 197 138 74 3 30 2 10 61 85 51 21 5 21 28 74 55 81 40 102 75 95 28 0 57 116 100 73 67 69 107 112 56 38 39 34 47 66
226 178 108 94 71 61 42 62 89 80 65 199 238 112 37 69 165 181 123 74 57 49 35 10 31 30 29 33 46 20 33 35 32 80 60 28 22 52 63 6 8 31 33 16 16 36 55 65 68 51 9 7 16 36 61 52 85 67 45 15 16 47 64 101 94 64 52 80 36 21 56 75 61 52 35 22 21 78 69 63 47 64 29 69 71 60 59 50 60 90 116 45 60 53 2 0 24 26 51 82
96 116 103 87 41 36 48 94 101 108 75 127 103 48 26 23 81 105 85 52 44 30 29 30 37 29 16 24 55 29 27 19 24 48 19 14 40 80 105 77 71 78 59 33 31 38 49 65 76 44 10 16 39 37 40 35 17 28 40 14 5 24 32 26 36 42 78 57 38 29 48 75 82 84 72 43 23 62 56 30 2 47 58 85 73 53 43 39 59 106 138 25 51 47 22 13 12 17 46 76
50 96 133 96 67 27 41 58 72 77 58 83 49 28 22 8 27 57 68 48 49 34 48 71 57 56 44 49 74 40 43 53 61 87 70 36 40 46 90 129 135 132 90 42 25 21 37 72 99 82 53 26 38 28 20 9 20 17 28 19 22 22 29 13 31 39 70 24 32 37 42 65 50 68 83 59 10 9 16 2 32 51 57 73 89 84 48 19 51 61 73 3 60 55 45 43 26 26 47 70
22 71 121 105 90 40 25 18 37 28 29 74 87 63 26 18 12 39 53 20 20 3 16 41 57 50 23 8 21 0 25 73 132 252 248 73 30 57 80 74 115 122 82 35 28 30 43 74 93 84 62 19 34 26 15 5 37 25 24 13 28 33 64 64 34 37 54 55 54 46 35 27 27 47 67 52 25 41 63 38 47 41 39 51 102 128 86 44 31 24 15 18 60 47 36 52 52 47 66 92
15 42 46 61 44 43 23 33 31 44 43 53 89 74 12 0 43 64 72 22 21 7 16 33 41 50 43 43 52 1 19 65 124 240 255 92 67 62 44 34 37 66 54 36 56 65 54 58 66 48 35 12 49 45 36 35 28 36 35 7 17 27 72 78 58 35 11 50 26 25 47 42 54 50 42 38 80 161 183 109 34 30 33 28 71 101 70 41 34 44 30 71 67 46 31 64 63 59 84 121
63 61 29 24 43 57 72 70 54 32 23 11 51 42 14 7 75 101 101 34 34 39 33 28 48 42 61 81 84 26 30 34 30 87 104 38 36 51 46 27 26 36 25 23 48 58 50 52 45 37 34 56 71 70 70 42 28 25 1 17 7 17 37 55 46 28 34 8 6 17 6 42 62 70 41 46 83 180 204 158 90 79 53 32 63 45 52 37 45 115 135 115 93 26 36 51 67 64 90 122
102 101 58 34 42 58 74 68 37 32 34 9 28 21 23 47 76 85 74 9 10 13 7 2 6 2 8 14 15 0 8 23 11 55 64 26 21 39 63 61 61 63 36 17 34 42 28 22 59 43 38 84 94 84 71 51 45 27 11 46 27 14 24 43 43 44 58 35 41 37 35 50 72 52 20 94 72 97 129 113 122 104 74 86 47 35 40 48 81 123 186 155 129 38 29 52 35 33 70 123
50 72 50 30 39 55 62 42 43 46 51 17 21 9 19 55 44 47 54 24 46 56 54 53 29 30 27 28 33 17 34 32 0 32 46 62 45 36 58 49 58 59 46 38 34 11 5 30 28 21 6 54 59 80 76 65 69 59 35 45 30 52 64 44 43 71 90 94 109 89 92 82 89 53 22 144 88 55 60 37 51 68 91 128 69 60 78 88 53 106 207 148 126 63 43 31 28 23 59 116
1 94 126 80 17 0 39 67 54 48 50 26 42 26 14 28 0 2 30 25 47 44 35 30 26 23 6 8 22 20 21 0 21 32 31 78 65 48 81 73 32 48 43 34 39 39 50 79 75 70 58 114 81 60 27 23 111 158 132 69 23 81 94 26 12 50 53 100 110 83 79 62 38 39 34 123 104 85 66 32 0 37 72 67 40 21 48 45 59 76 111 43 32 40 79 84 25 15 31 58
135 187 173 108 45 20 41 52 38 29 34 24 57 45 21 22 16 9 39 35 44 34 31 31 55 43 8 7 16 29 37 23 20 21 27 89 100 81 113 99 35 56 30 0 32 83 92 81 74 79 105 200 153 77 14 15 96 175 173 107 43 82 97 47 39 61 25 88 79 55 43 36 42 69 81 86 114 103 43 11 54 74 43 29 43 29 19 21 15 21 31 60 54 35 46 44 42 35 32 26
164 187 156 100 48 20 36 49 28 24 33 19 48 39 27 39 19 0 20 9 15 22 45 61 72 60 25 30 24 28 34 34 19 25 49 84 109 80 98 79 46 55 31 9 25 38 32 30 57 81 94 136 99 68 30 7 56 81 70 78 63 72 80 84 86 83 21 56 38 21 16 20 38 50 71 82 176 167 69 32 58 59 0 64 99 90 5 8 36 42 8 37 35 33 35 22 27 20 15 3
113 90 46 45 61 54 45 32 45 46 52 27 41 30 31 58 56 26 36 14 13 25 57 73 83 63 31 61 57 44 26 20 47 51 68 33 56 32 65 70 53 74 66 44 34 20 13 28 34 46 27 20 27 70 89 59 60 43 0 37 61 51 38 61 109 102 58 46 49 38 57 58 68 53 47 86 166 147 61 30 74 68 23 120 142 120 21 8 52 69 35 9 23 51 44 26 44 26 23 30
76 56 25 40 58 50 59 70 65 65 69 39 48 36 41 71 73 42 52 30 26 36 62 68 95 55 15 68 82 71 38 23 23 46 82 13 36 7 41 55 67 124 108 42 46 96 106 84 77 34 0 6 26 36 54 43 50 69 32 47 63 49 24 40 62 64 55 12 44 38 78 71 50 41 12 55 73 62 52 63 88 69 42 82 87 66 30 14 41 49 60 30 65 70 40 42 56 23 21 47
78 41 52 20 35 66 65 43 42 42 22 19 36 26 25 59 47 7 25 58 55 24 4 24 48 54 42 70 75 61 74 44 41 28 15 21 41 13 28 38 49 116 76 33 60 97 64 60 57 51 61 64 21 32 33 22 66 73 80 51 94 80 31 55 54 39 76 70 68 75 81 55 38 38 55 50 39 3 40 50 55 45 36 13 0 20 46 39 23 31 53 67 62 51 33 10 17 28 39 53
55 18 36 39 87 100 55 14 21 29 18 22 37 15 0 16 22 20 38 48 55 51 38 52 79 79 69 69 62 62 77 62 66 52 33 32 51 20 20 13 28 58 27 27 59 70 20 12 70 84 94 103 51 57 84 83 102 113 91 41 74 69 59 95 68 44 79 83 99 117 119 85 85 85 94 99 73 27 31 25 29 23 15 11 19 34 39 32 38 33 35 33 26 29 29 19 14 58 69 40
79 41 46 57 130 141 84 56 44 46 30 35 60 51 40 64 57 59 51 36 54 72 92 148 159 157 168 129 49 4 20 69 91 75 49 43 68 49 47 30 16 22 14 44 52 51 57 114 152 125 59 54 13 22 63 39 61 102 74 24 43 26 35 58 17 0 30 31 42 57 60 28 21 32 47 91 77 57 49 45 45 43 27 37 69 60 29 25 32 20 13 9 14 41 67 72 56 101 103 59
58 37 29 15 88 108 72 73 141 125 76 47 49 27 9 27 93 66 29 17 39 44 92 214 233 117 96 123 133 97 42 60 106 89 55 40 71 70 82 67 40 29 27 50 15 7 72 187 248 182 52 48 36 61 113 64 41 117 96 60 73 36 43 39 16 11 55 42 27 28 40 24 40 47 44 93 61 46 25 24 76 77 50 65 111 78 19 24 58 44 30 18 19 46 73 77 59 66 56 40
