71 63 125 100 144 164 207 213 116 85 217 220 189 141 52 71 111 0 44 58 142 74 71 23 31 77 49 34 102 53 34 182 159 105 44 88 173 93 66 12 61 76 54 31 109 81 152 170 105 64 85 73 49 31 44 35 30 12 32 58 44 22 41 76 93 43 43 70 109 126 79 114 76 75 119 56 46 67 92 162 178 104 22 59 110 51 59 27 77 85 42 99 78 99 49 128 58 131 50 3
36 41 54 55 71 129 216 255 176 130 100 72 94 109 104 0 117 62 65 96 11 124 65 41 73 105 91 116 209 180 35 147 99 136 64 33 95 22 20 36 97 157 71 30 105 70 141 143 100 81 70 54 74 23 50 52 24 31 39 49 47 11 28 62 61 21 34 76 59 112 95 72 49 43 60 8 15 49 14 0 0 40 86 85 59 74 84 41 43 59 23 29 51 78 31 58 17 108 99 23
76 38 49 56 122 102 108 139 189 141 110 28 44 87 104 18 140 105 87 206 87 63 34 30 38 3 14 72 114 157 88 118 77 141 52 22 40 35 24 36 58 80 27 47 94 31 35 14 33 59 52 58 123 35 42 34 26 36 46 44 46 32 67 48 43 27 3 51 72 80 72 78 21 3 24 46 64 89 58 46 20 40 77 72 56 75 128 71 86 76 39 43 55 51 47 140 49 96 160 79
103 48 41 120 175 243 120 80 84 134 148 126 143 93 97 23 160 79 31 146 150 35 77 92 96 65 144 172 210 69 72 48 82 122 25 59 61 121 78 55 54 0 17 61 64 60 58 55 52 71 44 35 88 38 44 44 54 41 47 37 27 37 85 11 44 37 29 70 75 71 106 54 41 9 15 85 95 91 73 79 53 34 20 27 47 0 128 106 77 97 61 40 31 63 94 204 169 121 222 180
92 99 64 80 166 90 15 80 105 120 132 126 236 231 144 86 208 134 48 43 52 129 135 125 86 117 159 126 25 52 77 3 31 85 45 85 92 110 72 69 95 60 70 78 55 73 85 81 84 73 39 8 9 19 19 24 58 46 38 36 42 41 74 48 54 85 64 145 124 93 113 105 69 57 45 122 132 97 53 16 32 74 65 54 75 23 113 76 61 37 37 65 73 30 23 106 134 49 162 160
251 122 10 121 94 128 182 126 103 86 17 177 247 81 145 255 255 248 150 94 15 123 103 90 44 20 90 1 74 32 10 56 182 34 21 38 33 89 156 31 8 49 13 77 127 81 73 60 45 36 31 20 0 25 14 12 35 44 25 32 53 30 23 87 70 84 100 223 88 161 243 182 122 75 25 153 243 182 86 0 77 36 37 125 110 46 4 66 62 59 66 22 50 74 99 101 27 2 104 100
117 81 109 143 105 162 222 28 9 57 47 116 134 76 93 143 217 255 173 123 93 89 51 147 177 60 118 67 84 67 3 21 125 91 82 46 82 94 124 66 24 66 1 72 146 59 45 42 41 39 28 33 25 32 53 66 29 32 32 34 20 27 0 42 93 202 155 136 49 178 212 98 120 148 118 184 193 70 51 41 47 91 101 107 29 97 60 75 123 113 121 128 78 79 57 58 0 56 121 95
60 73 190 185 71 88 90 26 1 132 180 150 70 67 76 78 138 209 169 94 190 190 29 231 255 88 61 61 17 38 27 58 103 42 35 31 21 118 167 64 35 77 56 60 86 38 47 51 43 52 28 39 51 8 47 65 26 9 54 61 8 92 68 35 37 114 69 59 93 153 165 87 202 255 186 146 116 5 28 23 72 133 125 105 12 98 112 68 116 108 67 119 6 80 37 55 51 152 182 146
55 0 118 163 75 29 110 135 102 108 97 112 111 141 216 131 138 125 132 79 245 186 0 163 211 119 76 52 0 13 119 172 121 55 74 58 21 75 154 87 32 67 111 77 10 58 59 49 44 53 39 39 32 14 23 35 12 30 70 63 48 11 61 122 83 98 102 46 36 106 141 134 221 247 151 86 29 67 74 41 110 154 87 102 123 55 54 44 76 114 145 218 125 82 73 41 45 88 96 66
163 73 127 79 0 69 60 109 119 81 82 82 91 180 245 110 83 85 80 15 85 129 25 90 125 147 43 27 67 8 83 140 97 102 111 113 70 94 189 209 57 6 81 111 70 38 36 35 29 36 21 23 25 18 30 36 28 14 20 33 72 91 36 77 38 26 138 170 96 78 90 96 95 62 33 50 33 90 107 60 86 47 0 41 120 137 73 108 99 120 255 240 255 44 72 64 47 55 43 73
0 86 123 121 191 124 8 42 111 165 136 57 12 35 139 97 29 36 24 4 0 75 78 115 125 157 42 21 129 122 52 77 94 177 139 132 151 229 255 249 106 26 105 104 74 25 47 30 40 48 40 44 43 33 31 17 33 25 28 30 38 76 0 97 218 97 112 46 37 40 56 44 38 11 50 73 27 98 182 144 64 57 15 24 92 170 103 143 79 63 155 157 201 74 107 112 116 98 42 105
115 107 132 130 150 115 52 147 203 139 76 25 41 16 58 111 85 74 68 38 81 74 95 24 72 89 41 118 247 232 216 163 114 201 160 157 182 253 229 214 109 66 120 69 53 37 64 44 38 43 34 35 30 25 28 8 12 5 32 67 72 94 5 103 120 60 106 18 94 18 0 40 58 30 34 54 46 141 243 156 128 150 79 92 93 69 51 98 89 36 55 96 136 130 165 92 130 120 25 64
98 88 4 120 148 175 28 37 95 97 206 139 134 150 101 68 51 123 56 83 53 196 171 20 47 23 79 104 180 176 255 250 122 125 99 119 104 103 77 131 122 76 70 36 60 59 45 48 38 29 13 12 8 21 53 48 16 16 36 60 58 67 26 59 67 158 213 60 86 44 0 60 79 42 0 51 74 87 126 16 82 155 79 46 77 111 157 133 161 85 22 122 137 125 124 74 189 200 117 143
0 144 60 118 73 104 96 89 71 139 239 246 227 120 107 94 64 91 83 48 81 202 230 3 42 63 22 199 184 55 124 116 42 73 80 68 69 115 187 250 217 130 39 0 41 64 22 32 53 36 25 33 23 30 61 55 37 71 73 39 10 16 31 29 81 103 108 70 55 75 54 159 161 94 6 72 67 11 56 65 73 81 56 53 84 79 59 19 168 248 188 140 99 84 97 107 127 141 102 146
31 240 221 91 56 72 37 120 0 146 228 255 255 95 104 82 59 31 36 75 151 188 153 0 36 114 67 137 112 161 122 82 72 153 133 54 50 81 228 255 207 117 36 0 21 42 11 19 48 27 29 55 43 30 41 21 34 80 73 52 55 59 39 21 48 64 57 42 20 108 137 209 74 34 14 105 92 34 27 73 114 102 75 62 91 170 164 118 255 229 205 104 156 48 39 75 84 76 50 78
91 244 249 186 51 69 72 62 22 36 188 226 247 159 100 65 33 36 42 87 132 78 41 69 62 40 62 72 83 93 100 153 209 192 85 56 104 33 161 172 55 0 15 30 45 16 0 23 41 13 19 59 55 43 51 29 31 73 53 42 52 42 1 35 39 49 58 43 45 68 90 141 99 96 116 139 68 43 15 67 102 67 22 69 74 116 88 24 227 255 249 104 58 115 100 136 141 109 62 40
188 176 154 255 96 52 46 0 56 43 182 204 252 200 125 115 106 69 75 64 61 30 6 61 68 28 35 75 51 72 135 214 237 139 40 62 231 93 238 255 190 141 100 37 5 19 19 27 26 8 0 37 43 65 57 27 30 34 51 23 32 34 37 30 43 21 33 43 36 192 108 56 59 100 94 124 103 70 22 78 70 27 54 145 153 46 22 22 24 107 45 161 243 146 133 113 117 121 54 25
76 119 8 80 161 148 60 99 92 193 89 130 157 77 119 192 229 133 68 62 109 91 67 22 86 79 62 137 23 205 236 221 160 91 35 91 232 164 234 214 204 157 106 41 12 16 16 37 28 0 0 47 31 30 28 23 36 49 34 46 60 55 74 83 36 26 15 45 100 116 95 92 96 47 59 131 163 142 81 83 86 80 159 255 255 79 98 63 40 99 32 193 227 98 70 79 91 66 59 95
91 91 54 161 133 196 171 164 215 184 108 82 30 104 56 118 160 113 113 163 195 141 126 34 51 87 49 100 34 245 251 243 167 101 40 76 150 107 87 31 0 0 2 10 32 36 25 47 42 13 32 75 46 47 49 44 36 80 36 4 38 40 71 38 36 47 95 201 255 105 102 114 147 69 117 144 131 134 124 118 116 98 216 249 219 131 120 56 144 225 226 118 76 38 88 141 152 93 68 100
30 27 83 117 21 105 203 103 182 137 176 142 147 130 33 40 112 79 109 166 142 117 146 115 70 6 39 70 92 158 218 239 195 121 45 69 154 116 121 108 75 54 14 0 15 10 6 42 37 20 44 66 36 62 63 41 100 95 49 0 31 0 20 41 58 104 159 217 255 254 229 133 107 51 68 70 113 178 113 57 64 122 121 122 100 105 149 97 112 89 46 116 134 9 61 114 156 122 60 35
108 181 144 2 195 173 241 183 35 58 78 221 151 106 44 119 186 84 41 52 24 108 119 119 35 68 130 25 93 99 130 120 152 112 82 125 226 95 93 95 55 46 20 29 53 30 7 20 32 10 46 69 14 11 30 73 107 102 73 32 66 43 29 36 56 121 144 113 69 220 150 110 233 148 62 71 171 222 66 21 35 105 74 58 91 105 82 58 0 79 14 101 52 127 46 13 44 106 139 123
198 138 103 26 196 135 187 135 96 43 87 136 179 100 91 102 226 132 91 86 75 212 158 154 154 104 227 223 111 29 55 87 82 89 128 193 255 86 47 30 40 32 10 31 58 45 38 42 32 37 35 0 6 94 75 25 35 101 88 35 13 67 53 64 97 85 61 83 112 255 104 135 187 103 84 79 57 186 144 25 28 48 41 89 52 58 195 14 191 138 179 100 64 11 5 123 159 10 0 87
113 71 128 205 241 175 77 56 110 134 73 66 182 118 88 17 112 63 63 65 55 152 79 113 150 128 210 216 121 51 24 86 101 98 127 151 150 69 43 29 51 44 22 35 40 24 26 18 15 3 32 55 45 47 28 82 108 68 4 4 30 56 69 85 52 47 52 56 92 187 39 74 118 59 15 95 153 93 30 144 138 74 34 13 135 246 232 163 187 229 97 114 48 60 74 103 114 87 133 143
206 68 159 199 99 190 168 95 58 64 81 69 89 135 217 167 127 74 76 89 83 109 29 91 108 83 128 95 130 142 104 89 117 98 112 100 32 69 50 33 45 39 21 31 22 8 23 10 15 21 38 49 78 107 38 26 66 87 111 92 93 15 92 110 55 19 92 127 144 119 51 84 161 102 70 137 182 83 72 220 149 49 124 91 72 157 62 122 110 253 78 92 35 125 157 108 67 100 153 148
114 34 128 200 129 187 255 216 81 53 106 97 76 108 233 199 116 82 22 53 75 114 33 119 84 62 98 77 112 192 125 116 91 100 83 84 18 78 56 19 32 17 12 32 47 31 19 32 25 28 31 50 67 0 50 50 5 27 98 148 122 21 96 137 76 65 134 223 215 63 41 122 208 176 106 105 130 87 66 203 88 5 121 134 20 78 34 92 102 162 113 43 49 239 255 176 43 27 92 127
19 58 87 101 121 149 160 117 127 125 91 57 70 64 138 108 100 138 79 80 78 118 9 83 5 55 52 64 80 133 100 84 76 55 39 51 36 68 39 27 19 27 20 13 27 42 37 26 42 43 47 45 34 6 45 76 28 102 160 119 49 66 115 122 66 63 97 169 215 97 86 180 240 226 156 131 121 88 116 213 252 140 148 210 147 109 86 107 68 59 140 45 123 248 254 191 87 13 41 145
143 185 95 0 66 173 82 30 81 135 70 36 87 78 135 147 193 226 155 198 219 64 110 103 26 50 30 54 42 28 52 109 126 63 31 36 47 57 31 47 43 51 37 13 15 38 43 28 18 49 62 41 46 91 54 10 72 147 186 143 69 77 110 77 42 22 35 76 109 18 28 85 151 184 138 80 37 10 49 75 113 109 183 239 88 0 62 128 39 52 109 69 67 136 132 95 42 31 67 111
64 210 101 100 150 184 189 120 101 211 212 143 91 49 102 170 149 157 124 242 241 125 221 142 165 97 84 107 89 49 89 170 157 84 46 57 55 80 60 65 42 35 35 34 23 17 19 21 41 39 46 51 45 55 47 61 60 18 16 72 104 101 114 81 43 17 56 98 95 61 135 154 161 240 255 196 126 69 79 116 73 108 237 203 45 46 134 160 43 76 94 95 29 79 43 21 34 41 136 162
72 130 63 76 93 17 113 183 216 222 217 130 33 23 25 52 55 95 108 243 218 13 164 86 164 84 33 100 65 83 172 227 204 113 27 46 36 110 88 39 24 16 37 60 46 28 29 34 10 13 23 45 64 59 88 101 39 33 33 28 14 117 88 101 50 94 160 208 174 117 142 122 63 145 252 255 188 74 68 237 196 170 179 7 1 79 151 72 39 3 111 80 120 120 64 55 53 84 247 244
92 159 219 28 105 105 96 87 82 78 139 115 41 90 100 141 117 93 74 186 99 94 89 230 240 157 5 185 151 162 228 208 82 90 48 82 25 72 81 50 20 10 20 28 18 28 44 38 40 49 22 0 28 76 118 92 55 98 89 86 209 131 220 110 29 152 182 231 220 128 48 15 75 38 96 197 211 109 13 156 120 162 149 17 166 184 233 89 35 43 36 148 101 139 36 97 68 92 230 199
88 137 210 70 143 77 73 26 28 37 79 108 91 121 63 78 82 82 23 68 58 133 86 112 81 104 24 229 170 89 158 177 195 184 58 68 52 65 87 68 67 44 40 40 38 66 83 62 51 54 61 62 43 48 37 53 141 240 219 70 104 200 238 200 123 226 164 204 228 176 64 26 56 68 96 152 161 190 154 235 123 157 104 83 215 226 254 99 85 105 66 123 122 50 44 90 119 61 97 152
169 140 182 38 70 117 136 92 67 86 53 67 81 106 61 117 96 104 65 80 8 92 90 118 79 88 15 120 132 46 74 63 59 126 47 71 66 2 40 72 43 13 21 45 53 67 63 27 30 24 33 39 34 103 54 65 196 255 242 130 200 62 186 157 104 168 89 170 223 230 122 49 85 152 104 41 37 228 255 221 114 110 69 169 194 255 228 58 98 112 82 99 112 79 35 94 120 121 117 187
254 226 173 94 56 179 182 148 94 126 112 109 75 62 167 245 127 136 221 191 73 63 75 114 97 152 13 17 63 26 76 68 0 69 37 60 7 15 37 62 59 40 50 81 89 72 49 34 22 34 54 76 57 34 79 112 237 199 205 75 144 50 182 147 74 159 211 216 136 49 35 44 73 168 233 211 248 214 208 179 98 133 123 136 157 223 158 90 182 200 61 51 82 142 119 73 129 140 186 205
234 255 121 104 82 108 137 105 45 130 198 202 175 93 240 255 138 103 255 255 179 125 114 80 70 138 71 51 142 152 201 156 23 26 18 108 88 45 44 42 40 36 44 67 80 65 37 20 27 51 80 74 50 98 185 203 253 142 200 57 160 252 240 169 102 208 214 192 29 103 241 178 63 104 125 166 255 152 125 163 121 166 163 105 154 157 157 162 250 255 97 26 115 77 132 136 128 112 83 158
195 222 28 73 81 35 50 77 85 134 255 255 165 92 234 183 150 147 180 199 189 152 171 206 139 77 55 91 255 255 190 44 2 65 86 188 197 81 16 31 11 22 23 35 53 40 12 6 27 76 91 57 62 156 231 246 255 172 250 233 237 255 248 250 203 164 36 71 55 36 181 161 86 158 216 213 198 70 61 216 147 174 163 136 219 158 87 59 164 223 141 68 135 8 107 110 86 48 33 129
159 159 88 163 161 105 59 172 252 208 251 253 108 115 193 55 189 170 102 113 63 78 209 243 179 62 91 103 167 160 131 42 34 169 148 134 99 79 50 33 52 64 55 58 76 60 43 61 81 121 129 97 53 41 93 240 255 255 252 255 230 219 255 253 255 203 47 95 153 89 124 94 132 228 255 158 94 48 123 178 167 227 176 173 171 204 103 23 77 177 193 155 161 68 115 29 87 63 79 187
196 95 80 150 186 222 133 204 255 236 187 223 94 151 222 4 124 158 100 107 27 78 173 240 69 99 215 128 23 94 188 178 75 43 0 97 31 36 36 17 41 59 65 79 89 53 24 42 98 129 124 66 33 75 96 191 216 240 243 245 255 255 238 217 241 252 188 200 85 160 172 173 163 156 130 83 104 41 190 221 205 255 211 255 106 180 167 209 212 221 169 84 150 206 184 19 20 65 29 237
217 122 127 137 111 188 196 236 215 142 173 201 148 104 22 77 181 132 81 2 84 84 66 105 114 51 117 176 152 177 176 163 41 56 25 109 0 19 41 52 71 59 33 22 26 16 18 45 50 15 52 75 29 33 44 173 255 246 235 240 255 239 230 255 234 229 255 70 197 109 105 230 229 105 48 73 140 186 167 244 156 133 165 115 106 24 129 148 225 253 217 57 122 201 184 100 70 31 158 222
239 148 171 191 146 194 239 226 194 80 44 155 158 164 148 16 70 87 111 213 146 131 17 42 92 111 108 122 154 190 149 103 139 120 7 56 7 12 13 53 70 70 65 64 70 68 47 24 69 64 60 50 65 95 15 89 248 255 239 251 255 240 241 232 231 113 215 65 175 154 69 120 95 76 131 123 93 255 182 255 201 192 69 41 188 247 184 60 163 230 255 92 36 75 159 248 59 72 58 233
154 50 102 143 99 117 177 181 183 140 103 131 153 114 9 166 63 66 85 139 234 47 20 24 124 120 28 47 166 180 114 87 86 125 93 132 62 57 62 54 60 47 23 2 14 49 47 10 0 88 52 0 75 138 22 129 247 232 241 248 235 251 252 255 255 101 216 51 203 210 132 206 150 102 185 211 125 109 110 97 64 228 219 144 255 211 216 251 122 120 178 154 84 99 119 158 178 45 54 97
54 12 65 61 71 89 160 76 49 138 117 151 190 87 196 251 248 159 28 104 118 133 150 141 138 133 14 4 144 119 60 32 7 48 73 89 31 6 10 34 61 58 38 35 29 59 57 7 11 55 84 50 66 144 165 225 255 247 255 245 251 249 255 255 238 84 154 37 148 68 131 140 75 57 63 71 49 64 118 185 107 141 191 148 244 245 180 255 77 93 69 140 9 153 176 96 90 0 92 73
38 65 127 118 69 107 194 109 57 79 94 88 78 94 224 195 176 117 214 216 83 177 114 61 54 62 58 72 114 214 104 93 179 132 60 46 99 16 24 30 41 47 54 44 86 90 66 81 70 73 114 145 79 64 234 232 164 255 254 247 251 251 230 237 189 105 101 38 89 64 161 128 78 128 127 39 101 174 151 227 194 121 150 63 127 240 95 167 109 92 87 170 147 153 65 88 6 108 117 192
31 15 103 104 135 97 246 240 204 182 85 47 75 97 23 82 67 92 245 195 219 126 52 11 94 124 63 24 76 129 43 66 84 64 34 16 40 68 40 28 47 21 30 77 55 113 56 77 85 43 98 125 18 60 251 196 133 217 253 223 245 255 228 255 168 113 101 97 81 53 221 156 81 120 44 66 175 127 128 206 164 132 225 138 64 0 113 221 194 0 184 242 255 225 95 76 112 63 41 72
32 21 61 57 69 156 255 249 247 196 76 77 172 150 148 64 252 196 41 140 192 221 174 192 209 167 107 69 46 43 80 120 98 5 95 62 77 27 0 25 14 31 48 46 112 98 37 61 95 68 48 26 43 159 222 255 243 232 255 253 243 248 197 227 184 66 53 59 75 41 225 176 123 67 53 154 205 52 178 205 116 36 193 78 87 37 171 179 172 79 252 251 111 11 63 50 76 30 118 134
185 185 106 0 44 93 112 178 253 246 48 40 121 188 82 235 249 199 89 94 189 195 146 137 116 163 247 248 105 36 30 136 198 123 140 53 80 37 39 46 80 78 54 45 44 81 75 43 104 151 61 9 99 36 95 235 255 238 221 244 255 238 235 255 255 125 108 91 75 30 105 113 68 68 140 247 85 161 126 85 86 172 216 35 133 109 0 64 76 182 234 255 223 151 146 242 242 199 18 77
242 251 179 160 4 158 137 131 68 145 51 90 123 126 51 249 255 203 185 104 78 79 147 111 7 129 224 253 203 85 22 42 120 0 166 101 1 60 17 24 125 24 43 246 130 141 105 61 193 175 168 243 189 192 169 255 249 243 255 255 214 255 49 168 236 255 255 0 124 84 108 54 46 112 204 252 229 130 20 185 237 114 255 177 126 111 5 187 71 61 67 89 202 186 97 162 132 7 116 50
231 163 91 114 2 18 56 88 56 87 33 72 87 249 106 107 169 163 150 106 167 94 136 100 65 159 236 204 102 26 71 45 53 160 178 34 37 6 94 81 5 159 255 203 103 69 84 111 153 79 91 207 200 68 245 47 253 255 247 197 255 212 198 255 116 144 234 219 91 51 95 109 198 159 143 215 253 204 226 239 200 67 163 211 138 47 140 246 206 147 91 104 106 86 180 145 48 232 212 151
160 180 124 170 174 115 116 102 83 181 175 119 30 65 100 63 89 42 115 90 153 72 98 37 50 123 159 116 53 114 52 100 84 111 128 63 19 18 78 107 43 193 254 133 161 193 176 199 180 145 210 255 182 89 239 182 255 219 238 255 214 254 116 216 254 240 154 126 140 39 51 110 191 138 70 130 179 71 168 205 15 142 255 243 245 252 251 155 108 141 98 185 128 183 193 110 25 203 220 213
93 137 132 187 158 172 138 63 12 109 195 180 102 17 183 208 81 111 49 95 105 112 104 22 46 29 79 87 160 56 3 60 72 20 44 5 25 25 89 102 173 196 230 254 245 173 148 149 118 163 255 232 104 220 193 251 254 204 254 239 255 189 154 102 253 239 155 101 127 78 141 151 134 57 49 119 51 129 6 107 98 104 181 254 234 246 211 23 72 156 65 88 28 157 199 167 139 55 195 167
120 161 148 165 144 134 196 228 165 138 161 151 82 100 160 142 80 173 91 167 253 167 156 63 62 33 88 136 239 126 185 82 125 188 174 21 144 48 97 69 96 131 188 219 146 146 190 252 213 202 252 246 226 255 237 209 255 251 242 80 233 161 255 35 70 172 227 179 204 199 248 255 222 81 116 176 83 148 106 68 80 34 59 15 122 121 129 110 145 144 80 52 109 122 176 226 101 1 191 105
85 90 79 96 131 80 188 255 255 156 192 108 5 4 99 151 204 170 215 135 236 155 168 84 60 64 121 156 223 223 128 24 59 96 184 50 113 108 153 255 178 209 255 78 250 144 203 251 255 248 247 250 254 233 238 207 252 232 255 167 76 143 245 111 79 255 183 255 250 120 196 246 253 129 115 249 255 184 91 84 146 9 138 177 94 52 174 204 120 102 185 138 177 156 79 139 4 140 190 81
185 197 167 132 200 74 63 30 29 6 124 176 118 32 169 254 255 218 255 104 79 106 145 158 83 69 90 100 88 255 127 64 117 54 218 221 138 57 21 241 225 247 255 114 250 255 255 220 253 255 207 247 243 246 249 247 243 243 254 255 32 25 239 254 170 239 195 248 222 80 30 99 192 118 98 243 250 238 242 186 102 153 250 209 168 35 104 112 88 78 233 163 71 73 22 59 97 249 138 46
132 219 255 205 255 175 188 175 160 45 175 223 186 152 16 98 85 246 241 80 110 19 172 255 124 101 28 93 100 74 50 82 122 193 255 234 231 104 125 219 230 187 239 255 73 248 255 132 231 253 219 255 238 251 234 249 255 187 229 11 221 113 255 238 240 62 108 213 255 136 11 25 112 68 106 238 187 159 239 151 36 125 88 138 113 156 99 71 97 78 200 159 71 58 60 36 108 61 158 123
121 29 188 255 178 164 255 216 122 65 90 158 193 161 80 52 134 205 209 110 193 195 115 214 155 9 107 104 17 11 37 149 168 153 83 149 255 111 129 162 219 250 255 232 206 251 233 236 239 250 245 250 241 230 227 239 247 212 133 30 198 134 111 255 255 235 72 117 183 131 53 40 134 131 93 60 65 51 166 113 131 130 75 97 107 180 77 55 19 45 177 155 96 119 25 46 70 109 255 24
245 65 70 125 77 85 108 119 64 97 179 202 205 153 126 51 80 106 121 55 120 35 108 60 53 115 123 112 65 47 122 95 38 50 59 95 106 86 147 244 255 254 246 231 255 249 241 243 255 241 224 238 255 244 255 251 255 249 202 20 61 95 26 148 122 116 42 94 19 24 63 108 85 54 92 138 132 50 114 74 149 187 118 108 12 156 89 70 59 85 168 142 83 86 21 158 19 106 177 106
178 85 171 205 57 96 98 72 60 104 168 180 103 117 105 52 43 22 73 31 107 100 251 154 64 56 1 37 109 40 118 76 38 130 236 246 241 231 219 240 241 255 238 255 243 254 244 250 245 255 245 255 238 188 233 247 176 232 137 103 117 0 38 24 16 72 79 80 162 68 15 47 100 112 133 136 66 29 82 72 164 188 100 81 5 112 179 199 173 99 56 118 170 4 52 124 9 31 65 119
111 108 243 252 112 93 102 114 81 68 95 108 87 56 76 64 46 35 122 64 97 215 174 126 65 34 34 94 35 78 81 72 91 155 182 214 233 255 253 234 243 253 254 251 255 248 225 203 233 255 248 220 238 227 254 253 161 148 64 71 138 64 100 54 110 93 52 55 221 59 58 90 133 88 50 102 135 14 134 76 115 131 78 84 41 125 247 255 255 130 27 89 132 117 86 62 194 35 133 84
195 171 97 166 144 45 87 85 56 40 56 96 122 42 82 58 92 80 183 109 47 57 61 74 57 62 99 78 68 69 94 63 114 67 15 74 242 221 232 249 254 255 255 249 247 198 240 248 232 234 184 184 255 250 254 255 183 209 91 86 121 166 0 106 231 0 71 156 114 69 122 140 52 64 133 201 182 37 112 45 31 75 66 142 57 177 250 203 255 223 108 86 57 113 133 83 255 108 165 88
192 181 97 181 178 72 78 36 23 27 34 43 66 29 71 83 110 115 232 126 13 14 72 104 38 90 116 40 141 104 131 143 85 65 52 150 249 242 255 255 248 244 254 250 251 232 249 241 250 255 229 212 255 223 248 238 255 247 80 64 129 146 72 62 111 0 160 222 139 126 94 107 151 162 208 182 124 65 144 31 24 98 143 185 100 138 186 126 154 235 146 80 91 75 81 135 214 42 111 159
73 197 194 207 136 89 74 55 57 72 70 38 6 29 24 100 121 80 188 127 68 97 72 35 23 144 221 171 227 219 212 170 101 79 69 145 212 254 236 214 235 255 255 255 248 243 255 244 206 240 255 251 239 234 255 197 233 215 91 17 32 193 233 109 92 115 114 78 105 87 53 156 234 171 92 79 131 104 123 29 61 90 105 172 177 133 121 112 136 213 192 92 152 105 90 132 74 27 151 243
101 255 147 60 9 61 40 37 80 120 107 88 64 70 63 113 121 34 134 107 48 64 27 70 156 69 115 249 216 255 228 125 102 107 105 60 96 93 138 255 254 255 226 244 255 98 249 244 210 220 234 244 255 255 180 23 119 207 218 161 149 92 133 176 223 249 138 38 40 116 79 61 94 96 117 114 63 59 147 66 72 53 0 121 226 255 143 50 67 232 255 102 149 125 39 64 49 40 112 177
217 186 113 145 107 115 43 127 41 235 254 196 130 66 204 223 129 49 126 115 129 151 84 102 141 126 138 225 124 250 209 78 65 101 105 75 27 29 47 161 224 241 246 240 236 255 241 255 216 255 255 232 237 233 188 217 72 186 222 144 142 112 8 159 232 203 49 45 72 156 86 211 166 218 122 0 36 101 115 78 49 31 47 183 232 211 136 94 126 144 169 98 2 58 63 107 102 61 31 62
227 167 140 85 0 76 82 124 65 222 167 135 126 57 212 149 94 106 138 28 74 107 105 86 154 169 91 92 63 146 91 56 74 185 197 242 110 118 91 120 103 98 122 129 255 183 239 213 208 244 231 239 255 255 158 249 141 177 231 211 231 48 66 152 43 9 56 154 33 98 66 92 155 187 254 166 65 78 62 53 91 13 38 170 234 126 93 141 156 99 42 107 71 96 67 140 148 201 166 138
246 200 85 85 91 140 224 217 63 120 37 94 107 34 153 131 81 152 157 0 75 82 110 39 63 100 55 35 56 62 10 12 14 167 150 182 99 47 49 95 126 183 253 103 147 250 215 242 248 255 254 254 221 231 135 242 207 90 135 212 255 181 153 179 136 122 155 218 85 80 123 191 163 67 251 234 97 203 173 36 28 101 61 58 85 102 72 120 94 107 48 111 99 91 61 90 86 155 147 179
207 130 49 53 123 73 253 230 11 45 61 151 80 34 57 56 62 111 163 0 71 35 65 54 121 131 52 36 44 79 57 76 0 91 9 129 87 81 124 192 210 210 186 49 191 212 67 87 228 217 229 212 46 97 30 163 238 229 194 166 109 158 48 106 196 120 120 165 83 69 148 241 203 86 231 253 229 253 245 124 72 175 228 182 137 120 65 116 24 78 76 125 91 247 169 204 147 138 89 103
91 90 107 83 58 0 209 153 22 67 96 134 39 119 74 126 177 101 141 102 133 96 69 90 152 83 91 171 114 91 96 95 47 111 40 150 118 181 103 125 156 134 103 0 255 242 104 137 233 255 246 240 150 193 109 66 143 225 215 80 32 88 95 182 177 109 174 255 179 141 106 71 83 124 44 56 75 83 162 85 42 74 111 168 164 86 103 132 125 114 7 65 112 214 112 208 192 171 75 54
44 69 138 88 43 61 77 96 88 122 64 87 61 192 153 117 170 58 42 37 44 125 98 60 79 3 82 236 211 71 42 54 35 102 63 164 144 103 76 85 88 142 155 141 199 208 152 186 206 200 249 243 160 195 180 107 82 92 121 86 146 118 75 91 127 137 224 201 89 97 129 97 53 252 222 255 174 100 133 73 91 119 42 72 134 111 125 155 237 184 18 0 118 219 61 172 191 255 231 210
76 19 45 5 127 115 39 53 123 121 147 120 158 253 255 187 249 117 54 100 29 1 71 127 142 50 107 187 134 20 31 0 26 98 50 75 100 114 176 163 26 82 90 214 149 134 241 205 146 155 188 149 150 0 89 106 144 119 206 209 202 142 59 9 210 251 237 97 64 112 195 158 119 156 222 245 85 75 36 0 81 114 33 49 104 215 159 95 228 169 96 0 112 182 29 127 88 149 152 131
202 48 54 58 158 171 45 150 199 144 119 71 88 60 161 55 143 123 34 59 54 28 155 131 82 101 64 50 13 60 104 68 75 43 11 83 114 138 38 16 106 255 115 220 81 57 233 191 98 169 199 115 73 183 141 58 103 105 249 246 80 73 62 58 223 253 175 71 165 115 103 29 203 124 157 157 63 141 134 151 175 145 99 114 97 255 249 78 74 9 99 49 126 32 5 117 68 64 78 78
134 100 0 177 247 207 69 132 216 65 73 42 69 97 128 105 36 91 49 96 127 81 224 224 165 35 1 155 21 30 113 154 180 190 149 135 166 239 193 129 47 128 212 90 77 16 74 88 30 142 164 83 171 202 226 190 133 145 242 237 58 110 132 128 110 121 80 86 218 102 59 52 170 163 44 87 142 158 106 80 45 254 193 61 48 55 75 81 33 75 81 172 171 227 152 100 115 71 107 137
93 121 110 191 236 119 0 58 39 20 29 121 122 95 131 139 53 71 50 89 96 63 97 114 165 76 11 112 62 56 105 123 151 184 142 99 126 182 240 204 98 99 96 65 102 70 85 81 28 38 140 168 255 255 201 121 76 140 137 103 40 120 171 147 136 86 58 69 124 70 35 56 99 202 46 120 175 139 124 139 62 236 255 164 138 136 129 63 35 49 136 190 205 108 101 110 133 81 83 72
213 105 34 34 76 103 88 86 29 89 70 172 130 36 52 77 0 24 76 111 59 70 40 113 196 108 62 114 175 101 125 90 99 134 110 65 93 255 209 135 53 145 212 67 50 151 45 72 51 36 79 141 190 161 207 227 114 149 67 79 111 65 102 133 116 69 89 81 57 123 108 108 97 155 35 122 115 92 76 102 55 120 141 84 80 147 113 109 78 109 190 190 144 80 0 80 72 109 136 70
98 19 13 141 255 93 165 51 81 0 31 105 62 39 42 53 33 54 114 172 109 118 74 86 136 111 213 193 208 151 107 79 73 73 89 84 96 96 185 227 105 37 8 22 175 84 12 44 35 71 134 150 128 79 96 116 36 191 194 99 4 53 33 78 114 90 113 104 35 114 113 101 90 167 108 116 115 58 24 34 31 56 41 33 54 20 90 71 74 80 74 118 28 23 52 131 100 56 89 85
80 107 31 79 98 80 133 57 103 30 1 35 118 128 24 11 60 42 86 127 112 141 73 27 56 98 255 245 203 173 125 52 80 151 176 144 100 120 135 105 53 83 108 38 68 136 116 79 12 122 193 154 114 76 77 86 65 220 220 175 87 125 49 49 123 114 99 97 27 136 104 46 85 120 191 105 91 111 92 41 61 70 144 137 162 42 137 27 83 126 82 182 27 88 141 67 71 68 83 117
0 60 59 96 158 111 118 226 229 198 84 149 192 117 32 19 20 23 54 53 76 138 114 0 117 106 177 181 249 254 129 59 136 255 245 221 66 156 99 65 34 110 130 72 85 170 214 161 49 154 255 208 138 170 106 189 190 148 186 160 255 254 150 71 62 49 74 77 90 119 117 53 80 81 211 72 101 227 250 83 43 97 216 223 180 77 209 109 206 220 215 255 98 130 166 50 74 119 101 114
178 111 109 79 71 131 80 231 255 205 94 136 140 148 130 6 63 76 130 88 71 97 166 101 217 123 78 90 197 199 69 77 174 231 244 178 74 105 67 20 35 88 107 0 37 93 106 172 155 164 252 255 189 248 78 117 202 100 184 99 187 249 183 104 59 13 29 37 104 41 72 80 131 111 188 135 174 240 255 84 104 153 155 97 77 21 134 187 190 212 219 195 120 20 177 181 149 106 24 33
211 142 165 47 112 127 60 175 174 22 80 85 123 171 172 58 47 53 156 35 56 173 213 95 251 161 87 35 57 94 48 57 92 88 105 100 52 120 91 77 41 148 125 54 85 146 124 221 163 50 126 198 152 168 107 204 252 77 196 92 126 44 127 145 110 94 53 42 63 43 120 241 191 178 112 58 120 226 200 39 184 247 170 10 80 33 83 255 134 75 153 122 169 107 99 141 80 191 211 86
197 222 67 194 128 48 107 37 67 34 170 22 61 100 196 108 99 40 255 196 139 114 107 118 79 234 255 112 43 79 95 110 86 49 165 106 131 111 133 109 119 57 100 7 135 98 50 108 127 19 210 159 88 83 63 169 185 99 83 74 15 14 108 147 21 49 67 44 68 66 94 127 113 46 12 70 145 194 107 108 211 241 243 132 81 121 73 67 81 108 126 161 148 137 105 90 117 177 227 161
255 209 67 51 58 64 58 29 49 67 187 116 143 64 130 101 93 33 236 255 200 96 101 81 69 253 226 79 84 154 200 202 129 74 157 105 86 109 157 204 154 103 196 120 68 140 14 236 128 67 223 119 87 102 50 37 116 140 185 197 125 26 6 42 66 104 200 121 28 13 94 131 70 55 79 40 29 89 59 109 191 219 133 71 83 178 68 75 115 156 115 110 83 135 163 180 170 143 88 36
116 108 86 100 76 79 58 69 86 43 103 56 44 22 25 82 69 11 93 181 160 23 101 3 66 161 147 101 128 167 215 168 70 0 114 100 96 78 80 102 163 233 181 108 159 182 116 90 78 14 63 249 255 87 57 38 67 174 229 139 72 84 28 119 103 61 138 160 31 80 124 140 81 100 146 63 81 217 255 235 102 63 114 151 102 68 44 68 103 250 215 206 183 76 179 190 163 134 59 68
86 25 74 90 78 69 0 73 129 148 177 144 81 97 59 105 81 44 19 105 55 49 121 37 121 148 145 97 119 75 155 175 174 100 145 95 53 77 38 58 94 199 129 99 123 97 82 14 121 134 46 255 230 2 83 50 50 138 142 140 104 87 130 98 41 33 255 250 93 217 106 160 169 219 175 65 245 245 255 228 187 88 48 56 23 35 139 182 113 183 228 187 132 2 50 22 31 59 39 27
184 156 72 149 123 151 43 53 122 198 249 255 193 185 69 98 100 99 32 58 41 45 120 43 134 142 56 70 68 42 98 115 199 146 126 54 55 77 118 124 0 59 89 138 64 36 0 101 149 199 116 140 95 95 255 162 95 75 20 1 33 103 211 160 106 60 235 242 186 255 114 138 235 244 247 84 229 255 229 163 191 186 83 80 60 67 212 255 111 118 64 54 46 61 67 63 43 53 24 28
99 106 93 222 179 157 94 89 56 60 120 118 177 132 51 37 5 102 88 106 86 27 62 61 146 133 144 93 127 55 43 20 127 88 53 49 94 42 104 73 7 45 78 167 177 90 45 25 123 177 110 99 44 19 160 149 159 228 127 125 118 134 246 198 161 46 94 133 242 255 85 113 172 255 246 142 173 117 132 71 61 63 82 106 0 54 155 218 148 104 36 65 86 59 38 27 49 58 12 4
17 0 80 99 73 14 67 64 44 0 29 34 111 107 74 44 27 144 127 116 113 78 41 89 115 166 214 216 255 62 125 75 194 141 78 84 89 20 87 31 79 73 69 130 172 48 86 18 123 140 113 185 52 111 198 116 216 237 167 109 19 143 130 0 137 101 176 205 255 243 122 120 158 178 186 169 105 76 98 85 234 209 17 68 85 115 142 228 187 149 91 117 77 31 64 74 68 114 100 120
125 90 75 0 55 62 148 100 120 76 155 30 39 18 117 76 42 151 115 42 43 96 11 64 56 118 129 158 214 186 202 152 181 130 65 68 59 119 205 139 139 80 66 58 50 101 83 76 37 67 190 133 153 162 185 64 115 145 61 68 19 48 66 78 246 131 180 244 189 126 93 132 208 117 90 132 53 50 161 158 173 104 39 144 127 66 94 160 119 129 147 163 37 73 52 44 78 105 91 155
0 133 79 53 52 20 46 42 31 114 208 156 15 89 136 82 62 128 127 86 95 161 75 132 40 33 70 53 103 204 135 150 253 155 60 70 46 122 120 30 78 78 157 146 110 181 71 35 60 85 134 91 158 211 74 184 120 71 96 24 15 68 38 0 69 84 87 66 37 67 87 152 230 254 127 39 47 107 203 120 34 188 125 42 250 213 65 203 180 111 175 103 10 85 42 52 89 68 39 163
121 214 98 88 64 63 66 80 41 85 147 136 88 215 255 186 68 41 38 45 76 111 86 133 102 73 70 111 117 38 69 147 248 155 56 86 74 113 67 18 67 82 173 144 78 27 56 105 38 13 59 61 90 176 59 163 189 129 76 35 116 77 69 50 126 118 63 55 111 130 123 216 255 161 79 52 102 124 18 99 166 189 124 181 255 208 135 235 169 81 147 30 12 43 43 74 75 59 48 215
79 132 126 82 56 108 136 121 115 68 33 65 82 228 232 146 88 63 70 41 25 20 83 124 183 137 70 92 113 49 72 97 176 180 114 109 72 72 29 18 68 63 113 70 61 39 62 50 79 129 125 96 21 51 34 182 196 91 23 14 92 70 89 116 35 15 100 189 187 122 104 158 159 61 54 157 83 107 5 124 139 50 118 255 152 233 163 193 158 178 188 89 61 89 125 152 139 121 73 186
78 48 70 47 15 88 139 104 117 84 53 22 40 93 104 93 91 143 114 78 57 20 100 107 190 117 55 129 178 111 121 46 71 90 69 63 16 72 103 115 123 83 41 41 107 112 80 10 87 102 0 103 194 245 240 255 132 24 50 54 124 36 56 99 0 81 164 203 182 219 214 239 134 54 117 161 60 77 125 123 25 38 87 182 87 155 59 44 77 190 193 92 100 16 91 75 76 50 83 177
76 4 92 77 50 26 46 73 60 130 170 123 82 84 90 109 127 75 68 96 102 92 112 94 98 44 44 225 242 125 178 169 126 105 52 50 14 57 89 112 76 93 34 61 142 116 80 48 194 146 25 117 240 240 227 215 94 54 56 5 46 199 94 153 149 170 112 44 20 170 219 239 213 155 129 145 169 106 136 67 66 127 65 94 140 130 43 0 65 154 134 44 123 229 221 81 54 51 130 255
57 63 122 117 123 21 80 28 0 130 210 180 152 133 109 129 132 89 58 65 49 68 100 126 139 42 56 131 184 117 212 206 212 167 98 80 16 22 44 52 44 153 93 100 152 115 122 178 254 192 91 97 183 100 82 38 62 66 55 56 80 123 45 140 139 166 130 120 204 33 64 101 198 255 195 140 228 125 77 39 40 111 69 247 247 140 96 50 75 91 31 15 93 252 253 106 50 23 55 128
83 103 117 45 94 86 143 54 0 77 115 98 115 109 72 89 143 144 65 42 5 14 71 182 161 112 108 84 37 88 86 120 175 128 71 59 13 65 120 87 59 212 190 168 159 109 105 189 154 69 21 92 254 180 137 46 11 78 115 179 251 183 142 153 78 26 101 71 179 111 108 108 179 231 255 172 68 178 145 36 48 87 86 255 255 108 151 79 23 38 0 34 81 178 242 96 171 132 102 85
27 92 64 37 77 102 187 104 5 28 24 12 41 45 33 76 115 37 13 61 32 28 42 196 167 130 154 95 83 86 101 174 159 31 0 79 67 71 144 153 110 176 166 139 108 58 12 75 169 237 203 95 136 177 219 116 0 24 89 105 109 92 6 51 72 47 113 37 163 94 139 170 86 74 214 255 33 186 126 32 132 171 6 80 154 180 183 121 55 85 165 199 132 46 121 68 117 98 81 61
94 65 95 60 88 177 78 18 37 19 22 37 53 44 33 65 125 88 169 110 26 160 130 111 103 124 104 165 129 114 108 146 240 125 49 105 100 87 166 201 128 97 94 99 92 59 21 77 181 230 195 90 41 35 73 25 63 126 189 72 78 199 122 123 62 97 37 19 221 61 103 92 49 0 224 232 148 55 149 133 78 50 0 142 0 121 180 153 137 24 86 88 59 12 84 137 139 77 55 86
34 68 105 114 56 94 83 97 73 25 44 79 76 53 25 17 52 0 83 82 16 156 171 110 59 25 35 142 255 250 206 28 21 103 61 53 116 143 125 43 40 11 22 54 84 61 46 73 106 128 113 62 28 29 80 66 85 68 94 50 173 230 120 102 88 162 167 169 139 207 185 91 50 57 248 255 110 74 190 152 121 52 107 238 241 150 150 161 107 84 177 151 97 130 174 239 184 70 27 102
63 67 81 160 89 63 82 128 72 11 39 79 65 59 52 37 55 15 13 45 62 211 255 108 108 62 93 111 157 173 206 74 64 130 53 99 254 240 157 101 50 35 8 14 69 68 80 70 50 56 87 104 83 44 90 105 125 65 48 10 147 204 38 63 63 44 47 142 67 143 187 155 111 57 160 123 76 19 117 125 113 41 166 235 255 100 110 80 37 101 206 243 124 116 146 243 192 90 75 182
80 27 132 161 78 40 87 116 53 44 127 143 77 61 83 116 128 90 35 53 95 134 244 128 66 91 120 34 23 27 72 30 129 235 182 155 206 255 237 236 182 84 16 28 59 53 107 86 46 34 95 117 65 90 107 128 180 97 101 64 150 130 78 92 104 71 43 182 203 84 200 255 210 66 93 95 108 117 82 111 107 101 206 176 147 43 10 74 47 159 197 232 143 45 30 107 102 13 98 181
110 74 175 190 92 24 48 81 45 92 220 220 100 46 68 116 136 124 70 62 73 96 238 180 17 25 58 137 124 120 71 46 165 255 255 188 97 214 255 216 171 107 51 29 27 52 111 110 44 46 89 73 0 0 24 74 90 5 64 48 119 159 117 26 74 170 87 125 123 181 255 222 192 80 110 108 144 165 110 109 55 88 108 85 34 63 41 82 110 133 134 191 177 136 67 70 76 57 154 191
154 67 105 131 111 69 53 56 64 98 202 183 69 33 58 96 79 91 52 63 92 89 202 155 8 59 99 191 130 154 120 137 205 157 196 251 132 165 138 105 62 51 39 19 14 88 126 131 127 121 115 61 0 33 103 210 238 93 124 110 147 135 77 0 57 177 45 16 14 138 240 206 199 101 92 54 109 158 102 86 27 41 3 46 10 80 79 124 120 71 55 100 120 154 91 77 104 129 215 215
121 38 57 83 98 72 65 94 99 76 115 83 13 26 56 71 38 65 34 70 120 77 126 57 31 56 51 57 8 49 42 30 91 156 241 243 81 139 89 73 100 97 90 65 49 131 111 98 103 121 126 95 62 81 101 186 243 88 73 76 157 90 28 67 87 194 145 153 179 168 249 252 255 163 108 35 99 163 122 113 131 93 36 108 101 110 132 169 125 47 40 41 27 97 58 67 67 79 131 130
