63 88 79 12 70 48 80 81 111 232 135 69 95 42 19 29 0 11 4 6 52 80 110 77 43 71 129 51 61 35 80 108 26 34 22 45 33 35 26 21 18 1 0 15 19 5 1 12 23 8 7 18 29 36 29 9 18 49 78 91 67 45 66 121 133 79 32 7 51 57 80 134 179 114 66 150 130 95 128 126 159 77 38 34 6 65 81 45 47 51 0 105 144 143 134 101 69 48 62 76
8 29 62 41 37 40 115 40 18 126 36 22 30 26 10 34 52 53 24 33 138 215 243 194 54 70 45 32 81 63 146 150 71 38 26 44 45 51 40 33 22 14 13 20 18 9 13 26 30 12 13 22 17 11 13 14 31 64 96 100 67 34 57 115 152 135 84 0 55 98 136 195 206 150 21 26 97 18 71 142 153 46 53 30 33 80 76 46 149 169 40 41 95 81 55 84 79 31 43 61
66 27 28 59 32 28 116 42 0 60 0 4 10 25 33 52 93 90 41 37 165 255 255 208 103 113 88 98 75 12 118 225 144 50 32 34 45 53 45 40 28 29 29 24 16 15 28 44 41 16 13 25 18 8 16 27 32 41 22 1 37 78 76 46 52 126 187 83 67 67 75 97 142 109 28 12 59 28 129 161 98 12 91 44 49 80 86 92 228 254 106 16 71 79 30 39 46 27 44 18
46 24 9 53 48 23 54 44 50 51 22 8 32 30 61 54 67 85 61 56 169 238 243 213 141 137 199 230 197 133 67 133 188 54 32 17 27 35 32 34 30 35 33 22 15 23 40 52 42 15 8 22 29 33 39 40 30 18 29 60 110 102 81 65 80 154 230 83 23 45 65 40 45 48 53 37 11 88 198 172 15 0 99 70 62 76 79 79 106 134 99 28 25 45 55 76 71 65 66 40
0 26 46 44 36 36 40 79 95 69 54 30 53 55 76 57 47 67 56 30 78 82 65 62 82 134 231 182 107 136 69 115 161 35 21 7 14 20 19 25 28 31 26 17 16 27 41 47 25 14 12 16 24 40 48 38 23 45 56 31 65 84 93 71 48 109 146 46 65 103 82 38 0 20 45 32 39 96 105 95 54 36 55 48 43 82 95 65 51 10 6 14 36 58 65 76 84 44 13 51
50 61 102 88 54 50 49 89 102 92 72 52 52 79 62 50 31 39 46 25 45 24 6 20 58 102 147 116 55 109 76 54 96 15 10 11 13 18 17 22 23 23 19 15 17 24 30 32 7 14 22 15 6 20 32 26 20 2 29 64 125 103 104 109 71 110 94 70 119 73 25 79 42 6 28 50 93 66 22 27 75 59 1 13 0 52 85 51 45 55 45 49 78 93 63 64 71 62 29 64
74 79 117 121 91 45 27 36 74 91 84 39 44 68 34 27 37 37 62 47 55 36 23 39 48 51 70 80 18 45 44 5 63 29 12 20 12 18 17 20 19 18 19 20 18 15 15 18 12 14 22 18 6 11 23 23 23 31 42 2 22 7 23 15 6 50 45 90 124 74 47 102 94 42 39 87 67 44 65 73 64 76 46 87 58 68 86 59 40 69 34 67 131 157 73 21 33 80 66 51
31 96 105 71 66 34 44 50 58 89 113 28 64 62 40 30 22 26 65 49 47 31 22 33 34 36 83 85 12 53 65 29 68 59 22 25 6 13 13 16 17 17 21 25 19 7 4 9 29 13 13 22 21 22 28 28 15 26 55 40 75 55 71 69 65 93 62 82 98 164 159 63 52 102 81 140 43 50 101 111 64 65 50 90 61 49 64 56 38 37 15 103 134 120 46 19 28 65 60 39
50 60 85 42 55 77 81 71 61 74 93 19 46 67 65 36 20 22 27 30 66 62 25 59 39 38 44 39 21 39 77 69 67 23 8 13 25 23 7 17 14 20 24 29 24 3 0 14 36 28 6 20 15 11 27 14 10 17 21 26 77 64 57 66 56 64 10 47 24 120 183 94 70 85 43 51 56 59 65 62 40 35 36 35 13 10 31 70 64 68 54 36 36 12 34 45 76 87 53 113
61 61 67 23 50 90 91 65 69 57 72 51 61 39 34 27 18 20 20 29 64 76 71 99 59 19 19 30 45 21 63 99 53 31 25 17 16 18 9 18 20 22 19 22 25 15 10 21 26 26 6 7 8 19 48 41 6 11 29 13 79 53 52 40 31 40 9 69 26 36 110 137 96 49 8 28 44 60 37 0 25 63 100 142 50 45 58 59 45 36 20 31 15 0 33 73 80 90 139 129
0 11 63 62 48 28 43 77 91 107 116 97 60 21 18 2 11 40 57 67 59 45 54 60 67 50 60 45 80 67 86 82 28 35 53 42 31 27 10 10 10 17 18 24 35 28 12 6 24 29 31 44 55 48 53 40 28 26 35 38 80 48 27 17 27 53 37 96 87 74 110 147 74 27 71 48 44 63 53 24 25 137 255 178 87 77 63 19 3 46 68 88 60 67 64 37 39 62 123 113
51 17 23 63 87 60 27 19 54 108 126 109 47 18 44 37 9 33 44 61 48 41 67 53 0 23 66 37 37 66 76 32 26 33 55 51 42 35 15 14 19 27 25 25 37 35 18 9 15 5 12 39 81 71 58 41 49 36 6 47 36 31 0 25 45 41 48 124 137 97 113 159 139 72 23 95 106 0 65 47 11 139 182 77 72 78 73 31 28 73 101 85 60 92 99 17 52 83 34 53
24 32 27 25 18 18 17 12 38 81 94 95 50 22 60 81 68 34 0 9 30 65 106 80 48 53 98 92 29 58 53 14 44 23 22 21 24 26 17 27 43 43 27 15 22 30 31 36 36 24 18 20 101 138 132 100 58 43 0 27 4 27 16 51 67 115 156 140 103 72 62 35 93 98 71 52 29 61 59 80 160 146 18 41 60 68 65 64 67 60 88 50 32 54 110 35 144 175 56 11
38 51 49 74 64 49 34 23 43 77 73 44 41 39 54 52 90 47 12 17 32 58 79 58 35 22 61 95 71 146 115 55 40 7 0 2 15 21 10 18 28 29 19 12 18 18 19 28 19 45 54 18 109 170 147 77 45 40 29 16 16 25 28 21 46 117 142 45 58 130 127 29 31 83 48 74 46 161 109 132 247 66 33 50 75 90 64 111 47 27 77 42 29 48 119 26 122 157 104 0
68 61 57 120 109 58 19 11 23 56 54 0 44 63 55 39 40 27 40 45 38 37 34 39 49 63 79 63 73 158 104 31 29 10 8 7 20 30 13 9 15 19 21 30 36 20 4 6 23 75 106 52 126 172 145 81 45 24 20 15 20 8 3 0 14 32 69 54 135 138 78 20 10 86 172 96 13 149 97 152 194 15 129 42 69 53 30 92 59 15 71 83 79 97 136 14 24 50 51 0
50 42 16 67 72 62 44 31 55 60 69 29 92 78 55 74 35 19 36 31 23 21 12 38 64 108 111 24 11 51 17 6 40 31 27 10 17 39 30 24 40 37 36 48 55 34 13 15 30 65 91 31 95 135 147 140 90 32 0 29 17 12 4 26 34 36 53 26 110 82 54 99 83 77 151 84 14 13 60 115 94 40 114 69 106 60 105 168 114 22 91 202 208 177 148 15 27 25 0 61
0 21 57 27 56 71 68 80 93 44 40 72 85 70 74 133 108 15 30 14 45 40 39 36 51 69 61 37 20 114 99 74 50 15 25 35 48 54 24 11 19 9 11 45 39 50 39 44 53 42 39 45 49 55 78 104 87 33 13 36 38 19 17 30 37 41 20 47 77 40 58 154 138 38 19 25 118 100 73 88 46 42 65 166 129 67 68 111 76 47 65 157 205 164 99 37 174 143 7 30
20 33 43 28 39 36 30 44 40 43 14 28 121 99 58 128 108 40 37 21 97 113 74 36 16 26 1 29 53 202 209 122 35 0 11 31 46 51 27 22 4 32 42 47 33 26 33 38 40 32 31 39 37 22 11 10 36 35 40 37 28 27 24 11 23 21 52 100 70 0 0 76 85 85 18 6 197 216 89 40 29 57 145 173 92 9 30 40 19 0 4 56 113 79 62 35 191 168 41 2
33 46 40 55 51 37 39 56 67 85 58 66 201 158 40 29 46 27 36 32 140 176 111 40 30 58 63 100 37 88 114 57 21 0 13 30 36 40 38 49 82 124 103 66 40 17 33 36 41 23 11 19 31 35 33 32 0 17 30 17 7 22 23 0 19 60 77 30 15 78 89 19 82 134 80 56 149 120 15 15 85 105 212 161 96 70 167 184 136 85 38 16 55 27 70 102 70 81 87 89
36 50 26 54 45 47 67 82 128 121 109 54 99 82 58 44 9 12 41 43 123 172 141 76 55 77 107 129 67 55 74 56 5 4 17 17 5 13 33 50 145 170 99 52 27 18 29 35 25 16 13 24 38 42 35 27 23 15 14 14 15 27 35 29 9 30 80 72 18 25 92 153 170 114 133 165 83 58 71 59 89 74 144 75 76 103 209 235 152 99 30 8 30 8 58 128 187 73 40 53
38 38 0 19 25 55 73 60 53 65 109 67 72 62 71 49 47 22 47 48 67 120 149 110 70 83 111 73 67 50 23 0 17 28 31 21 8 20 40 36 88 106 34 13 0 16 19 37 27 29 30 30 31 31 26 21 36 19 17 23 21 24 35 40 29 52 94 101 99 97 94 127 169 140 118 131 94 72 44 69 88 43 47 0 36 52 92 114 80 62 27 73 86 56 53 109 104 45 60 36
26 21 8 30 61 101 94 46 35 52 73 51 92 87 70 65 55 13 38 56 40 70 110 82 26 49 113 111 139 95 31 14 33 41 35 32 28 39 52 30 42 66 45 27 13 31 25 43 43 56 60 47 34 32 35 37 15 25 38 34 17 17 24 21 2 32 66 70 97 98 61 84 103 23 38 75 49 78 59 45 81 49 40 27 85 75 70 76 44 43 23 90 87 65 38 70 57 44 78 48
30 25 49 56 82 111 102 61 32 55 60 47 75 57 30 60 30 12 46 85 63 52 59 35 15 23 71 134 151 106 44 22 20 25 19 25 17 18 50 50 70 86 117 55 44 50 45 42 41 73 95 83 55 34 20 11 20 33 48 42 26 28 33 24 7 27 47 29 73 127 111 123 141 36 35 53 77 112 41 16 29 27 50 62 122 106 116 85 37 43 29 65 57 58 56 67 39 43 80 90
59 45 76 42 36 53 70 68 61 32 15 25 56 59 31 43 35 46 79 117 95 57 40 28 36 67 66 99 40 42 52 41 19 26 24 34 10 2 64 104 94 92 148 41 47 50 55 32 52 82 98 80 54 45 49 51 32 19 19 25 23 27 32 29 23 7 31 37 80 140 141 164 111 56 94 71 87 138 64 34 56 36 41 15 61 69 142 99 30 53 62 67 56 54 61 41 47 49 47 45
40 35 10 32 17 6 28 77 85 52 4 78 81 54 49 42 34 40 79 31 58 65 35 34 63 66 55 61 0 1 46 48 20 17 31 0 35 22 61 122 94 48 66 47 70 44 42 53 95 148 170 36 11 44 88 75 53 27 16 0 18 14 29 28 25 34 22 14 17 62 60 77 40 3 74 73 62 64 77 87 124 50 25 66 51 68 111 95 11 66 98 99 64 61 39 25 69 138 115 36
39 29 0 21 18 19 38 72 68 65 36 36 70 63 44 36 23 35 54 60 8 6 35 38 23 29 26 41 38 44 48 37 30 21 26 27 59 49 47 87 50 3 34 63 73 42 44 82 156 216 221 63 40 33 53 79 38 31 28 38 31 18 5 7 15 29 32 24 34 59 35 26 24 10 50 59 24 51 77 109 100 58 74 72 93 77 114 106 67 91 49 60 55 61 38 38 150 211 208 79
29 31 13 40 35 37 43 54 43 32 20 0 58 40 25 58 48 60 76 81 45 32 35 21 5 14 30 25 45 42 22 15 40 29 23 33 46 37 9 34 42 0 15 63 42 23 31 82 162 228 255 93 34 12 26 35 31 40 44 70 44 30 1 5 1 11 21 6 38 64 50 34 56 31 43 73 88 94 64 14 27 23 67 26 70 62 61 91 71 74 27 56 64 88 64 34 159 233 255 138
28 38 27 44 26 29 36 36 56 38 18 0 39 7 13 53 99 131 159 90 119 94 41 46 61 59 93 56 39 29 30 35 14 13 18 9 17 17 12 35 36 56 54 43 9 54 38 0 59 78 177 108 62 56 74 30 21 33 35 43 28 26 12 11 27 30 38 8 42 64 63 50 35 40 64 31 49 39 103 108 65 146 53 30 37 0 85 112 79 81 87 58 11 38 58 52 23 112 176 122
46 38 12 17 0 16 33 28 40 54 30 24 26 20 59 54 57 137 151 86 83 54 59 126 113 75 113 76 29 29 55 47 8 15 40 4 23 24 37 38 32 33 46 71 22 11 55 119 154 72 79 49 33 45 79 46 30 35 37 14 24 33 44 31 25 33 51 29 60 70 60 44 57 49 41 14 52 37 51 25 46 96 71 16 40 46 98 165 125 102 102 34 27 26 2 22 85 140 149 186
54 36 10 26 15 38 49 30 17 38 21 32 28 23 81 71 104 199 138 168 75 32 107 182 115 50 71 70 26 33 57 23 9 14 52 22 55 53 61 39 29 56 57 32 31 42 92 109 108 108 72 50 59 79 82 43 41 40 41 11 32 40 56 38 8 8 22 24 59 69 43 25 40 42 6 12 32 70 56 69 59 48 55 12 89 70 104 97 66 51 18 0 81 77 13 68 176 168 100 151
38 33 31 62 45 58 68 48 66 77 60 19 30 12 60 71 183 252 102 164 75 18 64 106 88 49 56 87 46 40 58 35 0 0 33 33 61 70 75 67 64 44 39 76 228 240 225 149 67 125 67 58 46 80 97 53 31 27 23 17 23 28 31 26 31 11 5 32 74 89 37 10 40 52 25 40 45 92 49 89 129 33 100 40 103 119 115 113 119 148 80 51 70 75 61 118 146 130 75 96
20 28 42 72 37 45 72 72 108 144 127 0 34 49 87 92 171 225 46 65 69 33 32 77 43 52 61 104 56 31 56 71 31 18 35 43 35 41 45 63 68 66 66 69 245 255 255 177 86 83 18 86 50 64 97 50 38 32 21 42 30 32 22 36 37 10 5 68 130 155 81 43 59 68 66 52 57 66 8 47 100 64 125 114 71 27 47 24 54 99 34 57 24 84 104 60 38 60 84 90
28 23 47 53 24 23 45 46 83 132 93 38 34 93 194 124 89 107 66 37 102 108 81 56 39 35 68 34 28 49 52 45 28 18 7 40 34 30 35 83 113 88 76 25 98 154 161 105 86 68 71 65 42 55 73 57 61 49 36 22 33 34 31 65 53 44 0 87 139 150 89 49 39 51 56 12 69 97 50 32 55 80 148 188 137 57 68 20 42 88 17 37 69 111 80 28 38 59 54 117
59 34 38 48 33 28 44 51 72 69 58 98 102 62 123 121 23 72 80 84 137 133 82 40 45 30 37 0 94 142 106 41 9 16 17 35 44 52 57 81 75 71 75 118 135 152 83 51 68 57 71 74 55 57 62 41 32 69 74 16 19 49 57 59 54 60 71 76 96 106 72 60 57 35 30 9 40 68 111 87 72 98 70 88 21 7 27 3 25 103 40 26 81 126 88 62 58 54 63 155
61 38 32 42 51 65 81 85 88 109 119 144 113 8 13 20 68 48 36 72 106 81 37 37 12 27 79 80 233 249 167 74 14 27 26 11 31 47 57 55 33 34 28 62 50 72 43 73 98 68 59 58 49 56 60 43 34 69 81 13 16 36 40 23 62 76 142 80 93 119 112 116 98 90 84 68 58 11 69 55 72 126 40 60 29 49 106 94 56 118 85 24 17 40 46 66 47 41 35 66
61 54 46 37 35 47 55 48 68 123 126 93 69 23 56 85 26 1 23 95 124 86 34 46 35 47 70 18 109 138 93 26 25 35 35 5 27 32 37 21 56 78 97 61 80 75 49 25 63 50 55 60 48 43 52 55 50 64 93 48 28 8 37 74 33 39 91 25 38 66 67 65 82 109 114 85 83 0 18 64 197 158 128 39 32 73 50 108 64 89 151 133 60 41 58 59 62 69 55 16
75 69 77 73 41 22 29 35 43 55 53 44 61 23 32 72 103 84 74 54 53 43 10 12 24 55 92 41 81 152 136 66 26 32 38 22 43 32 32 23 40 48 54 0 91 130 118 47 19 18 24 20 0 0 37 85 85 48 45 29 37 25 16 15 33 45 48 26 30 50 82 104 82 66 81 43 63 30 51 139 220 168 65 14 24 24 54 89 66 71 145 161 102 76 65 27 38 60 74 32
84 64 99 124 70 28 52 82 38 14 30 74 140 99 43 41 29 13 29 28 97 114 80 68 87 78 98 56 55 104 120 108 51 42 32 23 33 26 38 58 79 95 87 40 122 157 116 50 28 37 67 99 93 55 33 38 36 67 108 94 52 42 28 23 46 69 30 41 34 40 110 185 130 46 79 55 72 112 102 146 160 118 47 48 48 57 57 62 91 106 96 77 57 60 42 14 14 66 93 32
73 51 97 116 44 13 52 72 55 31 41 48 107 105 54 35 52 26 51 46 142 126 67 49 68 59 81 30 43 50 59 69 74 62 35 27 18 23 44 86 129 148 124 57 93 114 94 79 66 40 36 70 92 68 38 36 17 26 64 107 83 91 66 69 133 129 46 41 34 9 62 151 129 50 78 71 98 161 95 95 33 80 56 96 85 55 110 36 96 107 59 68 70 100 91 53 57 118 135 63
41 35 84 82 8 13 67 58 19 21 53 34 69 91 80 87 34 59 104 44 118 90 35 12 63 105 127 28 94 122 100 48 66 68 49 51 32 39 49 89 123 132 101 1 40 55 67 68 61 28 9 31 59 62 80 118 107 34 24 111 98 101 86 139 214 170 58 30 44 0 8 79 108 69 53 31 76 134 34 45 18 63 139 78 51 26 90 25 105 56 0 68 79 133 138 62 55 86 105 82
20 34 89 91 67 49 71 60 27 32 50 73 85 81 77 81 7 11 67 11 89 84 47 47 72 95 100 64 136 173 133 86 121 114 26 40 31 12 39 58 92 75 46 25 45 51 28 2 3 42 65 56 91 108 94 151 118 68 41 63 106 63 40 130 181 144 57 98 88 42 0 33 86 92 35 66 37 35 39 38 40 67 97 72 49 22 64 72 99 40 2 16 43 77 77 20 27 18 7 75
65 50 81 93 83 50 65 71 45 43 43 50 50 32 29 47 63 54 71 0 32 33 33 57 46 44 61 109 121 107 67 144 157 117 32 35 29 18 15 35 49 47 27 71 70 33 13 6 26 77 103 49 68 81 62 67 73 43 25 86 146 70 13 95 112 81 102 214 95 80 72 33 103 129 37 80 68 29 50 15 38 32 86 95 59 30 77 166 123 62 53 90 54 50 33 42 50 80 53 72
121 85 67 44 38 9 12 16 26 28 27 45 61 40 19 30 56 64 83 46 51 37 26 29 54 118 156 65 71 79 67 85 105 87 78 64 51 42 22 52 46 30 0 15 9 0 58 106 105 53 10 51 72 44 68 123 160 105 42 149 224 110 39 95 139 79 169 248 117 71 100 63 105 131 40 68 79 34 54 27 29 18 82 102 61 68 112 237 167 94 89 119 85 69 37 44 88 114 60 135
81 94 86 40 42 39 40 22 46 37 15 25 62 61 33 24 48 40 32 26 42 70 89 97 87 85 127 74 107 53 41 80 59 81 145 76 54 45 28 43 107 91 51 55 43 41 59 59 48 73 62 112 47 29 122 230 241 157 18 127 178 65 44 58 19 214 149 254 134 75 77 126 230 208 124 82 80 37 18 27 39 36 59 78 48 75 48 74 89 51 54 68 83 90 104 94 102 110 115 60
56 110 124 56 32 40 74 81 65 49 10 0 35 65 60 48 53 63 73 91 107 123 104 86 81 105 104 88 84 89 37 23 40 81 160 52 53 81 101 91 110 72 17 31 8 83 35 19 45 16 69 99 74 63 65 138 255 251 78 84 69 75 202 204 123 158 138 195 84 85 57 177 255 214 110 63 69 37 21 42 25 24 31 120 142 160 83 26 34 30 10 40 38 22 48 74 38 38 147 193
123 169 196 128 59 25 67 102 42 43 40 37 50 69 65 43 54 64 71 60 71 80 38 19 64 83 69 70 65 82 83 55 75 120 161 51 29 57 99 78 69 57 34 74 6 102 38 59 105 40 156 122 214 255 134 73 163 204 160 215 137 78 181 243 215 219 241 230 255 114 0 59 185 142 24 49 80 53 74 81 67 51 51 152 146 110 47 23 99 66 12 96 117 88 48 100 57 24 137 77
67 94 148 135 83 29 40 47 47 37 56 70 56 51 41 13 24 35 59 43 93 116 50 27 78 93 69 55 29 34 99 57 62 94 76 47 10 44 89 77 22 35 62 58 14 91 150 213 255 142 153 98 110 110 74 136 204 223 162 150 168 212 139 73 151 180 255 218 243 226 66 83 132 105 32 100 108 72 79 93 104 85 89 123 81 55 26 48 141 102 75 87 151 111 10 46 98 43 53 83
25 12 48 62 62 54 72 55 59 8 6 26 17 28 51 42 23 31 68 57 146 179 85 45 60 84 41 115 40 63 127 115 117 102 9 55 23 68 94 80 67 66 110 16 34 60 221 254 241 173 49 70 71 102 125 159 241 253 241 184 151 168 111 230 253 149 76 51 132 92 49 31 21 5 23 106 92 74 49 103 99 86 94 68 45 82 47 44 64 98 172 48 131 91 19 58 120 91 33 43
23 46 69 59 54 46 27 17 46 49 42 14 16 43 109 75 36 9 28 46 108 124 104 43 15 27 20 105 71 47 75 133 128 103 45 67 33 77 101 120 98 105 101 57 116 15 178 197 97 152 53 70 182 253 181 123 204 247 255 187 249 254 247 255 255 155 230 133 136 65 61 73 51 97 80 89 79 26 39 63 66 45 55 70 37 58 71 65 73 91 145 103 52 63 69 82 112 100 66 19
4 19 83 121 66 22 4 0 25 47 58 63 37 59 97 108 47 21 41 46 58 87 101 75 54 34 65 58 29 45 59 88 65 37 53 110 59 81 122 116 118 129 96 136 104 45 78 93 34 70 106 90 108 145 151 181 248 255 211 255 253 225 238 250 185 144 210 57 31 19 99 134 106 109 48 54 82 58 69 90 83 52 42 67 14 32 21 79 108 60 82 77 13 37 65 47 65 98 95 79
32 22 93 174 90 40 36 44 25 37 45 22 9 36 69 100 32 49 93 82 17 34 68 95 25 0 60 115 158 139 138 109 83 34 92 156 85 45 98 99 136 175 121 70 62 47 87 112 81 49 35 152 162 182 255 245 249 242 234 249 244 236 253 255 173 111 155 91 79 29 55 60 66 100 49 30 58 64 101 145 132 83 52 49 42 77 32 45 92 59 35 48 23 83 89 13 127 197 161 69
59 31 41 105 39 19 22 38 33 45 90 42 80 73 54 21 68 52 37 46 42 85 44 39 149 102 0 117 242 187 217 76 15 56 73 49 145 251 218 10 83 148 101 53 235 196 134 48 166 122 220 255 210 244 243 251 244 248 255 239 234 255 255 242 175 89 61 52 57 50 43 13 11 70 61 51 50 25 72 164 151 136 147 82 40 20 41 50 178 160 36 17 29 94 90 41 97 154 116 26
52 57 14 41 23 39 43 62 87 54 46 0 31 45 38 18 46 82 68 48 35 81 51 109 228 187 144 79 158 255 234 220 180 230 202 137 237 255 215 115 145 128 204 255 242 223 234 51 26 111 255 240 208 247 255 249 224 255 218 255 234 255 233 182 113 25 19 116 80 15 0 28 38 48 41 65 65 3 19 115 119 56 59 77 89 87 134 121 185 159 24 16 16 40 55 61 76 75 76 85
0 58 12 14 26 40 38 52 83 50 23 41 34 49 29 45 46 84 69 41 51 111 66 112 215 226 162 92 138 255 255 243 206 255 212 120 232 255 255 231 195 174 234 255 232 249 255 119 101 185 217 210 155 221 211 245 255 241 250 254 238 254 174 80 65 41 48 90 50 50 31 30 43 45 29 31 50 41 37 65 45 39 54 87 41 63 78 86 70 78 26 34 14 42 68 39 51 69 101 119
9 75 39 29 40 25 20 22 38 28 18 85 45 47 35 54 36 38 36 21 53 132 67 46 100 117 112 100 97 170 235 255 209 255 232 148 217 250 244 150 93 123 217 194 240 255 205 145 197 212 51 155 196 245 255 235 249 116 240 232 233 252 179 100 55 5 33 60 78 86 76 58 29 47 41 21 45 90 86 57 39 87 131 117 59 100 64 119 110 127 64 17 24 84 93 25 0 89 134 108
8 53 25 28 46 24 35 33 12 16 26 80 50 40 57 50 42 14 30 23 55 154 99 37 70 83 96 140 121 146 252 241 253 253 255 204 220 241 237 103 154 193 191 100 167 198 112 255 255 243 253 192 250 255 241 244 245 53 152 248 168 132 103 65 67 30 79 39 77 100 120 84 62 46 49 58 82 107 92 63 39 49 109 79 98 141 88 209 205 193 69 0 58 101 62 9 12 92 98 59
47 30 50 31 11 27 75 60 13 21 33 116 96 83 64 75 62 35 15 29 62 139 104 41 56 58 67 138 162 116 236 252 255 218 252 255 211 240 255 178 255 240 121 142 209 240 161 255 208 230 241 255 255 207 250 250 255 67 84 200 88 33 31 63 96 112 184 87 51 65 81 89 90 75 43 84 27 45 75 48 49 41 34 76 104 107 51 181 235 184 101 60 69 75 52 39 84 84 51 21
49 154 145 44 46 52 58 75 67 45 26 105 115 115 79 64 83 66 56 54 53 101 74 29 39 28 39 30 84 75 145 255 245 255 251 253 255 252 244 231 252 164 0 117 197 255 208 255 255 239 255 239 235 189 144 217 146 60 34 45 0 55 106 140 150 75 85 65 75 59 57 92 78 66 27 46 0 26 71 48 70 57 8 63 116 42 54 93 180 123 104 93 46 38 65 69 76 94 76 47
48 234 234 88 77 58 39 74 106 60 8 61 73 78 57 53 98 84 79 56 25 48 39 25 59 48 36 35 169 123 80 228 251 255 238 242 251 240 250 251 248 223 255 255 212 255 252 243 227 251 249 150 118 100 16 89 15 50 69 84 60 68 21 11 55 57 45 0 37 97 98 74 51 42 16 49 33 76 85 25 0 48 39 13 57 23 45 79 97 11 40 59 0 16 87 60 58 90 86 63
56 179 193 89 59 32 26 44 58 27 0 35 37 30 44 85 79 60 60 39 13 34 46 52 52 54 74 79 88 34 96 164 210 255 238 233 251 242 248 243 236 244 247 249 248 72 255 250 203 255 197 94 58 69 40 57 22 53 64 98 107 106 86 122 160 76 35 97 152 119 74 93 128 88 36 52 60 124 147 102 68 70 50 0 16 69 46 6 32 38 23 13 61 73 81 98 51 78 76 62
44 86 94 40 24 8 22 32 37 21 6 53 53 19 27 79 80 53 59 46 34 43 45 38 33 98 101 111 177 117 84 30 95 241 245 224 255 247 210 229 250 239 253 91 196 176 235 251 255 240 125 81 52 43 42 35 37 58 63 73 54 51 74 119 109 46 12 55 89 48 0 2 63 44 32 53 49 70 67 29 36 56 84 73 12 36 109 94 30 36 51 41 60 53 66 65 41 52 40 29
0 59 85 44 35 12 28 58 67 41 8 41 57 22 12 40 65 40 58 54 56 57 46 21 37 58 115 123 157 103 52 19 55 189 255 245 253 242 218 232 255 245 255 228 227 248 236 255 157 87 50 53 45 48 41 53 43 53 65 75 33 17 76 133 55 28 37 43 64 59 52 78 62 30 9 12 15 36 36 11 30 68 88 29 53 45 51 93 104 92 77 51 80 40 46 79 51 57 35 15
0 60 103 76 63 35 44 62 50 38 0 8 44 40 42 56 29 9 34 29 45 61 72 56 29 44 82 65 127 71 8 63 77 115 226 255 241 254 253 255 254 241 230 255 202 254 239 234 97 50 67 52 45 43 30 52 50 48 50 68 41 16 73 127 66 25 44 16 60 100 98 90 72 41 20 12 33 66 58 22 13 61 48 0 70 71 11 96 141 69 61 45 55 46 90 83 83 104 80 39
57 42 68 68 62 54 61 28 28 52 27 15 44 52 64 73 56 28 37 5 9 31 63 63 54 43 55 22 74 84 71 48 40 40 143 215 252 255 226 255 252 254 247 66 72 198 84 113 114 66 52 34 43 16 23 54 65 73 45 35 35 29 63 75 65 0 45 15 36 44 49 70 50 57 70 59 71 93 71 25 17 43 0 67 62 43 74 138 71 55 45 15 69 72 101 108 83 122 101 43
43 68 35 22 40 23 11 22 16 30 34 28 53 29 36 43 36 30 55 16 11 11 25 48 49 71 94 23 24 34 31 62 48 21 65 111 239 240 146 182 229 221 134 86 55 91 43 35 49 16 73 63 60 43 24 51 58 47 49 17 48 46 21 62 50 38 23 1 41 32 21 39 57 71 120 35 51 64 42 20 42 76 39 20 77 77 62 109 112 81 70 51 93 103 103 108 61 101 90 42
81 99 44 3 16 18 14 15 28 25 22 19 40 11 14 25 28 22 51 55 47 34 26 21 38 68 124 83 13 14 19 47 76 28 29 35 126 154 137 137 136 78 100 107 41 7 35 44 38 35 105 118 87 49 28 50 88 70 30 49 68 48 53 35 53 23 46 27 52 61 61 49 69 70 100 28 0 2 15 19 60 82 39 39 41 95 41 38 124 140 80 59 97 85 110 91 62 62 44 32
110 131 69 11 18 34 37 26 25 23 34 37 42 12 10 30 44 27 42 89 78 65 59 37 24 46 87 58 10 98 97 34 13 26 68 36 41 61 136 133 35 2 72 51 31 5 65 20 81 29 19 50 38 28 38 60 101 138 94 60 62 27 36 61 40 29 54 18 81 77 36 28 52 47 60 40 17 42 57 17 69 65 19 76 43 68 42 17 36 80 49 42 60 27 46 41 27 44 31 3
61 98 65 24 24 34 37 26 10 26 55 54 43 25 21 39 81 44 24 72 41 36 57 46 32 0 21 42 48 124 125 67 49 36 69 47 81 99 114 42 42 21 35 5 73 38 82 77 64 104 126 145 72 35 52 69 146 7 80 72 34 51 78 37 65 34 54 12 73 68 27 22 73 61 34 31 20 91 116 35 24 33 0 50 22 0 34 10 11 23 63 66 42 11 11 49 39 66 64 32
8 54 56 44 38 29 35 34 17 27 48 34 26 48 42 44 70 35 13 55 31 50 107 122 73 39 43 62 145 217 204 125 42 46 94 56 67 64 56 38 29 45 22 4 88 57 81 114 89 111 85 104 85 74 58 26 41 31 103 50 104 2 0 149 88 11 51 26 15 31 58 38 47 54 29 40 21 85 119 58 36 66 39 41 29 36 68 70 50 25 58 63 8 0 25 48 22 17 27 45
7 43 53 57 49 37 49 57 43 29 31 18 31 95 83 67 73 48 34 37 3 8 44 56 41 46 33 9 106 192 182 86 40 30 51 26 35 32 11 28 3 32 38 90 143 98 76 71 72 64 46 100 101 32 14 49 10 88 78 21 123 2 19 138 56 42 66 49 31 29 49 52 32 42 26 52 41 61 78 64 35 27 33 21 26 95 61 122 82 74 51 70 31 43 95 57 6 16 46 68
17 34 31 33 35 38 58 62 55 34 43 48 63 129 100 75 67 58 68 45 29 29 37 37 28 26 35 44 39 31 52 67 62 44 29 32 17 12 10 23 51 29 51 200 239 112 43 54 85 66 41 69 93 16 9 89 0 65 32 36 86 24 106 78 22 103 71 58 95 76 32 50 81 74 28 20 27 32 38 63 47 5 27 23 45 96 65 112 66 78 37 56 45 61 83 45 20 42 70 68
29 34 16 15 28 49 73 66 49 37 71 89 87 126 75 48 62 60 84 45 49 52 42 35 24 23 50 95 45 18 29 53 71 51 14 51 24 33 71 72 62 73 71 178 218 94 17 28 46 73 40 8 90 104 89 104 8 66 44 110 113 30 96 65 7 95 32 33 88 96 41 20 45 70 37 5 26 32 28 64 71 57 68 32 62 63 92 45 77 74 46 37 35 44 13 36 74 44 45 61
40 51 18 0 18 49 71 61 30 67 81 81 81 95 45 13 49 31 75 14 18 27 48 15 15 9 25 61 39 59 60 55 57 40 53 51 47 49 83 63 52 29 53 96 128 34 23 53 52 89 42 4 101 109 94 130 55 66 39 165 212 50 45 153 74 3 32 45 9 21 40 31 21 14 63 43 36 40 49 47 60 57 44 59 76 51 76 42 78 56 97 30 115 153 61 39 65 119 123 150
32 50 26 4 7 27 55 56 56 49 56 65 42 88 11 28 57 27 42 60 44 37 44 61 62 73 67 36 32 38 51 23 49 50 69 52 40 45 78 57 29 9 45 19 84 30 57 66 60 53 58 46 58 49 71 85 126 19 7 150 203 83 59 178 113 19 54 47 14 0 28 57 40 53 86 60 42 67 65 14 50 75 35 37 35 58 85 69 63 73 99 64 140 199 114 56 64 128 134 140
13 35 34 31 19 14 37 44 41 31 63 35 41 38 21 26 55 32 45 111 86 25 1 17 78 100 69 61 65 40 38 39 43 49 69 42 37 52 77 53 24 41 106 43 74 42 61 65 57 41 41 28 44 71 65 0 60 31 59 84 63 99 127 94 92 80 107 48 39 2 13 68 140 125 100 66 27 74 101 44 91 134 70 54 16 54 78 101 33 71 102 102 70 39 26 55 39 52 17 12
24 25 33 57 46 20 34 47 47 40 59 70 106 41 97 86 26 29 65 134 148 83 71 56 65 106 51 87 76 57 31 69 71 82 108 70 51 53 71 64 42 68 120 64 42 38 21 31 21 58 82 95 98 48 22 53 52 33 9 55 22 10 62 47 38 152 140 54 77 67 72 121 122 96 83 108 61 80 108 64 58 87 31 32 15 29 23 47 41 28 29 89 91 39 76 122 94 73 22 26
57 27 26 66 57 22 33 46 48 20 5 83 73 23 46 66 18 17 20 64 61 43 51 36 56 108 60 64 50 43 21 52 77 93 132 90 52 26 31 48 83 87 104 36 23 59 46 36 89 130 123 137 173 130 57 60 98 110 23 30 59 67 55 41 75 161 91 50 40 39 58 72 63 56 87 156 106 85 90 50 27 42 17 24 65 73 48 30 33 68 80 68 48 0 57 79 52 79 71 64
46 21 28 68 51 13 15 12 23 25 74 89 44 46 25 46 88 78 42 77 8 47 49 54 42 50 70 61 67 7 2 35 50 49 84 60 55 38 20 27 45 76 120 26 21 44 63 26 78 155 165 114 71 83 68 47 68 35 42 58 29 66 44 41 96 56 11 97 63 54 93 84 37 41 90 140 101 82 81 47 42 70 69 21 52 64 71 44 44 76 90 63 96 72 84 45 22 86 88 39
11 17 39 56 24 4 20 7 5 34 106 79 30 77 58 64 200 194 166 155 26 74 57 44 35 0 81 96 96 2 0 44 57 43 64 36 60 73 51 49 50 117 178 96 49 37 77 56 85 123 156 150 71 53 70 99 55 20 80 101 5 54 72 61 88 0 1 121 91 51 52 50 5 1 59 86 77 65 60 39 64 103 125 53 42 45 72 61 46 45 56 68 166 186 127 70 76 119 98 34
2 30 50 33 0 2 53 49 94 81 39 90 4 70 37 57 176 190 210 157 40 101 107 68 51 18 107 115 78 26 10 49 76 77 93 30 31 51 50 68 99 147 163 117 27 18 66 89 36 79 118 154 127 108 77 78 125 107 58 87 51 59 70 89 69 7 48 114 117 68 25 55 67 21 49 45 44 29 27 33 25 55 102 78 68 58 62 44 51 39 34 52 172 241 133 63 89 110 93 53
27 22 60 36 14 10 0 77 254 218 47 67 19 45 21 8 82 112 128 82 61 106 120 86 62 57 65 107 103 46 29 40 55 56 84 42 77 115 89 71 56 78 101 118 5 0 77 71 35 52 59 85 86 28 52 59 80 104 75 66 91 90 23 65 89 48 40 110 128 71 29 68 77 61 40 43 49 24 14 43 27 31 71 60 62 55 45 3 13 61 98 27 149 193 99 45 65 50 22 79
39 21 62 100 42 14 0 42 191 255 61 65 66 14 18 42 9 13 49 55 90 94 89 56 39 96 93 91 115 98 74 70 41 23 43 126 191 189 144 101 86 74 68 54 12 10 62 67 54 17 41 69 96 0 63 96 26 177 126 10 95 63 39 39 54 71 77 60 52 37 35 36 39 24 17 37 50 26 22 57 38 28 58 58 56 38 42 31 38 66 107 127 80 131 85 45 53 2 44 37
0 28 62 97 17 36 58 22 32 70 0 73 85 7 59 80 17 0 6 13 72 54 47 21 68 147 109 62 101 115 103 112 53 50 78 135 118 126 105 113 112 80 39 26 14 35 7 25 50 41 0 30 172 79 52 20 4 168 72 42 116 44 73 101 2 52 122 129 103 71 84 93 8 22 54 91 84 33 10 32 25 5 27 53 58 39 67 94 143 94 64 159 41 75 89 91 57 37 110 49
60 75 70 102 33 19 77 57 43 73 228 252 135 14 35 49 29 31 15 9 56 55 47 22 46 90 51 23 57 71 88 121 125 75 93 78 15 65 17 53 53 32 0 44 24 105 46 88 0 103 66 79 127 77 39 49 78 77 93 62 73 48 0 59 55 43 78 137 114 70 37 33 42 64 94 104 72 26 19 43 45 23 29 69 76 54 85 126 119 96 37 134 96 84 92 71 66 74 105 83
60 65 35 34 26 0 37 19 70 104 234 139 71 28 8 15 34 57 29 47 63 67 36 8 39 47 40 48 46 40 64 80 64 13 43 60 30 72 14 28 78 49 37 83 27 93 66 99 26 82 92 156 115 93 81 89 37 41 92 27 60 59 82 19 3 33 57 118 55 58 26 36 98 108 118 105 72 51 56 68 80 57 35 64 53 10 15 40 50 74 0 2 29 71 137 119 73 46 63 71
36 50 35 12 65 45 47 10 40 80 149 74 64 53 45 36 82 73 16 53 41 38 24 25 40 35 43 45 7 1 29 10 9 45 59 59 42 55 62 20 69 35 59 88 56 54 89 81 17 41 84 121 108 84 81 107 68 55 88 13 30 72 73 58 87 88 39 92 61 120 46 8 117 107 102 88 61 45 38 28 20 16 3 67 83 56 65 93 98 113 49 56 56 86 130 114 97 82 138 71
62 20 31 48 89 47 13 37 51 25 52 44 51 74 98 73 101 73 19 52 28 19 59 92 68 68 69 54 14 26 66 45 94 153 127 46 42 48 96 22 97 64 60 83 80 21 78 29 33 34 42 12 76 76 45 78 77 68 21 42 26 44 72 83 121 132 52 54 31 120 80 59 142 120 119 117 83 56 54 55 59 57 38 117 131 91 93 127 154 156 117 80 54 27 24 21 48 72 115 50
41 8 40 35 40 45 14 52 16 62 144 110 50 68 99 127 90 86 72 92 51 18 79 109 103 106 96 72 35 39 73 61 87 132 152 44 49 48 121 119 162 126 53 81 83 18 70 12 78 43 75 61 96 97 37 48 75 43 78 45 43 86 90 50 95 161 103 59 47 154 119 69 58 65 117 155 114 57 44 53 49 42 15 98 102 44 40 82 96 161 155 25 33 11 16 32 38 52 24 89
25 6 18 41 43 90 32 51 17 99 255 213 85 62 103 83 32 27 87 134 78 30 43 64 73 72 97 104 71 74 52 33 30 53 57 92 108 70 171 137 166 125 17 95 93 51 73 3 74 61 30 103 81 67 60 71 55 65 184 59 54 56 73 69 88 100 93 50 73 124 138 58 17 75 104 168 102 53 28 47 56 36 7 38 91 56 71 95 78 87 60 78 48 59 47 54 95 85 59 27
14 33 35 46 46 82 40 71 0 104 226 219 107 91 113 68 0 15 74 90 52 13 23 26 43 50 39 106 123 90 70 74 53 55 124 107 105 81 102 125 68 112 22 60 95 69 73 53 63 29 61 50 76 38 33 68 46 82 144 121 62 12 61 109 103 35 36 0 64 53 112 77 72 226 200 117 55 36 51 136 181 207 166 69 71 91 128 111 82 75 31 57 97 85 34 38 60 96 91 15
30 69 39 21 8 32 18 46 0 71 118 148 94 107 131 93 20 44 79 51 40 21 48 53 60 81 38 68 69 23 4 55 53 54 119 52 50 49 24 64 29 94 25 3 33 59 85 89 73 72 93 5 47 16 24 45 65 39 8 36 44 40 96 135 77 4 54 63 135 65 89 64 83 223 197 110 88 52 66 170 231 180 151 82 74 33 35 35 10 48 59 71 137 130 82 59 94 114 57 44
38 81 48 22 0 20 38 36 54 65 52 65 49 47 35 3 31 44 59 18 32 12 49 72 13 53 26 12 5 34 33 86 86 119 112 48 72 67 41 33 13 48 61 39 16 65 95 41 46 95 52 8 34 16 26 30 17 30 57 48 69 55 60 70 53 18 52 84 102 81 71 57 72 84 79 59 62 30 64 129 93 80 126 79 66 26 32 42 46 45 49 17 54 70 105 131 144 125 20 88
0 47 50 45 15 56 107 78 85 86 101 86 107 104 61 25 26 30 49 33 58 14 33 66 73 106 58 65 57 114 119 84 54 103 73 53 99 71 32 5 18 31 95 82 32 75 106 35 71 108 51 50 60 47 19 12 25 64 70 30 14 0 10 55 28 2 0 16 9 57 45 41 58 21 34 20 15 12 56 65 72 84 125 57 40 37 54 51 47 22 25 37 82 46 42 118 134 88 72 105
0 43 55 47 36 92 152 124 99 110 131 72 87 94 57 23 10 8 23 25 46 4 13 44 68 89 15 77 49 74 107 33 7 35 31 37 88 65 17 41 52 65 94 54 26 56 96 79 110 123 102 37 48 100 52 6 69 98 32 67 66 26 31 63 49 22 36 44 53 95 80 69 53 18 30 21 42 55 61 39 64 50 49 23 29 37 58 78 46 52 23 23 67 52 12 110 118 11 130 107
51 79 59 39 78 132 144 112 76 84 80 58 69 82 64 39 38 43 45 40 51 49 63 79 67 68 30 86 25 30 40 29 1 26 15 10 52 52 28 71 62 80 82 39 39 46 63 52 56 71 69 7 16 126 112 37 72 129 82 77 70 29 24 53 50 36 68 57 48 81 79 85 80 17 6 11 67 129 115 57 43 85 72 48 26 26 40 60 43 69 52 36 6 62 19 49 100 0 114 84
52 74 34 20 116 159 101 50 42 45 34 103 124 113 83 52 39 60 61 47 52 84 99 94 52 32 72 102 48 84 29 89 48 102 54 32 62 70 72 74 78 72 65 33 41 48 59 14 17 28 9 53 36 113 130 63 55 154 195 74 67 45 28 50 58 82 122 100 42 84 84 110 104 39 42 46 97 214 193 58 36 65 36 70 68 46 29 46 49 26 56 96 2 106 78 31 57 40 76 43
24 48 48 40 135 148 82 57 59 28 43 88 147 169 106 39 3 37 55 69 6 54 87 59 12 17 82 75 99 150 89 69 52 96 85 68 131 106 61 65 62 45 67 16 25 44 31 7 13 17 53 31 35 111 162 92 68 99 143 77 75 36 45 66 93 99 141 117 41 64 82 103 124 82 82 57 114 196 169 128 73 66 23 46 17 40 58 72 51 48 71 97 0 113 117 0 42 44 32 38
43 66 64 51 90 69 58 82 68 27 26 60 114 136 76 11 0 12 43 94 63 107 107 49 45 36 92 79 123 116 133 40 78 84 59 53 125 112 71 61 46 35 56 46 39 31 22 18 28 43 76 43 30 82 147 121 58 52 58 69 57 8 13 69 71 34 49 44 0 21 26 43 63 31 69 23 33 67 129 195 210 124 166 0 17 54 55 69 72 59 67 72 27 77 85 28 29 33 22 25
39 58 57 63 60 10 62 126 94 61 44 25 27 53 59 59 58 40 23 56 28 86 105 66 81 0 6 148 224 98 134 0 183 123 51 19 67 74 76 84 54 47 53 90 58 22 25 47 37 40 60 50 64 82 104 83 99 79 45 124 102 58 54 112 81 16 17 34 10 27 21 43 26 4 69 80 44 41 111 255 250 150 113 32 55 59 66 60 41 47 57 49 92 87 73 42 6 24 30 45
21 35 36 73 65 6 88 149 29 60 107 93 48 27 22 34 49 46 53 95 44 61 55 10 34 120 125 48 96 100 49 94 87 28 0 0 24 39 77 101 79 74 54 117 65 19 33 70 41 23 25 47 101 91 62 32 68 74 28 113 91 63 58 69 70 17 28 53 32 42 33 63 142 55 47 144 102 90 28 117 147 142 29 114 60 6 78 96 0 31 43 28 130 132 92 33 12 47 76 108
