58 107 73 43 45 33 61 101 59 45 44 56 56 0 40 106 91 61 70 102 170 99 75 100 149 123 72 0 37 83 39 76 89 79 129 58 52 62 17 38 112 81 6 51 46 82 91 64 37 40 41 30 16 20 22 9 14 16 16 10 3 12 42 71 50 57 38 6 26 13 33 77 60 16 38 34 75 110 103 57 20 27 47 130 117 71 35 16 1 22 60 48 72 69 63 61 36 47 52 56
42 132 123 65 76 30 31 58 85 31 72 33 36 12 32 30 20 48 96 111 136 95 86 91 141 180 109 48 48 56 22 62 91 69 59 39 76 90 40 7 38 35 12 32 23 58 85 24 4 8 24 29 16 11 18 20 18 18 19 20 21 33 58 81 58 57 45 6 15 26 46 41 36 11 38 62 21 42 46 56 71 42 33 95 85 67 60 49 23 30 54 39 58 57 56 58 27 16 14 26
68 166 153 60 77 30 32 60 127 22 98 28 34 37 54 22 0 33 79 83 94 121 131 97 108 157 105 29 76 4 18 17 33 38 33 106 133 80 39 26 37 39 29 34 36 17 37 15 12 4 14 25 15 5 10 16 21 18 18 21 24 31 45 59 46 60 76 39 29 43 57 15 10 18 31 41 6 6 13 66 114 48 13 39 18 29 71 84 55 33 34 21 41 49 42 38 32 10 12 26
106 199 199 104 73 50 89 152 142 23 80 34 35 36 64 60 27 27 37 35 44 119 158 120 81 79 50 12 102 33 62 31 40 43 5 67 79 44 54 94 88 89 40 21 37 2 8 38 48 25 15 15 10 10 13 11 14 13 14 16 14 14 21 30 15 47 79 52 42 43 65 55 61 59 23 0 47 39 25 45 41 9 41 87 53 33 46 36 13 48 104 93 50 22 24 49 56 7 0 15
91 102 87 75 63 87 79 80 108 32 34 36 31 22 36 46 30 13 19 18 11 69 129 130 96 49 14 45 69 64 49 40 32 49 8 27 66 80 37 15 86 91 50 30 32 46 45 40 41 30 21 9 2 14 24 17 7 10 16 18 14 10 15 24 38 61 72 58 77 69 102 152 138 95 39 11 63 65 54 29 84 31 51 71 43 40 72 76 41 66 101 71 5 0 34 82 96 33 31 75
37 42 60 85 43 68 53 56 64 52 21 52 42 42 33 19 9 0 12 26 36 51 89 106 84 28 24 48 52 46 24 39 101 96 40 11 44 66 37 43 67 50 78 120 99 102 79 22 10 20 27 13 0 7 20 17 13 16 22 23 16 9 11 18 27 32 23 19 61 47 63 115 113 78 73 93 29 41 80 71 131 59 61 64 56 54 70 67 36 44 71 68 31 38 28 22 41 32 83 162
52 35 36 53 48 74 43 35 49 61 44 75 45 55 53 35 23 13 19 24 72 59 62 65 39 10 29 35 105 79 61 69 131 120 70 41 59 36 52 117 79 60 103 145 153 104 57 18 7 9 19 18 7 8 15 12 16 14 16 18 17 11 10 12 26 24 22 16 50 44 47 50 43 53 75 101 32 35 76 71 112 43 42 37 47 41 40 38 29 54 89 78 18 33 37 39 29 61 115 160
66 47 36 26 54 73 36 29 54 54 61 81 22 31 54 58 57 55 44 16 72 46 38 38 35 43 12 45 133 125 56 50 100 104 55 40 85 54 73 106 93 115 102 55 122 72 24 28 22 1 1 18 24 25 23 16 6 1 2 11 20 21 20 20 27 25 35 17 30 50 67 37 32 60 45 35 82 68 48 0 52 0 9 5 25 20 24 36 7 39 80 72 10 29 26 16 73 80 60 28
52 0 23 59 33 49 33 19 53 57 24 42 15 38 32 69 68 65 52 40 34 27 33 54 64 61 49 36 80 60 34 18 55 60 35 45 89 77 61 99 67 95 116 14 84 37 20 22 21 7 1 12 25 26 19 15 4 0 3 10 8 0 0 7 13 11 17 19 20 33 42 35 62 83 74 39 88 67 65 36 74 25 19 26 47 28 38 38 15 0 33 26 25 50 17 0 17 32 42 41
42 42 27 21 32 59 27 35 57 55 49 45 46 31 25 34 27 40 44 37 26 18 35 68 96 77 61 62 23 41 44 33 53 33 19 23 44 72 77 60 46 58 82 50 84 54 37 23 7 2 2 10 16 14 10 9 7 8 17 24 18 5 6 15 26 34 33 24 22 24 19 12 45 72 59 8 39 35 75 82 156 92 56 32 27 9 39 62 23 1 16 0 20 82 72 50 36 50 64 69
49 32 33 47 35 50 39 49 84 69 49 32 42 29 17 10 25 33 33 26 17 9 25 58 67 47 40 65 56 91 89 66 64 29 19 32 28 18 34 59 81 61 58 84 84 75 64 32 3 5 11 16 15 9 8 11 5 12 24 31 22 9 9 19 20 36 31 21 28 27 24 35 33 50 37 3 38 39 75 78 143 81 45 27 16 0 26 53 30 21 43 32 38 74 70 67 92 91 85 78
11 18 42 62 30 37 36 36 61 67 39 42 31 49 33 40 51 41 28 26 27 13 4 15 29 30 25 23 85 83 62 41 59 49 29 46 58 5 6 96 197 108 7 25 62 96 94 44 7 11 15 17 14 11 11 14 2 7 17 22 16 6 5 11 9 24 15 14 32 33 44 85 101 74 40 36 86 74 63 32 88 47 37 49 47 30 39 54 20 5 32 48 44 29 10 26 89 80 67 56
3 90 84 44 24 32 9 8 18 43 42 51 48 55 29 19 60 45 31 39 50 34 14 14 41 58 53 22 47 36 42 51 16 27 14 27 57 32 25 84 139 133 75 45 44 17 9 0 10 10 9 8 8 10 10 10 7 6 8 10 10 6 4 5 14 20 12 18 36 29 41 91 143 86 35 47 94 83 70 43 47 35 45 63 43 22 21 33 27 0 0 21 42 30 10 21 23 24 30 40
0 44 47 40 19 43 56 53 39 39 55 54 120 115 84 24 60 47 36 45 60 56 58 77 68 74 77 72 24 50 73 77 37 31 46 66 60 50 60 76 93 105 64 23 61 47 35 25 13 11 7 5 8 13 13 10 15 12 8 8 9 9 7 6 15 18 14 25 43 38 36 58 98 62 24 27 39 29 40 36 44 66 92 99 48 19 14 28 34 25 12 16 34 35 29 35 37 38 46 59
42 16 22 62 14 11 32 7 11 13 34 32 110 113 91 29 44 37 36 54 70 64 66 87 72 74 76 79 38 55 49 26 29 37 49 48 40 43 48 42 79 110 113 73 76 49 18 21 13 16 14 11 13 18 19 14 17 16 14 10 8 8 8 7 6 11 13 23 50 70 57 30 53 54 34 20 3 2 17 6 26 60 83 83 27 11 5 14 21 33 25 20 21 7 7 22 24 19 18 23
44 43 27 68 66 57 40 9 21 74 102 90 78 68 44 22 10 15 35 73 91 63 29 22 50 75 77 48 69 42 18 3 20 86 59 10 64 120 89 45 22 33 49 32 27 30 2 14 8 15 18 15 14 18 19 15 13 17 17 12 5 3 4 6 3 11 12 15 52 99 81 18 20 39 30 22 25 60 83 57 49 69 68 61 19 30 33 39 31 22 4 19 31 5 1 26 21 21 28 39
94 45 13 36 59 71 26 18 57 120 130 124 45 33 40 29 13 17 50 73 94 66 53 41 49 71 53 11 68 62 15 9 33 51 60 49 67 120 114 47 8 16 17 11 8 10 5 0 11 8 7 9 14 18 18 17 15 14 16 17 14 8 8 12 4 14 15 14 31 92 64 15 15 32 14 0 10 51 86 72 53 66 43 17 41 50 34 49 24 14 15 51 58 39 32 37 41 27 26 33
88 78 48 33 33 47 21 39 79 131 122 82 76 55 62 54 31 48 66 50 67 81 108 108 94 40 46 47 19 48 63 39 25 29 44 49 48 62 59 29 18 23 28 28 28 28 25 19 15 12 9 9 12 14 15 14 17 12 12 16 17 14 12 13 9 6 7 18 36 89 63 27 40 40 36 35 23 40 74 61 59 30 13 18 34 43 44 52 30 15 33 71 93 55 41 41 42 28 26 28
124 91 96 82 27 68 86 64 84 137 133 60 98 42 46 51 13 36 53 29 42 60 89 86 68 44 40 54 21 26 23 58 29 9 25 66 83 72 55 40 4 6 11 19 20 16 12 12 19 16 13 11 11 11 11 10 16 10 9 15 20 19 16 15 24 21 23 25 17 52 46 46 76 75 84 94 68 67 113 126 99 55 65 99 80 48 40 32 44 34 50 64 88 44 13 0 16 3 5 13
76 60 100 103 30 54 66 33 28 60 83 39 96 29 23 23 0 8 25 13 20 10 18 12 31 66 54 49 54 17 0 62 104 69 53 64 64 37 5 0 10 7 12 22 22 12 7 10 19 18 17 16 15 12 9 7 11 8 9 15 19 18 18 20 18 15 20 21 9 37 26 24 73 94 93 90 66 38 57 83 89 55 72 128 116 64 42 28 49 48 50 48 71 62 27 15 25 7 12 30
34 90 116 110 77 46 11 52 83 50 67 63 105 48 23 0 10 18 32 18 29 37 71 85 0 0 26 22 32 25 33 61 77 72 50 25 17 23 29 31 19 15 19 28 27 16 11 14 14 17 21 22 20 16 11 8 5 8 14 18 16 14 18 26 16 5 8 31 52 92 52 12 68 107 84 77 97 62 31 39 59 31 14 59 75 38 31 36 54 35 17 25 43 49 20 51 78 41 29 46
50 72 62 54 42 26 3 64 49 0 23 41 68 49 58 53 24 48 62 27 33 62 117 137 50 25 47 23 23 24 30 5 54 71 49 10 10 32 35 27 10 9 12 17 17 12 8 8 10 15 21 24 22 17 12 10 5 10 18 21 16 12 18 28 23 9 9 30 54 100 70 39 55 77 29 34 104 103 62 50 55 47 25 50 43 6 41 83 95 47 34 54 80 60 41 117 133 72 34 41
92 49 17 14 3 27 33 63 58 15 51 34 44 27 56 70 34 49 58 26 23 26 51 54 8 24 28 1 11 21 11 19 48 65 44 13 19 32 21 9 13 16 18 17 16 18 16 12 9 14 19 20 18 14 12 12 12 14 19 23 20 16 20 27 18 4 5 19 17 46 38 42 70 62 22 41 103 119 98 71 52 43 49 93 60 19 84 129 49 7 34 39 97 53 48 123 161 89 41 43
75 65 24 8 15 27 10 53 63 28 59 14 44 21 41 44 27 15 27 35 54 36 38 37 69 98 88 52 14 29 28 67 89 102 76 35 17 9 12 31 14 21 21 14 13 18 16 9 11 14 16 15 12 10 11 13 19 17 19 23 24 21 22 25 25 3 11 39 34 42 22 29 39 26 29 73 104 114 110 74 71 18 23 94 63 25 85 94 18 0 57 19 94 34 30 71 146 76 33 40
64 47 46 20 32 47 24 31 10 11 71 68 66 34 36 62 62 28 55 46 77 44 49 59 143 175 131 69 10 23 45 47 79 97 85 47 19 7 8 16 16 21 18 16 21 18 12 16 12 5 0 4 12 19 19 16 21 26 22 18 17 9 10 23 14 18 22 49 89 52 34 20 7 24 45 54 126 136 96 72 61 17 10 38 22 20 64 47 0 74 132 82 25 51 18 13 86 93 36 5
16 51 59 22 4 57 34 31 20 22 144 225 125 72 75 109 104 76 48 0 58 47 49 70 167 165 86 36 12 19 17 20 38 59 59 40 30 24 14 11 17 20 14 11 18 17 15 21 10 6 2 3 9 15 18 18 18 20 14 13 19 14 13 23 24 19 26 54 83 45 37 27 15 42 70 59 93 87 70 77 83 45 16 37 39 19 23 6 2 75 127 76 19 43 15 13 70 105 62 8
17 35 51 58 12 38 21 70 56 42 160 255 142 81 96 136 75 52 22 5 43 75 73 89 163 148 70 41 31 36 39 58 65 69 49 23 19 20 12 7 16 16 6 1 8 9 8 15 15 12 10 10 15 20 23 24 25 23 15 15 23 18 13 20 27 10 21 47 57 19 32 33 42 95 109 34 25 36 39 38 91 73 44 59 61 37 27 34 18 36 61 56 39 59 26 26 68 100 77 39
35 15 48 95 48 22 4 80 105 66 94 111 78 47 50 38 47 12 14 63 19 79 74 65 106 92 54 58 49 74 98 104 100 91 54 16 10 17 15 14 19 18 6 0 5 5 2 8 18 14 12 16 23 26 25 22 19 21 15 16 23 19 16 24 21 3 25 55 51 17 54 70 55 93 99 19 7 29 53 61 62 37 16 41 47 53 52 60 98 23 0 44 80 83 22 12 73 66 52 69
25 8 53 73 49 29 8 31 62 31 8 5 41 120 118 17 52 13 22 48 10 69 71 38 41 22 20 50 39 89 121 80 63 66 45 20 19 26 26 25 22 21 11 7 15 14 8 11 14 10 8 15 25 28 21 12 5 12 13 16 22 19 21 35 24 19 56 91 86 51 92 115 72 62 78 57 50 32 62 114 103 45 27 66 72 115 108 78 58 38 46 79 51 24 23 83 70 46 28 61
36 6 34 28 23 31 17 11 53 36 2 20 11 166 173 33 77 50 37 0 35 63 55 16 22 18 31 52 21 68 99 47 30 41 29 8 8 15 18 21 14 15 8 8 19 20 14 16 15 12 12 19 28 29 22 13 16 25 26 26 28 22 23 37 38 44 78 106 103 59 81 96 53 49 84 78 68 44 66 110 105 59 54 76 49 96 82 43 29 22 17 41 38 47 43 58 63 70 45 39
58 17 31 41 30 53 28 17 10 16 0 28 0 121 161 94 122 75 42 10 40 45 24 5 52 63 54 54 24 51 68 42 35 43 26 0 0 0 4 9 9 10 2 3 17 20 14 16 17 18 21 24 26 26 25 24 30 35 32 32 35 28 25 35 48 50 58 70 77 32 37 44 12 31 72 52 54 64 79 79 76 79 82 74 21 61 43 33 30 34 18 31 33 51 34 15 45 88 62 25
48 42 67 93 65 102 42 1 11 39 24 33 19 48 98 120 132 45 9 53 16 41 33 56 87 89 37 30 38 58 47 33 31 42 31 8 5 8 7 8 14 13 4 4 17 20 16 18 13 19 24 23 18 17 23 30 19 22 19 25 36 35 31 39 46 41 25 25 47 14 17 23 38 31 54 37 45 51 52 39 62 89 81 58 22 67 39 47 40 39 23 50 62 75 51 26 17 73 51 17
48 39 76 77 97 100 61 18 44 57 46 32 10 21 49 110 95 41 21 39 9 61 41 60 84 77 31 29 33 60 57 32 39 45 31 6 47 40 34 32 36 35 28 17 11 12 12 11 8 10 18 17 11 19 28 22 22 36 38 32 54 29 41 53 58 24 28 10 29 21 16 20 62 89 51 32 16 22 10 2 37 97 105 62 44 49 49 49 68 59 33 65 89 106 98 101 82 65 33 29
105 83 72 42 216 175 76 7 20 38 49 48 19 69 72 58 47 67 57 31 31 62 54 30 36 56 39 46 38 53 53 38 34 35 19 0 31 22 17 20 22 24 21 11 6 8 11 12 12 19 30 26 6 0 14 26 48 34 64 59 46 30 29 56 63 69 27 17 22 44 28 40 83 79 37 22 61 47 27 3 47 71 62 39 44 52 48 48 70 60 34 51 59 82 110 156 137 106 67 56
159 137 87 24 220 164 68 17 38 16 39 78 16 50 54 63 5 112 96 76 18 56 33 21 43 60 40 41 28 46 60 61 34 28 12 0 19 6 1 8 19 23 23 16 12 14 16 16 18 18 22 28 28 25 26 30 44 53 49 63 48 34 52 87 75 42 24 13 16 78 46 14 47 32 19 46 63 75 83 66 50 39 26 33 50 44 31 33 66 44 11 21 24 45 70 122 133 106 85 74
177 168 107 19 44 25 24 48 78 34 39 90 19 29 19 75 32 109 118 101 29 66 42 43 70 69 34 37 33 56 71 71 35 27 14 8 18 5 0 10 25 27 26 24 24 24 20 13 24 30 28 27 37 39 29 19 5 41 18 35 38 44 52 69 77 12 3 9 62 108 108 28 16 17 23 77 0 48 87 90 76 41 25 46 58 39 30 46 62 41 22 43 56 63 29 32 48 37 36 8
43 27 0 24 91 139 126 95 78 81 62 69 36 71 14 47 50 13 78 11 24 52 63 23 31 38 21 44 44 51 42 28 24 20 13 19 18 12 8 20 24 23 20 22 28 30 20 6 26 53 48 19 11 13 9 8 9 26 44 15 29 77 10 27 33 62 0 71 137 72 105 16 4 26 14 56 8 73 106 121 108 51 26 52 66 54 57 76 104 68 26 11 17 49 34 51 91 86 90 31
112 102 51 21 76 84 91 83 59 98 79 53 50 86 14 55 80 11 80 0 15 81 98 50 23 43 43 71 57 42 20 5 10 12 10 20 11 18 18 28 24 20 17 19 27 31 23 10 22 47 32 2 8 19 21 27 23 27 0 39 0 1 67 0 104 24 84 155 70 81 108 69 65 79 21 12 67 82 64 64 83 28 11 46 71 72 69 68 48 50 58 49 29 32 1 27 69 62 78 12
116 109 55 8 56 41 54 45 62 83 81 64 71 81 15 79 78 43 74 16 0 72 79 60 71 82 72 92 70 51 33 24 11 17 13 19 0 18 22 29 29 27 21 16 19 24 24 20 15 28 14 9 33 40 36 52 54 67 69 28 90 78 25 153 23 63 42 157 137 48 64 41 33 38 5 10 76 71 54 46 48 11 7 34 54 68 73 62 47 41 63 71 50 41 7 52 57 32 54 0
95 89 51 24 26 30 66 56 76 74 84 78 104 112 31 60 83 49 66 8 33 50 71 54 71 69 48 68 55 42 25 14 24 31 22 21 0 17 23 26 33 32 24 12 7 11 18 21 9 30 33 38 46 23 17 54 56 25 67 129 108 46 121 177 199 63 108 128 90 72 74 48 16 17 37 83 53 53 69 60 56 31 23 23 25 55 90 94 62 23 35 68 74 70 30 77 85 29 37 0
76 66 49 64 20 26 73 86 66 38 49 53 106 81 52 75 94 98 58 41 41 58 35 30 59 51 12 10 30 29 18 28 21 28 20 6 5 8 15 26 23 25 27 17 4 12 29 32 25 21 32 38 72 9 35 88 97 55 141 255 242 185 227 254 247 116 76 30 83 89 66 95 90 86 80 82 37 19 60 84 60 26 32 56 39 49 91 85 70 38 27 31 52 80 50 92 108 39 55 0
84 60 22 33 23 63 99 84 64 25 16 20 58 62 55 82 98 114 86 68 29 35 20 29 89 87 57 54 19 24 21 21 33 17 13 4 18 19 29 24 28 15 6 9 21 35 47 54 39 8 26 30 61 32 12 97 85 91 187 244 236 240 142 249 195 255 186 255 210 138 58 77 134 93 97 52 50 12 39 60 32 6 45 81 34 46 70 60 56 37 29 23 26 52 35 83 94 44 63 18
129 57 1 33 35 52 76 87 49 27 29 46 35 40 40 70 94 96 66 63 15 38 36 50 81 89 83 101 44 48 50 32 16 0 20 34 44 34 38 20 23 27 34 48 51 36 31 48 48 16 0 13 4 21 42 17 44 88 123 207 241 255 243 143 247 209 246 252 248 236 94 114 108 39 60 0 62 6 29 57 28 0 44 77 32 53 54 40 24 20 25 24 22 43 22 53 71 48 65 18
140 74 41 81 65 43 47 80 87 57 59 113 79 69 34 30 50 64 66 93 44 62 48 47 50 22 0 48 82 96 94 50 19 12 42 74 51 42 43 34 27 24 20 27 30 15 22 56 32 33 25 40 75 107 114 68 81 134 161 97 35 239 255 255 233 253 229 250 255 249 157 196 135 64 64 21 99 8 29 64 54 8 40 25 9 34 49 70 36 28 26 32 32 55 32 40 37 44 63 21
42 38 41 58 32 22 8 20 28 46 93 164 87 55 44 70 49 71 79 89 32 46 51 64 79 70 46 31 56 6 54 70 52 44 50 84 38 50 52 60 27 9 1 20 42 44 43 52 70 47 55 43 229 243 92 132 0 230 247 135 174 194 249 240 244 255 234 255 137 69 117 69 60 21 0 13 90 6 52 103 13 10 67 39 55 31 14 35 53 36 17 17 10 37 33 41 27 41 58 35
27 26 26 29 14 25 16 37 56 48 62 147 123 108 62 28 60 60 41 23 2 35 62 76 75 62 34 13 78 15 68 72 39 36 34 66 37 58 56 64 43 31 36 50 53 54 43 20 5 32 62 62 255 255 164 202 75 213 255 219 119 165 255 255 247 240 251 171 85 35 66 84 86 68 0 35 70 0 37 78 63 36 38 0 35 29 30 51 35 25 16 26 10 30 42 55 76 64 59 53
48 38 26 16 9 38 36 68 120 118 99 131 105 100 65 14 22 31 28 16 45 62 56 31 22 45 51 32 55 0 54 41 5 15 32 38 39 39 48 53 68 47 43 30 14 44 65 34 54 170 230 237 254 225 240 216 151 218 255 224 255 255 205 243 251 229 243 170 39 26 61 75 96 90 25 41 55 19 25 38 69 45 38 39 35 50 58 57 34 23 23 54 42 54 64 70 48 28 28 46
48 83 84 42 36 96 86 82 109 115 70 57 42 77 90 54 19 50 67 44 78 70 49 14 9 41 58 48 39 3 74 34 8 24 52 14 26 2 37 52 55 25 26 29 39 105 132 77 84 166 227 255 243 187 118 61 18 117 213 255 246 250 151 200 215 143 190 38 72 33 76 81 63 66 30 34 55 58 39 28 34 49 76 114 31 51 81 84 48 17 1 37 34 47 53 50 38 41 81 130
40 56 57 31 15 62 62 51 74 97 53 55 20 77 91 61 27 41 52 48 29 40 75 79 65 63 45 0 53 29 60 46 22 55 44 23 35 31 28 11 15 4 25 57 39 61 143 82 65 119 129 234 218 239 141 255 246 242 255 227 235 237 139 230 180 81 127 29 25 37 109 100 58 66 46 91 22 43 33 42 69 57 55 43 51 70 67 73 62 38 18 33 36 34 57 60 63 62 109 154
27 50 51 0 16 56 61 40 68 84 51 67 33 48 45 39 65 84 52 11 22 53 61 48 60 58 54 35 72 35 31 29 37 50 45 42 30 74 61 91 57 65 34 61 20 9 112 107 120 176 181 239 255 255 81 229 219 232 249 236 251 255 221 252 132 44 104 133 73 101 164 127 103 79 62 107 122 48 27 39 73 80 58 32 53 49 24 53 44 49 53 61 39 26 59 79 53 31 45 77
88 93 67 0 84 132 118 70 35 17 0 47 36 28 23 35 73 94 81 68 73 39 10 37 45 29 69 103 84 51 28 18 74 87 52 135 142 129 135 123 119 36 33 0 86 58 124 103 110 255 215 245 255 248 195 254 246 254 255 255 255 217 180 134 52 27 59 117 156 113 120 101 102 102 77 110 164 55 35 59 48 66 84 79 74 50 22 43 40 58 70 70 31 3 31 51 85 52 36 51
111 136 102 18 70 101 93 89 67 31 52 107 81 52 56 64 57 62 72 76 60 6 0 43 54 32 46 109 124 109 31 10 152 158 108 251 240 192 133 87 35 48 9 47 68 54 94 26 100 253 241 248 232 209 255 212 255 215 211 250 213 65 45 84 90 99 68 77 165 90 18 10 12 121 112 107 79 35 68 130 31 19 80 96 43 32 48 46 42 47 56 74 62 49 70 78 46 32 17 21
84 103 53 4 13 55 45 80 78 44 104 135 75 27 36 24 32 40 56 33 24 46 36 24 25 57 37 44 51 38 8 66 148 25 63 76 255 255 195 98 104 85 47 35 32 182 208 168 174 111 241 195 249 245 255 255 249 255 255 232 233 150 74 44 43 30 18 55 62 105 56 27 17 101 68 53 34 75 102 97 78 36 72 79 32 42 76 76 90 68 54 75 73 57 67 65 32 42 44 45
87 82 31 38 18 74 46 73 63 24 75 86 73 49 55 34 25 30 54 20 16 71 70 44 40 10 4 35 36 34 36 0 147 169 178 168 174 162 57 5 6 74 86 99 131 229 255 127 238 238 156 255 235 243 238 246 242 180 125 98 118 72 13 35 58 23 53 60 26 77 87 39 40 78 84 45 24 28 58 48 42 24 30 37 47 52 39 42 67 33 17 47 52 39 62 79 33 41 49 50
75 103 114 138 43 61 29 48 30 13 39 29 81 64 51 54 37 26 43 18 11 34 45 93 145 64 37 35 12 3 95 41 193 255 198 175 150 96 73 50 81 95 64 31 86 237 216 103 195 210 248 237 255 225 174 152 98 105 103 79 41 23 15 46 46 32 59 46 53 20 45 5 68 44 67 49 65 20 4 4 18 15 27 38 64 76 58 59 92 45 20 45 37 11 40 72 44 22 29 46
41 84 146 193 86 87 37 16 28 65 92 51 104 41 0 38 25 35 64 58 63 44 17 84 162 143 76 44 82 0 45 31 114 124 104 96 152 73 28 21 18 87 131 37 142 189 255 200 183 243 242 255 207 175 105 32 28 43 67 99 52 38 37 32 35 41 33 93 86 36 38 1 40 19 59 72 92 33 0 32 44 13 27 22 12 61 107 116 94 40 12 43 39 14 47 88 55 8 18 59
36 77 106 150 120 94 61 24 80 130 149 112 105 42 9 23 12 23 62 49 117 90 55 53 79 51 65 113 117 63 0 47 76 13 199 252 63 56 62 53 56 163 211 84 210 20 255 220 190 198 82 119 108 89 77 51 33 42 42 32 42 57 52 28 23 38 52 79 41 36 11 89 57 57 29 40 87 46 0 23 50 47 42 37 0 32 65 78 96 52 12 41 15 12 53 108 45 0 32 64
101 100 113 156 95 33 53 58 99 156 125 97 108 59 38 45 18 23 52 37 77 71 50 40 57 61 53 74 81 75 56 38 53 59 255 255 90 163 222 232 236 255 248 164 255 243 218 156 255 240 160 92 2 47 62 44 35 45 48 42 31 59 67 54 27 26 23 26 38 38 27 50 23 65 48 59 34 30 0 28 40 41 40 47 29 12 8 32 76 70 46 47 16 34 61 63 23 12 49 56
90 101 112 151 105 39 85 71 82 96 31 57 80 32 39 86 72 40 39 36 45 59 43 17 90 92 55 62 56 45 99 63 41 14 60 17 193 255 247 254 250 214 235 255 255 239 132 131 233 172 224 112 20 53 57 8 26 64 79 71 33 84 93 62 43 38 24 0 38 32 41 13 18 54 50 56 20 53 36 27 43 68 53 17 27 21 15 23 75 55 38 50 23 36 64 57 7 26 40 5
45 67 62 120 142 80 116 86 63 68 42 66 28 0 35 122 120 96 69 53 61 145 137 56 19 53 59 85 79 25 76 63 58 82 99 76 66 133 179 254 241 176 145 255 241 41 138 240 254 126 198 152 98 121 92 59 29 40 45 55 3 55 77 70 66 80 71 39 57 35 55 18 62 44 35 9 7 61 99 67 43 62 45 0 10 35 58 51 37 9 14 53 39 27 36 15 10 32 51 11
91 87 38 107 178 110 140 156 100 60 50 41 14 57 45 25 83 115 85 42 57 202 210 90 23 74 99 102 99 31 30 42 118 97 88 111 96 180 255 248 218 74 134 218 255 63 37 156 222 77 77 110 85 113 54 53 35 23 50 117 69 64 50 50 45 71 75 74 58 31 42 23 26 27 58 57 37 59 79 42 33 19 29 15 23 35 71 65 56 25 8 17 19 27 49 27 1 14 65 60
64 79 20 54 109 69 92 116 29 11 57 33 0 47 37 7 54 84 54 28 27 105 112 48 1 8 29 63 89 33 14 74 85 77 46 47 186 181 244 245 201 102 122 250 255 231 246 192 124 35 57 68 115 104 76 46 84 68 55 63 29 55 57 45 14 30 47 79 55 40 34 30 55 59 53 68 15 46 49 49 42 38 57 47 34 54 83 64 19 6 25 72 91 49 35 18 14 13 59 58
26 70 54 65 64 51 52 37 16 13 47 24 25 61 58 31 66 69 35 43 38 17 10 15 41 19 38 110 114 43 1 44 63 31 0 68 134 189 185 182 177 151 186 245 199 225 225 119 53 26 72 26 81 87 109 65 84 94 74 41 33 79 81 42 27 23 53 85 67 63 48 51 57 75 63 81 45 57 31 33 60 85 80 49 27 56 68 56 15 5 24 76 104 39 33 55 61 65 73 37
34 55 77 116 69 39 22 0 47 102 100 24 31 59 73 37 41 63 31 39 60 30 15 22 73 68 72 121 88 51 27 16 30 38 80 75 42 120 122 105 136 216 248 237 255 166 93 49 38 61 67 39 0 83 75 53 51 38 23 17 36 58 69 64 34 19 60 71 55 53 40 46 49 76 81 65 62 47 41 49 60 82 58 45 24 19 10 44 37 60 69 76 103 62 67 85 74 102 91 33
57 73 54 133 76 72 49 20 78 132 100 41 15 52 35 15 22 21 18 32 58 60 42 34 61 52 32 52 58 71 37 15 31 72 93 73 66 5 31 121 185 143 163 255 226 146 66 70 39 26 31 20 16 72 100 53 39 52 37 29 17 44 46 46 36 50 47 24 58 38 22 15 14 35 44 58 30 38 48 47 53 42 33 20 26 11 31 34 65 84 101 120 127 105 80 82 56 67 69 58
86 83 18 64 56 109 100 58 69 82 51 40 39 47 9 0 29 25 8 19 59 67 49 47 70 62 32 31 53 71 45 24 29 93 68 21 53 37 20 62 105 71 67 125 79 47 24 55 12 76 47 0 51 99 76 53 99 89 62 54 34 46 37 34 54 68 58 33 67 57 30 6 25 43 59 56 0 5 38 48 54 35 17 15 20 14 22 26 16 42 111 163 122 80 57 48 22 55 83 84
89 96 17 31 54 123 105 52 47 24 0 36 63 51 19 31 89 83 35 14 45 50 38 56 95 76 63 80 103 55 24 43 48 58 34 6 5 42 38 9 32 29 30 59 17 10 10 40 54 143 97 14 43 57 26 39 66 46 25 39 37 55 46 39 61 84 80 53 70 62 39 16 29 41 67 68 3 6 31 45 37 22 19 25 25 15 18 32 4 0 62 116 43 20 31 32 23 56 87 94
73 103 55 56 72 101 75 47 78 47 20 44 64 42 23 49 98 108 58 19 34 24 9 38 87 49 34 68 125 58 5 15 50 13 16 41 6 36 47 18 36 42 46 69 46 45 37 53 0 30 34 17 29 50 68 91 76 54 33 43 33 50 33 7 28 62 75 55 43 27 23 30 43 39 48 65 44 41 32 59 62 33 45 40 54 22 12 11 40 29 56 80 2 4 42 70 71 73 75 76
20 46 26 28 36 24 16 40 56 44 23 20 39 23 4 8 27 58 38 24 49 32 0 10 2 33 44 32 65 41 38 62 35 20 17 60 54 48 41 67 65 43 23 46 54 59 53 67 73 52 54 61 52 50 44 22 37 32 28 38 34 78 80 49 32 58 77 79 51 29 38 71 66 48 25 43 65 56 21 77 112 61 75 43 75 29 12 0 49 72 86 85 37 31 48 79 88 71 54 50
25 29 23 25 38 10 12 55 53 63 59 54 93 91 61 31 14 38 27 28 64 58 20 14 27 20 1 14 82 98 77 62 52 31 28 49 43 50 70 96 59 24 1 34 67 61 39 45 42 44 35 28 42 57 50 33 34 41 45 42 16 61 76 49 21 26 39 59 34 16 20 53 59 49 31 44 68 56 5 64 88 59 91 41 54 24 37 52 63 69 52 40 59 52 36 38 44 36 33 35
38 30 29 16 34 10 13 38 67 77 76 66 104 92 59 24 40 53 40 31 51 54 37 34 38 26 13 41 67 68 44 43 54 40 55 49 32 43 88 99 66 37 20 49 83 62 31 31 65 78 59 23 18 38 44 37 33 50 74 75 26 52 71 56 34 35 41 65 36 26 22 41 41 35 48 58 63 75 27 48 40 42 77 35 15 23 47 97 86 54 26 14 69 56 37 17 8 12 26 43
60 50 47 9 26 19 32 41 61 64 62 45 74 52 33 19 19 41 44 30 28 30 32 39 40 58 47 42 23 40 25 16 12 66 85 63 82 49 55 101 108 75 40 41 65 50 37 52 61 43 39 26 11 37 51 20 22 47 91 103 39 42 56 49 40 50 59 74 35 28 22 33 45 26 52 56 50 100 74 60 46 42 48 25 0 36 27 65 60 35 51 47 83 37 31 13 14 16 34 61
60 70 34 17 15 54 78 68 55 36 29 35 35 56 57 31 44 62 52 24 16 26 34 40 41 35 46 53 5 28 38 15 13 49 73 78 64 29 23 55 70 46 22 25 27 16 16 38 52 41 32 38 20 60 59 24 12 40 74 79 101 67 56 59 53 49 20 21 43 23 15 33 49 65 33 44 16 54 87 45 40 67 51 53 53 11 9 24 31 38 49 52 40 26 26 35 31 28 59 90
37 48 29 30 26 74 107 95 49 17 13 28 17 6 21 40 58 78 76 56 47 45 41 41 35 23 16 17 55 52 40 23 19 34 27 21 35 38 36 49 40 4 20 33 10 0 49 79 75 64 60 58 48 77 74 32 3 27 54 59 64 46 39 40 49 45 25 21 28 13 12 30 50 65 54 62 27 35 76 51 35 59 43 51 42 22 19 22 53 36 21 16 13 14 30 49 55 39 55 86
49 43 39 68 48 81 96 65 27 22 25 19 9 0 9 21 42 62 62 48 49 52 45 40 15 16 8 7 108 61 22 24 43 30 15 26 43 31 35 72 49 12 29 42 55 27 58 83 122 85 65 56 80 107 93 30 16 34 41 32 8 29 63 88 85 57 27 27 37 46 38 35 29 36 57 76 60 34 60 27 19 17 25 91 73 45 32 49 49 33 16 6 6 19 45 69 64 39 33 44
66 52 64 103 29 24 42 34 34 48 57 44 53 37 29 23 40 54 38 15 27 51 50 35 27 45 44 44 123 58 27 64 102 84 52 40 43 27 25 54 78 67 34 7 79 50 62 115 128 78 42 16 52 79 82 33 25 54 67 56 5 38 87 122 95 57 28 29 31 57 46 39 0 18 72 77 59 18 58 39 55 49 63 124 74 53 29 34 36 36 29 29 49 75 79 66 47 40 36 33
157 68 35 113 78 80 63 24 25 27 35 35 58 14 7 32 75 79 44 6 20 53 47 21 54 67 63 70 79 36 26 81 130 134 76 10 19 50 38 10 12 56 59 25 85 50 54 102 10 24 64 76 98 82 66 30 21 58 88 93 44 54 64 68 52 39 37 36 6 24 14 34 64 20 27 23 62 58 81 27 0 39 64 75 34 96 102 78 31 40 35 37 80 124 102 44 7 20 26 24
87 33 28 118 58 46 34 22 33 60 62 29 59 30 40 73 82 78 42 11 23 44 30 5 73 74 64 85 49 28 8 37 70 87 60 27 47 73 64 46 49 53 46 1 14 21 67 94 77 74 78 73 69 43 31 25 42 51 57 60 46 50 42 30 42 41 50 56 22 32 7 46 63 35 54 27 28 22 71 59 8 45 70 51 5 60 62 36 12 39 39 24 50 96 87 38 60 63 46 27
47 18 17 105 51 48 21 0 14 68 68 7 53 46 53 63 62 48 27 23 35 32 18 15 81 77 60 82 55 54 25 27 15 18 29 65 93 73 60 83 67 55 44 34 50 54 50 35 62 42 26 50 60 52 35 44 67 54 37 27 45 45 43 39 52 48 49 61 39 54 24 86 79 25 30 19 26 25 60 55 37 43 71 59 23 32 22 18 9 33 33 13 24 60 64 38 71 69 37 5
38 25 13 78 20 37 21 3 11 46 47 14 81 52 36 46 61 38 27 44 54 31 22 43 61 53 24 33 37 59 50 58 27 10 8 51 90 65 34 43 44 61 45 65 116 97 35 26 64 47 29 62 61 49 29 54 61 62 65 57 82 55 39 34 28 35 38 42 13 31 21 122 103 16 0 2 22 34 65 70 44 50 76 51 39 62 61 59 38 30 13 11 44 77 63 25 25 45 35 17
52 9 16 31 43 11 23 34 31 19 37 82 97 68 36 27 37 43 38 25 22 20 73 72 56 28 10 22 27 24 28 44 35 3 5 19 96 55 46 55 52 44 20 42 59 82 69 76 123 95 54 71 44 69 54 54 32 53 82 95 79 59 47 42 37 30 43 10 30 18 19 99 87 17 23 34 43 36 56 70 35 30 46 34 58 88 121 93 70 55 44 33 28 72 91 32 0 36 56 100
40 14 22 23 25 10 42 65 54 18 33 99 118 71 40 52 61 42 22 7 18 45 118 122 54 53 52 40 35 9 5 15 10 16 30 42 60 24 30 72 93 61 31 33 61 59 45 38 67 61 59 82 30 50 51 50 21 37 74 103 43 37 43 49 43 27 45 48 104 91 47 73 60 9 12 23 49 39 43 64 32 14 31 23 29 62 80 79 65 27 47 52 47 106 128 76 60 44 22 64
31 29 46 42 37 29 49 55 32 21 37 75 84 56 38 42 50 22 9 2 28 81 158 151 67 81 81 41 49 25 32 39 51 48 39 51 41 23 17 50 76 62 56 36 55 35 44 50 17 24 62 87 13 32 55 47 32 21 39 76 12 32 42 36 42 30 58 84 154 132 57 40 24 9 28 28 44 27 43 90 59 32 41 34 15 25 24 30 34 20 44 54 81 121 106 83 68 47 12 35
34 41 55 51 47 50 49 30 16 10 9 8 3 3 25 51 37 21 24 7 24 76 129 101 19 38 44 3 45 43 63 60 49 27 15 41 51 44 13 0 14 36 46 23 26 28 52 68 27 19 58 80 9 37 71 50 48 34 30 37 9 37 47 31 1 20 72 98 141 106 42 24 27 16 48 45 45 39 74 118 102 83 81 72 50 23 24 1 11 64 49 50 119 113 53 55 86 84 44 38
43 47 44 32 23 43 52 40 16 12 41 85 81 35 19 39 37 40 56 19 11 35 56 20 32 45 54 12 43 27 26 0 17 8 41 80 104 93 64 16 31 66 56 34 32 73 87 91 71 33 45 61 21 55 83 51 45 63 60 21 34 41 50 38 24 34 46 21 33 32 57 93 49 13 45 52 55 65 95 100 91 87 75 70 70 31 61 9 21 87 54 55 116 99 55 47 108 98 52 50
49 54 46 34 9 29 46 53 44 27 30 52 53 27 7 7 8 29 69 42 31 25 26 17 32 28 40 30 68 82 95 70 15 8 48 74 82 80 69 17 25 65 47 23 11 63 72 74 83 38 28 44 42 64 70 43 41 66 63 14 61 56 49 25 0 30 58 39 35 19 37 53 30 10 48 48 43 46 66 67 68 62 44 48 57 44 88 49 37 40 42 56 63 73 79 48 65 64 49 82
50 48 40 44 19 34 44 57 51 47 40 35 38 39 30 17 12 20 57 48 52 34 53 111 114 51 21 27 67 111 130 98 62 59 80 92 51 66 67 31 27 58 57 40 43 66 67 61 55 36 32 55 77 71 52 42 48 48 43 22 61 63 54 26 14 41 61 42 36 18 30 25 11 36 64 37 34 15 23 57 69 43 31 50 36 70 86 99 55 0 54 72 44 63 58 43 51 62 57 86
49 30 12 32 23 47 55 68 72 44 27 31 32 36 69 111 75 45 46 30 40 25 80 203 206 90 17 31 71 124 124 70 45 74 107 122 30 50 57 44 38 39 46 46 90 85 61 24 28 40 52 82 115 83 47 54 50 40 45 46 40 49 64 59 26 45 53 29 27 18 38 30 31 73 71 25 49 21 6 61 49 6 7 40 2 71 50 110 81 9 96 106 80 81 19 42 95 87 36 23
32 17 12 79 0 38 69 58 48 25 13 18 50 50 98 118 83 47 29 17 64 23 59 130 154 92 75 125 71 118 76 29 26 73 62 37 39 49 59 53 47 50 51 61 108 118 55 13 25 30 57 105 73 93 103 63 40 53 65 33 74 54 50 30 0 41 64 61 37 27 41 50 41 91 81 25 48 76 83 44 18 0 20 16 30 34 16 93 79 30 87 142 69 53 0 15 107 90 52 15
49 53 42 70 0 23 54 55 40 25 20 38 66 41 62 80 45 17 22 35 61 18 37 83 83 49 49 81 67 71 55 74 80 106 64 13 7 25 45 39 33 28 26 32 70 83 41 22 42 46 44 64 48 87 102 60 49 47 50 21 52 36 59 71 41 41 49 30 50 20 41 53 66 79 52 5 40 70 81 54 10 50 63 60 65 37 19 54 60 48 84 100 21 24 13 48 97 97 87 71
33 75 75 65 14 15 27 31 24 38 53 78 85 26 19 38 14 15 46 58 49 31 35 28 51 60 73 67 87 51 36 83 115 115 66 25 12 11 21 16 20 9 11 20 46 52 29 31 77 59 38 60 50 55 73 76 77 49 35 11 41 35 77 110 87 55 51 14 69 19 45 70 59 55 42 11 33 42 57 59 48 54 83 132 78 19 47 24 44 50 47 56 14 27 22 30 79 95 114 124
25 88 97 62 41 31 26 30 59 94 103 103 78 16 12 41 28 29 66 81 38 26 34 19 33 83 120 104 125 92 47 47 79 66 37 36 33 20 27 31 34 9 10 20 33 31 17 31 70 68 55 67 52 27 41 67 64 37 29 22 53 52 73 82 66 50 59 28 88 40 46 75 62 44 56 54 70 53 48 55 65 47 66 116 61 21 59 16 32 40 19 58 59 47 19 0 54 64 87 112
11 60 61 14 16 15 4 8 88 117 97 68 30 5 21 47 52 32 61 79 27 3 27 44 46 66 74 53 43 83 86 85 80 78 63 68 73 82 106 105 44 10 16 35 44 35 19 30 29 71 69 49 44 40 49 41 22 29 49 51 68 67 63 41 31 38 48 36 84 72 48 68 49 2 17 35 69 53 23 12 34 72 54 31 52 59 35 9 31 37 22 78 82 37 20 22 39 31 35 54
37 58 61 30 36 42 18 8 60 81 66 54 27 33 48 45 36 51 71 46 17 18 47 50 0 4 40 56 7 59 59 35 78 101 92 67 53 75 99 73 23 1 36 82 96 78 45 37 30 54 55 49 65 61 73 61 36 65 90 75 62 73 87 72 74 63 40 21 49 84 57 76 58 6 23 28 55 56 37 31 37 57 54 28 55 72 27 12 57 37 11 52 59 22 28 52 50 31 17 20
42 33 44 42 40 56 23 2 34 57 73 97 65 73 80 58 17 63 83 35 47 47 61 49 21 25 48 43 0 66 73 25 72 97 96 68 36 45 70 48 27 7 49 97 106 88 53 37 44 33 39 58 77 53 78 88 68 90 102 73 40 62 94 94 99 71 44 14 21 66 51 77 49 10 34 13 22 37 35 36 49 28 52 61 48 48 41 37 84 42 5 14 28 25 34 39 47 36 23 14
55 19 25 37 28 61 40 22 28 49 79 112 56 54 68 54 26 43 68 62 102 47 40 63 75 80 79 34 10 118 135 60 36 40 44 43 14 15 63 78 70 29 42 60 54 44 28 24 23 27 43 44 49 33 70 73 58 71 80 59 24 39 59 52 48 32 47 27 21 43 28 54 64 23 43 15 27 53 41 24 19 44 48 36 32 33 43 63 85 55 28 9 14 30 34 19 21 24 20 9
73 44 47 59 31 80 89 32 27 32 26 45 75 16 12 50 41 45 85 112 52 18 25 43 62 92 66 0 44 124 140 79 26 47 35 22 33 34 46 85 62 38 18 25 34 21 21 43 47 43 47 52 40 26 36 60 45 39 45 25 29 31 47 33 37 31 41 29 75 60 22 46 68 44 67 28 50 44 31 17 24 33 50 52 40 37 36 26 7 9 30 33 43 23 25 22 8 25 22 7
74 58 51 44 9 50 65 33 22 13 6 34 76 36 31 44 52 39 49 46 24 6 33 58 22 41 43 18 50 66 57 20 54 49 26 29 58 54 42 57 43 25 16 34 50 43 48 74 64 53 56 66 54 30 33 56 35 28 32 17 33 44 65 56 68 60 59 31 69 55 14 34 51 13 41 17 50 57 44 13 18 36 61 56 26 20 46 69 36 14 5 0 16 20 43 51 32 25 13 11
35 43 41 45 31 59 50 24 37 19 15 39 74 57 70 68 50 40 42 17 45 20 37 48 9 18 30 23 46 38 38 34 77 53 30 50 82 64 33 36 35 22 18 38 50 37 39 68 50 31 38 65 63 36 36 62 42 33 33 20 42 50 62 51 77 71 63 25 64 60 24 40 44 0 44 31 56 72 73 34 33 51 81 79 34 7 31 64 42 34 37 24 32 24 40 45 40 15 9 31
6 24 21 46 73 95 51 15 35 18 19 26 38 36 78 81 46 52 64 22 91 40 34 24 20 34 38 16 39 54 79 85 79 56 48 76 90 54 27 40 39 27 23 38 40 14 10 37 28 1 10 54 64 39 40 72 53 45 42 31 57 52 47 29 63 62 55 14 59 68 38 52 50 12 77 61 57 72 97 66 51 60 93 108 68 17 4 14 16 50 97 89 68 26 26 29 24 3 16 56
