77 54 34 8 58 66 18 94 80 104 24 51 114 85 7 0 15 54 85 131 96 123 76 20 3 44 102 126 51 35 55 82 79 57 22 0 50 82 97 86 81 25 3 38 22 31 31 31 27 18 15 22 26 25 29 38 34 18 28 67 90 76 50 38 22 33 18 27 77 48 25 6 28 35 6 3 44 17 31 63 106 124 92 76 54 39 61 71 68 56 49 80 41 33 27 27 29 36 23 17
137 94 45 33 48 46 51 88 40 20 39 89 94 116 92 61 36 16 64 88 67 94 108 37 26 44 73 90 47 48 41 25 47 75 43 24 35 89 92 94 89 62 36 20 92 66 33 8 15 22 32 36 30 23 25 33 22 41 58 56 40 37 55 76 49 38 17 8 67 50 15 31 35 41 38 17 66 26 30 103 129 96 57 63 66 49 55 72 58 51 56 89 63 53 38 31 38 65 70 64
142 88 26 36 13 0 43 39 38 0 61 105 72 112 108 62 20 49 78 64 49 39 40 25 37 44 46 44 32 67 66 31 44 70 69 49 20 77 86 50 72 46 40 75 84 58 25 22 11 16 17 13 12 19 28 33 26 45 48 31 26 46 69 78 74 43 21 0 47 33 0 25 37 35 37 7 72 53 48 121 137 60 26 38 55 41 42 77 86 61 56 70 51 31 16 15 54 88 102 97
92 60 27 53 26 0 43 30 67 32 51 58 37 48 33 5 34 137 157 121 53 28 8 44 42 44 35 29 56 115 114 63 66 91 97 61 85 92 69 10 24 17 28 74 34 20 6 22 39 30 12 0 6 18 16 5 6 8 6 11 41 75 81 66 55 24 15 5 29 20 19 24 29 36 27 13 53 72 98 146 132 62 50 37 43 38 50 90 129 72 53 48 41 14 14 39 51 58 58 54
37 36 47 67 59 40 49 60 53 50 41 52 56 42 49 37 47 129 174 136 46 48 66 70 45 37 28 36 96 149 123 49 42 80 58 30 103 84 26 2 20 54 62 27 66 47 32 20 0 0 1 10 33 53 53 41 39 37 30 21 17 18 20 22 30 10 11 30 27 28 94 64 6 26 8 34 17 40 123 167 91 59 71 31 23 27 40 51 117 55 58 59 77 39 46 90 100 71 54 59
19 29 53 50 49 45 32 58 70 77 98 128 107 51 54 20 8 59 101 54 60 57 78 54 33 28 26 30 78 102 90 47 68 57 36 45 41 77 74 63 45 54 72 74 81 79 68 41 20 23 23 19 18 21 24 23 19 18 19 15 7 14 47 82 55 40 41 73 48 33 120 80 19 25 0 45 25 26 116 148 40 34 60 18 13 14 27 0 66 26 66 66 97 43 33 70 85 45 35 56
37 38 52 35 25 38 41 53 19 21 76 123 130 80 67 48 18 53 69 33 84 68 64 50 38 35 40 29 46 39 55 66 53 26 24 29 0 30 70 61 38 3 37 105 40 46 51 35 17 14 12 13 14 19 31 43 39 25 12 9 15 32 61 86 73 64 80 118 96 38 69 46 52 65 40 43 73 56 103 105 25 24 51 31 33 22 53 14 37 21 73 40 69 16 1 22 45 21 30 55
39 32 35 23 7 36 68 58 51 29 53 69 118 83 45 71 82 74 88 86 60 67 82 67 69 55 57 49 61 28 38 60 3 50 43 1 34 11 0 25 30 7 39 52 46 21 29 11 11 4 9 30 47 51 51 54 50 34 16 10 22 40 53 57 45 48 92 144 143 51 17 17 36 93 94 19 79 56 71 59 16 11 37 36 40 18 77 56 39 33 78 10 40 7 7 25 34 27 45 61
34 36 35 21 47 56 77 86 83 74 92 91 70 53 40 49 86 106 96 118 14 53 87 76 79 32 33 48 43 47 49 44 14 80 114 47 28 15 36 83 109 61 43 43 99 51 23 8 28 28 29 29 29 31 34 37 32 19 9 6 7 10 19 30 16 32 35 57 79 56 42 45 1 25 73 64 142 103 82 51 41 46 63 61 75 41 78 17 29 27 114 78 14 5 22 25 51 52 58 66
25 21 29 36 76 74 64 45 53 79 68 40 61 60 29 48 85 95 77 99 35 64 94 99 61 25 35 46 25 67 71 12 7 88 98 38 41 54 74 115 83 82 100 129 149 84 28 16 27 22 17 15 17 19 21 21 20 16 13 12 9 11 24 39 45 26 4 24 52 54 37 57 27 21 59 46 171 133 93 61 66 60 63 48 66 28 59 57 83 52 89 66 18 21 41 41 51 62 68 63
42 33 35 32 59 52 37 6 14 44 32 5 49 80 40 22 83 96 64 67 67 92 81 57 40 55 45 59 70 98 54 1 32 61 19 9 57 86 68 62 70 108 142 170 147 75 9 6 19 10 2 4 14 22 23 20 26 30 35 32 24 23 36 52 31 17 16 44 44 44 7 54 95 95 139 76 77 72 45 18 23 16 18 21 44 3 22 61 142 67 34 37 15 34 47 33 37 55 60 44
36 39 36 0 6 26 52 36 43 46 57 29 22 62 51 1 66 75 45 39 67 62 37 37 9 43 51 83 67 64 47 48 78 76 43 66 70 80 79 82 94 135 156 141 115 62 28 30 20 10 2 9 24 33 31 24 18 24 28 24 14 10 17 27 3 4 33 77 65 64 13 77 66 81 209 220 60 65 39 26 24 34 44 75 63 3 14 25 102 42 7 45 34 49 57 43 42 51 53 44
70 86 81 14 2 39 79 54 59 63 85 49 8 32 47 30 31 40 34 26 38 8 19 90 125 34 10 63 42 66 75 0 71 71 90 109 50 59 89 91 44 72 84 39 49 23 22 13 28 19 13 19 30 35 27 16 13 16 17 13 7 3 4 5 50 31 33 63 59 76 31 93 59 5 128 216 69 35 2 30 90 122 137 168 85 15 36 2 14 7 21 75 59 62 72 73 24 18 20 29
0 25 51 19 38 99 133 85 33 48 51 27 25 27 7 14 29 62 72 44 51 61 70 105 126 78 48 49 22 24 54 0 61 92 168 156 77 96 109 78 33 46 58 23 65 46 42 17 20 15 14 20 28 30 23 14 20 22 20 18 18 21 20 16 37 27 18 33 43 75 65 120 120 40 68 75 42 3 0 46 95 133 156 176 67 39 77 43 23 10 24 48 42 53 55 53 38 27 32 53
57 73 101 85 105 145 154 86 32 31 32 23 34 37 9 2 8 29 37 11 21 68 41 8 49 76 42 17 55 31 52 41 36 90 185 128 64 80 72 56 58 51 49 47 89 67 42 23 11 11 13 17 21 22 20 17 14 16 16 14 18 26 28 24 70 77 58 47 46 42 21 31 46 51 67 5 17 9 31 49 55 69 94 107 43 83 92 86 60 31 36 12 16 37 32 23 25 26 37 55
135 129 141 116 114 127 123 55 29 11 46 48 25 65 103 98 57 20 21 37 34 56 24 10 47 85 82 51 68 24 84 101 65 56 92 23 38 74 34 22 75 50 26 51 80 61 26 28 19 20 20 18 15 13 12 13 14 20 21 18 21 31 36 36 67 76 53 53 84 76 39 0 41 89 123 68 27 27 54 48 37 15 32 34 21 100 51 60 35 32 75 28 21 37 35 38 17 31 48 57
85 76 119 129 57 73 78 88 83 69 51 0 9 57 97 106 64 49 35 58 46 47 29 29 54 55 65 120 86 45 105 111 37 55 72 0 131 125 28 12 33 20 24 43 45 29 21 29 25 33 29 21 21 17 13 18 14 18 19 24 26 55 29 18 58 34 0 20 57 87 92 23 52 108 82 21 50 53 43 41 46 34 52 43 17 54 19 20 42 43 102 43 15 33 35 43 51 41 38 47
28 25 94 136 95 73 56 64 84 68 71 40 39 30 37 52 61 45 21 21 48 32 8 12 22 15 13 84 110 64 69 87 32 56 69 70 105 108 75 62 93 51 13 3 7 10 16 26 32 33 23 16 21 19 12 15 14 16 17 20 12 35 18 22 33 40 12 28 107 96 84 46 40 70 38 20 72 42 33 19 20 58 45 30 67 55 15 41 73 84 100 65 19 31 49 61 36 44 56 62
68 30 73 125 136 82 43 38 57 31 51 71 99 65 35 39 42 37 26 30 94 65 33 32 62 51 23 69 146 117 60 74 18 66 66 102 70 56 111 143 93 61 25 6 7 14 22 27 39 35 22 19 29 29 22 22 18 16 18 22 6 20 15 38 57 28 54 114 161 107 116 83 78 85 45 62 76 71 69 33 31 63 45 36 115 71 51 60 69 85 68 75 31 30 39 38 50 45 43 46
96 39 46 70 113 63 51 60 63 36 30 17 43 33 34 61 39 33 32 47 88 65 38 31 37 52 48 72 162 162 68 48 12 45 25 74 110 68 79 71 34 42 43 32 19 16 20 25 28 26 18 19 30 29 23 27 21 13 16 25 9 18 15 49 71 0 19 101 90 16 50 59 72 60 30 77 52 71 60 51 57 46 97 93 123 56 50 11 7 14 19 62 68 65 54 43 31 26 24 30
85 62 67 53 77 26 48 72 39 93 116 42 6 0 25 75 78 51 44 61 39 38 29 20 50 43 32 20 77 110 64 64 58 46 2 22 55 58 58 36 9 28 38 27 9 2 8 14 10 15 15 19 24 16 12 21 24 10 11 26 14 18 10 41 46 50 66 157 132 37 6 34 94 91 60 75 120 97 58 111 89 31 89 46 40 16 55 56 30 8 23 34 56 35 9 4 19 37 56 64
66 69 80 62 77 27 41 38 22 148 213 119 55 25 33 61 69 41 46 79 42 55 57 45 22 22 38 44 65 62 24 34 56 48 40 71 23 70 76 45 24 29 30 23 15 12 11 11 15 25 30 32 30 15 12 26 32 15 13 31 20 23 5 27 53 72 83 154 107 86 91 96 129 178 111 11 146 94 59 104 50 14 51 27 65 58 34 47 58 27 32 20 47 28 21 38 59 64 66 59
28 27 29 30 55 31 44 18 54 152 180 76 34 20 20 36 27 9 27 63 63 66 63 49 23 36 31 26 47 45 37 72 117 80 32 49 33 100 125 85 41 35 28 26 24 20 16 15 24 32 36 39 35 19 16 33 33 17 16 31 22 25 3 19 32 27 62 132 79 88 125 89 129 198 117 17 115 63 84 73 58 51 32 37 98 96 32 36 121 103 68 71 85 56 41 38 56 49 38 28
38 27 12 6 13 2 35 22 31 97 103 12 1 6 13 34 48 26 27 35 68 50 39 27 67 103 65 27 53 58 56 91 119 113 53 35 80 86 119 91 53 39 24 14 5 0 5 16 16 21 22 26 24 10 9 27 23 11 11 24 15 21 0 14 44 30 27 69 60 34 59 57 70 100 53 89 81 15 94 60 10 50 44 91 124 118 67 58 112 116 55 106 124 90 53 12 4 28 51 57
66 48 38 40 53 28 6 26 29 20 58 70 30 37 70 59 58 69 46 49 46 56 39 50 86 100 75 33 124 97 48 40 67 58 52 99 58 81 79 53 46 43 33 16 2 0 0 4 16 22 14 16 27 17 8 22 25 10 9 39 19 39 47 57 77 46 27 32 89 71 80 14 0 31 22 54 96 54 121 82 31 37 15 86 113 136 89 67 97 56 38 98 41 39 61 63 60 48 40 40
39 23 17 28 32 4 4 54 64 41 53 69 62 75 79 45 34 45 47 46 40 60 67 67 58 69 56 45 76 76 42 30 49 39 34 80 36 43 40 25 41 37 29 20 15 13 13 13 7 21 29 31 29 21 21 32 19 26 14 12 38 65 77 87 133 96 40 37 41 71 82 11 0 65 46 37 40 29 100 100 37 60 45 49 34 95 65 75 92 83 90 148 23 40 72 73 68 54 36 26
21 37 20 5 6 17 35 68 87 55 36 42 61 78 62 23 15 30 48 33 32 52 72 56 40 59 61 75 33 51 38 26 38 26 19 67 35 30 28 29 29 21 15 15 20 22 18 14 15 17 23 21 13 18 28 27 31 31 19 31 36 60 70 89 108 125 86 57 34 42 59 23 55 93 46 39 60 65 79 86 65 46 87 23 40 26 32 62 90 103 113 145 57 54 57 50 63 53 32 12
45 78 63 57 50 48 34 33 92 68 32 18 36 51 42 26 8 31 38 7 29 35 35 12 45 75 81 92 31 38 34 23 26 11 2 57 58 59 65 79 26 14 5 9 19 22 16 9 21 8 11 14 11 23 25 3 8 14 14 39 0 29 31 32 116 107 98 105 114 4 26 80 111 85 28 51 125 97 42 41 56 19 68 5 53 1 16 27 55 72 69 60 84 31 13 35 62 68 62 44
76 81 58 95 81 42 30 65 88 72 38 19 31 39 39 44 47 75 61 34 89 84 52 33 58 84 73 72 59 46 36 14 73 53 19 45 49 35 26 34 38 21 9 13 22 22 15 9 10 3 17 29 26 32 29 6 0 24 23 11 20 41 33 15 105 85 64 45 65 22 52 33 145 112 71 70 151 94 42 54 62 75 57 40 49 67 64 51 11 18 27 23 60 2 0 50 42 67 84 78
36 57 33 75 44 3 1 45 64 50 30 26 34 32 29 37 36 53 33 33 96 92 49 36 67 78 48 43 79 62 53 16 20 26 1 16 37 31 27 38 42 25 14 17 22 18 12 10 6 9 21 26 16 18 35 48 44 36 20 0 100 58 44 56 149 41 15 86 59 34 84 84 102 105 66 12 71 35 26 37 61 78 51 53 47 50 48 44 22 8 40 85 64 54 31 38 16 47 77 84
28 89 84 133 97 50 18 20 51 36 33 42 37 21 19 32 35 24 15 47 74 75 44 31 65 74 43 40 62 52 67 34 2 46 35 26 37 21 17 26 32 20 15 21 23 15 10 12 13 17 18 15 6 0 21 59 64 20 6 5 87 62 64 66 88 54 38 65 42 53 117 116 64 106 60 0 35 35 45 36 71 62 69 57 57 27 20 37 43 25 54 94 79 123 78 18 22 42 67 79
0 35 22 105 96 59 39 59 65 52 61 72 48 20 28 51 41 3 6 55 38 42 26 7 55 73 54 51 27 24 68 49 16 87 88 59 52 23 15 23 24 17 18 26 27 18 14 18 14 21 21 26 24 0 0 28 46 22 29 38 15 101 126 52 59 107 79 21 68 72 133 147 30 101 63 28 42 55 61 45 44 52 48 30 0 43 1 27 23 25 36 13 55 124 97 29 24 31 45 56
29 51 68 129 69 21 35 38 64 51 53 84 55 21 10 44 26 7 11 38 57 58 40 14 43 58 40 24 23 0 49 43 27 113 94 53 71 34 27 2 13 14 14 21 30 23 18 25 20 28 34 22 30 52 47 8 24 59 63 54 51 135 164 143 103 106 69 51 79 89 147 134 29 96 74 27 28 55 68 33 28 74 70 63 24 72 53 26 8 89 84 38 25 138 129 43 26 52 27 49
67 91 124 113 73 43 30 38 38 19 27 50 33 15 22 41 29 20 21 41 80 112 89 35 35 55 37 23 35 30 67 42 51 118 72 38 92 32 9 21 26 16 9 13 23 30 31 32 32 24 27 33 45 64 63 36 23 52 69 54 48 174 223 155 48 176 151 42 116 95 117 111 16 67 55 31 45 80 90 47 33 77 96 85 80 86 56 12 28 66 88 64 43 123 147 82 58 52 63 54
39 0 60 24 104 72 47 47 24 2 21 48 34 30 43 43 42 45 40 43 90 147 122 45 28 45 30 25 43 45 64 29 62 86 37 65 98 44 0 5 17 14 19 21 19 24 26 16 33 15 12 19 10 24 36 32 37 48 88 106 109 219 255 175 59 167 199 121 109 54 72 49 53 53 27 22 58 105 102 40 37 74 94 42 43 12 13 4 12 0 19 30 17 74 133 106 39 28 80 62
111 78 149 88 94 49 28 35 33 17 41 91 54 56 53 46 63 76 68 47 69 118 105 41 27 35 35 56 62 37 28 6 51 45 34 121 75 55 13 8 22 27 39 34 15 16 24 17 19 16 25 32 2 21 42 45 53 69 107 182 244 255 237 236 88 109 161 175 65 29 47 7 67 44 17 7 27 69 71 19 14 55 80 43 66 47 74 100 68 17 4 29 13 52 94 106 43 59 85 72
62 97 127 91 16 54 47 29 41 33 48 113 50 56 35 37 61 77 80 56 46 72 86 68 23 18 34 86 87 50 44 62 42 21 20 64 16 9 13 15 31 25 18 6 0 7 20 23 13 24 38 46 14 56 73 55 90 8 114 255 249 236 255 243 74 88 95 107 46 68 72 36 58 68 82 60 33 48 60 47 46 78 88 81 92 62 30 28 67 50 7 41 9 33 24 63 24 75 20 4
46 34 34 17 31 61 77 21 31 30 33 81 24 37 20 27 24 38 59 60 47 60 96 121 88 59 47 77 65 50 68 121 134 88 46 0 37 22 41 46 36 23 0 0 20 25 18 22 34 36 38 55 49 141 174 146 88 75 133 218 255 230 235 255 78 62 62 55 49 100 125 81 70 104 143 124 92 87 75 67 61 87 85 89 75 56 16 13 43 74 44 87 41 53 7 47 18 96 13 0
33 10 21 0 65 29 53 56 17 26 30 36 21 41 45 38 11 11 35 57 54 56 86 115 147 117 74 54 23 33 45 81 126 96 63 8 41 31 39 40 52 48 23 27 57 42 16 30 41 46 58 95 100 217 255 242 87 130 190 221 255 251 243 233 80 29 64 88 37 105 148 80 48 75 105 92 92 94 56 37 52 67 62 54 28 25 19 26 43 65 53 95 50 55 8 18 22 93 52 28
18 56 34 31 49 51 9 66 11 29 43 15 41 64 84 60 36 19 30 54 52 40 46 58 84 88 64 42 23 57 47 43 23 50 87 88 19 23 33 46 53 59 27 18 38 9 0 28 15 37 69 110 85 167 190 160 37 113 202 222 252 253 232 173 36 32 77 121 19 121 134 55 0 26 47 30 47 65 33 28 37 39 47 50 46 49 43 26 40 25 23 70 50 72 49 31 48 88 85 33
40 49 45 29 34 32 0 80 25 41 72 22 16 26 37 43 38 47 48 52 58 32 16 28 29 42 66 54 35 70 94 62 47 60 68 68 18 7 17 43 44 39 33 13 34 0 35 23 24 41 79 141 104 124 134 57 33 131 255 240 255 253 219 96 18 31 107 92 23 97 99 42 3 37 29 0 31 55 47 47 43 41 55 38 37 51 34 33 40 19 3 49 25 52 76 9 37 71 68 30
40 28 52 40 54 63 6 118 63 57 68 24 21 26 37 48 64 62 45 43 44 51 36 28 39 46 43 59 116 89 48 46 44 47 42 43 19 29 24 20 34 13 12 19 64 74 50 33 37 29 66 101 77 53 134 105 193 226 255 201 255 246 202 66 43 44 63 32 12 48 39 46 34 68 62 11 34 55 69 74 36 31 35 16 18 35 24 29 37 27 32 52 18 5 59 39 44 36 51 49
45 38 44 89 60 135 20 180 133 90 65 32 36 41 57 79 55 52 30 28 6 44 42 24 21 58 70 73 113 71 29 37 28 13 6 32 30 41 27 19 31 23 10 3 40 52 31 23 23 78 81 50 72 57 87 155 255 228 180 160 238 178 129 51 97 34 42 30 15 20 25 33 64 72 61 22 44 50 55 35 46 41 35 18 25 34 18 17 50 27 37 67 73 26 41 10 76 30 62 91
18 22 25 91 78 176 82 236 177 101 38 15 19 20 34 60 69 69 58 58 0 23 27 15 16 32 70 82 39 35 55 60 36 1 0 47 44 32 20 37 14 41 31 24 66 65 81 68 158 240 245 215 167 157 80 183 229 255 197 230 245 142 48 45 114 32 36 33 27 16 35 45 75 53 43 32 66 53 69 51 51 53 45 46 67 65 31 15 22 19 36 74 93 60 65 53 109 67 101 128
61 47 55 41 80 91 74 141 174 97 26 20 21 13 18 38 37 35 51 84 24 47 58 59 72 24 34 88 37 69 102 111 75 32 13 48 38 27 19 37 65 57 23 9 39 98 82 74 197 203 255 255 109 255 252 31 255 252 233 255 18 55 127 103 99 84 65 30 45 21 37 94 107 69 56 53 79 38 83 102 36 43 32 51 92 87 46 21 45 44 28 52 61 71 68 67 67 64 89 92
57 46 34 15 49 44 61 68 112 76 37 64 67 58 63 79 82 56 64 99 49 43 34 25 68 55 27 45 41 90 90 85 91 58 20 23 18 41 34 23 56 25 8 15 32 173 107 109 128 255 234 221 204 170 236 250 244 255 216 251 65 124 121 81 76 100 109 69 35 19 46 78 90 49 34 47 89 22 59 81 35 41 13 30 78 72 40 20 6 16 13 45 53 74 44 20 12 34 53 39
71 58 18 37 14 35 24 9 40 51 47 89 77 66 76 94 87 53 58 86 66 58 54 43 57 118 110 56 69 100 90 64 81 64 31 25 21 54 45 21 10 4 12 45 71 162 109 40 70 246 182 113 165 34 118 254 193 247 255 246 66 59 48 31 36 58 91 83 25 44 75 50 33 13 8 36 108 34 54 59 56 62 16 22 64 54 36 30 58 85 123 129 97 69 30 2 18 30 47 37
59 26 15 36 25 40 34 5 29 65 70 98 59 34 43 63 55 27 34 51 47 45 56 54 28 90 127 63 71 54 62 35 80 70 54 59 43 55 41 26 25 24 0 38 128 159 215 71 107 124 216 211 168 94 210 255 227 253 236 110 6 25 40 1 14 53 50 57 65 114 122 106 52 59 55 60 118 33 55 66 73 82 31 31 68 58 51 56 43 28 63 74 92 82 66 29 30 17 36 36
48 12 8 53 35 32 30 45 47 32 41 102 55 49 25 30 32 12 21 23 43 33 35 16 3 62 101 17 46 10 9 0 48 40 54 87 71 59 41 30 32 45 40 59 94 84 143 59 113 229 248 253 255 199 255 252 253 255 220 85 37 47 29 43 41 59 40 25 26 100 113 86 51 56 62 72 47 20 35 43 58 72 0 26 66 24 48 50 20 31 61 32 49 70 69 35 16 39 49 35
18 37 50 34 57 23 27 52 65 29 15 61 46 44 29 39 49 72 85 81 53 28 10 7 49 134 123 49 70 64 29 29 30 29 32 66 55 56 0 6 40 0 12 67 18 64 96 43 70 255 251 209 251 250 219 150 226 215 147 176 86 74 64 50 52 57 39 23 0 28 51 68 46 49 39 40 28 15 32 39 69 74 14 64 95 31 46 63 70 113 148 81 40 33 51 60 41 34 36 48
57 102 117 104 40 52 40 21 53 26 31 82 98 61 35 52 85 106 81 67 45 46 12 9 94 149 126 94 74 160 124 38 46 73 75 61 46 53 12 23 18 0 6 51 39 160 249 174 18 213 245 254 245 255 241 255 255 194 32 5 100 103 51 38 63 61 49 51 37 46 50 63 51 77 76 68 43 13 23 39 95 94 55 129 141 48 38 60 15 77 111 55 48 67 57 30 34 49 56 47
90 150 157 135 39 89 68 18 35 74 97 90 115 97 79 71 72 77 27 7 31 59 31 17 46 53 35 58 31 151 157 65 60 120 138 101 79 74 65 30 37 7 14 76 233 81 173 62 125 213 233 253 168 234 244 245 212 254 28 0 97 59 31 72 80 82 68 57 57 58 37 21 44 41 24 41 54 31 20 18 105 105 76 154 153 59 29 40 34 97 137 98 69 54 26 17 20 32 40 37
104 206 221 141 134 128 94 52 47 130 127 30 55 103 116 75 30 50 34 4 44 55 41 21 66 56 12 24 9 42 67 70 105 140 96 83 22 48 95 76 72 16 35 63 255 247 63 146 198 195 197 250 151 220 238 246 219 92 43 11 116 54 0 19 61 70 62 51 68 74 71 68 10 21 29 45 29 7 52 107 94 95 52 102 94 46 24 23 57 75 105 100 58 20 5 39 56 13 6 50
60 140 134 63 79 107 110 99 57 98 85 21 48 70 73 51 63 79 74 35 63 64 58 34 63 56 40 47 56 72 118 98 60 109 63 117 10 34 52 86 247 251 150 0 186 246 88 138 203 223 115 55 61 251 255 199 201 77 15 88 62 60 36 39 66 58 40 28 55 41 26 23 42 34 39 57 30 6 44 78 88 90 28 38 24 29 27 20 21 29 52 63 65 102 93 78 57 33 28 52
83 153 174 169 178 169 91 28 42 30 38 68 92 50 30 51 117 108 77 39 44 67 73 57 74 55 49 64 83 89 122 55 63 96 50 76 33 90 92 179 255 246 111 56 93 144 30 106 78 165 137 140 173 248 250 241 151 46 59 36 47 71 54 56 69 73 55 31 71 69 56 45 62 79 115 123 56 16 43 44 64 84 30 30 11 47 51 36 0 34 70 57 31 98 98 50 13 54 77 63
26 97 124 110 249 181 73 9 28 14 31 80 97 61 51 85 114 102 59 29 3 47 68 73 76 56 10 42 96 38 46 66 83 82 43 12 106 203 186 255 255 197 39 129 54 63 79 197 49 130 163 238 255 241 229 243 111 33 35 9 26 49 92 72 83 121 101 26 41 57 72 68 40 46 83 105 64 49 54 2 21 64 39 53 38 82 80 58 37 32 61 70 29 72 75 48 17 67 113 125
1 14 67 103 191 141 34 39 109 64 0 1 79 71 53 60 64 40 35 48 9 54 70 45 44 25 3 29 22 25 82 71 46 58 14 70 52 244 254 239 252 255 67 55 91 124 209 255 110 123 112 216 58 254 255 148 115 104 79 38 38 46 62 51 76 81 92 42 33 51 76 60 33 21 42 77 43 36 58 13 14 60 41 75 52 67 71 43 19 46 50 56 29 23 69 91 46 38 69 22
51 41 111 174 118 66 22 50 106 89 30 14 18 33 49 34 4 8 35 72 109 102 68 28 20 18 28 72 51 22 63 66 61 57 73 99 123 228 227 255 249 185 99 112 171 151 215 180 75 129 183 192 55 158 179 192 165 112 103 18 54 59 56 6 30 48 47 10 94 74 68 80 101 97 73 31 25 21 59 39 29 48 3 54 66 65 44 34 34 48 51 27 97 37 52 53 15 7 38 4
54 48 64 123 104 46 0 36 63 63 36 27 1 60 99 60 43 55 66 72 99 86 55 25 30 27 41 92 84 50 57 38 85 133 36 34 252 255 235 234 204 93 104 212 161 152 170 110 110 175 227 255 251 42 49 195 139 58 79 25 62 58 52 30 22 39 31 28 93 55 29 54 87 86 65 29 65 17 28 42 40 59 19 68 68 47 33 68 66 34 51 65 154 61 73 96 26 67 149 157
102 88 93 89 78 28 54 81 36 35 62 43 34 104 150 146 127 118 80 34 16 27 21 0 19 33 47 66 50 49 101 127 80 48 13 52 245 245 255 134 103 34 128 110 136 99 220 235 255 217 190 255 255 150 48 109 89 16 40 79 94 70 59 73 27 31 39 91 46 46 41 45 73 90 94 79 110 47 21 29 27 51 39 71 31 20 34 76 90 47 62 90 76 36 58 79 0 54 139 163
153 147 78 43 98 56 48 100 20 9 77 19 24 46 75 135 165 145 94 32 74 52 41 39 55 46 46 60 42 17 38 63 56 37 50 56 255 228 132 118 150 128 117 40 147 104 144 185 103 246 241 240 254 61 69 36 110 66 47 74 82 40 35 9 28 21 34 98 34 63 73 35 12 65 85 51 36 31 17 8 33 34 39 66 9 40 64 56 51 64 66 49 13 71 89 68 53 61 76 79
79 57 78 137 117 103 83 87 56 29 93 34 71 52 38 89 107 93 58 0 117 48 53 101 102 55 46 92 107 65 35 40 25 21 55 63 163 191 211 209 128 58 68 116 241 165 199 212 191 226 255 254 190 75 91 55 86 89 58 13 58 42 104 62 55 53 45 77 104 127 137 77 3 54 100 84 41 33 27 38 43 30 53 82 16 63 86 52 49 64 45 0 15 54 30 0 55 57 54 63
52 52 65 145 229 222 97 71 76 38 48 19 81 86 77 75 82 60 42 10 91 65 88 117 96 70 58 61 52 27 30 67 51 67 66 55 21 74 245 203 153 115 107 255 207 162 222 255 242 255 234 186 226 60 67 22 72 72 48 0 42 6 47 38 26 40 10 23 86 116 143 108 54 66 113 116 100 43 13 41 35 23 55 95 25 43 51 41 46 28 39 35 74 74 45 33 23 36 35 56
90 100 92 80 199 187 65 44 100 63 16 0 44 96 145 124 74 32 25 55 44 107 107 39 38 53 60 49 59 80 90 107 65 64 21 9 57 103 190 185 126 150 138 175 247 176 255 210 239 239 255 253 243 79 5 55 79 45 43 93 143 72 20 47 57 78 30 36 32 75 123 118 79 74 95 74 119 76 44 60 47 26 50 104 49 35 15 29 37 11 62 89 64 76 63 40 86 64 16 19
101 74 37 31 95 64 17 2 91 92 0 72 17 53 102 94 72 44 30 32 66 101 91 34 11 58 88 59 53 56 85 51 30 44 86 51 91 161 101 75 89 108 165 97 55 25 212 253 249 247 227 201 255 79 0 47 68 45 58 94 146 88 78 60 68 89 71 102 60 59 95 99 71 62 51 19 132 84 59 73 45 27 65 85 45 41 73 70 58 30 2 0 38 43 23 44 90 77 34 41
49 27 26 54 75 75 8 47 139 96 48 116 43 19 10 43 55 86 55 32 106 68 38 85 70 42 51 95 40 36 65 65 32 98 122 86 41 87 28 43 46 103 201 196 117 69 207 252 255 255 238 255 147 86 17 59 55 84 102 36 46 47 94 78 46 48 33 121 111 70 54 70 57 58 69 31 74 52 57 49 49 13 32 69 62 58 66 53 41 27 10 8 44 54 32 48 79 69 40 52
39 41 36 114 28 93 136 86 119 113 38 100 67 34 39 7 44 52 48 19 47 19 61 134 139 74 25 63 66 101 124 115 113 125 97 32 67 86 57 40 36 64 111 138 58 30 146 234 228 211 108 96 40 78 12 75 28 45 91 29 50 57 111 101 57 57 35 117 131 60 12 38 48 56 82 53 30 49 81 45 40 37 38 38 50 75 64 21 12 36 54 56 67 61 22 24 59 50 42 58
64 60 53 121 0 98 174 76 84 133 76 68 27 14 51 29 27 6 26 25 0 36 121 152 177 155 77 23 66 70 102 128 174 224 212 102 94 32 41 51 58 24 33 130 111 17 33 138 62 107 23 0 22 73 20 126 55 32 86 65 98 64 77 59 48 74 55 62 103 48 31 59 46 49 48 35 3 60 110 83 79 103 93 58 52 69 59 31 28 55 59 37 17 25 8 22 35 24 33 45
89 47 73 73 27 104 74 59 58 61 99 81 70 81 41 90 29 37 9 32 32 87 101 139 207 149 59 39 97 58 43 62 119 167 118 74 60 42 27 43 54 88 36 1 55 58 27 18 29 61 44 48 10 49 23 77 81 67 93 56 77 47 65 50 48 75 70 16 80 29 40 53 80 87 44 39 15 68 115 128 88 85 73 61 42 14 14 43 71 76 52 23 4 41 37 51 52 36 59 59
75 41 67 41 35 89 79 47 49 25 9 9 33 41 0 25 0 31 12 82 83 96 13 16 105 80 60 103 81 55 42 50 73 92 52 21 37 35 34 50 68 97 52 6 83 88 50 35 32 4 28 35 37 52 95 76 75 66 52 36 64 44 88 109 70 55 64 23 93 26 27 21 51 84 34 35 6 5 15 45 60 52 51 63 63 45 51 83 102 83 44 34 35 95 81 77 68 50 91 81
28 33 48 39 22 47 117 39 52 96 14 24 30 20 41 58 34 33 1 34 0 51 23 9 57 43 23 60 60 75 54 13 18 23 31 12 49 35 31 32 53 78 59 8 45 88 91 70 34 30 62 40 55 21 98 71 63 61 17 51 81 35 79 132 78 20 32 41 96 43 37 32 39 84 46 62 36 5 0 9 11 13 31 59 78 82 84 88 108 74 22 14 10 79 70 68 35 23 85 76
9 26 66 59 58 39 63 63 110 170 140 181 172 108 23 3 11 45 35 32 2 67 59 27 57 54 22 9 60 56 62 55 40 63 57 57 15 35 21 66 59 48 51 36 23 61 86 82 57 61 39 53 0 14 84 57 23 65 19 64 77 23 68 131 103 23 20 45 67 36 31 33 47 79 40 67 62 49 53 60 26 8 38 98 114 90 82 94 79 64 36 36 9 51 24 18 12 7 88 83
16 20 73 65 12 62 22 64 154 168 255 255 153 120 78 31 42 47 51 25 41 70 44 25 28 30 37 41 89 87 77 61 53 52 59 45 25 33 45 58 26 30 38 38 42 63 73 62 56 39 44 23 13 88 41 63 44 0 66 44 54 56 70 109 111 65 50 43 32 4 36 37 35 57 31 48 59 55 44 62 41 15 18 61 95 93 80 76 59 48 50 61 89 79 42 38 51 53 138 117
42 21 46 32 38 52 11 46 96 134 200 173 113 129 171 136 114 39 21 1 26 31 40 46 42 30 40 53 42 55 60 41 40 42 52 45 57 61 57 44 19 0 9 51 67 52 38 35 28 45 78 54 28 54 32 68 52 28 87 65 28 60 60 46 80 79 49 34 17 25 79 39 44 60 35 51 41 16 12 50 81 64 16 17 72 71 40 50 28 11 34 85 103 119 58 36 49 53 123 92
21 56 101 56 87 71 29 20 47 70 92 128 149 157 154 56 35 10 60 56 42 0 38 94 88 38 24 38 0 31 55 33 51 42 58 65 90 47 28 16 33 21 18 29 40 41 34 27 41 54 78 52 38 19 18 45 66 70 87 78 18 66 60 32 73 62 15 39 26 48 116 76 62 68 33 46 50 48 48 70 69 41 23 15 14 38 64 67 57 24 37 75 58 93 31 20 29 28 85 67
25 76 143 113 130 103 61 14 39 50 21 122 105 77 48 3 45 57 81 72 66 28 52 109 114 60 43 46 10 40 71 60 35 54 87 85 102 34 14 0 19 43 47 34 40 62 77 81 61 52 50 30 40 13 39 54 84 91 9 12 51 76 23 28 63 35 8 60 51 73 104 66 33 56 27 32 52 95 108 105 29 12 42 53 20 45 106 117 92 66 66 57 29 62 24 49 16 11 55 57
60 21 55 87 98 91 50 2 71 76 11 135 54 43 21 67 74 99 49 31 33 14 0 52 66 45 46 43 48 38 52 55 72 80 64 10 24 19 68 58 38 59 64 55 45 29 24 39 71 57 49 39 37 18 52 54 50 28 38 56 18 41 90 68 29 24 45 71 52 77 50 2 30 68 53 44 32 58 69 63 74 86 99 108 98 71 74 106 62 63 64 25 23 36 5 29 44 52 71 55
61 0 5 35 39 88 53 4 78 74 25 124 49 80 35 76 44 95 47 54 47 27 12 92 95 72 58 60 111 91 77 77 65 43 34 41 51 22 60 49 45 62 49 31 46 57 59 69 50 39 42 63 40 54 62 33 28 62 39 14 67 71 57 42 23 14 49 57 40 45 8 0 62 79 66 75 50 44 38 32 15 28 64 95 84 52 51 73 51 63 58 30 54 75 56 40 76 104 95 48
56 24 50 33 39 121 90 55 55 46 63 69 13 58 38 73 26 51 16 41 54 58 69 114 110 79 48 59 98 89 68 71 71 25 15 64 62 35 81 76 49 62 35 11 35 54 52 56 44 47 68 105 37 91 79 37 79 142 133 63 70 60 37 38 48 27 30 34 51 39 21 22 48 55 46 71 62 69 71 64 45 33 62 86 62 44 43 32 88 98 89 98 110 173 189 129 54 81 66 38
61 26 55 27 54 120 86 93 67 30 99 45 38 74 68 82 32 58 61 73 66 62 83 73 77 74 65 83 58 45 35 61 41 36 30 57 47 84 154 122 52 58 66 102 129 94 66 92 112 136 164 171 18 70 54 28 50 106 115 48 17 20 20 47 57 67 39 21 73 78 59 0 33 60 51 45 15 35 57 54 34 33 7 21 80 84 48 45 104 111 100 133 97 180 212 118 4 15 10 33
59 27 45 20 34 41 3 68 41 31 86 21 93 80 46 67 10 56 49 54 78 60 44 51 42 38 60 78 28 53 68 46 17 28 34 23 44 42 115 86 33 58 71 95 29 13 3 37 67 51 77 77 41 73 55 28 28 40 39 15 3 21 38 35 59 61 65 69 64 124 107 23 33 60 64 55 47 29 19 34 16 33 11 37 74 84 40 41 83 62 32 44 72 53 33 56 37 17 25 54
62 42 78 40 37 21 5 35 57 60 68 24 91 110 47 35 7 39 38 19 65 39 34 21 18 47 67 60 30 87 110 79 44 55 77 76 59 0 27 4 14 73 61 32 13 47 91 109 87 56 66 98 82 92 76 67 57 56 52 35 61 39 39 50 31 42 69 102 36 99 99 42 32 55 48 40 40 56 46 40 72 75 40 16 28 58 46 29 49 40 19 13 20 9 5 25 24 35 75 112
74 61 107 76 71 59 73 53 80 118 83 53 95 150 102 94 41 103 76 62 33 36 20 33 52 59 51 40 31 78 105 103 82 79 111 143 131 36 32 15 52 133 104 24 15 41 86 99 48 27 17 59 49 36 23 18 50 67 58 18 73 58 56 55 52 57 61 70 18 52 72 73 84 59 23 25 6 18 30 64 54 42 30 13 17 24 44 50 31 40 41 37 45 60 67 66 16 36 78 110
70 53 70 57 45 63 89 33 103 175 131 84 68 96 75 82 15 91 69 55 4 25 33 68 81 79 54 32 31 53 66 74 22 18 62 131 151 65 27 0 18 79 77 45 57 52 14 26 46 54 35 69 60 42 28 9 25 37 34 11 39 41 52 61 56 57 31 7 61 50 67 116 163 84 10 33 50 70 45 40 30 45 61 52 71 55 66 80 7 22 32 28 40 72 72 37 36 32 40 51
34 27 23 42 32 98 138 95 83 151 131 87 56 43 27 20 55 84 89 29 34 5 48 54 26 70 71 32 33 57 66 58 60 46 46 60 67 32 38 49 57 39 8 6 35 74 14 58 23 28 13 61 66 52 32 7 27 3 19 66 32 11 22 60 71 72 55 55 123 88 71 108 92 72 31 36 65 101 66 25 40 80 65 13 47 46 26 7 28 46 48 31 43 86 91 54 32 19 15 18
38 40 15 24 0 53 70 55 43 67 62 49 59 67 57 21 43 64 78 58 69 47 89 103 65 93 97 50 24 3 9 13 44 76 92 71 42 13 20 44 67 60 58 69 54 79 9 28 32 2 0 59 69 56 30 14 36 21 51 115 50 30 20 32 56 54 61 107 75 60 35 46 49 66 53 31 45 59 78 106 124 110 52 9 41 39 11 0 39 60 49 15 21 63 80 65 11 20 48 68
46 50 31 32 29 59 45 46 29 19 18 20 39 88 76 20 31 49 45 87 63 53 49 71 48 38 53 55 58 28 34 43 54 94 103 69 45 38 40 60 39 49 56 68 26 31 29 18 59 21 31 67 46 42 24 21 42 46 65 98 68 66 41 19 45 55 78 124 47 53 58 82 128 97 54 33 89 72 90 140 123 60 25 49 47 29 18 30 54 76 54 17 24 44 39 29 18 44 102 148
81 76 63 57 88 90 46 42 20 15 31 39 35 104 81 18 41 24 29 87 114 85 66 55 26 19 45 62 100 91 69 18 41 67 66 49 56 62 31 20 10 4 0 36 19 12 63 11 70 55 83 74 14 28 26 29 55 37 33 62 84 72 48 42 27 59 81 85 34 17 36 85 98 90 60 26 98 59 44 60 48 5 29 86 39 28 29 23 43 67 52 38 68 77 44 23 19 43 106 166
87 75 54 34 112 46 20 46 36 33 13 28 67 119 70 16 48 39 17 82 99 86 54 25 30 32 30 58 37 51 48 17 21 43 64 69 63 50 26 3 17 19 41 7 62 32 60 36 60 38 44 28 51 49 39 29 49 22 28 40 82 82 85 65 61 62 59 58 58 47 26 12 16 37 76 82 8 25 55 50 53 28 34 61 37 54 60 48 40 33 23 60 90 83 60 18 0 8 32 56
44 44 28 32 29 31 44 32 58 56 38 29 70 79 37 1 28 28 6 28 42 69 55 25 49 76 36 10 4 46 55 35 16 28 56 85 86 61 33 21 34 39 52 22 66 53 74 56 59 70 74 35 103 88 48 21 37 35 36 45 101 98 86 80 89 90 53 23 46 67 55 41 7 28 68 83 28 49 74 65 19 25 27 34 49 78 82 68 29 15 36 65 56 52 37 45 30 11 2 24
56 34 10 31 23 56 83 56 47 46 39 23 57 32 17 9 19 25 20 18 50 120 99 44 130 185 122 37 20 68 89 83 66 71 82 89 82 61 41 30 32 50 70 56 51 26 38 60 27 116 159 108 99 108 64 19 29 48 36 23 65 59 50 68 77 111 84 23 8 18 21 27 33 4 0 26 38 82 77 30 11 33 25 15 28 40 43 57 38 23 73 102 50 36 19 50 44 31 25 63
25 24 40 40 75 92 78 43 0 1 27 51 56 30 41 40 32 45 64 35 47 114 94 43 109 153 110 48 44 90 116 100 71 90 89 61 41 40 30 12 20 32 55 73 45 15 9 62 28 104 164 166 34 69 52 33 52 43 14 2 33 38 20 11 73 75 71 53 38 42 44 33 20 40 55 31 0 1 42 63 32 27 8 26 11 14 10 42 58 55 104 154 94 62 25 10 7 30 38 76
5 9 58 44 37 78 50 31 79 71 97 138 77 48 62 44 45 64 104 62 33 74 102 106 62 59 50 49 61 88 111 78 26 55 68 50 33 34 34 26 32 25 24 48 41 55 33 71 75 51 69 120 21 42 34 51 47 72 103 91 38 36 72 96 67 28 61 98 67 52 68 59 76 79 69 37 20 24 41 45 41 18 6 64 25 49 35 44 132 99 55 78 53 60 83 40 44 85 74 82
70 5 46 122 38 72 38 47 81 63 65 108 54 73 133 132 28 22 60 47 21 35 83 103 50 36 53 70 59 48 83 73 29 35 48 53 39 25 35 56 52 51 34 22 10 58 34 57 80 45 43 54 79 84 64 57 32 16 33 50 18 47 88 96 42 3 63 125 76 29 37 36 64 70 62 38 53 54 55 50 39 43 55 99 33 53 39 29 84 70 21 45 59 62 89 11 4 50 21 21
97 36 61 207 118 86 39 39 109 91 52 58 47 80 166 184 88 41 48 63 55 33 62 50 15 24 42 43 36 12 54 74 51 43 46 52 37 15 21 45 50 54 53 36 12 41 8 34 60 49 68 44 104 110 95 58 18 5 8 30 5 26 56 80 40 4 35 99 105 70 42 21 42 49 37 12 49 56 65 69 50 58 77 94 57 41 27 22 43 43 23 17 42 34 68 14 4 57 31 47
77 99 85 164 112 60 53 45 88 86 32 6 33 42 114 132 113 51 39 64 58 20 53 32 38 49 34 19 48 31 49 61 54 62 72 74 63 46 35 32 35 20 41 66 63 63 6 33 72 16 42 59 73 76 82 60 34 34 30 57 43 33 15 35 41 40 44 67 83 61 39 46 59 65 40 0 30 40 67 91 67 35 36 61 109 71 51 51 30 38 52 16 31 8 42 26 21 74 48 69
62 54 73 47 37 29 72 48 14 34 7 39 26 29 27 62 74 38 0 51 44 10 20 47 61 78 83 34 24 41 65 41 45 92 96 53 35 55 79 90 62 20 4 41 79 65 20 83 119 22 29 72 52 31 35 46 73 79 82 76 62 47 39 36 54 49 36 67 24 37 41 78 100 106 83 60 0 24 78 92 54 10 38 105 111 84 71 62 46 69 56 46 34 16 71 54 47 47 21 47
20 26 71 76 58 0 54 55 53 80 29 28 31 73 63 55 33 20 12 75 65 46 64 76 82 58 37 5 23 48 64 35 35 74 79 43 22 29 42 51 44 61 88 106 73 54 38 127 143 58 48 65 44 27 28 41 79 82 78 61 42 36 48 62 26 10 4 42 29 41 40 58 66 53 32 42 17 48 76 63 49 37 66 107 101 65 35 16 38 50 32 33 41 32 90 77 54 51 30 66
0 28 92 117 114 19 96 88 99 117 47 38 60 123 99 60 48 39 34 77 49 56 100 99 41 23 29 26 40 42 59 53 31 59 64 42 23 12 13 23 48 75 103 115 55 63 46 110 121 79 80 87 75 57 35 35 48 55 54 37 20 28 62 93 56 16 3 33 51 56 49 44 33 31 39 66 38 41 61 51 33 42 59 85 99 76 30 0 67 60 23 26 43 29 79 68 66 58 47 97
70 86 68 36 69 45 204 201 71 67 0 15 48 96 61 26 87 70 54 67 17 45 107 91 7 7 47 66 62 32 54 77 34 49 54 47 33 12 6 19 67 62 57 72 29 82 46 56 81 81 98 103 104 87 44 31 14 27 34 24 14 28 68 103 115 49 22 33 71 69 65 45 26 38 74 102 54 24 48 54 30 29 20 50 108 109 55 20 108 88 33 28 42 12 48 39 23 10 10 75
