61 63 35 23 73 65 40 81 61 25 31 67 32 77 62 64 122 81 17 34 111 96 66 30 32 69 81 90 80 115 117 114 65 31 61 41 27 29 54 93 82 38 26 30 22 39 57 43 58 91 47 61 108 42 38 37 36 65 67 33 18 39 52 43 32 15 19 48 62 48 33 32 37 59 63 42 26 29 28 18 32 42 45 29 10 6 15 25 43 20 16 42 63 64 63 70 33 0 4 40
69 72 60 34 79 55 24 78 77 39 51 82 39 44 53 104 111 95 32 20 70 83 85 69 67 59 100 120 123 88 91 84 33 26 36 32 21 29 28 57 46 3 6 24 20 42 65 48 33 49 35 32 38 28 8 9 32 76 100 77 44 36 44 48 31 21 32 66 83 69 53 50 38 36 31 24 19 16 13 11 22 51 74 68 45 30 33 41 31 5 0 17 52 72 67 53 21 14 22 23
35 3 106 118 62 42 44 27 39 25 49 68 42 15 28 86 78 71 36 42 58 57 83 122 112 63 69 85 90 44 40 40 38 48 25 29 37 48 27 50 39 1 18 35 12 28 63 53 13 18 42 25 0 43 13 19 13 62 93 78 57 58 63 58 38 35 51 83 98 85 71 68 64 37 20 26 29 19 14 19 37 50 57 50 40 40 49 56 39 22 13 19 33 48 44 23 12 21 36 34
52 7 95 130 65 107 102 68 14 28 46 37 48 31 35 53 67 63 45 51 47 33 30 54 56 38 2 22 35 46 21 28 60 71 41 24 40 29 29 72 61 14 24 41 21 42 74 56 10 21 53 30 13 52 31 47 41 55 47 26 38 69 63 29 0 2 21 50 66 66 68 75 91 61 38 40 42 32 26 30 26 29 28 25 33 56 84 101 16 24 52 67 53 45 43 31 8 17 45 73
83 23 36 107 47 238 226 128 62 72 59 21 40 23 25 20 61 83 72 32 33 55 37 1 0 70 61 28 25 58 41 45 82 55 36 5 52 28 37 69 63 12 11 32 36 67 83 46 13 31 36 10 24 20 26 49 95 61 23 21 64 105 100 70 7 8 14 24 28 31 40 51 60 47 33 24 19 14 10 7 12 21 28 28 32 44 58 66 17 15 54 89 73 49 36 19 16 40 71 97
55 0 36 71 212 120 61 39 40 44 35 31 60 42 63 78 42 70 91 32 29 50 64 47 72 21 8 34 71 12 4 49 13 0 44 0 21 0 22 58 45 32 35 31 20 37 47 23 11 25 8 0 22 0 24 42 23 20 59 136 180 151 87 42 42 35 27 22 21 22 25 28 43 54 56 45 34 31 27 21 38 25 13 17 34 42 28 8 45 6 17 50 44 33 26 3 38 86 103 85
53 93 52 62 86 119 98 91 76 63 41 50 59 31 54 74 39 42 89 47 62 51 64 52 21 66 123 77 32 46 100 82 91 26 83 56 90 108 74 32 48 65 62 25 0 7 18 11 11 12 3 10 18 13 29 24 20 22 49 92 107 81 45 27 20 10 3 9 27 40 36 26 5 27 45 43 29 19 12 8 51 27 4 7 37 63 64 51 37 14 37 60 43 43 55 39 57 95 88 47
73 89 71 68 83 40 66 71 65 40 0 9 20 20 59 77 42 31 85 60 139 150 121 35 6 42 126 148 64 102 109 18 111 97 204 146 83 98 71 50 66 75 45 3 4 30 32 18 17 5 14 39 12 32 22 0 8 26 35 30 32 43 41 29 30 15 5 16 42 53 35 8 4 27 54 62 47 27 16 16 40 40 31 14 9 28 59 82 33 66 137 151 91 63 71 56 61 67 41 12
59 64 59 47 39 27 48 88 89 74 44 25 16 46 46 100 63 48 34 38 115 142 65 17 13 60 64 122 152 45 132 52 150 158 205 157 77 51 45 80 120 113 66 32 40 36 22 31 15 18 24 32 37 33 21 11 8 30 34 15 8 27 40 36 37 24 26 35 32 28 25 18 21 37 83 93 73 57 39 37 47 32 15 1 17 0 27 46 43 86 176 206 149 61 50 29 12 7 28 7
85 87 18 27 31 8 38 67 73 86 85 61 34 59 59 88 60 44 45 7 46 35 29 41 71 72 94 115 107 17 136 203 181 150 58 155 127 70 54 60 133 179 158 80 38 30 16 0 14 18 25 34 39 36 25 16 26 23 30 39 30 14 15 29 25 7 6 14 10 12 29 42 51 52 72 68 67 79 59 36 28 19 17 16 32 22 15 20 34 47 81 94 63 16 40 22 0 0 13 0
50 59 4 113 104 9 35 84 68 69 78 56 13 37 70 105 88 76 97 44 77 43 54 52 39 65 109 94 40 26 69 177 118 120 0 103 105 39 69 99 155 154 122 62 14 0 9 20 3 3 5 11 16 17 13 9 18 7 15 34 31 9 7 25 16 4 7 13 7 15 45 68 61 50 43 18 25 65 59 34 25 20 32 41 57 67 24 22 37 22 2 10 9 0 44 27 22 26 30 12
57 65 19 134 149 143 165 133 91 73 101 112 59 40 65 89 57 67 103 81 127 123 118 67 0 35 59 63 11 71 6 62 38 98 55 38 73 28 78 107 93 75 69 61 26 0 0 13 18 13 8 7 11 17 21 23 22 26 26 24 26 32 36 35 15 19 28 26 17 28 49 56 41 36 39 16 15 47 47 32 20 13 26 31 41 72 19 24 39 20 0 20 33 5 48 30 29 45 42 35
69 37 32 124 112 161 197 161 62 32 59 85 58 52 95 106 4 14 27 38 48 75 75 36 63 44 24 41 25 61 0 41 109 163 147 69 123 73 68 36 17 82 122 78 8 0 12 22 23 20 16 15 17 20 24 25 24 34 30 13 12 28 31 19 9 27 39 26 19 39 50 36 32 32 57 60 55 60 46 37 26 17 23 16 16 47 2 16 24 18 22 63 72 16 32 22 0 33 28 40
68 0 37 108 31 17 46 65 34 38 76 92 65 37 37 0 49 26 5 51 22 56 69 66 60 22 25 24 49 41 54 94 102 140 103 100 134 86 95 68 59 80 62 18 15 46 42 7 7 10 14 18 18 16 12 9 12 13 12 10 8 6 5 4 3 22 33 21 23 57 76 61 49 28 42 54 56 56 45 47 39 30 29 14 10 19 0 9 14 17 45 76 78 21 21 30 12 56 42 62
46 6 33 70 52 79 107 103 54 58 76 72 58 41 63 21 46 18 0 66 29 72 106 117 82 65 82 50 32 3 19 36 82 95 46 66 50 14 45 41 21 48 45 24 19 16 17 30 10 14 21 25 25 23 19 16 17 14 17 25 23 14 13 20 16 21 26 20 21 50 77 79 59 25 22 19 18 29 37 54 37 28 20 8 14 2 3 17 28 29 61 56 60 38 40 67 55 100 66 81
30 10 26 59 51 24 37 51 33 28 39 44 39 17 57 45 54 51 44 89 31 76 134 147 91 69 78 79 22 19 17 56 63 44 25 27 30 42 59 33 33 42 19 7 29 26 5 6 12 14 16 17 18 20 22 24 22 25 26 22 17 16 18 20 36 27 24 18 7 15 40 54 51 30 32 20 7 18 33 55 48 36 25 18 37 18 42 56 46 43 70 35 45 58 67 103 65 107 60 69
5 24 19 18 39 19 40 28 52 34 40 78 88 29 59 87 82 38 79 76 27 67 115 120 74 82 83 64 35 21 36 58 47 25 1 11 18 75 86 67 43 48 17 2 31 0 6 10 14 22 21 14 15 23 24 17 21 16 18 22 14 4 14 33 29 27 17 32 28 0 14 43 35 45 37 36 27 24 53 68 62 40 36 40 55 61 102 92 42 14 61 68 47 63 68 67 22 39 79 87
29 70 50 22 45 51 28 52 56 51 36 41 66 64 84 100 55 39 65 89 58 101 104 72 63 61 54 40 26 27 40 50 30 0 5 23 26 28 47 50 20 30 11 7 38 11 14 15 19 22 16 6 6 17 23 21 22 18 19 24 22 17 20 28 24 23 12 31 42 25 28 37 25 38 45 59 52 37 56 70 68 44 31 37 68 81 123 123 57 10 30 55 54 70 49 49 5 45 81 113
74 54 74 73 28 51 23 14 10 27 24 28 55 72 51 65 37 60 117 151 145 110 89 37 41 29 20 8 0 2 24 36 25 0 26 41 47 18 29 21 1 13 4 6 32 14 15 17 19 22 18 11 13 24 30 29 28 26 26 29 34 34 30 25 6 16 6 17 31 28 31 29 22 34 41 59 53 34 48 59 39 35 28 31 57 54 92 109 84 55 42 42 33 70 48 66 7 53 43 76
135 88 78 90 71 64 41 52 55 82 97 105 96 72 15 58 70 103 189 188 197 65 82 65 21 7 17 26 10 12 51 85 62 43 48 42 51 57 57 19 5 15 11 9 18 10 10 18 17 23 27 26 27 29 26 20 25 26 25 23 27 30 25 17 9 31 20 14 18 20 34 34 15 32 38 52 50 36 42 37 29 40 41 49 72 41 52 65 83 109 89 45 4 55 42 77 10 52 0 25
129 76 75 109 110 86 95 55 55 104 141 146 108 59 7 70 108 129 169 125 132 22 74 96 34 10 37 71 47 24 52 87 68 50 25 17 12 52 50 15 11 22 26 22 14 11 5 14 18 24 29 29 28 24 17 10 17 21 19 14 11 13 13 10 16 34 18 9 10 9 18 15 9 35 41 49 50 45 42 19 27 37 46 64 87 44 38 42 96 130 109 58 5 33 0 24 27 69 19 53
51 117 62 45 147 104 58 62 50 85 82 44 11 7 23 88 79 103 84 41 38 30 54 69 39 7 41 91 65 25 31 47 38 21 10 31 11 28 16 3 3 13 27 29 14 20 1 4 15 17 19 22 24 26 27 27 27 28 28 23 17 15 19 24 26 27 6 11 23 14 7 0 30 45 37 31 27 28 39 28 13 33 59 71 66 20 46 76 74 59 38 37 43 73 38 66 33 55 21 48
8 59 34 9 57 61 32 29 45 77 77 54 48 32 30 18 20 59 52 28 19 55 40 40 24 2 44 89 63 38 54 64 40 14 25 56 45 29 19 12 3 3 17 26 15 36 8 4 17 15 15 16 19 23 28 33 33 29 29 32 27 21 24 34 40 29 8 27 43 26 19 18 40 47 39 41 34 31 60 77 48 55 78 79 50 9 64 109 111 54 25 24 47 66 36 54 72 62 43 48
0 45 92 109 106 113 52 42 78 65 34 27 60 58 76 41 0 38 78 56 47 60 42 53 33 23 61 78 29 13 45 59 51 8 12 19 31 16 25 12 18 6 13 24 19 52 24 17 27 23 19 15 11 7 6 7 21 12 13 22 21 12 13 24 25 14 0 19 28 6 14 35 21 36 56 90 88 70 101 134 101 67 60 61 45 15 60 80 75 35 30 19 39 58 40 47 56 32 34 33
74 46 55 130 166 136 87 61 76 77 56 21 14 42 64 60 8 40 73 32 0 58 48 39 28 28 56 68 21 14 4 18 12 0 0 6 15 15 16 21 23 6 1 16 31 31 25 23 20 23 13 6 10 10 8 15 20 19 25 31 25 12 11 18 10 12 0 0 10 24 24 24 13 14 68 93 54 60 106 114 90 53 35 18 30 13 27 35 30 17 4 10 16 16 25 13 69 0 20 0
85 28 30 89 162 90 95 126 80 50 62 43 0 49 126 117 68 63 65 32 10 53 24 15 42 34 47 49 7 9 0 5 5 25 41 37 21 12 16 24 24 12 8 18 23 15 6 3 22 22 14 13 23 25 25 34 40 38 39 42 41 39 42 47 30 34 22 13 30 50 47 35 7 26 52 39 12 40 86 91 60 30 15 17 28 15 14 16 29 25 32 30 7 18 12 0 48 11 43 31
30 17 39 62 94 62 132 167 118 46 41 52 45 119 186 153 97 73 57 41 44 71 48 64 75 69 77 70 29 42 35 37 12 48 71 54 24 12 16 21 21 15 15 20 18 9 5 8 21 15 5 7 18 17 14 24 30 30 28 26 31 42 49 50 36 36 32 26 24 25 28 31 33 62 64 36 25 37 46 45 50 29 10 21 27 31 16 10 14 45 56 42 20 46 12 23 55 56 73 72
16 20 32 40 9 50 138 150 93 56 42 42 42 68 89 77 33 32 36 37 52 61 54 90 125 119 117 95 45 55 41 33 34 50 56 43 24 15 14 14 18 18 18 18 12 7 12 21 31 23 10 12 24 20 15 22 12 16 14 9 13 26 30 26 25 23 35 38 16 2 26 60 89 93 70 58 69 51 26 33 23 38 28 28 14 40 42 47 38 74 59 39 46 77 7 49 62 78 70 75
29 24 45 80 71 44 21 10 55 46 56 62 48 40 34 17 7 26 49 56 72 67 67 97 136 115 101 85 57 83 65 44 43 38 36 36 27 15 12 17 13 18 23 22 13 7 10 18 27 24 13 13 26 25 19 22 30 37 36 25 20 22 19 12 3 12 29 28 15 36 83 111 151 113 53 34 49 28 0 11 19 57 53 29 0 27 35 36 48 27 13 27 41 87 21 29 20 45 43 44
20 30 58 37 107 76 43 78 54 33 68 94 70 77 84 41 15 13 23 29 54 58 79 101 106 67 46 51 60 109 94 67 33 31 37 41 30 13 14 28 2 13 26 32 29 23 22 23 28 33 24 15 22 24 14 8 49 58 60 49 33 24 23 23 30 41 42 19 26 100 156 148 129 78 29 19 25 12 0 0 40 48 30 18 30 64 48 11 21 37 122 130 13 26 68 101 33 59 92 86
8 39 96 4 33 54 30 50 64 53 65 62 36 50 73 60 53 23 24 37 63 63 99 115 70 34 19 28 31 70 52 28 22 31 39 35 21 12 19 30 5 14 25 33 36 36 35 34 40 56 49 30 31 35 23 9 31 42 52 49 34 28 41 60 96 84 64 29 35 117 176 162 80 32 45 89 77 43 35 38 49 25 12 27 83 110 95 55 56 51 101 104 24 28 57 37 29 30 88 69
86 71 137 54 5 109 113 107 111 86 17 0 51 84 73 73 53 18 34 60 70 39 62 65 33 17 25 37 21 43 27 16 22 33 33 18 8 14 23 25 21 22 22 22 25 29 31 30 24 49 46 24 26 36 25 7 3 16 34 41 34 36 66 101 115 75 45 18 10 67 134 146 125 63 110 189 140 53 38 52 79 59 63 66 92 80 88 87 45 68 67 59 64 68 71 52 30 0 59 29
46 52 82 29 5 81 98 90 61 57 53 61 145 208 149 62 29 52 69 73 66 14 40 55 6 18 59 49 0 61 56 42 37 44 32 23 6 5 22 33 32 27 18 10 10 14 16 15 20 37 21 18 3 22 21 39 0 42 64 47 46 87 69 94 96 62 30 41 64 25 74 136 154 88 102 191 77 43 16 17 66 103 109 74 37 48 80 52 21 61 49 38 47 94 75 46 24 24 35 18
21 42 39 1 27 50 127 91 29 33 5 44 107 247 184 88 31 52 63 53 56 54 78 42 22 55 89 60 3 77 64 39 52 39 24 26 27 22 22 22 35 24 12 8 12 18 25 29 27 19 27 18 29 7 28 51 59 36 45 90 40 69 76 0 15 13 15 43 61 104 52 71 86 22 10 83 23 38 20 6 44 92 95 48 7 44 73 55 10 65 60 36 66 55 15 10 11 11 23 15
152 141 73 35 79 88 177 162 72 34 37 45 38 80 83 59 69 25 36 82 80 32 42 46 35 86 121 93 38 79 57 47 26 34 49 42 24 5 17 38 39 22 9 9 15 22 31 41 42 30 39 28 33 13 42 68 51 36 73 59 64 173 100 80 61 18 4 7 73 104 51 16 50 14 2 55 26 56 55 57 53 34 10 28 42 85 53 31 33 51 53 31 60 30 11 7 17 21 28 17
135 127 80 62 60 60 98 157 131 74 116 130 68 13 26 42 44 51 54 51 48 39 47 51 53 72 83 76 47 50 13 18 19 18 34 20 22 16 17 18 38 21 10 15 21 24 32 44 40 38 22 29 19 45 39 33 49 46 57 100 138 255 255 246 228 163 78 53 79 42 66 40 53 44 40 73 56 67 70 94 59 47 25 53 54 78 33 43 32 0 23 43 48 61 85 55 15 35 54 52
98 79 52 94 127 96 86 128 125 51 13 54 37 100 84 67 74 119 90 30 32 59 59 69 49 28 0 5 22 41 24 37 23 22 42 7 17 21 19 11 27 17 13 20 26 29 35 45 49 36 21 40 38 66 48 23 37 56 75 161 223 243 200 255 252 211 57 13 12 82 118 72 23 40 49 63 63 62 49 52 38 76 47 37 29 67 39 51 34 9 32 70 46 67 74 45 22 41 66 89
57 57 55 128 201 98 77 43 5 20 39 48 22 55 53 60 79 73 39 27 38 37 12 53 101 80 33 0 0 25 57 90 55 48 72 22 29 30 30 27 14 15 16 19 24 33 44 52 53 29 48 44 39 27 67 80 24 29 28 73 203 229 140 225 253 161 80 62 51 44 25 13 64 70 49 8 15 44 85 109 87 107 47 51 63 56 5 0 55 60 48 64 42 31 6 20 84 62 47 72
60 70 67 57 66 0 50 82 104 83 69 45 72 56 36 44 65 60 50 43 54 109 90 76 55 52 39 25 21 53 133 197 116 52 49 17 67 69 38 11 13 21 21 13 15 33 52 61 28 10 40 38 25 14 63 81 61 92 97 95 43 66 224 249 243 247 216 82 19 21 95 93 53 49 61 59 76 61 78 94 34 76 47 99 124 59 43 71 61 42 25 45 53 27 15 47 124 68 17 37
17 27 62 44 30 37 22 67 95 102 48 39 43 59 6 38 97 80 73 43 26 123 129 78 35 8 7 33 40 46 111 170 119 40 42 18 68 56 25 14 20 31 26 7 5 30 56 65 20 10 21 61 59 88 67 24 41 44 115 117 70 106 246 255 253 255 199 196 84 8 76 114 75 3 0 41 88 44 43 63 15 87 56 89 107 29 37 62 86 9 14 55 72 39 46 45 96 43 0 32
6 11 68 69 39 75 26 10 51 83 49 31 24 37 0 79 154 108 93 88 0 64 103 63 18 5 44 45 20 25 35 61 41 47 59 51 34 39 17 34 46 36 0 7 50 22 58 56 13 21 42 56 60 77 0 25 87 72 95 88 74 124 237 223 252 251 247 239 54 150 125 95 136 105 57 48 74 36 39 60 24 71 41 77 41 35 8 51 73 48 34 66 51 37 50 21 58 36 0 22
40 50 62 47 30 53 20 30 112 140 96 43 6 28 10 84 158 97 74 77 7 31 66 65 26 23 53 47 25 62 40 11 26 29 50 39 0 25 13 27 48 27 30 34 53 36 59 55 44 36 42 50 13 46 21 44 89 55 61 84 51 216 249 83 51 178 198 240 197 255 101 90 126 105 103 93 97 32 45 53 0 79 37 20 28 80 68 78 93 59 49 46 42 62 52 6 68 73 16 30
80 87 46 20 25 48 62 105 137 115 62 37 22 45 36 68 87 53 47 56 20 9 23 37 2 24 61 56 15 59 78 58 49 38 6 52 16 33 54 15 39 62 63 75 19 54 58 66 84 55 27 21 53 57 103 178 134 71 98 137 90 69 208 134 123 229 255 235 101 210 89 67 36 20 65 124 117 58 64 60 0 38 7 36 43 33 31 103 107 47 15 36 56 66 74 31 86 115 33 29
58 60 16 8 17 32 79 116 94 39 1 22 35 51 47 28 13 27 36 32 28 21 25 31 30 24 29 46 22 18 71 42 97 64 19 73 33 61 63 87 55 62 68 78 27 53 57 116 147 92 54 42 125 44 114 213 249 227 172 142 136 157 127 199 218 187 244 248 118 212 129 84 57 9 34 136 128 106 100 82 0 40 23 64 43 45 23 49 61 36 8 42 53 39 86 46 101 134 38 30
26 28 24 42 34 24 62 53 53 49 36 16 10 50 87 18 15 29 26 10 12 17 30 48 62 65 62 82 65 5 83 52 110 133 67 67 61 36 128 173 116 33 33 42 72 55 40 132 167 135 83 125 220 106 62 97 240 255 127 71 249 255 204 252 255 253 255 202 217 250 119 81 124 52 38 79 102 119 148 111 13 32 8 66 42 94 54 8 31 38 58 30 22 35 65 23 71 96 27 33
35 32 47 64 51 31 56 25 55 112 105 23 6 85 165 49 67 47 35 44 24 12 25 60 47 77 85 77 56 9 84 75 79 122 38 21 50 76 95 82 189 168 0 94 105 70 117 95 132 152 138 19 255 87 109 163 137 140 243 187 190 255 255 203 247 244 217 255 61 208 81 55 91 44 38 2 64 84 151 105 64 24 0 73 54 80 64 57 104 24 58 4 22 64 45 37 39 56 49 68
41 38 42 33 41 30 46 33 65 112 113 55 43 80 162 49 90 46 45 92 46 24 28 61 51 46 41 24 24 35 17 16 80 44 135 32 248 255 251 139 249 148 112 116 59 167 113 179 209 216 138 41 217 119 64 76 247 233 255 210 252 115 214 249 255 237 237 250 134 118 23 58 82 63 51 23 65 53 92 82 96 76 33 44 49 58 69 79 139 12 25 17 55 62 58 73 35 48 101 109
42 50 43 17 48 39 38 43 60 67 90 97 71 10 74 7 54 6 11 74 14 8 15 39 59 51 79 74 57 93 5 47 51 158 65 170 223 218 246 59 185 27 127 81 33 86 130 255 215 140 222 72 139 46 214 210 245 251 203 255 246 235 255 246 247 252 254 239 0 80 60 49 110 92 45 80 78 52 44 96 107 83 24 0 46 18 26 47 70 26 34 60 73 25 80 73 16 25 109 97
82 59 36 39 42 54 20 52 63 51 55 100 67 25 41 0 65 7 51 90 36 24 48 51 72 53 66 50 34 43 79 54 74 174 79 254 122 233 255 199 255 72 165 109 47 163 39 245 251 255 238 163 244 205 255 226 245 254 255 234 235 155 244 253 210 146 107 113 39 123 107 56 111 92 50 122 89 89 29 85 50 43 44 0 49 24 0 7 25 19 52 109 89 37 48 58 44 66 63 44
105 38 28 34 70 43 26 45 63 17 27 69 35 36 42 7 60 2 44 61 35 27 32 25 31 57 57 33 30 13 31 17 102 70 255 216 207 158 230 214 223 138 170 144 72 103 15 255 48 175 206 255 191 249 235 243 255 251 222 255 243 93 240 239 192 82 19 88 124 107 69 43 81 88 66 145 76 39 8 64 15 17 88 69 88 83 39 15 22 45 80 96 86 78 91 45 48 82 79 54
102 31 23 33 67 56 54 58 46 4 21 41 19 55 38 0 30 3 59 35 18 2 0 0 29 43 45 66 67 25 41 5 179 190 232 255 253 183 200 250 214 255 255 248 245 240 120 146 216 204 255 221 254 242 228 252 249 254 221 222 242 215 190 134 127 123 74 40 91 41 50 47 70 92 105 132 59 1 27 60 59 71 124 94 73 91 55 60 19 73 103 143 98 36 129 110 18 75 88 71
51 32 13 21 22 75 80 64 38 27 16 0 25 86 102 59 66 32 72 47 97 101 62 37 31 46 34 15 26 113 187 40 111 255 141 255 216 255 225 248 255 234 240 249 228 237 255 160 232 137 228 215 233 242 255 233 223 232 227 237 63 65 76 111 58 66 60 28 84 7 9 49 55 66 127 90 56 24 70 61 78 118 106 76 50 73 70 143 105 103 58 157 133 11 124 85 0 51 65 51
34 44 26 22 24 92 99 56 14 43 13 0 60 66 97 75 45 24 48 20 83 86 46 20 40 47 37 41 79 179 254 103 44 97 202 223 238 255 211 255 255 255 221 240 255 236 243 226 255 255 224 250 251 211 255 204 250 255 70 179 100 50 150 172 101 64 49 0 41 47 46 94 30 2 76 54 33 57 42 28 118 133 76 65 6 38 103 204 125 84 28 111 117 35 88 32 19 45 35 15
40 36 22 2 40 63 70 10 12 51 27 32 86 28 40 41 37 42 52 21 46 35 32 40 25 13 13 73 120 96 107 64 34 91 124 210 255 207 249 255 226 198 192 255 230 251 255 239 241 248 255 204 119 255 240 125 106 44 74 139 138 193 213 183 100 16 20 29 25 12 0 69 101 25 52 84 32 95 18 49 81 81 120 182 66 57 81 89 78 32 46 86 72 36 21 41 56 51 37 29
89 88 57 31 66 72 75 28 66 79 50 52 55 41 62 93 76 59 18 15 49 54 73 79 45 42 33 38 63 49 66 59 39 83 77 106 146 249 243 252 146 228 239 254 255 206 181 221 255 255 246 243 236 79 145 30 35 44 112 174 196 158 190 174 123 92 73 46 34 78 64 102 124 38 32 75 14 68 0 60 74 42 134 199 79 85 62 35 82 28 31 80 72 52 2 51 77 49 45 56
86 114 54 29 27 60 58 34 102 103 81 66 12 59 68 89 108 86 17 14 20 18 60 81 52 12 26 36 37 49 103 106 72 41 72 87 142 96 255 199 0 254 255 112 255 255 244 255 249 235 245 255 228 251 242 154 118 27 59 28 11 50 68 73 57 69 64 56 14 0 5 77 104 45 57 79 44 65 36 85 102 52 135 152 61 89 23 20 45 46 7 79 84 81 71 105 90 41 32 46
87 96 58 0 18 58 40 51 113 96 96 119 35 33 42 62 86 78 22 16 32 7 55 51 33 11 24 45 33 37 74 84 67 112 99 104 116 85 73 88 86 94 224 249 216 250 251 253 255 245 255 255 249 156 177 89 63 42 59 49 37 62 52 46 39 41 52 67 58 22 10 60 70 21 37 61 37 51 63 112 92 35 91 121 34 60 75 36 33 13 46 107 31 120 101 103 106 46 19 30
74 106 63 23 28 117 88 78 119 85 86 130 54 17 0 17 56 62 42 37 42 14 60 80 33 42 30 31 17 54 70 51 76 163 218 137 36 95 18 29 178 102 119 255 245 233 255 247 251 217 242 248 218 85 99 42 19 0 60 34 59 71 91 99 43 35 37 46 76 70 61 69 50 50 44 83 91 47 79 119 76 10 69 91 75 75 64 44 26 33 58 75 28 49 17 54 75 45 35 38
52 96 70 30 37 146 131 85 86 55 51 92 46 23 3 15 28 41 64 62 54 12 26 57 68 61 38 44 66 79 81 51 31 114 133 85 25 34 114 20 69 252 39 224 255 237 251 255 235 182 151 119 70 28 80 70 51 28 135 79 115 70 73 70 81 55 58 69 113 94 77 49 38 71 77 110 147 91 104 139 99 73 53 50 25 81 38 32 99 60 24 46 34 61 0 8 48 52 62 58
38 68 73 10 31 101 117 44 25 52 59 55 18 34 41 49 21 24 67 65 57 10 0 25 62 76 79 65 90 55 76 57 6 14 54 64 86 105 0 36 106 188 99 248 207 205 169 155 142 113 105 110 63 85 107 107 78 22 91 5 56 39 78 109 104 71 99 134 178 132 123 87 43 34 34 31 82 120 96 108 116 135 100 95 45 81 62 49 103 73 42 94 29 90 39 33 42 57 72 73
34 51 63 14 20 52 78 17 20 88 101 61 25 50 62 65 34 20 51 35 33 11 16 69 130 135 77 50 76 95 114 71 91 197 240 159 39 81 66 6 99 185 240 247 255 131 114 142 108 46 67 60 24 26 55 89 74 35 84 28 64 47 40 51 58 31 61 93 127 93 104 53 29 29 45 70 87 170 102 22 68 102 168 191 164 69 114 79 72 86 80 123 72 109 42 10 40 46 54 61
26 46 48 50 32 54 71 46 71 101 77 44 60 92 83 69 52 29 34 1 2 7 52 126 91 84 9 62 72 107 96 59 13 60 167 119 40 27 59 75 130 229 255 240 247 113 115 0 49 2 94 34 37 25 69 85 68 50 56 31 61 77 71 82 62 48 52 53 68 78 108 29 24 57 54 86 24 94 103 18 52 110 199 225 171 76 133 86 36 67 58 78 166 176 103 56 36 38 34 37
19 37 43 62 54 49 65 55 69 76 33 10 66 104 80 54 48 32 29 5 16 19 58 106 77 53 0 40 21 46 153 219 120 5 30 61 0 87 78 77 104 153 231 237 169 129 114 46 93 51 135 28 18 27 42 27 40 49 26 15 31 52 52 56 46 50 52 55 50 88 136 54 6 48 84 124 29 46 77 38 69 127 171 167 96 94 112 80 38 69 53 26 102 77 39 21 45 60 50 34
20 27 48 42 61 11 36 17 7 56 41 6 43 65 42 21 28 24 30 34 62 49 52 53 42 18 6 17 48 59 209 241 137 62 55 32 10 25 12 27 27 86 101 103 68 50 99 68 102 41 101 51 27 62 29 29 23 60 41 38 46 51 48 37 27 42 59 80 50 76 127 63 36 16 79 112 56 63 58 62 33 46 104 78 70 70 67 60 76 87 77 66 74 61 56 48 61 92 82 49
31 6 10 26 31 14 49 24 26 46 38 2 26 17 24 10 22 55 39 17 53 43 48 24 41 8 35 12 42 57 94 74 39 28 43 41 5 1 34 52 71 66 81 81 17 15 79 70 71 33 104 83 77 33 69 44 36 58 82 77 27 133 80 41 34 64 109 151 172 74 64 40 39 43 69 75 27 47 76 119 29 7 25 16 94 47 45 21 38 58 107 112 56 93 56 86 81 79 69 42
40 20 16 23 28 10 48 47 28 61 37 12 52 45 25 30 50 43 39 28 37 50 77 23 60 21 64 36 52 45 29 67 76 46 41 70 77 49 38 55 67 81 67 50 44 68 75 11 42 104 203 140 47 27 77 106 63 50 129 133 56 57 54 26 7 47 107 142 156 101 50 28 69 98 71 34 34 23 21 107 53 18 45 2 58 75 68 57 19 15 89 104 16 48 57 46 48 44 43 40
41 34 25 28 35 17 49 77 85 76 43 32 28 34 19 27 51 49 63 69 74 81 95 49 75 60 67 45 41 20 0 26 39 28 3 11 47 50 29 27 9 27 20 23 32 32 35 28 40 96 145 83 0 42 71 120 98 68 168 191 82 21 63 44 33 45 94 125 132 101 28 38 98 124 76 11 45 29 0 36 33 36 64 39 56 97 109 85 12 30 109 135 72 64 72 33 26 25 31 42
62 63 46 38 39 12 19 58 74 24 49 99 32 43 42 27 62 85 86 88 103 79 60 69 41 70 34 46 42 56 82 63 50 59 60 56 60 63 48 27 35 33 36 47 37 18 37 72 72 54 46 27 14 67 40 72 103 99 165 205 102 61 116 108 100 62 76 108 129 83 43 99 82 84 79 18 25 43 44 24 56 69 37 62 53 78 123 63 37 84 85 82 108 77 72 68 52 69 78 77
64 69 48 36 38 21 12 55 72 9 45 111 30 42 50 64 97 87 62 57 56 30 13 50 17 40 27 55 27 75 133 101 48 22 51 80 52 40 52 43 44 54 75 68 58 83 89 59 60 44 60 72 78 67 0 0 58 82 122 152 98 56 104 114 62 22 17 38 89 34 42 102 42 29 57 13 0 9 71 81 118 84 9 41 19 48 85 30 38 83 38 19 93 62 51 59 55 101 115 95
66 72 52 36 34 37 24 63 83 42 32 55 13 27 20 83 89 37 26 34 7 15 20 34 44 17 68 77 10 46 72 92 31 0 37 83 63 64 68 23 7 60 128 112 74 95 100 72 111 73 42 25 42 50 42 51 55 71 104 101 93 8 40 60 20 29 34 19 80 47 56 77 88 59 63 50 34 24 55 109 90 65 62 62 13 55 48 36 23 45 35 30 60 38 44 26 33 93 105 72
78 87 72 44 21 29 5 32 32 27 32 44 45 69 31 67 62 39 47 47 13 40 42 50 66 25 92 98 36 38 45 103 122 53 23 26 37 82 103 65 42 100 165 141 84 62 69 110 76 62 38 56 65 67 79 80 103 95 101 84 80 18 26 38 5 55 79 25 64 70 35 34 77 40 24 45 55 37 8 37 58 92 136 96 25 74 58 50 26 45 79 70 30 18 54 46 57 98 86 45
40 59 62 41 13 30 4 23 37 22 49 57 59 112 80 62 71 108 102 60 31 50 34 72 69 50 77 90 54 25 41 89 99 36 26 87 137 138 111 82 56 86 96 62 55 50 44 100 29 50 47 87 44 20 66 108 112 90 56 50 31 48 38 35 28 86 120 50 65 100 25 34 35 8 9 44 50 69 37 28 116 170 153 79 13 71 86 41 14 77 157 152 77 42 61 71 92 104 63 14
11 25 57 48 34 8 27 41 71 66 63 59 27 74 82 40 50 123 125 65 41 44 41 45 40 43 59 61 51 38 29 41 2 7 103 165 118 118 85 55 32 49 25 16 50 53 37 52 18 47 43 80 56 44 73 102 104 80 22 18 38 51 34 61 60 85 97 61 78 141 62 29 61 28 2 44 47 18 63 85 149 195 146 58 38 7 25 22 22 50 128 142 101 98 106 100 95 101 42 49
32 63 71 47 51 14 20 60 106 81 82 63 26 28 46 24 31 96 79 22 26 33 24 36 24 33 32 24 29 31 27 37 28 53 101 89 37 57 54 10 46 71 46 35 88 104 48 2 59 36 74 49 89 66 61 69 69 35 10 23 53 32 7 69 68 45 56 29 67 122 42 27 54 53 43 42 4 6 51 72 80 151 129 53 37 47 37 57 66 62 60 109 145 105 141 133 132 134 63 61
54 104 98 65 84 29 10 63 78 45 69 65 45 16 47 50 25 55 67 40 18 28 42 37 16 35 17 4 27 39 36 46 98 74 67 63 51 45 68 54 96 122 86 55 105 139 79 7 88 55 75 28 88 63 44 30 28 22 17 3 45 61 32 93 96 30 35 21 73 100 28 20 53 60 63 46 0 39 40 24 11 68 93 51 12 56 44 62 69 76 50 65 134 97 120 103 129 135 61 52
60 94 85 55 75 28 15 64 81 46 59 69 57 39 68 85 32 16 93 115 25 26 76 41 20 42 14 8 39 39 36 53 74 53 71 127 143 70 68 65 84 110 81 42 67 98 79 47 64 79 35 40 70 77 81 67 88 61 66 98 127 107 17 88 89 45 52 42 63 43 17 21 35 29 47 45 6 70 42 23 39 13 33 41 17 50 42 10 26 21 39 38 61 36 36 77 123 115 26 0
74 66 54 33 43 29 56 95 88 55 36 50 40 57 76 93 47 19 109 154 60 42 84 50 36 48 10 12 38 20 22 49 21 53 87 110 103 36 38 30 7 32 36 31 45 62 81 105 54 75 10 20 7 30 20 9 38 30 22 58 87 123 20 57 70 70 74 69 57 15 43 52 10 0 33 44 2 56 45 79 125 48 8 59 130 126 110 64 35 63 75 50 11 36 41 58 85 82 25 13
50 21 21 11 8 4 47 71 71 54 33 52 46 73 68 67 16 14 53 79 52 29 27 17 61 58 12 20 38 14 28 52 39 53 55 39 24 10 30 34 56 53 46 39 26 12 25 59 34 22 22 10 11 52 28 25 40 64 34 10 28 125 54 31 66 54 39 53 58 46 73 62 24 8 35 55 33 52 31 76 139 102 20 42 142 90 61 71 30 71 39 62 21 30 46 27 30 20 0 8
53 35 48 43 37 22 57 80 81 72 62 64 60 57 40 25 28 51 53 49 61 61 40 24 60 55 12 28 45 33 54 56 46 32 37 44 34 42 33 33 35 31 26 24 22 22 36 57 29 10 36 23 9 36 29 18 21 21 40 71 92 108 70 65 46 7 5 27 38 62 52 46 53 29 29 49 74 74 23 26 50 65 30 30 84 75 74 125 55 45 11 98 99 37 46 100 101 52 18 27
29 25 35 27 29 13 48 89 66 49 43 22 29 11 15 9 27 52 61 40 39 68 62 15 34 35 1 25 47 48 70 48 35 34 54 51 25 55 33 25 16 30 39 37 40 48 51 46 15 32 34 61 15 32 70 53 29 27 75 98 112 78 71 62 30 0 44 53 26 55 28 67 58 37 13 19 76 82 31 13 47 45 54 39 15 64 70 86 76 103 87 60 75 62 46 105 113 63 62 103
23 14 26 43 52 30 60 42 32 28 11 18 16 19 0 16 43 66 61 30 29 53 43 4 35 24 9 33 22 38 36 38 28 31 52 68 77 22 16 24 24 51 44 37 19 49 47 43 30 49 58 65 49 25 78 65 40 83 88 117 38 66 54 38 33 73 168 159 29 33 78 83 46 12 23 48 51 57 64 71 71 63 60 47 47 9 64 161 163 131 60 45 93 71 19 32 55 82 130 118
27 24 35 59 79 50 52 22 28 66 79 87 73 32 24 11 46 57 55 29 18 40 42 10 33 32 1 26 6 27 30 22 22 31 60 74 75 23 19 30 40 53 48 50 30 44 49 66 45 31 56 56 66 4 89 109 77 69 100 97 58 31 44 48 53 114 201 172 45 56 101 112 53 39 49 52 41 49 68 79 49 50 64 67 51 26 75 153 190 154 90 71 59 64 6 16 92 82 96 72
33 30 23 31 50 30 31 23 31 77 127 164 126 18 34 28 29 33 51 47 28 42 47 14 40 33 0 38 23 19 39 38 22 40 59 49 53 42 30 7 3 29 48 69 71 88 87 88 87 51 49 48 89 65 142 151 101 23 52 66 60 12 33 86 91 91 111 104 60 86 81 59 100 41 0 15 67 107 92 44 29 61 85 83 67 85 68 21 111 105 118 97 88 115 69 61 97 61 52 25
31 35 19 8 15 8 19 42 36 53 86 127 113 65 96 93 37 19 33 37 18 39 65 45 34 17 5 85 91 27 53 56 46 46 56 46 51 55 27 0 10 50 76 82 93 114 94 57 49 81 83 79 74 93 135 137 74 17 23 49 34 52 26 66 68 41 38 58 47 53 32 41 71 37 2 14 52 81 88 67 59 51 62 84 46 59 68 65 85 10 33 33 140 158 99 69 73 48 45 19
18 32 31 29 33 29 19 39 30 25 8 6 35 128 152 119 28 7 24 36 18 32 53 34 28 23 48 117 139 38 62 44 63 49 63 52 22 17 8 17 23 58 81 70 68 72 62 36 21 48 61 87 89 80 60 41 42 67 68 51 18 92 27 0 38 27 33 64 64 61 35 59 31 45 37 41 32 27 73 108 96 59 17 28 58 125 93 13 57 18 61 68 159 111 19 26 54 57 71 36
10 13 20 33 40 48 17 17 60 53 26 7 16 99 96 76 29 13 25 31 11 16 30 20 53 62 82 92 106 40 73 43 14 77 154 130 59 54 25 9 21 48 88 89 75 46 59 76 72 14 13 63 131 80 36 16 27 54 65 45 45 100 68 42 28 24 25 55 80 98 53 44 63 60 26 43 61 57 86 99 67 46 30 37 15 0 19 78 120 112 70 38 86 111 31 45 35 54 79 40
19 6 11 23 19 45 20 17 93 98 85 85 70 47 37 42 50 41 36 21 1 10 37 51 59 73 74 56 43 34 66 54 25 66 107 52 0 40 34 18 42 61 102 103 88 51 76 109 92 43 31 56 110 81 61 70 107 86 60 54 73 81 56 35 18 24 30 43 43 58 35 43 90 93 44 45 62 56 78 76 75 55 26 56 144 141 87 66 90 110 87 78 74 88 44 71 24 40 70 44
36 21 32 38 16 47 35 39 62 83 65 71 88 36 44 26 18 45 70 71 52 39 39 44 25 43 46 51 18 29 40 50 60 24 40 43 18 52 22 14 20 31 54 39 44 41 83 109 83 78 36 39 70 117 71 47 50 51 15 47 109 168 137 81 53 30 21 33 22 26 16 48 105 124 67 41 35 21 41 35 47 43 26 58 157 128 95 128 142 59 54 134 150 66 25 63 31 38 71 60
41 27 32 47 25 21 35 26 24 48 50 45 28 69 43 9 19 39 83 82 66 42 64 50 25 9 25 39 23 31 13 32 40 40 11 59 83 84 80 77 62 53 35 24 48 36 62 67 51 55 29 41 36 121 59 35 54 63 22 49 123 236 174 113 46 10 32 44 34 34 22 29 81 104 83 51 53 13 27 31 30 29 32 54 99 52 59 111 141 18 47 135 139 35 37 21 29 17 63 50
4 12 51 46 56 0 11 15 24 25 69 77 64 14 12 22 35 62 82 43 24 34 77 71 45 43 35 31 24 57 19 4 52 41 27 34 107 112 103 63 96 72 42 48 74 62 58 43 15 5 28 40 34 51 32 56 127 155 99 68 86 136 134 70 8 0 31 73 57 63 34 41 79 89 79 50 43 37 75 62 59 59 76 53 57 84 10 50 57 39 52 99 42 39 36 0 7 9 38 41
13 15 40 32 67 21 26 42 35 38 71 76 89 50 40 21 39 31 38 34 41 35 43 45 31 9 23 44 58 35 21 50 88 56 0 5 51 125 109 118 77 56 23 47 73 87 85 70 21 5 31 40 35 48 33 49 98 120 81 46 37 74 94 49 17 17 18 46 36 79 52 43 68 60 51 26 18 53 110 91 53 83 112 57 27 68 30 77 38 26 26 78 36 67 62 17 50 65 60 75
25 19 29 48 69 78 51 36 40 49 28 34 56 76 48 2 10 15 45 69 75 42 18 36 59 36 35 5 48 30 44 44 85 73 0 8 53 189 121 79 94 95 66 75 64 85 92 82 45 52 52 50 24 96 64 49 27 25 28 34 19 60 75 79 35 41 51 69 44 39 35 57 52 41 30 15 16 42 66 48 31 81 90 67 48 19 84 111 53 0 22 76 101 84 98 54 86 105 68 86
52 31 49 40 29 82 90 57 59 48 12 23 43 30 23 15 23 23 20 29 76 89 33 19 67 66 61 50 42 25 40 59 94 34 12 41 107 146 73 19 45 65 54 57 37 73 100 95 56 60 72 62 21 81 76 82 45 41 61 95 85 41 81 89 41 19 54 110 122 38 12 28 16 21 17 28 50 49 19 12 23 54 41 81 96 58 136 119 87 40 64 59 78 36 79 46 82 102 64 82
41 64 182 166 151 159 159 83 59 46 30 16 66 12 34 25 13 57 77 59 50 52 42 116 99 69 18 75 15 30 45 109 62 45 77 114 62 31 24 54 53 46 25 22 14 59 115 121 92 33 66 65 46 32 54 91 78 89 104 151 184 56 98 42 11 8 34 59 99 40 30 15 42 46 34 41 59 53 8 20 47 42 25 68 61 83 109 99 20 15 73 112 119 68 80 54 47 62 56 71
33 54 163 144 150 160 143 73 15 35 25 0 61 22 45 8 0 25 32 25 29 28 6 99 70 54 15 90 49 83 40 0 0 89 159 168 29 29 66 80 66 28 17 35 56 100 188 219 113 24 51 64 57 31 42 66 80 96 106 130 170 105 87 25 3 45 49 17 22 11 60 78 103 91 75 59 40 50 24 37 79 43 39 43 0 19 31 46 44 3 10 38 37 0 28 35 15 16 44 46
44 38 71 69 91 135 78 23 0 35 18 15 47 22 34 17 17 43 25 2 36 75 29 77 79 35 25 71 22 6 43 50 46 31 101 146 89 31 97 97 62 13 18 49 65 69 150 186 88 36 51 65 36 61 52 53 91 104 114 82 68 132 54 65 83 72 30 38 57 47 76 105 76 69 84 77 42 81 80 82 79 27 46 51 27 0 41 54 19 5 35 41 59 30 74 66 49 36 81 67
52 38 74 78 78 37 33 6 16 34 37 22 23 41 43 26 40 57 20 15 59 78 32 59 63 15 31 47 40 7 26 50 33 48 97 89 24 31 88 100 62 13 17 27 40 16 100 150 85 80 77 99 105 53 61 50 70 127 142 111 63 43 23 67 106 49 69 89 55 82 78 76 49 47 48 46 62 65 94 78 32 21 47 64 45 10 39 33 2 11 26 54 56 54 78 81 39 39 65 68
40 41 102 140 99 26 25 47 42 38 44 42 27 26 26 12 34 56 25 10 54 97 47 33 51 27 46 37 38 43 70 75 31 21 39 42 18 33 66 66 40 13 33 55 68 9 41 64 100 92 63 53 60 42 77 70 40 129 191 170 84 30 0 28 45 56 103 80 10 46 56 51 67 49 25 0 3 7 43 33 29 27 40 42 33 6 33 34 74 77 79 86 64 41 51 48 28 28 54 57
53 40 72 127 79 31 23 56 45 19 42 66 42 31 39 28 22 49 33 17 63 142 96 35 63 52 60 23 47 103 121 85 58 77 75 44 30 49 57 40 39 33 60 95 124 40 27 34 94 100 70 44 51 47 82 60 37 88 136 125 60 45 35 58 49 59 89 56 6 60 52 17 48 39 26 7 10 6 31 11 14 39 46 39 52 32 50 56 81 85 84 86 56 29 39 39 28 28 54 57
65 47 31 77 38 52 28 32 30 0 39 81 55 51 72 56 18 42 41 30 74 176 139 50 92 70 60 6 56 147 142 62 41 179 215 105 19 24 54 69 67 64 78 112 162 79 56 68 86 105 90 70 74 60 77 40 43 38 50 47 21 67 96 115 104 54 42 36 37 97 61 8 17 28 43 46 58 49 59 26 33 84 84 63 83 48 36 35 44 51 55 62 39 23 46 55 35 34 60 64
