34 41 26 3 2 10 16 24 26 26 12 60 25 21 15 30 30 8 4 39 18 10 7 31 41 58 53 12 29 27 34 31 20 29 58 70 39 12 24 48 66 55 32 10 5 10 10 2 4 12 18 15 11 10 8 6 9 13 11 2 2 10 13 10 2 9 9 3 7 21 26 22 57 101 125 27 84 86 65 21 2 17 34 36 21 11 25 46 58 52 38 65 38 7 5 25 51 34 20 22
16 37 44 32 14 0 9 36 43 30 8 53 18 10 6 25 19 11 13 27 19 28 39 49 61 45 46 41 56 37 51 70 37 18 36 69 58 24 17 31 41 35 23 12 12 17 15 6 8 16 20 16 10 8 6 4 6 13 12 1 0 0 6 9 7 5 0 0 13 29 29 18 53 84 102 20 51 50 35 1 11 18 25 23 12 12 34 58 71 58 36 61 40 15 11 26 67 46 25 18
4 15 24 30 24 6 8 33 42 21 0 39 19 14 11 22 16 16 23 18 33 55 69 52 48 20 28 44 51 30 45 62 34 15 26 54 51 28 17 16 17 16 13 13 17 19 14 7 9 17 22 17 11 9 9 9 8 10 10 6 4 7 10 11 16 16 13 15 28 39 34 21 34 49 67 26 34 41 40 24 28 29 27 19 9 11 31 52 63 47 22 52 43 31 29 40 66 49 31 23
32 32 28 28 31 23 22 36 29 39 36 60 23 10 15 26 30 24 34 24 52 66 73 39 23 10 20 24 16 16 25 14 7 22 38 35 21 22 25 15 18 14 12 15 18 17 12 8 11 20 25 21 15 14 16 17 19 12 7 12 19 20 14 8 7 13 17 21 28 35 33 26 15 13 28 29 23 34 45 40 27 29 27 20 12 11 21 33 37 28 8 41 38 32 30 36 38 32 26 26
48 57 45 22 13 11 13 21 41 95 123 117 48 20 36 51 34 24 38 33 45 39 50 35 33 26 26 18 0 10 16 1 0 24 47 38 18 21 30 23 27 18 12 14 15 12 12 15 19 29 35 29 19 16 17 18 23 15 10 12 13 13 18 26 16 8 0 2 16 30 33 29 29 15 19 38 23 29 41 35 16 20 21 17 13 15 22 29 26 25 10 39 29 19 13 14 19 19 18 20
48 47 24 3 9 17 11 3 32 75 99 97 56 38 50 46 19 12 30 35 22 2 21 39 53 37 23 25 3 4 9 24 23 23 41 54 41 27 26 25 21 8 1 6 7 4 8 19 32 42 47 37 23 14 11 10 10 10 14 13 5 6 36 71 75 42 8 1 20 40 44 37 29 16 13 32 23 22 41 34 25 28 27 19 14 18 27 33 25 31 18 43 30 21 15 15 29 29 24 18
63 41 9 3 29 46 40 34 22 21 19 32 29 21 32 19 18 12 27 52 32 15 18 38 49 41 24 38 19 9 5 39 49 33 37 48 39 26 21 18 12 0 0 6 9 4 9 23 39 50 54 43 25 12 6 4 3 4 13 19 11 11 40 77 92 60 23 10 20 37 45 45 23 20 11 12 8 0 27 21 25 31 31 21 13 16 23 27 22 27 11 33 25 25 25 25 32 35 33 26
61 39 12 7 23 32 46 68 68 48 34 39 25 3 25 35 37 26 34 79 70 61 38 37 35 50 39 52 37 26 9 39 57 49 41 27 13 17 20 10 14 2 3 18 22 14 18 32 39 50 56 45 26 12 5 2 13 6 10 22 21 11 18 36 41 29 13 3 2 13 31 46 64 67 47 24 13 0 18 12 0 13 20 15 9 12 18 20 17 18 0 14 9 15 18 18 15 26 33 33
35 28 29 32 21 12 30 60 74 68 54 35 23 21 21 19 38 26 32 78 73 65 36 29 13 22 37 53 31 32 11 29 52 44 28 13 5 6 8 8 15 7 7 14 12 3 2 8 12 25 32 26 14 9 9 10 10 3 4 11 10 5 8 19 16 21 20 13 12 22 32 37 52 50 44 50 42 34 39 21 15 3 9 20 15 13 18 19 22 1 0 3 12 26 36 35 22 30 25 39
3 15 29 36 30 23 23 28 38 32 23 17 18 18 14 7 15 37 43 43 36 39 18 0 15 14 22 38 29 35 6 12 35 28 20 13 9 9 12 16 6 0 1 8 8 0 0 5 15 25 29 21 11 7 9 12 13 6 4 9 9 6 12 23 44 42 38 30 23 23 34 46 36 25 19 42 45 40 54 50 24 15 19 24 20 21 27 26 34 19 13 16 20 34 43 38 44 48 38 32
5 17 25 24 26 33 35 30 25 15 8 13 23 24 16 6 14 51 57 26 27 23 19 15 17 18 31 45 43 47 18 17 30 24 21 21 16 8 7 13 17 13 15 22 22 16 15 20 19 26 27 18 9 8 12 14 15 9 6 9 9 8 15 27 33 28 24 19 14 17 32 49 34 14 5 30 33 23 40 44 27 23 26 25 21 29 37 32 21 16 14 12 12 28 37 27 21 34 44 31
35 32 23 15 17 27 32 30 20 11 10 22 33 31 22 16 12 32 39 19 34 5 14 46 0 12 38 44 39 39 19 21 24 20 22 26 18 3 0 7 12 10 11 16 17 12 11 14 20 25 25 17 11 11 13 14 15 11 9 12 12 11 17 26 56 51 36 17 10 17 25 28 48 36 26 38 29 16 30 29 13 13 17 14 12 27 37 29 19 23 27 23 23 42 52 40 39 54 74 54
42 31 23 22 18 10 4 3 4 3 16 37 43 30 17 14 12 20 30 29 47 6 8 46 15 21 40 32 35 40 31 30 12 13 20 24 16 2 0 7 8 6 6 8 7 5 4 6 14 18 19 14 10 11 12 10 12 11 13 15 15 13 16 21 54 55 36 10 9 28 33 20 26 33 31 32 17 12 28 18 0 1 7 7 8 24 35 27 20 27 34 32 32 50 60 49 35 38 43 11
34 23 17 19 15 7 5 10 11 15 36 59 56 28 6 3 11 26 37 39 48 22 10 21 48 34 36 15 34 50 47 37 22 29 34 29 15 5 3 6 14 12 10 9 9 9 10 11 7 10 10 7 6 9 9 6 11 12 14 15 14 13 14 15 22 25 13 0 4 31 39 27 8 23 24 21 9 13 32 20 10 10 19 25 26 36 45 39 15 17 24 25 25 39 47 38 18 22 28 17
34 32 25 14 9 15 25 31 27 25 41 62 57 26 7 8 7 18 23 33 28 28 19 20 38 22 25 0 24 42 42 29 34 46 48 30 12 7 6 5 8 6 3 0 0 4 7 9 7 7 4 1 3 10 12 10 12 14 14 12 10 10 11 12 26 22 15 8 9 17 24 28 33 34 27 29 24 29 51 44 31 27 37 48 46 47 50 46 19 14 19 26 27 35 42 37 0 8 21 43
37 50 46 23 11 18 24 19 22 11 18 39 41 22 16 25 26 19 17 43 31 45 49 65 18 19 38 11 31 43 47 38 24 41 43 22 5 7 11 8 10 9 5 1 2 9 14 16 11 9 3 0 3 12 17 16 14 15 13 8 6 8 10 12 5 0 0 8 8 4 17 40 41 25 9 20 22 26 51 52 39 31 41 55 50 43 43 40 12 1 6 18 21 27 33 31 13 16 16 46
47 50 70 91 80 43 20 21 15 30 37 29 18 20 30 38 47 12 29 40 21 60 100 69 16 32 46 50 50 47 37 25 16 16 17 18 13 6 5 9 18 3 0 2 7 5 7 14 11 8 8 10 11 12 18 25 20 8 6 6 2 10 24 28 8 0 23 26 8 1 8 32 41 34 10 26 15 27 35 28 18 16 18 22 20 17 22 32 21 13 16 18 11 15 29 35 18 19 39 14
37 46 71 98 96 65 34 22 21 35 36 19 9 20 41 53 76 52 52 38 15 51 80 47 50 38 39 53 53 34 21 22 16 14 14 14 12 8 11 17 18 8 7 14 17 10 6 10 10 15 16 15 21 29 27 18 10 6 10 12 10 21 32 28 22 21 39 25 0 0 5 23 42 29 13 46 34 30 33 36 7 7 9 10 8 12 27 44 34 24 25 27 19 18 24 23 21 33 53 15
23 25 36 54 64 55 34 18 25 24 25 21 9 7 30 58 65 68 66 31 1 22 41 18 59 49 47 49 35 13 8 20 31 25 21 18 13 9 11 16 13 8 8 13 12 5 2 6 18 19 22 25 27 28 28 27 18 11 6 3 13 44 62 54 33 39 58 34 3 4 7 14 19 18 33 96 86 56 38 36 0 7 18 23 20 17 26 38 33 28 32 32 21 20 32 37 30 29 45 15
35 21 7 7 23 38 37 27 25 11 19 38 25 0 9 49 61 86 94 62 30 30 40 37 40 62 69 46 15 5 16 28 31 24 19 16 11 7 7 11 10 6 3 4 3 1 6 14 38 26 25 34 34 25 32 48 41 33 18 1 11 55 84 79 28 30 51 38 15 11 4 5 19 28 50 110 91 50 18 4 6 15 24 26 18 13 15 20 23 21 27 25 10 12 33 47 44 22 35 27
33 20 3 0 13 28 25 13 19 15 27 42 31 8 13 38 23 41 49 38 23 15 18 26 20 44 55 35 5 0 8 21 9 5 4 6 6 4 5 8 9 7 7 9 10 12 18 24 44 32 23 29 46 56 53 44 40 63 74 52 32 52 78 78 22 6 21 24 13 6 0 3 9 18 20 54 39 31 25 14 21 21 16 6 0 0 9 17 22 11 12 15 11 15 25 26 20 15 37 24
18 20 24 31 37 30 9 0 9 23 30 22 16 21 27 29 27 25 29 36 40 42 46 50 36 32 36 42 30 10 10 26 11 6 3 5 6 3 2 4 2 5 10 15 19 20 20 19 27 26 12 12 52 91 69 16 16 79 135 121 72 57 70 75 29 0 3 8 6 7 4 16 6 16 7 25 16 34 42 30 19 27 31 25 16 14 18 21 25 3 0 16 30 37 30 12 0 24 59 26
31 38 51 61 56 38 16 2 16 20 21 15 13 19 26 29 45 50 60 58 46 49 56 52 50 41 43 55 53 37 33 42 27 19 12 11 9 6 4 6 4 5 8 12 17 18 14 10 18 15 7 14 52 85 64 19 23 82 138 127 75 50 57 61 29 3 5 3 4 18 23 32 40 49 36 49 31 34 25 1 9 36 60 59 42 27 19 17 23 5 5 18 27 34 32 19 13 31 65 44
40 41 44 46 35 19 14 17 37 15 12 30 29 11 14 37 64 88 111 85 34 23 31 22 9 23 32 27 21 22 24 23 28 18 10 9 10 10 12 15 16 12 7 6 10 15 13 9 29 14 13 35 55 57 51 50 61 85 104 84 43 27 33 32 14 3 11 3 4 28 34 36 42 48 38 58 42 39 25 1 9 42 68 60 33 13 8 11 22 15 17 14 0 0 14 22 20 0 21 34
28 31 25 19 19 13 13 27 48 40 24 30 42 23 11 31 61 111 123 80 40 21 11 7 3 9 9 14 24 19 10 12 19 15 12 12 16 18 16 13 18 19 12 4 12 27 26 13 23 30 27 16 15 30 49 59 60 64 69 56 34 27 22 9 12 24 28 20 13 18 30 37 26 20 25 30 28 30 28 15 20 33 39 32 21 14 8 3 18 26 32 27 13 6 17 34 23 16 18 29
21 30 31 27 25 19 26 46 60 37 7 12 46 49 26 18 58 71 95 110 83 29 12 36 16 20 19 24 36 31 16 12 24 24 22 19 16 14 13 14 13 14 10 6 15 28 25 12 29 23 14 18 44 70 71 56 50 32 43 63 47 16 11 22 11 17 18 13 14 22 29 31 24 10 11 22 25 27 29 24 24 22 20 23 35 43 37 25 15 29 42 42 33 27 25 24 10 26 36 33
0 22 47 58 56 43 42 57 65 53 23 7 20 31 32 35 62 74 85 82 62 36 22 21 11 11 5 12 29 26 5 0 11 13 14 11 6 4 7 11 8 8 5 6 16 26 21 9 21 19 20 42 91 131 127 100 48 24 35 64 49 11 4 18 8 7 4 5 12 22 24 22 35 22 29 44 43 33 21 8 13 17 25 39 55 62 54 42 19 26 33 36 37 35 27 19 5 39 54 35
11 37 57 61 47 19 2 8 54 57 48 27 9 4 20 42 61 78 74 43 30 44 36 3 32 29 20 28 52 57 37 22 11 10 7 3 0 0 4 8 7 5 3 5 14 19 15 7 0 9 14 23 48 72 66 44 33 28 34 39 26 15 10 2 6 2 0 1 9 17 18 16 14 12 25 41 48 52 43 22 0 21 42 47 38 33 37 44 46 29 18 22 26 21 18 19 23 48 56 36
14 27 33 35 35 25 24 37 34 27 34 42 30 13 14 27 36 19 18 22 19 21 18 2 12 8 0 5 36 51 39 27 32 24 14 7 6 8 10 11 14 9 7 9 13 14 13 13 17 27 31 27 28 33 28 16 9 10 13 6 1 13 17 2 8 5 4 7 10 14 16 18 12 12 13 11 19 43 50 30 5 29 48 39 11 0 11 33 59 28 15 29 33 16 11 23 26 26 21 14
54 56 47 37 30 14 6 14 20 6 18 34 23 13 28 47 44 6 0 6 2 6 13 4 18 16 3 6 35 55 50 42 25 17 8 6 9 14 15 15 20 15 15 19 17 12 15 23 14 14 14 18 24 28 27 23 14 0 0 3 1 5 12 10 12 11 12 15 16 15 19 24 24 26 27 19 19 37 40 20 16 36 56 55 32 10 7 15 28 9 14 42 49 28 21 35 33 16 5 9
34 38 34 29 25 12 5 14 19 19 37 36 5 1 35 63 64 36 22 12 5 31 46 20 35 34 17 8 25 38 31 24 11 10 8 8 10 11 12 13 16 15 21 27 21 11 15 29 34 22 19 26 28 22 21 26 34 12 9 18 14 9 11 11 13 9 10 16 19 18 21 26 13 14 30 45 46 47 45 36 18 31 50 58 45 23 11 10 12 12 23 40 42 33 33 43 50 36 28 32
57 56 43 30 23 15 18 35 24 38 63 56 16 7 28 34 27 4 10 21 20 41 52 26 49 47 26 7 11 14 3 0 24 27 29 25 17 9 6 6 8 11 22 31 22 9 14 30 24 14 14 24 20 7 11 28 33 22 21 24 22 22 20 8 11 4 4 12 19 20 21 24 29 14 25 46 41 27 28 36 17 19 23 21 11 1 6 18 38 44 44 31 21 24 33 40 33 30 27 23
84 89 74 33 29 32 63 58 41 36 56 55 19 19 46 48 23 13 24 21 24 45 43 39 47 52 35 31 42 17 0 9 34 34 34 31 22 11 4 4 9 12 13 9 5 6 13 20 36 35 34 29 17 9 16 31 29 26 11 47 33 31 33 7 12 5 2 10 18 20 19 18 19 22 14 38 15 11 20 24 4 17 24 16 5 3 7 10 23 25 31 39 46 47 43 39 31 22 16 18
25 49 67 46 48 45 64 56 16 24 45 40 16 31 60 61 45 29 34 29 32 46 33 19 36 48 37 37 60 51 23 20 20 20 19 17 19 21 18 13 13 20 16 4 2 13 18 13 9 13 22 31 37 40 44 48 44 25 10 49 43 36 31 35 18 8 2 6 12 15 16 18 14 17 12 38 15 9 21 32 25 27 28 26 21 17 17 18 20 19 20 29 43 53 51 44 12 11 14 20
42 72 102 80 69 48 43 27 0 14 28 21 12 34 59 58 9 5 27 32 33 42 28 18 34 46 30 17 38 53 52 57 59 40 30 37 38 25 13 10 24 21 18 17 23 27 21 12 0 9 25 39 48 49 40 30 16 9 12 41 47 48 18 30 27 18 11 11 13 13 13 16 18 18 15 48 26 16 29 44 37 25 19 24 27 24 23 27 33 28 19 19 31 44 42 31 0 2 10 18
47 63 89 61 52 36 29 18 18 22 19 14 18 29 37 41 10 21 56 56 35 26 13 11 34 46 33 13 18 35 60 88 87 49 34 53 53 20 1 8 38 23 22 42 56 47 28 17 16 26 32 28 24 23 21 16 3 18 24 20 27 47 0 2 31 25 20 20 18 14 13 15 27 22 19 57 40 27 32 41 34 18 12 22 28 23 23 31 28 23 12 3 9 20 21 15 18 16 17 22
38 35 53 24 31 35 31 28 45 34 16 20 36 26 16 30 18 21 50 47 26 19 10 14 11 17 20 21 21 21 35 59 57 33 20 30 36 25 19 22 47 39 34 46 67 72 48 19 24 32 31 16 3 6 23 38 44 48 36 15 12 32 0 0 25 20 16 14 13 12 16 23 32 23 16 57 47 35 27 22 24 18 24 38 40 28 21 25 19 21 20 16 18 27 39 46 57 42 30 27
44 27 43 15 33 47 39 38 49 38 14 23 48 24 1 26 15 0 8 14 22 37 35 37 17 6 9 26 35 32 32 38 48 53 42 21 21 41 47 36 47 55 45 35 62 96 74 22 10 23 37 39 26 17 25 39 57 44 34 46 37 29 0 13 11 7 6 6 5 8 18 30 32 25 15 54 49 42 28 10 11 17 34 49 47 30 14 10 13 18 28 34 30 29 45 65 70 50 31 25
39 19 41 17 40 57 43 43 41 49 26 27 53 25 0 27 51 20 19 25 37 55 47 43 48 33 29 37 47 56 57 50 55 70 68 43 31 39 43 35 38 43 39 43 78 111 89 42 16 21 37 54 48 26 16 21 31 25 28 73 59 37 17 13 0 3 12 19 18 13 16 22 25 23 14 46 42 44 32 10 2 11 23 33 34 25 13 5 3 4 16 28 18 1 10 35 55 40 25 22
75 51 71 38 50 58 34 32 43 68 48 38 58 32 3 31 51 27 33 39 44 53 43 40 32 32 36 33 31 44 47 33 34 42 55 60 42 19 18 31 31 17 25 66 109 116 91 66 48 27 21 33 35 21 15 23 24 32 29 69 50 39 35 8 0 8 29 43 39 23 11 7 11 16 7 34 30 38 31 10 4 7 8 10 16 23 21 15 12 8 21 38 25 0 1 27 39 32 26 26
48 47 43 39 40 41 36 28 43 71 71 35 55 42 41 47 58 53 43 29 25 41 40 16 27 30 35 36 36 41 26 18 18 9 44 97 44 34 11 20 22 2 23 76 83 95 66 59 37 52 29 8 32 53 34 38 26 30 13 35 28 36 31 7 19 33 50 61 40 25 17 4 15 19 14 2 2 12 16 11 2 0 0 9 28 38 34 25 24 25 33 39 23 1 3 21 27 25 28 36
24 16 9 15 33 44 36 21 36 66 62 25 52 63 80 90 61 46 36 31 30 43 53 47 28 47 75 63 39 27 12 18 22 39 44 93 78 22 29 39 21 36 8 69 73 99 82 41 57 30 72 72 65 56 47 39 26 11 13 31 53 61 39 37 37 52 65 74 57 32 26 17 19 14 10 8 8 8 11 15 21 28 27 23 28 38 33 19 9 19 37 48 38 18 11 17 25 21 21 25
19 11 5 11 29 41 34 21 17 34 31 14 45 65 93 117 48 27 28 47 61 69 72 66 77 68 80 54 36 26 11 22 43 89 97 86 86 53 53 44 18 56 46 63 125 91 76 58 65 111 120 132 100 31 22 15 61 52 47 38 78 93 35 24 77 73 54 55 55 28 29 29 32 23 22 26 20 9 12 24 39 55 54 35 26 33 28 12 11 21 32 36 34 31 31 33 15 9 5 7
19 21 21 21 24 30 31 28 35 32 25 24 36 32 46 76 51 30 30 52 71 81 77 61 42 83 104 38 36 76 68 28 25 44 102 140 49 109 53 37 0 81 107 60 91 164 160 113 93 64 139 153 71 54 17 54 39 52 37 68 87 83 61 126 150 112 47 40 67 35 33 29 21 25 31 32 21 13 21 37 41 52 51 36 26 26 22 12 16 23 26 23 26 36 41 38 25 19 16 17
16 19 21 20 24 31 34 32 29 32 27 27 25 28 33 48 62 52 46 40 37 51 60 53 45 84 127 94 56 9 15 21 67 74 105 63 163 71 8 50 63 9 49 47 107 141 188 121 158 51 145 199 35 0 118 118 62 49 13 167 196 115 63 142 202 142 42 32 89 47 42 36 0 21 36 27 13 16 31 43 33 30 30 32 30 24 20 20 14 23 27 23 25 31 27 16 24 20 19 22
39 32 24 24 35 44 38 27 1 22 20 13 6 33 36 30 36 48 58 41 16 18 36 42 66 64 90 117 100 19 88 158 142 184 134 108 46 9 73 135 155 158 120 74 81 116 177 198 255 200 192 110 126 46 102 192 239 189 50 125 135 80 53 98 162 113 12 6 75 24 39 58 15 40 52 36 18 21 35 42 26 17 18 30 34 27 24 29 27 30 26 18 17 21 19 12 14 10 10 14
55 46 35 31 36 40 33 21 14 24 23 29 9 20 11 4 20 30 47 46 20 9 17 25 40 60 42 51 82 63 163 166 96 198 162 156 176 154 166 109 233 189 98 131 64 193 123 255 245 248 200 190 139 17 207 242 241 255 152 64 33 40 62 59 72 82 35 44 96 5 24 66 32 43 48 40 27 25 33 42 27 24 26 31 33 30 27 28 37 34 28 22 21 26 31 34 27 21 18 20
37 39 35 26 20 20 21 19 16 5 16 63 45 31 16 33 51 30 28 34 21 6 6 11 22 27 17 99 162 102 189 185 131 239 229 178 240 231 249 243 73 24 252 210 112 231 179 253 255 187 62 211 197 74 211 225 220 255 181 33 43 100 122 65 19 96 119 150 172 22 12 52 15 11 15 24 25 22 30 44 29 37 39 32 28 31 29 22 24 28 36 45 48 46 45 45 32 24 18 18
21 27 23 17 14 6 7 22 32 32 38 41 28 13 19 38 39 33 31 33 30 23 24 32 49 28 35 73 74 49 123 133 73 139 125 169 243 255 224 252 237 231 255 255 226 244 255 209 255 155 76 192 252 134 163 83 225 224 154 79 19 74 105 34 18 115 202 202 139 87 53 26 34 8 0 43 28 26 32 39 30 43 39 17 4 12 18 16 18 10 29 54 47 26 15 11 18 32 38 29
23 26 29 39 46 33 20 26 19 21 28 34 27 13 9 13 31 19 15 29 43 44 35 28 57 39 25 64 53 49 101 108 84 107 147 247 221 227 255 229 255 227 238 241 239 250 236 167 240 255 233 224 199 144 214 136 186 193 255 109 70 50 71 39 76 169 167 154 73 180 146 25 39 25 32 44 25 27 36 47 23 18 15 14 13 12 12 14 18 15 22 25 17 17 20 15 14 18 27 35
32 40 39 46 68 69 42 19 0 3 11 23 32 35 33 30 14 4 1 14 31 37 32 25 18 12 0 32 10 12 25 13 37 90 205 194 242 247 109 233 217 255 255 147 153 255 255 158 233 244 250 248 255 245 249 126 239 255 241 213 128 92 73 76 160 207 57 113 75 251 198 0 27 15 44 34 33 43 37 40 26 6 3 22 29 17 12 20 24 27 26 12 7 34 58 57 50 34 25 30
23 35 27 28 73 107 80 32 27 27 25 24 31 40 43 39 28 29 27 20 16 18 25 31 24 26 13 35 23 25 27 4 4 31 88 141 140 140 180 233 255 244 246 158 162 216 244 255 253 233 254 239 219 216 255 246 255 248 217 209 252 219 255 255 249 183 41 114 247 214 90 86 64 23 41 15 39 51 29 25 43 27 25 40 40 23 19 29 37 37 32 14 8 35 65 71 56 41 27 22
52 43 22 28 74 98 64 21 38 38 33 25 25 33 39 40 53 61 60 42 27 26 33 39 25 22 18 8 19 24 44 30 25 0 33 23 12 27 48 118 154 162 155 68 125 248 255 220 194 183 242 255 255 255 254 255 255 236 255 195 252 221 201 185 115 156 143 0 255 255 45 18 117 54 44 8 34 40 15 21 56 56 57 51 36 22 23 32 42 30 24 16 3 8 28 39 40 52 55 48
79 48 25 45 74 62 27 11 22 24 24 23 20 20 24 28 29 38 40 34 35 43 42 33 31 30 36 14 34 31 45 34 4 7 32 38 44 25 31 45 25 27 14 0 70 207 213 163 107 110 189 235 249 225 198 242 249 250 218 255 251 255 219 244 251 255 223 105 205 206 98 53 68 38 34 19 37 35 12 23 50 61 63 46 24 16 20 27 26 10 13 24 17 13 29 45 53 71 72 53
45 32 22 38 57 49 36 39 39 32 28 26 17 3 0 1 8 17 19 17 27 42 39 23 20 26 31 23 32 31 16 6 2 24 26 27 45 25 43 31 28 32 13 21 38 117 123 102 75 47 86 160 220 178 92 115 140 118 70 143 212 232 255 255 217 238 249 255 214 162 125 104 5 21 21 29 43 46 21 20 34 40 41 33 22 17 20 23 18 3 10 28 29 30 47 61 44 49 40 19
32 49 41 21 23 34 35 33 42 28 22 26 23 11 8 16 33 43 40 24 22 34 34 23 22 28 17 24 25 42 16 17 25 10 43 12 12 29 38 26 34 44 31 62 18 38 36 35 47 12 10 80 190 181 58 29 71 64 120 104 211 223 176 76 145 175 210 50 159 134 20 0 22 50 25 29 37 53 31 16 22 18 18 25 27 23 22 25 29 13 13 19 15 17 29 35 14 15 16 17
40 37 36 37 34 24 13 7 29 40 50 48 33 19 17 21 37 28 22 22 21 21 28 38 37 21 8 13 31 42 37 26 36 19 32 74 89 65 45 48 16 19 0 24 13 43 14 6 25 0 49 12 88 110 59 43 101 153 193 102 134 131 129 33 160 96 126 246 255 245 68 2 56 35 8 5 23 27 20 22 9 11 19 29 33 32 32 34 25 32 32 23 14 12 9 5 4 29 40 25
27 29 31 33 35 35 32 28 20 29 48 60 45 18 9 17 24 17 11 8 8 16 38 59 75 46 20 20 40 50 39 21 24 22 30 47 52 47 46 54 51 48 15 29 21 54 25 9 26 26 68 24 45 52 17 5 56 53 0 7 40 134 102 47 40 47 136 141 78 23 2 14 30 32 21 16 26 27 16 12 12 13 20 26 26 19 14 14 22 27 27 20 14 15 15 13 8 26 34 23
15 21 24 23 28 39 43 39 7 5 15 25 12 0 0 24 29 28 28 26 26 35 56 76 67 55 44 47 54 49 27 6 22 34 35 20 7 8 14 16 22 23 0 19 25 65 47 33 56 33 33 31 63 90 53 3 13 46 6 53 0 71 61 106 42 41 104 93 51 21 46 20 7 27 30 21 22 19 9 6 4 3 6 9 7 3 3 6 10 14 15 11 9 13 19 22 0 5 10 7
14 20 19 13 16 28 32 27 38 50 67 71 49 22 15 25 23 24 27 31 34 35 37 38 23 39 56 58 44 26 13 8 16 32 38 27 19 21 24 22 25 26 17 40 39 58 45 44 9 30 46 52 5 7 29 41 33 24 0 35 15 29 2 14 30 30 43 81 31 51 65 14 5 22 26 19 16 9 5 10 15 13 13 15 16 18 27 37 17 18 16 10 6 8 14 19 8 6 8 14
23 24 19 11 12 19 17 10 21 47 63 52 34 29 34 38 25 18 11 13 22 26 18 9 2 24 43 41 21 8 13 24 21 22 25 30 32 29 23 19 27 26 29 49 36 29 28 50 58 42 23 56 28 29 43 52 47 34 34 30 30 12 22 35 29 34 22 68 0 26 56 31 13 21 23 24 24 13 8 19 23 23 24 26 24 23 29 38 36 33 27 20 12 8 11 16 21 15 14 21
34 27 21 20 23 21 13 5 14 39 44 18 4 23 51 65 36 24 8 2 10 22 23 18 4 18 33 36 28 19 17 20 28 15 10 18 22 15 7 5 8 7 14 28 15 6 21 54 47 29 13 45 27 24 35 60 44 26 10 7 15 23 30 35 40 23 9 35 0 25 55 21 13 24 29 32 38 31 23 26 23 26 31 31 21 8 2 4 25 23 22 21 17 14 19 26 27 21 18 19
42 28 23 34 41 31 16 8 8 38 54 35 9 2 7 10 26 27 21 10 6 11 17 18 17 25 35 41 39 32 23 17 19 14 14 22 28 30 31 33 30 31 32 25 15 8 18 31 41 43 41 42 23 11 8 38 23 31 21 25 3 12 9 23 43 36 44 54 49 70 83 43 4 31 37 28 38 50 45 35 34 38 42 41 28 11 4 4 10 10 14 19 19 17 22 30 33 31 27 22
47 28 24 42 52 38 19 11 13 36 53 43 18 3 9 22 19 41 55 45 25 14 14 16 35 37 38 33 27 26 31 36 21 28 31 27 22 21 22 22 28 36 37 21 20 24 23 11 15 41 59 38 21 9 0 34 27 45 50 52 21 16 15 32 43 38 33 50 59 107 85 33 0 37 41 16 27 59 61 42 30 32 33 30 20 10 11 17 19 18 21 25 22 14 15 21 18 20 16 8
40 40 41 46 49 42 27 15 19 31 49 49 34 33 42 44 26 39 45 38 25 16 15 16 36 33 23 12 10 20 30 34 43 56 59 20 4 22 19 14 23 29 27 19 21 27 18 1 2 39 64 52 28 23 31 36 48 65 84 64 42 34 14 8 21 19 26 18 24 69 70 9 2 21 30 24 26 41 50 46 32 29 15 24 16 29 27 36 46 43 40 33 20 10 12 21 11 9 9 12
29 48 53 47 50 47 30 18 11 24 47 61 54 40 39 48 26 23 21 30 34 20 15 29 55 30 11 11 19 19 15 13 28 47 62 34 15 23 18 20 20 27 27 21 22 26 18 4 5 17 32 35 28 25 39 56 47 59 63 32 26 44 26 4 0 20 47 37 10 25 36 6 22 27 24 13 12 23 33 34 33 27 16 31 22 28 21 31 42 40 34 23 12 6 7 10 18 13 7 5
27 51 43 27 40 47 29 17 31 33 30 36 52 51 37 31 18 11 10 38 62 43 32 57 63 29 6 13 23 21 19 24 31 42 61 47 34 32 18 18 11 17 20 17 18 22 21 14 19 5 4 19 22 14 22 41 33 36 40 18 21 43 33 23 28 37 54 42 6 5 23 21 40 34 26 19 16 15 15 15 22 18 16 43 33 26 9 17 18 21 16 8 8 18 24 23 33 26 15 7
49 63 48 38 60 63 39 29 19 24 9 3 29 49 40 26 42 45 45 62 72 39 14 33 60 41 23 18 19 22 33 46 39 33 44 41 38 33 12 10 23 25 25 23 26 33 42 46 37 16 5 14 15 3 0 6 16 9 25 28 25 25 26 48 63 43 40 42 30 27 31 28 42 33 31 39 42 35 27 25 16 14 20 56 45 28 3 9 6 12 10 5 17 40 51 47 34 28 18 10
4 12 10 15 27 23 18 29 49 38 20 11 14 15 12 12 41 60 65 61 51 26 10 19 50 49 38 22 17 27 36 37 24 16 26 23 18 14 6 20 32 25 19 16 17 25 38 49 44 33 21 18 21 22 20 16 23 14 28 30 24 19 19 43 41 29 34 50 49 38 30 27 29 14 7 18 28 29 29 33 30 23 23 53 41 26 5 14 20 23 18 10 20 41 50 44 37 34 31 27
14 18 30 33 25 36 82 129 126 58 20 27 26 16 20 27 24 45 57 43 26 28 38 40 24 34 32 21 23 36 35 22 7 10 28 17 0 1 14 48 39 26 15 12 11 10 18 29 34 33 25 19 32 55 64 58 50 48 48 26 21 33 24 21 12 26 42 44 32 21 30 49 52 28 4 0 4 12 22 32 38 26 13 30 18 14 5 19 23 22 13 4 8 20 25 21 25 27 30 31
51 52 72 68 38 57 118 154 103 37 21 41 40 54 78 75 44 44 54 41 16 29 48 36 6 20 29 25 22 27 31 32 19 23 37 20 1 5 20 52 57 43 35 36 33 22 18 22 19 19 14 13 32 57 64 56 47 54 60 33 22 32 19 11 16 38 44 30 18 20 37 59 72 52 29 17 17 24 30 33 24 16 2 14 5 14 11 24 18 13 5 0 0 3 7 9 2 7 12 15
60 65 97 92 46 48 72 60 25 28 69 73 34 51 86 67 43 25 40 43 23 41 63 41 11 27 41 34 12 3 22 48 43 35 36 17 7 14 15 31 51 39 35 43 40 22 8 6 10 5 2 7 23 34 29 16 17 29 54 44 22 10 0 13 25 41 37 25 33 41 37 33 27 23 18 17 21 25 21 14 7 8 1 17 13 27 23 31 27 19 11 7 3 0 3 9 14 19 25 27
50 65 67 44 31 50 58 37 11 27 72 40 28 15 21 37 36 41 39 29 25 31 38 41 26 36 47 42 17 0 13 39 43 10 9 25 15 5 11 15 32 29 37 39 22 12 14 14 18 11 16 3 22 17 20 5 9 23 38 38 24 11 11 17 29 32 23 8 8 21 25 17 8 27 33 16 5 13 24 25 18 13 24 0 0 3 11 15 16 1 2 3 8 5 2 32 46 57 55 41
55 34 26 23 12 19 55 87 49 34 44 12 19 22 23 27 45 33 19 17 31 41 32 15 34 32 31 26 13 7 24 49 38 26 24 30 29 24 15 5 0 4 25 35 26 20 18 10 26 28 29 16 21 21 22 12 25 28 25 23 37 58 65 58 45 25 7 5 13 20 23 24 25 34 34 22 14 16 17 13 28 28 36 5 13 6 5 18 26 6 12 13 12 14 16 40 51 59 56 43
38 15 18 32 15 1 32 75 88 59 47 25 42 50 44 36 62 42 20 17 30 36 19 0 32 22 14 13 11 14 28 44 44 53 41 33 49 51 29 15 15 17 28 33 23 21 26 23 16 25 22 20 11 18 18 21 23 22 16 24 63 105 104 77 39 22 23 44 52 36 25 28 39 31 21 17 17 16 11 6 13 18 22 0 18 10 12 45 55 28 37 33 16 17 22 32 33 36 31 20
12 18 39 47 28 13 20 28 41 28 23 19 31 33 23 11 0 0 0 14 36 60 77 85 40 33 28 31 32 33 37 43 32 45 19 7 39 44 23 25 21 7 13 23 9 0 0 0 13 16 11 29 14 24 24 43 14 11 6 17 55 89 86 61 32 33 51 74 71 43 26 27 39 17 2 8 20 21 14 9 36 41 39 15 49 45 53 104 64 36 50 44 15 16 21 19 31 29 23 16
5 17 36 38 27 27 31 25 29 26 21 35 44 48 42 32 20 22 23 21 20 31 52 71 38 37 36 36 33 29 29 32 27 33 3 2 40 37 21 47 49 32 53 88 74 31 14 20 14 6 0 22 9 10 11 37 19 11 3 4 16 31 38 39 35 37 40 42 41 36 31 27 35 13 2 18 37 36 24 16 26 29 24 0 26 15 16 62 40 22 44 41 16 22 26 21 34 26 20 19
9 7 20 33 28 24 29 31 26 20 0 23 34 47 48 41 32 26 19 15 14 18 30 42 31 33 32 27 20 17 21 27 31 32 10 18 50 36 25 63 57 36 56 95 82 35 17 26 32 24 16 20 6 0 3 21 24 23 22 19 11 5 9 17 17 16 10 7 22 44 45 33 37 24 21 38 53 49 32 19 29 32 36 9 28 10 0 23 27 21 43 37 20 28 29 27 26 15 10 15
5 2 19 34 27 18 18 18 23 26 3 31 32 39 43 40 26 19 14 16 18 15 15 17 30 34 36 32 27 27 33 38 24 24 8 12 29 13 10 48 55 30 32 49 39 19 21 34 63 73 71 38 23 20 32 30 23 33 37 30 22 18 13 8 5 13 15 13 23 40 46 40 42 34 29 35 42 41 30 19 23 26 40 19 33 23 11 13 22 26 40 26 16 23 19 25 25 12 9 20
0 6 22 24 15 18 23 15 6 28 18 50 33 26 27 27 7 8 15 24 25 19 15 18 7 15 22 24 23 24 26 27 31 31 15 8 12 1 7 41 33 15 11 14 10 14 30 40 62 91 96 35 21 26 47 30 28 35 27 10 11 28 29 15 24 38 43 29 12 12 28 42 44 35 22 15 17 23 24 20 20 19 37 17 29 29 23 16 7 17 25 7 4 12 7 20 15 1 0 14
1 20 27 16 12 21 24 17 19 9 40 60 29 13 28 31 14 19 22 21 23 26 21 13 24 12 6 13 18 14 13 17 19 16 1 0 10 3 6 35 16 0 31 0 20 23 17 14 17 30 43 37 20 21 28 22 15 21 25 27 30 32 28 22 10 17 31 36 19 2 12 35 35 16 10 12 8 11 21 24 12 24 45 28 7 50 71 23 36 47 32 16 22 19 13 24 28 27 21 15
39 21 11 19 30 28 21 16 19 12 36 45 16 10 34 41 25 34 40 37 30 23 11 1 26 27 28 26 18 12 15 23 15 14 1 1 16 18 24 48 23 15 53 3 17 16 12 9 7 7 15 16 10 16 22 17 4 27 53 63 54 34 11 0 0 13 22 19 15 24 42 55 30 19 16 14 9 16 26 25 21 27 44 36 28 72 85 32 45 56 44 26 26 23 22 35 31 32 27 18
48 24 9 18 35 38 29 20 17 15 28 23 0 4 31 36 17 27 35 31 22 16 12 9 24 30 31 25 19 20 22 23 18 21 11 8 21 30 39 54 37 36 64 11 15 24 43 56 71 51 40 34 22 15 12 3 11 36 63 70 52 27 12 8 28 40 37 21 26 51 66 63 36 36 37 29 20 30 40 34 21 31 53 46 33 63 73 30 18 32 27 9 0 0 0 10 28 33 27 12
19 26 24 17 27 43 41 25 16 19 24 13 0 10 26 22 8 14 17 12 6 9 21 32 22 21 16 12 19 31 29 18 21 28 25 16 16 24 34 43 32 29 51 18 20 24 49 74 70 44 30 27 17 11 11 8 14 27 43 44 28 14 19 33 54 56 46 31 38 57 57 43 39 48 54 40 27 39 49 38 32 57 87 73 38 44 57 40 24 42 50 38 22 13 16 25 28 33 26 9
10 24 30 26 30 40 36 20 15 23 26 17 15 29 31 16 15 15 13 8 3 9 26 41 24 25 20 13 18 28 28 19 18 26 32 22 10 13 27 34 24 17 38 34 31 10 11 26 29 11 7 10 4 5 17 24 7 12 24 29 18 5 13 32 43 33 25 29 40 42 31 17 23 37 46 32 19 33 43 31 25 53 83 69 29 20 33 32 3 23 44 44 28 20 23 25 30 32 28 18
33 23 23 35 42 34 19 11 6 18 20 16 24 38 35 21 15 12 11 11 12 15 25 36 29 40 45 35 22 18 23 29 23 25 34 30 13 15 34 42 47 35 38 43 40 18 10 15 22 16 19 19 10 14 31 39 23 21 25 30 17 3 12 35 37 19 13 29 41 33 18 10 8 21 31 22 13 27 37 27 7 20 38 36 16 9 16 17 3 18 44 51 39 38 43 38 27 24 25 30
41 27 21 29 36 29 17 11 3 15 14 9 19 32 35 34 20 12 7 12 17 19 22 26 28 41 54 52 35 21 25 37 40 24 27 28 12 14 34 43 51 43 29 29 33 36 38 33 9 13 23 21 11 19 37 41 34 29 34 38 22 3 14 42 46 26 17 29 39 34 24 20 13 19 28 24 16 26 35 27 10 12 20 26 23 19 23 27 11 14 33 39 27 32 41 32 27 16 21 42
24 32 28 15 15 28 29 17 10 22 17 7 14 25 36 48 42 25 12 13 18 18 17 18 21 28 42 54 49 35 32 38 51 21 15 17 1 1 21 28 14 23 10 8 17 36 38 18 23 29 36 24 6 10 19 15 12 19 38 51 33 5 8 32 43 26 13 17 28 34 32 31 23 24 30 27 19 24 30 24 7 7 14 20 17 12 18 31 28 21 30 31 17 25 36 25 33 18 24 53
11 16 17 9 21 8 31 24 20 14 11 14 19 28 42 54 52 61 35 11 30 45 29 11 14 28 18 61 47 28 30 36 37 28 16 9 8 13 20 25 8 13 21 27 29 26 19 14 26 54 63 39 14 10 13 10 12 25 38 38 24 10 4 4 25 34 17 3 16 23 22 32 28 7 10 16 1 4 25 32 13 24 29 24 17 17 21 24 29 25 21 20 25 31 32 30 40 34 34 40
8 14 12 15 20 8 22 17 15 4 2 10 16 18 31 48 48 42 28 28 52 63 43 20 33 32 17 24 16 14 22 29 36 33 27 23 26 31 29 22 8 13 22 30 33 31 24 19 20 33 45 43 29 16 12 14 3 21 30 21 14 16 17 11 7 17 17 13 17 19 21 28 31 15 19 23 6 0 7 7 11 15 16 13 15 21 26 26 26 20 12 11 16 23 24 21 22 28 32 29
22 28 19 35 25 11 10 8 14 5 3 9 8 5 14 31 47 37 38 50 60 67 62 47 25 21 26 5 3 6 13 21 25 27 22 18 29 42 37 20 0 5 14 24 30 29 23 18 10 5 13 27 25 8 4 13 6 23 24 8 5 19 23 13 13 14 25 28 17 13 19 22 19 13 24 34 23 13 10 5 6 8 12 17 27 36 37 32 34 28 21 19 20 20 16 13 13 28 34 25
10 20 12 44 33 29 24 27 10 17 22 17 9 10 21 33 16 12 18 14 7 40 90 109 53 18 24 0 24 28 14 10 17 18 10 4 21 46 46 28 0 1 9 19 26 27 23 18 8 0 0 9 9 0 1 12 18 26 23 11 8 15 15 6 23 12 23 30 15 13 24 21 3 5 19 33 33 24 16 10 26 30 33 33 32 27 15 2 39 37 34 31 25 16 13 13 4 10 13 12
17 26 13 41 28 24 17 17 0 28 41 26 15 25 40 43 31 36 38 19 17 85 169 204 116 41 20 12 59 63 29 10 18 21 15 9 26 51 52 35 9 9 13 21 29 32 29 25 17 20 20 14 10 10 12 12 20 17 17 20 18 11 6 6 15 2 13 27 23 28 33 21 4 8 12 19 23 14 1 0 18 27 32 29 23 18 12 6 28 28 27 23 13 8 17 32 22 10 10 24
33 39 25 34 26 20 19 12 3 31 44 25 11 19 27 25 10 25 29 16 26 75 116 121 98 53 44 58 85 72 43 31 18 26 28 27 37 48 43 28 22 18 15 17 24 29 28 26 19 37 43 29 22 26 22 9 10 5 10 23 24 13 10 17 19 16 23 35 44 48 37 14 15 17 10 9 17 11 0 0 15 22 25 18 12 18 29 37 19 16 13 10 5 9 32 58 53 31 28 49
25 33 26 23 35 39 57 45 13 23 29 23 12 7 5 5 0 15 16 11 23 33 23 9 33 43 51 83 81 62 44 34 14 24 33 37 38 37 30 21 30 21 11 8 13 19 21 20 20 36 41 31 26 31 25 11 8 10 15 20 21 20 22 27 34 44 42 42 58 63 40 16 26 28 13 8 23 23 14 18 44 45 38 21 10 14 28 38 24 18 15 17 17 20 39 60 53 38 32 43
44 49 40 19 35 35 58 39 17 10 13 26 25 12 6 12 16 23 10 3 17 15 5 12 20 37 20 58 59 57 38 8 13 22 33 38 35 30 26 26 36 24 10 4 7 14 17 17 25 31 30 25 25 31 29 21 17 25 26 18 16 25 31 31 35 53 44 34 57 68 48 30 34 36 17 9 27 30 22 28 33 35 31 22 19 29 45 54 32 24 24 32 33 28 31 40 55 48 41 37
39 45 35 49 20 17 25 27 21 19 38 16 18 11 9 10 10 21 9 9 20 32 37 13 34 33 33 32 30 24 17 11 4 21 50 30 37 25 17 21 35 19 9 15 23 22 19 19 28 33 37 32 19 14 27 45 45 34 25 24 25 22 18 17 21 18 19 41 45 42 53 43 48 46 24 36 11 40 26 21 25 23 15 19 34 36 35 43 44 43 24 28 28 8 12 21 41 42 19 35
32 34 19 32 11 21 44 56 49 26 24 0 14 18 15 9 48 25 14 42 33 0 10 43 39 32 22 15 14 16 20 22 3 20 48 32 53 54 43 34 35 20 10 12 15 10 7 8 16 23 30 29 20 17 30 47 53 41 29 26 24 19 15 14 9 13 18 37 36 36 62 64 56 33 32 104 93 74 18 7 12 15 21 43 67 58 29 13 68 61 35 35 32 9 8 14 43 43 19 35
19 21 6 23 8 27 59 76 80 52 43 14 30 36 35 30 45 41 28 33 25 13 38 57 35 25 12 3 4 11 21 27 25 33 42 12 38 50 33 9 38 27 18 18 15 8 6 11 6 15 25 27 21 18 29 44 54 40 27 22 19 16 13 12 14 24 29 35 20 19 55 69 78 46 52 142 133 97 33 27 33 35 33 42 54 41 18 10 59 49 21 25 29 11 12 16 50 48 21 36
6 13 6 29 15 30 57 70 60 50 58 28 28 24 26 30 30 53 30 5 18 59 80 49 20 15 9 7 9 13 18 20 13 25 37 16 72 124 132 114 38 30 26 25 20 12 14 23 5 14 26 29 22 17 23 35 44 30 17 13 13 12 12 14 23 36 39 35 10 6 45 62 31 22 27 87 64 47 4 3 16 27 27 22 21 22 40 69 37 25 0 8 22 13 17 21 61 55 24 35
