9 0 9 17 10 21 36 30 12 32 35 26 27 28 24 24 14 10 25 29 11 10 19 10 3 13 24 32 39 45 47 46 24 19 28 28 16 24 34 24 13 13 21 36 40 28 14 6 16 18 20 22 21 17 11 8 4 6 18 49 72 54 21 8 0 16 21 16 14 9 10 23 14 19 12 7 14 14 11 15 23 26 25 40 21 31 24 22 24 40 38 14 1 10 18 16 20 26 28 25
20 14 20 25 34 60 64 37 15 27 27 27 42 50 42 35 32 24 29 26 9 16 34 36 44 36 32 36 42 46 47 49 37 23 23 33 33 29 27 22 20 14 14 21 24 19 13 11 15 16 16 15 13 10 9 9 0 3 13 31 40 25 18 33 62 64 46 23 16 13 12 18 14 20 19 23 35 33 21 18 12 18 16 22 17 19 12 14 23 27 29 28 23 22 27 32 34 23 15 17
17 19 20 19 39 73 67 25 13 34 41 36 38 38 38 43 42 34 31 20 4 9 28 36 44 33 29 36 36 28 31 42 50 34 28 45 61 46 25 23 17 17 22 30 32 24 13 7 11 12 12 8 4 4 7 10 11 9 12 24 27 12 16 43 92 87 56 24 19 23 20 18 24 22 13 15 31 35 30 32 26 25 12 0 20 15 11 17 19 12 18 33 33 20 16 25 15 5 10 30
13 20 20 17 28 49 43 16 15 33 37 27 22 18 17 25 27 27 26 17 5 5 16 23 17 15 29 45 35 10 8 24 44 42 32 44 67 53 24 20 16 20 27 35 35 27 14 6 7 9 9 6 2 1 5 10 10 0 0 18 34 23 16 31 46 50 31 12 23 40 42 40 31 26 12 10 22 25 25 34 34 30 18 12 63 54 38 31 10 6 13 26 25 11 5 12 8 9 20 37
18 26 31 30 26 21 24 33 34 27 10 6 21 23 9 1 12 18 18 14 12 12 18 27 15 10 24 49 45 17 4 12 27 37 25 18 36 37 21 15 21 20 17 15 15 15 14 12 5 7 10 9 6 5 6 8 9 2 4 28 52 47 38 46 62 67 50 29 32 41 41 42 33 35 30 29 29 18 10 18 20 18 17 33 105 96 62 36 6 15 22 19 13 10 9 8 28 34 31 18
17 23 29 35 26 5 12 48 59 47 23 12 21 20 10 7 20 23 13 6 13 17 22 35 24 1 0 26 43 32 17 15 21 30 18 0 5 19 21 17 12 15 16 13 12 13 11 7 6 7 9 11 11 10 8 6 9 15 17 26 39 40 43 56 79 77 53 28 21 17 17 23 42 42 34 28 23 8 4 17 27 15 2 17 71 77 50 28 18 33 34 15 5 9 9 1 13 29 30 11
19 20 19 29 33 12 11 45 64 59 37 18 13 8 10 23 29 29 11 3 20 30 36 52 38 11 0 11 28 29 25 26 21 21 20 12 5 14 20 13 5 14 20 21 19 17 11 3 9 7 7 10 14 15 11 7 0 11 9 2 10 23 35 49 37 31 15 7 10 9 12 27 38 32 20 17 19 12 15 33 43 25 0 4 16 34 29 24 27 37 33 16 10 18 17 7 0 11 21 19
31 27 18 30 47 32 22 41 55 39 10 0 7 12 13 21 21 24 8 8 37 54 62 81 64 45 28 23 21 17 23 33 17 8 23 33 19 13 13 1 13 17 15 8 7 13 15 13 12 8 4 7 14 17 13 7 4 17 12 6 26 52 65 71 62 51 36 35 38 27 20 32 15 14 14 25 38 33 28 40 36 30 17 25 8 26 26 29 22 25 24 20 27 39 41 34 21 17 14 15
35 30 30 36 39 34 29 28 27 12 2 7 12 10 10 14 5 5 13 25 33 41 60 81 65 46 35 38 7 27 29 10 9 21 41 53 46 24 8 4 10 7 4 4 11 17 13 5 8 8 7 6 5 4 4 3 3 12 19 21 26 40 57 66 49 41 41 27 3 12 37 40 23 28 41 57 49 34 25 31 32 26 23 26 26 22 19 20 17 29 18 21 52 56 35 32 17 39 20 0
39 34 33 35 28 16 16 25 21 15 15 22 25 20 10 4 8 8 14 20 18 15 26 41 54 33 18 28 8 21 18 11 10 27 51 63 51 28 12 9 10 10 7 6 10 14 12 5 8 8 8 7 6 6 5 5 11 16 17 11 9 14 23 28 24 7 4 18 31 42 48 45 16 18 31 50 47 25 13 22 29 19 17 22 18 8 7 15 18 22 42 49 32 24 24 14 23 34 20 2
51 38 28 22 7 0 11 38 50 41 27 17 17 23 24 21 14 14 20 27 25 17 20 30 33 22 9 27 20 25 15 21 24 42 64 70 53 27 11 7 13 15 15 11 10 12 12 8 8 8 8 8 8 8 8 7 2 9 13 14 18 28 38 43 50 44 40 48 52 36 20 21 23 16 15 20 26 10 11 29 30 21 18 19 10 0 1 14 23 3 32 49 20 29 45 14 13 16 15 13
40 26 21 23 13 3 18 47 78 64 37 11 8 24 37 39 24 21 25 36 37 29 25 27 27 35 25 38 32 34 19 28 28 40 52 54 41 23 11 6 16 21 21 16 11 12 13 11 8 8 9 9 9 9 9 10 6 10 11 9 11 17 21 21 18 39 42 39 43 27 7 9 24 25 17 2 19 13 22 35 36 35 29 16 5 3 9 16 31 14 26 25 10 40 62 30 0 0 13 26
14 8 15 34 40 31 32 44 60 54 37 19 16 26 32 28 35 26 23 30 31 20 9 6 26 45 38 38 23 28 18 26 23 25 27 27 25 22 16 12 14 19 21 15 10 10 11 11 9 9 9 9 9 10 10 10 12 13 12 9 9 12 10 6 0 31 33 22 39 48 30 16 2 28 34 6 33 27 26 20 36 44 35 11 1 13 19 13 38 63 56 18 10 39 53 44 16 13 23 33
19 8 7 23 40 47 50 54 33 29 22 14 13 19 22 20 37 27 21 24 23 14 8 9 8 22 24 32 12 18 15 24 35 32 25 20 21 22 18 12 8 14 15 10 6 7 9 8 9 9 9 9 9 9 9 9 7 10 12 15 23 30 29 24 41 82 85 49 34 45 42 26 0 25 34 0 29 17 16 11 30 37 28 8 5 19 19 4 36 82 65 25 43 67 59 54 46 43 35 26
36 21 8 12 31 48 54 51 24 16 9 8 8 10 14 20 23 19 19 21 18 16 25 40 13 9 28 68 43 30 17 19 37 37 32 25 22 22 17 9 6 10 11 8 7 9 10 8 10 10 9 9 8 7 7 7 11 12 11 12 16 19 13 4 36 75 90 51 12 21 41 40 0 25 34 0 31 3 6 16 27 23 17 17 23 24 13 0 24 60 51 32 56 69 52 45 43 52 33 11
31 27 21 24 39 50 42 25 19 13 13 19 18 10 7 12 6 8 13 14 7 8 29 55 50 30 63 126 94 52 18 8 14 22 26 23 21 21 17 11 8 11 11 9 10 14 14 11 11 10 9 8 7 6 6 5 11 11 11 13 19 23 16 6 25 38 50 29 3 20 44 37 4 29 48 25 60 7 0 18 29 13 11 30 41 29 10 0 13 44 54 39 27 16 12 20 18 40 22 0
33 22 34 53 49 34 29 26 35 49 41 35 48 42 18 9 7 10 15 15 48 14 8 29 32 17 46 106 48 56 44 23 10 13 17 25 25 8 2 18 12 16 19 20 17 13 9 7 9 11 11 9 6 4 6 9 11 14 14 13 19 28 31 27 8 10 30 36 20 24 40 36 11 41 75 85 28 15 14 18 31 7 9 37 49 41 22 5 13 20 35 25 4 13 25 9 12 11 10 10
31 18 29 53 56 47 40 34 52 62 66 68 66 49 31 26 15 19 35 46 79 53 28 11 12 21 28 31 7 21 39 51 48 34 14 12 23 20 11 14 14 16 17 16 13 11 10 10 9 11 11 9 6 6 7 10 8 11 11 8 10 15 15 12 4 3 23 33 19 18 31 32 11 47 83 86 25 14 18 24 21 18 22 34 39 29 20 21 25 20 22 17 15 37 51 34 14 13 12 11
25 10 19 44 52 49 44 36 40 41 53 58 44 30 27 24 27 23 34 43 74 82 68 27 0 35 30 0 7 13 22 38 46 39 19 13 30 38 29 22 16 16 14 11 8 8 10 13 9 10 10 9 7 7 8 10 9 13 14 11 9 9 8 6 5 3 21 37 27 18 27 35 20 48 70 69 17 18 21 19 8 23 21 19 29 26 23 36 26 20 17 11 13 36 50 39 19 20 20 20
24 9 15 34 40 42 42 37 21 12 19 19 8 17 30 20 24 17 22 17 28 66 75 31 13 45 35 18 27 31 10 5 18 39 42 32 37 41 32 24 15 14 13 10 8 7 10 12 7 8 7 7 7 7 8 9 9 13 16 16 13 10 8 7 12 7 19 35 26 9 12 25 22 28 29 30 3 25 26 10 8 27 12 0 18 22 15 28 28 34 32 17 6 13 22 21 19 20 23 26
28 15 18 28 29 34 42 43 26 16 14 9 9 37 51 31 15 18 28 16 0 35 46 3 29 31 17 33 12 36 21 15 29 56 59 38 31 31 21 11 11 12 13 12 10 8 9 10 6 5 4 5 6 7 8 8 8 9 12 13 11 6 3 2 9 7 12 24 21 3 2 20 27 20 10 12 0 24 30 16 19 42 25 3 12 12 7 23 53 57 46 25 13 10 11 13 12 14 17 19
28 16 16 21 19 25 36 39 25 22 19 15 22 43 47 30 27 30 33 25 2 36 43 10 16 6 3 40 1 37 40 41 52 64 49 23 21 27 20 9 8 11 14 15 13 10 9 8 6 4 3 4 7 9 9 9 13 10 10 13 12 7 1 0 0 4 9 22 32 27 32 54 56 49 41 40 6 21 28 25 22 51 52 31 20 15 24 48 69 62 36 17 22 24 18 18 13 14 14 15
35 20 16 18 15 20 26 22 15 16 15 19 23 17 17 28 42 31 17 27 24 64 60 33 14 4 7 36 19 42 40 30 37 46 33 15 21 30 23 15 9 12 14 15 13 11 10 10 7 5 4 6 9 12 12 11 16 9 6 13 17 13 7 4 0 8 10 17 36 42 50 74 69 61 60 68 31 32 29 27 21 42 55 45 26 18 32 51 51 47 23 9 22 24 15 19 17 16 15 14
50 31 23 23 20 22 21 10 14 16 16 24 23 0 0 42 39 18 0 29 47 82 57 22 37 22 12 15 34 42 27 1 5 27 32 24 26 26 17 11 11 13 14 13 12 11 11 12 9 7 5 7 12 14 14 13 12 2 0 8 17 16 11 8 1 15 8 4 19 24 29 49 47 33 39 68 49 50 37 28 26 28 38 36 17 8 13 16 22 35 24 13 19 12 5 17 14 13 12 11
39 28 25 33 36 25 12 7 8 18 6 19 12 17 20 61 36 16 21 40 34 15 7 6 35 48 34 20 34 33 12 4 9 25 29 25 29 26 16 13 12 9 17 20 13 13 16 11 12 9 7 9 12 14 11 8 7 8 10 12 15 14 12 9 9 4 7 1 20 8 20 33 17 9 21 39 39 36 39 39 37 20 23 24 12 16 21 7 6 22 28 17 8 13 18 15 21 37 28 18
35 17 12 26 32 20 11 12 11 10 12 20 9 18 27 38 14 5 11 28 43 51 38 10 49 41 12 0 9 21 28 43 53 46 25 13 19 19 11 9 12 13 24 27 16 13 16 11 7 7 8 7 7 9 11 13 14 11 10 13 19 20 16 11 13 9 13 10 31 19 28 38 31 17 17 21 14 12 24 31 44 21 18 24 19 27 42 42 35 20 15 14 18 37 49 40 36 59 49 26
39 17 8 21 28 19 13 17 22 16 28 20 13 22 33 10 6 15 21 21 40 75 72 33 50 35 12 6 16 19 32 57 61 46 19 6 10 9 6 13 16 19 31 34 20 14 16 11 13 14 13 8 1 0 2 6 12 15 17 16 13 11 12 14 17 12 17 15 37 22 24 29 32 19 18 17 5 6 23 35 44 23 16 21 20 27 41 46 31 13 24 37 36 54 62 36 41 65 57 25
44 28 13 12 16 17 13 9 28 31 37 12 26 30 32 0 11 29 32 10 9 48 68 50 42 28 23 32 32 18 20 39 35 32 21 14 13 4 3 16 22 21 30 31 19 15 15 9 12 13 12 7 2 0 0 2 6 19 29 22 6 0 8 21 18 11 15 12 33 13 9 10 19 15 24 27 15 12 24 30 20 17 14 11 13 21 25 19 3 9 46 56 39 61 77 44 47 59 54 35
35 32 16 0 2 15 14 1 13 30 26 0 36 39 31 14 30 40 41 18 4 28 56 58 31 18 20 31 26 12 14 25 21 24 20 18 20 11 2 8 24 18 21 22 13 11 12 4 3 2 3 6 11 13 11 9 8 17 24 21 13 9 14 22 15 9 13 11 30 9 4 3 11 11 23 28 17 13 16 15 0 15 13 0 7 23 18 1 0 15 48 41 24 69 105 76 19 12 12 18
25 28 17 0 2 18 23 14 0 11 10 4 34 41 36 29 29 26 28 24 16 24 36 35 13 10 22 33 27 24 25 19 17 20 11 7 18 20 10 7 20 15 18 17 8 8 11 5 9 6 5 8 14 17 14 11 13 7 4 11 21 24 17 8 12 8 15 14 35 17 16 18 14 8 12 16 13 19 26 22 11 30 21 1 8 22 13 0 8 21 36 23 17 66 94 64 34 16 23 43
19 16 13 10 12 19 29 36 12 0 13 37 24 38 44 29 8 5 15 22 17 13 11 1 11 18 35 39 32 41 41 17 22 38 31 12 10 15 16 17 17 19 28 27 12 9 16 16 22 19 15 11 10 11 12 12 20 12 7 14 24 25 13 0 8 7 17 17 39 24 29 36 27 10 2 3 9 26 38 34 25 36 24 11 19 17 3 1 10 19 26 18 17 41 50 31 33 19 31 47
14 3 3 16 17 12 24 47 42 0 28 73 18 33 49 18 20 27 44 49 34 25 20 10 30 34 41 28 19 43 51 21 39 74 76 37 7 3 12 25 17 26 42 41 20 14 24 29 23 22 18 12 7 9 17 24 29 31 32 32 27 20 12 7 6 6 17 17 38 25 33 43 42 18 1 0 3 21 31 23 16 20 14 19 32 16 0 9 10 16 19 14 10 16 28 35 30 25 39 44
3 27 8 2 32 14 1 49 30 29 28 56 40 37 27 44 37 65 80 60 35 30 37 40 30 29 33 22 10 32 47 28 50 87 81 24 18 5 26 27 22 31 57 73 42 43 24 12 10 16 21 11 36 13 10 16 7 30 47 40 23 12 10 9 5 16 10 6 19 21 27 48 50 20 0 7 21 22 17 16 13 9 29 39 21 15 23 20 11 0 12 34 31 19 13 10 24 15 20 27
11 16 16 24 40 40 25 18 20 17 16 40 30 37 19 8 38 59 67 44 24 38 52 42 12 5 17 25 17 23 34 29 50 64 44 1 16 15 22 16 39 43 62 69 43 37 24 12 4 8 16 18 49 29 15 9 8 9 15 22 21 15 17 25 12 14 12 15 19 16 19 32 38 20 11 22 29 25 21 25 21 15 33 45 28 18 24 25 18 8 19 35 27 14 14 15 18 7 9 14
18 7 28 42 36 59 67 28 5 9 21 39 28 42 30 3 15 27 37 20 6 30 43 19 13 4 23 50 41 20 15 18 32 41 30 4 22 20 14 11 22 27 47 55 46 33 28 13 8 6 10 20 51 39 23 12 1 10 18 24 31 33 22 7 17 10 20 32 24 15 19 24 23 14 13 21 21 14 16 27 24 15 27 41 28 14 19 27 36 27 36 46 34 23 26 30 27 15 15 19
11 11 47 61 38 54 72 45 21 30 57 69 49 52 56 40 11 14 34 38 26 35 39 13 16 14 38 68 60 26 6 7 22 31 32 21 36 31 8 9 25 24 24 28 30 19 28 21 26 19 16 21 36 35 31 29 29 22 24 36 37 26 20 23 25 16 35 49 27 11 17 21 22 11 8 12 10 5 12 27 26 15 19 31 23 8 13 29 47 37 43 51 42 35 37 37 32 21 23 29
1 17 53 70 52 38 34 23 13 14 37 45 30 19 27 27 16 11 32 53 43 29 26 20 8 14 30 49 51 30 12 12 32 33 31 20 31 37 10 23 87 75 34 24 16 6 21 24 32 28 26 27 18 19 26 35 25 10 32 73 63 13 1 30 24 22 44 51 20 3 14 22 29 16 12 21 24 18 20 29 33 23 19 23 18 5 8 28 37 24 27 38 36 33 32 26 16 8 13 22
9 15 28 41 42 30 18 13 27 23 32 35 47 34 39 45 22 11 17 39 39 15 11 32 26 29 24 26 36 30 20 23 32 43 45 20 11 33 24 67 128 124 64 65 43 24 17 15 14 17 23 31 6 7 12 19 8 28 55 65 46 18 7 11 6 16 34 34 14 8 26 42 32 20 21 37 46 36 25 23 29 27 17 13 13 3 3 20 25 11 12 22 25 27 26 17 9 2 9 19
25 17 17 18 18 32 37 21 15 29 30 14 41 31 34 45 40 35 23 34 51 32 26 60 62 55 35 32 45 37 25 34 36 48 54 38 39 76 54 87 117 130 65 92 63 46 17 12 3 5 15 37 13 18 14 12 31 54 57 33 19 30 39 36 9 27 30 19 15 21 37 57 41 28 28 44 51 37 19 12 13 23 15 8 15 11 7 19 23 10 11 17 18 24 28 22 20 12 18 26
32 25 39 31 10 34 50 14 13 52 51 9 29 14 18 36 45 49 27 29 59 49 38 72 78 65 45 50 66 50 32 44 58 44 38 53 102 155 85 66 106 121 40 78 45 43 17 21 12 8 17 48 30 44 35 25 24 23 46 81 80 49 38 53 38 56 42 18 19 26 34 52 56 40 34 44 46 30 13 7 0 20 17 11 25 27 21 30 24 14 14 16 13 20 30 29 28 18 21 28
35 31 40 54 22 51 47 9 18 58 71 42 11 0 10 31 46 57 34 19 30 31 27 47 44 35 42 67 24 28 56 100 104 62 36 27 112 141 167 75 216 114 96 108 23 27 36 28 29 10 35 42 42 27 17 51 33 34 80 155 240 94 16 55 54 47 49 76 54 26 4 47 60 65 43 19 18 11 2 12 21 7 7 14 11 10 13 10 7 0 2 8 0 10 27 25 15 18 26 22
30 19 29 44 27 39 38 15 18 48 66 56 32 8 10 31 43 35 30 23 29 19 28 42 26 23 25 54 71 28 81 65 71 42 40 64 69 181 200 83 250 146 104 56 34 32 36 58 45 35 39 70 65 33 22 64 48 20 85 203 255 103 25 129 148 101 56 48 66 40 15 32 65 63 38 18 24 21 11 14 15 15 16 12 9 18 24 17 22 19 14 0 0 7 24 24 27 9 0 0
20 10 27 42 46 32 27 13 17 27 35 40 35 19 24 51 47 17 22 24 53 37 47 44 46 34 60 77 84 69 38 32 41 62 62 106 67 149 165 83 245 180 75 53 27 26 43 60 48 33 38 66 73 31 38 72 57 31 94 195 152 69 73 212 233 159 63 14 64 43 21 20 48 43 23 15 26 25 10 1 9 22 25 15 14 28 30 19 16 31 25 5 4 17 25 29 26 15 13 13
16 9 22 20 35 17 19 13 13 12 11 22 35 32 30 43 37 29 34 21 73 50 51 48 60 43 50 25 41 50 60 97 106 30 48 55 30 149 133 72 240 196 80 97 59 59 64 51 55 25 47 87 31 53 51 46 50 105 112 196 88 24 99 216 255 221 120 52 70 38 15 21 36 36 32 34 44 42 24 7 2 18 22 19 26 31 23 14 11 29 23 11 19 26 35 56 47 30 24 21
19 15 18 0 8 6 26 25 15 18 18 30 51 48 24 8 21 55 54 18 81 57 43 48 71 84 59 13 87 12 140 147 134 77 88 202 99 202 255 142 142 140 179 68 69 8 50 110 48 75 107 12 170 105 52 57 124 42 216 250 56 86 29 73 250 206 68 22 51 57 29 23 22 27 36 40 40 38 28 15 2 13 18 30 47 38 19 17 29 30 19 18 27 23 37 75 76 37 12 12
19 26 42 32 24 26 40 32 26 29 26 33 53 54 32 15 31 56 38 19 106 108 71 50 39 63 57 23 74 10 74 106 81 50 177 255 255 156 255 204 200 255 122 78 73 40 59 37 19 51 46 1 0 63 102 180 133 189 227 255 250 252 141 123 196 178 66 49 63 67 38 24 15 22 36 37 24 22 25 17 19 31 33 46 66 52 31 38 36 30 32 46 46 25 26 53 53 33 39 65
24 31 62 79 42 35 37 28 29 26 21 28 41 37 31 37 36 26 11 29 108 136 98 48 37 50 63 37 27 56 29 155 97 39 150 202 248 253 127 255 252 233 250 97 98 180 178 152 103 82 56 92 136 179 237 247 176 249 218 211 246 238 136 71 114 160 138 127 93 39 27 19 32 41 63 64 41 35 38 27 40 61 55 48 60 50 36 49 31 24 40 60 53 36 33 38 19 23 60 105
36 27 51 78 20 12 20 24 18 16 20 35 37 13 6 26 16 0 8 44 69 97 85 40 26 62 81 57 38 40 29 165 69 68 144 125 254 238 192 244 208 255 239 227 1 218 255 197 132 91 80 116 182 128 252 246 235 255 250 255 253 202 144 80 68 54 6 2 39 21 37 4 35 48 78 83 56 42 37 19 47 78 64 35 36 33 25 39 35 22 31 41 34 42 59 59 28 11 27 66
13 0 0 28 14 25 26 26 23 30 50 54 27 10 24 42 36 3 24 61 23 54 70 37 26 64 69 69 96 75 90 77 39 159 163 190 246 240 215 249 211 255 255 252 53 246 255 197 197 177 180 255 161 55 222 252 255 245 236 182 140 83 18 62 119 111 86 49 41 35 24 15 25 10 23 12 38 29 27 14 49 79 67 39 31 16 12 37 47 35 22 18 23 30 32 31 19 6 6 12
31 37 51 60 14 9 13 21 25 25 36 39 23 15 21 23 23 12 23 28 24 30 45 37 42 29 67 44 147 110 136 82 74 203 178 255 255 235 78 255 253 194 246 252 124 246 149 87 125 197 195 218 94 55 115 249 248 248 255 255 162 104 41 49 134 108 29 0 64 57 36 38 42 27 20 3 6 5 8 8 50 75 64 41 37 22 13 31 65 43 21 21 35 41 29 13 11 10 27 46
73 69 66 69 34 40 31 16 18 14 19 22 20 26 26 14 10 22 24 3 34 21 32 51 45 30 43 51 86 115 116 99 165 114 130 228 255 97 241 229 241 255 198 255 252 251 227 132 210 250 244 251 252 253 212 255 246 231 174 186 174 206 112 53 119 97 35 13 32 22 41 41 48 54 46 46 24 21 13 17 32 50 42 31 38 31 22 33 40 33 27 28 33 34 29 23 25 21 32 41
77 56 37 45 40 71 60 27 14 16 22 24 28 45 48 31 15 33 26 9 39 32 32 50 46 47 27 65 2 80 46 71 142 29 133 255 233 243 252 238 249 216 252 254 225 255 234 203 255 242 249 248 252 251 255 231 251 211 243 149 94 205 147 23 97 140 85 59 35 23 11 3 18 45 40 62 26 29 18 26 31 35 25 21 33 33 28 33 17 22 29 32 31 30 30 31 16 12 20 25
35 31 25 33 22 58 63 46 24 34 45 43 41 57 64 50 30 35 26 36 42 55 40 33 57 38 35 46 16 52 17 13 46 55 134 242 250 244 209 173 250 255 220 253 253 219 244 255 255 207 243 255 228 253 255 239 247 255 227 255 230 58 120 66 168 243 78 0 15 58 9 50 6 34 12 39 3 20 28 46 54 44 28 21 25 25 21 22 30 25 22 28 36 36 25 14 23 33 63 87
24 29 34 44 24 51 56 45 31 41 52 49 41 49 54 42 27 26 23 56 61 89 64 36 54 32 28 25 28 37 24 12 48 34 65 111 104 147 112 118 233 229 206 250 255 253 247 205 206 147 250 226 230 255 240 255 251 227 255 250 249 183 208 109 129 209 101 28 16 68 7 39 14 38 5 33 5 22 39 52 52 38 24 20 19 18 16 15 21 22 23 24 22 19 15 13 11 23 55 80
37 31 29 42 26 47 45 30 25 25 34 38 36 41 40 25 14 18 23 51 87 105 76 42 37 38 9 17 17 25 25 30 47 24 9 1 49 79 30 75 101 110 53 53 203 255 221 227 255 152 201 129 184 240 233 222 244 255 253 217 250 252 234 214 103 108 93 46 0 35 17 29 4 26 0 26 11 17 31 28 24 14 15 21 20 18 19 16 3 15 23 18 5 0 9 21 24 23 37 48
26 18 16 26 2 20 27 23 17 9 15 29 38 46 40 21 8 20 26 35 99 94 61 30 30 33 7 8 41 17 23 8 31 23 0 34 31 44 24 11 64 78 40 82 255 235 142 121 250 231 254 204 121 198 255 255 243 255 239 250 236 255 230 255 122 56 45 17 29 51 8 8 5 20 0 14 10 14 34 24 10 5 17 30 27 23 22 17 19 17 13 10 7 7 8 9 18 14 25 35
30 16 10 15 12 4 9 24 21 9 7 21 38 44 41 38 25 21 15 27 12 40 28 0 27 35 35 46 20 29 18 13 26 16 16 50 63 52 44 18 26 44 41 72 135 172 44 50 213 206 244 165 108 186 230 236 221 246 255 247 255 255 191 255 147 16 22 15 81 66 44 6 35 8 14 24 9 13 29 19 9 9 18 25 25 30 27 13 19 12 9 15 18 15 14 16 18 18 19 19
32 13 4 14 22 22 25 34 30 17 12 23 37 41 37 33 33 24 12 23 16 43 26 0 12 21 13 19 7 24 26 40 30 11 6 37 42 27 33 28 12 9 0 0 23 44 34 36 148 70 38 7 32 121 138 111 133 158 150 134 180 138 77 151 83 3 34 16 66 58 44 4 36 1 7 28 17 11 22 19 25 21 14 15 26 32 23 12 11 5 5 13 21 23 25 29 27 23 19 18
37 23 16 21 22 18 22 34 34 22 13 17 25 27 21 15 20 19 16 22 16 34 23 0 16 16 0 16 39 48 20 15 39 15 5 31 28 12 33 47 40 58 82 92 86 43 82 36 30 15 17 22 19 28 42 44 25 16 31 30 52 22 21 27 28 3 49 13 39 38 37 0 51 5 0 15 7 3 22 36 51 44 18 10 34 40 25 20 13 8 6 11 16 17 17 18 30 26 22 21
33 35 39 36 20 7 16 36 36 25 15 14 18 17 9 1 5 22 33 29 13 13 11 6 27 30 16 35 72 60 13 0 41 24 14 30 25 15 38 47 5 25 59 72 58 4 41 0 46 27 0 21 43 26 17 0 12 9 27 33 23 33 68 16 22 18 54 7 17 16 25 0 49 16 6 13 4 2 23 41 61 58 23 9 37 41 24 28 21 17 15 16 17 15 10 6 23 26 30 34
22 30 40 41 27 16 24 40 35 28 22 22 26 27 18 9 11 31 44 31 19 6 4 3 27 40 37 40 57 32 13 30 32 31 23 29 23 21 34 21 16 20 29 39 44 36 41 30 19 36 10 17 17 0 16 21 11 48 22 25 22 31 36 13 35 26 43 8 19 12 19 2 21 21 28 30 19 13 18 22 45 50 22 6 25 26 14 24 21 21 21 24 26 26 20 14 9 21 35 43
21 18 20 27 28 24 20 21 25 25 26 30 38 40 32 21 16 26 31 21 35 24 20 16 30 30 31 30 41 12 5 21 28 35 30 31 25 24 28 2 0 1 12 29 40 51 13 20 6 30 17 23 29 20 27 17 38 50 22 44 27 27 26 19 32 18 22 14 38 25 23 8 10 22 31 28 22 18 17 19 30 39 24 9 14 13 10 21 20 21 21 21 24 27 23 16 0 9 23 30
24 16 12 16 21 20 13 8 18 24 30 36 44 47 36 22 13 18 20 8 37 31 35 37 34 12 17 24 41 10 0 0 24 29 27 32 25 21 29 11 23 20 34 43 31 35 12 19 18 29 24 20 16 19 29 25 34 20 16 35 32 36 43 28 19 9 7 14 46 34 27 12 11 14 14 17 21 16 16 25 29 33 29 16 8 9 15 21 21 20 15 10 13 20 20 15 9 8 8 8
20 19 18 19 19 18 20 24 21 29 37 43 50 50 36 20 14 24 26 4 27 16 30 45 28 4 17 22 29 1 10 13 16 15 14 28 21 14 30 27 28 27 54 61 24 8 18 13 20 19 29 33 30 31 25 13 7 35 18 0 63 63 43 51 14 9 1 8 41 33 28 12 1 0 1 21 35 19 8 18 31 29 29 19 4 7 18 18 19 17 10 4 10 22 28 27 32 20 5 0
25 30 34 30 22 19 22 28 37 37 41 36 28 34 36 23 20 28 22 14 18 24 34 49 33 15 15 24 17 13 24 34 42 23 20 23 13 7 12 15 25 14 17 21 10 4 8 9 21 30 32 34 40 31 16 14 13 13 15 21 33 43 40 32 10 5 8 18 24 21 17 19 5 12 27 40 34 16 3 3 11 25 21 9 12 17 17 19 16 16 8 6 14 17 25 42 51 39 24 18
25 36 42 32 15 10 22 38 36 34 34 28 25 31 30 17 18 33 35 25 19 18 29 50 44 31 30 28 8 2 23 45 49 29 22 25 21 15 12 9 12 5 5 5 0 0 8 10 24 26 22 26 40 38 26 23 26 25 19 12 11 16 19 18 10 11 13 16 19 20 21 22 28 38 57 70 61 37 21 19 27 41 36 23 21 21 16 17 17 18 12 14 24 23 24 35 39 35 29 26
43 36 26 19 16 17 19 21 20 21 20 18 25 35 35 26 27 30 23 22 33 34 32 38 47 32 29 26 10 6 26 44 45 29 21 26 29 24 19 17 19 19 18 12 9 11 14 14 25 22 11 14 31 33 21 16 22 30 34 27 18 12 10 8 17 22 20 12 11 20 24 22 16 29 52 68 62 39 23 21 23 37 35 26 27 23 13 10 7 12 11 16 24 16 8 12 18 20 21 21
46 32 17 11 13 15 11 5 11 19 17 13 23 32 32 30 28 24 13 15 29 29 22 25 43 21 16 24 25 27 34 35 27 23 15 12 11 3 0 7 35 43 39 29 26 22 16 13 16 14 5 8 24 24 12 7 12 24 34 34 30 27 26 24 32 38 30 13 13 28 31 22 0 6 22 38 37 20 6 2 5 18 21 23 34 31 16 8 5 16 22 28 30 16 3 6 16 14 10 8
20 25 27 20 9 4 9 16 21 35 27 14 17 16 10 12 9 21 24 19 11 1 9 33 43 21 15 23 27 32 36 32 58 66 56 40 30 14 11 28 38 47 37 25 27 23 16 22 13 17 14 18 30 27 14 10 11 14 14 13 18 29 39 42 36 41 31 15 19 37 39 25 16 9 11 20 22 10 0 0 5 14 18 27 44 41 21 10 15 32 44 50 49 33 23 30 40 28 15 8
9 13 18 21 22 22 22 22 24 40 28 12 18 12 0 2 1 13 19 22 21 15 25 51 41 25 19 17 10 14 25 28 41 56 46 29 24 10 4 24 37 41 26 19 31 29 30 52 42 44 36 34 39 31 14 9 7 9 10 12 19 27 28 25 18 24 19 9 14 30 32 20 22 11 7 15 19 13 8 8 19 24 23 28 40 34 16 8 17 32 43 49 50 38 32 41 54 39 21 12
14 6 3 17 37 44 33 19 19 35 20 10 30 28 9 10 8 12 15 25 36 32 33 49 36 21 15 15 11 15 23 21 25 39 26 19 36 30 15 25 28 32 19 21 41 34 35 67 69 61 42 33 37 30 13 6 3 11 20 25 27 24 13 2 1 11 15 9 8 15 18 14 11 5 7 16 18 15 16 22 26 31 26 21 21 13 6 12 17 23 24 28 33 26 19 26 37 27 16 10
9 8 11 21 33 38 32 25 23 36 18 12 42 43 18 14 10 23 31 34 26 8 10 33 36 16 10 21 32 40 35 18 16 23 5 6 38 36 9 7 12 18 10 22 44 27 19 53 67 52 26 17 30 31 18 12 10 16 20 19 17 15 9 3 1 16 25 20 10 9 13 15 11 12 19 26 22 13 15 25 25 32 27 15 7 0 5 23 28 25 16 16 25 19 9 12 14 12 10 8
17 24 11 17 42 29 13 31 28 21 19 25 30 26 20 16 3 17 21 25 27 6 0 25 11 7 12 18 20 30 34 23 12 20 9 7 28 28 8 2 6 14 24 37 38 16 6 20 40 32 26 15 8 20 31 25 29 20 14 12 9 7 12 22 29 23 29 31 17 10 15 18 14 18 33 36 21 12 13 10 25 24 22 17 13 17 33 48 53 46 30 23 26 16 6 9 13 19 10 0
25 30 16 16 32 19 6 26 26 17 13 19 24 19 9 2 8 9 4 14 31 22 13 27 22 12 10 12 13 22 23 9 11 18 15 11 16 16 7 2 10 17 25 37 37 16 7 21 26 20 21 18 10 16 29 30 33 24 14 9 6 8 20 34 40 30 32 32 19 14 19 19 22 23 33 33 17 12 17 16 21 21 21 20 19 21 28 35 44 45 30 18 25 29 20 14 16 25 20 12
25 29 16 15 28 20 14 33 37 21 7 4 8 9 8 8 16 13 6 13 28 22 11 15 14 7 10 19 27 40 40 25 16 20 26 23 10 9 12 7 8 14 19 28 30 12 5 19 14 8 16 24 15 14 26 34 35 29 21 14 8 10 22 36 37 25 23 24 17 17 21 18 15 24 42 48 34 24 20 11 18 20 22 23 22 21 20 18 19 27 16 7 24 40 33 21 18 29 28 23
31 29 18 17 28 25 21 33 35 23 12 9 11 13 18 24 22 24 23 22 20 12 7 9 19 19 32 45 52 62 61 47 18 15 29 30 10 9 16 7 6 12 15 22 25 13 8 22 13 1 12 29 23 14 20 29 32 32 29 22 14 11 17 24 24 13 13 18 19 25 28 20 10 20 40 46 35 28 24 13 25 31 33 28 22 19 17 16 11 15 8 9 29 38 26 15 16 27 25 20
42 33 21 19 26 24 18 18 13 14 19 24 26 26 32 40 38 33 28 20 14 15 18 16 2 5 15 18 11 13 15 6 14 6 18 26 13 12 14 1 9 15 17 23 29 21 18 30 18 0 8 29 27 15 13 15 28 30 27 20 13 11 15 19 19 11 14 23 28 37 38 25 17 19 24 21 12 20 31 28 33 43 44 30 16 13 17 21 23 17 11 23 39 28 8 4 14 23 18 11
36 27 19 17 20 22 21 17 15 12 11 14 17 26 43 59 60 40 24 12 10 24 28 13 16 18 25 23 13 21 33 33 18 9 12 22 23 21 15 4 9 15 16 21 28 23 20 30 20 2 7 27 26 15 9 6 26 25 18 8 6 12 19 22 16 10 14 22 27 36 35 20 15 17 24 20 13 24 34 28 26 38 39 21 3 1 9 15 14 7 5 25 40 22 1 3 12 19 12 3
29 22 20 16 11 17 28 29 33 20 7 4 8 19 34 47 45 30 23 14 8 24 28 7 10 12 21 24 21 32 46 46 27 20 12 18 31 28 16 15 8 15 15 18 25 21 16 24 19 7 14 28 26 18 15 10 24 21 12 4 6 14 19 17 9 4 7 12 15 26 26 11 5 15 29 30 24 28 29 15 14 27 30 15 1 1 5 6 0 0 1 16 31 22 6 6 8 15 9 0
35 31 30 19 3 8 25 31 34 24 17 19 23 19 11 6 0 6 24 23 10 21 30 12 15 17 27 30 26 30 31 21 29 25 9 11 30 25 12 20 13 20 19 20 27 22 17 23 18 13 23 33 27 23 24 20 20 19 14 9 11 17 13 5 5 0 2 5 8 21 24 11 6 13 21 18 11 19 23 10 12 26 31 21 13 13 12 6 4 13 12 13 24 22 7 0 3 12 7 0
35 25 26 24 9 4 16 25 27 36 46 39 21 16 12 0 1 4 20 23 16 30 36 13 9 20 19 18 27 26 11 3 5 7 19 26 17 13 15 11 19 23 27 27 23 19 17 17 17 26 23 19 28 30 23 21 20 20 13 6 11 21 19 9 7 5 1 14 1 17 12 7 3 6 12 14 10 9 18 30 35 20 16 16 10 8 10 4 0 9 18 17 14 14 12 8 9 8 6 5
21 17 20 21 13 14 17 11 19 35 54 46 18 9 20 25 25 17 18 14 10 27 35 17 4 20 25 25 30 22 4 0 1 12 17 14 13 14 12 9 9 25 37 34 27 23 17 10 13 29 28 17 18 19 14 13 12 10 7 6 11 16 13 6 0 5 8 22 8 23 17 9 6 9 16 19 17 17 25 37 31 14 7 6 0 2 6 3 3 3 9 17 19 14 9 9 11 10 9 8
19 15 17 15 8 11 9 0 15 23 40 37 12 3 18 31 30 16 8 3 4 20 28 15 11 28 36 38 41 31 13 7 5 22 16 4 12 13 5 10 10 21 25 20 16 17 15 8 11 35 35 16 11 13 12 12 11 8 9 15 19 16 12 11 0 12 18 27 9 25 17 5 0 3 10 17 17 16 22 30 31 15 12 14 9 8 9 3 0 2 14 25 20 8 12 25 11 12 12 13
27 21 26 28 17 13 17 15 21 10 14 22 14 8 12 14 13 7 4 5 9 19 22 18 24 33 34 37 47 42 30 27 19 30 13 4 19 11 0 16 14 9 11 24 32 26 12 3 14 38 35 13 10 17 19 19 16 11 14 24 26 17 12 15 12 24 24 28 11 32 28 16 0 2 11 20 21 17 17 20 30 22 28 36 30 24 17 7 8 13 19 23 21 19 19 21 11 11 13 14
5 3 22 38 24 9 16 26 22 6 8 21 20 17 14 9 7 10 11 14 20 21 25 32 32 27 16 19 36 40 32 31 26 24 6 9 27 11 0 26 17 3 16 60 81 56 18 0 20 35 26 6 9 19 20 18 19 15 18 25 23 13 10 15 34 37 28 28 13 39 40 33 8 11 20 29 30 23 16 15 19 16 27 38 32 25 22 14 41 47 39 25 27 35 23 0 11 12 13 13
0 5 35 59 48 28 22 21 9 6 17 24 16 13 17 16 13 16 13 14 20 16 20 39 34 22 6 10 32 37 29 28 22 15 2 11 28 17 10 30 28 11 22 67 89 65 28 11 23 28 16 3 10 17 14 14 24 23 24 23 19 14 15 20 47 43 30 30 8 24 24 24 12 11 16 23 23 15 6 2 5 3 14 21 12 10 16 18 56 88 91 53 23 23 25 14 17 16 15 13
21 35 63 86 91 87 67 36 6 12 24 23 10 10 18 15 14 16 7 9 19 9 7 28 26 20 12 23 44 44 32 31 20 17 12 14 23 29 26 22 26 21 27 44 53 44 31 24 20 21 14 13 22 21 16 20 24 28 25 17 11 14 21 26 28 29 29 38 10 11 11 19 18 13 10 13 13 7 2 0 4 5 17 19 3 0 8 14 43 87 104 64 17 7 23 36 25 23 19 16
11 29 53 72 98 121 98 45 19 22 27 21 11 17 20 8 12 13 5 11 26 12 0 17 13 15 19 37 57 52 37 35 23 27 26 17 19 38 37 11 6 24 38 36 31 30 26 18 16 19 19 26 36 30 25 34 17 23 19 5 0 9 20 24 0 6 25 50 23 21 24 41 35 26 18 18 18 15 13 13 12 18 33 34 11 0 4 8 30 50 57 39 17 14 21 26 32 29 23 19
22 19 35 35 20 36 44 14 13 39 43 26 18 17 13 13 10 17 9 9 23 15 3 13 18 5 20 41 39 39 38 22 14 23 22 15 25 41 32 8 1 22 36 19 0 11 26 20 14 7 16 29 30 32 34 28 25 14 19 19 8 21 46 48 23 17 30 27 9 30 56 44 32 20 24 34 26 16 16 15 22 22 29 37 30 12 5 8 14 20 6 0 17 19 12 19 31 13 27 37
23 7 7 12 7 11 16 7 9 25 26 16 18 18 13 13 7 15 11 14 26 20 13 25 20 9 20 31 22 18 19 8 9 12 10 10 23 36 26 5 1 16 31 25 14 22 30 20 0 0 11 20 12 8 14 14 27 19 24 22 11 31 67 81 58 42 31 14 0 18 38 31 13 5 14 25 18 11 13 15 19 16 20 27 22 12 11 18 21 17 4 1 13 17 12 11 17 9 19 25
23 14 18 43 56 36 18 22 18 21 15 13 20 17 10 13 13 17 13 16 24 20 16 26 24 17 22 25 14 11 15 13 20 16 13 18 32 40 32 19 7 10 21 27 22 26 27 17 0 5 21 26 9 1 9 14 24 27 37 32 15 18 39 50 70 54 28 4 0 11 18 15 6 1 13 24 18 12 16 17 19 15 15 20 19 16 23 34 34 17 8 8 9 13 12 1 8 13 18 18
14 24 31 56 76 44 10 20 35 30 20 20 25 17 11 20 19 12 7 12 22 24 24 28 21 18 18 18 16 19 26 30 31 22 18 24 31 33 31 30 22 14 18 24 19 21 26 24 19 17 26 29 14 8 14 16 14 22 30 26 10 3 8 12 41 38 19 5 9 13 10 11 13 6 15 25 20 17 16 11 14 11 11 14 14 17 27 39 43 22 19 20 8 10 16 6 2 14 16 14
22 39 29 25 38 17 0 13 38 35 27 27 29 19 19 35 26 10 3 13 27 36 39 35 18 17 11 9 16 23 27 31 25 17 12 14 14 13 17 24 34 21 19 19 11 15 31 40 30 15 13 16 11 10 11 6 7 10 9 7 10 13 18 26 10 19 17 13 17 16 12 16 16 6 10 19 18 17 13 1 5 5 6 8 8 11 19 28 38 23 28 29 12 13 27 27 5 12 13 17
19 39 24 7 17 9 0 16 26 29 26 25 26 20 26 45 44 23 17 26 31 38 37 25 24 27 16 9 18 21 18 22 21 16 12 11 10 11 16 23 27 17 15 11 1 9 30 42 35 16 10 13 13 15 14 5 8 13 10 13 27 27 18 19 8 14 21 20 14 12 16 19 16 7 10 16 15 17 15 3 4 7 11 12 11 12 17 21 25 20 26 29 18 17 34 48 30 22 27 44
1 16 11 7 16 12 3 12 22 28 24 18 19 16 20 35 44 27 29 37 30 27 23 7 23 35 26 14 19 17 11 17 18 15 13 14 21 28 29 25 18 15 18 14 5 12 26 27 32 20 20 24 18 17 19 14 11 21 20 24 39 29 7 3 13 9 23 26 9 9 18 13 17 14 19 20 13 14 17 10 10 15 19 19 18 18 20 22 17 19 18 20 21 17 28 52 52 25 36 69
20 19 12 14 23 17 11 20 28 34 25 14 13 10 9 17 21 12 26 38 25 20 19 4 12 32 27 13 17 12 6 17 7 6 5 10 25 38 32 19 21 23 30 27 19 24 26 16 18 15 24 27 14 9 14 15 11 21 13 15 34 32 19 25 11 1 20 30 9 9 19 5 16 17 25 21 6 5 12 11 11 16 21 20 18 18 20 21 17 21 12 12 21 14 17 45 51 11 27 71
19 20 22 23 21 19 21 25 24 26 23 16 11 12 12 9 8 16 12 6 11 13 11 15 11 5 11 31 46 43 32 26 22 12 11 11 7 12 17 11 3 13 25 45 22 21 13 15 11 21 27 20 10 5 5 5 5 23 22 11 15 25 30 36 23 0 0 28 27 16 14 8 16 25 19 11 14 15 15 22 25 30 32 27 19 14 17 22 20 22 15 0 6 38 38 3 10 38 39 16
26 24 23 21 18 15 13 14 17 19 18 16 17 20 19 15 8 20 18 11 14 14 13 19 12 5 10 32 53 60 60 60 47 33 26 22 15 20 28 24 16 23 32 50 27 25 14 13 16 21 22 15 7 6 8 8 0 13 16 15 24 30 32 39 24 7 9 28 33 22 11 5 16 25 21 15 20 24 26 33 37 38 37 28 17 13 18 24 15 21 23 12 14 37 40 14 9 31 31 15
16 14 12 14 18 21 21 19 14 15 15 17 23 28 25 17 7 24 26 19 18 15 16 25 27 14 10 25 43 52 59 65 57 41 29 20 12 20 33 33 23 27 32 51 31 30 17 13 21 21 15 8 5 9 11 11 11 17 19 26 35 27 17 20 25 28 21 26 40 29 7 5 12 21 16 10 17 21 23 30 33 33 29 19 8 6 14 23 27 32 38 29 17 22 22 7 9 20 19 12
6 5 4 8 20 30 31 27 18 17 16 19 28 32 24 12 5 26 33 25 20 15 17 28 42 24 12 17 27 33 40 47 49 33 22 13 6 17 33 36 18 19 24 46 30 33 19 14 23 19 10 4 6 12 13 10 24 22 23 36 44 23 1 1 25 45 28 19 42 34 6 9 13 19 12 4 9 12 12 18 19 20 18 10 3 4 13 23 40 39 42 35 16 7 5 0 8 11 8 9
