96 28 29 20 62 90 74 134 121 76 88 147 150 86 177 138 90 116 55 10 152 149 56 20 130 202 127 114 133 173 152 121 53 59 87 63 48 76 119 35 58 13 33 19 28 60 30 38 134 255 170 165 64 74 98 74 65 39 126 219 170 121 71 66 54 53 87 141 87 143 157 118 62 24 88 51 69 127 110 71 4 94 96 137 115 22 49 63 113 54 96 41 117 137 130 68 71 92 42 95
50 32 78 97 85 104 126 191 92 70 14 50 135 77 106 119 98 68 52 66 101 157 86 111 63 104 69 93 130 142 185 163 87 64 79 60 53 89 96 44 82 40 25 28 34 46 38 13 123 236 255 244 89 48 97 25 43 47 184 255 255 198 123 76 45 143 139 75 57 181 200 174 49 17 81 120 105 133 113 121 52 140 102 168 125 43 57 83 99 77 107 71 100 85 66 22 28 63 11 25
107 39 46 38 1 0 63 84 28 82 30 70 37 78 74 86 80 48 65 94 38 21 79 95 4 51 124 80 83 113 193 181 156 145 141 88 27 36 18 24 50 30 3 35 37 37 73 36 61 205 250 251 120 89 63 38 66 58 104 133 219 139 55 85 74 213 196 82 74 142 102 107 75 53 96 117 113 20 48 174 71 94 38 187 193 115 89 128 65 128 148 82 16 2 45 47 48 66 58 76
72 17 47 60 61 67 176 138 66 164 37 4 15 120 51 37 66 38 115 107 95 4 116 105 71 115 242 120 16 138 133 64 52 192 242 178 67 61 33 30 6 9 8 45 33 30 89 73 52 139 177 198 74 67 47 86 48 53 52 131 226 157 78 109 27 71 70 70 153 175 61 25 168 84 36 87 30 58 128 211 49 71 89 219 249 167 114 147 63 138 162 71 75 96 201 128 80 111 83 39
140 120 79 65 55 140 245 169 24 23 31 106 149 37 35 149 97 57 36 127 32 96 10 93 97 41 132 63 255 126 10 19 140 158 143 245 217 106 6 0 17 17 37 52 27 22 54 61 86 84 58 49 84 66 54 147 59 46 8 94 75 101 124 98 56 28 65 142 243 255 179 125 133 109 76 43 106 122 152 114 50 55 110 150 255 255 198 144 70 160 59 70 3 170 237 197 150 198 119 5
168 237 143 107 36 185 255 223 72 30 33 117 147 71 87 115 146 88 95 169 157 77 12 35 59 55 54 103 201 126 87 69 77 113 84 189 185 100 35 16 31 17 37 37 28 26 19 37 27 37 138 196 128 103 127 185 118 116 46 94 30 35 64 63 86 34 82 158 182 119 121 134 73 29 8 32 42 102 133 96 25 44 139 145 202 199 137 70 41 156 135 116 92 101 170 169 149 114 112 106
71 222 189 188 99 166 185 199 40 103 10 88 152 126 54 72 95 46 46 151 186 101 233 222 166 124 0 61 82 42 70 37 46 75 66 153 148 67 8 1 20 12 18 23 38 36 20 44 48 76 84 118 79 102 88 143 134 149 83 68 103 66 53 115 130 63 61 142 180 53 65 124 133 84 70 54 147 75 66 100 109 50 31 65 78 117 117 98 58 165 110 75 124 55 92 169 146 40 75 152
134 178 97 100 99 90 64 82 39 125 28 43 64 59 42 30 135 72 76 181 134 97 211 154 133 140 82 169 85 22 53 55 71 111 111 126 97 53 12 14 17 25 17 26 49 38 31 60 74 74 31 0 59 88 67 59 63 85 85 24 145 130 97 119 132 109 65 108 165 17 24 99 87 100 111 63 101 9 2 91 160 117 35 89 20 76 100 92 86 189 83 8 114 15 31 165 197 123 50 29
128 168 121 63 43 13 110 20 78 82 87 94 68 111 107 59 149 96 116 155 200 176 155 70 49 105 106 129 100 74 80 107 62 35 41 74 92 26 17 30 39 7 26 35 8 38 67 26 16 8 43 105 123 191 146 117 112 133 177 122 62 93 85 45 67 68 37 56 73 56 115 119 38 51 91 42 0 79 92 63 91 127 87 73 75 78 56 52 45 145 75 63 36 12 37 146 179 112 63 87
24 93 171 181 71 11 76 35 152 91 90 29 111 158 197 48 103 31 44 18 182 243 255 160 54 26 43 3 56 28 94 90 81 112 32 26 63 24 3 20 18 12 11 19 26 26 18 10 8 52 71 69 47 83 55 89 126 84 174 142 78 101 88 31 40 84 62 50 56 55 92 106 84 77 90 31 100 144 136 109 154 112 50 74 157 121 64 43 23 83 44 59 84 37 85 159 127 61 122 254
87 73 83 87 105 40 62 39 141 139 89 0 38 92 159 33 78 43 148 132 88 192 137 95 24 21 73 65 73 86 95 46 177 246 142 84 42 15 16 10 24 0 9 35 22 23 30 9 35 69 50 31 40 70 48 127 172 79 203 194 159 163 113 70 87 105 94 89 92 24 0 41 69 95 100 60 150 114 93 170 241 136 70 149 105 89 95 138 60 68 0 92 113 87 110 144 102 22 99 247
125 125 47 67 81 12 46 67 115 129 97 95 86 131 233 83 102 105 253 192 115 53 0 41 142 143 103 35 3 164 134 5 50 170 108 52 58 36 24 59 56 15 31 45 13 21 43 17 2 27 31 43 57 50 7 80 128 0 146 114 137 121 83 40 85 100 92 86 205 152 59 70 87 62 66 166 133 183 139 159 173 93 57 139 49 41 74 134 78 75 45 157 136 71 97 104 97 29 43 90
247 229 59 196 94 56 47 34 33 101 92 90 166 86 190 104 95 129 188 255 55 88 78 158 194 106 90 72 79 149 167 124 76 58 67 45 40 47 51 24 10 22 13 2 12 22 28 40 46 35 53 95 135 135 61 57 126 116 61 97 103 176 2 134 147 0 83 133 122 26 60 60 115 65 91 90 206 162 118 46 65 111 113 79 98 78 127 177 118 54 59 102 127 31 109 72 86 45 50 38
255 255 109 227 119 57 44 73 100 100 34 38 178 149 211 163 100 155 255 206 108 91 19 73 77 61 95 95 120 185 255 255 199 110 60 4 25 28 21 31 13 27 35 33 38 56 68 67 14 0 27 85 156 184 96 29 49 65 52 11 5 175 144 142 138 69 129 88 86 22 110 183 228 112 25 12 57 56 42 22 109 212 195 83 55 78 131 150 126 51 52 72 84 46 121 73 113 63 69 85
120 113 95 116 127 93 54 88 170 77 53 76 19 155 188 116 45 7 157 75 146 135 105 57 65 68 85 184 212 235 236 255 255 154 89 43 2 12 36 26 33 14 33 42 19 26 36 9 0 21 98 145 172 157 98 88 141 57 29 112 82 68 61 161 232 147 107 85 154 124 169 244 227 176 59 73 164 160 90 103 213 238 171 118 34 72 67 40 14 10 44 82 23 42 69 28 95 67 14 51
75 26 102 63 70 145 79 68 131 86 74 88 63 255 149 91 225 172 64 21 78 52 117 86 11 39 49 139 164 145 133 153 127 93 32 38 30 40 39 26 24 24 16 25 44 31 12 21 34 27 66 95 112 83 73 152 164 87 47 185 181 33 0 160 255 226 121 65 144 148 129 154 96 132 61 92 117 206 145 111 149 120 48 48 49 43 46 80 71 33 58 74 72 127 135 49 114 161 49 69
101 79 131 78 87 125 55 94 171 92 69 83 130 226 158 116 253 220 25 77 73 25 101 74 33 70 59 98 110 84 99 113 102 31 0 10 21 29 39 36 29 5 20 25 69 30 34 37 51 23 30 18 3 72 65 60 79 61 40 95 67 30 109 121 139 147 72 45 54 84 84 63 50 176 78 47 90 169 123 117 146 105 90 145 113 25 0 65 60 12 30 94 121 177 134 89 155 206 91 94
91 50 128 109 179 85 6 163 255 135 86 95 4 17 148 122 59 79 40 112 166 62 73 63 57 126 145 92 138 126 115 135 106 53 27 35 35 33 32 23 19 18 18 7 18 13 34 57 55 27 48 63 44 52 15 24 70 37 37 112 86 77 153 187 146 82 56 117 65 78 64 54 119 255 172 53 106 116 76 52 105 87 103 148 163 88 48 97 117 38 6 54 90 95 71 57 93 168 51 56
38 49 140 172 116 100 32 160 223 135 112 45 78 10 61 223 128 226 202 118 122 65 58 117 79 95 157 65 107 79 64 92 70 40 23 21 17 21 27 24 26 39 36 32 22 20 26 51 21 7 27 49 50 47 16 46 116 72 55 167 179 83 111 255 213 117 179 227 152 90 73 0 83 176 182 162 213 168 146 131 142 134 130 117 127 99 158 255 254 126 25 28 66 50 46 50 37 135 58 85
48 23 10 93 0 93 39 59 63 103 156 17 0 89 58 249 228 235 218 167 75 123 165 235 144 93 164 72 47 14 41 59 84 68 46 24 13 20 34 40 15 20 27 35 41 22 9 14 47 53 43 17 21 25 0 10 39 113 77 56 89 60 62 91 88 85 179 215 178 151 165 71 78 97 149 248 203 155 146 131 90 75 45 80 104 99 133 143 117 41 21 41 56 61 69 91 33 96 55 63
0 93 54 43 64 130 108 60 50 34 90 15 14 88 104 104 192 255 199 114 80 152 136 196 169 124 147 77 36 16 48 38 68 69 55 33 27 36 49 59 1 10 26 7 41 29 29 9 7 38 35 11 41 54 31 28 67 63 50 55 66 20 56 11 23 96 92 148 93 115 116 104 68 63 79 167 93 102 103 59 116 97 1 45 44 90 118 19 138 37 36 54 46 79 91 121 90 96 79 51
127 104 0 14 106 68 89 126 166 73 112 137 136 74 89 46 41 49 91 122 202 155 79 104 133 90 65 86 136 95 52 26 12 27 27 21 29 35 38 45 1 33 55 4 37 40 51 14 15 34 32 21 53 45 27 25 44 40 47 53 57 10 50 46 52 82 55 126 98 56 45 117 171 101 12 31 52 107 141 114 169 197 88 74 2 77 151 73 133 26 24 42 43 45 61 90 84 90 127 159
117 114 96 121 91 44 50 69 183 168 243 255 63 59 112 97 99 92 121 69 243 183 65 60 111 51 42 117 214 160 87 59 39 46 33 23 31 28 21 28 12 37 45 8 26 30 33 11 29 34 27 13 37 22 26 29 12 32 52 51 59 36 18 104 101 38 85 157 155 48 10 84 164 95 36 74 95 69 48 1 61 144 138 147 77 86 99 65 31 39 88 109 138 37 48 44 37 57 91 224
57 86 186 238 199 142 98 68 123 107 182 146 128 69 167 72 82 67 185 94 161 107 62 90 82 34 73 97 143 124 107 76 74 68 38 22 35 39 39 56 46 31 10 11 23 27 26 39 36 46 40 10 22 10 24 18 27 8 52 67 57 98 30 105 137 28 114 205 161 88 0 46 109 86 100 158 96 64 74 40 37 108 144 148 96 69 96 183 75 101 86 82 219 131 178 131 84 79 32 199
135 48 135 255 234 132 99 130 168 36 39 45 65 111 234 147 88 46 230 222 110 34 92 106 22 64 166 162 72 62 76 65 79 75 46 15 43 47 50 44 28 35 0 32 39 27 23 51 47 51 32 23 6 26 24 23 20 23 52 68 63 142 63 107 143 83 107 154 85 64 36 67 120 136 92 93 100 52 54 82 57 44 119 198 72 37 74 199 83 135 81 50 157 188 255 203 127 123 0 121
107 144 180 174 124 121 114 107 158 113 173 135 25 46 255 230 225 74 124 90 124 62 134 90 12 132 228 255 125 70 61 47 66 68 66 42 48 63 24 22 23 14 32 98 24 24 43 38 47 38 26 31 13 31 36 37 17 12 42 51 39 126 90 111 158 124 54 77 64 68 66 96 177 181 77 25 45 24 0 73 57 30 97 183 144 73 55 133 70 126 115 55 119 167 202 98 87 67 15 131
43 188 191 102 100 198 174 63 106 175 234 156 107 100 129 173 135 49 15 0 110 34 57 37 53 120 120 225 187 144 97 68 28 50 71 40 23 59 16 27 50 21 10 83 31 26 21 34 48 25 20 37 13 32 43 39 29 18 39 33 13 79 82 77 178 161 32 77 113 75 54 90 153 149 92 33 6 64 54 170 231 143 105 113 72 45 61 128 97 109 84 11 92 171 143 23 69 67 93 183
109 198 169 69 73 143 162 98 114 142 191 113 0 103 140 137 143 164 140 160 75 63 48 72 189 140 42 152 230 201 93 44 48 21 21 25 48 62 34 31 81 37 1 46 47 25 4 35 34 7 7 26 0 19 31 17 35 30 34 21 14 37 50 49 182 180 58 91 122 87 62 108 157 83 67 98 102 141 25 98 240 150 128 97 80 46 55 27 6 76 71 46 23 107 51 60 83 60 25 85
90 54 87 133 156 64 39 39 62 82 90 185 153 50 53 95 195 216 240 139 141 40 27 38 117 128 85 66 140 143 80 93 102 64 47 46 65 14 32 19 18 2 26 28 36 17 34 42 48 30 35 51 22 50 62 43 27 33 19 14 41 35 46 83 148 118 29 61 141 182 79 10 76 90 55 18 105 220 52 51 238 188 55 111 77 157 78 67 71 58 152 97 169 145 143 83 124 149 77 145
76 121 198 200 253 253 202 124 97 103 174 192 123 4 102 195 255 211 238 190 113 51 66 76 71 158 180 46 117 141 55 35 86 98 80 23 40 21 83 27 53 82 102 29 53 20 18 21 21 10 18 41 18 38 46 39 34 38 14 13 56 52 59 126 171 137 98 86 86 141 92 88 142 119 90 41 82 140 79 162 255 224 137 91 182 144 97 66 73 70 139 153 108 133 155 94 112 193 141 201
55 121 204 209 211 198 160 220 163 45 184 243 159 78 142 251 255 134 77 81 116 9 8 35 0 130 219 96 149 131 28 21 54 64 61 28 70 93 130 54 25 46 52 0 52 24 8 37 28 13 18 53 34 28 27 46 54 42 22 17 39 54 53 114 149 108 92 100 73 84 31 53 133 114 122 77 103 118 109 148 159 187 185 108 167 116 111 44 37 60 77 113 85 90 119 71 102 121 61 71
38 106 131 99 75 93 52 186 144 36 128 255 141 66 112 222 193 122 127 212 194 5 39 119 107 111 116 73 211 199 75 67 73 64 123 152 124 55 56 73 66 14 55 66 56 19 22 41 47 24 25 67 48 17 8 47 62 37 30 20 15 45 38 76 130 100 66 78 76 97 34 25 68 97 97 46 109 55 26 68 42 104 175 125 129 179 250 134 30 85 47 130 201 157 110 62 59 58 59 44
64 74 104 70 77 102 135 101 77 96 69 81 66 66 49 108 104 94 146 255 195 165 180 252 255 118 42 117 213 180 94 91 118 68 87 144 178 72 53 105 64 28 30 91 67 20 51 56 64 32 36 34 53 17 12 57 70 44 36 40 51 49 41 68 122 119 70 73 155 164 98 38 46 98 130 37 49 95 66 93 125 136 168 165 117 136 242 154 72 64 44 140 172 186 115 53 35 82 105 47
102 94 61 129 124 80 134 84 74 103 42 81 0 76 106 117 101 88 59 116 94 215 224 194 199 95 80 157 245 169 79 128 130 79 43 5 165 129 93 126 56 40 40 42 40 43 23 51 43 20 13 28 40 34 24 36 61 42 38 42 60 61 40 48 119 116 57 50 100 153 123 85 68 131 196 118 62 168 130 97 140 105 112 114 92 21 40 109 96 82 65 137 75 58 69 180 161 26 48 45
200 160 1 71 97 15 51 102 134 79 78 122 9 94 88 170 155 144 77 103 25 130 137 90 77 104 130 130 223 238 154 128 140 83 48 2 89 114 85 112 53 129 93 72 50 31 24 44 26 27 14 38 13 38 47 48 43 49 57 41 36 32 17 27 62 91 62 39 62 63 63 115 104 124 216 209 46 118 78 38 54 16 50 26 38 50 15 60 123 130 152 149 132 71 97 255 226 63 72 34
243 213 23 39 36 82 64 175 170 98 136 126 111 100 19 43 39 58 34 129 57 98 152 130 117 178 135 39 65 168 145 57 29 37 113 123 136 121 123 124 60 137 109 84 49 21 0 8 20 32 32 80 32 56 55 36 36 52 59 29 13 13 5 18 52 51 19 13 94 52 35 126 87 87 174 240 43 70 100 110 48 71 108 26 31 139 84 33 24 82 122 0 145 183 149 96 22 122 220 147
241 69 72 70 126 5 58 149 105 143 125 12 31 38 85 24 131 123 27 70 38 79 168 100 72 96 64 63 38 116 140 70 104 70 122 109 218 163 247 229 129 66 89 61 74 119 28 62 97 47 9 38 5 48 66 57 42 41 38 21 26 35 18 19 25 39 52 94 141 130 52 54 157 99 65 143 57 105 135 71 14 60 61 23 13 67 50 75 36 123 221 85 107 140 104 29 43 128 97 32
84 50 59 105 142 103 125 150 156 197 187 68 20 48 89 61 147 136 34 37 36 95 186 122 38 37 32 74 74 190 237 146 102 77 172 230 255 145 238 237 216 81 56 28 52 79 13 20 83 28 37 50 29 37 35 27 35 33 41 37 40 35 16 26 24 36 44 69 20 138 97 37 99 90 67 144 80 100 153 131 82 90 108 197 128 50 15 38 34 65 153 130 11 71 82 97 56 104 75 79
78 123 75 81 132 121 101 97 121 97 73 12 0 64 0 49 89 88 61 76 51 77 88 83 63 69 99 59 74 187 160 0 83 114 208 246 138 39 91 115 187 111 57 51 88 65 71 50 80 27 77 43 35 24 29 38 26 27 47 53 44 20 7 39 59 43 45 66 45 179 150 91 100 90 101 186 95 68 68 86 157 120 72 158 90 60 56 41 34 134 223 143 42 52 35 21 19 39 52 66
124 178 127 76 82 140 80 5 58 170 128 71 75 140 24 85 100 59 38 44 23 87 60 113 173 144 196 104 131 209 171 64 189 203 165 100 187 250 253 205 190 147 134 103 149 113 87 67 87 29 99 42 63 47 38 35 33 16 29 50 55 32 17 51 71 49 57 39 58 82 78 121 198 174 191 245 110 78 20 42 150 173 56 78 78 107 82 67 42 87 122 0 145 109 130 154 181 122 87 46
108 127 97 101 52 206 153 39 91 198 152 71 7 119 35 114 95 78 33 33 18 86 100 138 159 148 229 199 240 255 209 40 111 148 240 255 247 237 219 107 248 253 145 0 146 117 46 74 67 54 93 41 55 53 28 47 38 39 3 36 63 11 40 47 73 48 54 51 86 91 53 107 148 171 170 234 83 147 151 74 149 199 100 65 110 97 57 89 64 22 93 101 89 123 136 175 118 45 39 53
59 170 68 57 20 186 189 84 103 146 89 9 17 104 70 40 53 53 48 57 46 54 65 74 97 101 130 152 90 173 254 187 241 244 255 241 194 142 246 248 249 238 217 241 220 180 33 89 45 73 50 26 36 58 61 46 41 48 40 27 22 19 14 46 66 56 29 27 142 193 158 60 61 65 95 111 43 125 154 63 121 226 108 34 65 98 57 96 80 63 106 135 249 158 112 172 137 81 49 124
98 128 72 47 2 85 123 118 96 121 122 110 123 191 207 83 85 79 68 91 71 52 60 41 73 123 62 83 184 176 239 255 248 245 250 246 242 166 254 255 247 236 253 230 255 244 95 81 88 59 9 23 47 72 63 30 40 57 57 0 12 30 38 38 48 31 46 56 74 112 150 76 62 91 121 99 31 47 57 52 126 197 102 16 67 135 100 61 31 3 50 12 154 127 45 170 96 131 5 40
127 7 122 36 103 111 131 85 62 0 23 76 5 153 255 155 182 177 136 136 77 91 176 201 140 138 102 149 91 110 240 255 238 249 251 225 251 199 248 244 247 255 255 227 239 255 129 64 127 24 43 44 95 128 115 46 38 81 49 23 9 0 32 42 58 38 52 63 30 51 86 104 148 107 101 63 35 37 117 147 130 116 103 140 66 55 53 85 125 68 97 167 105 104 0 145 38 135 65 142
116 99 177 201 105 86 61 100 88 104 111 107 21 69 118 164 130 150 171 168 121 93 137 82 97 102 58 43 25 52 103 78 151 232 235 253 252 172 242 255 225 214 150 237 43 121 106 195 188 68 148 135 236 248 230 27 117 104 15 46 53 92 80 88 36 108 94 53 71 93 120 118 150 73 94 80 84 53 156 148 65 174 206 212 39 95 63 46 58 47 123 176 162 76 114 95 15 21 39 161
30 86 65 183 214 85 72 35 111 97 232 251 122 69 81 81 79 101 164 112 104 108 198 121 12 56 127 82 96 149 226 152 52 159 119 240 240 153 233 248 255 238 162 249 180 230 211 255 226 130 196 190 255 198 255 92 1 60 125 46 65 84 61 39 17 121 142 67 55 75 170 106 79 54 22 90 125 109 102 196 123 134 141 148 98 85 84 147 144 94 66 146 157 104 135 123 100 76 65 108
8 164 127 143 117 55 133 169 239 137 209 224 172 109 96 57 57 136 223 124 38 86 201 160 58 89 99 104 30 140 204 168 96 157 42 126 132 177 237 247 213 255 255 209 255 243 233 245 250 201 247 240 220 116 235 222 51 99 174 12 52 50 61 19 49 77 101 52 34 94 110 83 66 75 27 83 140 161 11 104 199 255 227 46 28 93 126 96 161 165 105 36 115 165 152 45 52 118 69 33
76 89 124 113 113 80 73 117 192 98 129 144 101 47 56 44 0 116 205 156 27 111 123 35 54 77 70 102 68 78 94 73 98 179 105 102 83 255 251 255 227 243 240 221 235 255 223 255 240 204 249 255 255 151 96 60 64 109 134 112 102 57 45 43 47 75 66 24 66 181 4 114 101 87 134 2 19 100 42 39 105 119 124 133 61 87 36 29 116 217 132 53 151 241 248 48 38 133 99 75
40 0 82 102 125 91 33 88 105 101 54 123 108 81 136 95 52 157 212 181 47 81 132 92 47 88 90 53 70 124 107 93 86 136 99 164 50 159 130 243 241 235 242 239 255 255 250 255 250 211 254 237 126 193 98 92 150 153 78 115 195 113 90 57 45 61 117 138 16 180 18 135 99 40 121 80 43 45 67 90 143 49 19 196 206 67 4 46 162 128 70 74 186 231 207 115 124 163 90 61
12 119 86 113 116 123 40 146 151 163 12 58 89 97 75 63 78 107 112 55 8 4 219 214 63 53 79 0 30 93 105 133 101 148 107 166 73 130 102 255 229 244 255 255 255 245 251 255 252 255 246 255 124 252 186 80 13 98 177 160 172 139 98 129 59 123 124 180 33 62 78 54 71 82 72 58 144 56 96 95 255 182 75 145 216 115 35 89 147 142 70 64 119 53 88 162 255 184 88 92
72 193 59 131 163 206 95 104 110 151 34 95 154 145 66 53 118 131 115 74 35 66 115 90 47 60 50 56 112 112 24 41 49 122 133 152 104 255 247 233 183 253 245 247 222 245 253 240 246 245 252 247 68 239 252 247 88 79 117 95 107 115 109 206 79 116 112 202 77 44 65 72 103 83 33 93 72 135 115 49 111 148 134 92 134 146 116 63 93 115 71 51 57 0 88 208 253 233 147 110
68 158 51 115 209 223 137 81 117 87 18 64 126 123 76 33 118 127 112 166 95 194 100 46 242 184 26 198 98 167 105 120 58 33 35 58 21 172 233 255 62 89 118 255 250 248 251 255 254 255 238 253 140 255 210 247 195 40 0 103 104 131 61 232 35 95 108 231 66 147 192 173 178 66 104 173 169 151 27 0 120 142 131 43 106 131 120 66 78 21 12 33 54 69 154 134 95 162 136 72
91 178 112 76 180 152 93 71 72 87 69 36 2 29 68 102 90 150 36 72 88 121 65 118 246 186 112 233 198 109 79 95 112 47 39 102 85 70 62 170 103 78 114 244 252 247 255 217 255 191 255 239 229 196 255 38 80 114 126 174 254 216 255 249 253 157 139 135 182 144 102 101 31 78 166 191 93 68 113 182 124 0 18 98 188 150 187 193 63 15 68 97 62 90 141 73 80 73 82 62
99 155 142 49 66 76 82 97 183 255 212 119 34 68 29 75 0 4 59 134 103 218 242 221 166 67 61 165 77 73 70 100 105 92 95 103 75 56 5 40 40 127 77 76 237 255 235 251 245 254 248 255 255 245 240 109 204 44 166 53 254 253 210 247 251 239 137 151 183 63 186 70 70 3 116 135 152 103 69 119 144 85 87 115 186 44 60 176 134 27 42 183 168 84 54 58 136 97 84 60
0 41 128 113 100 90 69 57 166 255 243 158 102 136 67 134 111 70 133 122 64 241 253 229 166 135 128 119 110 87 48 51 48 77 109 102 58 53 16 43 56 37 59 183 203 246 241 253 255 239 246 255 245 221 223 180 250 188 255 165 233 255 143 186 217 234 110 242 216 115 152 163 4 165 71 129 111 66 67 68 58 26 54 119 244 186 153 76 55 88 64 174 153 102 63 12 97 94 79 24
196 128 61 28 118 105 43 43 49 79 95 75 124 162 86 113 91 98 141 125 118 173 189 157 165 185 132 70 80 88 109 76 71 96 60 54 96 91 15 80 65 57 54 255 178 247 183 255 221 250 253 255 214 134 255 234 237 255 230 143 249 245 246 196 255 216 249 251 255 30 114 86 83 92 66 35 41 82 116 73 36 35 85 133 187 118 126 52 62 71 12 208 187 90 62 14 75 38 64 35
187 199 87 119 83 112 134 112 66 41 51 122 104 170 201 87 22 70 66 88 79 104 95 82 99 113 89 41 24 41 123 205 206 120 39 5 98 167 54 24 40 106 75 108 129 179 162 255 240 243 249 255 237 196 251 255 140 255 230 216 247 173 254 255 246 248 255 225 234 64 64 122 99 32 55 33 1 43 64 52 30 64 64 48 43 87 169 100 77 102 0 120 182 89 88 92 97 0 30 103
188 198 69 52 82 92 134 135 91 60 124 208 158 198 255 117 80 114 47 42 84 98 59 31 63 79 70 72 12 24 95 211 204 78 19 30 59 103 66 61 51 58 38 84 45 111 142 220 255 254 252 246 255 255 213 233 143 160 255 255 230 160 129 230 171 241 255 150 136 124 40 148 51 64 78 140 109 175 209 166 113 87 103 117 33 173 249 97 33 83 67 0 59 108 169 93 89 45 85 68
131 172 119 9 54 47 44 32 57 107 134 145 255 189 148 29 72 62 138 119 142 213 108 46 84 82 10 3 76 60 76 142 149 55 36 72 37 34 42 90 56 44 50 126 63 69 92 168 213 236 255 236 201 249 245 255 210 147 151 104 252 216 175 216 136 229 232 191 19 50 119 15 114 40 108 137 97 182 222 173 66 22 64 124 133 97 95 97 48 17 26 106 16 99 163 92 99 118 111 27
127 105 139 51 99 115 90 74 175 252 200 64 136 120 116 104 133 43 163 175 35 208 154 69 81 117 50 128 78 37 66 148 119 90 88 109 82 64 5 40 38 160 146 102 97 94 62 83 191 176 236 255 254 232 255 186 255 255 237 255 243 252 255 208 212 121 112 141 115 177 186 80 131 255 122 161 127 140 134 79 54 88 160 160 202 148 117 114 70 77 123 68 133 24 90 220 255 112 25 52
101 40 133 197 176 133 162 165 123 143 60 12 99 173 67 42 155 47 33 6 129 132 136 41 74 93 20 120 190 24 73 205 57 78 115 140 144 183 86 62 92 95 130 83 46 138 255 211 75 78 177 252 247 193 231 243 251 217 255 227 237 233 255 255 255 57 95 165 192 173 10 19 43 128 152 76 99 73 5 102 243 255 236 253 252 140 29 42 90 85 215 127 132 87 9 134 165 123 23 34
95 33 30 170 135 112 255 255 120 18 51 91 139 174 149 106 104 0 113 255 144 125 172 63 44 53 21 178 189 67 75 151 45 113 194 216 143 181 141 119 120 57 56 57 70 93 206 190 116 102 86 53 249 255 197 242 221 251 255 239 249 255 176 255 241 72 107 239 188 231 147 116 73 138 182 153 63 47 74 176 254 250 211 193 181 122 114 36 81 106 136 28 138 134 49 132 152 55 53 187
206 135 9 118 146 156 246 184 114 214 202 9 58 170 212 86 88 106 151 219 158 75 15 74 135 119 85 78 156 68 64 127 83 154 178 215 93 39 23 33 92 92 90 121 159 148 127 30 14 45 45 120 6 255 224 245 255 185 255 233 254 254 243 171 205 180 240 248 59 125 42 50 87 233 211 96 96 14 102 61 57 158 121 122 225 103 108 46 86 180 113 40 102 79 78 115 135 64 65 88
255 184 37 77 130 146 184 191 227 255 184 118 47 88 148 121 172 178 74 102 64 30 47 93 97 73 111 98 140 87 42 102 121 156 82 201 185 87 40 56 118 140 72 117 204 196 116 49 65 61 26 62 102 252 255 222 243 104 241 220 217 224 196 120 178 136 180 181 0 82 61 71 38 58 74 24 82 52 109 70 87 137 31 102 168 63 115 96 90 45 49 150 61 49 88 104 189 65 71 11
186 137 60 44 82 195 229 175 195 131 82 205 139 1 71 174 168 76 15 185 122 126 85 55 33 71 124 118 147 119 72 23 71 149 103 201 255 198 227 233 243 173 28 65 245 214 169 135 198 194 59 48 29 0 121 35 133 145 255 184 186 205 164 74 136 215 204 124 47 54 68 107 59 66 28 69 29 113 164 59 132 149 8 111 201 128 49 181 212 86 89 151 62 68 129 81 107 25 89 39
104 121 195 186 91 191 147 29 138 171 67 138 94 19 22 106 85 40 25 153 148 126 75 46 56 133 99 48 67 163 90 12 53 170 142 161 149 142 219 248 227 156 46 96 173 165 199 229 252 242 120 105 89 51 94 81 38 122 81 58 175 216 219 0 90 255 244 113 66 4 0 89 104 126 47 73 206 230 180 36 95 138 39 189 190 159 17 141 185 152 146 117 94 118 104 90 85 77 128 46
45 132 218 255 201 43 0 47 171 192 70 86 47 105 67 52 12 83 115 53 39 100 128 56 79 77 49 114 76 130 99 83 111 185 85 162 117 130 72 122 162 86 64 74 18 54 223 251 255 191 104 70 196 157 118 102 65 115 162 184 213 47 67 49 76 45 90 130 79 69 143 147 40 34 0 87 251 255 239 139 150 134 147 122 16 120 106 45 5 51 60 105 85 110 84 114 110 150 129 3
57 32 109 163 133 75 87 34 69 167 151 44 61 205 113 118 15 97 174 113 91 78 67 15 87 161 14 101 182 139 104 150 166 143 98 254 153 112 11 67 184 171 130 39 133 23 90 137 98 131 85 43 110 157 98 91 230 64 100 0 90 6 63 24 68 87 114 152 89 91 169 182 101 113 49 102 106 110 143 160 65 116 169 36 53 76 47 77 131 239 62 68 35 117 102 133 6 120 123 62
17 36 45 17 70 253 139 89 106 176 169 226 231 91 89 93 92 20 137 189 77 45 106 75 72 29 121 148 83 179 122 114 178 163 113 126 145 87 26 86 160 82 47 221 222 221 138 85 112 69 97 93 137 14 31 75 140 127 25 150 239 228 56 62 110 29 23 65 25 54 166 90 123 171 30 47 165 217 124 118 131 45 64 14 16 58 22 47 38 125 79 156 47 115 118 55 144 172 97 110
35 70 74 40 57 182 121 121 111 147 137 88 192 76 23 177 196 175 142 160 144 81 42 78 71 101 185 239 85 147 159 97 147 168 89 36 121 168 72 0 0 36 89 173 122 93 82 87 42 61 98 145 103 13 55 85 93 111 51 149 175 244 141 57 150 73 1 25 100 65 143 102 73 126 43 26 212 254 136 126 51 31 121 91 12 37 60 99 171 139 111 98 28 23 31 53 74 119 92 163
78 116 91 55 50 49 81 48 91 78 129 91 111 60 37 178 249 218 99 135 210 158 81 116 58 135 120 118 122 209 213 177 184 103 65 100 29 162 169 52 64 186 153 58 74 63 50 85 41 10 67 132 170 51 105 83 81 128 94 98 113 227 166 87 191 228 118 129 230 194 188 143 104 76 71 4 111 157 116 107 91 75 177 168 118 52 81 109 203 96 81 40 31 28 28 0 49 95 83 141
92 145 110 75 50 40 30 53 124 80 106 57 24 74 45 86 98 154 98 124 168 142 123 149 118 138 110 82 162 180 191 190 124 36 39 151 78 62 66 81 150 248 221 44 113 83 105 108 153 172 229 247 198 59 91 86 81 183 165 106 179 246 234 97 200 225 93 155 131 98 99 108 53 72 153 38 35 89 82 75 67 60 142 182 172 115 102 61 120 72 56 91 117 27 21 54 52 97 67 60
90 121 107 70 42 98 86 107 238 111 46 32 18 77 105 0 62 39 92 141 188 118 140 62 90 66 126 90 82 97 70 55 45 32 32 34 90 29 43 115 183 255 237 70 42 30 0 33 123 255 254 202 109 32 68 66 50 148 185 104 178 227 192 98 157 153 0 97 119 61 51 76 26 91 163 105 143 118 78 60 26 34 82 100 107 143 87 64 42 95 103 172 166 56 76 60 83 98 24 25
85 85 70 56 24 123 82 89 243 119 50 78 53 50 67 48 80 30 102 176 195 138 137 31 23 0 47 31 16 140 160 35 9 99 110 4 33 31 74 103 119 147 159 83 119 101 53 23 126 234 203 105 48 94 122 76 11 45 104 70 55 79 79 50 89 73 55 113 200 133 107 76 32 85 147 150 118 143 120 105 87 60 48 85 29 92 95 92 34 89 84 153 169 97 91 106 112 129 57 31
85 57 57 66 81 163 61 68 117 84 58 116 102 52 44 95 89 65 80 105 111 70 66 66 26 59 104 81 28 181 252 138 72 118 157 66 29 15 63 43 0 30 74 110 33 31 29 47 79 157 117 32 38 117 115 91 31 21 62 54 23 52 41 49 56 54 84 105 125 66 102 61 58 116 120 187 71 74 98 134 123 114 82 104 33 65 77 67 69 69 49 83 104 130 109 67 100 110 75 83
86 68 95 86 119 168 95 173 56 99 50 26 49 44 51 104 0 46 54 47 89 130 99 95 54 135 207 178 103 131 155 149 83 75 62 42 47 46 133 246 216 87 74 162 30 58 102 77 87 83 63 30 36 60 61 25 60 63 67 33 47 87 46 59 61 66 221 224 139 107 184 116 115 152 89 176 103 94 107 103 80 28 36 84 87 73 62 36 105 29 72 91 60 104 102 23 92 69 58 104
32 53 130 143 96 140 88 130 255 159 36 61 147 60 12 86 66 30 41 134 158 145 77 67 72 77 144 123 95 74 82 156 208 103 38 43 42 146 229 237 166 81 34 49 72 21 67 142 95 39 56 84 97 101 169 118 67 53 60 21 26 36 21 45 81 160 135 101 18 119 44 82 70 68 69 108 77 103 89 34 33 60 34 36 132 74 26 189 164 11 70 59 1 4 67 85 57 31 28 57
33 8 52 128 77 236 248 175 162 183 123 116 182 146 73 59 14 57 50 75 81 104 75 77 89 34 130 131 93 63 51 74 90 23 0 73 64 40 57 147 139 63 88 136 151 113 115 106 65 57 50 74 102 34 74 116 127 52 68 82 52 35 66 84 139 144 113 48 130 166 220 58 109 43 108 108 58 87 58 40 72 88 96 63 37 93 124 231 185 59 103 61 59 30 13 3 7 31 54 47
45 13 23 87 66 193 255 141 50 82 25 60 124 174 114 81 39 122 97 102 85 60 67 140 255 198 247 197 68 50 82 86 57 47 71 80 82 128 146 92 37 37 80 136 154 175 102 57 31 73 55 63 97 49 14 85 100 41 33 78 45 46 78 70 88 91 56 56 181 176 249 83 157 133 92 109 97 101 42 28 107 123 99 61 99 227 230 189 62 19 75 25 68 118 82 17 18 66 95 60
57 78 80 39 8 10 179 165 94 135 75 95 27 62 74 153 111 124 86 108 65 36 63 86 217 215 232 171 14 24 111 146 87 71 73 49 119 172 192 125 61 59 79 48 119 162 87 11 53 70 86 92 100 200 149 94 55 91 51 74 51 84 88 66 24 6 67 96 139 171 135 140 72 249 88 108 134 121 64 28 70 104 73 51 174 233 210 134 59 79 194 140 89 136 125 58 38 65 71 26
19 39 36 0 112 73 198 121 55 150 58 0 24 85 106 146 66 111 47 69 37 85 136 56 66 80 97 58 75 71 122 119 55 49 104 80 93 46 75 158 197 154 104 97 105 117 64 27 62 32 33 69 109 213 131 105 81 97 46 68 71 61 79 85 59 40 64 119 32 142 145 210 14 228 56 146 128 115 70 26 55 95 71 88 102 103 81 91 86 144 150 91 130 145 123 96 63 47 76 120
14 11 53 111 53 0 80 68 51 87 89 122 86 159 123 60 6 75 96 65 59 114 140 46 24 94 101 52 85 83 126 109 62 46 50 57 111 65 54 138 193 172 89 54 104 66 43 54 61 42 40 60 76 49 36 93 94 106 32 40 35 49 25 102 114 121 47 50 65 74 108 151 75 240 146 96 134 162 112 66 65 88 118 136 74 46 13 47 54 71 48 13 73 97 103 119 83 56 76 123
52 125 201 234 213 71 30 66 45 2 37 135 87 153 94 65 41 127 104 48 19 79 51 46 23 174 66 59 26 68 45 85 94 75 74 105 188 162 115 107 102 130 88 55 110 60 66 85 71 60 83 141 79 69 111 108 94 55 116 117 75 8 5 77 107 74 41 24 117 62 68 119 125 219 163 56 106 147 122 88 75 98 91 135 70 54 104 101 70 53 83 82 41 22 69 90 49 18 31 70
37 133 156 157 212 184 44 23 20 43 80 50 99 66 21 116 124 155 96 79 40 81 110 127 6 114 3 48 106 110 102 137 217 193 209 255 245 83 15 86 194 163 125 126 126 102 82 107 39 46 131 141 84 142 203 65 13 2 153 152 97 26 55 52 51 8 35 136 152 107 73 132 106 177 105 33 17 65 87 24 34 64 78 78 61 103 182 158 55 23 22 91 148 123 86 61 40 28 58 100
80 164 191 29 130 133 110 135 167 143 84 64 0 89 34 40 139 248 140 54 146 106 117 68 51 90 34 125 159 48 36 49 150 244 253 255 213 197 118 136 152 67 25 100 113 140 46 121 141 136 91 61 40 155 102 23 24 8 19 117 138 62 41 117 85 56 112 152 181 16 91 84 38 8 19 121 72 23 56 65 84 23 91 31 110 205 142 85 27 6 55 134 120 113 126 79 33 31 73 123
53 80 237 199 34 84 130 126 139 102 75 71 162 186 132 53 109 198 95 108 228 146 107 88 72 2 45 214 167 69 142 108 116 221 255 220 40 152 116 45 94 72 30 73 113 171 29 135 111 115 182 168 8 28 29 110 49 125 120 112 34 5 40 34 34 73 58 70 40 14 34 97 90 59 136 120 64 77 97 79 45 13 82 29 62 98 86 62 106 158 146 155 141 113 104 103 66 41 53 86
79 13 129 103 36 70 125 120 95 42 39 93 148 98 125 83 99 153 159 170 121 228 224 131 68 64 108 109 154 0 151 255 239 105 152 177 56 77 67 53 93 88 57 44 107 155 67 167 118 72 81 59 134 90 35 136 31 136 58 55 111 77 23 24 78 110 102 34 35 75 48 126 54 76 214 159 133 159 114 83 51 47 20 65 64 64 165 98 67 126 109 104 72 70 86 74 75 43 43 63
147 60 77 30 47 97 118 132 99 51 30 107 143 78 139 103 85 95 151 142 106 180 174 254 223 46 31 61 87 75 255 247 255 161 164 10 43 57 56 45 96 15 16 41 122 93 40 100 61 89 164 255 92 124 28 54 114 111 57 152 73 108 63 9 26 67 64 37 85 112 128 143 17 85 178 106 99 168 126 113 54 50 11 110 81 103 213 109 27 106 53 36 45 55 59 68 65 60 93 129
97 77 31 11 52 68 84 150 161 89 72 107 133 40 147 86 77 117 152 108 126 124 65 175 195 36 56 71 255 199 255 228 236 42 55 127 84 132 159 51 74 93 118 51 160 137 47 73 0 13 59 110 19 66 113 67 176 76 91 215 27 134 164 96 52 28 44 127 80 81 195 191 57 88 74 57 60 120 116 94 66 111 35 137 113 30 143 56 45 155 98 29 87 107 108 97 58 86 104 162
208 224 179 204 138 73 61 92 126 83 50 75 80 3 84 62 51 120 199 154 55 69 32 21 63 70 83 61 147 255 227 63 107 0 98 140 187 162 134 77 218 234 234 75 122 133 190 255 160 176 153 114 50 67 223 253 236 97 178 150 200 255 229 246 238 155 91 159 107 101 146 172 89 170 34 114 82 83 121 102 64 103 39 111 71 69 125 66 77 166 90 91 103 117 94 74 56 62 99 202
235 247 255 255 152 109 37 59 78 21 21 82 123 18 36 77 51 90 57 85 90 56 20 86 110 70 30 113 101 106 95 163 160 14 57 119 252 82 72 80 255 251 220 86 122 181 235 214 78 138 126 75 58 70 215 255 255 170 177 105 255 249 233 250 252 231 105 57 113 139 61 122 85 200 78 121 136 46 129 55 65 109 70 93 25 116 132 133 93 130 95 90 49 45 47 71 52 21 94 111
252 255 246 202 94 47 52 125 132 22 16 29 116 41 34 142 59 65 29 84 92 151 228 78 82 168 124 129 118 73 111 240 255 149 101 23 154 155 188 79 219 244 241 62 16 86 255 255 140 124 130 53 45 117 101 98 191 133 19 55 156 250 255 222 255 191 127 137 85 208 0 72 126 166 111 51 88 0 88 35 77 153 159 132 23 96 78 108 185 142 106 91 17 31 16 50 40 32 62 68
229 255 153 170 179 67 163 178 35 7 57 56 125 109 39 135 143 39 115 64 115 173 117 124 103 159 90 67 93 44 149 255 174 147 117 32 187 216 101 140 230 255 189 181 47 181 168 85 1 74 87 116 68 98 255 255 251 255 209 170 45 170 191 247 240 222 251 240 23 70 202 124 35 52 84 123 125 91 76 67 99 113 79 49 41 116 97 90 132 130 100 138 61 77 128 160 62 28 19 157
128 242 181 170 165 50 157 158 58 75 95 93 82 72 0 97 139 70 86 8 47 61 100 100 54 111 112 82 75 104 172 136 116 91 101 71 47 117 138 199 220 153 118 87 82 158 180 54 111 89 205 179 69 69 189 225 249 243 227 172 114 184 162 199 148 82 164 221 80 66 110 112 76 85 69 110 109 122 94 82 47 55 51 68 165 203 157 86 69 119 119 137 136 44 241 239 247 61 151 255
112 166 85 92 92 86 133 121 66 79 59 84 98 51 46 87 65 34 40 5 39 29 89 61 28 111 213 145 100 199 188 61 59 88 109 147 42 61 186 204 142 109 149 131 84 83 101 37 133 127 255 240 80 76 200 247 255 205 144 144 191 153 101 78 95 103 135 120 135 56 77 115 100 112 53 35 117 125 111 76 76 108 127 104 183 180 150 100 63 73 72 79 189 66 255 231 255 91 218 213
187 157 0 121 105 82 93 49 46 62 23 37 136 62 115 36 2 23 13 21 66 5 24 9 8 47 207 156 132 190 117 49 18 52 137 182 73 60 134 95 139 133 189 194 83 51 42 34 82 120 214 239 72 103 189 183 211 143 100 131 147 81 43 85 110 92 89 144 70 36 98 122 126 129 62 59 182 154 78 61 64 61 60 33 154 171 112 37 75 68 49 79 139 68 155 151 174 238 245 253
187 160 42 173 94 79 85 35 80 128 80 82 165 51 69 20 20 127 103 127 118 146 209 148 143 134 174 203 177 81 46 86 17 8 155 106 19 83 101 36 156 157 126 126 122 56 44 64 49 80 176 184 98 63 103 50 170 212 132 77 128 84 122 127 68 14 46 138 59 2 92 78 115 195 137 91 7 45 38 14 30 38 108 116 154 255 100 30 83 118 37 200 106 121 123 87 70 226 250 208
149 104 112 82 66 51 76 57 140 199 196 213 100 26 78 62 67 131 128 206 26 166 255 189 169 58 52 149 174 81 37 155 98 63 135 57 34 145 136 37 128 120 72 144 165 83 60 62 78 25 182 119 41 112 76 13 103 142 121 156 237 167 157 124 49 29 0 82 105 47 48 20 87 178 157 69 149 105 94 60 34 54 54 17 80 237 179 98 126 37 45 236 136 144 195 89 67 72 56 93
111 1 76 27 100 32 55 79 171 226 245 255 71 24 65 63 1 19 77 180 55 115 212 227 136 78 78 144 154 110 49 198 204 126 145 76 76 146 145 139 85 73 73 180 184 108 63 125 76 83 173 109 75 158 143 24 59 73 81 170 239 141 108 59 50 67 17 68 111 64 59 47 62 145 91 23 103 75 43 24 74 92 72 39 59 130 157 138 152 66 53 103 82 126 201 96 198 137 100 140
118 0 41 97 198 81 88 124 180 234 251 243 128 63 56 57 54 29 98 147 124 13 38 117 33 110 144 125 80 96 13 150 213 121 124 70 58 61 82 198 65 36 109 194 166 132 50 201 54 197 175 124 125 134 159 11 79 70 75 160 182 73 57 20 36 53 44 85 60 25 86 84 37 95 43 51 43 108 117 110 73 83 111 119 100 61 109 164 118 129 86 0 43 97 133 66 254 217 173 175
