98 66 36 57 70 86 48 10 42 71 14 8 14 20 16 23 25 69 29 151 82 53 64 85 73 52 38 46 50 34 79 51 34 0 14 0 27 52 47 22 10 25 38 34 30 40 43 25 40 32 39 41 53 101 116 73 39 66 76 62 43 28 6 24 96 158 122 129 82 42 15 43 45 44 52 9 38 53 35 15 39 65 104 56 23 28 53 53 0 12 58 20 39 46 55 23 10 30 63 76
76 57 58 108 97 51 28 73 97 55 25 52 48 36 55 86 114 92 85 181 140 82 75 128 99 59 22 8 35 57 89 115 101 81 43 22 19 45 56 41 17 75 115 108 117 80 36 37 12 14 58 71 59 109 134 70 46 49 46 11 61 15 74 108 62 160 155 132 95 51 17 0 38 59 83 48 55 40 20 25 13 72 115 56 31 35 41 33 40 46 74 33 34 40 59 57 43 44 57 68
84 65 51 102 99 58 85 215 191 80 55 61 29 6 53 108 88 71 99 131 195 221 140 68 72 60 61 65 90 94 50 82 96 103 45 50 45 66 83 81 80 152 248 245 233 162 89 68 29 29 44 46 35 47 50 23 16 33 47 9 72 52 153 127 26 70 46 48 100 100 65 1 31 37 36 7 15 6 22 76 51 9 31 72 99 38 2 28 65 69 87 60 38 28 38 62 45 22 5 0
28 45 44 96 121 83 56 128 146 60 68 64 48 27 55 97 52 8 46 105 202 205 88 9 18 27 51 74 70 64 21 54 138 93 45 86 85 32 17 58 61 105 240 245 201 155 103 34 36 54 35 48 85 42 0 37 52 42 39 22 27 64 149 104 0 36 26 40 39 19 49 83 102 85 55 42 47 14 8 58 81 73 81 48 70 106 110 76 46 56 81 82 56 31 23 60 48 72 121 160
32 38 8 35 79 79 35 49 28 12 61 95 135 97 47 47 33 4 27 95 115 67 21 54 65 70 84 98 46 38 51 81 57 88 87 34 75 126 104 58 28 59 151 146 122 129 111 43 31 72 70 87 120 63 12 56 74 38 16 21 37 62 93 118 76 67 18 61 41 11 12 50 59 36 9 36 61 45 48 95 103 24 37 55 64 73 92 79 24 29 51 63 55 35 31 79 94 97 114 125
27 24 14 54 87 96 51 32 10 13 31 80 147 102 20 10 38 50 32 54 48 40 39 79 56 64 89 89 25 4 24 34 0 10 47 16 74 127 111 73 38 82 75 53 70 100 91 70 60 84 91 63 32 27 39 49 91 94 55 0 77 67 62 123 132 137 82 107 64 47 40 60 75 43 6 36 46 50 86 138 102 13 22 46 61 64 63 31 26 18 22 13 23 11 22 75 76 69 80 97
43 26 27 57 50 65 50 26 36 44 12 35 75 60 24 30 76 51 13 34 72 74 38 46 25 26 64 44 29 28 25 43 89 114 112 60 52 84 69 12 85 124 60 51 58 77 72 67 67 78 77 30 0 34 83 79 143 168 105 0 52 34 57 85 135 156 112 104 73 74 84 77 46 27 12 59 49 51 81 105 72 41 43 19 20 19 31 41 29 25 31 2 22 1 9 50 45 38 55 82
40 17 21 35 3 40 58 33 47 85 44 36 25 28 31 33 37 24 13 11 79 107 53 31 31 27 75 35 66 76 29 54 117 127 84 62 19 44 71 47 85 102 40 68 30 36 44 19 38 68 67 46 54 79 87 82 108 123 92 48 45 12 63 49 38 70 54 42 41 50 80 58 29 13 9 66 48 49 68 64 30 47 50 23 57 44 6 0 21 35 64 33 62 25 20 41 44 40 59 83
49 56 33 16 42 68 76 86 68 80 113 54 1 15 52 26 25 68 51 28 88 64 24 29 45 37 0 79 62 47 40 59 57 54 51 73 78 70 50 17 39 36 66 74 15 25 20 12 29 69 58 33 55 72 57 49 40 47 40 72 45 21 70 51 11 20 56 28 7 12 41 20 5 0 47 52 50 83 72 46 27 36 37 50 86 73 17 9 32 26 44 19 37 28 3 25 35 50 45 100
68 52 48 78 104 91 92 128 96 71 109 69 4 29 84 35 16 96 125 65 73 38 23 45 33 0 23 22 13 24 74 54 82 112 136 117 92 52 37 46 34 21 50 70 32 43 28 11 43 54 33 14 23 20 18 40 34 6 10 76 75 43 73 82 4 34 51 58 11 5 57 62 33 33 32 39 41 97 106 60 41 70 24 52 99 111 61 31 49 56 24 32 71 40 0 32 33 51 53 107
62 53 69 98 81 32 52 127 102 23 22 39 52 74 93 33 57 87 104 22 36 30 40 64 21 21 83 36 54 36 35 23 0 44 90 49 58 44 69 141 82 20 0 7 3 36 32 16 15 29 27 25 31 23 28 58 45 29 63 117 105 57 52 75 7 35 25 61 12 6 63 83 65 26 26 47 50 89 71 40 83 113 34 56 64 72 69 71 117 95 35 71 105 87 60 89 81 95 70 78
108 50 21 57 92 75 44 35 43 48 67 78 65 5 35 93 19 41 92 39 58 48 53 66 111 62 32 33 100 118 60 45 32 35 57 15 76 62 29 61 78 22 7 12 10 24 10 0 2 33 44 34 28 21 19 29 12 0 2 57 134 153 72 5 17 31 29 46 14 11 50 70 67 77 156 115 58 67 70 95 2 40 19 33 31 67 114 117 61 70 84 64 64 121 121 55 67 102 70 19
51 42 56 80 79 57 42 41 58 68 72 83 84 24 43 81 25 46 83 40 74 94 97 79 117 161 223 233 144 96 94 108 30 7 34 46 170 173 93 60 3 0 10 17 14 15 14 15 15 39 51 44 33 25 25 32 44 85 124 110 126 138 74 42 19 21 56 40 41 48 49 53 78 127 173 87 56 84 124 74 71 62 70 30 31 83 131 97 34 16 118 98 68 38 22 14 37 80 81 25
45 26 38 64 56 32 23 24 43 45 60 58 32 19 70 43 11 67 84 54 85 116 102 44 41 124 191 136 76 31 84 127 89 50 52 50 126 145 117 98 72 43 41 18 17 18 18 15 13 19 41 65 66 53 53 65 49 83 103 83 95 93 49 57 17 0 35 26 89 124 80 43 67 135 128 84 56 46 132 56 75 26 57 43 46 29 62 75 31 78 170 51 43 44 30 50 46 28 33 15
56 33 38 50 33 17 17 16 43 41 46 36 1 0 51 9 28 106 85 47 26 49 93 103 95 126 134 31 73 69 82 113 91 40 20 13 25 44 53 28 11 0 7 0 17 28 22 6 11 10 27 50 55 50 47 45 35 32 18 38 90 73 17 23 26 2 7 24 102 151 102 53 56 44 6 41 40 35 62 2 28 36 77 118 111 0 3 83 67 50 86 26 60 62 68 128 77 14 27 35
9 28 60 56 19 10 24 24 33 50 43 44 37 4 51 56 54 112 65 74 55 49 87 119 110 61 82 11 59 110 97 90 56 13 28 105 148 173 141 46 3 15 44 13 16 14 20 18 17 17 16 12 23 54 66 49 36 26 5 60 145 120 49 38 41 45 23 45 75 113 94 76 36 0 0 25 3 60 37 40 8 94 85 104 108 17 36 137 113 14 19 53 85 62 45 58 28 0 50 64
22 38 26 46 15 17 39 25 33 42 46 39 34 13 43 56 57 105 57 98 91 103 86 43 17 34 46 36 19 26 68 111 61 37 87 123 94 100 95 23 0 0 2 13 18 17 13 13 17 12 23 54 70 53 50 74 61 50 40 165 124 109 80 55 23 36 104 50 48 51 59 60 18 27 41 13 28 113 86 89 19 80 48 24 40 14 41 102 104 57 73 99 87 86 58 43 8 0 55 47
58 43 0 25 28 38 54 46 25 18 31 36 74 30 47 49 68 55 12 34 84 127 105 56 37 92 139 130 80 47 56 82 11 42 116 120 56 69 102 65 53 44 32 23 12 3 1 4 16 16 32 73 106 91 61 51 79 66 41 97 96 52 34 73 14 15 74 60 47 19 26 48 27 30 44 32 71 144 131 54 14 32 44 32 54 42 32 38 51 80 81 56 60 86 134 63 44 62 87 80
40 72 39 49 48 53 63 64 46 50 71 67 133 71 74 61 21 12 25 28 92 133 93 32 58 66 74 82 90 90 73 52 65 78 118 111 74 104 121 64 17 14 14 15 11 6 4 7 11 27 39 53 68 69 66 72 62 60 34 6 31 12 11 10 62 36 32 35 57 61 40 3 11 12 34 45 92 139 151 43 46 18 42 21 21 48 61 72 89 115 87 83 32 69 89 49 30 129 127 76
78 123 57 24 36 69 70 49 28 61 78 58 108 50 40 26 31 32 46 37 69 99 72 19 0 63 129 146 125 99 84 77 55 56 79 71 37 47 58 24 20 16 17 22 23 18 12 10 13 31 29 12 14 35 64 91 116 112 88 44 52 65 105 45 68 101 110 82 26 13 45 60 18 12 29 52 77 96 138 128 148 117 108 105 61 49 11 6 65 60 112 44 53 97 116 79 130 147 91 98
97 154 87 42 44 66 63 49 44 72 69 65 95 48 30 33 131 83 32 41 48 65 72 56 46 55 59 56 59 71 80 81 70 54 66 78 57 45 48 43 45 30 17 16 19 20 18 18 22 24 14 13 38 61 64 62 116 99 36 23 20 9 56 18 98 97 98 97 50 14 34 61 56 35 37 72 72 65 104 221 255 187 52 67 54 70 42 62 68 27 67 111 67 84 53 98 112 143 100 80
46 108 76 67 59 49 51 66 56 50 31 52 86 49 35 43 142 87 65 118 101 65 69 81 85 78 60 32 14 24 57 87 91 53 40 61 72 56 33 16 10 1 0 5 15 19 18 17 22 20 19 40 76 85 67 54 98 100 9 13 68 62 53 38 45 55 82 71 44 24 36 46 49 35 38 90 88 50 49 180 250 181 9 26 29 44 14 47 55 34 46 10 11 35 111 117 98 63 26 47
37 54 4 26 57 68 66 64 73 58 46 43 89 69 74 54 62 52 125 162 130 70 63 80 122 102 69 32 0 0 36 78 88 98 94 72 47 25 10 3 6 6 12 20 22 16 10 8 18 19 28 53 74 70 69 87 49 40 3 5 87 103 69 81 40 39 69 23 30 45 46 26 27 31 30 73 80 35 30 71 129 101 20 22 25 30 10 47 39 17 30 68 41 47 43 45 64 117 115 46
32 70 43 67 89 101 93 72 74 82 84 32 80 78 104 46 27 29 136 99 76 59 73 89 83 58 31 14 2 7 44 85 114 163 163 102 53 36 25 13 18 18 19 18 12 7 12 20 20 15 24 52 69 61 72 107 82 7 39 27 38 22 14 89 112 52 61 9 33 40 33 26 40 51 30 38 52 25 61 24 33 33 57 55 67 66 40 57 75 12 62 54 60 82 25 6 93 167 160 46
50 113 89 52 71 113 65 64 80 66 71 33 120 88 63 37 81 53 80 48 46 50 36 38 45 35 37 19 13 37 57 86 98 98 118 96 67 21 21 22 24 31 28 14 6 12 14 10 13 18 21 11 100 86 33 87 109 67 16 127 106 83 15 67 59 42 42 62 37 9 43 85 100 78 20 58 54 51 62 63 58 66 124 83 78 94 82 69 81 11 28 33 26 52 47 48 138 140 41 60
41 135 142 62 77 76 39 38 58 73 69 30 84 50 59 21 83 43 72 61 57 34 11 21 37 50 101 57 39 15 64 72 66 69 55 76 74 60 28 9 6 14 18 17 15 15 14 10 12 17 20 9 87 81 49 112 125 57 36 124 150 193 73 27 1 52 45 66 23 21 70 88 85 64 51 118 90 87 46 60 81 131 139 84 88 70 49 105 105 25 62 121 123 81 28 36 106 135 81 111
48 161 212 102 106 71 61 62 87 85 46 12 41 21 79 50 24 24 66 42 45 58 60 60 56 49 81 54 11 0 67 87 89 106 66 112 86 62 23 33 33 25 17 13 9 7 10 16 16 20 21 10 64 65 54 120 102 51 70 69 44 116 65 66 53 97 36 54 36 73 118 101 72 54 119 182 143 87 4 3 74 150 148 111 93 54 15 53 98 99 121 103 98 104 56 25 41 58 36 82
36 94 146 58 57 47 69 54 16 17 20 26 34 14 62 45 41 89 147 97 59 50 48 33 28 78 98 125 55 89 66 0 73 98 76 129 88 35 18 57 41 21 7 7 6 2 7 18 24 25 26 17 43 47 44 91 83 47 72 74 58 84 47 74 107 126 63 48 43 89 153 168 46 12 97 110 122 55 42 38 82 69 72 110 71 60 76 93 82 60 95 135 116 42 18 91 90 59 36 73
39 25 63 25 6 34 70 35 7 16 52 49 29 28 47 40 43 91 154 118 60 22 47 73 71 81 68 143 103 150 91 43 54 62 64 88 72 39 44 45 15 0 0 9 17 11 9 15 23 26 28 26 32 44 40 54 74 68 57 106 147 121 62 59 78 75 59 19 59 102 135 144 86 44 77 59 105 66 94 71 103 41 82 187 125 52 25 8 15 44 75 79 64 34 44 111 140 100 87 79
30 26 94 89 26 46 76 44 61 48 43 16 5 54 67 58 54 105 153 107 50 21 51 64 64 61 83 136 159 156 92 78 51 30 52 22 22 60 110 66 50 27 11 14 19 15 12 15 15 23 27 30 23 52 53 34 63 109 54 76 104 76 58 54 77 77 97 58 128 151 117 78 37 16 11 9 66 77 86 61 79 52 65 95 72 52 41 42 26 21 12 10 9 2 42 118 114 109 139 92
1 27 102 94 42 51 68 44 33 29 11 31 32 63 73 68 61 108 141 105 84 76 83 46 48 102 150 89 141 144 81 61 96 37 94 64 61 153 226 166 93 61 27 12 11 13 14 15 14 25 26 26 6 54 65 26 63 119 51 60 73 80 77 43 42 71 98 81 114 94 63 49 77 65 62 16 50 60 49 61 65 71 66 8 18 59 64 69 32 28 13 13 22 32 59 88 46 44 108 63
30 35 62 38 53 87 93 60 74 93 80 136 95 51 74 109 130 101 76 52 59 58 77 58 32 53 112 79 144 97 31 100 117 15 97 105 93 180 217 134 70 44 16 5 10 16 14 10 18 31 26 19 0 48 68 20 57 102 52 72 78 121 132 89 56 58 39 72 108 81 66 78 68 79 150 68 102 70 47 88 95 73 95 48 54 66 49 47 46 68 58 43 57 96 121 107 39 2 69 44
52 66 82 143 90 77 94 134 186 169 87 150 120 91 79 50 52 76 81 29 24 33 85 114 88 58 34 103 140 122 34 90 100 36 55 61 40 56 86 47 0 10 0 1 14 12 14 19 21 22 39 0 7 42 45 1 29 48 10 101 98 131 133 115 61 18 43 85 92 100 103 111 68 59 104 56 47 77 40 86 73 55 31 31 53 56 38 27 47 76 78 35 76 124 153 131 45 32 34 56
113 106 128 158 67 26 32 127 184 133 2 50 92 118 100 52 25 52 78 106 81 101 142 199 148 118 92 86 137 129 52 77 105 26 37 28 28 33 80 86 38 32 65 28 13 9 13 4 19 10 26 11 32 43 34 12 1 15 15 79 56 52 95 108 87 38 33 18 43 51 74 93 75 72 81 24 38 51 3 76 17 26 17 12 36 64 71 70 60 57 56 41 63 68 101 126 120 80 65 88
182 125 55 96 110 97 48 9 66 128 71 55 41 60 110 155 164 86 32 54 53 90 110 121 104 100 107 43 110 123 70 78 108 21 33 56 73 44 72 133 66 0 33 3 19 28 28 6 23 10 19 17 49 33 8 8 19 27 42 102 35 24 73 111 103 83 81 41 79 46 28 25 16 2 33 33 70 81 28 68 34 49 41 35 67 99 90 65 75 69 80 83 73 31 52 103 130 133 130 120
149 113 44 145 172 61 76 44 5 155 180 119 53 42 120 221 177 91 66 55 58 68 103 79 38 70 129 69 109 103 36 31 36 61 93 37 38 54 93 123 79 7 43 42 40 4 0 10 31 35 37 21 56 37 7 18 6 23 47 139 37 45 29 44 114 89 54 11 69 57 48 75 78 14 44 49 24 32 23 29 60 60 38 25 50 77 73 57 39 24 20 36 52 34 28 43 87 97 90 67
53 47 30 113 154 58 108 78 55 179 219 146 83 43 81 152 115 51 59 50 17 1 43 35 14 54 140 145 163 153 73 59 58 91 160 82 73 8 100 161 68 24 0 14 19 0 0 31 34 62 61 19 54 53 35 46 29 31 48 108 23 61 37 36 66 54 32 36 89 77 35 60 63 17 48 54 11 17 44 59 23 31 32 34 44 48 54 69 81 83 72 64 54 47 54 80 114 60 19 21
0 7 57 40 37 46 71 51 37 102 171 130 87 34 48 89 64 24 60 142 111 91 79 72 53 46 81 108 105 117 67 42 33 46 96 3 53 35 222 254 119 93 25 15 22 13 9 17 32 62 58 6 33 41 34 47 32 14 42 29 0 30 42 41 83 54 25 31 55 50 16 37 27 32 43 61 77 71 60 66 61 47 38 51 63 52 49 67 104 113 101 86 48 29 33 69 83 46 15 12
62 21 71 82 14 32 9 42 36 11 83 89 89 51 63 80 59 23 41 95 52 42 61 90 70 35 34 59 61 121 145 106 57 28 55 115 127 66 184 194 34 36 55 37 28 17 21 26 34 39 36 3 25 20 18 44 41 31 81 51 36 51 44 39 63 32 38 35 51 51 46 45 38 46 26 37 82 109 119 117 120 70 23 23 45 44 40 53 72 54 18 32 53 74 43 27 43 65 68 47
29 41 94 143 13 47 44 94 144 49 91 81 63 18 43 65 67 28 42 38 26 12 50 55 65 37 37 48 44 112 173 109 56 56 22 151 64 61 145 155 66 2 44 14 16 17 33 36 38 18 21 16 41 23 25 65 77 58 74 46 21 54 30 46 66 43 88 74 90 87 103 77 68 66 55 45 35 77 140 132 65 43 28 45 65 52 30 28 39 45 10 8 31 86 73 53 33 42 45 39
2 28 103 149 61 42 33 89 137 66 53 46 61 18 3 41 54 50 61 90 77 59 26 57 59 56 46 61 44 76 94 63 80 123 124 46 0 59 181 255 214 37 14 13 15 28 0 43 37 48 27 0 31 31 48 81 75 43 48 17 31 48 16 57 69 44 106 86 58 88 113 60 49 40 22 27 47 48 59 93 48 56 43 15 67 50 32 49 56 59 22 41 60 66 46 42 31 53 30 78
22 24 58 117 73 53 24 51 82 21 19 35 73 48 30 55 66 59 40 20 20 37 17 18 62 87 82 76 54 97 106 54 94 204 185 159 125 64 168 207 154 79 41 40 14 0 42 4 26 45 47 23 36 25 50 87 84 36 28 42 81 117 66 98 79 0 33 50 37 39 54 25 4 18 5 8 59 82 38 0 58 67 42 28 55 61 30 27 92 87 33 84 98 80 33 2 27 55 53 73
42 42 26 80 90 93 59 50 79 64 52 37 95 140 130 102 78 83 77 38 54 74 53 28 54 56 48 71 62 75 57 6 70 136 67 59 104 32 131 162 56 87 52 44 42 17 0 9 31 42 63 55 54 35 56 77 60 31 32 13 43 85 98 166 166 96 90 56 22 46 73 36 22 60 59 25 14 19 35 58 0 12 25 81 68 50 13 24 52 56 8 73 107 118 75 25 17 42 55 49
50 71 25 48 77 94 74 51 45 74 61 15 45 103 103 62 37 37 54 50 105 118 83 39 6 18 28 68 59 64 68 59 46 45 32 32 118 80 101 112 50 75 0 35 62 89 0 110 1 11 53 56 37 6 22 27 35 49 89 32 45 55 105 176 212 119 85 62 10 1 23 11 46 34 3 0 23 30 19 22 58 42 37 80 47 34 17 9 27 36 13 17 51 96 78 30 37 39 41 35
51 78 36 42 55 49 41 45 63 90 82 64 59 64 59 50 43 29 41 54 137 166 127 74 63 76 56 66 67 91 83 48 28 0 18 12 63 97 147 181 185 116 0 56 86 140 103 193 20 20 53 42 11 0 17 26 51 67 115 137 164 139 92 99 126 68 53 69 58 76 85 46 31 42 29 22 45 55 43 39 90 120 117 74 1 17 60 34 24 25 48 7 29 76 85 76 79 54 33 40
27 32 13 32 45 18 12 45 95 98 62 64 78 94 81 59 48 56 68 63 104 126 93 59 63 72 60 95 107 114 93 69 64 48 59 86 70 116 198 217 212 112 75 75 155 204 133 205 126 80 50 11 6 24 74 84 66 47 53 160 194 173 49 29 22 39 54 74 78 138 158 99 82 55 18 14 33 33 42 76 119 155 157 120 44 60 135 130 92 79 108 79 66 70 83 104 93 61 38 37
48 23 9 21 52 49 28 45 97 97 41 41 60 97 96 71 71 82 95 98 90 78 39 37 57 88 102 130 88 45 48 87 102 87 47 83 4 38 98 120 112 52 128 86 159 189 75 147 140 91 43 0 7 39 86 90 54 26 12 79 112 99 25 21 53 62 81 129 102 105 122 108 101 73 48 51 44 12 32 103 159 117 59 88 46 58 93 87 75 76 69 104 80 88 118 136 87 76 80 40
148 104 72 49 92 124 83 56 73 86 53 64 38 27 46 78 98 65 57 98 97 67 11 27 65 84 60 58 35 33 43 62 72 72 51 106 13 64 94 160 237 194 255 247 198 188 149 163 51 64 69 31 20 21 50 57 43 36 48 24 72 47 43 36 47 80 101 142 119 129 122 71 76 86 75 58 46 32 48 93 114 110 67 122 48 41 38 28 50 71 6 70 32 58 98 87 94 106 140 64
181 83 45 51 78 120 104 52 38 58 52 123 83 63 56 39 42 69 81 80 76 58 25 29 47 50 29 0 54 90 101 82 54 81 59 13 35 43 40 147 255 219 113 255 245 197 188 157 103 96 98 42 28 49 70 41 18 19 46 49 78 99 93 42 10 34 102 81 146 211 218 138 93 85 56 39 59 77 69 53 78 136 186 122 96 66 31 20 83 68 21 23 23 34 66 29 45 83 123 68
92 33 18 21 36 74 88 84 42 23 4 107 120 106 60 9 18 51 86 91 95 83 55 64 83 79 63 41 63 92 113 112 100 83 76 73 108 64 76 136 209 210 66 85 146 140 51 41 118 128 54 25 36 86 61 80 0 19 0 82 93 88 121 122 13 21 77 5 44 154 220 153 90 71 38 24 43 58 47 30 42 124 172 96 50 37 36 21 23 45 2 37 46 30 22 32 62 72 62 23
37 23 30 27 28 48 78 118 84 57 19 70 45 24 22 27 16 24 45 30 35 34 11 19 64 82 93 72 17 20 57 87 126 90 63 48 49 12 44 65 41 103 71 66 70 54 19 0 51 105 101 19 44 61 63 22 19 9 111 61 30 42 147 177 101 0 39 9 4 1 44 40 63 46 27 23 32 36 28 20 33 66 87 62 32 18 53 59 50 32 0 70 61 19 6 54 87 92 46 33
7 15 29 27 27 23 25 66 112 74 16 32 13 8 20 38 30 17 25 5 25 39 33 33 27 26 42 60 19 38 53 49 80 123 136 85 55 65 64 47 36 43 21 54 43 40 141 105 37 39 19 34 13 46 65 72 78 105 49 44 86 49 66 122 113 75 93 11 41 102 122 58 26 20 26 34 28 21 20 22 2 18 46 84 64 24 41 33 10 28 45 78 58 86 89 30 45 80 40 49
0 12 36 59 93 93 64 74 112 76 18 17 24 41 46 49 17 16 28 11 26 26 40 29 17 8 29 59 26 49 59 42 73 134 175 42 23 59 51 44 86 103 54 48 77 43 84 35 33 89 65 86 89 105 44 0 23 124 86 43 62 46 52 78 137 109 88 40 87 103 91 69 31 17 25 37 27 20 23 20 28 60 83 109 80 57 70 51 40 29 53 59 49 36 58 29 53 106 87 100
2 12 34 65 116 126 78 57 64 64 43 33 35 39 36 41 60 80 84 55 36 0 40 18 53 44 68 75 18 13 46 62 31 52 146 41 79 92 101 124 218 247 212 104 104 86 73 40 59 187 134 117 193 78 3 107 166 66 66 34 26 12 32 39 82 120 72 31 59 76 74 67 68 35 27 34 31 38 44 31 23 13 10 45 41 40 53 68 117 150 129 39 47 24 37 46 42 68 64 68
54 56 64 66 91 99 52 19 12 26 41 57 76 57 18 7 75 113 110 93 70 11 70 26 101 54 63 81 61 44 87 124 56 0 58 33 33 31 68 140 245 252 255 181 144 124 124 80 131 236 246 253 87 56 56 71 197 192 26 17 0 22 14 0 82 128 52 40 22 33 74 97 67 35 30 35 32 54 76 65 33 5 11 70 80 57 18 45 82 92 80 58 82 14 0 59 24 8 24 23
45 52 62 51 63 85 64 41 37 49 62 62 60 27 7 29 82 132 133 145 137 62 112 33 98 48 70 94 77 39 108 185 96 31 71 154 73 58 72 154 221 250 255 247 171 65 104 102 144 248 255 251 156 68 41 44 102 115 67 38 32 68 51 54 101 133 66 115 55 18 52 77 26 14 29 36 27 55 95 97 97 101 111 119 95 64 0 10 40 34 36 48 66 51 37 65 41 1 41 40
49 41 47 48 54 69 60 38 44 49 78 52 47 52 69 74 116 111 95 143 136 85 128 59 101 53 99 114 75 58 104 138 77 55 60 139 23 1 28 80 141 219 214 252 216 87 56 85 66 171 209 239 47 92 127 7 25 150 51 25 11 61 48 52 78 103 45 143 68 0 39 45 22 55 86 122 70 63 77 82 80 97 107 90 55 24 12 13 59 68 52 39 27 35 73 90 91 114 149 64
30 35 67 65 36 37 50 54 24 32 62 42 46 56 86 112 87 77 73 79 96 101 123 70 64 75 121 90 64 75 85 49 48 29 82 90 75 49 79 90 193 224 255 216 253 134 104 111 62 92 200 179 139 123 81 74 68 53 41 31 43 18 37 81 55 39 68 75 48 37 33 45 66 96 106 124 104 75 54 41 40 36 51 88 68 38 25 48 28 26 23 32 21 23 62 77 98 170 209 90
59 57 87 64 26 47 51 22 0 19 42 13 31 50 64 72 52 43 70 51 80 107 97 82 47 68 90 33 38 75 82 36 30 118 87 61 83 80 52 68 154 255 227 83 255 230 172 201 156 162 236 253 254 178 78 87 63 13 45 110 108 66 76 77 41 0 60 49 68 93 71 76 104 107 70 35 40 25 46 62 54 38 45 80 52 29 33 71 54 39 28 26 12 28 58 37 75 167 198 75
37 30 57 33 41 128 125 44 79 92 88 33 52 73 58 28 58 32 52 42 86 98 67 75 86 85 103 66 79 55 29 0 34 90 90 128 32 69 117 38 49 229 251 168 218 190 173 255 228 186 208 229 217 198 161 141 143 109 60 194 126 107 143 173 148 98 71 98 104 49 45 2 51 65 79 55 57 21 44 35 72 50 50 43 26 14 26 26 64 70 61 29 5 54 99 55 22 81 92 14
83 48 59 30 50 144 117 20 44 41 44 13 45 75 78 63 53 21 4 2 58 61 41 41 32 33 68 55 98 79 74 69 0 59 42 13 102 50 83 161 113 122 255 246 154 93 165 244 174 125 231 235 255 254 214 162 148 154 140 248 180 113 107 148 140 102 43 98 136 22 75 0 97 56 67 52 55 36 80 41 63 31 45 29 41 26 39 5 41 60 62 28 0 43 95 57 39 70 71 33
83 13 21 29 80 159 118 49 40 18 42 38 39 31 40 48 25 37 32 22 51 43 51 53 40 45 63 5 52 77 114 112 33 37 56 19 145 54 26 168 107 103 242 168 255 245 248 255 233 220 236 253 255 255 250 231 223 242 255 152 189 196 167 124 75 50 40 60 127 26 101 19 138 48 41 51 73 68 99 28 58 21 51 50 39 6 47 57 61 42 31 44 56 81 90 38 43 79 89 68
56 0 14 29 72 125 82 53 17 0 34 37 26 26 53 57 37 55 82 74 76 55 71 96 53 53 84 26 60 64 95 81 64 63 102 132 127 74 32 68 116 223 196 98 239 255 218 232 246 255 214 252 234 234 255 255 250 249 255 51 131 198 154 64 31 30 45 65 91 47 102 67 125 45 30 53 80 70 89 40 49 13 36 60 7 0 38 94 92 50 26 79 148 172 135 56 45 80 108 113
17 5 52 32 25 53 23 31 37 8 36 14 7 54 106 90 63 22 42 48 62 42 46 87 56 24 66 39 57 7 20 19 25 91 54 70 40 38 87 66 118 208 125 255 252 250 253 254 220 195 255 245 254 251 254 241 247 186 149 77 93 87 39 41 53 75 55 113 54 41 63 72 48 22 34 65 75 32 35 21 45 8 12 73 21 31 56 99 95 74 50 89 157 176 124 35 29 47 86 126
38 41 126 145 70 82 62 46 70 20 58 56 55 69 84 69 31 14 8 46 34 23 22 59 36 20 28 26 52 0 11 14 50 92 28 3 38 15 27 88 119 148 182 222 225 255 245 211 87 122 238 238 255 247 212 145 138 103 49 49 56 40 35 9 23 50 55 72 44 80 93 159 67 63 30 50 52 0 41 8 39 14 18 31 37 68 92 77 63 83 93 29 115 113 54 27 1 32 62 97
29 82 184 173 92 129 111 59 79 75 90 88 98 88 54 23 38 30 29 61 68 47 33 58 68 35 24 22 37 12 52 67 68 79 64 47 104 75 58 99 98 165 255 253 255 244 255 237 237 187 119 200 248 215 125 62 95 108 36 14 0 47 51 26 8 26 38 38 77 133 142 147 126 87 28 29 45 19 44 3 35 7 6 28 43 57 68 64 81 68 51 13 54 33 22 52 22 22 39 44
28 69 137 94 22 83 90 33 82 118 88 75 91 89 68 68 81 70 52 54 78 52 37 57 75 50 39 65 68 45 68 92 42 41 49 0 58 70 51 50 17 153 235 240 250 255 187 96 100 123 96 203 220 145 35 27 134 110 54 61 16 11 20 58 65 55 90 102 161 138 89 43 105 61 13 1 22 31 53 28 50 38 32 40 40 27 36 66 88 68 37 42 32 0 14 59 47 25 42 8
50 40 76 61 21 51 50 6 21 76 43 41 38 46 67 101 101 87 56 37 84 74 83 116 120 62 11 95 158 127 61 45 66 54 51 14 36 53 54 54 34 54 90 208 242 180 80 88 80 48 22 9 70 78 26 32 41 53 56 22 13 13 57 76 65 41 65 71 121 88 50 23 41 66 91 58 10 1 30 57 82 79 52 35 35 19 20 54 79 82 51 87 42 17 31 41 52 37 71 8
72 38 59 81 78 72 63 48 63 104 102 118 75 48 51 58 58 52 29 14 65 59 68 100 85 57 13 100 144 83 14 49 57 33 22 76 47 4 14 56 75 74 44 0 46 28 24 34 66 44 69 26 45 45 45 41 50 76 90 28 17 27 69 76 76 66 47 9 23 38 17 0 0 7 32 32 25 41 31 24 60 59 19 1 40 59 48 51 50 70 53 113 45 26 46 50 57 61 102 26
31 24 44 71 95 72 64 71 84 83 92 110 73 48 38 18 35 37 33 45 82 66 51 65 60 30 1 86 117 59 12 50 61 53 43 120 69 20 34 84 104 95 67 75 126 108 63 55 36 12 18 69 59 31 49 24 31 18 34 56 40 29 41 99 61 49 27 23 36 66 41 39 52 48 43 28 1 19 24 33 48 69 40 7 32 57 45 34 10 37 54 147 72 37 56 85 87 94 119 59
1 27 48 72 114 64 34 44 44 21 31 34 52 73 80 71 58 54 56 98 127 125 103 110 42 27 56 124 96 57 75 101 71 66 60 86 52 42 54 91 136 95 29 70 96 97 40 51 39 27 25 74 39 23 58 68 40 45 61 49 43 58 50 61 64 33 12 27 45 58 32 44 40 21 0 2 0 29 35 30 73 114 100 42 19 25 27 28 25 42 75 172 100 51 48 84 92 86 87 75
62 69 49 53 104 47 21 52 39 25 37 13 54 82 79 74 71 45 29 73 91 102 86 94 63 8 46 112 81 85 130 97 67 26 31 34 25 16 15 64 73 67 44 5 21 15 33 52 30 36 69 39 12 41 71 109 106 104 114 27 45 62 68 34 23 26 28 21 41 53 17 0 0 8 7 47 36 37 26 8 46 88 87 46 31 54 79 92 83 83 96 162 94 48 25 46 59 39 27 61
51 61 24 51 45 40 45 27 62 50 59 19 45 71 59 39 75 90 85 17 25 59 98 120 63 60 86 107 94 127 143 102 38 26 14 12 30 26 3 15 40 78 79 34 37 55 54 76 39 14 34 29 28 22 59 97 102 111 77 17 40 41 39 29 21 60 53 40 70 83 51 27 32 48 65 63 28 45 23 1 33 76 46 45 41 61 110 167 132 97 66 105 46 31 28 38 70 71 79 45
44 60 24 51 28 26 40 43 55 59 34 38 55 49 37 47 97 158 170 55 65 96 147 167 123 97 139 102 67 108 131 76 41 43 30 32 38 19 8 24 81 81 35 78 59 32 36 77 50 25 53 33 50 47 44 35 39 58 41 27 35 32 14 22 57 61 44 37 48 32 11 19 39 41 48 56 26 13 18 26 63 114 102 48 31 41 112 151 102 55 17 44 35 28 38 45 70 71 93 71
83 87 46 86 63 56 36 26 39 53 4 63 99 60 29 65 124 192 194 37 38 70 140 161 93 33 47 65 35 53 75 19 23 51 34 36 32 8 26 45 79 80 31 164 120 48 36 66 43 48 107 51 46 32 13 0 37 53 41 58 44 30 1 25 42 44 41 44 45 27 16 29 39 52 32 21 31 42 76 60 118 144 118 71 35 48 89 105 77 60 29 31 54 43 30 3 16 16 64 65
58 58 28 85 75 78 46 34 49 58 22 94 163 99 27 63 97 85 117 84 62 0 0 16 45 37 50 150 115 59 59 34 37 88 55 29 8 0 32 44 15 38 27 162 121 57 37 42 45 66 145 77 59 45 44 44 51 52 42 56 50 40 34 64 80 92 84 51 28 26 14 0 39 70 57 55 90 82 83 7 119 102 49 79 40 73 46 47 2 33 9 5 43 75 78 65 8 1 57 70
22 30 19 62 52 65 56 67 78 71 63 92 173 122 56 106 111 50 34 17 4 42 61 44 33 53 60 83 139 134 105 65 52 120 84 38 22 38 95 100 63 48 39 93 77 47 31 32 12 5 57 17 24 32 47 59 66 50 38 23 32 25 41 57 56 66 59 23 12 55 75 44 32 34 9 7 22 4 37 3 75 52 20 79 60 92 46 46 1 49 24 36 32 43 32 55 27 3 38 36
26 29 30 57 63 73 64 63 67 50 49 37 108 113 127 216 181 63 55 131 102 56 7 0 72 167 231 46 70 83 73 62 10 80 61 19 24 69 120 120 82 20 4 9 34 25 11 27 46 18 24 12 18 25 48 64 75 52 42 14 24 13 30 30 51 41 39 19 6 50 80 51 10 38 47 32 7 15 68 51 39 42 65 79 77 69 51 62 26 54 43 101 78 43 18 71 80 52 64 39
21 17 30 38 65 70 57 37 25 23 19 23 52 71 121 198 156 89 67 77 62 41 9 8 48 137 209 104 133 106 71 45 50 104 100 64 74 108 119 110 55 15 17 30 76 67 45 67 68 51 26 36 17 12 34 46 45 28 25 25 26 23 32 35 34 18 29 23 9 55 94 67 46 60 64 29 0 60 113 83 25 37 81 86 83 35 12 48 82 65 42 98 92 48 36 85 86 78 89 59
50 48 60 27 34 25 28 17 3 28 27 71 49 23 28 44 53 75 83 44 57 49 26 22 32 59 64 170 204 120 99 95 67 105 116 93 106 123 101 87 64 69 73 80 99 66 27 38 42 35 0 32 15 13 28 23 30 15 8 32 10 8 2 14 28 16 27 12 0 71 131 105 41 12 31 60 53 126 135 86 41 38 68 120 110 50 0 49 55 33 22 68 94 55 37 41 64 79 102 75
51 69 74 67 53 27 15 19 0 23 30 41 24 37 19 11 14 27 60 119 109 68 14 3 27 47 69 132 185 75 67 86 52 28 21 77 76 64 51 30 39 67 108 47 67 28 0 15 10 0 9 16 24 38 50 79 60 26 17 20 6 3 13 11 22 13 20 16 4 40 77 70 32 39 24 112 107 169 101 95 29 85 76 147 219 116 65 48 51 19 67 15 79 89 31 43 68 74 101 72
19 63 99 77 68 54 29 6 8 19 28 3 24 38 59 44 45 36 23 44 47 58 39 33 0 25 47 70 132 56 63 91 68 37 19 41 37 23 22 35 50 47 52 36 34 14 26 63 51 32 45 50 47 55 65 86 81 45 28 24 18 27 43 42 38 27 24 37 0 12 15 11 52 89 66 74 13 76 88 107 50 71 34 157 241 120 105 94 105 32 55 52 106 97 51 80 130 85 60 31
1 47 118 81 44 15 24 55 39 40 52 37 53 40 29 0 16 22 8 19 33 68 51 25 57 60 55 21 80 16 35 89 72 57 60 73 80 48 32 64 70 52 53 100 92 71 99 131 110 74 75 68 46 41 37 40 57 33 18 19 27 50 70 69 60 34 12 43 13 34 28 34 49 53 26 44 5 58 138 177 126 112 78 142 159 40 56 100 186 62 48 90 89 39 39 133 170 100 44 24
26 5 32 4 25 34 20 5 37 35 27 53 48 59 49 58 31 39 26 36 54 99 88 66 70 43 34 2 76 13 25 96 35 43 70 96 123 76 28 55 48 30 52 108 130 100 99 127 61 17 22 38 48 70 74 71 23 17 14 17 29 47 56 51 27 33 49 76 54 55 50 51 62 29 0 34 38 80 184 202 65 25 54 77 111 91 91 154 121 78 55 49 18 47 83 114 95 62 23 20
17 69 121 58 30 54 60 31 66 87 83 75 31 29 28 48 28 23 13 44 69 97 73 49 38 21 30 26 109 53 38 76 39 53 62 96 132 91 35 53 38 10 29 26 88 64 43 85 94 37 20 29 47 66 54 43 29 32 30 27 31 32 26 20 41 76 114 86 60 39 56 57 66 60 36 17 0 17 114 104 64 47 106 96 90 47 0 25 67 34 25 54 25 44 53 52 28 45 28 35
46 81 98 69 29 42 41 0 26 85 133 91 59 30 37 26 31 23 28 84 108 105 54 24 50 54 53 49 104 67 42 33 79 103 81 128 156 133 87 91 70 40 44 0 61 46 23 72 128 75 41 32 49 53 28 23 44 45 36 33 41 36 26 28 64 83 98 44 53 51 75 54 36 43 51 37 0 0 44 46 45 75 123 144 126 42 20 32 34 53 59 41 3 43 33 0 19 51 18 23
86 65 26 59 34 42 54 30 40 65 92 65 61 44 47 32 31 21 17 51 50 46 28 36 62 72 50 57 74 49 45 28 60 104 60 121 125 115 86 76 70 54 52 23 48 32 24 53 111 83 49 28 40 31 4 23 73 64 43 42 56 46 29 33 25 45 57 36 74 84 70 21 18 12 39 59 50 21 40 58 54 49 43 59 82 27 8 7 38 20 39 44 20 31 36 57 80 100 34 30
81 74 19 72 52 91 133 114 57 30 10 53 68 75 46 41 20 26 26 36 5 2 20 65 88 92 65 97 83 41 48 42 16 71 5 68 47 44 33 21 44 41 35 44 27 11 24 34 43 44 27 14 35 31 18 63 122 100 65 58 68 43 9 7 40 71 77 65 78 90 71 41 12 16 31 19 16 19 19 23 52 33 35 0 22 19 0 33 35 10 25 19 31 70 70 82 104 113 28 19
46 68 93 95 85 92 100 91 54 51 29 1 58 76 58 17 13 16 41 25 6 18 46 100 118 94 68 112 81 38 78 64 31 28 45 48 14 34 21 0 26 59 32 63 21 21 24 5 0 32 0 23 23 7 23 53 90 68 43 28 46 51 37 56 87 106 78 40 55 76 56 28 20 12 31 16 23 0 0 7 29 7 32 12 74 48 20 55 57 25 43 34 38 91 79 26 41 56 52 54
34 56 96 120 103 65 26 0 45 66 56 19 51 62 50 18 29 39 59 37 25 47 69 103 128 119 98 55 135 70 57 68 52 57 72 75 53 58 51 10 35 69 39 47 22 42 53 18 43 78 21 14 19 33 39 30 24 29 18 0 21 55 61 82 97 100 65 29 32 36 26 22 21 19 29 27 24 32 18 18 4 28 60 5 47 46 26 36 27 17 35 25 16 63 82 51 31 59 100 54
73 56 44 55 79 86 56 19 43 86 90 45 42 37 32 20 38 41 50 35 27 42 58 84 101 110 121 45 160 104 37 53 6 59 80 75 45 46 58 8 21 21 0 30 66 90 71 0 86 114 63 52 67 78 58 15 0 14 36 29 37 34 6 8 53 58 44 35 41 34 33 54 27 16 21 30 1 23 14 21 18 46 68 14 58 73 51 40 28 30 32 23 15 63 121 110 113 106 135 38
41 68 60 28 28 51 47 24 15 40 38 17 19 13 9 17 65 57 59 54 39 25 27 46 39 50 89 76 118 120 64 71 76 57 2 49 63 77 68 13 9 27 42 58 40 16 38 39 33 40 16 35 60 54 33 5 44 29 17 9 20 20 21 64 85 89 71 51 36 8 0 21 31 15 41 56 14 14 18 35 11 13 31 20 66 70 62 77 88 82 51 34 23 61 128 120 74 48 56 0
29 76 81 48 43 53 41 20 0 3 17 46 58 35 17 38 40 44 41 39 33 33 47 57 70 64 66 82 57 59 32 26 55 64 48 142 86 37 38 81 88 44 12 24 39 42 54 46 39 28 11 19 32 22 26 28 12 0 2 17 42 35 19 49 58 65 46 25 25 25 36 64 39 27 71 73 59 54 63 57 34 26 38 38 48 24 31 73 96 98 69 49 29 47 102 101 48 48 66 95
24 30 11 5 37 53 39 32 55 74 83 91 50 10 35 124 186 175 118 59 27 31 52 46 33 36 22 44 62 36 27 20 29 55 47 127 106 94 56 49 46 35 30 46 50 65 58 43 25 26 24 2 2 5 26 29 20 18 17 14 32 28 0 5 38 47 30 18 37 54 66 86 54 34 54 35 57 74 79 48 49 44 36 28 32 21 16 23 69 96 103 81 39 30 61 73 26 27 40 100
21 48 47 41 56 52 39 49 81 149 208 231 148 56 40 118 190 159 89 48 25 19 42 42 28 33 28 39 64 28 16 2 46 54 20 17 59 121 94 35 2 24 55 95 71 65 28 17 9 21 43 17 19 29 55 54 30 43 63 71 82 62 22 28 55 52 30 30 59 73 73 85 57 27 25 31 59 69 45 27 74 77 63 64 95 121 104 62 66 103 138 106 46 15 14 34 34 27 44 48
30 67 62 50 76 79 45 24 64 117 161 195 136 57 17 64 80 43 12 49 57 21 29 40 43 36 46 57 38 40 37 23 15 22 25 0 27 54 52 25 13 7 28 98 83 81 42 52 60 55 71 37 26 19 39 40 25 40 82 119 127 82 41 66 122 91 44 31 53 55 49 61 44 17 29 97 111 82 17 27 78 94 84 84 105 129 107 52 35 71 123 98 50 27 13 39 33 40 88 14
28 18 0 36 76 80 25 2 22 47 45 17 58 76 63 28 35 43 57 64 53 34 27 32 15 19 24 26 26 25 26 27 15 15 11 30 33 16 17 12 21 23 26 83 87 80 87 110 109 83 68 31 37 22 8 9 7 17 57 99 115 77 40 68 128 114 51 12 31 32 25 50 54 38 35 77 71 45 3 0 59 71 74 125 80 52 30 38 17 33 55 72 64 32 24 47 51 60 73 53
44 48 33 56 66 58 16 13 11 45 58 39 69 70 54 27 9 23 46 61 51 27 13 12 1 6 11 14 17 20 24 28 29 14 2 34 53 40 37 28 9 41 47 75 80 103 109 102 100 78 68 34 40 23 5 3 20 16 24 40 67 59 27 37 99 111 73 33 33 20 21 61 76 48 14 28 32 42 19 10 24 52 75 141 109 87 56 49 61 61 57 54 46 25 19 35 40 47 59 39
36 88 122 153 132 85 26 22 81 99 92 48 45 21 10 4 27 20 15 11 6 9 30 53 42 42 41 36 31 29 32 36 10 14 4 17 37 46 48 25 28 70 72 83 81 106 106 83 64 52 54 30 44 32 15 12 27 25 14 1 28 46 25 27 106 127 94 49 36 17 20 66 61 45 16 35 68 112 92 63 57 59 36 65 37 55 65 78 44 40 22 10 17 21 22 28 13 21 38 25
28 71 84 89 54 27 13 48 68 77 69 34 39 27 44 68 14 10 9 11 12 20 44 70 96 92 83 68 53 45 46 49 23 76 75 44 45 82 98 58 8 29 26 50 40 38 31 23 32 27 38 21 42 36 23 20 16 32 30 7 21 40 32 43 150 150 94 40 33 18 17 55 51 45 31 64 105 145 106 56 23 41 30 62 31 37 19 3 57 56 32 9 14 22 15 7 0 7 29 24
