61 70 52 49 58 28 21 69 91 73 35 26 112 130 112 96 67 27 23 55 57 86 19 54 76 51 49 122 156 161 86 254 194 32 155 200 191 138 85 77 107 118 83 86 126 66 82 126 76 53 96 59 41 79 49 50 53 28 81 135 137 57 30 63 97 133 233 225 110 0 12 67 79 38 46 71 52 6 63 114 144 144 77 48 80 18 74 60 88 84 54 86 56 107 59 10 40 35 35 41
56 83 83 75 77 60 40 48 68 58 24 27 67 87 75 79 81 50 59 68 75 67 30 51 69 30 58 169 204 168 36 169 137 63 173 161 115 107 78 49 57 44 60 81 82 93 78 111 74 44 102 97 77 97 79 94 94 54 47 57 60 16 25 48 88 182 255 218 118 46 42 50 48 26 36 52 53 31 59 56 52 75 16 27 29 149 128 79 136 147 90 91 45 39 1 47 43 40 34 29
19 50 61 48 47 54 41 17 43 79 59 27 0 42 47 44 25 16 46 45 60 20 28 35 41 8 22 79 93 72 12 148 103 23 60 63 29 59 63 60 19 0 65 101 52 122 78 106 42 17 74 69 28 35 30 40 48 65 75 80 71 28 53 56 79 194 231 190 112 45 62 92 87 74 59 38 49 62 77 24 11 28 24 49 58 161 159 106 108 146 204 224 74 45 36 26 54 61 60 47
24 28 34 28 25 48 60 44 31 65 78 65 39 72 80 60 78 67 61 38 40 16 83 104 30 50 72 83 80 38 50 128 131 57 61 112 77 77 50 56 43 13 84 109 38 89 38 66 30 0 27 41 51 100 98 62 25 22 0 13 51 50 96 82 95 164 157 135 135 61 76 95 125 117 85 31 32 58 76 10 27 48 46 69 80 73 126 94 53 69 197 243 49 43 87 37 51 72 82 72
52 28 31 38 28 38 61 64 33 0 29 74 86 56 51 41 43 47 35 35 20 16 78 91 20 43 72 122 132 9 25 16 20 40 69 107 48 57 35 59 59 37 45 63 39 45 25 56 30 34 66 62 27 39 61 51 24 51 60 81 82 40 76 72 54 109 118 106 158 85 97 86 48 60 57 21 21 45 78 32 20 76 29 49 22 37 33 27 31 22 66 113 28 18 45 69 64 87 102 94
99 78 85 96 75 63 74 80 60 19 42 64 68 29 48 60 0 19 32 68 45 41 49 26 82 55 55 150 162 26 65 55 12 59 70 64 0 21 20 79 87 79 14 30 61 38 52 78 73 47 39 64 65 51 45 23 84 70 58 72 82 44 65 65 111 102 99 97 135 42 30 14 46 58 64 33 13 11 48 27 47 104 109 105 51 56 0 11 30 22 2 25 23 25 7 23 24 36 41 34
67 76 88 80 57 48 50 45 16 19 29 19 3 10 46 70 40 32 29 46 30 44 43 9 49 28 14 98 87 50 88 79 36 57 57 61 44 94 67 119 131 150 52 54 71 26 48 60 70 69 49 66 62 28 29 26 24 37 72 81 75 49 93 140 132 65 43 71 94 53 28 13 24 30 43 33 24 26 77 75 80 117 191 172 114 55 19 56 47 32 19 16 0 23 26 2 19 17 13 9
26 62 74 44 24 35 41 28 11 11 4 20 5 14 13 31 25 0 0 8 20 58 68 36 58 70 43 78 50 136 143 92 99 106 83 63 80 155 96 109 112 165 82 80 61 16 39 48 41 72 44 40 37 17 31 30 0 18 75 83 78 54 81 125 110 116 124 99 18 19 18 24 28 27 39 32 22 11 47 38 32 81 131 130 61 15 51 58 55 42 56 68 20 19 41 51 35 27 21 22
16 79 89 39 15 32 46 18 5 52 39 56 32 44 59 27 31 23 5 49 70 27 77 65 54 95 62 39 86 131 113 63 46 99 95 66 34 124 71 60 64 120 70 67 42 24 34 16 31 37 41 36 25 19 21 26 14 61 92 104 113 88 46 27 51 162 201 106 13 11 36 34 30 37 37 38 59 60 43 54 57 70 98 92 41 17 40 63 48 50 103 114 40 41 53 55 50 43 47 49
27 102 91 39 42 45 31 29 21 33 53 49 39 74 39 15 27 34 38 60 64 10 43 53 32 46 21 9 64 97 140 102 58 80 107 95 60 65 34 69 49 100 38 52 28 30 23 3 6 19 33 37 30 22 21 24 74 95 90 78 91 87 49 16 61 86 89 59 35 35 36 28 32 35 37 52 77 68 38 34 61 80 44 15 51 75 64 64 37 44 106 117 31 30 53 67 44 41 52 60
20 72 69 39 40 52 41 44 37 29 44 33 24 51 17 2 7 58 86 69 56 40 54 81 41 39 47 37 60 65 152 134 66 57 106 120 123 80 59 99 87 114 28 43 14 27 12 2 0 12 27 33 31 26 24 25 90 102 80 48 51 59 38 10 49 32 23 31 41 38 30 27 27 29 30 43 50 26 1 0 61 54 14 10 53 58 37 46 32 32 98 122 41 40 60 67 53 55 74 90
35 36 58 54 15 46 62 51 28 31 26 46 40 36 58 58 47 96 125 124 109 121 75 107 55 51 102 93 68 55 107 87 32 22 52 62 93 85 81 105 84 92 24 42 26 17 7 12 21 22 24 26 26 26 26 27 41 68 72 44 22 21 27 29 25 24 22 25 31 35 30 21 6 20 30 46 42 31 56 85 83 46 44 63 52 37 46 59 52 27 69 97 47 66 83 82 42 43 64 84
79 68 85 80 31 64 77 84 63 50 60 82 64 23 27 35 5 32 71 127 127 152 66 108 70 48 108 126 115 126 87 27 18 48 78 101 111 115 83 77 11 21 10 43 54 12 9 24 34 28 21 19 21 23 22 20 22 53 82 74 38 24 48 77 35 31 22 19 29 40 33 17 13 28 35 53 50 57 116 154 92 65 54 49 36 45 68 76 63 24 30 43 15 53 73 79 31 27 42 63
30 52 47 38 29 61 42 97 41 7 76 85 83 62 19 45 30 78 115 97 51 78 13 42 60 19 48 107 170 206 109 3 25 53 66 118 118 112 43 16 3 12 22 42 62 12 16 34 23 21 18 18 18 18 17 15 3 13 39 44 18 8 33 60 64 47 31 27 28 29 29 31 33 36 23 40 39 47 97 104 75 77 44 25 36 23 24 67 69 55 51 46 21 47 47 54 40 27 35 53
18 51 48 49 59 98 64 125 70 40 100 69 58 57 34 65 75 113 159 80 44 61 53 62 80 57 50 125 237 242 166 53 55 47 17 53 61 71 34 27 44 54 41 34 40 17 14 24 11 17 23 21 16 15 20 26 25 17 28 34 23 30 50 56 63 50 37 29 24 23 30 39 23 25 9 31 39 51 90 68 52 67 49 38 49 31 22 58 62 79 78 67 59 77 52 56 46 25 26 45
41 48 64 77 60 107 74 102 71 70 79 25 3 12 69 102 85 39 88 47 75 39 40 38 49 64 43 110 221 169 143 49 12 21 5 21 20 24 17 25 39 61 33 22 18 25 3 0 11 22 31 25 13 12 28 44 17 8 13 15 10 30 48 38 35 30 17 10 24 43 42 27 15 24 10 32 36 47 84 50 15 32 37 19 29 81 90 44 16 41 30 21 42 79 54 63 59 34 33 52
36 25 29 8 6 38 0 35 47 60 106 108 81 0 64 137 65 3 13 32 57 72 102 72 71 91 61 88 174 81 91 32 0 8 1 38 3 33 27 0 17 22 24 21 17 15 11 6 13 16 24 25 12 2 15 36 14 1 15 25 26 20 9 24 20 28 25 16 23 39 35 16 5 15 15 15 42 20 31 31 18 32 50 39 68 185 179 112 41 61 9 0 86 131 94 81 91 68 77 96
38 65 47 16 17 47 52 65 85 71 114 112 98 52 57 132 25 101 78 60 34 44 80 65 58 72 30 17 82 65 110 56 26 22 11 50 14 32 39 35 13 22 27 23 19 20 22 23 24 12 6 11 15 14 18 27 31 11 12 13 19 22 11 19 39 43 35 21 15 16 17 18 13 30 30 20 30 57 79 42 33 69 40 35 45 100 149 108 41 55 6 3 104 158 119 92 108 99 110 118
97 123 69 42 63 71 103 79 127 74 28 47 0 42 19 189 60 162 59 66 34 7 20 43 58 55 24 0 11 30 72 22 32 24 20 64 26 19 24 35 19 23 21 11 6 14 30 41 26 11 3 10 20 23 27 32 14 4 9 7 17 35 36 46 40 45 39 30 22 12 11 24 39 37 39 56 45 72 96 68 63 90 35 8 10 17 74 75 84 74 21 13 84 91 47 36 63 71 92 103
52 84 51 26 32 5 50 49 104 54 52 68 43 27 5 163 95 138 8 50 63 40 45 90 102 71 61 55 26 27 40 5 23 17 12 49 19 5 11 24 20 24 22 14 10 17 26 32 24 23 26 26 21 17 23 33 16 22 37 26 24 36 35 42 59 65 49 29 22 14 17 39 53 65 56 65 23 17 29 37 89 122 116 91 114 106 86 97 120 95 59 53 80 25 0 27 72 68 75 87
82 90 74 52 86 79 72 49 80 66 11 68 25 31 0 89 50 92 39 46 50 41 23 25 86 45 41 48 16 17 22 5 27 21 3 19 6 7 23 33 12 20 28 32 33 31 23 13 22 29 36 34 22 11 11 18 11 21 41 35 35 44 29 24 8 42 50 40 40 30 30 55 85 121 81 63 52 55 49 64 69 120 94 66 97 95 65 70 67 64 65 66 90 35 26 65 105 75 52 56
26 97 135 72 43 42 31 37 61 54 31 38 88 56 43 28 50 56 45 23 27 58 78 90 64 49 34 32 26 39 42 20 29 32 14 17 14 12 19 16 15 17 18 20 26 30 26 18 9 11 15 20 23 21 17 14 3 0 13 16 31 44 22 7 22 47 42 31 32 14 12 49 136 104 27 54 126 119 71 69 72 150 49 29 50 62 92 89 23 48 60 38 77 59 50 41 69 49 31 41
60 110 118 79 72 90 44 15 34 46 17 47 68 84 83 77 80 59 49 49 48 49 41 47 70 76 38 21 42 38 31 0 20 31 23 29 30 12 7 0 18 16 11 7 11 20 26 26 7 4 3 8 19 28 29 26 31 16 16 9 14 22 8 5 35 21 1 35 94 95 93 135 166 90 44 122 201 130 53 35 39 142 59 88 111 134 137 113 53 78 74 20 67 75 68 26 33 47 46 47
84 86 50 70 119 152 84 24 19 26 46 65 73 64 105 143 164 125 48 20 11 38 60 85 130 130 65 39 74 45 34 11 15 23 16 26 32 11 15 20 7 16 23 24 23 23 20 17 24 22 16 11 11 18 27 32 39 30 32 17 10 21 31 55 65 41 49 152 249 205 113 95 61 51 96 172 194 91 32 7 25 109 67 107 129 166 95 64 68 79 66 7 61 83 96 62 16 46 37 6
76 91 44 52 133 164 114 53 31 42 50 65 54 98 114 107 74 57 29 70 117 41 21 34 87 100 53 28 64 81 33 29 22 27 9 26 25 12 19 12 17 15 18 23 23 19 24 33 26 27 25 18 12 13 21 30 38 41 44 43 38 0 18 22 22 56 96 200 255 255 140 71 50 74 124 154 146 102 33 0 30 68 42 50 116 95 39 65 47 39 33 12 56 85 137 75 0 46 61 2
66 62 57 85 146 113 95 85 52 36 27 32 25 44 48 34 30 29 53 112 128 82 4 14 69 109 81 56 82 80 60 33 23 25 10 23 25 13 20 12 19 18 18 18 16 12 12 15 20 17 15 13 14 17 20 23 33 37 37 35 34 2 23 22 0 48 165 200 170 180 88 74 79 35 27 72 97 100 64 38 59 89 37 15 62 80 75 130 61 0 15 15 53 130 181 85 22 54 83 49
60 74 79 49 85 68 93 76 45 30 36 30 16 3 24 37 54 67 73 46 17 87 30 35 103 147 113 96 86 87 72 31 33 27 12 14 19 11 20 14 18 20 20 19 21 23 22 18 22 18 16 20 27 31 28 24 13 19 22 25 36 28 48 44 32 101 156 121 49 93 65 19 58 27 2 22 33 93 102 72 130 113 56 2 59 64 100 157 88 19 53 35 76 176 220 150 59 49 66 42
44 36 34 27 61 61 109 115 70 37 46 63 82 43 23 6 0 8 60 81 45 82 38 56 69 78 54 54 35 72 47 26 42 28 18 6 15 9 20 17 19 22 23 22 27 34 32 25 27 26 27 33 38 39 34 28 15 18 14 9 15 20 25 16 22 39 45 54 2 146 71 92 74 73 73 92 63 102 119 89 145 81 47 0 86 55 93 113 62 91 95 48 116 182 182 153 89 42 50 37
13 37 35 31 53 84 110 94 44 41 70 83 85 33 27 40 54 112 160 136 101 125 128 88 61 21 61 31 40 58 32 35 30 20 27 9 23 15 22 17 20 20 19 18 22 25 23 17 9 13 18 20 18 13 8 6 20 22 19 13 15 31 27 22 41 11 27 87 154 17 62 113 50 5 10 95 97 89 90 69 121 61 30 0 58 47 62 48 40 121 76 8 77 131 145 129 112 61 84 92
6 74 63 23 21 60 64 23 18 17 37 74 103 66 23 4 37 55 87 106 98 54 104 98 110 42 148 53 99 49 38 45 10 7 37 19 37 24 25 19 16 13 12 17 20 20 22 25 35 42 49 46 37 28 25 25 13 17 21 23 24 50 44 50 33 40 23 65 147 140 53 25 4 11 53 109 73 28 89 132 77 63 34 34 41 105 126 118 132 201 159 65 21 37 74 41 80 47 78 84
18 36 28 26 43 14 20 40 69 61 29 15 14 20 28 59 77 90 76 44 45 33 98 81 94 32 130 24 89 33 40 45 7 5 46 18 38 25 28 26 22 13 15 25 28 23 28 42 29 35 39 34 22 12 9 10 16 16 21 20 6 26 10 26 34 44 23 83 103 41 21 40 75 57 54 72 76 29 73 74 65 48 34 27 0 34 65 65 100 168 218 163 61 49 71 38 21 19 63 57
8 28 30 20 70 26 31 39 46 51 19 21 30 51 38 51 60 51 32 18 29 18 62 65 94 45 83 0 55 38 43 48 18 12 49 11 28 19 30 35 38 24 23 34 31 18 24 43 35 38 39 34 23 14 10 10 15 15 24 27 7 26 9 33 45 21 26 29 38 44 18 30 72 43 42 66 80 0 49 74 48 2 36 37 35 14 71 79 88 127 193 154 68 63 59 52 14 50 123 122
8 43 52 24 10 50 28 26 23 31 29 40 63 57 44 54 51 30 16 19 33 16 42 47 99 77 66 9 58 83 53 84 30 19 44 12 11 25 32 35 37 32 36 22 37 17 28 40 38 30 34 39 16 27 13 20 12 39 23 24 21 39 30 17 24 28 26 30 34 33 40 32 29 42 45 56 65 22 59 51 24 20 20 47 47 56 68 119 105 45 58 85 54 59 91 108 32 141 130 178
29 42 42 24 0 17 2 15 33 30 11 2 14 22 38 67 74 65 39 10 34 62 84 40 112 111 99 33 68 71 54 79 33 30 32 11 11 9 31 26 33 33 40 27 34 17 31 45 42 29 25 26 14 42 34 38 39 36 22 31 13 40 27 44 45 51 77 75 60 25 38 40 44 50 72 49 12 84 89 55 27 14 15 29 20 37 39 70 72 8 5 41 52 75 108 124 51 110 97 127
80 43 14 37 18 52 19 7 0 8 15 24 34 25 14 19 43 31 22 16 47 79 109 65 120 142 98 57 57 60 39 60 23 13 28 8 16 17 24 32 32 27 31 23 31 24 34 38 34 40 48 45 26 52 43 41 47 36 28 30 5 48 40 61 53 58 49 38 39 68 72 62 23 49 73 52 28 97 72 39 18 12 36 49 28 42 9 0 33 28 36 35 20 13 53 96 66 69 66 72
84 46 24 68 48 81 51 30 24 31 41 56 66 59 41 30 19 20 40 48 60 65 96 68 99 129 60 71 43 59 33 51 10 0 33 5 20 31 12 38 39 24 18 19 31 39 42 30 34 52 59 34 0 20 24 34 27 37 32 16 6 48 65 54 51 53 29 27 8 115 100 39 32 82 50 38 114 132 94 44 37 38 64 68 45 76 46 8 10 33 28 12 29 18 25 27 73 49 69 48
17 25 34 63 18 40 48 49 84 83 80 68 50 39 35 31 65 68 56 17 8 19 60 39 70 94 60 83 63 61 63 63 10 16 26 8 25 19 26 41 39 28 23 25 24 43 50 37 28 53 70 49 8 25 16 14 19 34 22 5 17 29 70 49 30 17 64 97 55 115 108 54 122 134 48 21 130 193 137 67 48 54 49 34 14 73 91 62 9 53 34 0 41 39 40 15 64 45 83 46
35 35 30 52 50 74 89 73 59 72 86 69 32 25 45 58 64 54 36 25 38 19 24 7 13 21 48 35 33 9 53 18 12 58 13 16 35 6 70 60 28 30 32 31 6 32 50 46 29 42 55 52 33 56 33 15 35 27 9 6 30 18 42 57 36 69 68 68 144 79 26 141 193 124 61 41 48 140 61 46 32 76 58 45 20 63 100 66 38 113 99 29 35 17 57 64 41 33 71 42
51 26 0 14 55 63 69 37 14 30 53 49 31 58 115 146 120 68 1 0 38 34 58 81 34 27 63 34 30 60 115 46 5 56 22 8 27 11 67 67 33 32 31 31 1 36 55 47 31 24 20 20 17 58 49 42 40 24 14 18 34 48 8 65 138 72 94 104 49 30 37 91 160 88 55 52 11 59 0 22 41 129 104 102 70 81 127 88 67 119 98 42 60 33 80 87 44 32 44 36
53 52 40 31 44 7 30 30 6 16 41 46 37 62 102 114 99 89 27 0 50 56 51 37 56 41 46 40 22 143 183 99 0 25 44 0 3 19 16 47 54 39 27 32 12 57 67 45 0 13 42 65 60 81 53 37 29 24 31 28 32 92 0 64 114 117 122 122 0 50 23 56 95 89 37 25 54 74 34 41 57 157 106 97 67 79 160 139 65 100 82 49 73 28 68 72 76 50 32 35
61 89 102 58 3 6 31 28 9 19 40 52 49 47 35 13 42 98 85 47 20 69 12 5 5 66 83 60 25 148 177 106 32 13 28 23 4 40 15 14 59 71 34 27 13 56 83 97 82 60 60 75 59 73 80 37 44 5 30 60 58 107 85 65 87 174 178 112 80 56 35 46 60 53 33 48 84 78 68 69 77 137 82 85 77 81 161 114 59 49 71 51 45 38 26 86 97 43 40 70
66 96 103 56 3 0 19 25 26 19 17 22 43 67 50 6 43 104 130 66 53 67 49 4 20 36 53 50 31 86 112 83 25 44 15 47 43 51 3 25 62 104 102 36 17 71 94 109 77 25 35 47 71 85 92 71 8 48 54 62 65 56 74 31 52 138 117 79 74 29 47 31 30 54 22 32 81 39 24 107 85 100 52 125 152 94 115 84 21 34 47 42 17 35 24 64 86 42 30 46
74 61 45 40 33 15 12 29 24 33 34 22 28 57 56 22 57 87 118 98 104 79 86 52 55 31 33 46 64 72 71 51 45 33 21 22 44 48 22 35 91 98 84 56 58 47 52 68 66 47 66 65 71 88 78 72 32 36 41 69 63 40 0 64 108 23 69 66 0 24 32 32 71 91 54 32 64 86 83 109 85 71 18 123 178 83 62 60 36 55 42 48 9 43 28 28 44 23 12 17
58 37 11 22 53 48 30 35 25 48 63 45 29 44 56 44 54 84 67 80 99 84 75 59 72 63 39 31 50 76 75 65 44 19 76 63 17 48 63 74 101 114 92 108 81 6 37 94 180 175 113 51 13 63 85 91 24 24 83 88 66 89 63 129 174 81 61 107 12 52 79 49 71 130 122 60 40 91 98 98 46 51 5 80 131 47 18 30 44 43 18 32 11 46 42 14 12 17 17 21
30 44 30 17 41 56 42 30 35 37 43 42 40 51 56 43 49 119 73 31 59 60 29 0 47 117 126 102 40 41 32 52 22 75 158 202 76 60 115 149 151 128 114 140 164 146 89 75 71 124 124 72 38 30 67 50 31 24 93 120 95 76 124 120 101 123 93 53 80 97 84 35 66 135 132 99 80 56 0 19 3 45 49 112 145 66 12 1 54 35 18 23 16 28 42 25 19 33 39 41
37 26 16 22 36 32 19 18 22 16 18 24 29 42 47 35 69 135 117 46 77 48 20 0 17 40 32 69 62 80 34 24 59 153 212 255 189 61 182 211 230 125 142 131 179 205 112 104 71 61 92 53 101 62 94 39 17 115 108 97 107 62 7 182 126 0 29 211 55 112 95 109 53 39 19 14 2 33 11 49 62 57 49 86 102 66 56 67 44 29 33 26 19 18 38 55 26 31 36 35
68 40 29 37 34 22 14 10 13 25 38 34 28 38 41 26 62 91 111 88 99 89 64 52 76 68 49 55 31 53 93 153 118 191 235 247 164 65 209 241 234 107 177 198 249 182 104 87 77 0 21 6 108 147 139 73 42 22 55 67 141 255 212 246 93 132 102 155 123 98 170 137 50 36 71 73 2 54 48 36 33 12 36 78 71 50 55 57 17 17 28 25 18 36 31 70 21 15 27 35
82 110 111 56 15 36 45 7 34 56 72 61 52 61 49 13 12 39 69 87 68 143 110 76 44 15 7 18 40 88 175 244 129 200 248 255 26 87 184 255 229 180 255 241 208 59 165 223 102 70 131 63 23 98 85 102 122 94 129 89 255 244 251 249 52 170 98 106 17 61 45 58 33 16 23 32 15 80 49 48 43 6 28 44 15 30 79 92 66 66 57 49 30 59 8 40 24 14 40 60
109 197 200 156 76 66 75 61 66 77 85 73 68 48 21 40 48 41 130 194 163 67 53 61 13 51 69 118 173 142 150 171 127 218 255 221 36 124 84 180 86 207 246 255 255 106 99 113 102 115 142 98 50 28 34 99 127 76 131 115 249 216 255 219 104 255 188 129 46 107 41 17 39 64 2 28 50 51 20 59 65 31 34 56 54 59 25 89 150 122 40 41 106 93 3 25 33 35 47 53
85 81 85 140 130 76 66 85 79 65 63 64 70 57 49 89 78 28 65 132 133 171 235 252 180 137 147 89 116 171 46 47 183 245 178 237 243 0 102 251 247 232 166 142 191 218 189 156 200 243 255 253 197 231 220 242 183 104 176 192 250 255 250 241 204 255 253 197 140 142 142 93 36 10 64 46 0 23 42 71 79 43 61 92 85 56 45 55 87 82 42 53 132 107 47 42 46 33 29 27
20 11 17 49 53 7 20 57 54 37 36 40 54 58 58 90 85 47 20 54 81 171 230 255 194 205 255 172 222 255 100 91 132 222 215 224 193 255 231 101 220 255 247 193 149 134 255 249 202 237 231 240 161 255 255 240 153 71 116 202 225 239 247 255 255 222 255 167 48 181 117 75 68 70 61 41 22 11 43 61 62 7 23 61 81 59 93 68 41 42 54 116 152 87 36 56 63 43 34 35
70 78 66 25 22 1 21 37 24 24 27 14 24 44 35 33 82 113 75 80 146 187 182 222 138 151 179 120 240 255 240 201 136 235 250 239 129 155 232 227 255 219 244 255 230 248 255 215 253 246 253 254 218 183 208 255 246 195 112 255 255 222 255 250 255 250 241 143 0 212 107 70 138 181 90 69 92 40 39 85 92 35 34 37 54 58 115 130 69 51 69 121 103 68 9 46 33 16 20 37
76 25 0 1 61 46 27 33 44 33 29 9 12 38 39 38 73 90 44 7 58 44 25 58 51 144 150 72 255 225 170 217 245 249 197 245 228 133 255 253 194 255 76 255 104 49 253 255 237 255 232 255 30 136 176 232 245 231 23 246 241 253 248 232 154 253 215 163 74 118 95 57 75 123 110 65 13 37 54 134 148 115 106 56 29 20 30 88 113 73 78 34 20 63 35 54 22 3 10 34
0 14 42 45 38 2 32 134 171 117 84 48 13 2 2 20 32 30 56 66 88 57 41 18 169 137 245 164 177 235 209 255 250 255 245 246 203 246 255 57 212 255 245 223 117 228 251 243 255 232 177 222 255 228 130 222 247 255 174 245 255 202 244 255 226 255 179 139 178 245 255 232 106 108 19 6 23 113 110 67 101 87 110 93 109 113 80 116 19 18 107 88 83 66 25 26 86 47 31 43
52 83 77 37 20 23 23 83 139 93 84 71 39 25 29 50 35 13 22 28 18 24 48 46 134 53 142 106 95 137 151 233 244 248 226 247 255 240 255 219 247 230 255 214 229 207 238 251 242 247 234 248 255 255 163 255 249 255 158 255 226 255 220 222 222 246 225 155 141 255 237 240 134 185 47 19 47 61 66 20 76 45 74 74 115 103 76 48 35 22 52 102 71 37 32 88 148 82 35 32
55 102 84 27 11 41 15 42 67 58 84 83 53 39 26 20 36 59 55 55 28 29 28 56 54 44 71 77 85 0 111 245 237 255 252 240 227 245 204 251 231 227 247 157 225 215 252 253 255 230 255 254 166 222 168 222 243 255 242 255 247 235 255 242 234 164 116 69 97 236 255 207 178 187 113 69 101 88 57 55 72 35 65 49 71 34 65 13 88 70 0 89 35 55 45 97 176 93 29 19
58 86 57 41 22 34 26 13 19 34 64 75 41 35 13 20 46 85 93 108 116 134 22 15 1 40 72 96 81 81 122 125 87 206 254 255 253 248 225 253 255 244 255 167 255 242 252 255 247 239 237 255 146 248 217 251 247 232 240 255 183 142 220 206 193 62 52 55 119 36 66 56 34 92 115 108 132 115 81 21 55 70 96 60 74 32 37 32 88 93 24 60 36 60 39 37 66 63 42 32
52 62 45 41 63 46 46 16 6 21 38 49 34 43 27 44 69 110 120 148 176 187 48 11 21 81 5 73 27 0 49 76 84 243 252 255 219 232 226 216 240 245 255 240 242 255 250 207 255 245 255 240 201 249 254 255 244 255 223 225 167 240 255 201 170 83 156 141 166 238 219 132 127 152 76 0 73 61 66 29 64 50 92 85 132 108 60 84 58 31 85 82 100 21 35 47 19 18 50 81
45 51 44 39 82 43 80 56 15 37 32 19 20 51 42 61 95 110 155 171 218 141 44 41 59 105 36 87 104 33 58 56 25 127 153 214 218 121 102 20 66 242 247 255 243 218 253 251 254 238 255 242 255 232 242 236 222 253 255 241 235 255 243 196 129 26 22 58 107 212 145 90 192 193 93 0 103 63 91 91 112 21 43 75 151 150 52 102 51 32 108 51 80 42 108 157 90 31 36 72
54 84 72 43 54 23 95 100 42 60 38 23 48 89 56 51 106 110 129 121 146 82 46 92 76 56 86 121 131 39 44 126 105 103 65 88 79 6 90 103 75 134 120 252 254 120 253 234 241 255 240 239 254 245 255 255 255 254 255 241 252 235 221 252 232 163 79 178 219 251 198 131 209 206 156 32 82 56 99 108 110 9 8 45 125 191 93 80 88 97 65 26 22 84 137 220 198 101 44 45
80 139 117 73 41 44 106 120 64 57 36 53 88 104 56 59 62 106 64 13 19 91 76 70 15 14 91 155 144 136 70 96 78 86 24 52 0 43 88 124 37 82 58 77 56 8 235 255 219 255 242 255 255 239 237 252 244 255 241 254 240 255 201 240 250 227 120 116 69 121 179 79 62 85 140 51 13 20 35 1 30 18 46 79 127 232 157 35 102 117 21 36 33 72 66 127 165 121 70 48
35 101 82 52 25 75 93 89 81 57 44 64 59 47 39 101 87 23 24 45 81 28 46 84 84 54 60 99 137 150 129 74 44 35 2 24 2 52 35 35 9 15 12 17 18 3 42 77 156 252 255 202 243 252 255 220 254 255 250 244 233 254 231 255 243 201 96 27 10 65 133 129 53 27 70 45 0 13 49 60 81 68 61 70 64 135 135 57 61 76 14 20 49 54 48 41 53 55 33 18
26 70 64 48 60 148 137 122 99 75 57 52 27 35 46 99 70 42 86 64 86 34 76 60 102 61 58 92 126 26 72 92 97 54 45 48 62 45 50 70 63 30 73 85 38 97 89 14 25 48 113 170 236 144 117 128 168 198 255 255 255 242 250 253 239 171 84 65 115 82 18 43 79 62 37 50 44 8 30 66 89 75 71 89 66 48 34 19 47 46 37 47 22 59 70 52 75 64 59 62
24 43 44 26 65 169 155 144 110 86 56 44 56 108 81 45 66 35 21 66 9 21 43 66 50 83 51 44 58 57 114 172 134 70 7 45 84 103 95 108 84 56 51 75 33 0 27 27 35 58 54 23 67 72 64 53 53 123 170 196 161 223 241 226 162 79 0 2 70 84 34 0 107 159 59 26 72 34 62 82 82 82 59 38 45 41 26 42 84 47 64 144 4 57 41 73 86 59 75 95
13 62 63 30 39 83 126 158 130 48 24 69 108 124 95 46 62 30 4 55 13 20 33 53 53 36 29 38 15 53 118 175 150 69 40 127 196 216 105 99 76 49 35 43 80 44 54 78 75 81 40 54 64 88 83 45 10 36 68 64 46 47 59 60 61 69 19 19 39 49 33 61 107 136 107 42 17 29 52 76 60 46 26 22 41 80 109 89 88 39 77 136 20 38 36 58 67 41 37 50
51 79 74 41 26 37 79 131 91 49 17 46 104 86 91 15 63 45 26 125 102 71 50 53 23 52 58 30 7 58 120 149 109 73 69 150 226 252 110 48 90 72 42 55 84 96 120 164 212 179 121 60 43 42 67 58 18 22 30 26 14 0 0 0 39 69 53 38 55 38 31 46 47 73 58 16 4 19 44 71 47 17 9 41 83 91 158 94 29 41 53 54 49 25 41 63 49 17 14 39
65 47 19 20 54 72 61 50 49 54 36 29 49 41 43 14 52 33 31 122 145 72 46 41 45 40 29 20 40 73 97 98 106 85 68 101 144 172 72 31 105 72 15 42 73 105 83 97 96 59 75 111 91 41 13 33 41 37 37 55 78 51 68 55 41 49 19 0 44 36 36 19 25 32 26 28 54 74 80 85 61 19 8 47 81 46 152 75 2 38 34 33 67 20 37 47 59 24 22 51
17 28 26 28 57 85 75 47 41 56 64 48 23 60 0 38 30 9 38 69 141 67 45 37 65 47 33 24 28 20 26 34 25 42 67 106 110 91 25 32 73 49 6 12 11 21 0 30 85 67 44 59 17 73 36 43 70 68 55 64 91 55 64 37 54 60 26 29 86 81 56 3 34 31 36 58 80 81 67 59 36 17 16 48 58 12 103 70 60 53 50 94 53 35 37 37 54 32 33 50
25 51 67 56 45 57 70 68 60 59 62 69 66 90 4 42 29 19 50 56 134 113 55 39 105 70 36 33 54 73 54 17 13 14 11 21 15 3 0 41 45 34 43 70 86 64 10 22 28 27 31 67 32 94 50 38 76 91 82 83 116 109 122 108 95 105 46 49 60 70 81 69 44 49 65 72 49 20 13 20 13 26 35 58 53 33 43 57 113 72 61 80 0 25 27 47 25 25 36 42
46 42 54 61 40 20 18 18 68 67 42 49 76 36 30 40 58 52 38 58 96 119 40 29 75 55 49 67 36 48 58 67 36 38 19 14 29 32 16 21 85 33 2 2 37 52 13 29 61 24 64 117 96 62 49 57 65 81 64 44 53 67 65 79 49 75 39 71 57 45 61 64 38 31 43 51 30 12 17 26 27 40 35 44 44 86 35 58 40 73 114 99 51 48 3 6 61 63 78 86
73 81 110 116 73 39 42 50 43 47 24 27 54 6 45 54 74 68 31 63 74 55 33 37 88 29 2 50 6 27 17 11 20 36 23 20 53 69 59 45 77 77 58 30 2 28 0 37 56 43 76 98 78 54 74 54 62 72 61 43 31 58 33 81 60 60 22 58 55 24 63 76 22 0 2 27 38 47 54 48 36 34 21 26 39 139 91 83 74 131 142 98 69 53 52 82 66 39 37 55
62 73 93 82 45 38 49 43 11 7 12 36 62 64 57 69 62 65 55 89 107 4 59 72 104 72 45 78 22 90 81 39 33 61 59 55 73 74 80 86 81 115 101 76 23 74 24 59 86 59 64 126 81 43 46 34 39 44 43 38 17 46 1 70 64 61 47 82 81 10 51 61 30 9 20 47 58 69 77 68 56 50 42 42 46 155 117 63 92 146 141 133 72 43 70 106 94 32 7 32
50 57 38 11 28 76 94 77 24 2 22 58 83 33 27 27 14 0 10 38 85 37 65 59 74 94 102 80 24 103 86 48 54 71 68 88 134 86 60 63 51 85 76 79 67 111 38 99 98 38 51 119 43 45 38 16 29 18 23 46 27 25 11 44 51 52 117 131 83 28 37 40 46 85 100 50 18 29 47 79 99 94 72 51 48 85 53 51 100 139 130 93 67 67 36 55 63 39 28 40
49 37 40 47 88 108 120 109 42 17 31 53 53 0 16 53 39 41 5 0 11 46 76 62 26 55 79 33 20 50 45 21 32 76 79 91 153 119 70 41 71 54 1 12 59 135 74 78 82 37 31 64 22 38 39 21 28 45 33 50 32 13 25 26 18 69 170 150 35 22 46 42 64 60 63 42 15 0 2 53 100 89 52 23 32 83 57 45 79 88 76 72 68 63 25 48 60 50 48 55
64 37 40 59 93 80 67 51 14 5 26 44 52 32 52 84 69 47 26 53 48 31 43 69 25 17 57 57 134 76 53 56 76 98 90 107 145 69 33 61 93 65 9 29 99 173 142 102 68 49 46 57 44 27 24 31 6 19 23 48 74 67 74 48 33 78 185 146 12 44 71 63 56 13 3 24 45 33 17 46 73 69 42 26 54 104 76 49 47 44 30 34 40 51 30 59 90 63 42 43
45 39 28 36 48 58 34 7 16 20 30 24 40 60 57 48 14 8 35 45 57 22 46 67 38 83 122 90 201 153 101 48 90 139 101 45 63 32 31 58 83 74 51 81 131 159 141 74 57 92 95 56 52 23 20 37 35 3 16 43 95 83 54 25 71 64 144 98 14 43 60 70 41 11 5 29 75 87 57 51 51 47 29 29 63 95 77 57 34 51 45 28 16 40 37 65 93 60 33 33
23 57 40 38 38 108 98 72 79 67 47 6 3 47 59 70 55 46 70 75 72 26 12 15 11 71 91 56 127 101 67 28 58 109 68 1 28 26 34 40 27 30 31 79 127 133 120 44 28 98 98 24 48 62 83 96 51 33 37 84 107 40 25 2 58 28 87 32 17 11 8 24 40 38 45 44 60 66 44 45 69 44 13 11 37 45 56 64 57 83 97 84 42 30 0 12 85 72 62 59
50 82 54 27 1 55 46 25 34 42 75 81 60 58 29 47 57 39 36 83 72 68 14 16 30 22 7 16 39 22 28 30 20 69 69 40 47 12 12 22 8 28 34 58 82 92 95 45 18 47 45 17 55 56 74 102 28 86 95 169 149 42 65 40 83 54 101 56 94 71 47 28 27 17 23 30 44 43 27 41 88 56 22 24 48 36 58 76 59 40 32 37 18 34 57 116 107 81 52 39
31 33 39 41 46 50 65 76 43 25 48 72 70 77 27 39 91 97 76 75 67 124 74 46 79 68 50 37 11 36 61 7 0 77 104 56 37 20 29 7 44 87 80 44 21 41 47 24 28 27 33 43 57 26 21 46 58 118 130 151 117 76 81 64 84 55 96 81 98 70 59 30 26 7 12 32 64 68 43 48 79 55 30 43 80 58 70 66 23 19 43 69 41 31 25 62 106 65 20 4
54 13 39 55 74 6 23 55 33 11 39 95 143 173 75 27 65 50 83 115 133 123 81 79 64 52 78 94 27 28 70 18 25 47 63 55 46 16 39 45 56 112 97 37 10 57 58 37 9 49 75 70 73 88 92 83 101 89 92 26 12 94 61 71 92 66 113 115 61 17 47 54 53 55 68 74 91 91 58 50 63 42 16 29 76 57 60 36 0 21 63 78 37 32 23 43 84 69 51 45
110 57 87 97 27 38 27 46 37 31 33 96 142 117 49 76 144 161 106 86 72 125 88 55 26 27 62 79 28 75 63 62 33 67 62 72 80 21 53 73 59 71 39 60 74 91 87 56 49 39 34 47 96 27 156 122 93 22 108 64 16 58 14 71 90 44 94 145 79 5 11 55 57 66 96 103 70 80 60 54 81 59 25 31 37 106 80 83 81 91 65 47 19 59 12 18 81 75 42 36
105 107 147 165 130 187 136 53 34 25 17 55 82 82 23 84 182 134 61 51 84 128 114 99 41 40 53 53 23 85 52 23 68 145 175 115 30 33 72 70 34 42 53 68 90 59 21 23 64 75 25 27 102 106 142 88 62 20 114 74 63 38 17 67 60 8 60 119 61 42 41 9 15 52 74 71 40 56 58 65 87 89 53 39 57 153 144 139 172 170 77 26 39 52 0 14 52 61 45 48
74 99 174 255 252 245 170 88 21 37 9 4 46 98 24 33 57 21 11 41 92 85 78 82 88 58 50 49 16 41 15 32 93 131 169 118 18 66 79 39 39 71 102 50 42 19 9 54 106 155 89 75 145 208 131 66 77 68 82 36 50 20 48 105 55 5 19 68 17 8 30 46 80 115 86 55 27 36 35 41 49 57 49 70 82 116 78 72 134 134 74 63 84 37 0 14 42 65 67 80
59 86 127 186 251 211 123 29 29 35 22 44 67 38 1 48 79 46 24 21 26 4 18 55 90 45 35 49 37 44 19 55 68 52 85 103 46 48 55 29 19 97 138 75 35 54 56 57 112 186 153 97 80 126 25 6 65 115 62 47 62 48 72 108 16 37 31 66 40 0 0 52 137 147 79 56 59 58 32 25 38 30 19 46 48 50 20 25 44 76 101 110 92 40 54 45 49 72 75 90
86 78 83 93 177 67 22 27 59 63 23 25 77 54 32 0 12 14 11 30 36 32 20 33 46 9 6 32 78 119 64 34 25 39 69 95 56 0 33 46 51 102 110 123 81 118 112 62 22 99 137 78 0 14 2 69 50 121 59 66 85 43 64 84 17 77 66 79 81 54 28 43 75 71 16 28 71 81 48 58 32 57 44 23 21 72 75 34 25 93 135 109 87 64 91 51 50 61 49 54
39 115 137 31 88 43 41 32 57 39 32 69 85 27 26 24 35 41 32 37 34 40 44 67 54 3 5 33 81 119 67 25 21 62 61 55 54 18 57 34 96 88 54 121 84 100 92 69 82 49 46 51 55 57 25 22 64 93 46 32 70 0 42 55 21 29 24 45 44 27 50 42 14 51 84 133 160 132 49 54 98 16 16 97 78 18 29 61 68 86 63 30 55 37 48 65 69 69 42 37
60 53 81 42 106 92 70 52 32 26 32 43 59 127 95 41 33 37 51 46 39 13 48 102 75 30 49 52 49 67 55 48 34 45 27 27 64 102 105 41 57 66 43 89 86 92 43 34 44 45 50 79 76 30 24 33 59 63 30 15 74 53 79 46 31 23 35 69 80 29 66 64 65 87 119 107 85 73 19 68 98 38 34 64 28 17 54 29 4 9 35 65 96 46 0 6 38 37 9 2
64 0 34 45 84 104 83 68 24 9 31 35 27 178 148 129 67 53 89 89 97 33 78 144 49 50 93 59 28 68 80 59 29 16 24 52 74 143 133 93 47 88 71 55 115 163 78 45 79 113 92 110 86 9 9 28 68 65 9 5 77 167 174 103 26 55 43 39 97 48 64 52 73 96 139 95 48 51 8 72 83 25 35 73 40 47 101 60 18 19 71 73 56 67 51 32 60 65 43 39
24 5 26 70 84 125 90 44 35 25 25 17 35 68 112 75 28 18 87 79 71 73 92 127 30 11 50 55 65 50 62 85 65 32 34 39 44 116 120 108 65 124 143 43 112 128 44 5 45 51 48 57 37 63 71 75 103 96 56 68 165 217 224 130 44 78 52 46 105 46 68 63 55 63 105 109 88 22 20 37 57 24 68 115 92 51 98 84 53 60 57 35 32 25 61 61 83 25 3 21
11 48 52 90 193 96 46 42 60 52 19 3 33 21 50 79 50 20 47 41 50 65 67 93 27 9 42 45 84 79 54 73 90 51 44 50 12 30 58 88 57 147 167 45 131 113 61 44 61 64 77 96 80 111 100 57 80 70 42 50 131 164 153 88 30 72 82 77 96 60 87 86 41 20 75 100 111 37 39 42 30 41 78 119 93 37 34 18 39 53 37 26 43 8 22 52 42 13 8 19
47 87 41 85 218 80 37 34 57 52 31 27 49 25 67 123 88 55 41 28 27 36 15 41 39 23 41 28 88 90 21 45 95 53 29 49 14 18 53 75 54 125 152 95 135 96 70 55 39 15 28 41 11 53 77 41 21 16 28 52 123 131 81 44 35 56 99 104 63 43 69 81 60 12 50 57 70 20 55 57 37 63 73 85 66 31 30 45 88 113 55 2 49 44 38 43 44 44 52 53
77 71 13 64 91 60 76 51 38 27 46 48 23 1 57 74 75 46 13 19 33 49 11 28 41 59 89 50 85 78 0 57 171 119 47 45 26 50 68 32 62 56 69 126 97 98 118 108 64 49 101 122 62 75 121 107 69 50 75 102 160 156 76 58 66 43 97 115 33 26 36 48 27 26 73 68 52 54 96 82 29 40 55 50 40 21 53 86 127 154 90 7 23 21 16 0 16 28 39 36
70 41 47 89 6 46 103 88 0 0 34 54 36 12 63 77 92 53 8 32 71 92 44 38 35 70 101 46 46 44 0 90 218 176 93 57 16 41 63 23 42 15 10 74 22 14 36 19 0 18 102 127 82 105 173 174 83 39 43 57 107 131 66 63 73 44 99 116 41 69 60 30 31 82 113 94 42 102 128 93 19 0 39 45 51 25 39 27 30 60 79 57 31 8 43 47 27 42 54 60
51 20 80 103 22 30 56 57 21 30 34 48 62 9 24 68 101 79 54 63 71 68 50 52 36 57 93 88 98 83 0 33 133 129 110 85 10 9 41 48 48 68 60 49 63 52 84 82 84 100 132 102 66 82 128 118 99 51 38 34 56 97 48 30 27 29 82 89 51 115 97 20 46 99 99 84 24 101 111 87 38 55 117 85 24 0 26 49 24 41 90 87 44 27 74 54 9 29 39 45
35 13 65 74 19 5 9 15 5 12 8 19 49 16 29 56 35 54 82 78 46 20 54 86 94 45 12 10 24 45 2 24 60 66 93 89 22 19 29 46 58 77 48 0 19 38 83 96 61 72 91 79 82 58 52 40 30 19 34 48 62 129 108 69 47 64 104 108 96 153 141 61 10 40 52 84 48 86 97 120 190 167 117 69 41 74 47 37 35 29 56 59 46 58 103 62 61 86 80 57
41 42 70 70 0 9 41 58 60 50 55 50 47 46 69 31 18 50 108 104 61 22 76 109 108 60 32 35 18 37 32 61 53 34 54 59 37 73 63 55 23 30 31 25 33 77 94 81 17 15 42 81 125 68 41 59 60 68 87 89 72 135 121 63 37 41 64 73 67 90 87 35 47 31 33 76 54 54 101 194 246 254 156 86 41 99 32 33 61 24 36 62 60 39 75 70 82 108 81 23
55 88 92 55 24 57 47 41 30 27 37 45 41 45 54 54 52 77 94 61 17 110 85 77 82 54 97 81 71 38 44 75 47 32 38 53 57 19 68 23 8 19 20 5 30 111 155 130 73 41 101 120 160 52 47 68 94 115 103 97 86 93 64 49 45 44 46 55 56 43 83 62 82 70 41 52 28 73 102 137 206 169 107 72 65 46 33 48 65 37 24 67 78 2 55 88 110 85 35 41
40 64 62 35 21 63 49 34 29 48 75 72 38 23 40 58 76 81 67 48 29 41 58 61 87 84 86 58 48 85 38 0 47 38 22 48 86 26 63 69 74 98 97 45 17 72 130 130 133 128 123 71 60 31 20 16 55 64 50 59 67 84 58 44 12 53 74 83 122 155 163 67 44 53 51 78 46 62 53 63 48 47 32 27 37 41 64 109 83 45 21 35 25 22 33 76 81 65 35 53
18 31 24 12 22 79 59 33 48 78 114 107 63 46 78 112 119 105 69 83 103 22 80 105 124 137 104 81 69 168 87 6 23 45 9 25 104 49 77 116 107 128 121 59 13 38 61 37 0 49 44 8 4 82 79 70 64 53 28 48 70 87 58 45 43 49 57 87 134 146 144 58 34 46 47 72 34 38 17 19 0 16 28 40 53 51 70 114 79 46 31 28 0 57 0 36 28 21 16 46
1 8 1 0 27 95 74 42 30 45 68 66 37 37 78 116 100 76 41 86 127 3 60 113 147 148 108 102 85 185 114 61 75 123 61 17 76 27 34 40 6 32 48 29 26 71 82 40 0 51 58 47 39 123 99 96 101 74 38 62 85 96 63 54 61 16 3 45 68 33 44 15 45 48 36 53 13 23 12 21 46 62 74 91 103 79 56 65 69 48 42 38 2 72 0 7 15 8 21 54
