13 16 38 0 9 23 18 2 10 16 38 47 28 15 25 37 51 45 41 41 38 30 20 14 0 17 19 9 11 15 16 19 0 9 14 16 18 12 11 23 21 20 5 11 16 13 19 10 13 6 8 17 20 11 5 6 16 19 17 31 37 42 48 24 21 14 21 29 24 24 32 33 15 18 32 18 8 14 15 31 39 36 29 22 19 19 18 16 15 17 16 24 38 36 29 33 35 18 10 16
17 18 36 2 11 21 19 11 10 21 42 47 32 27 33 33 32 20 14 16 13 4 3 10 25 31 17 0 4 13 18 23 34 35 32 33 32 21 25 47 50 41 16 17 22 18 21 7 0 14 19 10 5 10 13 11 10 9 5 24 37 45 49 22 6 14 30 33 20 19 25 23 26 33 48 27 6 4 4 22 42 29 24 33 38 31 20 15 10 14 9 8 15 16 19 31 53 31 16 18
8 7 23 7 15 18 17 15 9 17 32 35 28 34 41 36 22 10 6 12 11 3 4 15 31 39 32 26 34 36 25 19 26 14 7 16 19 3 6 35 70 51 14 10 17 19 24 10 11 16 16 11 9 14 18 19 7 2 0 5 13 19 28 7 0 8 25 23 7 6 16 16 22 33 48 25 7 16 33 62 33 15 12 33 48 39 25 21 10 19 15 5 4 4 10 25 43 22 4 2
11 6 12 15 23 23 19 18 21 14 18 21 18 25 35 35 18 16 18 25 29 26 19 13 30 46 53 60 70 64 42 30 23 6 1 23 33 8 0 16 54 38 6 7 20 30 45 38 36 8 0 16 27 16 9 16 24 28 24 27 18 21 48 48 39 29 29 26 12 8 18 24 24 36 52 31 14 23 33 55 23 18 21 34 44 43 36 33 22 35 33 21 19 16 15 22 37 28 20 18
48 33 15 23 27 28 26 25 34 18 18 25 21 20 29 33 16 22 22 22 31 39 27 7 24 34 34 34 40 36 24 20 33 21 22 50 64 35 4 4 30 30 18 30 43 49 62 57 35 9 0 16 25 13 2 4 18 43 61 65 42 40 85 107 68 35 21 27 18 7 10 18 7 21 42 31 24 28 17 17 22 43 56 49 42 44 40 30 24 37 33 22 26 30 25 23 33 42 49 50
78 58 17 20 16 22 28 30 30 23 30 37 33 35 44 47 27 28 23 18 27 40 35 18 27 30 22 16 18 11 0 0 18 19 24 45 62 47 18 8 31 44 44 57 56 42 39 25 15 23 23 14 12 17 12 1 0 35 66 78 51 41 82 106 50 19 13 29 29 20 21 24 16 18 27 15 18 31 17 9 20 55 73 54 35 32 25 8 8 20 13 2 15 30 28 21 24 44 60 61
60 53 11 18 7 17 30 33 33 43 48 35 26 43 59 53 33 24 19 22 26 28 31 36 50 48 37 34 40 30 13 7 19 30 28 25 38 45 37 30 39 50 48 54 44 20 9 0 3 21 23 8 7 20 19 4 4 26 48 63 45 34 61 72 34 28 35 43 40 44 51 50 48 40 35 14 16 31 13 1 12 36 47 32 19 17 12 0 1 19 16 8 23 40 36 25 21 41 54 50
25 36 6 23 11 22 37 39 55 73 67 25 4 33 54 39 23 7 8 23 22 8 15 38 52 41 22 20 32 31 17 13 35 49 34 5 6 26 34 33 32 39 30 34 29 13 10 0 3 0 0 0 9 16 12 2 1 4 8 26 22 18 38 38 23 38 48 35 20 31 46 40 19 22 34 29 40 53 27 6 8 13 13 7 7 12 14 12 13 39 45 38 52 64 54 38 8 23 29 20
20 16 38 20 23 15 21 34 38 66 80 6 6 21 22 29 27 22 31 0 20 14 0 8 12 19 6 9 19 18 17 15 41 42 34 17 9 12 19 22 27 23 18 16 16 15 13 10 4 5 4 2 1 2 4 6 5 4 5 11 21 27 24 18 45 56 30 15 6 8 36 31 16 10 16 38 55 50 29 12 16 14 8 6 17 33 36 29 21 44 50 33 30 46 51 40 6 6 12 22
5 9 31 7 13 12 12 8 25 44 58 26 11 5 12 30 27 51 68 17 20 20 9 8 17 21 11 47 47 41 17 26 26 28 24 16 14 20 26 26 19 17 14 13 13 11 7 3 16 13 12 11 6 0 0 2 17 12 14 25 31 28 25 25 43 39 17 24 26 23 45 47 45 28 20 29 40 37 26 20 25 31 32 30 33 36 29 16 30 30 21 7 5 20 37 44 17 14 15 21
8 15 35 7 17 24 18 0 14 29 50 76 41 6 12 33 28 53 70 33 31 31 21 16 15 11 0 37 29 32 3 26 48 42 29 18 13 13 10 6 9 9 11 13 15 15 12 9 11 5 8 17 15 4 3 12 20 13 14 26 31 26 22 24 19 23 23 36 24 7 36 66 58 35 18 21 27 24 22 23 36 39 32 18 12 15 16 11 17 18 23 27 24 16 16 20 23 17 12 13
17 17 33 8 22 28 23 9 11 28 51 109 61 14 17 28 15 9 13 16 25 20 12 12 24 27 18 22 17 29 11 25 33 25 15 14 20 26 26 22 16 16 16 17 18 18 17 16 3 0 2 20 21 8 8 21 15 11 9 14 25 31 27 18 4 13 24 28 10 0 21 54 39 23 12 18 25 24 21 23 27 33 30 17 10 18 29 33 19 20 25 26 22 18 23 33 29 22 17 17
17 7 21 2 13 12 13 16 18 30 35 76 33 7 17 20 25 11 3 18 21 21 22 22 27 50 68 19 26 38 27 10 16 11 13 25 40 45 40 32 27 25 21 16 12 10 10 11 11 3 9 25 23 7 3 14 14 14 8 6 25 46 40 18 11 11 13 9 12 24 28 30 23 16 12 19 30 37 34 30 30 48 58 47 29 16 6 0 5 15 21 17 13 18 26 31 31 27 26 30
25 17 34 14 14 4 12 26 33 32 17 16 0 4 18 19 37 49 41 41 16 24 39 34 36 58 86 9 25 40 34 9 29 27 33 49 58 51 32 18 14 13 10 6 4 6 10 13 15 11 16 27 24 11 6 13 11 13 7 7 27 49 40 16 8 16 26 12 20 48 46 39 27 26 20 19 34 54 54 41 42 63 77 66 44 26 12 2 14 20 21 15 11 11 10 6 15 14 18 26
39 48 74 41 27 13 20 31 39 32 22 0 13 28 24 19 18 40 37 45 2 4 26 26 47 50 73 21 36 49 31 25 20 17 24 40 51 46 32 22 0 2 3 3 3 6 11 16 11 12 18 24 22 15 12 14 11 7 9 21 34 35 25 13 4 20 42 25 26 52 47 46 29 34 26 17 35 66 66 43 30 48 61 57 53 60 71 76 58 31 6 0 3 6 11 18 3 3 9 20
41 69 102 57 32 18 21 24 31 27 38 9 49 58 26 11 9 16 16 54 15 1 22 35 24 16 44 38 49 49 4 11 16 6 3 11 19 18 12 10 7 9 10 8 5 3 5 7 13 17 20 20 17 12 8 5 15 5 14 38 43 24 12 15 17 16 32 23 35 59 36 25 22 33 27 15 36 72 68 36 19 34 42 35 31 42 57 65 46 11 0 18 35 26 15 17 11 11 18 29
33 35 54 76 67 34 17 21 29 27 42 17 21 17 17 17 26 38 27 41 15 0 40 25 10 5 32 61 59 33 18 10 15 15 10 3 8 17 16 6 10 15 15 9 3 2 3 2 10 12 16 20 16 8 6 9 16 12 21 38 39 23 14 18 12 33 23 10 29 40 22 6 20 21 21 22 28 42 61 76 58 31 21 35 34 13 6 17 25 21 13 10 16 25 27 23 22 21 23 31
32 30 41 59 60 40 24 21 23 26 38 8 14 5 6 22 58 37 18 29 16 20 50 24 0 8 35 66 54 41 27 22 37 29 18 15 22 27 19 8 1 11 18 18 15 12 9 5 7 10 12 12 11 9 8 8 21 13 15 27 29 22 26 38 38 21 5 13 30 26 9 3 8 19 28 24 21 35 67 96 109 62 24 20 22 21 35 58 43 24 3 0 10 24 21 10 1 7 20 32
41 33 31 41 50 46 32 22 11 21 30 4 21 7 4 34 0 25 110 152 86 23 17 11 16 21 25 53 30 40 36 46 49 32 20 24 34 34 23 13 1 12 22 24 23 22 20 16 12 16 14 8 10 18 18 12 15 11 16 27 28 22 26 38 42 13 2 14 18 13 12 12 6 28 44 34 13 15 48 82 64 35 21 34 45 38 34 41 48 39 22 6 4 17 31 39 41 37 42 52
43 35 26 25 33 37 28 15 8 20 29 17 56 41 24 51 46 29 101 146 82 20 18 40 39 27 12 50 24 39 30 48 40 23 15 25 34 30 21 18 8 15 19 17 16 19 22 22 21 26 20 10 13 26 27 17 6 11 26 42 41 29 23 27 36 28 33 25 5 10 26 23 11 35 52 41 14 3 19 42 29 12 9 24 33 29 27 34 40 41 34 17 7 17 40 58 65 43 33 44
29 27 19 13 15 20 17 8 13 21 30 29 84 73 40 48 45 13 52 83 50 22 21 30 43 20 10 68 50 47 16 26 33 24 22 28 27 18 13 16 12 18 19 15 11 13 16 16 21 25 18 7 9 21 22 12 6 11 25 41 44 37 35 39 48 44 51 40 13 13 30 29 22 33 41 35 19 9 12 20 16 12 14 18 14 4 5 15 35 34 28 22 21 25 26 23 21 6 2 20
16 20 21 17 15 16 17 15 13 15 23 19 70 66 31 21 24 28 29 10 0 1 46 64 45 20 16 68 55 44 17 22 36 36 37 34 24 12 8 11 17 25 29 25 20 18 15 12 14 16 12 4 4 11 11 6 9 5 6 14 23 32 44 55 47 30 29 37 28 18 24 34 43 38 31 25 20 17 15 14 10 29 54 63 48 23 11 11 32 43 49 43 31 23 17 12 13 19 30 43
13 19 27 31 28 23 22 25 16 13 19 0 30 35 16 1 19 36 10 5 12 22 48 38 36 26 33 53 39 27 19 22 30 38 41 34 22 16 13 12 20 26 28 23 18 17 17 16 15 15 15 14 12 11 13 14 15 6 0 1 12 24 35 43 32 30 25 24 26 19 20 34 51 42 30 24 23 22 18 13 32 57 86 93 77 55 46 47 32 47 54 42 25 23 36 50 54 61 62 54
12 17 28 38 36 25 20 24 26 21 27 0 4 17 16 4 13 35 9 34 47 13 20 15 11 28 54 54 32 16 13 4 16 28 34 27 21 23 22 17 16 18 14 5 1 6 13 16 22 22 26 29 26 21 23 28 23 16 11 14 21 24 22 20 29 62 55 22 14 17 19 27 36 32 29 29 30 28 23 18 8 42 79 92 75 47 28 20 35 29 16 6 12 35 61 77 68 60 37 12
5 23 38 34 23 19 24 30 35 24 17 42 0 16 38 0 0 36 20 46 19 6 20 15 30 14 20 37 38 31 25 19 17 26 24 17 27 43 36 12 8 10 9 5 1 3 11 19 22 19 20 23 22 17 19 25 23 13 9 16 21 17 10 7 38 49 66 17 26 30 18 9 13 24 11 29 20 23 20 15 3 33 51 47 36 17 3 4 0 11 14 18 29 35 42 56 38 18 7 20
17 31 39 31 17 12 15 19 30 33 26 37 0 17 36 5 6 26 3 29 9 8 52 80 68 42 36 48 48 41 39 37 30 28 18 9 20 36 34 18 8 9 10 11 11 11 11 11 16 18 22 23 15 5 4 10 9 0 0 0 1 9 22 34 19 36 60 26 35 33 14 2 1 5 0 23 18 18 22 30 10 31 40 35 24 9 7 20 29 34 29 27 32 28 21 24 26 11 17 56
19 28 35 30 21 14 9 5 22 39 32 29 5 17 27 10 14 22 1 20 3 3 60 106 95 58 42 50 49 41 41 43 36 26 13 8 13 19 14 5 9 10 13 18 21 18 12 7 10 17 25 26 15 3 0 5 14 10 6 5 10 25 51 73 74 70 61 17 17 17 10 9 26 20 2 33 24 17 21 36 51 53 46 36 25 9 10 29 52 42 20 9 15 15 9 11 16 6 20 72
12 17 23 28 30 26 12 0 16 30 26 22 16 15 13 12 14 25 19 30 17 12 51 82 78 39 23 34 34 24 21 20 19 15 15 20 20 13 4 0 9 11 14 17 18 17 13 10 13 19 27 30 26 20 17 17 8 9 11 12 16 27 46 61 35 36 31 20 32 35 26 25 29 29 12 42 40 46 56 68 68 55 39 35 35 19 11 24 38 26 4 1 18 26 19 18 27 27 31 60
19 16 14 19 30 32 18 0 16 16 18 18 28 15 3 13 10 26 32 32 32 34 57 63 46 17 10 25 27 19 10 2 1 7 19 30 29 18 13 15 7 10 11 9 6 7 12 17 24 25 27 32 37 39 36 30 7 9 11 14 18 24 30 33 0 1 2 25 44 43 32 30 27 36 18 37 39 58 66 62 31 17 6 21 40 32 16 18 18 17 13 27 52 55 35 23 24 40 33 31
33 24 14 12 20 28 24 14 22 12 22 16 30 18 7 15 16 25 32 18 29 38 55 52 42 25 25 37 41 40 31 16 9 13 19 21 16 10 11 16 6 8 9 4 0 3 13 23 33 30 28 30 39 44 39 30 18 18 17 16 21 27 26 22 34 46 40 68 63 38 16 14 27 36 14 25 26 44 40 22 4 3 4 23 45 41 25 23 34 32 25 34 56 58 42 32 27 54 43 29
24 24 21 16 18 26 32 34 31 24 42 14 22 25 22 19 20 18 31 17 30 28 39 39 49 41 40 42 45 55 53 36 21 19 13 4 0 2 5 6 11 12 12 11 12 15 22 27 31 31 29 28 33 38 32 22 15 17 16 13 15 18 15 8 33 67 81 126 100 47 11 9 20 23 1 25 32 44 34 15 10 27 37 41 43 34 28 34 54 43 23 18 33 41 38 41 55 76 58 49
1 15 26 26 24 30 41 49 38 38 62 13 13 31 36 22 13 8 34 32 46 29 32 36 47 42 37 29 30 49 55 38 19 15 5 0 0 11 14 10 18 18 19 22 27 31 31 31 24 29 30 28 29 32 27 18 18 26 29 26 23 21 14 6 30 66 71 110 73 24 10 29 50 40 14 42 45 41 21 3 12 44 59 47 30 18 23 40 48 40 22 15 28 34 33 38 59 66 39 35
5 7 22 31 22 21 32 37 23 28 45 16 27 35 29 11 14 23 34 37 30 20 19 24 42 46 32 24 16 26 45 30 31 18 7 5 9 13 18 23 23 21 19 27 36 45 44 15 21 31 64 31 44 12 41 34 27 14 15 21 44 49 19 11 26 24 34 44 30 6 7 27 59 47 25 17 29 31 22 20 20 34 34 29 36 39 35 36 47 57 50 33 39 60 57 33 35 25 22 31
3 4 14 16 8 11 22 23 6 14 39 17 30 35 25 6 18 19 27 33 24 10 10 21 58 49 32 29 16 10 25 17 31 26 24 25 24 23 26 33 28 18 17 0 18 23 43 22 41 55 90 29 26 44 53 35 44 10 3 14 44 60 33 13 8 10 15 21 24 23 18 16 17 17 7 8 25 35 39 48 36 36 21 13 33 51 49 44 71 73 58 33 29 44 50 40 34 29 28 33
12 16 23 16 5 14 27 24 18 18 33 8 22 31 31 22 5 2 9 18 13 2 6 21 25 14 4 16 8 0 16 19 20 22 25 26 21 18 23 32 9 14 41 20 48 37 43 15 60 26 61 53 32 36 12 27 23 5 24 28 20 27 25 24 31 53 58 37 19 18 17 10 15 20 16 15 25 34 43 58 76 65 33 11 25 40 29 12 10 35 60 71 71 64 50 35 30 33 35 33
33 42 47 30 10 17 29 25 29 22 32 5 17 25 29 25 11 15 19 21 17 16 21 28 24 21 18 27 11 0 16 19 11 10 11 12 10 9 15 23 14 20 37 21 44 49 46 36 54 38 34 34 10 61 45 33 40 7 25 40 34 41 30 10 14 41 50 29 8 10 21 24 27 30 20 9 9 8 11 24 54 58 38 18 25 35 26 15 4 17 35 47 45 32 19 13 9 17 18 10
40 50 55 34 9 11 22 18 14 10 28 11 23 21 15 8 19 30 30 17 11 17 20 15 14 26 29 31 12 4 24 22 12 8 8 15 20 18 15 15 35 41 39 40 46 72 51 67 30 38 6 52 41 81 68 36 59 22 38 51 43 50 42 27 16 17 17 15 16 23 30 34 41 39 23 10 9 6 3 11 24 45 45 28 20 19 21 28 37 27 23 27 27 20 16 18 14 19 17 6
24 29 36 27 13 21 34 33 16 5 21 6 20 20 20 20 17 26 25 12 9 19 25 22 12 24 26 27 13 11 33 29 16 11 13 26 36 33 20 10 48 50 38 48 42 74 45 89 69 65 5 81 74 73 61 56 66 35 40 34 16 20 28 42 42 37 36 38 35 30 38 51 54 49 32 20 22 20 16 21 28 49 53 34 12 0 1 22 30 22 22 35 46 44 37 34 34 32 26 19
20 12 14 20 24 39 54 54 31 12 20 2 18 23 34 44 32 26 23 24 27 33 47 62 65 55 41 43 30 20 36 33 24 15 14 25 35 34 23 14 52 33 12 0 0 33 36 119 147 155 61 55 47 92 97 107 128 67 26 10 17 24 11 13 22 29 40 44 37 34 46 64 46 43 28 17 19 18 16 23 18 29 36 35 26 7 8 31 35 20 5 5 14 24 31 34 32 24 19 21
38 15 8 18 29 44 55 52 29 12 25 13 28 29 34 42 39 16 8 20 24 20 38 68 74 45 23 39 38 28 46 51 35 22 13 17 26 29 28 26 35 19 24 8 19 29 38 128 163 150 78 78 73 91 76 134 177 126 78 41 30 21 6 25 29 29 30 36 43 47 43 37 42 43 33 24 27 27 30 41 19 20 25 40 43 20 8 21 22 12 1 1 12 28 40 44 38 28 26 36
43 30 18 15 16 22 34 46 22 15 16 24 24 18 26 42 46 35 21 12 10 14 23 30 48 36 44 59 59 58 56 44 35 13 37 6 16 30 41 50 33 27 24 33 68 43 57 81 168 126 85 95 86 137 123 174 215 145 103 46 35 32 27 26 30 31 10 14 30 36 30 21 12 30 48 50 40 34 41 51 32 15 20 34 27 16 20 27 30 27 24 23 27 34 37 36 29 39 48 40
36 23 13 15 19 16 11 10 6 14 20 19 17 20 29 36 42 43 41 32 21 17 24 33 42 48 73 86 66 55 64 71 36 12 0 33 7 16 64 79 25 49 33 14 43 50 56 68 151 138 113 43 81 216 255 249 255 126 50 31 31 37 30 64 40 37 16 12 24 29 19 4 13 27 49 58 42 22 27 46 39 17 12 18 15 14 22 27 35 37 34 27 22 21 21 19 29 36 40 24
14 8 9 24 37 35 19 6 14 15 12 14 32 50 44 23 8 21 33 31 24 25 39 53 27 58 71 71 61 24 0 9 52 43 0 11 6 32 62 61 126 88 24 38 91 87 58 91 211 233 255 183 133 167 191 187 178 67 59 54 38 35 21 23 31 50 60 40 26 19 21 19 25 28 44 54 36 10 16 42 43 21 10 9 8 17 28 29 18 27 32 28 24 24 24 23 36 40 41 14
7 6 12 28 42 40 23 7 16 13 9 16 37 52 40 16 13 22 26 20 13 16 27 35 15 19 70 78 26 38 79 64 0 35 84 55 56 14 0 27 92 103 41 12 42 76 66 120 200 156 161 221 247 255 229 255 213 91 110 80 16 16 41 11 27 51 88 63 41 28 35 37 38 31 30 32 22 10 16 32 34 24 21 21 18 26 34 29 4 17 28 33 38 45 46 41 36 42 46 10
23 21 21 22 23 18 6 0 7 16 27 29 21 13 13 17 19 21 19 16 18 24 23 18 25 39 41 39 59 81 75 55 54 106 126 11 0 63 93 74 107 137 95 51 67 117 136 224 249 218 221 255 242 185 150 255 214 60 63 143 67 105 99 30 54 41 70 47 46 42 40 27 35 28 17 10 13 19 17 11 16 20 35 42 34 32 31 23 12 23 31 38 49 59 54 40 24 37 52 9
29 28 24 19 18 22 24 22 31 36 42 41 28 14 10 15 6 11 15 19 29 35 26 12 18 37 24 39 112 156 158 171 209 224 244 223 48 0 73 119 157 155 125 86 91 111 134 240 242 255 255 189 252 255 190 115 114 87 94 234 59 115 98 68 85 39 60 28 32 30 34 27 22 22 14 7 14 23 14 0 8 14 37 51 40 27 22 15 11 19 25 28 41 52 44 25 19 40 65 15
26 25 21 17 23 38 51 55 54 52 46 40 42 42 30 14 16 26 31 26 25 24 15 2 38 1 47 63 10 72 211 255 248 246 227 211 96 59 103 116 120 167 174 72 36 59 95 168 208 192 255 247 255 213 204 221 251 232 109 209 48 101 63 44 101 34 57 23 27 21 32 34 20 23 24 20 18 17 14 9 19 14 29 44 34 19 14 13 2 13 18 18 27 39 33 17 24 51 83 25
31 27 18 10 15 31 42 44 36 51 50 33 31 42 38 20 9 25 34 27 22 28 33 32 26 30 23 22 21 22 97 216 250 213 128 7 44 90 89 99 120 121 135 62 45 44 64 128 193 183 243 250 227 253 249 226 253 255 135 234 117 72 41 78 110 19 36 15 41 38 35 23 29 31 34 32 19 8 16 34 35 17 21 35 27 12 12 15 7 21 26 21 23 32 29 15 28 57 91 28
31 19 20 33 31 15 14 29 4 19 32 35 38 43 41 34 23 25 23 31 26 29 53 51 38 22 44 53 69 57 43 121 255 190 41 117 83 16 33 146 132 56 100 159 114 98 94 161 254 219 255 251 210 180 255 245 249 245 134 252 222 118 33 80 81 21 7 37 43 31 27 23 22 32 36 26 16 20 30 37 51 24 21 34 24 8 14 29 19 26 27 21 19 25 30 32 26 35 36 26
18 11 19 42 52 41 28 24 4 30 49 42 24 19 28 37 36 31 18 23 21 27 50 45 4 28 71 58 34 2 0 66 120 105 0 20 68 118 244 241 55 25 255 254 203 114 75 159 255 255 248 237 255 226 245 255 224 255 242 228 251 88 48 76 52 11 10 41 47 35 24 12 0 14 24 18 17 29 44 50 51 39 39 35 13 3 16 30 25 33 29 18 21 33 25 6 2 11 17 16
17 13 21 45 67 68 51 34 17 42 63 56 33 20 24 35 39 31 16 19 18 25 49 43 26 18 29 31 50 40 0 9 45 70 18 37 51 46 255 160 28 224 206 238 50 250 150 63 154 245 255 233 252 255 255 250 240 247 229 230 244 139 68 48 44 24 27 46 50 43 33 18 31 48 49 29 15 20 25 22 15 35 63 62 33 15 16 16 13 33 37 24 27 45 46 30 21 23 29 35
31 27 24 28 40 48 42 30 32 40 54 65 66 58 48 42 37 39 32 34 23 19 38 34 28 12 15 23 47 50 27 41 112 95 59 112 115 66 62 115 128 119 240 254 90 175 181 255 255 249 233 206 145 143 208 240 177 126 131 210 127 90 35 34 35 30 27 25 28 37 39 32 46 62 59 32 14 18 21 15 19 35 58 55 24 7 14 22 26 54 66 46 24 25 40 49 48 34 26 30
38 37 27 10 1 4 10 12 16 8 12 32 51 52 41 33 38 53 60 60 34 14 26 21 23 16 24 27 22 13 25 66 85 90 64 254 124 43 50 89 171 37 238 254 243 255 210 238 205 214 248 255 211 206 255 255 121 35 61 128 60 20 13 38 44 51 40 23 26 44 54 55 55 71 70 47 32 38 44 42 50 54 77 87 60 29 23 27 26 48 68 61 33 16 33 60 62 35 10 5
31 37 35 19 3 2 15 26 25 10 5 14 20 16 15 20 31 50 63 69 44 24 32 24 31 21 26 35 23 6 18 47 59 36 43 115 99 53 56 22 250 235 194 180 251 241 244 255 245 255 188 126 175 239 249 197 121 57 31 68 75 57 29 49 62 79 67 40 38 47 49 49 50 63 65 51 38 38 44 47 43 47 80 109 95 60 38 28 22 31 50 63 50 30 34 55 61 36 9 0
26 31 36 33 24 22 32 46 56 42 34 37 30 17 19 32 30 37 40 51 42 32 39 25 8 26 48 52 24 4 23 42 43 26 40 26 23 18 134 53 252 255 238 252 242 252 226 240 255 231 92 0 82 112 96 67 62 59 20 50 49 57 30 46 36 60 52 26 23 23 15 14 6 18 30 32 25 21 26 34 25 18 28 41 41 41 44 40 49 48 51 51 37 17 10 15 33 27 15 4
29 27 28 30 26 20 25 35 40 27 26 37 36 22 20 31 44 34 21 31 31 28 31 8 3 20 36 42 28 22 28 15 17 39 49 60 46 127 74 105 233 74 240 255 229 248 255 31 44 208 245 124 90 32 29 25 12 0 0 21 27 28 36 7 0 30 28 10 15 17 9 11 16 25 38 43 32 17 14 22 11 10 16 18 22 38 46 34 44 47 42 27 10 2 3 7 15 28 34 27
27 17 28 32 13 8 15 10 13 20 15 12 18 20 20 29 32 30 25 17 11 13 23 33 18 15 15 23 30 27 15 3 9 17 51 0 99 190 0 47 255 166 188 134 78 222 248 66 114 141 247 92 24 2 0 23 19 17 23 19 0 0 12 21 24 24 22 21 26 32 34 32 44 49 52 43 27 17 24 37 20 16 16 26 41 46 34 18 25 26 12 25 13 28 22 31 44 39 36 36
36 28 32 37 32 27 24 17 19 24 21 24 45 53 45 39 15 14 11 8 9 17 29 38 34 27 11 6 28 48 30 0 0 17 8 20 27 45 111 105 83 212 136 227 185 255 170 23 60 33 95 22 25 30 25 38 28 21 24 23 10 10 24 31 53 52 44 16 29 46 62 49 42 45 43 30 15 11 19 28 27 24 22 24 28 28 21 14 35 33 26 46 34 40 42 64 61 55 45 35
49 40 28 28 38 34 24 23 39 44 31 17 23 23 6 0 13 13 13 14 17 21 25 28 20 22 16 10 18 32 29 14 27 24 32 28 0 68 252 231 95 20 65 0 90 108 63 31 30 21 45 6 29 70 73 54 18 11 18 27 28 39 57 64 56 56 45 13 32 55 69 47 17 26 29 22 18 24 30 31 40 44 49 49 43 34 27 23 25 33 51 82 69 52 41 57 59 49 33 21
51 42 16 8 25 22 13 21 41 54 43 19 13 15 10 7 34 33 32 31 28 22 15 10 5 7 17 25 16 6 19 43 11 0 23 13 14 110 238 255 126 29 74 106 95 118 66 38 12 32 35 15 17 51 61 29 11 4 11 17 13 18 31 36 42 36 22 23 29 43 32 18 0 12 24 28 33 42 41 32 23 35 50 58 50 33 18 12 19 21 27 38 34 31 38 54 57 42 31 34
36 31 9 1 16 14 8 20 36 49 43 30 33 40 38 37 49 45 38 32 26 20 14 11 26 25 29 30 19 12 28 53 49 31 7 48 6 0 72 98 59 64 79 77 66 35 36 0 12 10 0 21 21 21 29 13 3 2 14 21 14 16 29 35 41 27 4 36 19 23 0 6 2 14 24 29 34 38 32 21 17 26 42 55 51 33 16 9 15 22 26 22 34 49 61 59 45 27 29 53
19 15 8 10 20 21 19 26 32 32 24 29 50 54 37 24 42 36 26 18 15 17 22 26 43 67 67 32 8 21 46 59 52 21 0 49 0 3 70 78 71 42 71 13 12 23 0 22 35 41 31 41 32 27 43 29 4 6 22 34 30 36 52 60 36 35 22 47 18 19 5 28 10 12 15 20 23 23 21 18 33 32 39 48 47 36 28 29 29 42 54 44 63 72 70 44 29 19 29 56
21 8 6 14 20 29 37 37 22 15 10 29 59 61 43 33 28 27 24 19 15 16 22 27 34 66 69 29 5 23 47 52 42 8 20 14 0 40 61 64 85 32 22 0 13 11 41 37 33 61 70 50 28 24 47 32 20 13 18 21 12 12 22 24 32 75 103 78 47 35 39 37 11 6 9 19 22 17 17 23 26 21 22 28 27 21 25 36 55 47 39 12 28 33 44 30 26 32 41 49
34 7 1 8 11 29 48 44 27 18 11 24 41 33 21 24 21 28 34 32 25 17 14 14 26 29 24 16 22 35 36 25 0 4 21 13 27 0 0 16 14 38 11 5 12 35 40 23 24 23 45 50 42 14 31 35 22 9 6 7 2 5 12 12 41 128 195 120 86 51 57 17 15 9 15 31 30 15 10 18 16 13 17 24 22 18 28 44 48 34 31 11 25 15 23 14 11 30 35 20
21 11 21 25 9 16 39 45 25 29 40 2 26 26 9 10 17 31 36 27 19 20 18 12 7 12 14 11 6 10 23 35 15 14 7 2 15 42 64 71 50 22 6 16 25 18 12 13 0 14 53 67 39 13 15 25 19 9 22 28 6 2 23 33 39 104 162 80 56 46 56 32 18 16 19 23 17 7 8 16 11 10 14 20 22 23 36 52 46 31 11 30 27 35 16 16 14 33 29 56
4 5 27 41 29 26 32 28 18 24 38 10 33 31 8 1 13 27 35 30 25 26 22 15 14 16 14 9 5 11 24 36 51 52 43 26 17 20 22 19 8 29 44 34 12 2 12 26 35 43 65 71 44 20 19 24 25 13 26 35 17 14 29 33 7 23 49 5 18 37 58 53 21 16 17 21 16 7 5 11 43 27 16 16 17 23 42 64 61 42 24 28 20 20 27 48 47 55 43 71
3 8 32 50 43 33 27 17 14 20 31 11 28 27 9 0 29 36 36 27 21 20 17 10 18 18 16 12 9 11 18 25 25 41 50 44 36 34 33 30 17 50 65 45 25 28 32 28 28 25 36 41 26 15 19 22 25 13 24 33 17 14 24 22 40 17 14 0 14 28 32 40 41 32 28 30 26 15 10 12 22 16 25 48 54 36 18 15 52 43 44 33 16 0 4 27 60 55 35 64
17 15 23 32 32 27 23 20 22 26 25 9 12 17 16 14 39 39 31 19 12 14 15 13 17 18 20 18 15 13 12 13 15 39 58 56 45 39 36 32 28 43 42 25 20 28 24 7 14 9 18 25 20 22 33 38 22 12 23 28 10 8 20 17 32 11 11 12 14 21 23 46 58 46 38 38 35 23 15 14 27 9 10 36 53 40 17 6 19 27 48 32 27 7 29 44 60 48 26 59
26 17 6 8 17 22 24 30 36 40 32 22 9 17 30 32 20 23 24 20 18 21 24 25 18 19 21 21 19 19 20 21 38 58 70 61 44 35 30 25 17 31 38 27 13 8 10 11 18 15 23 26 16 17 28 32 18 13 26 28 8 11 32 36 9 1 9 9 10 25 34 60 49 36 28 30 29 20 12 11 33 9 0 22 49 53 40 28 22 28 34 3 9 15 45 50 37 29 12 49
34 24 6 8 28 35 36 44 49 55 42 43 19 25 41 39 6 19 35 41 38 30 24 21 22 23 23 21 20 24 32 39 49 62 66 56 46 46 48 47 21 29 41 43 32 19 17 23 20 19 26 25 11 9 16 16 9 7 23 26 9 20 48 56 13 10 28 20 29 34 30 32 30 19 14 19 22 17 13 15 8 3 9 33 59 64 47 27 36 33 22 0 4 16 26 15 11 15 7 44
45 37 17 20 46 52 45 52 58 58 37 47 18 27 43 32 16 35 58 66 54 34 19 12 22 26 30 28 23 23 30 37 48 51 47 35 33 43 51 51 25 23 23 28 31 27 18 12 24 23 30 30 21 22 26 22 6 3 18 23 13 29 57 62 6 2 30 16 35 25 22 15 22 13 11 17 21 17 17 22 10 17 18 18 28 41 41 31 30 22 13 30 42 51 32 16 8 25 24 57
53 44 22 23 50 53 42 47 63 55 22 35 8 21 38 24 28 47 70 77 61 37 22 18 17 28 38 38 28 19 17 19 16 16 10 4 13 34 50 53 32 32 27 20 19 23 22 17 17 14 20 22 18 22 25 16 12 7 20 26 20 37 61 61 34 18 41 7 22 4 19 26 22 14 12 18 20 15 16 22 10 30 35 20 13 21 25 17 38 17 3 42 50 48 13 2 0 22 25 53
64 49 10 7 47 50 28 31 43 49 16 0 30 42 22 15 25 43 56 52 42 35 30 24 30 24 27 35 30 15 12 21 15 7 2 7 17 28 37 42 18 30 29 13 10 23 28 20 11 10 0 27 17 25 34 33 29 36 33 8 21 51 45 44 43 25 42 12 20 19 16 23 25 17 19 19 11 12 20 20 7 44 70 12 22 29 13 4 16 25 27 26 36 47 35 13 3 3 28 51
51 44 15 10 35 31 12 18 37 44 19 6 36 45 23 13 28 24 18 15 20 30 37 39 24 18 18 24 23 16 16 22 29 22 16 16 20 23 24 24 11 25 28 14 9 20 28 25 21 18 8 38 24 24 34 40 33 44 48 27 29 42 32 37 42 42 50 27 18 15 16 21 18 14 21 23 13 10 14 13 15 43 66 20 30 36 25 22 36 43 39 29 33 51 61 57 49 33 33 55
34 37 22 16 28 18 6 18 16 24 8 4 34 44 23 11 28 24 29 48 63 57 34 13 28 22 16 15 17 21 22 22 22 20 18 20 22 23 20 16 33 43 41 20 4 5 10 10 20 14 4 33 10 1 11 25 15 23 31 17 16 20 13 29 54 67 56 48 19 6 9 12 26 19 24 26 14 10 15 15 16 36 56 30 36 36 33 37 23 34 32 17 13 28 47 54 51 26 9 44
22 29 25 23 28 21 18 32 26 28 14 11 37 48 33 21 56 38 29 44 63 61 42 25 42 34 22 13 17 25 26 20 9 13 19 23 27 28 22 15 25 30 25 10 2 6 15 20 22 14 5 37 13 1 17 39 35 26 24 15 20 23 18 41 52 61 36 57 29 10 14 19 37 22 20 23 17 18 28 32 8 24 43 39 33 24 26 37 20 35 42 31 20 22 29 31 28 11 1 56
17 20 20 22 27 26 30 41 39 31 13 8 24 37 30 19 48 27 11 18 38 52 53 49 45 36 21 12 15 23 23 17 18 27 34 36 37 35 25 14 22 16 7 0 0 6 15 21 16 9 2 39 22 17 37 60 63 40 28 21 30 29 15 32 28 25 1 44 38 26 32 42 38 20 16 23 21 22 31 35 5 19 35 47 27 11 16 29 29 39 42 32 23 22 21 18 13 8 11 69
14 11 13 18 19 21 29 36 33 19 4 4 20 39 43 35 37 34 33 41 56 69 66 57 34 24 13 10 14 18 17 15 27 39 48 48 47 44 33 20 33 21 8 3 4 8 14 20 24 18 10 46 32 29 41 54 47 28 22 21 32 28 7 16 27 17 4 29 33 29 33 41 41 27 28 33 21 10 11 13 24 29 30 51 23 8 19 27 28 25 17 7 6 13 19 20 21 17 20 58
12 8 14 19 15 17 25 29 31 17 12 20 38 61 71 63 64 64 53 41 49 68 74 66 27 16 10 15 19 15 14 17 22 35 44 42 40 38 28 15 16 9 6 11 16 20 29 39 42 38 29 63 51 47 46 42 18 16 26 28 36 33 17 31 58 56 57 27 18 19 18 17 36 30 39 43 21 3 11 22 58 47 25 48 20 17 32 33 26 22 15 11 16 28 37 40 41 32 30 40
11 8 18 25 17 17 27 30 24 10 8 19 34 54 62 51 50 55 45 27 31 50 52 38 29 17 14 24 26 16 13 20 17 30 36 30 24 19 7 0 17 13 14 17 13 8 13 24 24 25 20 56 49 48 40 26 0 6 24 21 22 20 14 36 82 93 107 31 9 14 11 2 18 20 38 45 23 13 38 65 84 60 20 42 18 25 44 40 14 18 22 27 35 42 45 44 36 23 19 13
20 18 18 47 21 27 25 15 17 16 12 11 22 36 40 35 21 30 31 20 12 16 25 31 12 22 27 23 21 23 20 13 15 11 15 22 20 7 0 0 21 37 31 21 23 11 0 5 9 6 10 24 37 39 36 35 20 18 18 12 22 29 22 34 73 79 67 39 23 22 15 1 9 17 23 23 27 34 36 33 58 41 27 28 39 44 41 35 14 26 36 40 46 50 42 30 17 21 21 14
24 19 21 48 29 34 34 31 28 19 16 23 28 26 24 26 23 29 32 30 31 38 42 42 38 48 50 39 29 24 18 10 0 2 13 26 27 16 7 5 32 53 61 64 68 48 21 17 11 11 11 6 4 18 42 59 38 43 33 27 26 17 12 14 20 29 34 29 25 25 22 15 6 11 12 11 14 19 18 12 19 17 22 35 46 45 31 18 7 21 38 45 40 29 22 20 14 21 24 21
10 3 11 36 31 43 48 57 57 43 40 52 52 38 32 39 29 30 28 28 32 35 30 23 0 13 21 21 22 27 28 23 21 23 28 29 22 9 0 0 33 52 70 90 101 78 35 12 17 13 9 0 0 6 16 11 22 42 27 35 37 21 30 25 6 21 34 36 30 23 17 14 14 16 16 14 15 16 14 9 11 10 12 19 27 32 28 23 10 24 40 42 26 9 10 20 12 21 27 26
27 18 26 34 31 38 40 55 56 45 41 45 43 33 31 38 30 25 18 14 14 13 8 3 2 10 14 16 23 31 28 19 14 17 19 16 14 18 25 30 34 33 36 50 64 55 32 17 24 27 36 30 16 22 22 0 29 55 30 39 35 8 24 13 0 21 39 34 23 22 23 21 25 29 32 29 24 21 21 22 27 22 13 6 8 18 28 31 23 35 41 29 13 9 20 32 15 23 27 25
17 14 28 15 16 23 24 44 44 42 34 24 20 22 26 28 23 18 11 5 2 3 8 13 21 20 16 16 27 36 29 13 6 13 15 8 8 21 36 44 37 26 18 10 2 10 34 54 68 79 94 69 19 13 27 18 27 51 24 32 28 3 22 13 26 57 68 43 23 28 33 28 27 34 39 34 22 13 16 23 27 28 23 14 12 19 25 25 31 41 37 19 14 27 37 35 24 29 29 24
22 30 50 12 12 18 15 36 39 41 34 18 11 16 22 22 20 16 12 8 3 3 13 24 21 17 11 12 26 40 34 19 19 32 33 18 6 9 13 12 25 31 43 33 1 0 42 80 73 68 78 57 6 0 10 0 3 23 8 20 28 21 39 40 59 78 76 45 24 29 33 26 28 33 38 32 16 3 4 13 23 25 20 11 12 24 33 34 30 33 29 23 31 44 41 27 30 34 33 26
74 91 110 39 25 21 6 20 20 20 18 13 4 0 3 8 19 17 18 19 15 12 17 26 45 41 31 23 27 35 30 18 14 34 41 26 13 16 18 13 15 20 44 46 15 9 41 66 34 10 21 27 7 14 26 2 13 21 17 19 29 30 32 38 35 33 28 23 24 28 33 34 31 30 30 28 16 4 2 7 20 20 11 1 7 29 47 52 36 22 18 33 48 47 34 23 26 31 33 29
57 84 110 31 20 21 6 21 12 7 13 21 14 0 0 10 13 13 20 30 33 30 30 35 36 36 29 19 19 26 27 22 21 43 49 30 16 20 23 18 22 0 2 8 0 5 32 44 55 25 33 36 8 18 45 35 16 18 23 21 33 40 31 41 51 26 15 29 40 33 29 34 30 24 21 23 19 9 4 5 10 13 10 5 15 37 52 54 48 17 10 39 57 42 27 27 18 26 31 29
21 28 28 19 11 12 19 23 25 15 8 12 18 17 12 9 12 9 14 28 39 37 29 24 19 20 29 37 29 13 10 19 28 25 19 13 13 16 19 20 22 18 0 9 0 7 22 37 60 86 82 25 0 46 76 47 16 17 14 13 23 36 38 33 53 57 22 49 45 38 34 40 32 30 24 23 32 39 32 20 8 16 21 17 14 21 35 45 47 32 25 34 45 42 31 23 50 30 10 4
16 14 18 26 26 18 14 17 16 11 9 13 15 17 21 27 25 18 14 19 25 25 25 25 14 18 27 32 26 13 6 6 14 13 9 2 0 2 10 16 15 34 37 67 43 18 1 0 45 47 38 18 21 54 69 53 4 9 20 26 17 6 10 25 28 31 3 36 47 50 46 49 33 29 25 30 43 50 40 23 6 13 21 23 19 18 26 36 48 41 32 26 25 30 39 46 50 32 21 29
23 11 12 30 35 22 13 15 12 12 15 17 17 19 31 45 42 30 17 12 11 14 21 28 34 32 25 16 13 17 21 21 18 19 18 13 6 6 15 23 38 50 44 66 41 23 21 31 32 33 17 2 12 28 31 29 25 22 34 48 34 8 12 38 43 37 8 27 37 34 19 12 31 24 19 24 37 41 26 8 0 6 18 27 22 13 15 24 20 23 20 12 13 23 28 25 24 16 20 38
32 19 13 18 22 17 13 14 15 16 20 22 22 24 36 48 48 35 21 12 9 11 20 30 41 39 24 7 9 27 36 34 18 19 22 23 19 13 13 16 12 20 16 47 32 15 8 13 23 53 42 7 1 10 14 22 37 21 19 31 31 18 17 30 31 25 6 14 28 28 15 9 25 17 10 11 20 23 14 4 1 3 15 27 23 10 8 16 18 20 15 12 29 47 37 13 3 15 32 44
22 24 18 8 7 14 16 12 16 14 16 22 25 27 32 39 38 29 19 15 13 13 19 26 19 26 22 14 19 33 34 22 21 22 30 42 45 36 25 20 13 15 9 50 46 28 8 1 20 56 57 31 22 19 23 38 29 21 15 15 21 24 20 14 10 10 7 4 23 29 24 25 29 21 13 11 14 19 22 25 15 13 18 25 23 13 9 12 27 29 21 15 32 54 48 25 16 42 61 59
8 22 25 14 13 25 28 20 15 10 10 16 22 23 24 26 22 15 11 14 16 17 19 23 17 22 19 12 17 30 31 23 23 23 33 53 61 52 37 30 32 25 11 55 60 56 50 53 30 31 31 34 33 16 7 15 18 31 33 21 17 25 22 9 8 11 22 5 22 27 23 27 43 34 24 18 14 14 21 29 29 25 21 22 24 24 18 12 12 36 51 44 39 43 41 30 29 47 57 48
5 15 21 20 22 31 34 32 23 16 12 14 15 14 14 17 13 6 3 10 18 21 23 24 28 27 20 12 13 22 27 26 10 8 16 33 39 30 21 19 3 9 12 61 60 47 40 47 40 15 5 15 24 27 21 9 11 26 28 13 7 14 15 5 1 6 29 8 31 38 32 34 39 30 21 18 15 11 12 17 26 23 15 13 24 36 31 15 15 54 86 81 58 42 38 37 37 28 20 20
8 5 7 14 20 23 29 36 35 27 20 15 10 6 7 12 13 4 0 8 19 25 28 29 21 24 25 24 21 18 14 10 14 10 15 26 26 16 13 18 19 26 24 57 36 12 9 25 38 19 7 6 25 70 86 59 28 28 20 8 10 21 23 16 16 19 44 16 37 37 21 16 18 10 7 14 19 18 16 17 12 12 5 4 23 46 41 20 26 57 80 70 43 26 27 35 53 17 0 9
22 19 17 20 24 28 27 26 27 20 17 20 17 10 11 19 19 12 8 17 35 43 30 11 17 21 26 27 24 19 15 12 12 16 25 31 30 24 25 30 32 39 30 32 21 5 13 11 17 16 16 25 45 67 77 77 38 25 15 19 26 26 21 16 28 32 27 25 30 24 14 14 20 19 14 17 39 61 58 40 25 9 6 13 15 23 31 28 29 50 54 28 2 3 25 43 50 43 33 23
39 35 31 30 30 28 23 18 9 7 11 17 14 8 10 20 23 21 18 23 36 46 44 35 15 14 16 24 31 31 24 17 13 15 21 28 29 26 26 30 46 52 31 17 13 23 44 40 24 20 15 15 24 35 37 32 16 11 10 16 21 23 26 29 19 22 18 20 31 30 23 23 47 44 36 37 60 87 90 76 40 24 20 21 17 19 26 24 44 43 31 15 11 21 27 24 25 22 18 14
30 29 28 29 31 29 23 18 19 22 29 33 22 7 6 15 22 22 20 18 23 34 41 43 41 35 35 46 62 67 56 44 14 12 15 22 27 28 28 31 34 47 53 71 69 43 25 2 22 18 12 10 17 24 22 15 13 14 18 19 15 12 19 28 15 15 9 13 31 35 28 28 45 39 26 24 46 75 83 73 44 33 34 35 29 32 44 47 51 37 16 6 16 29 26 13 15 16 17 18
15 15 19 25 30 30 25 20 35 43 53 53 34 11 5 13 22 21 15 8 8 17 26 29 20 13 11 22 38 43 31 17 15 10 9 17 26 29 30 32 23 14 30 92 102 51 27 23 16 14 11 12 22 31 30 23 21 24 27 24 15 8 13 23 21 17 6 9 28 33 25 22 27 19 4 0 15 43 51 42 40 34 40 44 38 43 60 68 43 37 23 11 11 19 23 21 25 26 27 27
