36 25 33 56 16 21 25 25 25 31 38 34 18 8 18 36 20 13 3 11 19 15 10 23 27 13 7 17 20 10 3 5 0 9 22 29 6 35 50 46 35 32 30 29 28 23 14 8 0 1 4 8 12 14 16 17 14 13 12 11 11 18 36 53 45 44 20 0 8 36 59 76 59 34 11 20 4 30 33 26 17 13 17 18 11 15 20 15 16 55 78 71 54 36 26 29 19 16 12 8
19 9 20 46 17 23 24 20 21 28 37 36 23 11 14 24 15 20 13 10 13 11 15 35 27 19 15 18 12 2 2 12 30 35 40 49 28 49 43 22 15 15 16 18 21 22 21 20 7 8 8 9 10 11 11 12 16 12 9 9 11 16 28 40 59 51 32 25 39 50 47 42 31 28 27 35 26 30 23 15 10 10 22 31 32 35 29 12 25 41 45 44 53 55 46 41 18 17 15 14
9 1 13 37 18 20 17 9 16 22 30 33 26 16 12 13 24 36 27 10 18 14 16 28 26 17 14 19 21 15 12 13 15 40 62 68 29 38 40 33 3 5 7 10 13 18 23 27 12 11 10 9 8 9 10 11 15 8 4 9 16 21 26 31 33 38 45 48 41 26 15 14 22 26 29 23 31 22 21 22 26 20 22 23 24 34 35 21 16 22 14 11 25 33 24 17 16 17 18 19
15 9 20 32 20 16 13 6 16 17 20 25 26 23 18 16 37 50 36 8 30 24 17 17 23 9 4 19 40 45 30 13 18 17 22 42 30 51 40 15 6 9 12 12 10 11 16 20 10 9 7 7 8 11 14 16 15 8 6 16 29 35 37 38 17 23 43 54 35 13 10 17 28 27 23 9 39 24 20 19 32 27 26 19 10 16 24 18 14 33 35 24 20 17 14 17 18 19 20 21
24 21 28 29 26 20 24 22 23 19 14 16 24 31 32 29 47 65 49 6 30 18 16 22 20 10 4 16 40 52 40 22 7 26 43 44 0 7 19 24 8 12 15 14 11 9 10 12 8 7 6 6 8 12 15 17 16 10 10 21 34 40 41 42 41 23 30 47 41 33 35 34 31 30 31 27 62 39 15 0 6 15 35 41 22 8 8 6 5 34 43 30 19 15 20 32 27 25 22 20
28 24 28 23 36 33 42 43 32 25 15 13 23 36 39 35 58 81 66 7 24 0 2 23 22 23 20 18 24 35 38 33 40 36 34 41 13 23 18 3 5 7 10 11 11 11 11 12 10 9 8 7 8 9 10 11 10 5 5 12 19 22 25 29 38 18 27 37 23 21 35 37 40 42 46 47 60 42 20 4 3 5 29 48 32 13 14 22 1 19 18 5 1 3 8 17 34 30 24 19
37 27 24 14 43 42 48 43 34 27 16 11 20 30 30 23 47 68 58 8 40 2 0 15 28 37 37 27 25 31 32 26 18 40 63 69 19 16 21 25 10 9 7 8 10 12 12 12 10 9 9 8 7 7 6 6 6 4 4 7 7 7 14 22 19 11 31 37 9 4 20 19 37 49 58 57 30 28 37 49 39 11 12 34 32 19 28 46 23 32 22 6 5 6 4 7 27 24 21 17
48 32 21 9 45 43 42 30 31 25 16 10 15 22 17 6 16 32 30 6 70 34 12 13 35 43 43 38 41 44 30 10 12 32 59 76 36 32 24 17 22 17 10 8 9 11 11 10 7 7 8 8 8 7 6 5 12 12 14 13 9 9 19 32 31 16 33 47 30 28 26 0 13 42 68 70 12 18 48 80 69 18 3 29 37 25 31 47 29 42 37 21 15 12 7 8 15 15 15 16
44 49 17 1 31 43 32 36 32 32 24 29 51 58 45 36 27 31 36 28 95 44 17 20 31 39 34 22 15 17 40 74 64 45 26 23 31 34 28 20 24 22 14 6 8 15 15 10 11 8 6 7 12 15 15 14 9 11 15 18 17 16 22 31 28 19 19 45 31 30 13 8 18 30 56 67 50 31 20 10 7 4 47 98 48 28 32 46 25 36 48 24 60 16 9 12 26 10 17 35
32 51 36 21 36 38 29 38 37 36 30 40 68 74 52 34 31 28 38 40 79 40 20 17 20 19 13 18 34 36 33 40 30 21 23 37 39 26 16 17 24 23 16 8 8 14 15 11 10 7 5 6 10 12 13 12 14 13 13 14 11 9 16 25 15 14 16 33 11 16 22 37 43 47 54 43 19 10 14 11 12 16 45 74 77 46 28 25 9 24 42 23 56 21 23 34 34 20 30 50
46 51 29 18 40 48 39 41 28 30 25 31 52 55 38 25 16 20 52 70 52 26 20 15 20 18 14 28 49 46 28 21 9 7 23 45 42 17 6 14 26 25 20 12 10 12 13 11 9 7 6 6 8 10 10 9 11 10 10 12 13 15 23 34 28 29 31 42 16 23 33 52 51 46 36 16 3 14 24 14 24 41 50 37 70 41 26 26 0 16 37 24 52 27 38 55 68 41 30 33
48 51 38 31 45 46 32 27 20 27 20 14 20 23 22 26 10 26 79 103 30 9 17 15 26 34 36 38 41 28 16 20 18 17 25 36 32 17 7 8 22 22 20 16 13 12 11 10 10 9 8 8 9 9 9 8 9 7 8 12 14 16 23 31 38 40 45 65 45 49 42 44 36 29 20 11 22 50 50 21 36 73 80 42 36 17 17 28 19 29 45 38 60 44 56 70 65 33 13 8
14 44 67 66 50 26 11 9 25 29 18 10 19 25 26 32 41 51 94 118 34 26 40 40 32 45 48 43 33 14 7 19 31 32 26 20 23 26 15 0 12 11 12 13 14 12 11 11 12 13 13 12 11 10 9 9 11 9 9 11 10 6 6 10 20 32 47 71 52 51 38 33 25 29 30 27 37 63 59 25 34 81 98 74 18 10 10 15 5 5 12 13 31 25 31 35 26 7 3 11
0 23 49 57 44 28 19 17 22 21 10 11 31 39 29 23 17 11 28 48 0 14 31 33 48 53 50 48 46 31 19 22 30 35 27 13 18 31 18 0 13 7 3 7 11 12 12 13 14 16 17 15 12 10 9 10 9 7 9 13 12 8 6 8 12 32 50 64 31 26 19 23 24 36 44 31 22 35 38 18 23 54 62 57 11 20 18 21 24 16 19 29 45 48 48 44 31 14 11 17
15 12 18 27 28 32 33 28 12 18 14 15 28 32 23 19 26 23 23 28 12 24 41 54 56 50 38 37 44 37 25 26 28 33 29 16 15 21 17 3 39 22 8 6 10 11 12 14 15 17 19 17 13 9 9 9 9 6 7 13 16 15 16 19 22 36 46 52 18 15 10 12 27 32 35 22 11 22 28 15 18 34 24 18 25 23 13 25 17 7 12 30 41 49 47 39 48 31 22 18
20 19 29 30 17 13 20 21 12 31 35 26 21 17 20 32 35 46 43 29 14 7 18 42 44 35 17 10 16 14 12 21 32 35 32 21 10 8 14 20 68 43 18 9 10 10 10 12 15 18 19 17 12 8 7 8 15 10 7 10 11 10 11 14 25 28 29 41 20 26 15 7 32 22 18 16 23 40 42 24 22 43 30 13 58 20 0 3 6 0 4 25 32 41 39 31 27 19 23 28
25 30 29 18 8 6 9 11 10 13 14 17 24 28 20 7 4 0 5 26 18 7 26 53 41 20 0 4 20 21 20 32 38 35 33 23 16 30 41 32 75 41 18 12 7 9 15 13 15 17 18 16 11 8 9 11 11 11 10 8 6 7 10 12 12 17 21 21 20 19 18 16 28 21 18 14 11 20 23 10 15 21 11 10 25 17 5 15 16 10 7 2 39 22 16 17 26 30 27 17
28 18 17 30 41 40 35 33 31 26 17 10 13 22 24 20 0 2 15 33 37 30 40 62 69 28 4 18 38 44 48 56 40 32 27 23 27 47 57 46 60 27 8 8 9 12 14 8 13 13 14 12 10 9 9 10 7 7 8 8 8 7 6 5 4 9 12 10 11 16 21 24 21 26 33 29 14 12 22 27 26 28 19 15 22 16 20 45 54 35 16 2 33 20 15 13 33 37 35 27
26 13 17 41 55 47 39 41 46 37 21 6 3 8 14 15 16 20 15 23 40 42 52 82 78 35 24 41 40 36 37 33 32 18 10 11 24 49 59 46 46 17 5 13 18 21 20 11 10 8 8 8 10 10 9 8 9 9 11 14 16 14 8 2 0 5 6 6 12 25 36 40 33 29 34 42 38 26 18 18 17 24 31 41 40 20 19 44 59 40 22 14 39 31 21 12 26 27 24 17
19 23 33 40 32 18 16 23 34 30 23 15 11 11 12 13 25 23 9 19 45 38 40 79 80 52 52 50 22 19 34 27 26 10 1 2 14 36 45 33 29 10 7 19 21 21 20 12 9 6 4 6 10 12 11 8 12 10 10 14 19 17 10 2 5 8 9 15 32 53 60 57 28 13 5 16 25 17 15 27 36 32 41 57 50 20 6 18 34 29 29 34 48 40 23 7 15 16 15 13
20 36 42 29 12 8 9 10 16 17 20 24 27 27 27 28 12 10 8 36 62 36 20 54 83 62 54 34 10 36 74 72 38 23 16 14 17 30 37 29 11 0 6 16 11 7 8 6 10 7 5 7 11 13 12 9 10 6 5 8 12 13 8 3 12 12 14 26 53 76 75 60 44 37 24 22 27 27 55 104 78 47 31 37 31 12 5 10 25 29 35 42 36 32 20 10 15 17 21 27
27 36 32 16 14 26 26 16 20 17 17 23 27 27 27 28 13 6 7 36 57 35 25 51 56 39 28 16 15 48 75 68 47 35 31 30 25 31 36 29 6 0 8 16 5 0 2 5 11 10 9 9 11 11 11 9 11 8 7 9 12 14 13 11 13 14 14 24 52 74 67 46 28 28 16 17 28 22 32 71 67 28 8 15 15 13 15 14 25 29 31 33 11 22 28 31 15 14 17 25
27 23 14 8 15 27 29 22 27 20 16 22 26 23 19 19 23 16 16 27 37 38 44 55 26 16 11 16 23 27 31 32 40 29 29 33 30 33 35 27 15 6 12 18 8 1 6 9 11 12 12 11 9 7 8 8 12 12 14 15 17 19 19 19 12 13 9 10 29 49 44 25 22 32 26 34 52 34 12 24 37 10 7 15 12 15 21 13 13 20 23 29 0 18 31 36 22 16 13 17
20 12 5 4 5 7 13 20 23 16 16 27 36 33 27 24 18 22 31 33 34 47 52 41 28 20 17 26 24 5 8 36 30 19 21 30 33 37 37 26 21 8 10 16 9 5 9 10 11 13 14 11 7 4 5 7 6 10 14 17 18 18 19 20 12 13 5 0 7 25 25 12 4 32 35 33 39 18 5 30 47 28 26 24 7 8 19 12 2 13 24 36 2 17 19 15 39 30 26 29
21 13 17 24 27 35 41 34 29 29 24 29 44 39 23 19 33 33 30 35 46 39 30 33 29 35 25 23 33 22 7 15 20 19 13 18 33 33 26 30 16 15 15 14 9 4 7 15 15 13 12 12 13 14 12 11 12 13 1 7 33 30 8 6 7 0 5 13 0 3 19 20 13 31 31 14 3 3 21 49 46 43 37 32 32 31 21 9 2 12 33 60 24 21 12 11 22 42 60 65
32 22 33 55 58 49 39 28 17 12 4 17 43 47 29 19 33 44 37 26 32 34 19 7 19 37 30 18 32 41 31 25 24 30 27 26 37 36 26 23 10 11 15 19 15 9 8 12 13 14 15 15 15 15 16 16 5 8 0 6 31 31 15 14 4 0 7 11 8 24 37 26 11 13 3 0 11 20 27 39 43 35 27 28 39 45 35 20 20 28 44 64 29 22 10 5 24 39 54 60
37 16 20 42 46 36 26 17 15 19 18 27 44 40 19 7 29 49 39 15 20 32 15 0 2 27 26 13 26 46 43 31 25 33 30 30 38 34 18 10 9 8 11 15 14 10 10 14 10 13 15 14 11 9 10 12 7 10 4 6 21 22 11 10 7 8 10 6 9 32 38 18 16 15 9 15 33 33 21 17 31 42 48 40 29 24 25 27 34 32 32 39 18 23 29 35 53 49 39 27
34 17 15 25 32 37 31 16 13 36 50 50 45 26 7 3 19 39 31 11 20 34 21 0 0 13 21 24 28 31 33 36 30 25 21 31 42 29 10 9 16 10 6 7 8 9 13 19 14 18 20 16 9 4 4 6 10 13 12 12 18 21 18 15 12 14 11 3 4 16 18 6 10 22 31 41 48 32 9 2 21 47 65 53 25 8 11 20 27 22 16 16 13 26 39 50 53 43 27 10
12 17 23 22 29 47 40 9 5 32 47 43 35 22 11 13 14 22 17 11 23 31 27 24 20 9 24 49 40 14 17 40 35 16 9 32 48 26 9 19 22 15 11 13 16 16 17 19 18 23 26 22 15 9 9 11 8 11 16 19 22 31 36 31 8 10 8 6 6 4 9 19 8 14 19 29 37 26 10 11 23 39 52 52 41 29 19 12 16 18 20 20 28 26 24 21 14 19 24 27
15 31 37 23 24 52 53 20 11 24 23 15 18 20 15 15 17 18 11 12 21 23 28 41 37 12 26 58 42 7 8 31 26 8 3 27 40 18 5 22 22 19 21 30 35 30 21 16 13 17 21 20 17 14 13 14 8 9 17 18 15 26 32 21 0 6 7 9 12 9 20 46 33 16 0 3 25 28 22 26 24 38 50 50 42 33 24 17 19 21 21 14 35 29 22 15 9 13 21 26
41 58 65 48 40 59 64 41 19 31 24 11 12 16 14 16 27 28 19 13 17 20 31 51 40 20 27 42 30 16 15 11 8 11 14 22 25 9 2 16 21 19 25 37 45 39 26 18 9 11 14 16 16 15 13 11 13 10 17 15 6 16 20 1 0 17 14 5 11 15 25 49 45 24 3 12 37 41 33 34 26 34 38 32 24 21 20 19 19 19 15 3 38 36 35 30 30 23 18 17
31 53 74 69 53 51 43 21 13 38 43 27 18 16 19 28 34 40 29 14 14 22 37 56 40 30 30 26 20 33 31 0 0 22 32 25 18 9 6 14 22 18 21 33 42 40 30 23 14 14 16 18 19 17 13 10 12 8 17 17 8 20 25 3 9 33 23 0 3 12 18 31 25 20 19 38 60 54 40 40 31 16 0 0 15 28 22 8 7 14 17 10 52 45 37 26 26 20 20 29
26 12 29 40 23 24 27 4 0 5 18 24 17 9 18 35 47 39 27 10 42 30 32 37 26 21 13 32 52 63 54 9 2 28 25 8 9 9 13 30 20 13 6 18 31 29 32 22 29 17 13 3 11 7 24 6 6 14 13 12 18 14 6 7 14 21 13 0 0 18 24 15 15 15 27 32 20 17 26 31 25 28 22 19 24 21 16 20 14 18 10 21 51 50 26 19 12 17 24 26
17 8 25 34 19 25 39 28 20 12 4 5 13 22 30 33 41 30 23 20 53 35 26 25 15 9 9 44 75 86 75 31 16 33 22 2 9 21 26 35 36 18 1 9 3 16 32 39 36 22 22 13 21 14 25 8 12 13 14 13 14 18 15 6 0 8 9 7 24 53 64 57 54 45 37 26 18 25 28 15 22 14 10 13 20 28 32 31 32 34 21 21 38 34 17 15 11 13 16 19
33 31 47 48 26 27 44 41 37 24 12 11 21 30 33 31 44 35 30 27 44 25 13 10 20 11 9 38 56 57 57 33 27 17 5 12 25 20 22 40 29 26 32 58 21 22 11 14 22 4 11 4 13 6 13 0 11 6 13 15 15 32 38 15 6 12 14 18 35 57 63 55 50 60 64 46 27 34 41 30 22 6 8 12 8 20 31 23 30 31 22 19 31 33 30 35 27 22 16 15
26 31 46 40 14 7 20 23 19 18 28 42 40 26 23 32 35 36 28 14 17 18 16 10 27 22 20 38 32 17 27 22 27 25 25 33 42 40 34 34 31 34 49 77 20 23 6 18 23 1 15 10 21 17 21 17 12 3 17 26 27 55 66 34 21 22 21 21 25 28 24 17 6 23 44 43 27 23 23 13 15 6 22 26 3 6 22 11 14 14 11 15 26 34 39 44 49 42 33 27
17 24 34 29 12 11 27 38 6 4 28 61 57 23 13 30 33 38 27 15 26 62 63 38 28 22 23 45 40 24 35 33 6 35 43 23 19 39 34 4 13 24 46 64 10 23 6 32 31 3 23 15 23 19 23 30 21 10 24 36 37 62 71 39 19 20 25 30 29 22 16 15 34 20 25 42 44 35 22 6 8 14 47 51 15 8 24 20 17 12 11 15 18 22 22 18 37 40 42 42
32 35 35 31 30 39 56 71 37 19 27 58 59 26 10 21 32 29 13 14 33 85 76 34 44 24 7 24 31 33 53 50 16 23 34 26 8 9 15 8 19 38 56 46 7 23 5 39 36 4 29 15 15 6 6 23 29 17 23 31 34 46 48 27 22 20 29 46 51 42 37 40 30 8 6 17 12 2 2 4 19 34 64 63 27 14 26 29 32 22 23 23 15 15 14 4 1 13 28 39
25 26 21 22 35 44 51 60 54 35 28 39 42 29 21 25 19 12 0 6 4 43 38 10 52 35 14 18 15 19 42 41 36 32 46 48 27 23 38 42 63 78 76 24 5 26 16 63 55 22 54 35 26 11 5 29 37 25 20 27 35 37 36 33 35 24 29 52 63 52 41 41 25 25 36 37 16 5 15 25 27 37 45 38 22 15 21 30 34 25 29 27 12 14 23 18 0 7 17 26
8 12 11 21 43 49 44 44 29 25 20 17 21 29 37 42 29 24 20 29 0 20 32 37 35 45 48 50 27 10 24 20 5 47 66 30 12 56 73 31 52 87 102 47 45 49 18 51 60 28 65 46 32 12 3 31 47 36 25 33 48 47 46 59 41 21 20 46 62 49 31 26 23 33 50 52 37 28 19 5 16 17 8 2 9 15 22 35 28 20 27 22 1 6 26 27 33 28 23 21
17 12 10 8 52 40 25 12 12 9 23 13 16 13 37 38 36 18 22 32 33 66 84 61 41 31 43 33 62 43 29 41 44 73 54 0 23 46 20 10 0 31 64 116 150 133 28 29 20 1 40 0 25 22 14 35 34 44 15 13 48 53 37 61 32 11 19 44 42 48 7 20 23 34 46 43 20 0 6 25 24 28 22 11 15 32 38 32 15 7 31 60 47 20 23 44 58 39 20 15
19 19 18 20 45 43 29 12 0 3 19 12 20 6 16 20 28 17 25 22 25 37 60 58 13 18 46 30 29 12 29 67 79 110 83 33 37 7 34 112 88 26 66 168 212 183 93 74 41 26 31 3 16 24 15 47 34 9 17 32 5 48 72 43 28 13 34 44 48 57 49 28 12 28 37 30 20 21 31 38 25 26 25 27 36 46 45 36 8 20 56 91 84 42 20 27 44 31 19 18
35 37 33 35 30 44 34 14 11 22 33 29 45 16 7 12 19 7 11 0 22 8 28 40 1 35 81 42 3 0 37 73 87 103 109 63 20 34 115 158 159 107 134 202 190 208 136 93 73 59 86 42 67 34 32 60 59 44 19 25 53 105 102 72 71 100 95 47 58 53 56 21 26 38 36 22 22 41 50 45 16 10 11 23 33 32 24 20 19 36 53 72 74 38 13 26 34 27 24 28
35 40 37 40 18 47 44 23 9 21 28 28 61 32 11 15 37 17 13 3 53 21 25 38 20 49 81 43 15 43 57 40 27 38 74 72 40 81 62 29 34 143 209 219 152 211 151 132 57 19 55 33 77 63 40 68 96 73 30 32 142 170 133 91 112 179 128 60 82 73 68 57 37 39 31 20 26 44 46 36 16 5 6 21 24 12 5 10 27 41 32 29 38 19 6 30 29 26 27 31
8 20 27 39 20 49 45 23 19 29 32 35 80 66 48 46 35 19 17 11 65 21 14 29 40 25 31 28 37 75 60 24 36 54 50 50 35 86 70 211 252 255 228 178 173 157 71 92 172 85 69 66 93 122 85 116 152 47 47 39 92 114 155 77 81 111 73 82 90 62 26 12 23 21 20 25 33 36 28 18 21 15 25 43 40 19 14 26 14 37 30 22 33 20 6 22 27 23 23 24
0 12 25 37 34 44 28 5 3 8 6 0 35 33 25 14 11 11 18 19 51 6 0 19 40 12 14 34 30 39 33 54 91 105 120 139 92 124 112 255 248 188 198 193 245 100 82 218 148 56 61 52 99 102 174 207 122 43 112 113 112 121 211 152 124 105 140 245 231 168 81 24 24 26 30 37 40 35 25 16 16 17 34 54 48 24 19 32 7 34 37 27 30 27 19 23 31 26 23 24
17 24 32 35 53 44 26 8 28 32 31 6 21 26 31 12 14 18 27 41 60 32 19 36 36 26 25 37 17 15 14 68 120 91 106 169 179 242 247 238 198 91 122 135 184 73 80 159 152 94 67 84 85 47 207 226 90 123 213 239 253 243 255 251 122 136 193 255 255 190 81 29 50 55 50 36 35 48 57 57 34 31 38 48 39 19 15 26 13 34 38 21 15 26 35 34 33 27 26 29
35 34 34 29 68 55 46 39 49 56 62 28 29 41 59 37 18 14 17 46 68 58 39 43 40 35 14 16 23 45 21 42 67 63 47 94 143 190 255 248 255 207 255 255 250 248 201 109 236 208 59 179 82 96 244 255 206 247 255 255 253 255 248 244 180 255 255 179 206 147 44 43 64 72 54 21 21 63 101 112 78 64 54 49 37 22 21 31 15 34 42 24 9 27 44 37 27 23 23 30
54 53 37 23 29 32 24 20 22 59 47 22 47 68 56 49 25 23 32 48 49 33 24 27 22 15 13 34 0 56 53 7 33 36 58 99 94 154 255 237 237 255 255 199 255 206 133 158 255 172 27 176 139 174 249 236 254 255 212 215 233 233 255 240 194 255 241 109 109 78 60 32 52 61 51 19 15 65 108 110 83 49 39 48 35 15 14 23 10 35 47 34 24 30 35 31 10 19 31 38
58 54 34 19 21 18 9 6 27 45 26 10 36 49 36 35 26 23 28 39 41 32 24 24 25 37 33 38 2 58 49 2 10 41 35 43 15 0 50 102 210 221 241 255 238 192 212 255 246 255 227 182 255 237 255 197 188 220 236 255 243 247 219 255 98 85 121 204 86 77 71 35 28 34 36 25 21 45 65 60 39 21 30 49 40 20 22 33 14 31 38 30 26 30 26 13 11 16 22 26
37 39 25 15 24 32 29 28 24 30 15 13 36 39 26 28 25 24 25 31 37 38 32 27 24 40 36 43 15 43 29 9 27 54 0 23 111 66 16 46 92 160 148 218 228 241 255 244 198 242 239 95 225 229 181 92 34 55 179 238 255 240 104 176 0 2 101 255 86 95 89 36 16 29 51 56 43 41 47 45 16 10 28 47 32 11 13 24 17 34 42 33 23 20 15 7 25 23 21 20
27 41 31 15 27 48 49 41 19 32 31 28 36 30 17 17 14 16 17 21 31 37 31 21 13 16 15 43 27 18 3 24 90 63 29 13 0 2 45 37 31 181 84 101 228 255 226 255 255 248 255 242 254 255 228 255 114 107 253 213 255 230 59 125 35 43 53 97 60 86 56 52 16 37 64 64 42 38 50 55 35 30 44 55 37 17 18 25 17 39 51 36 12 4 12 22 27 19 10 5
48 69 54 20 22 41 34 15 21 44 49 32 20 15 10 7 10 12 15 19 27 31 22 9 3 7 8 33 27 9 0 29 34 46 27 19 34 45 36 10 3 46 47 70 85 96 127 151 197 249 255 255 201 255 247 234 216 171 230 133 210 255 56 26 54 10 120 124 44 38 55 30 28 35 39 25 11 23 38 34 8 3 15 27 15 3 2 3 18 31 37 24 5 2 18 35 59 50 40 33
56 73 59 30 29 39 30 15 27 42 44 25 10 16 25 26 31 31 35 41 44 39 27 17 10 27 27 23 19 19 15 20 23 11 22 32 27 37 43 20 8 26 42 41 64 40 46 90 118 168 199 233 255 218 255 255 230 227 255 214 180 204 45 39 121 89 103 56 38 40 30 52 65 42 17 2 7 32 35 12 13 11 25 39 34 28 26 19 23 17 10 9 10 15 25 33 51 45 38 33
40 42 37 36 42 39 34 41 38 29 25 21 19 27 38 40 46 43 47 56 56 44 35 33 35 45 42 23 17 25 26 15 6 13 3 11 53 60 43 60 65 52 37 16 42 62 78 74 100 180 239 238 255 159 235 253 246 229 213 255 220 238 168 164 212 211 146 72 40 42 65 97 86 49 23 24 40 55 47 23 16 14 26 35 32 34 38 34 33 20 12 16 24 26 27 29 45 45 44 41
31 18 16 36 44 24 21 46 53 22 11 24 28 27 28 26 35 30 35 48 48 34 28 33 57 46 42 30 22 20 25 18 20 8 29 36 28 46 48 27 32 51 28 17 26 33 48 50 61 100 162 231 237 153 221 243 254 248 205 255 232 254 247 172 255 248 124 83 96 48 54 62 72 39 30 50 63 61 52 41 22 19 27 31 29 41 57 62 42 35 33 37 34 26 25 30 28 31 34 34
45 25 29 40 16 0 5 37 52 41 39 52 58 46 30 22 9 18 27 29 26 23 26 31 54 59 42 29 32 22 8 16 25 48 41 24 32 33 21 19 21 36 23 6 15 16 6 8 7 7 39 36 46 26 14 131 174 191 251 213 214 231 255 177 242 247 129 105 68 31 4 28 27 0 12 36 28 24 25 6 3 5 6 15 44 74 77 63 37 16 8 14 19 27 30 22 19 17 18 21
30 26 25 30 32 25 19 21 36 18 11 29 54 58 39 19 11 16 21 22 21 18 18 19 36 43 41 34 30 20 14 19 47 55 36 16 24 28 14 7 15 30 23 13 26 32 26 29 51 36 29 11 24 25 24 101 164 226 250 251 175 235 243 225 255 230 95 67 31 6 0 12 23 0 0 10 5 6 14 10 14 25 30 26 28 39 44 40 19 13 20 27 21 20 23 19 16 14 17 25
7 29 23 14 37 50 33 16 14 11 8 11 22 31 28 19 25 23 23 24 27 26 22 19 22 25 34 32 19 17 26 30 45 43 21 10 30 46 39 30 2 14 10 4 14 20 19 22 29 41 44 44 45 28 8 10 6 9 50 17 86 114 163 117 134 100 8 16 9 13 12 19 21 11 6 8 8 9 16 25 30 35 31 16 7 12 22 27 13 12 21 24 12 14 31 42 28 19 12 12
5 40 28 4 24 36 20 11 6 17 18 8 3 10 19 22 32 26 22 25 32 35 31 25 22 14 23 22 8 16 37 38 33 27 14 12 32 53 53 43 21 26 20 12 12 15 17 18 16 26 13 13 6 8 40 41 21 45 0 24 0 64 33 34 91 77 30 39 23 26 17 0 11 21 24 25 27 20 17 26 28 23 15 13 18 24 24 19 17 13 20 21 10 13 30 39 25 22 21 23
18 43 26 3 16 15 0 0 7 16 20 17 20 27 26 18 18 12 8 12 21 27 26 22 25 12 16 19 11 23 38 33 30 26 21 17 20 29 28 16 27 25 22 15 9 13 20 21 0 8 14 39 28 8 26 8 15 31 32 24 35 38 33 33 16 28 20 20 4 23 27 5 0 20 31 30 26 14 5 7 12 9 13 27 38 36 23 11 15 9 16 24 19 13 10 1 0 15 39 58
16 22 11 6 21 19 4 5 3 18 32 34 28 22 18 14 6 3 1 3 9 16 19 21 24 16 18 25 28 33 31 21 19 18 24 22 12 16 20 11 8 3 9 10 3 11 24 24 27 23 10 29 28 15 25 7 6 3 0 19 39 35 7 0 15 33 40 30 20 39 41 21 12 27 38 30 16 11 9 5 12 10 13 20 20 14 14 19 14 0 0 9 10 11 9 0 0 11 31 47
11 12 12 12 15 21 30 38 21 30 38 36 22 9 10 19 12 12 12 10 10 14 22 28 26 27 23 27 39 37 25 20 15 13 23 24 11 18 32 27 12 7 21 28 19 24 37 33 25 20 7 16 34 46 54 47 17 20 29 44 28 13 12 30 37 35 34 31 44 58 48 35 27 32 43 33 11 18 31 22 18 12 11 14 10 5 15 31 24 7 0 1 0 9 23 25 18 12 8 8
19 26 32 18 0 7 41 62 59 37 19 20 27 27 26 28 22 25 25 20 15 17 26 35 31 37 26 24 39 36 23 28 32 23 29 25 6 11 26 21 21 16 32 41 26 25 33 24 34 39 29 17 30 49 53 54 44 30 54 45 44 19 63 93 96 57 26 17 42 47 30 25 24 23 37 30 6 22 45 32 11 7 16 33 39 29 25 30 34 24 24 22 10 10 21 26 25 11 0 0
30 27 21 22 24 16 21 44 41 45 19 6 25 24 15 30 25 24 24 30 37 38 28 16 14 16 32 36 16 6 24 43 49 45 22 1 3 10 13 19 7 8 9 20 28 16 6 15 9 27 20 17 35 30 24 46 34 43 31 32 47 35 52 118 109 60 40 37 21 25 30 9 15 29 26 6 37 41 42 37 15 13 24 43 45 30 19 20 19 14 25 34 24 15 18 19 12 8 4 3
30 18 6 15 36 34 12 0 11 25 18 9 19 19 9 12 15 15 16 22 28 27 17 6 8 9 12 13 7 2 15 37 51 41 18 11 29 38 27 18 17 11 3 7 18 15 2 0 0 10 12 27 56 55 36 33 46 36 25 24 32 37 45 56 46 43 63 59 18 4 14 8 13 25 24 7 41 42 37 27 19 21 38 59 61 41 24 21 25 24 41 53 39 20 9 1 14 15 17 17
14 18 23 28 31 25 11 0 0 14 21 18 17 18 14 7 11 8 8 13 17 15 7 0 0 10 9 16 27 14 3 16 28 34 29 25 33 32 24 22 36 39 29 9 2 10 19 22 10 8 8 20 39 49 45 38 36 21 19 20 23 43 44 13 21 23 43 43 18 13 19 7 13 21 16 0 33 34 30 22 35 29 34 46 45 30 24 28 25 23 40 53 40 21 8 0 20 25 31 32
7 15 32 35 17 6 17 32 16 10 18 25 20 17 20 18 23 17 12 12 13 13 12 13 13 25 17 22 43 25 0 2 9 21 23 19 19 12 7 13 35 46 45 27 24 47 59 47 19 18 22 18 10 19 34 38 13 13 16 20 30 43 35 10 18 9 13 20 24 35 32 10 20 25 14 0 18 19 24 26 38 27 23 27 23 13 14 24 18 9 16 27 23 18 19 17 29 32 34 33
22 1 6 22 14 8 20 31 26 4 7 28 29 18 19 26 37 27 18 15 13 14 20 29 35 38 16 10 31 22 1 9 15 12 1 1 14 12 2 1 21 22 26 33 61 100 89 37 7 20 36 32 14 12 18 16 10 20 11 21 53 47 22 22 5 8 17 23 25 29 27 18 31 39 30 0 16 10 20 31 21 16 19 28 24 10 7 15 17 0 0 10 11 17 29 33 36 31 26 23
28 0 2 21 14 13 23 23 24 6 8 32 41 24 17 27 31 21 14 12 9 7 14 26 32 36 22 17 29 22 7 10 14 14 7 5 12 10 10 20 32 25 24 22 41 86 86 36 8 21 28 26 25 25 18 10 19 24 7 25 73 61 30 43 22 16 11 12 15 16 18 22 36 49 46 17 27 12 19 32 19 12 13 19 16 6 9 21 24 6 6 16 18 22 29 29 33 26 17 13
20 9 21 23 5 15 34 25 21 26 21 27 39 26 12 22 18 13 15 19 15 6 8 17 20 26 30 30 27 19 10 4 8 18 21 17 13 6 14 37 43 36 31 9 0 41 66 39 19 31 19 9 23 28 19 19 18 18 14 29 53 48 36 45 42 18 0 2 18 16 11 18 26 38 37 13 27 15 24 38 33 22 15 15 9 1 10 27 27 11 14 27 28 26 24 18 21 18 14 12
18 14 22 11 0 25 46 20 21 44 31 13 24 19 5 13 16 17 26 37 32 17 12 18 22 22 26 21 6 4 10 8 16 15 10 13 21 16 13 23 29 18 17 4 0 35 54 18 15 39 26 9 22 21 9 18 12 12 27 29 10 7 21 23 26 12 5 21 35 18 2 11 13 20 16 0 17 14 29 47 39 33 33 36 25 8 5 15 24 9 13 28 30 27 23 14 10 13 16 15
24 24 24 9 2 31 46 23 26 34 27 19 27 30 20 10 9 21 36 44 41 30 18 10 12 11 11 12 12 11 8 6 19 12 14 24 25 16 12 15 10 14 13 9 16 28 27 17 14 32 40 29 17 15 14 10 15 15 16 15 11 9 17 28 36 10 24 58 19 9 7 3 19 17 8 9 17 17 21 36 38 21 18 26 30 31 21 2 2 14 24 25 22 22 24 25 25 15 3 0
23 19 16 11 9 21 32 29 25 22 19 21 35 49 40 20 14 15 19 27 34 32 24 15 17 17 14 9 10 14 13 9 10 9 18 30 29 15 6 6 18 22 19 13 15 22 17 6 17 30 33 20 8 9 12 11 8 6 9 13 14 14 18 24 18 6 2 31 18 10 0 15 30 32 27 25 27 19 16 27 5 0 2 18 26 31 24 7 3 12 19 16 14 17 22 25 22 16 10 7
24 16 8 13 20 16 19 36 23 6 8 20 33 52 48 17 7 7 9 14 19 21 18 15 21 26 21 8 7 17 20 14 1 4 16 29 29 20 17 21 28 30 25 18 17 20 14 3 23 30 28 14 6 11 19 22 26 15 5 4 9 20 35 48 16 13 0 12 17 11 0 25 34 36 28 23 23 15 9 18 5 1 9 18 20 25 27 17 16 21 21 14 8 11 16 19 25 25 26 26
31 25 10 13 29 22 16 33 20 0 9 21 20 36 40 8 0 7 19 25 22 17 13 12 18 32 31 13 6 17 24 18 11 12 17 22 21 20 27 37 43 41 33 23 17 16 11 3 18 21 17 7 3 10 20 24 33 22 12 8 11 23 43 61 35 27 11 27 16 12 5 30 29 23 7 0 8 10 8 14 21 21 26 20 7 12 25 27 30 32 29 17 8 7 8 8 17 23 29 32
47 44 21 12 30 31 18 19 12 0 15 24 10 21 33 15 4 14 31 46 51 42 24 11 11 32 38 20 8 16 23 20 25 22 20 15 9 9 17 27 48 43 33 21 14 12 10 7 12 12 9 2 0 4 9 12 11 16 22 25 21 19 28 41 48 31 35 54 16 16 26 34 28 18 0 0 11 19 14 14 18 26 35 23 1 5 24 31 29 33 33 25 19 16 14 11 1 8 17 20
57 53 31 14 23 33 22 7 0 0 11 17 7 14 29 25 13 12 21 45 66 63 34 6 10 27 34 22 13 17 21 18 16 16 15 12 8 7 11 15 25 22 17 13 13 17 22 25 23 22 20 16 14 13 12 12 8 15 23 23 15 10 19 33 40 23 40 63 16 19 36 38 35 28 11 8 26 32 21 13 23 36 48 37 14 14 25 26 20 28 35 36 36 36 34 30 4 10 17 20
50 41 29 17 14 26 27 12 5 3 5 9 12 18 24 27 14 8 10 26 45 47 29 9 15 19 21 18 18 21 19 15 10 11 12 12 13 17 19 20 7 7 9 12 16 21 27 32 29 27 25 26 25 23 19 18 19 18 17 12 4 4 18 34 25 23 30 48 17 16 20 31 40 37 21 12 23 27 17 11 30 36 44 35 19 21 24 14 10 19 29 33 37 39 37 32 17 20 23 25
37 22 21 18 8 19 33 25 26 20 8 10 24 27 22 24 13 12 12 14 17 19 20 20 22 14 9 13 22 24 18 12 25 22 18 15 17 22 26 26 16 16 17 19 17 15 15 18 15 12 12 16 18 17 15 13 11 11 12 12 9 6 10 18 20 31 21 31 19 11 0 21 38 36 17 1 5 10 8 10 17 15 15 8 5 16 19 4 0 9 17 20 22 23 19 14 17 17 18 18
18 15 25 22 4 12 28 23 27 26 24 21 20 20 24 27 14 19 10 0 1 8 21 39 50 25 15 18 11 9 23 34 41 40 24 10 8 6 8 19 12 18 20 13 8 9 12 14 14 8 11 12 6 8 12 7 14 7 15 14 0 7 20 10 16 24 29 23 11 4 6 12 25 36 21 5 12 14 17 34 39 29 16 8 5 9 18 26 26 24 24 25 21 14 11 12 18 14 11 12
17 25 41 31 1 0 17 20 15 16 17 18 19 18 17 16 10 14 13 13 14 14 31 62 56 36 32 33 20 12 23 34 52 53 38 20 14 11 16 31 42 39 30 18 14 17 20 19 21 16 16 15 9 8 9 3 13 8 16 15 3 10 20 11 3 14 24 26 20 17 21 26 44 43 25 13 14 8 16 44 49 30 9 1 8 21 29 33 29 33 39 41 34 23 21 24 25 18 10 6
14 23 37 31 10 8 21 23 7 8 12 17 21 19 12 6 10 8 7 16 22 16 24 50 36 25 31 37 24 16 25 34 49 51 38 21 13 9 16 33 62 52 33 17 14 19 21 18 23 21 19 19 18 17 14 11 10 7 13 11 3 9 15 7 6 15 24 26 22 19 22 27 25 23 21 25 25 8 8 32 27 15 5 11 28 39 36 27 21 29 41 45 36 25 23 27 29 20 10 3
29 24 21 21 25 32 29 18 10 10 13 19 23 21 11 3 18 16 11 18 33 31 24 27 16 9 19 31 24 18 22 25 34 37 26 15 14 12 15 27 50 41 26 12 9 13 15 13 12 15 13 16 24 24 20 21 16 15 14 10 6 10 14 10 15 18 20 18 15 16 21 27 16 16 18 24 22 10 3 9 11 12 14 21 31 34 26 14 6 12 22 29 26 19 16 20 31 25 17 13
52 41 23 18 29 34 21 7 19 16 16 19 22 20 11 4 24 43 44 37 45 49 39 29 18 8 15 26 24 19 17 11 25 26 18 17 26 27 22 26 25 25 20 13 11 14 17 16 7 14 10 11 25 24 14 17 30 30 23 14 15 19 21 22 17 15 11 9 11 19 31 41 45 38 26 12 7 12 11 0 23 28 27 17 10 11 13 14 4 4 9 17 22 20 18 19 28 26 24 24
48 48 32 19 23 21 12 11 22 19 17 16 17 15 10 6 25 62 69 45 33 35 32 27 17 5 9 19 20 20 19 10 19 20 14 18 33 35 26 24 14 18 20 18 20 25 27 26 21 30 20 18 33 26 9 13 31 35 24 15 22 25 24 28 25 20 12 8 11 21 32 40 40 36 30 15 7 20 20 0 13 26 31 20 8 9 15 18 15 10 11 19 27 28 26 26 17 17 18 18
30 41 30 16 19 15 7 14 19 18 17 16 14 12 10 9 23 51 54 31 20 21 22 25 18 7 9 15 14 17 21 16 14 17 12 15 28 29 20 20 17 17 15 14 21 30 32 29 30 42 29 25 44 34 13 18 22 31 21 14 28 30 24 29 31 25 18 14 15 18 21 23 13 11 21 21 10 16 18 0 3 16 23 17 15 20 22 18 17 14 16 22 25 24 22 24 10 11 11 10
27 36 23 11 20 14 0 2 16 18 19 18 15 13 12 12 22 29 22 16 27 36 37 42 34 24 22 20 10 10 17 15 15 19 15 14 23 21 15 18 22 15 5 4 14 27 29 23 22 37 24 22 45 37 15 23 16 30 22 19 36 37 28 33 23 20 18 18 19 18 15 12 17 5 13 15 0 0 12 12 24 23 12 0 2 16 23 19 10 11 15 19 17 11 10 14 15 15 15 13
39 42 15 2 21 14 0 4 17 22 18 16 17 10 7 19 16 16 14 15 27 42 45 39 34 24 19 14 9 18 26 19 18 9 13 38 11 17 16 19 26 21 17 9 10 26 30 13 22 29 27 23 32 44 35 13 18 33 23 11 20 22 22 39 22 28 11 5 24 24 5 0 6 8 9 21 0 28 42 45 49 57 39 11 5 11 12 13 8 5 6 11 12 9 8 9 11 12 12 11
53 51 20 3 19 15 1 12 13 19 16 14 16 12 15 31 42 34 25 25 32 37 35 29 17 12 13 10 7 17 26 21 15 13 23 45 16 16 14 18 32 28 23 11 7 23 31 19 24 35 34 21 25 40 39 22 13 38 33 13 16 23 24 31 29 30 12 4 21 24 12 10 5 10 14 19 11 24 29 27 33 43 29 7 5 12 12 13 9 7 10 17 20 18 17 19 6 7 7 7
40 39 16 7 23 23 13 21 19 24 20 14 14 11 19 40 43 26 15 20 28 26 21 21 7 7 13 14 10 20 32 30 20 23 33 47 21 17 18 26 53 50 43 24 10 21 32 24 23 40 38 18 17 36 42 31 23 48 38 4 0 19 37 47 46 40 20 8 19 23 17 17 15 21 26 25 40 33 25 16 15 28 20 5 8 16 16 16 9 8 12 19 21 18 16 18 11 11 11 11
16 21 14 15 29 26 14 15 17 22 17 10 9 9 23 48 37 13 1 12 20 14 9 14 13 14 21 19 10 18 31 31 20 21 25 31 19 16 19 26 48 50 46 25 7 16 28 22 18 37 36 16 13 33 41 31 24 42 37 10 0 16 39 54 54 44 26 16 18 20 18 17 23 26 29 26 64 47 29 15 7 20 17 8 15 21 19 19 14 14 17 21 19 13 10 12 20 19 17 17
15 21 22 24 27 21 11 9 13 18 13 6 7 10 27 54 51 24 10 19 23 11 6 12 30 30 32 22 5 7 17 16 13 13 16 20 29 24 19 18 20 25 27 13 0 9 20 14 12 28 31 17 16 31 34 23 6 18 32 31 16 11 21 30 37 26 19 16 14 16 18 15 21 17 18 20 64 50 30 14 8 19 16 11 18 22 17 17 19 19 22 24 20 13 11 13 23 19 16 14
20 24 27 25 19 18 23 27 34 36 26 15 12 11 23 45 51 30 18 25 27 18 16 23 45 43 43 31 11 8 13 8 20 21 27 32 60 50 35 23 22 25 28 16 5 14 20 8 10 23 30 25 22 23 21 15 10 8 21 27 12 5 14 21 14 4 9 16 12 14 19 15 19 13 14 23 48 41 28 17 13 21 16 10 17 17 11 11 12 13 16 19 16 11 13 18 26 20 14 11
18 21 27 22 9 11 28 38 50 48 33 19 14 8 13 30 31 18 12 18 21 20 24 33 37 38 43 38 24 22 25 18 26 28 31 30 68 57 43 30 35 34 33 23 16 26 28 11 14 25 37 38 26 13 10 13 26 15 17 16 5 17 37 38 20 9 18 27 17 15 19 12 19 18 23 37 26 25 20 19 21 25 16 10 15 14 7 7 6 7 11 14 12 9 14 21 31 23 13 9
19 22 30 22 0 0 16 26 35 33 20 9 8 4 7 23 21 13 9 11 14 15 22 30 14 19 32 36 30 33 36 27 18 17 14 4 45 36 29 23 23 20 19 14 16 33 36 18 19 30 45 47 27 4 2 15 27 22 26 23 18 43 62 48 44 30 37 43 24 16 17 7 16 20 31 47 8 8 9 15 27 29 19 11 16 14 7 8 10 11 14 16 14 12 18 26 30 20 9 4
20 19 20 23 25 21 14 7 12 14 13 20 28 20 17 29 27 27 33 30 16 19 35 41 15 6 6 21 36 37 25 14 11 14 7 2 3 1 8 27 29 18 8 1 4 22 21 0 0 20 34 26 12 8 11 14 38 39 35 28 25 29 32 31 33 34 30 22 17 16 12 7 5 21 35 31 10 0 6 24 27 29 21 16 21 17 10 14 14 19 20 13 5 7 20 33 25 20 13 10
21 23 27 32 34 28 18 9 13 16 16 21 25 16 13 26 21 16 22 27 25 30 37 33 31 17 5 3 7 11 14 18 15 17 11 8 12 9 11 25 29 21 14 7 8 24 26 7 6 23 32 23 14 16 24 27 41 38 30 20 17 20 21 19 26 28 25 18 15 15 12 8 10 17 25 25 14 6 10 20 26 28 20 15 20 16 9 13 10 14 16 12 7 10 22 32 21 17 13 12
21 25 32 39 41 33 19 7 13 18 20 22 21 9 8 24 18 8 12 25 32 38 33 17 16 15 17 20 19 16 20 26 21 22 16 17 23 19 14 21 25 23 20 11 8 23 29 14 13 24 26 18 15 24 36 40 27 21 12 6 11 21 25 22 19 21 19 13 11 13 12 9 16 12 11 16 19 17 16 18 24 26 18 14 18 14 8 11 6 8 10 10 11 15 23 29 15 14 14 16
18 22 30 37 38 30 15 4 10 18 21 22 18 5 5 24 21 8 10 23 32 36 25 3 0 10 29 43 44 36 32 32 25 24 19 23 33 27 15 16 17 20 22 12 5 19 28 18 16 21 20 12 14 28 40 43 14 7 0 0 9 26 33 31 16 18 16 11 9 11 11 8 18 8 3 10 20 24 21 18 23 25 17 12 17 13 6 10 4 5 7 10 13 18 22 25 13 14 17 19
