48 35 34 20 37 22 47 73 62 24 21 58 0 6 3 44 44 29 11 77 96 24 12 17 59 71 41 98 109 67 33 39 47 62 106 67 79 75 83 50 28 40 90 46 64 109 158 109 43 39 57 133 180 110 43 63 98 81 89 13 33 47 58 68 19 5 0 54 60 66 64 34 106 121 98 58 87 55 29 32 27 38 80 39 71 65 137 108 72 4 50 75 88 116 74 32 35 64 43 118
50 57 71 63 73 53 64 77 29 16 54 57 21 7 23 42 33 34 43 18 42 49 32 101 56 48 111 86 92 42 12 47 36 5 63 52 88 96 45 21 15 63 81 59 66 78 77 81 74 57 35 74 137 129 98 114 132 132 116 30 32 49 51 26 11 22 29 32 15 50 81 59 67 149 188 127 94 68 46 5 27 51 44 53 21 60 89 84 53 34 12 110 90 63 49 34 42 60 40 74
41 58 97 118 111 53 37 55 25 1 30 41 41 39 36 29 34 45 70 16 104 101 34 30 25 21 102 65 50 14 4 33 5 5 43 45 91 126 74 25 31 65 90 172 189 159 81 76 148 95 22 38 147 203 170 133 102 87 56 42 55 50 40 5 0 32 95 77 44 76 119 108 64 104 149 114 57 24 29 11 22 35 0 55 11 69 37 12 0 80 32 46 41 82 91 39 62 65 57 53
43 37 34 33 34 15 14 32 55 26 23 61 63 86 52 42 7 82 136 82 118 18 43 32 38 55 37 71 28 23 35 9 19 49 11 6 18 39 72 46 25 49 127 253 208 120 43 30 23 26 11 40 128 170 127 76 53 17 0 73 83 26 25 27 74 39 74 44 23 48 93 102 90 49 39 48 39 25 44 65 85 60 16 79 87 129 75 8 20 22 24 23 56 45 27 83 33 23 31 18
28 40 28 19 35 58 48 31 18 29 41 45 41 81 80 84 74 89 95 113 125 48 90 73 77 84 11 79 48 77 99 42 44 71 55 81 67 17 32 45 44 58 88 135 95 33 28 35 42 44 26 26 68 101 99 91 86 66 52 114 95 34 60 72 121 44 41 17 21 46 74 77 62 40 11 23 52 65 61 70 86 54 17 57 77 108 76 13 34 70 101 31 42 61 7 52 32 18 23 19
45 40 20 26 25 37 54 91 75 96 106 24 35 75 124 123 83 65 65 108 48 65 55 101 102 71 40 46 39 69 80 43 13 6 26 15 36 37 20 56 137 189 156 112 111 50 22 5 8 5 0 10 34 46 47 52 84 89 61 49 45 54 96 52 54 44 58 38 26 34 47 44 33 46 46 65 65 46 19 34 45 53 40 71 50 74 60 24 53 104 103 74 34 53 20 77 48 51 32 34
43 32 30 79 88 74 52 76 108 107 97 3 15 36 70 64 118 121 125 115 34 112 73 151 181 135 144 89 80 85 84 76 28 26 64 34 106 142 88 71 117 176 121 55 50 17 37 53 74 70 61 43 17 0 13 42 79 91 73 20 32 77 119 41 92 120 101 66 28 27 45 55 41 43 78 131 83 26 5 36 27 49 56 75 57 71 62 20 25 67 59 44 6 47 47 80 62 105 62 64
37 22 0 29 95 142 76 8 17 25 34 23 26 36 34 52 76 145 180 125 75 135 95 144 147 125 139 99 90 95 107 115 80 61 53 36 122 117 70 21 97 110 85 100 93 59 59 31 15 2 2 19 31 27 21 21 54 70 88 28 13 18 62 8 122 128 61 45 31 33 37 41 27 20 81 154 91 47 39 50 64 58 63 58 87 94 98 30 11 30 62 9 11 74 67 50 14 95 41 44
43 32 25 10 68 83 64 36 28 44 0 83 81 91 65 31 57 76 113 99 69 90 46 45 35 0 40 21 41 26 55 80 73 27 0 32 44 21 0 39 130 140 107 18 18 27 26 31 44 39 38 40 37 31 32 38 51 99 116 6 65 35 43 9 81 65 35 78 49 40 75 78 48 22 55 125 63 46 69 77 52 30 49 33 53 89 83 22 8 26 64 36 43 121 63 49 13 18 31 35
57 82 101 103 42 23 38 96 112 74 86 87 102 75 51 53 47 40 36 55 93 67 74 21 17 39 8 23 78 57 26 73 71 54 44 69 67 42 19 33 76 79 92 68 71 40 19 28 15 13 15 20 24 28 40 52 63 80 94 75 99 70 167 126 98 66 90 79 41 66 115 115 76 55 67 81 24 32 53 63 19 5 43 33 31 50 61 26 10 30 42 47 81 90 18 61 0 16 51 63
72 102 156 181 87 42 64 117 85 109 161 45 27 22 42 42 65 83 51 9 52 2 69 57 33 77 71 91 143 96 5 46 75 75 85 74 59 45 50 45 19 14 50 56 62 30 16 26 18 16 15 15 15 20 33 46 50 60 68 50 37 34 148 164 140 34 75 43 8 43 103 142 96 61 56 36 12 26 19 31 12 14 88 101 78 58 55 28 1 32 33 37 56 47 6 47 25 29 48 61
42 48 107 115 65 9 28 9 36 80 111 82 51 30 48 53 14 8 11 44 116 54 21 24 49 57 142 133 134 81 20 37 78 79 100 74 58 51 76 65 59 57 79 49 39 31 31 23 23 24 24 21 16 17 24 33 24 62 96 28 51 110 120 204 80 0 47 66 56 55 39 52 75 76 85 25 24 44 12 6 27 20 94 122 110 86 79 58 42 91 132 121 50 19 49 79 45 35 43 60
0 16 64 70 40 14 63 53 25 28 22 44 51 67 59 54 12 85 111 101 38 78 96 72 61 62 109 98 60 35 64 75 44 44 76 71 63 46 58 43 58 67 85 36 22 28 29 8 4 11 18 20 18 18 20 22 32 76 119 44 58 103 12 68 93 47 30 36 45 75 53 53 45 93 122 28 43 72 45 24 24 0 32 45 66 74 82 74 78 81 101 111 65 18 31 33 16 21 51 78
6 56 60 71 19 2 25 38 14 11 42 11 15 43 32 44 38 13 11 125 39 59 113 80 69 111 34 48 8 5 62 69 28 22 40 54 57 42 40 34 49 57 69 22 13 11 9 3 9 16 22 21 17 13 7 1 2 41 96 93 44 44 20 21 105 87 47 73 82 86 57 55 46 42 59 17 77 74 64 68 21 24 43 27 49 52 38 24 59 53 19 13 65 69 52 29 29 19 36 65
17 96 74 81 84 85 64 37 36 24 69 97 92 47 25 53 59 32 0 56 51 66 66 20 63 103 16 22 5 21 34 26 46 38 29 48 60 63 56 66 120 131 124 57 44 29 16 16 26 29 27 22 18 15 7 0 7 31 78 117 23 0 61 22 98 58 47 86 104 92 70 59 43 0 1 10 92 50 59 80 37 101 129 70 64 44 13 3 6 31 28 0 24 60 76 69 65 34 31 58
78 170 141 103 178 187 153 66 59 53 0 67 106 108 91 28 20 68 62 9 100 109 33 53 67 58 62 27 37 79 57 40 35 36 16 39 57 72 56 72 123 156 149 71 64 56 34 25 16 18 16 15 21 29 28 20 36 41 70 108 34 22 73 0 67 19 39 50 90 123 119 65 15 19 41 17 72 27 59 62 54 152 173 73 46 34 31 55 58 22 53 45 50 64 76 48 57 43 60 93
85 176 166 79 153 155 96 27 31 51 12 77 61 55 31 23 22 12 42 10 133 136 37 52 59 8 49 67 25 83 187 83 17 13 48 47 60 45 36 42 61 56 50 77 58 43 21 26 11 20 18 5 30 47 26 27 32 36 50 89 81 74 34 0 90 64 23 13 50 82 74 53 33 13 39 4 61 29 51 70 59 106 137 39 13 29 90 105 57 30 22 29 52 49 88 89 79 53 49 77
50 35 37 65 80 77 43 10 28 72 93 86 45 47 75 83 63 32 14 50 102 90 57 46 42 54 15 51 22 116 195 96 1 62 89 125 108 76 65 60 13 16 29 32 22 36 29 24 22 34 34 17 37 52 23 11 0 39 11 47 79 104 14 64 112 78 64 60 30 4 14 36 42 36 20 31 52 74 43 55 69 32 85 37 62 73 67 67 51 44 33 19 43 66 110 95 58 37 30 48
40 39 60 68 40 47 65 62 39 65 123 37 37 61 98 82 43 36 97 147 40 45 61 15 20 83 79 0 33 147 148 56 57 144 151 77 54 75 79 54 44 1 14 8 4 10 15 28 27 37 37 18 30 44 16 0 30 52 37 41 41 84 46 143 118 50 26 34 27 35 41 15 37 83 89 113 70 75 16 39 70 16 60 91 86 60 23 19 75 97 106 85 66 55 82 71 29 22 26 42
28 107 134 52 54 37 64 77 153 60 127 91 167 84 36 56 0 51 58 17 41 70 0 130 72 71 74 34 65 19 0 56 114 68 121 46 53 5 13 104 68 35 70 41 15 0 9 27 27 25 28 15 18 26 11 9 6 14 40 30 15 13 23 74 130 89 90 76 21 29 77 81 20 13 25 88 153 153 59 12 9 19 43 153 110 82 96 97 74 99 131 135 75 11 28 55 53 50 48 51
29 76 87 41 74 24 15 36 96 49 147 107 255 207 79 50 69 94 171 71 52 140 58 50 48 169 82 62 59 82 136 134 22 45 122 13 40 57 39 31 17 69 135 78 33 25 31 17 24 13 25 26 19 17 11 24 19 33 21 21 33 19 38 36 143 51 24 44 32 32 48 40 17 7 27 47 86 55 9 4 7 21 39 90 45 20 62 53 50 46 60 94 58 10 30 67 100 87 67 50
67 35 27 48 47 43 43 47 78 24 98 73 242 226 68 35 72 82 119 35 44 127 110 64 105 142 57 34 51 101 152 80 26 40 28 9 42 91 86 28 38 82 100 65 46 38 36 16 15 3 27 34 22 16 11 19 33 32 11 44 5 45 89 28 93 54 39 56 74 86 82 63 28 13 0 0 7 13 8 49 39 23 92 36 29 17 59 68 76 46 24 65 71 68 67 63 76 67 58 53
103 45 33 35 21 78 117 74 50 18 61 11 147 249 128 66 106 16 0 49 119 77 56 110 106 23 39 25 40 85 129 54 51 32 0 14 24 74 119 99 129 119 45 34 36 18 18 20 8 2 25 24 14 24 18 9 16 20 71 122 70 127 154 30 111 135 120 102 129 142 100 57 49 38 15 4 25 51 39 58 41 25 101 38 40 31 43 63 83 57 25 60 68 80 70 49 36 31 33 45
129 67 60 24 56 111 155 73 78 12 54 43 111 211 128 114 106 3 42 134 120 55 44 98 66 19 51 93 0 47 145 91 30 51 109 59 8 29 88 100 165 175 59 24 9 0 11 19 11 7 24 11 6 35 33 9 11 34 102 117 166 212 192 68 180 203 172 153 179 151 76 46 53 47 48 35 98 109 66 21 0 2 28 45 47 43 23 22 25 12 0 27 17 28 44 58 50 30 16 19
123 74 66 51 55 104 138 55 89 37 65 85 72 90 89 66 60 32 46 129 22 82 119 148 139 127 39 35 66 113 123 85 41 95 125 97 56 53 81 106 129 80 33 31 12 31 20 2 0 17 17 16 25 34 44 20 7 63 119 142 91 163 230 128 116 76 185 93 126 135 109 64 59 39 24 22 101 117 75 46 7 14 46 38 41 58 44 48 41 56 53 5 18 15 18 40 48 32 30 0
56 105 117 56 52 82 84 13 110 58 58 70 33 11 30 42 23 55 37 44 0 89 136 166 159 194 24 27 120 145 70 20 73 83 89 94 98 94 97 114 58 9 1 17 16 8 25 35 8 11 14 38 21 10 20 20 36 11 118 113 19 41 181 136 66 17 97 38 69 95 120 118 87 61 36 2 50 83 82 72 69 35 67 77 52 48 90 118 110 82 98 60 4 20 11 42 49 65 79 44
63 149 140 41 43 56 48 29 134 79 28 46 50 44 84 97 70 134 24 27 130 95 1 125 116 100 18 153 159 73 23 36 21 46 100 153 133 47 20 71 44 20 27 9 14 10 27 4 2 9 19 57 13 7 12 8 0 54 68 30 115 78 50 48 185 72 69 57 70 56 74 92 113 105 112 58 23 18 68 118 54 9 52 80 58 66 142 129 85 38 33 45 53 47 25 2 59 119 160 144
41 79 67 15 51 51 44 72 135 96 2 10 48 66 116 105 47 78 88 70 39 37 58 86 54 45 25 68 11 41 98 74 33 46 72 112 114 51 14 41 47 32 29 12 24 45 46 0 0 17 20 44 0 39 50 18 51 55 46 34 56 85 117 33 154 110 101 111 104 96 118 127 49 43 108 108 51 0 25 79 120 100 11 16 132 93 50 55 33 87 74 51 75 0 61 71 7 89 142 151
21 9 30 38 74 51 28 47 93 88 6 11 30 30 86 86 48 65 43 0 28 86 87 28 16 26 59 77 73 51 45 82 107 95 46 7 22 50 53 47 51 17 2 25 26 45 36 16 9 27 14 25 0 59 73 25 61 114 88 82 105 63 120 46 139 134 117 128 68 19 76 170 181 95 75 49 25 25 85 132 138 81 0 21 98 47 45 99 126 125 66 18 69 37 115 89 5 73 95 113
53 19 52 47 46 32 22 28 63 65 21 54 63 35 80 93 22 28 31 18 59 90 97 68 26 66 104 85 136 100 20 49 88 74 57 42 33 35 42 45 56 39 21 29 3 26 20 7 25 29 15 33 10 40 36 0 108 205 147 72 143 24 86 15 92 100 63 82 67 28 56 141 163 128 127 77 42 48 84 93 106 116 50 21 32 0 14 105 123 56 62 25 9 80 91 41 62 99 66 70
37 10 42 10 0 13 36 58 71 64 39 77 86 60 81 77 40 68 77 28 8 32 63 48 50 48 58 86 157 118 25 46 81 37 51 100 103 80 63 49 42 39 34 16 0 23 35 14 28 29 18 31 22 25 25 2 76 176 148 68 131 0 54 0 3 95 65 41 97 125 72 33 59 93 147 106 70 67 83 74 100 85 58 33 6 71 65 25 69 4 77 46 0 79 51 5 98 119 36 14
15 2 44 10 0 14 32 63 65 70 58 77 82 81 101 82 21 60 73 38 18 22 44 56 45 59 48 109 147 72 35 168 149 90 64 55 39 62 84 62 49 11 15 11 14 4 26 22 31 33 12 2 10 34 73 77 45 28 33 63 99 1 74 19 31 104 64 35 86 82 38 60 76 65 73 37 44 68 82 68 50 60 37 22 17 95 49 18 18 0 73 25 0 52 74 71 167 185 77 32
13 34 61 56 46 32 13 26 44 77 84 0 49 69 111 74 17 36 35 62 83 87 94 69 50 67 95 117 121 107 109 159 119 67 89 70 60 54 49 32 15 14 20 18 12 23 37 34 24 35 15 23 27 28 87 105 45 19 65 65 72 10 64 34 62 117 97 25 54 66 64 86 81 48 18 37 28 59 66 40 53 73 67 34 7 48 41 36 38 23 58 65 16 43 77 123 173 207 130 63
41 71 99 89 78 60 20 8 32 48 39 0 41 60 110 93 13 46 60 82 92 85 79 46 0 32 63 80 125 159 150 96 38 30 73 127 110 87 72 39 7 25 36 20 26 76 84 33 37 28 16 35 43 30 37 35 56 89 115 131 54 21 40 47 71 117 83 75 102 99 76 60 41 21 60 76 46 43 58 34 45 102 94 56 8 12 73 40 70 111 0 113 81 20 115 140 100 142 94 36
17 49 79 75 81 80 39 16 36 42 24 59 58 48 86 85 43 75 88 102 115 119 107 70 59 53 55 57 100 135 154 53 63 56 46 115 110 98 90 67 35 12 28 48 44 66 81 52 42 20 21 37 43 41 23 33 20 42 71 166 102 57 28 65 107 114 67 147 153 85 68 51 44 38 58 5 24 77 97 68 65 58 34 23 33 42 121 97 92 146 37 76 117 54 154 163 23 22 22 57
23 33 44 38 51 57 28 15 14 38 50 166 129 60 38 18 49 64 64 67 95 128 128 98 45 26 23 11 37 77 153 63 98 54 21 108 147 95 83 149 76 10 28 77 57 47 85 108 70 40 38 28 21 48 34 67 103 69 89 175 160 68 7 21 89 81 37 141 157 81 109 69 63 35 33 7 50 62 35 66 92 36 20 26 57 45 34 53 127 137 61 16 62 48 81 82 41 13 50 130
51 39 36 32 46 51 33 41 54 43 17 133 102 49 30 19 18 30 33 26 49 93 105 95 72 73 72 36 40 68 127 15 46 60 45 46 125 100 57 116 81 30 42 69 56 82 142 161 112 66 42 19 14 56 18 30 73 44 62 87 94 41 9 4 46 67 41 75 107 73 138 43 43 69 122 113 75 68 36 72 98 99 44 1 7 22 18 81 138 137 31 100 78 78 102 124 83 76 121 150
51 41 48 54 68 66 52 68 46 27 0 84 82 45 15 0 0 18 38 20 18 45 55 62 70 60 67 71 98 112 135 55 71 116 115 78 180 177 78 55 65 23 25 43 45 84 137 146 101 48 17 24 39 81 12 0 86 56 58 65 48 36 14 15 21 51 69 62 65 19 97 35 5 82 173 136 20 46 49 21 119 206 114 53 56 91 96 78 74 89 47 127 76 58 117 166 72 48 91 119
56 64 82 81 79 63 34 38 52 43 17 31 43 30 30 25 18 29 46 20 5 17 15 26 41 24 25 41 65 68 77 72 68 55 70 151 228 162 53 31 47 13 16 38 33 36 63 81 56 22 10 51 60 91 46 56 147 110 108 89 47 51 45 45 14 12 63 82 70 7 59 69 51 92 141 124 51 24 18 4 79 137 69 18 34 86 131 101 88 89 93 72 50 31 73 105 64 10 48 100
48 75 103 95 84 65 28 21 30 59 66 36 44 33 51 65 74 60 58 27 17 29 19 27 28 56 56 21 14 35 46 73 39 40 39 115 121 88 51 23 30 31 47 50 26 11 20 31 37 29 35 83 59 73 79 147 237 224 223 106 33 51 80 53 52 14 50 81 84 45 43 47 47 103 75 19 53 37 38 56 85 93 126 78 37 28 73 108 89 74 3 22 53 76 91 89 71 34 63 77
16 55 94 51 66 58 32 39 54 71 85 45 35 45 71 58 60 58 25 33 49 32 33 39 37 25 22 93 59 51 58 91 76 41 77 46 27 7 42 31 8 12 20 24 20 17 24 35 44 45 61 35 11 51 58 157 255 255 245 126 73 130 83 97 108 28 78 29 63 109 45 45 13 88 86 6 66 55 46 81 63 50 127 98 53 66 69 45 44 27 16 45 121 133 91 83 57 22 71 36
28 17 11 80 68 48 53 50 79 64 51 28 51 68 74 45 31 29 34 49 52 35 30 42 22 12 28 62 42 25 0 103 37 67 76 60 22 35 57 18 16 4 4 18 27 29 40 57 63 50 42 20 10 60 54 128 238 247 255 124 109 209 110 92 141 67 73 17 71 84 51 57 21 87 71 82 101 143 103 33 5 20 43 28 22 44 53 41 35 85 75 71 102 115 67 33 17 22 77 57
35 36 39 110 84 33 23 30 64 43 36 39 83 89 92 83 62 30 46 37 15 27 54 102 122 63 22 20 15 31 14 113 34 61 93 103 88 87 76 54 43 47 50 55 63 67 54 37 61 20 23 63 106 151 75 99 241 255 232 121 149 251 145 85 130 49 33 40 31 22 31 82 0 85 69 85 59 107 107 32 39 106 113 97 90 59 26 0 33 55 13 24 9 13 28 54 17 65 122 138
37 0 4 45 117 59 5 62 38 33 42 54 83 64 94 150 63 34 100 99 58 56 39 58 102 67 44 72 40 44 51 34 30 33 111 95 103 63 43 52 35 65 68 47 62 103 103 67 142 204 117 153 78 0 99 164 231 254 139 65 111 177 125 45 77 64 58 84 0 76 64 60 59 71 36 38 121 144 128 39 138 182 176 97 74 46 55 60 57 53 52 139 79 32 39 47 94 116 97 86
28 60 67 4 40 59 46 61 47 42 38 41 59 19 56 149 109 46 83 65 44 79 58 55 59 47 56 80 35 34 64 58 8 32 68 46 57 32 64 59 11 33 22 0 0 60 99 96 193 252 243 252 194 130 173 231 249 255 113 29 68 133 114 49 56 14 8 88 37 74 4 40 0 0 51 48 102 68 75 48 106 114 165 79 64 47 63 59 55 37 47 123 46 48 82 39 29 37 3 0
83 40 16 87 81 66 53 17 43 43 28 30 72 29 21 76 66 10 37 26 45 119 99 65 24 7 65 112 129 101 23 30 62 69 0 41 50 42 117 87 33 45 55 51 45 53 78 102 109 197 237 255 255 220 242 237 247 240 127 6 26 125 95 58 62 61 41 41 66 85 39 93 54 10 79 93 71 43 67 54 102 54 98 31 44 65 83 63 47 32 61 115 51 84 133 84 59 74 82 63
120 123 121 155 127 140 110 0 10 42 31 26 94 69 24 26 38 23 44 12 25 111 113 78 32 0 61 120 150 116 21 6 108 94 36 64 47 34 101 76 0 24 68 98 79 39 35 60 42 75 185 182 254 255 245 255 255 236 141 33 36 124 100 75 93 72 50 61 69 42 69 139 118 71 87 92 65 49 87 65 84 32 31 27 66 109 103 63 31 29 59 71 18 25 65 71 62 62 98 59
76 103 115 44 116 230 186 45 0 51 40 11 83 83 42 29 65 91 107 33 0 63 80 57 43 37 91 131 84 55 81 58 46 77 149 77 30 36 97 93 19 45 83 96 65 23 17 38 54 58 98 103 184 160 223 255 247 217 102 43 37 76 82 56 81 72 60 91 32 43 98 59 61 62 44 41 87 55 81 40 89 60 16 58 99 136 101 50 0 52 97 68 25 10 22 51 34 27 92 50
36 11 0 11 39 93 126 92 82 76 52 74 105 64 41 61 113 116 62 66 25 42 30 3 41 45 122 118 91 62 55 43 28 36 100 65 41 38 102 125 49 67 81 109 86 55 41 42 79 55 33 50 69 65 142 251 219 124 6 73 31 65 53 33 61 60 39 46 67 92 201 62 15 52 0 86 111 61 62 0 44 45 20 34 73 70 86 38 19 84 146 59 60 39 30 62 38 1 33 77
25 50 122 27 28 16 41 117 168 121 79 68 73 61 48 57 103 66 15 69 67 69 47 36 42 27 85 96 88 65 43 14 62 46 51 34 31 0 62 51 17 37 30 113 65 80 99 43 44 64 13 44 101 98 188 247 195 67 8 80 12 55 44 46 79 71 64 42 95 97 215 115 60 46 24 91 112 44 56 18 38 21 56 20 33 33 42 34 51 78 104 32 65 45 28 27 29 26 29 81
10 3 68 9 69 85 96 149 125 70 49 37 39 60 37 29 33 58 20 31 75 164 132 44 30 29 73 58 23 22 60 78 67 83 66 108 77 3 53 50 5 47 50 68 9 55 93 48 59 96 46 38 95 124 210 238 102 38 0 57 2 38 45 53 107 71 92 133 141 11 67 99 70 41 52 48 64 32 77 45 61 50 111 92 39 1 1 21 23 0 28 61 159 109 79 69 67 95 96 177
59 37 10 31 27 52 78 52 40 19 24 25 51 89 41 40 16 15 14 64 71 67 50 65 96 39 9 1 30 84 94 48 70 101 60 127 89 52 73 87 87 70 95 71 68 43 6 33 0 26 59 56 95 128 104 38 86 144 41 70 31 30 42 16 16 82 75 80 99 96 60 18 62 75 77 14 19 65 147 96 38 50 100 160 81 23 50 83 72 29 43 108 216 158 122 95 14 35 58 117
134 138 74 101 48 48 70 34 37 46 33 25 64 99 40 75 25 51 56 63 69 79 53 46 39 34 30 30 50 116 129 69 74 110 86 82 88 86 47 0 0 58 144 134 133 122 58 52 67 49 59 109 165 242 215 74 53 132 50 69 34 45 61 9 41 82 30 33 48 64 14 1 40 80 56 28 37 117 211 186 81 70 113 134 73 11 34 45 11 7 6 22 109 122 117 76 40 43 89 54
138 132 94 61 78 64 24 2 47 68 28 22 56 76 26 89 66 62 62 81 110 108 73 80 38 44 28 29 48 128 152 90 110 159 156 15 58 113 155 137 132 71 64 255 255 185 74 25 32 37 3 147 193 237 241 60 109 82 73 97 28 70 76 15 25 86 54 35 46 61 45 31 44 58 8 41 56 89 135 174 53 15 105 57 70 47 40 26 25 36 36 33 56 73 57 35 41 36 107 29
62 52 80 17 69 72 37 31 48 59 11 27 41 50 23 85 36 49 65 58 62 46 26 63 107 95 48 32 21 84 111 61 85 156 165 19 38 66 107 120 124 78 28 211 187 131 54 31 125 149 66 233 241 236 239 103 133 38 42 86 22 78 91 30 64 100 54 84 96 111 74 26 87 75 14 35 60 55 25 98 35 0 62 30 69 73 36 19 41 37 46 63 46 62 35 66 66 21 86 82
68 37 76 27 43 65 58 17 58 46 0 19 9 14 12 65 34 36 31 14 55 72 35 33 113 103 61 59 34 68 78 28 54 98 79 51 87 110 86 96 83 100 70 138 118 85 36 91 180 180 72 227 244 250 226 160 203 116 56 92 43 68 85 12 57 88 16 95 60 94 65 47 85 86 41 27 88 113 48 125 56 20 0 39 48 57 20 19 40 29 19 14 0 58 58 119 124 14 40 131
69 70 71 43 51 46 44 15 46 62 28 24 29 34 32 85 57 64 78 91 177 191 117 47 69 73 49 96 48 60 80 48 65 97 95 76 78 132 172 201 179 115 36 128 33 93 88 134 124 158 17 246 229 246 106 96 132 109 128 109 93 91 64 54 71 62 40 32 44 51 54 57 115 128 72 61 122 131 29 119 74 60 10 34 29 14 11 44 73 71 32 85 37 32 39 112 87 47 103 86
62 53 56 52 28 34 33 9 29 58 31 52 45 61 53 115 60 81 125 140 205 227 162 70 29 46 64 91 48 111 148 71 91 152 115 147 119 88 141 238 208 133 80 66 7 111 139 205 117 227 139 250 245 255 6 1 40 16 33 69 113 94 40 65 70 51 47 29 35 43 57 68 127 136 72 107 64 95 27 134 53 103 40 44 22 25 29 65 107 89 63 167 123 30 56 67 24 66 128 76
78 41 35 45 0 24 42 19 19 54 30 65 49 69 44 92 48 47 70 50 69 99 104 76 36 42 60 63 45 95 126 92 54 122 102 245 212 229 255 244 182 108 119 176 23 219 189 221 81 240 249 250 204 239 16 73 93 57 23 40 92 55 0 60 65 37 62 46 59 72 77 69 116 104 31 77 3 84 98 186 58 72 32 108 60 29 43 64 53 64 39 96 108 33 86 98 8 63 101 76
68 25 37 49 0 42 82 45 0 33 19 40 36 55 31 51 48 53 85 88 104 67 32 31 90 116 111 77 74 54 31 54 31 0 42 253 248 243 238 250 239 79 226 242 197 160 208 232 252 255 243 249 222 255 131 112 148 116 57 33 48 27 0 84 54 33 85 82 113 140 124 76 34 65 62 90 54 88 117 117 92 41 53 179 106 50 115 95 8 89 62 27 102 90 40 18 106 123 95 74
18 5 64 69 30 56 107 62 43 66 59 34 31 33 33 39 47 50 47 63 143 104 32 42 65 103 104 64 59 52 47 82 73 78 122 61 198 248 255 152 219 199 248 239 203 131 133 177 206 202 179 213 153 128 126 76 99 71 45 42 33 27 7 86 37 39 92 92 117 152 137 77 67 107 92 58 36 25 71 74 50 29 57 110 62 36 153 107 1 91 50 51 168 214 117 33 45 79 55 25
9 14 78 70 36 38 88 63 54 61 57 14 5 0 19 35 57 92 82 80 176 141 53 60 88 66 82 97 37 15 34 40 112 171 220 84 71 182 153 144 193 255 227 234 238 237 235 200 234 255 215 249 207 96 150 64 76 36 26 54 42 44 12 64 22 47 68 66 55 75 77 44 54 89 59 57 53 24 17 31 26 43 36 25 64 47 125 93 15 48 0 48 101 141 139 59 19 26 32 20
59 47 66 73 55 50 68 67 58 41 36 41 48 42 59 84 123 153 132 95 142 98 35 61 72 30 60 155 91 50 55 29 94 155 117 60 105 11 149 71 249 250 142 239 238 229 225 195 228 255 224 255 255 128 208 111 102 72 40 49 48 77 36 68 14 52 39 64 31 25 32 28 42 58 27 39 59 51 20 27 33 40 7 0 72 40 51 32 7 40 10 83 72 84 135 105 92 38 40 9
100 68 52 97 105 103 76 77 67 21 1 53 68 57 36 52 102 98 83 64 98 53 14 52 77 61 38 113 83 85 92 57 78 94 76 42 94 143 105 219 97 184 70 196 227 255 229 224 255 233 226 255 255 124 199 83 133 134 76 37 38 92 41 57 13 54 28 96 71 48 49 57 78 86 63 22 33 35 31 30 74 75 49 32 66 47 42 14 13 73 84 91 75 87 98 104 57 35 78 19
67 51 55 46 89 65 53 107 96 46 21 8 28 26 0 5 50 61 62 72 68 38 43 52 111 108 60 124 63 64 88 96 104 162 183 199 255 162 176 134 102 60 115 136 221 255 255 217 222 255 252 249 250 147 133 56 130 129 105 9 28 76 68 30 21 58 30 61 33 21 57 37 47 80 34 35 24 40 27 41 64 64 32 63 106 92 71 45 60 41 88 114 28 12 46 100 100 55 53 87
22 28 37 17 47 29 16 53 105 56 28 34 82 92 45 32 112 119 111 126 54 70 74 49 95 128 61 164 123 73 90 72 71 84 224 245 195 205 41 125 43 60 76 135 142 147 127 51 71 200 255 219 181 138 153 47 83 80 108 52 24 96 74 52 10 54 6 42 14 29 47 14 31 29 0 20 30 37 33 46 33 33 37 72 115 95 46 45 47 24 74 101 31 2 55 142 147 107 96 111
41 23 28 44 76 40 22 68 69 26 4 43 103 109 62 59 128 149 132 129 57 69 50 6 54 83 7 86 73 67 100 88 19 17 105 144 95 142 23 71 72 52 27 68 31 54 103 109 117 75 25 151 56 123 98 95 85 79 115 60 75 142 80 55 14 57 3 62 45 69 71 37 20 26 17 40 15 12 25 40 41 44 39 13 30 32 4 47 31 42 68 34 7 22 55 76 67 53 56 67
55 47 54 76 78 19 0 25 73 38 16 54 72 49 13 34 19 56 43 46 89 83 63 54 36 46 24 39 15 70 72 46 55 91 62 115 51 22 71 73 30 0 22 41 27 46 61 73 44 65 63 33 128 123 84 48 63 74 76 0 81 89 18 2 20 54 8 69 72 80 97 79 22 52 50 67 2 23 36 35 21 95 119 74 60 43 6 22 38 30 43 20 37 39 46 55 39 49 61 63
26 73 91 87 70 47 29 30 23 20 7 35 31 40 33 43 34 37 0 28 98 73 38 47 57 49 60 63 15 76 78 31 6 38 22 81 26 17 67 105 87 48 79 89 84 95 61 25 10 19 57 73 59 65 41 23 47 71 65 21 73 31 5 20 74 102 46 47 61 65 126 124 48 53 21 69 20 80 76 59 17 90 84 50 40 31 39 50 56 60 68 35 56 60 56 54 44 60 59 40
144 145 103 86 65 55 42 31 21 41 26 35 21 78 74 19 49 31 0 83 110 102 46 39 48 32 21 54 13 43 89 53 87 107 100 41 40 48 52 50 12 28 45 130 105 68 45 30 32 44 64 76 72 81 50 23 21 19 29 79 37 16 20 31 139 170 95 38 47 57 143 145 84 58 10 73 40 96 95 95 27 55 41 60 70 49 61 62 64 76 65 15 36 75 57 19 17 41 42 25
151 102 26 34 29 28 32 40 22 40 39 77 74 158 152 51 39 47 19 89 114 106 40 27 17 15 7 38 28 39 54 42 159 211 152 58 91 75 79 39 100 125 122 146 94 26 23 45 77 44 59 61 30 45 85 55 20 11 37 93 30 62 49 19 108 146 82 59 61 46 101 107 77 65 42 72 45 68 93 107 67 43 31 48 53 42 44 47 52 20 5 15 36 59 36 29 0 20 26 18
78 70 18 19 0 2 19 26 41 39 47 115 104 169 152 39 20 67 24 26 105 83 32 42 20 23 34 20 47 95 62 92 180 199 60 110 164 162 72 37 88 125 161 68 70 61 50 35 43 72 47 9 27 33 55 53 19 44 83 62 33 91 55 0 37 79 47 103 103 47 52 65 35 51 58 52 47 58 97 96 102 58 56 35 18 30 27 34 29 34 32 24 12 50 32 17 19 39 30 13
71 86 38 48 41 28 19 24 49 58 36 48 69 103 112 24 30 88 84 57 110 139 82 54 33 9 39 78 41 98 158 157 131 122 46 164 217 194 75 20 41 87 90 45 30 38 53 75 105 103 90 90 46 51 58 33 30 60 108 41 26 150 96 0 47 9 81 100 119 75 57 30 6 24 40 31 41 10 64 61 95 37 45 47 38 59 45 34 23 22 27 5 9 28 28 27 26 48 65 63
51 11 20 72 104 68 28 27 55 44 34 20 36 53 34 30 62 106 123 60 174 198 131 72 23 22 41 49 28 111 167 146 114 112 43 112 182 192 120 58 98 120 112 71 41 33 29 84 122 110 101 142 116 76 57 62 57 63 69 46 36 149 108 60 55 7 64 100 103 51 33 32 15 71 48 0 54 7 27 46 47 8 24 42 75 110 79 54 29 20 30 22 13 12 11 25 41 38 39 48
48 70 103 75 115 96 28 3 40 39 26 38 71 51 21 49 55 81 76 30 150 202 133 85 25 20 22 34 52 120 119 55 48 85 69 105 165 174 124 48 25 33 43 67 97 105 11 18 28 48 55 111 107 55 34 76 111 89 42 57 52 123 81 67 67 18 44 85 80 43 17 17 34 105 94 35 99 49 56 49 51 7 33 33 47 104 109 75 40 46 64 53 31 36 24 22 20 10 8 20
33 89 98 60 85 42 0 18 67 78 27 63 97 50 32 12 103 140 112 34 58 80 52 11 30 36 51 58 41 36 22 0 75 91 57 49 64 94 106 85 82 51 19 41 118 187 70 51 3 44 17 34 59 57 44 74 125 108 49 68 75 94 54 41 49 21 21 62 69 75 47 31 9 43 74 30 46 19 63 0 25 0 66 57 22 67 91 39 5 38 59 43 50 132 144 115 84 48 17 10
56 103 109 125 98 57 45 65 66 65 26 39 68 71 72 38 104 140 109 37 16 19 90 101 69 57 59 58 48 41 60 78 70 71 50 69 50 64 60 55 37 29 31 58 101 144 34 31 31 61 10 19 78 107 62 31 44 65 47 46 62 48 33 22 54 42 26 61 56 62 40 30 32 32 64 26 6 0 65 0 4 2 62 44 47 69 64 27 45 65 64 49 78 215 247 209 159 90 24 3
40 64 121 182 88 60 91 64 52 31 48 0 0 37 5 16 33 72 80 198 183 127 70 99 91 52 28 17 44 77 116 119 94 59 36 67 51 74 71 68 17 3 18 44 48 62 24 76 80 73 10 15 48 66 31 2 0 36 54 36 39 10 14 14 54 45 26 57 33 8 1 23 44 57 62 41 34 6 50 30 42 54 54 22 109 107 49 46 64 47 31 32 38 133 133 93 88 46 10 7
34 3 84 167 101 50 77 84 28 23 74 17 27 70 28 101 67 86 87 192 255 204 62 103 132 101 88 52 46 65 115 119 82 41 38 48 49 84 102 84 38 7 14 32 25 30 40 87 155 109 36 20 0 0 20 37 39 48 64 62 56 26 7 14 19 19 2 28 20 0 14 41 48 68 55 69 75 32 44 60 54 58 64 42 134 112 49 51 53 23 17 45 26 74 43 5 16 11 15 25
42 30 68 60 80 76 51 32 15 33 51 17 46 58 34 138 146 173 175 8 178 134 60 73 127 71 53 29 30 41 83 78 49 22 42 18 28 69 116 89 38 12 15 19 17 34 71 90 116 83 58 78 43 40 59 62 67 32 31 67 67 48 0 0 26 32 3 7 17 13 29 28 43 37 16 54 48 9 24 49 48 13 47 27 64 64 77 88 57 28 28 59 29 72 43 11 48 31 16 17
15 29 16 0 50 59 37 12 17 58 26 30 60 46 7 101 119 133 130 12 71 30 0 60 36 19 0 47 37 26 31 38 25 25 25 13 27 46 41 50 37 28 16 43 56 39 91 45 78 26 35 33 69 76 66 56 35 38 44 32 33 29 5 6 22 41 18 12 26 27 28 24 7 23 10 33 57 48 17 78 63 47 70 40 23 45 87 91 51 23 63 19 9 68 36 14 49 44 12 27
6 27 20 0 28 29 25 23 37 20 25 46 162 105 44 61 120 56 80 30 39 5 1 43 83 89 65 87 71 52 39 35 44 42 48 46 54 49 22 22 69 54 22 37 51 32 72 31 36 15 42 36 50 48 38 27 19 27 36 29 43 48 13 0 18 40 41 42 35 21 29 29 38 31 30 43 82 63 34 155 91 74 94 61 45 59 77 58 28 26 52 70 63 125 52 15 51 67 68 49
45 56 39 5 31 29 40 59 60 28 28 13 139 111 55 3 84 7 25 30 93 136 95 39 76 97 71 82 102 101 70 54 95 77 74 71 72 60 41 59 92 85 44 43 43 10 33 7 59 55 73 48 35 26 11 0 25 23 32 40 65 70 36 22 24 42 49 41 9 5 36 34 64 85 76 23 87 90 30 116 51 47 85 63 45 48 57 32 34 65 56 50 69 156 99 24 27 22 26 0
55 53 29 0 27 10 1 9 14 17 22 24 85 117 93 71 43 60 64 46 115 168 108 75 103 108 66 75 142 157 113 94 66 46 41 35 29 19 22 65 96 109 80 77 62 20 31 25 43 48 57 41 40 56 60 41 16 4 12 25 45 45 32 50 77 86 78 46 20 69 129 106 131 172 126 38 121 113 7 5 40 47 109 101 71 55 69 65 106 94 77 57 62 33 28 20 19 36 81 71
38 47 45 40 77 51 24 18 6 3 15 38 23 17 0 16 46 70 55 36 69 77 44 98 112 95 40 29 97 99 51 49 49 51 68 65 47 23 19 61 67 84 69 79 65 33 35 37 66 76 73 55 29 29 26 6 5 13 24 13 14 23 30 59 82 90 71 31 36 138 205 144 107 133 79 72 185 147 66 60 52 46 107 113 80 47 58 67 89 129 136 84 57 20 47 48 29 22 45 40
31 49 54 45 75 53 36 38 33 24 38 17 16 7 9 17 49 25 14 17 37 50 43 67 87 77 45 20 64 50 22 49 58 74 96 84 59 32 15 39 49 51 40 63 48 29 21 17 33 61 72 78 38 19 17 8 13 47 60 22 12 35 42 54 70 75 58 35 58 155 195 112 69 91 43 68 140 89 50 61 34 5 53 72 66 46 51 50 59 50 45 69 50 39 77 130 80 47 47 30
81 93 79 46 62 38 23 25 46 61 78 13 26 34 42 19 24 34 59 36 23 39 47 26 21 35 46 21 50 35 26 66 78 87 91 65 52 48 31 37 53 56 64 93 57 38 27 20 20 42 52 84 47 23 24 26 28 46 52 25 22 38 34 42 45 33 18 21 39 84 95 29 14 56 48 57 68 50 32 48 30 0 32 53 73 81 86 67 30 45 46 7 0 38 77 73 12 36 104 66
70 84 73 49 78 60 37 25 15 57 101 72 64 45 19 2 11 44 69 34 30 32 30 7 0 17 51 25 45 31 21 51 61 64 56 28 34 53 37 29 35 54 91 127 67 41 36 36 25 25 16 63 42 26 32 39 56 34 29 33 44 41 29 52 61 30 14 37 44 46 48 16 32 67 95 99 65 53 23 50 22 0 26 32 53 75 81 50 69 116 187 99 51 47 90 68 27 43 108 27
34 27 38 44 76 58 57 57 38 20 70 84 48 35 37 55 37 19 6 52 0 8 16 20 16 8 23 31 54 28 31 48 46 25 27 17 25 61 51 17 19 47 85 121 63 33 39 37 26 0 16 5 32 37 35 45 56 37 22 29 35 22 26 54 63 57 33 42 54 50 12 34 45 63 72 94 68 57 43 53 38 64 61 23 20 69 82 71 87 122 195 130 68 97 174 206 166 78 53 19
17 47 53 38 65 39 45 87 56 31 60 62 43 70 89 90 54 9 9 14 32 55 30 30 25 29 28 45 66 38 32 45 30 14 24 20 18 41 42 33 28 41 49 67 20 6 26 42 29 22 31 25 42 49 38 27 36 34 34 39 35 20 23 46 77 61 35 67 78 59 20 25 39 46 45 35 31 48 33 21 49 67 71 46 40 75 113 137 94 88 98 55 22 64 153 207 125 66 15 18
7 58 107 104 83 39 37 55 58 31 48 54 65 115 118 70 21 15 59 0 65 138 99 66 22 44 17 34 38 9 5 25 30 8 12 7 4 18 24 34 27 35 24 42 20 18 38 62 31 42 52 90 97 79 48 23 26 29 35 42 45 45 46 50 80 60 28 79 81 49 25 15 40 46 59 22 30 55 34 9 22 38 54 44 19 0 23 53 35 36 35 58 52 53 77 101 108 88 17 36
102 80 111 98 34 44 99 87 13 25 65 70 61 99 114 75 4 56 143 41 25 71 69 54 78 104 55 59 45 21 25 56 70 41 29 15 18 33 32 38 51 51 24 41 36 35 41 59 66 62 57 131 129 86 56 48 44 35 32 43 67 90 87 64 94 87 53 100 91 72 85 76 0 0 37 7 23 42 43 47 61 60 60 47 29 0 32 59 34 48 29 73 72 47 32 38 88 102 57 43
87 60 88 105 72 100 120 70 42 55 69 63 54 81 105 86 24 0 41 45 38 82 111 87 94 102 48 45 34 25 23 43 73 62 51 27 28 41 29 27 43 34 0 24 33 42 49 63 87 61 22 67 59 36 35 48 45 33 29 34 54 83 78 40 58 71 40 65 50 58 103 108 75 44 52 25 25 10 19 47 55 53 46 37 47 31 67 69 38 60 25 44 40 27 19 29 52 87 105 52
51 60 45 56 86 118 93 68 117 145 131 95 63 52 66 65 49 16 22 53 13 61 138 126 86 66 36 31 36 45 29 26 35 49 55 31 27 29 12 15 23 16 0 30 34 43 50 55 66 51 15 12 11 25 38 42 43 43 52 46 36 52 53 21 17 37 8 15 3 21 52 63 77 38 23 35 42 16 20 35 33 46 47 43 73 64 103 83 12 43 34 36 40 36 25 24 16 54 111 66
30 65 33 28 62 91 57 55 124 224 232 163 80 20 32 65 59 34 13 22 4 63 122 89 51 18 33 16 20 37 26 20 30 40 47 35 38 35 16 30 44 36 27 52 26 24 35 36 47 48 54 35 47 64 63 52 53 59 76 64 35 46 62 44 38 47 25 37 46 54 35 38 83 71 36 65 66 40 31 9 18 35 31 19 55 62 139 137 46 52 57 38 53 61 49 40 14 30 63 70
33 59 40 26 21 58 54 52 125 231 226 167 122 70 53 59 60 43 37 37 23 39 74 73 31 0 52 17 5 24 29 39 38 25 18 18 38 34 14 34 45 32 23 42 5 16 56 72 31 25 60 45 63 60 44 38 33 34 49 38 11 31 60 50 38 36 25 57 92 91 29 24 41 62 15 44 40 37 43 7 2 32 42 29 52 39 119 122 67 47 59 30 52 57 34 15 56 47 34 86
29 40 22 20 0 18 41 42 46 106 120 88 66 88 70 79 76 74 60 37 57 46 51 62 18 11 53 39 19 23 50 51 47 29 11 20 36 31 25 34 31 34 2 20 6 35 91 94 37 37 44 52 47 31 18 15 15 20 31 27 9 12 33 45 42 37 2 56 118 123 68 38 51 37 24 22 36 60 57 31 36 77 84 199 159 48 61 54 38 105 75 51 42 29 2 13 80 101 79 38
72 47 10 25 13 16 15 5 13 20 4 5 35 80 59 64 82 71 55 43 82 77 70 65 55 13 45 53 35 12 33 52 37 21 8 19 39 38 35 46 47 29 9 53 65 72 73 71 59 66 69 60 42 27 25 29 31 22 21 18 10 15 23 22 71 65 20 57 107 121 93 87 95 96 81 59 49 51 56 63 79 85 107 250 221 74 18 0 35 105 77 52 54 60 45 59 85 68 46 36
133 79 25 48 39 28 20 18 48 37 17 25 40 51 10 16 29 25 22 27 80 84 79 74 56 1 28 45 37 13 31 50 28 15 4 16 38 40 38 49 61 45 32 60 82 85 37 38 108 109 97 74 59 58 59 56 62 60 66 63 47 40 41 35 89 77 11 11 24 21 2 11 64 77 61 44 43 31 34 67 86 40 33 142 137 57 27 36 35 88 62 66 84 92 95 138 114 49 26 51
164 110 52 66 44 35 50 72 42 34 15 18 27 48 40 78 0 9 17 15 49 42 42 47 29 0 28 28 25 26 43 38 25 15 4 13 32 34 31 41 58 68 59 34 46 70 19 38 102 84 51 28 35 53 46 23 23 52 87 81 37 10 14 23 67 66 12 17 31 35 30 52 19 28 9 20 63 53 33 63 69 27 15 57 49 41 39 66 55 72 46 88 115 97 110 192 149 54 30 72
