40 93 62 7 15 58 75 49 20 30 34 26 65 16 26 37 5 11 33 42 39 56 61 34 15 25 53 62 43 39 42 29 29 21 59 65 63 29 26 26 27 23 24 32 43 45 36 26 40 52 31 23 21 62 51 28 29 23 50 81 107 44 80 67 37 53 90 79 24 46 59 95 76 27 24 48 34 53 44 41 58 58 44 28 18 9 10 25 34 27 27 29 18 5 18 43 29 14 13 30
54 92 65 27 29 46 47 22 10 39 43 27 50 16 29 44 38 36 38 48 1 88 112 65 43 31 39 45 31 27 35 32 22 19 56 67 67 33 27 27 11 11 16 29 43 47 39 30 72 96 86 52 21 29 25 13 8 9 34 47 63 36 58 43 36 33 37 38 34 44 90 119 69 38 40 53 32 52 39 30 31 29 13 3 12 23 33 47 55 41 25 16 15 21 32 42 36 28 21 19
60 97 93 75 62 46 37 19 11 54 48 28 30 8 20 38 46 70 78 69 11 71 95 73 71 43 32 32 20 13 22 30 17 17 40 53 55 26 25 30 15 13 15 23 33 36 31 24 70 136 178 131 64 18 15 14 1 6 28 22 23 38 33 19 55 40 13 21 57 42 88 96 41 33 42 44 22 44 21 0 8 19 16 12 26 43 55 66 55 39 15 2 13 35 40 33 34 38 34 23
31 81 100 93 67 41 36 22 0 33 22 18 24 15 25 49 80 94 78 34 37 19 44 90 57 38 25 22 15 13 24 37 25 26 27 40 42 20 28 42 47 40 30 25 24 22 17 12 27 124 212 170 92 20 25 37 15 16 38 26 14 52 19 10 48 43 22 32 69 52 51 44 49 47 43 32 22 61 38 6 0 20 21 10 14 26 41 55 41 29 13 6 17 30 29 19 18 26 33 38
31 73 87 78 59 53 54 27 10 26 4 14 29 12 10 33 67 50 23 0 36 3 9 49 31 26 18 16 21 29 44 61 35 44 30 49 51 29 34 50 64 57 47 36 26 16 7 1 1 75 145 113 61 11 28 43 24 17 41 37 22 62 14 10 36 45 41 37 42 47 0 0 60 54 35 18 25 79 58 26 14 24 16 3 8 19 28 39 30 22 17 17 17 14 15 21 11 8 19 42
57 73 65 56 55 70 70 23 24 27 6 15 44 15 8 20 39 22 19 30 13 20 26 26 48 36 22 29 48 52 55 71 24 50 35 68 70 39 30 39 39 40 40 36 28 15 3 0 9 39 65 50 32 15 19 19 18 8 30 34 26 62 19 12 0 3 22 24 23 62 29 39 34 40 36 36 47 86 47 15 14 16 12 20 38 36 21 13 8 6 9 12 9 6 18 36 22 11 14 35
45 49 42 44 47 62 59 6 0 12 12 17 66 41 46 51 62 50 50 35 3 27 71 83 78 41 18 52 90 71 44 52 3 44 30 77 80 41 19 22 15 19 24 26 23 17 12 9 24 33 31 31 22 25 16 10 19 14 28 25 28 63 38 18 27 33 42 37 21 25 18 11 18 38 50 59 60 76 32 14 5 8 15 33 45 26 0 0 0 7 10 7 4 10 21 29 27 22 22 27
25 37 50 65 61 61 57 11 3 30 40 25 74 45 55 49 39 34 38 0 36 19 58 81 78 21 0 63 120 83 30 31 0 40 25 78 81 40 15 16 15 17 19 20 20 23 28 32 31 37 23 23 4 19 18 28 30 30 35 22 32 68 58 26 18 20 34 46 44 15 40 13 17 33 37 34 23 35 12 23 34 36 38 41 34 9 3 21 18 31 31 15 9 16 14 2 14 23 27 21
38 58 29 39 46 29 46 32 42 61 59 38 37 31 66 40 14 33 10 0 35 39 13 13 14 23 34 55 91 69 59 36 20 14 25 67 78 64 48 24 11 20 22 15 13 23 35 39 40 25 13 11 12 11 12 16 34 22 29 31 29 41 35 31 27 37 44 40 30 27 38 25 17 9 8 8 0 28 11 27 36 44 45 54 55 26 13 38 43 46 41 29 19 14 5 0 14 21 24 20
63 62 16 16 23 12 26 10 20 48 42 9 7 26 55 46 22 51 41 24 48 58 25 0 6 32 57 69 79 47 50 43 31 4 9 27 53 57 49 30 16 10 14 24 20 11 22 44 39 25 13 11 11 7 3 2 25 19 18 21 36 33 41 42 63 71 73 59 37 31 33 18 34 21 15 14 7 31 10 18 28 31 32 43 50 27 16 37 50 40 33 27 13 0 6 22 11 18 21 17
93 72 19 16 25 20 30 9 0 37 44 12 8 39 35 40 31 44 42 36 49 63 50 25 25 28 35 45 65 44 48 32 45 2 14 0 25 34 26 11 12 8 14 24 19 8 16 36 23 13 7 12 18 17 11 6 35 40 31 35 65 26 39 36 68 75 76 60 39 49 56 50 45 28 15 14 10 24 4 4 17 12 9 25 41 35 33 52 54 44 34 32 31 29 29 31 26 32 35 31
89 63 25 30 39 39 45 23 2 49 62 39 25 43 5 25 38 22 29 43 37 32 36 33 37 22 19 35 62 46 41 6 43 12 53 12 27 21 9 1 6 16 20 16 14 18 20 16 7 2 2 11 22 24 16 8 38 56 48 57 96 25 34 23 41 48 49 34 16 50 61 66 47 31 17 14 13 17 9 9 24 8 0 14 31 35 40 53 41 43 36 37 66 92 70 26 26 32 34 29
57 34 18 28 30 32 41 26 39 64 68 53 35 32 0 23 42 26 41 53 26 6 6 0 19 22 43 58 60 32 36 9 27 25 93 53 48 29 23 27 13 17 18 15 18 22 17 7 8 5 5 10 17 17 7 0 13 36 36 51 94 26 36 26 28 37 40 23 0 43 38 38 46 37 27 22 21 16 27 34 36 17 10 21 27 26 25 26 29 30 24 31 69 101 78 30 33 38 40 34
37 16 18 26 16 19 34 30 36 49 58 63 57 40 14 36 43 44 52 40 19 28 37 21 15 14 36 47 45 30 58 44 20 34 98 75 56 31 33 45 24 11 11 25 27 13 6 11 12 13 12 13 16 17 10 1 4 18 20 31 63 23 36 33 27 43 57 48 24 73 45 37 39 37 32 27 27 11 37 47 26 11 17 31 30 25 22 13 39 25 17 24 36 41 35 29 44 50 51 46
25 7 26 37 18 21 35 36 26 34 43 56 65 47 50 44 43 43 37 23 26 57 77 68 37 13 19 30 41 43 78 57 20 32 68 72 54 29 33 38 22 13 16 27 23 6 2 11 8 12 12 11 13 18 18 13 15 15 19 21 30 21 28 30 27 45 64 62 41 99 59 45 31 33 30 26 28 2 33 39 15 3 16 32 29 31 37 32 33 27 25 26 17 4 7 20 22 28 31 27
7 0 27 45 25 26 36 36 46 42 32 28 41 31 63 41 44 31 22 26 42 57 65 65 51 29 39 52 57 49 70 38 17 22 37 66 57 38 38 34 10 23 29 20 10 8 7 5 4 8 8 3 2 8 11 9 18 11 20 19 13 23 22 24 30 43 55 48 23 84 38 23 31 33 30 28 31 0 28 28 23 8 17 28 21 30 50 51 4 21 34 32 25 22 20 16 2 9 13 11
7 38 65 61 43 34 40 49 49 36 35 41 24 1 14 48 45 26 10 10 19 29 39 47 42 26 29 59 67 30 6 20 21 16 23 48 72 74 58 42 32 36 40 28 9 11 16 7 10 6 3 2 5 9 13 14 15 20 16 7 9 22 28 24 28 36 37 38 37 25 18 28 44 65 55 23 14 24 26 23 25 32 35 26 18 61 46 52 16 0 20 25 0 40 43 42 31 18 8 8
54 86 97 67 34 30 44 54 52 37 23 17 16 18 28 40 35 11 3 22 39 39 41 49 37 23 13 22 30 14 3 15 33 25 21 37 70 91 81 57 24 27 34 29 12 11 18 16 12 10 7 6 9 12 14 14 12 11 11 12 11 12 17 24 26 33 34 39 50 46 31 27 52 61 38 6 14 39 40 28 40 48 52 45 33 57 27 21 25 11 0 4 21 31 45 40 40 32 25 26
58 95 107 70 33 29 38 39 55 46 28 19 37 65 73 63 31 7 8 43 67 58 44 44 37 30 14 10 21 25 27 36 48 48 41 36 52 73 69 49 20 16 24 25 12 9 17 19 14 12 11 11 14 15 16 15 18 11 13 20 15 4 5 15 30 34 32 42 70 76 52 29 30 28 12 5 22 37 37 36 52 54 54 48 37 46 15 1 35 34 3 1 40 15 34 25 40 36 36 39
30 54 65 47 27 23 26 26 26 27 20 16 33 61 67 57 22 5 6 35 58 52 31 17 42 39 27 23 34 40 41 50 42 55 58 43 28 28 35 39 31 15 13 17 8 4 9 11 12 11 12 14 17 18 18 17 17 14 16 24 25 18 15 17 35 35 27 37 75 91 62 29 12 9 11 27 36 21 16 35 53 46 37 32 31 39 30 25 28 36 26 19 31 15 26 15 22 24 29 35
35 28 23 21 18 15 18 24 13 16 17 14 16 24 34 39 37 27 17 20 37 48 38 20 42 36 24 24 33 30 30 42 28 35 41 35 16 7 27 54 51 24 9 10 6 4 5 0 8 8 10 13 17 19 19 17 10 15 19 24 34 43 39 28 33 29 14 20 56 74 49 19 33 35 32 34 38 28 21 30 46 35 23 22 32 39 56 63 21 15 33 32 8 39 32 15 6 10 19 26
53 34 26 34 34 19 10 13 27 26 27 26 23 23 34 49 50 46 29 13 20 42 49 39 38 32 19 18 29 32 38 54 39 23 16 18 17 16 35 63 58 30 12 8 6 10 10 0 7 7 8 11 15 17 17 16 17 24 26 24 32 43 38 23 28 23 7 7 31 43 28 13 51 59 38 12 26 51 51 38 34 27 21 24 35 26 57 70 37 11 33 39 8 53 31 8 7 12 21 29
48 42 42 46 41 24 14 13 33 28 25 29 37 41 41 38 29 33 28 16 12 22 30 31 42 47 34 22 34 51 61 69 56 34 15 12 17 23 32 42 41 24 13 7 6 16 19 8 10 9 9 10 13 15 14 14 21 24 25 23 22 21 19 16 37 35 22 17 26 27 23 27 44 52 34 12 25 50 54 47 33 32 31 33 34 5 39 53 44 31 46 61 49 43 24 9 20 23 31 40
36 41 40 30 20 20 29 36 46 38 31 37 55 62 42 14 22 33 46 47 36 25 23 28 53 70 56 30 36 59 64 58 54 44 27 15 15 21 23 20 18 13 11 6 4 18 26 15 14 12 10 10 12 13 12 11 10 9 14 21 15 5 10 24 52 53 44 37 35 29 32 48 36 40 40 42 39 25 25 45 45 46 45 42 36 0 29 44 27 46 61 86 97 28 25 25 31 32 38 48
21 27 37 32 11 41 45 57 59 45 6 16 43 51 47 7 21 31 58 64 36 91 42 19 33 44 63 74 77 40 48 44 29 46 39 34 12 43 39 23 9 6 4 9 18 24 23 19 17 12 11 15 14 10 10 15 9 5 5 8 7 6 14 25 49 57 61 51 43 21 67 67 37 33 64 77 44 29 39 34 44 35 52 41 33 9 31 40 31 35 54 72 61 31 19 27 39 20 17 23
24 28 37 38 23 57 61 72 69 44 5 13 19 10 24 23 18 18 32 41 36 103 54 19 21 41 63 69 71 39 45 33 40 62 71 76 51 66 59 48 20 4 0 13 23 19 14 15 12 12 16 23 23 15 10 10 14 12 11 12 10 9 12 16 31 43 50 39 33 24 71 72 38 30 53 69 52 48 49 31 32 22 31 35 36 27 32 29 24 22 32 45 38 18 12 22 30 12 11 20
31 44 62 61 32 50 47 57 51 40 22 30 30 19 27 29 39 18 16 32 36 85 41 20 29 47 51 33 31 16 34 22 12 39 70 90 66 61 52 46 31 7 0 18 27 15 7 11 9 11 16 21 21 14 9 7 9 10 10 8 10 13 13 9 5 25 39 30 23 24 61 57 24 23 43 56 47 51 52 31 20 19 16 25 23 30 25 26 31 27 29 33 27 14 13 21 37 19 18 30
29 56 88 84 36 33 21 33 55 51 26 8 19 49 68 60 51 19 9 31 30 45 15 25 40 55 47 16 15 14 44 33 11 32 72 98 77 52 37 33 29 14 8 18 23 14 8 10 10 9 9 9 9 8 7 8 10 12 11 10 17 26 27 21 10 35 55 44 28 28 39 26 5 16 36 38 27 34 42 31 18 29 16 20 6 20 19 35 44 44 43 37 25 15 17 23 39 20 18 29
25 47 78 82 42 42 27 37 45 47 35 14 23 55 61 49 35 17 4 15 21 34 19 27 31 47 45 26 35 36 62 49 32 38 72 94 77 37 18 11 15 17 16 12 10 12 12 9 8 8 7 5 5 6 7 6 24 23 19 18 24 32 35 33 33 52 68 57 34 37 30 14 8 17 26 23 19 26 32 25 19 32 18 26 22 34 25 43 54 58 52 34 18 17 27 36 27 7 4 15
40 39 52 61 43 58 44 47 32 36 51 48 45 44 24 18 29 38 19 6 23 49 37 21 27 27 19 9 23 19 45 39 26 22 52 68 59 20 9 3 3 14 15 3 0 8 13 10 6 10 12 11 10 11 8 4 26 19 14 15 16 17 20 25 23 30 42 40 24 43 32 26 29 23 15 16 27 34 26 15 18 25 20 43 67 63 35 37 62 67 56 32 20 31 49 58 27 11 11 21
51 41 44 49 31 48 36 41 49 38 43 30 37 54 38 36 41 59 43 25 34 37 31 24 40 19 2 0 14 0 22 25 23 16 45 54 52 19 20 17 7 9 8 2 0 6 12 15 10 14 14 10 9 13 12 8 20 11 10 19 19 12 17 30 19 14 25 32 21 48 30 31 36 26 14 18 33 31 16 10 19 24 33 60 98 67 29 26 49 55 45 25 23 41 53 51 26 16 22 35
40 40 49 48 16 25 19 34 30 27 32 17 48 96 69 35 42 56 52 49 40 4 9 40 49 25 16 31 49 18 29 29 26 19 46 46 42 8 16 14 18 7 2 5 8 7 12 21 17 17 11 2 2 10 15 15 23 14 20 38 41 32 39 58 49 36 44 53 37 55 23 22 27 25 20 24 30 17 5 11 21 30 51 69 103 48 13 18 19 28 23 10 16 33 32 16 7 2 14 29
17 33 27 33 22 44 34 28 7 23 30 37 55 60 45 33 30 25 28 36 31 20 23 36 40 34 28 50 77 59 32 36 26 35 33 26 22 13 9 17 13 7 5 10 15 16 18 21 17 5 7 1 8 21 12 12 44 45 59 69 88 21 44 57 49 47 62 74 63 2 17 3 43 31 18 5 6 26 34 19 33 28 41 70 74 35 11 23 21 20 15 10 13 20 20 15 0 1 14 23
39 17 7 32 40 39 31 38 41 33 34 39 36 31 39 52 32 21 12 19 39 50 39 21 34 43 39 43 61 60 48 53 28 31 21 11 12 9 8 17 7 8 5 4 12 24 25 17 5 0 11 10 16 20 4 6 42 47 67 74 58 50 44 30 33 46 38 56 17 26 17 2 19 19 16 12 27 55 56 31 38 25 22 41 49 26 9 20 36 32 19 8 15 36 50 51 40 21 11 18
48 12 4 24 43 27 30 45 62 46 42 32 10 20 53 70 51 27 14 33 62 69 50 29 16 31 28 22 39 50 39 26 45 49 42 35 33 21 6 5 8 14 10 3 12 29 29 14 4 3 14 14 18 15 1 14 42 54 47 40 33 70 54 53 36 49 38 41 0 53 28 4 3 22 35 38 52 71 64 41 40 25 11 21 39 32 17 18 38 38 27 13 25 56 76 77 49 25 10 17
35 19 25 22 37 20 33 39 49 43 42 18 0 35 76 67 54 23 22 58 70 44 31 43 43 38 23 20 41 55 37 10 24 34 34 32 32 20 8 9 10 14 12 7 10 19 19 12 20 16 17 11 15 10 6 40 30 49 31 39 85 72 75 91 53 45 51 37 24 67 44 23 25 48 62 62 60 54 44 39 34 25 13 23 48 49 28 14 34 46 43 30 34 54 61 51 25 30 36 39
23 17 34 38 58 38 37 28 5 0 8 9 12 58 90 70 23 4 15 48 47 13 9 35 67 46 34 44 57 56 36 14 39 44 34 18 9 1 3 17 11 8 10 15 14 9 11 20 33 26 21 14 20 12 13 65 81 58 57 100 143 29 79 54 62 41 33 27 22 48 24 32 74 70 55 50 50 32 20 30 33 29 21 29 54 56 30 10 12 32 43 38 39 51 53 43 44 66 81 75
28 10 21 53 84 68 46 28 57 24 17 27 22 18 15 2 22 20 29 42 42 32 32 42 48 39 60 90 86 59 31 12 50 58 49 29 15 4 5 20 17 9 13 26 27 17 21 36 27 24 22 22 35 20 17 77 110 75 136 250 255 103 159 54 122 118 64 62 38 61 28 65 103 73 26 15 35 29 14 22 40 38 29 33 50 49 29 16 53 63 62 43 24 18 18 18 35 42 40 31
38 25 15 39 66 85 64 41 44 19 13 32 39 28 23 28 5 3 3 4 0 0 2 13 48 42 70 103 95 67 43 21 15 28 29 24 20 14 14 25 21 13 14 24 31 30 30 33 12 12 15 25 45 26 19 84 101 77 76 182 204 173 255 198 113 148 76 39 27 36 16 45 83 67 20 2 31 38 16 12 31 33 28 31 41 36 23 21 13 22 29 27 24 39 71 99 55 40 28 28
41 51 23 11 23 85 82 56 49 46 36 34 42 39 36 42 52 37 34 37 19 0 11 46 66 36 35 49 49 49 45 27 41 43 30 15 9 4 4 15 16 11 7 10 22 31 25 13 2 3 6 21 47 28 21 90 81 125 63 144 192 239 255 252 85 152 98 16 47 33 42 44 48 65 38 13 35 43 17 5 8 15 17 24 31 22 13 18 7 13 21 22 23 42 88 132 58 35 27 40
46 40 15 11 3 49 66 41 40 47 24 23 53 15 15 15 13 29 41 24 27 43 46 64 79 41 31 31 2 26 21 40 61 39 17 0 17 0 8 16 16 11 11 11 23 18 0 16 9 14 40 53 60 61 10 49 77 191 156 196 224 245 249 164 74 151 52 0 74 24 28 23 33 36 38 25 11 45 19 22 21 17 20 19 12 18 23 16 25 18 31 33 41 41 51 94 38 30 34 51
37 36 41 28 9 12 39 38 39 82 32 0 13 75 81 40 48 33 31 24 23 19 23 62 85 64 53 40 11 29 14 22 17 13 10 11 38 9 5 13 9 22 35 14 25 18 22 27 44 39 50 63 57 70 42 67 85 204 172 235 255 248 255 35 86 103 45 26 39 7 14 43 21 34 43 33 18 35 43 63 48 21 18 35 35 27 29 34 38 33 19 21 19 47 31 45 50 48 45 44
36 31 57 49 37 15 42 58 70 93 37 36 37 118 110 75 53 42 50 53 46 24 10 41 47 47 47 37 10 13 4 22 39 37 20 5 27 6 0 14 19 32 24 15 5 6 17 15 22 49 49 39 30 51 67 100 156 131 172 210 233 255 241 40 59 60 58 64 3 13 11 19 13 20 23 20 15 6 41 62 46 11 1 19 27 27 32 37 32 37 13 14 1 58 34 34 81 76 54 25
37 42 64 60 37 27 42 76 119 87 37 59 38 57 32 22 35 37 39 20 14 20 28 62 67 29 8 17 16 7 15 52 83 83 49 7 16 16 5 27 24 38 16 45 22 34 22 17 27 39 45 40 44 39 99 150 200 106 189 240 253 255 208 76 49 42 43 57 0 22 35 26 28 18 6 15 32 9 44 46 16 6 6 12 18 29 29 13 14 28 25 21 2 54 47 50 58 56 42 20
36 53 52 48 8 34 28 68 77 40 18 15 17 28 31 32 24 34 42 20 12 26 52 99 107 36 24 85 102 44 19 32 53 67 53 12 13 28 4 14 31 50 35 21 17 40 52 52 60 62 92 96 101 57 97 124 241 93 237 253 255 255 72 63 23 17 4 40 34 14 23 13 30 16 2 16 44 23 47 36 8 12 27 36 33 34 31 17 12 18 43 39 27 45 43 38 14 23 37 48
39 40 13 24 16 84 47 67 75 45 46 14 27 13 23 34 56 62 77 64 41 29 44 98 94 42 74 153 142 49 31 39 64 69 72 45 28 48 20 26 25 74 107 17 29 24 39 35 43 184 127 28 117 127 121 236 245 247 255 241 254 239 118 34 40 71 33 15 52 32 25 0 34 28 18 21 37 35 43 32 23 10 20 36 28 23 44 68 22 13 49 57 56 57 42 17 0 2 14 23
44 32 10 22 43 107 58 68 48 39 58 27 50 29 30 53 97 99 96 58 23 12 27 76 76 35 62 97 64 18 83 112 65 35 40 30 0 18 5 31 21 88 145 69 66 45 7 31 54 106 146 137 91 219 255 255 255 218 224 219 244 143 59 80 104 159 102 0 34 68 57 37 52 48 37 26 34 66 55 44 27 14 20 28 15 12 44 78 27 18 43 62 49 68 46 17 38 46 47 36
43 47 55 42 38 60 24 57 63 88 95 31 45 50 40 47 84 115 124 73 39 37 33 46 51 9 24 40 22 29 123 127 72 16 30 45 11 33 34 80 54 78 73 37 14 48 8 121 197 93 75 149 63 203 228 254 224 250 218 113 135 77 81 71 79 138 123 32 47 78 28 31 44 33 18 5 20 85 61 46 19 33 51 47 24 19 28 30 29 29 37 53 15 59 39 21 16 44 57 46
45 50 64 43 54 14 3 40 56 83 103 29 11 74 60 27 51 80 90 74 67 79 77 59 41 0 8 13 22 36 71 73 56 37 62 54 0 3 25 80 57 44 100 83 41 94 51 153 222 49 7 140 108 110 204 228 224 255 230 121 97 74 67 55 0 63 69 19 78 45 11 0 17 22 6 13 23 39 61 34 20 27 49 73 71 44 19 12 20 46 33 39 45 40 11 25 19 35 42 34
74 68 30 20 32 58 24 35 19 28 62 38 36 74 58 45 22 36 52 57 66 85 84 58 29 12 6 1 36 14 33 55 42 70 47 39 11 0 34 53 82 9 66 94 35 22 72 104 111 67 51 51 0 169 255 253 246 250 255 196 192 27 56 59 27 53 55 19 65 36 20 15 14 17 13 33 37 38 58 47 33 26 38 68 85 70 39 18 24 41 39 50 55 44 36 66 44 40 37 38
70 71 44 36 44 75 53 69 53 62 77 34 27 74 71 55 62 47 35 19 18 57 88 80 58 73 28 0 48 0 13 52 67 50 0 11 48 30 49 76 67 10 40 99 44 101 255 244 163 154 255 189 149 163 253 242 255 250 204 169 127 57 49 70 56 41 54 50 75 39 32 22 11 18 21 32 30 38 64 64 27 14 15 39 61 54 26 3 8 13 26 45 58 41 42 67 52 32 22 31
48 40 55 38 55 43 59 96 81 89 87 25 0 32 39 28 49 54 56 28 3 29 53 36 49 93 50 9 67 18 46 66 24 17 45 41 37 8 0 36 93 65 88 237 179 189 216 255 43 28 225 209 255 91 245 255 246 179 101 129 72 122 21 80 66 22 45 73 81 46 48 37 32 38 35 22 12 32 59 58 30 28 32 44 52 49 36 26 3 3 25 46 55 35 26 22 35 24 18 24
44 23 30 9 25 20 36 62 56 59 76 57 19 3 2 10 16 50 68 41 23 49 56 23 29 85 77 49 77 45 65 32 3 32 85 58 25 47 45 45 128 116 116 242 255 244 103 229 171 150 242 166 185 122 255 255 235 73 44 178 168 96 0 89 114 43 32 43 33 14 39 47 57 47 46 35 17 18 25 29 25 35 47 55 60 58 51 43 19 29 55 65 45 36 27 7 21 32 37 32
39 50 48 36 12 37 21 25 41 62 84 72 39 23 14 0 18 48 45 17 27 66 75 53 38 74 85 68 62 63 78 20 43 53 27 32 4 42 76 42 165 126 103 123 249 241 65 196 180 132 168 60 69 166 239 226 149 129 80 108 92 84 53 33 20 1 28 67 71 48 42 38 44 22 39 52 36 14 2 14 20 27 33 38 43 43 28 9 19 38 63 71 19 36 50 44 23 41 49 38
29 60 83 77 38 52 34 34 43 65 63 35 20 37 36 0 0 35 32 17 37 52 43 39 34 44 54 54 38 70 77 38 84 101 60 82 34 41 48 53 99 12 41 98 255 221 109 206 247 205 245 180 158 254 255 223 145 119 28 59 20 33 46 55 61 55 42 36 32 22 20 34 28 19 45 46 34 33 24 32 50 50 40 28 25 29 21 6 29 32 39 63 0 38 62 71 38 39 36 30
33 30 71 62 59 42 51 58 51 36 18 18 27 43 50 28 13 53 50 38 51 41 29 55 40 36 39 45 17 43 19 0 38 56 28 43 52 137 103 136 96 11 34 68 189 211 214 245 192 234 241 224 130 236 224 142 127 66 18 36 32 45 34 42 32 55 40 25 31 31 24 44 40 54 71 30 16 56 61 53 75 73 54 24 12 23 37 40 65 40 23 64 0 43 56 64 55 34 19 20
31 27 49 54 56 27 36 50 43 29 15 29 24 9 36 64 45 18 20 23 59 56 64 62 45 46 30 40 29 27 55 53 91 104 8 87 149 131 119 204 145 0 113 30 128 169 248 139 238 218 251 228 207 243 195 168 126 66 29 34 22 48 36 30 24 15 17 35 34 26 81 40 29 68 65 23 51 47 50 61 73 72 36 22 14 19 56 63 92 28 12 59 26 27 44 22 25 20 32 49
45 23 32 48 73 42 26 17 24 50 48 38 24 19 31 23 3 13 17 40 75 73 69 62 24 41 48 54 21 0 25 37 79 67 46 100 207 81 68 150 89 40 124 75 120 162 241 216 196 246 230 250 216 156 131 124 54 18 39 53 32 41 31 33 11 18 11 25 22 49 75 31 0 46 48 9 18 29 33 32 49 47 24 23 18 11 34 40 70 20 0 61 56 36 24 18 32 56 74 66
48 13 6 24 65 45 28 20 20 55 53 32 17 29 57 54 74 146 122 72 53 50 48 25 29 42 67 95 95 72 70 53 117 130 172 227 207 102 172 155 86 60 133 70 131 168 241 155 255 252 255 192 194 49 13 80 35 0 50 53 25 21 17 26 24 32 10 8 7 68 76 51 15 34 31 23 17 32 30 26 34 29 15 24 24 15 25 28 61 38 21 82 85 44 20 39 79 95 91 62
36 16 12 23 58 36 29 38 29 54 64 66 45 25 40 47 109 187 161 100 83 52 53 36 36 64 99 91 66 31 24 2 14 85 95 159 148 123 255 213 175 179 182 54 127 117 150 164 133 226 244 254 237 166 71 96 71 16 76 72 54 47 39 40 36 33 23 16 20 62 66 70 47 15 2 35 23 28 24 32 48 38 25 29 38 42 43 38 72 54 37 87 85 57 37 45 89 80 61 46
28 33 40 42 68 34 19 28 44 57 62 72 52 23 34 47 23 44 63 98 141 53 18 17 12 41 79 50 44 43 54 32 19 34 89 115 83 53 239 246 255 248 185 12 42 208 223 181 102 133 235 255 234 155 4 55 57 19 80 86 79 66 50 38 17 7 30 36 45 33 39 57 50 12 2 37 18 25 34 50 60 51 41 34 46 62 53 37 57 38 24 58 49 55 48 20 36 45 40 38
28 39 36 26 59 38 22 28 59 72 61 52 41 37 53 50 77 44 27 32 65 28 30 74 21 35 72 35 44 44 37 0 49 46 6 30 166 180 161 255 241 234 212 56 38 36 43 168 91 141 221 244 255 58 51 39 44 35 66 67 54 38 27 16 11 0 20 32 39 12 38 50 23 21 27 28 4 21 47 58 46 39 40 32 39 50 32 20 23 36 36 44 9 28 44 18 24 62 56 24
19 37 25 1 44 42 38 45 64 83 74 63 53 44 32 0 23 37 42 23 5 35 17 48 14 44 113 70 49 20 25 18 57 57 2 60 180 215 147 222 191 96 138 133 253 245 235 235 126 224 237 125 94 84 80 80 68 79 55 51 40 34 33 25 29 21 18 33 30 40 85 67 7 19 34 16 5 13 37 37 32 19 34 35 33 30 17 32 51 87 69 47 13 27 41 39 48 80 57 8
5 41 37 10 49 48 44 50 62 64 44 41 42 38 32 7 10 28 38 44 7 82 40 74 34 34 89 52 43 13 22 27 46 50 2 60 194 123 123 159 68 33 73 147 254 255 243 255 166 250 250 90 66 51 26 48 59 82 30 40 47 56 55 39 42 56 33 57 45 93 133 77 36 31 42 32 41 26 36 33 36 15 37 47 39 26 24 68 126 144 76 44 48 62 46 43 42 54 29 7
42 87 63 15 25 39 31 38 34 36 32 27 21 16 42 85 52 36 43 40 37 109 102 74 39 47 64 55 49 58 30 0 22 50 40 55 114 44 88 152 65 0 79 132 226 229 249 248 155 255 229 68 67 28 3 35 79 64 22 12 44 49 39 56 60 76 51 57 62 71 99 62 30 32 38 34 28 63 43 54 54 53 59 49 35 63 101 107 135 97 74 72 66 53 37 20 3 24 18 23
74 90 56 25 41 39 15 18 33 31 19 16 29 42 57 76 52 33 40 41 27 59 73 68 49 31 61 79 98 50 37 10 31 54 31 35 106 75 125 173 126 57 67 125 239 247 253 255 150 255 236 68 68 59 48 68 82 64 17 0 20 26 26 48 43 60 45 52 37 25 51 32 8 18 16 11 23 54 57 75 66 64 64 36 2 31 101 142 83 50 40 53 50 34 20 11 8 31 22 21
44 46 20 13 36 28 11 25 32 32 22 24 49 61 48 34 10 22 41 34 9 6 48 52 92 58 38 52 44 0 27 38 18 18 8 43 113 78 131 198 253 174 68 118 241 255 217 201 113 226 214 58 54 60 47 45 73 65 33 16 25 21 15 30 47 55 43 51 33 16 42 37 28 47 25 7 31 35 55 74 74 64 60 33 0 14 87 139 66 40 41 60 57 39 31 30 32 55 39 24
0 11 7 8 23 17 17 43 36 34 24 28 47 49 31 20 26 42 38 13 13 20 67 41 59 58 0 37 4 13 28 26 18 24 33 65 95 44 74 129 210 184 99 126 179 206 142 135 60 133 118 0 0 20 23 29 22 31 29 32 46 49 50 62 60 57 40 40 30 28 52 44 31 60 34 15 52 36 63 79 62 39 38 36 15 19 51 69 45 32 36 48 44 37 36 33 55 79 61 40
5 30 37 32 34 28 23 33 38 28 13 12 19 18 27 50 98 72 23 2 41 63 91 43 59 62 1 38 20 41 38 5 7 43 58 45 49 36 48 49 64 140 180 149 50 45 11 61 0 38 64 33 49 46 22 16 16 25 28 31 39 45 51 59 42 50 41 23 7 16 35 24 25 54 32 20 58 34 49 57 61 32 34 50 42 35 34 24 13 14 24 30 27 29 28 15 29 55 42 30
23 41 45 40 48 49 33 18 28 24 18 18 15 5 18 51 76 45 13 18 52 59 60 40 80 66 45 40 38 21 50 36 12 22 26 16 19 31 42 34 28 44 83 73 34 69 20 18 40 34 37 23 34 46 43 51 36 43 48 45 37 27 15 4 8 37 53 30 2 10 31 29 27 41 25 22 50 37 31 34 35 12 14 23 9 3 10 6 14 14 25 32 29 28 19 0 28 48 39 39
38 37 27 22 33 42 34 20 24 33 36 39 38 24 17 28 17 12 13 26 37 44 21 24 22 24 58 56 67 42 62 54 37 14 15 20 9 11 23 34 37 38 60 52 41 43 23 24 38 26 30 15 12 33 25 10 17 25 42 50 46 38 21 0 0 21 51 40 15 22 42 54 28 21 12 21 42 60 43 49 50 37 40 35 11 16 44 56 28 9 13 32 34 26 20 13 15 25 14 21
69 50 26 9 8 16 23 27 33 44 43 42 51 50 36 28 30 26 15 10 24 65 21 10 13 11 32 47 65 84 59 26 13 16 35 29 7 26 43 47 17 19 26 46 78 38 20 9 24 25 35 15 8 50 46 13 17 18 27 34 35 39 32 12 2 6 29 29 15 22 38 56 62 34 20 24 30 62 33 39 41 33 38 29 4 16 53 70 43 4 1 35 48 42 48 62 38 42 28 41
71 72 29 7 38 3 18 37 23 18 20 30 48 28 41 33 39 44 41 22 10 27 42 35 38 45 45 30 25 42 40 13 3 5 27 25 0 77 65 60 42 27 20 39 56 38 13 12 22 49 46 49 62 62 56 35 32 41 26 8 20 36 30 16 17 18 27 20 35 35 23 100 100 36 31 57 19 61 27 32 42 9 0 28 6 37 18 26 16 28 47 31 8 42 77 63 38 36 52 69
57 54 26 19 47 16 18 18 17 0 4 31 50 13 18 18 30 22 23 19 8 9 15 12 22 28 41 38 17 16 36 51 37 18 25 30 7 73 53 48 43 52 43 32 40 44 30 15 33 41 43 73 84 59 51 53 37 49 41 21 22 34 39 40 41 44 47 41 44 30 17 57 66 11 45 87 65 53 35 75 57 17 18 38 22 27 23 37 39 29 35 25 2 23 59 61 24 17 31 53
23 17 7 7 18 4 21 22 34 23 28 50 69 38 43 37 17 14 24 34 33 35 34 22 10 10 22 28 23 33 58 74 65 32 25 30 10 52 27 22 42 59 55 38 39 44 36 27 31 29 22 46 54 26 23 32 30 37 35 23 20 25 27 24 38 43 36 33 30 15 23 22 6 0 57 97 101 60 40 77 58 15 27 36 33 37 60 88 68 24 9 19 23 36 50 45 9 0 6 32
1 3 19 22 6 5 38 52 32 40 41 36 54 51 72 57 16 21 33 40 46 60 59 38 10 17 23 20 26 54 70 58 47 30 26 25 2 28 12 12 39 38 40 51 53 31 22 39 47 54 28 17 24 26 27 15 27 26 31 39 47 54 43 22 33 38 21 18 16 11 57 35 0 26 65 58 73 69 41 37 45 21 35 46 39 61 82 103 64 25 15 34 45 49 46 35 30 8 13 38
2 8 38 44 12 12 30 40 61 61 45 19 23 20 53 52 41 25 22 27 26 29 35 33 19 30 39 31 21 32 38 25 13 29 40 28 2 18 18 25 37 22 22 45 50 21 13 39 49 62 34 21 35 46 43 15 10 9 24 41 54 71 68 42 40 47 32 24 25 27 94 63 32 82 70 19 19 60 42 23 32 37 47 61 34 75 65 62 31 35 44 41 23 12 16 20 47 22 20 36
39 29 38 35 3 15 15 22 35 16 6 12 32 29 82 114 68 29 17 28 17 2 17 43 35 21 26 37 30 17 10 4 17 46 57 39 13 14 19 28 34 29 21 23 30 23 20 33 29 32 19 37 57 46 33 16 1 4 20 23 24 52 70 52 18 31 31 23 36 33 92 56 22 72 60 19 9 42 38 30 20 33 35 43 12 74 63 54 74 86 86 66 42 31 32 36 46 27 23 28
66 50 43 30 3 28 27 47 63 32 13 16 26 2 35 58 51 35 37 42 27 17 28 43 40 24 28 42 37 26 20 16 36 49 47 39 27 13 15 22 27 37 30 19 25 32 33 36 44 35 21 47 59 31 22 25 20 19 27 17 14 57 85 62 0 11 25 16 43 30 61 23 0 30 42 19 25 24 33 23 12 19 28 26 8 62 67 62 62 58 42 29 26 20 14 15 42 34 36 37
32 35 40 31 4 30 27 59 63 43 25 18 29 9 26 23 7 36 58 45 28 35 34 12 32 52 70 56 27 25 39 42 36 29 17 26 37 19 18 26 20 34 35 32 37 38 38 46 70 57 28 31 30 6 10 22 21 13 13 7 16 74 101 64 17 22 39 23 56 34 41 0 14 18 31 0 25 7 31 8 12 17 49 42 31 47 48 34 25 23 15 12 15 8 8 24 17 19 28 30
22 5 49 67 65 15 15 50 57 59 27 14 7 45 37 24 10 29 48 42 14 0 10 36 56 78 79 46 16 15 28 37 24 13 8 15 33 14 27 20 20 21 26 32 23 43 28 37 58 53 29 30 30 13 18 26 27 32 20 11 8 34 78 82 49 58 45 26 15 36 16 24 43 66 16 1 7 17 44 19 28 30 43 47 32 25 26 23 12 14 17 31 47 45 38 43 31 20 19 31
29 3 44 81 81 44 23 33 61 55 18 4 2 42 41 31 13 15 18 17 8 3 12 26 57 61 56 40 30 27 23 15 18 15 22 33 42 10 19 13 23 18 15 17 12 34 19 25 31 37 24 32 36 20 20 22 18 21 15 17 7 13 46 51 53 65 41 17 18 41 8 9 74 62 17 27 39 55 64 41 25 24 29 25 14 17 32 41 38 30 35 54 66 60 52 51 43 36 32 36
62 13 22 48 33 38 45 64 70 59 24 6 3 30 27 17 8 5 5 9 13 16 21 27 28 25 25 30 36 36 27 18 25 25 38 50 51 8 17 19 31 24 17 18 12 32 10 9 15 28 20 28 36 26 28 26 28 27 24 33 20 12 35 39 30 51 37 34 48 52 4 19 53 29 15 44 30 39 34 28 13 24 35 34 25 22 29 37 41 30 37 52 52 44 31 16 16 18 15 12
34 4 27 54 13 25 35 52 72 65 44 27 16 17 8 0 3 8 16 22 25 26 27 30 6 6 13 25 30 28 32 41 41 35 42 51 51 10 26 35 46 46 45 43 31 44 13 5 19 29 12 13 22 20 28 27 21 21 15 20 12 10 27 20 0 22 18 36 59 48 3 45 64 29 26 46 14 30 23 26 14 35 48 46 39 29 24 28 30 32 38 33 24 29 21 0 10 24 30 21
14 5 43 68 18 23 19 22 54 56 56 44 33 20 18 16 23 23 25 28 32 32 27 20 17 11 11 18 19 17 26 41 39 30 31 38 43 10 29 38 59 65 66 59 40 49 19 13 26 28 5 5 14 10 15 14 14 23 16 16 15 25 34 5 6 32 20 30 67 82 44 74 91 43 22 26 12 44 43 33 28 43 39 28 30 31 32 42 58 76 69 35 27 57 64 39 31 54 65 54
44 27 46 49 18 25 22 18 28 33 50 47 45 30 44 56 59 44 28 26 37 41 27 9 22 8 0 5 15 18 20 23 19 15 16 22 32 8 27 28 48 54 53 43 24 40 17 15 31 28 9 22 34 20 13 7 18 36 35 35 37 49 50 10 2 39 31 32 82 131 81 60 42 26 23 23 22 32 43 23 26 39 25 15 34 43 41 50 103 128 97 40 40 79 90 75 41 59 67 55
38 31 53 41 32 29 19 7 17 20 43 43 47 26 43 59 62 49 33 28 36 40 25 6 12 4 0 10 24 29 23 15 7 9 11 10 21 6 29 28 25 31 31 26 16 40 20 16 33 27 15 45 66 43 26 17 12 28 31 37 37 44 50 21 0 24 21 22 55 98 47 15 1 21 39 43 55 21 42 21 14 29 16 12 42 50 32 31 92 117 76 23 40 64 56 53 46 49 46 36
27 29 51 22 22 16 19 19 20 20 44 43 46 13 21 30 33 37 37 32 29 26 17 6 9 16 25 33 39 38 28 18 9 15 14 4 13 7 38 38 13 21 26 30 29 57 32 23 32 21 13 53 81 56 37 29 15 24 26 37 35 37 55 45 39 37 23 20 19 36 6 9 18 28 28 35 73 21 47 20 14 25 3 0 31 39 16 10 44 70 33 2 37 45 18 20 41 31 19 12
17 24 5 8 23 26 31 26 25 23 31 35 24 21 24 21 33 34 35 32 23 10 2 0 4 13 28 44 53 46 28 11 9 16 7 19 13 35 31 34 35 25 28 32 38 59 59 27 34 15 17 44 53 33 16 16 23 39 38 34 26 40 68 60 45 50 46 25 20 14 6 37 55 43 27 24 28 19 19 37 27 4 2 7 27 29 15 27 40 65 26 6 25 13 0 2 21 9 2 6
50 40 13 24 40 30 24 16 21 16 24 35 34 34 30 18 27 35 32 17 10 15 17 13 0 1 8 18 20 17 16 18 18 20 20 32 31 33 21 17 47 53 31 23 48 50 30 27 30 19 14 23 30 30 30 33 40 50 40 29 17 29 57 50 38 50 51 28 27 28 14 27 39 38 27 28 39 24 11 25 29 21 41 55 43 52 46 52 75 81 23 0 18 19 15 22 4 16 33 45
69 48 16 31 49 30 16 7 21 21 33 42 38 36 32 19 19 33 30 11 8 27 35 27 8 16 34 47 37 19 17 28 35 25 28 31 38 21 11 3 36 52 53 43 35 24 17 21 26 24 18 13 19 34 43 44 51 58 47 35 20 27 51 43 26 60 76 41 22 22 4 3 10 29 29 41 67 57 41 58 63 45 61 70 22 64 84 85 100 106 54 25 37 33 33 41 11 28 52 68
65 54 25 32 45 31 23 15 16 22 36 35 21 16 18 12 11 21 21 11 15 31 37 29 17 31 59 76 61 33 32 52 58 31 26 19 33 12 15 12 12 36 99 91 13 6 40 24 30 30 27 26 32 40 41 36 30 40 36 34 23 27 47 37 27 83 114 63 19 19 11 10 29 56 55 55 74 64 52 74 78 49 56 61 0 58 87 75 43 57 34 38 65 58 43 30 27 24 27 37
63 73 49 38 40 35 38 31 11 11 17 15 7 12 15 6 14 11 8 9 15 24 29 30 15 22 39 48 33 19 37 70 66 34 22 11 27 13 26 30 11 58 129 107 17 16 58 43 28 18 13 19 26 22 11 4 18 28 29 35 33 43 68 60 55 100 125 68 23 36 43 43 60 81 68 41 30 11 3 24 53 46 77 90 14 64 73 47 35 27 2 35 89 86 40 0 33 18 7 10
61 80 57 36 30 29 36 29 20 11 9 15 27 44 42 21 27 20 14 12 13 18 29 40 22 24 30 30 16 8 27 57 50 27 14 8 18 18 29 35 30 90 110 69 32 28 44 58 67 49 35 36 41 38 29 24 0 2 0 8 11 27 60 59 84 92 93 42 11 36 45 38 74 90 85 58 34 25 31 44 0 12 56 65 4 30 26 5 3 59 86 81 44 11 32 58 46 39 35 36
47 57 33 22 23 18 21 14 19 17 24 33 45 61 59 37 23 32 34 21 11 16 31 43 32 37 42 39 27 19 27 40 36 26 10 9 9 24 30 38 42 76 69 36 25 21 30 60 57 46 26 10 11 22 24 17 25 26 20 26 28 42 73 73 77 64 61 26 2 21 22 9 17 30 49 43 23 29 44 39 29 34 50 41 22 43 37 28 22 48 52 51 34 20 45 61 54 52 51 53
33 29 5 10 22 13 12 6 0 15 36 41 37 43 45 32 2 34 47 25 5 12 26 31 31 34 35 31 27 29 38 46 39 37 14 15 7 34 39 49 44 37 45 37 7 6 39 59 54 57 38 8 7 30 39 28 18 20 14 20 18 24 48 43 50 40 54 37 11 19 16 5 11 20 49 52 28 34 41 16 56 39 22 3 26 49 33 23 57 69 60 49 24 5 25 36 43 32 24 26
35 24 28 25 32 36 13 4 8 27 21 17 32 25 54 31 0 43 63 39 10 31 21 32 25 18 14 22 35 40 31 21 14 13 15 18 15 16 32 52 29 17 19 25 18 17 27 32 34 17 26 55 54 23 11 27 25 23 23 20 13 5 4 8 6 14 28 27 26 13 43 38 18 18 40 57 42 20 11 9 32 32 26 24 25 55 25 9 66 53 42 30 45 53 22 11 5 17 13 32
29 29 45 44 43 43 23 20 32 43 33 34 51 40 68 48 22 71 91 70 43 59 37 40 22 18 19 28 37 35 19 4 3 8 20 29 25 16 19 31 21 19 30 35 18 7 11 16 19 11 14 28 32 22 17 20 29 36 48 55 48 33 21 17 2 6 11 2 1 5 63 80 42 19 11 14 6 5 18 27 0 11 22 27 25 51 23 10 5 7 20 31 61 76 51 43 32 38 25 36
18 25 48 44 35 33 25 37 66 60 40 41 54 29 50 33 19 63 79 64 48 71 48 45 39 33 30 35 40 34 17 2 2 10 26 37 30 14 11 17 6 12 31 38 18 6 16 27 25 26 22 19 30 44 46 37 36 36 38 39 35 28 28 33 24 36 49 37 28 25 85 106 54 26 14 19 17 16 22 24 8 25 31 23 10 43 39 48 53 44 37 25 37 45 24 24 52 51 26 27
17 20 36 26 13 16 23 48 86 65 34 36 44 8 23 8 5 38 44 29 24 60 45 44 62 51 38 33 34 32 23 14 15 20 29 35 26 13 14 23 6 10 27 32 14 10 30 49 43 42 33 27 42 66 70 59 36 26 14 5 2 8 25 41 32 51 72 61 44 28 75 89 56 38 41 56 53 37 22 10 46 60 55 27 0 35 54 84 97 75 49 18 17 22 12 24 56 50 18 14
