38 39 31 30 56 88 87 65 47 31 19 23 32 30 19 10 25 27 29 30 26 23 25 30 55 72 27 74 52 35 21 20 20 18 13 14 30 42 30 9 26 36 28 16 24 31 25 19 8 12 4 1 10 11 6 9 9 6 23 50 65 69 59 38 17 34 64 32 19 9 16 25 36 43 34 22 20 16 10 13 9 16 24 42 31 14 20 10 22 7 25 2 12 6 28 77 83 70 44 20
34 42 44 40 46 55 48 31 46 33 22 20 22 21 18 17 41 36 30 25 22 22 24 27 50 70 34 81 59 36 12 4 13 15 25 39 47 41 26 14 3 13 10 6 19 32 27 19 8 13 8 4 12 12 5 5 8 8 25 43 48 52 50 39 8 46 95 57 20 0 13 39 36 38 23 8 9 11 12 19 16 21 30 55 53 39 36 17 15 10 27 3 15 13 15 29 42 36 22 9
35 41 43 36 31 32 36 38 36 28 22 19 17 18 24 31 28 28 29 35 44 50 50 47 34 44 7 46 39 27 6 0 13 18 35 51 44 21 10 12 14 19 16 12 22 34 28 13 5 14 10 5 12 12 5 4 9 12 26 32 25 27 34 32 33 28 46 26 34 27 14 0 19 26 19 13 19 19 13 14 37 27 18 34 40 39 45 27 16 22 41 26 39 46 34 19 17 17 18 19
34 33 34 33 30 28 34 42 24 22 23 28 31 34 42 51 50 52 56 61 65 59 42 25 35 33 0 40 59 64 41 24 22 31 41 39 20 0 0 11 22 19 13 7 12 24 19 0 9 18 12 4 9 11 6 5 11 15 25 23 11 14 24 23 16 9 25 7 19 18 11 4 11 20 18 17 27 29 22 22 55 37 14 19 22 28 44 32 11 19 36 33 35 40 35 20 16 15 22 34
36 31 31 37 36 24 10 4 17 18 25 39 48 51 53 55 64 63 59 53 50 45 30 14 28 24 7 49 88 98 61 29 22 37 41 24 4 0 8 16 24 15 12 10 13 34 38 16 23 32 21 6 7 11 8 8 13 14 21 21 15 22 30 24 5 8 35 19 25 19 18 20 18 22 12 5 17 27 33 42 52 45 30 32 26 28 44 34 27 25 32 41 18 10 22 28 12 8 13 26
50 37 25 23 23 16 3 0 12 11 19 33 43 43 37 34 39 38 28 16 16 28 36 35 21 14 0 21 57 69 40 15 11 25 28 13 4 12 20 20 31 19 20 19 18 42 55 33 35 44 31 10 8 12 11 10 13 12 18 21 23 37 43 32 24 11 31 31 57 49 23 1 8 17 14 9 17 24 27 35 37 38 28 25 13 16 40 37 36 27 29 54 16 0 27 47 11 9 11 19
45 34 16 4 4 12 19 20 12 10 13 21 26 22 17 15 26 30 24 8 1 9 20 22 24 22 13 4 20 31 24 23 19 18 15 13 15 21 24 23 23 10 13 10 0 21 34 9 27 40 30 10 9 15 15 14 15 13 16 18 22 39 45 32 11 14 48 43 51 30 10 0 0 14 21 20 23 19 13 16 18 24 17 13 0 2 29 28 13 6 9 50 13 2 28 41 11 18 22 22
19 21 15 3 0 10 22 26 20 17 16 19 18 14 13 15 4 22 32 23 13 13 13 10 8 22 30 11 9 11 12 24 45 26 14 20 27 26 25 29 20 8 14 11 0 14 27 0 11 27 22 6 9 18 18 18 17 15 15 13 15 32 38 25 10 10 42 35 40 19 1 0 4 20 22 15 13 10 9 17 0 16 24 29 15 8 21 8 4 1 5 54 21 14 32 28 6 21 30 24
0 19 25 7 1 19 31 27 23 13 18 33 28 8 5 20 23 22 29 37 27 9 6 17 3 14 27 28 14 4 15 33 55 46 29 15 18 28 26 15 10 15 23 21 15 22 21 4 18 36 31 12 11 18 21 24 18 17 14 13 21 31 31 25 4 37 62 22 26 30 20 5 17 12 21 28 18 8 9 8 0 23 53 59 41 24 21 26 9 4 20 30 21 23 22 2 21 22 27 34
2 21 31 25 24 31 30 20 31 20 14 18 20 17 16 19 24 40 38 14 2 13 24 23 4 1 10 25 26 17 20 34 50 39 25 18 23 26 16 3 8 11 17 15 10 19 20 6 13 32 30 13 12 16 15 15 18 18 17 17 25 36 39 36 31 40 58 34 50 46 31 21 21 19 16 15 18 18 17 18 18 41 64 62 39 15 6 7 6 0 2 17 18 23 22 4 0 12 32 49
15 22 30 37 43 42 31 20 35 28 19 17 26 34 29 18 25 49 54 30 13 17 21 15 17 16 26 37 29 15 23 46 65 47 34 36 45 44 33 22 12 11 14 12 8 16 18 5 7 26 26 14 12 13 8 7 13 14 14 15 22 32 37 37 30 16 26 21 52 46 27 22 39 44 26 11 24 30 24 26 29 48 66 65 45 23 12 10 12 1 10 25 25 24 25 20 6 23 49 69
30 20 19 32 43 40 30 24 33 30 29 35 43 43 31 18 23 28 42 49 33 10 9 24 44 39 36 35 31 31 41 55 49 28 14 24 37 37 29 25 16 12 16 15 11 16 16 3 3 21 21 12 13 12 7 6 7 7 6 8 13 20 25 27 31 12 18 16 55 55 38 31 51 69 44 15 27 29 15 18 17 32 48 52 43 30 22 20 18 19 32 43 35 21 20 25 9 16 29 40
35 19 13 25 34 27 18 16 27 25 33 46 45 31 20 20 22 8 12 27 21 3 17 50 60 36 9 6 34 62 63 48 25 9 3 15 26 24 16 13 11 7 13 17 15 19 17 3 3 17 16 9 12 14 10 13 6 4 4 9 16 22 25 27 35 27 32 14 46 53 37 24 38 67 51 19 21 18 5 9 9 17 28 35 34 29 23 20 23 27 35 47 48 30 12 9 16 13 13 19
31 21 19 26 26 13 4 4 23 23 32 39 29 11 9 22 22 17 13 13 14 20 33 46 48 29 7 2 23 47 47 34 25 22 24 31 34 27 17 11 4 0 7 16 17 20 18 5 3 14 12 7 13 15 13 17 10 6 7 18 31 36 38 38 36 39 43 9 29 36 21 4 19 50 48 24 16 13 10 17 20 22 27 35 42 44 41 37 33 33 29 41 63 54 20 0 32 28 30 39
26 24 26 27 19 6 3 8 20 31 39 34 18 7 9 18 20 26 25 21 30 46 48 37 35 31 31 33 25 13 13 22 22 28 31 25 18 14 10 7 10 1 6 15 16 19 18 7 4 13 11 8 15 15 11 15 12 5 7 22 38 43 40 38 40 44 51 18 33 37 24 12 16 34 40 23 8 9 18 25 34 30 28 34 45 51 49 44 27 33 23 27 54 55 22 0 24 25 32 44
24 27 29 24 12 5 11 23 19 42 52 38 20 16 16 12 18 16 14 20 39 60 63 54 39 28 37 59 49 14 0 12 25 33 30 12 0 2 10 14 21 10 10 16 16 18 16 6 4 13 12 10 16 14 8 11 11 2 2 19 36 39 33 27 28 29 39 15 34 35 26 21 19 25 30 17 0 0 14 20 39 29 20 21 29 32 27 20 1 22 15 6 22 26 6 0 15 19 27 36
26 3 13 22 8 18 42 40 36 43 43 35 29 26 17 5 11 21 25 22 27 41 48 47 37 31 33 41 34 17 13 21 34 32 26 13 1 0 7 16 28 22 15 13 14 14 10 6 9 21 22 18 20 15 5 4 8 9 3 1 19 42 40 22 16 12 12 15 11 9 22 40 33 12 10 23 15 0 7 40 47 41 22 3 4 18 17 3 0 5 18 24 10 0 8 33 30 15 7 14
26 5 0 0 0 20 58 72 41 39 31 22 20 22 18 11 7 18 24 18 11 15 28 39 42 29 19 21 23 24 31 40 44 39 31 21 14 12 14 17 11 8 5 8 12 15 13 10 10 20 18 12 16 14 7 8 10 13 12 14 26 39 36 24 8 12 16 14 9 9 20 31 38 27 28 36 26 9 19 47 65 42 18 14 27 37 31 18 18 38 54 43 13 0 21 52 35 19 9 14
0 6 15 17 19 25 31 32 33 25 12 4 6 14 18 17 13 14 15 13 8 8 20 34 40 31 22 22 30 36 36 34 24 18 11 7 6 5 2 0 3 2 3 8 14 17 16 13 9 17 12 6 12 13 9 12 18 15 12 12 14 18 22 25 18 20 18 10 3 4 13 22 35 32 33 33 21 8 15 33 38 19 9 21 37 41 37 34 25 37 47 41 29 25 33 43 40 22 9 11
18 27 20 7 6 7 9 16 26 20 14 11 11 16 25 32 37 20 9 15 22 24 26 32 43 40 34 28 30 32 27 17 18 16 15 15 16 16 14 12 13 12 13 16 18 17 13 9 6 13 9 4 12 15 11 13 27 17 9 6 5 12 33 56 68 48 29 19 9 1 5 16 18 19 18 14 8 6 12 19 29 31 35 35 28 17 11 11 24 26 35 50 58 53 43 37 42 25 10 8
32 34 18 0 0 1 12 27 35 39 45 47 39 31 38 51 60 40 25 25 27 22 19 20 38 38 30 17 10 12 15 14 20 23 26 27 25 24 25 25 19 19 19 19 17 12 6 2 2 11 8 7 17 19 12 12 29 19 12 14 17 31 63 95 102 64 39 40 35 15 10 21 14 12 8 4 7 15 20 21 23 40 47 35 24 24 24 20 30 31 47 70 75 63 57 62 43 30 17 13
22 24 28 28 18 10 13 20 41 50 66 72 56 35 35 49 61 55 45 32 15 2 0 4 7 14 20 17 8 1 3 8 12 15 17 16 13 10 11 13 15 16 16 16 13 8 3 0 1 10 9 10 21 23 15 13 25 19 15 17 19 29 53 76 68 38 27 45 54 38 29 36 30 25 16 9 9 13 15 14 12 25 26 15 18 37 46 41 30 21 23 42 59 63 62 64 42 37 30 26
38 22 29 35 15 8 22 30 29 36 53 63 47 21 17 30 41 44 41 26 10 2 0 0 0 1 18 28 20 5 1 7 18 15 13 12 12 13 12 11 12 14 15 15 13 11 9 8 4 12 10 11 23 26 17 15 22 18 12 8 7 14 25 35 27 19 20 34 46 45 38 35 32 29 25 18 11 7 9 13 37 41 37 21 9 11 16 19 30 23 11 8 27 51 51 37 36 39 41 38
32 9 27 46 21 10 27 32 13 17 33 46 35 9 3 16 20 23 20 14 17 23 19 8 13 11 18 26 20 6 9 23 19 12 6 7 13 17 15 11 15 17 19 19 18 17 17 17 8 14 11 11 23 27 20 18 22 17 8 1 3 13 23 27 30 36 34 27 29 36 31 18 12 17 23 23 16 11 19 32 47 56 61 48 17 0 0 18 40 60 53 17 6 29 37 23 29 38 45 45
13 25 33 33 9 11 43 39 14 13 11 15 27 37 30 17 11 15 16 8 13 38 42 19 20 14 30 30 18 9 10 38 31 24 14 8 11 17 17 12 16 11 17 20 13 15 23 22 26 7 2 20 32 25 16 16 26 13 10 18 17 12 28 53 53 60 37 18 32 36 24 21 7 0 16 18 16 26 21 21 35 52 68 65 48 34 35 42 59 68 69 0 12 36 31 16 14 39 52 69
20 35 37 35 20 19 44 44 8 9 11 21 41 58 59 51 27 22 20 13 9 27 46 46 37 15 13 11 17 26 25 41 60 43 21 8 3 4 10 17 30 17 11 10 15 31 38 28 18 14 13 18 24 25 22 20 30 17 10 11 10 8 20 39 48 48 27 17 37 43 32 34 22 1 8 12 19 31 16 4 2 21 49 67 64 55 59 72 67 38 31 16 52 43 16 18 0 25 64 74
39 56 45 37 30 20 30 34 38 33 27 27 37 46 43 36 40 31 30 27 14 18 37 48 33 15 11 5 19 40 40 48 48 34 17 7 6 15 32 48 16 11 15 18 15 18 16 1 14 22 25 21 22 31 36 34 34 26 17 12 9 11 21 32 43 37 16 19 46 48 35 40 30 15 28 33 35 39 16 0 36 48 68 79 70 55 54 64 52 21 18 40 83 45 0 15 1 16 75 62
44 61 41 32 32 17 18 24 35 29 23 25 35 44 45 41 39 33 36 34 20 15 19 16 8 13 27 18 20 37 37 45 54 52 37 15 6 15 25 27 10 14 35 46 24 4 5 13 20 23 22 15 11 13 18 20 29 30 27 18 11 13 22 30 40 30 13 25 53 47 28 33 19 25 59 63 49 39 19 12 39 50 57 50 39 34 35 35 31 33 30 39 60 25 0 23 32 25 80 39
28 43 24 22 28 15 17 24 25 19 18 26 41 53 58 59 40 36 34 26 19 26 25 8 2 14 33 22 17 27 22 25 50 61 49 20 16 38 45 32 29 17 35 54 32 5 19 50 57 43 32 30 22 9 6 14 22 29 32 24 11 6 13 22 32 24 13 28 55 43 21 28 11 21 57 60 43 35 22 21 32 51 52 30 21 29 28 14 26 43 36 38 34 9 4 36 51 32 72 23
25 32 18 20 20 7 12 14 24 18 18 27 38 44 47 49 49 44 38 26 24 42 52 40 22 18 24 13 14 24 11 8 20 34 31 20 43 90 110 100 62 33 40 68 59 32 33 51 67 47 36 41 38 24 22 32 28 31 35 29 14 3 7 18 23 22 12 23 46 38 25 38 30 19 35 35 33 41 33 30 42 61 62 41 33 41 33 12 23 37 44 80 63 25 13 29 38 23 47 16
33 31 22 27 13 0 10 4 7 3 5 17 28 31 32 35 37 38 46 44 32 36 49 52 36 22 21 13 18 28 16 16 25 23 17 23 53 92 108 103 86 57 56 78 77 59 46 40 32 24 20 23 25 24 28 34 37 29 26 27 18 5 7 19 23 25 12 11 29 32 36 58 52 27 27 24 30 48 44 40 20 28 31 29 31 36 34 26 22 35 55 110 80 41 25 16 29 26 28 15
33 25 24 32 13 2 18 9 16 9 8 14 16 10 5 4 8 19 48 60 35 12 16 28 33 23 29 25 27 33 28 37 34 15 4 19 45 61 62 59 70 47 37 40 40 42 41 32 25 29 28 22 23 31 36 36 37 18 10 17 16 4 5 18 28 31 13 1 16 27 43 73 57 33 34 28 30 47 46 46 28 17 13 19 21 17 19 26 28 45 56 93 46 32 37 19 41 44 27 20
9 5 14 29 28 13 9 19 24 12 11 0 36 22 13 21 14 34 50 48 34 22 15 13 10 28 28 30 47 46 39 49 42 33 17 21 39 20 12 49 56 48 40 0 28 38 31 34 21 49 36 27 21 16 37 44 25 26 3 25 17 4 2 20 36 32 24 23 36 48 45 33 22 15 51 28 33 38 46 48 26 25 51 15 20 22 22 24 31 49 22 44 23 25 48 26 36 68 4 17
15 12 20 35 41 31 22 20 16 25 30 7 29 28 37 48 43 41 35 31 35 39 36 28 7 17 15 22 44 43 27 26 44 50 26 2 20 15 52 38 84 55 23 54 55 43 32 39 28 34 14 28 41 32 42 35 39 42 12 23 12 7 10 26 43 29 35 66 81 59 25 5 1 3 44 30 30 28 30 28 28 48 81 40 30 31 36 39 29 30 15 31 4 25 54 30 35 63 7 19
11 8 9 20 33 38 32 23 34 38 33 14 22 13 20 26 71 52 25 13 26 54 77 86 62 45 17 8 23 28 20 19 32 47 42 22 36 34 90 26 67 30 3 101 76 55 41 40 65 57 28 52 60 35 33 11 34 43 12 16 8 13 16 24 20 9 20 54 70 51 20 3 12 10 38 33 35 34 31 23 31 59 90 57 43 41 40 36 35 29 35 50 18 40 52 34 68 77 23 20
25 22 15 14 28 47 52 46 53 34 14 21 32 15 10 3 16 27 35 34 31 36 44 50 50 38 28 33 48 50 39 32 59 37 28 10 7 43 106 58 96 27 13 93 55 51 42 35 77 66 18 22 20 15 52 43 46 59 26 26 20 28 20 11 11 18 26 33 45 52 45 31 20 10 18 23 29 36 35 23 25 38 58 55 50 39 25 15 17 14 21 35 18 23 20 47 115 99 44 16
31 31 23 11 15 32 41 39 43 31 6 26 41 47 51 29 8 36 60 60 44 31 29 32 40 30 28 33 35 37 40 42 22 0 19 33 55 180 232 220 210 63 46 62 33 38 33 35 51 61 28 44 54 72 129 105 65 77 42 40 39 52 40 23 29 29 28 28 36 42 33 17 1 6 16 30 21 18 17 9 11 10 21 51 49 23 8 12 14 16 0 14 19 9 11 98 153 125 88 46
25 28 23 10 4 9 13 13 33 46 21 30 28 53 72 42 12 29 42 39 31 33 44 55 46 30 24 14 0 0 21 39 7 11 38 53 92 247 255 241 243 61 66 64 55 44 36 40 54 68 37 65 81 98 144 89 30 46 18 26 37 65 68 61 51 21 3 16 29 22 10 6 11 38 57 78 46 24 19 13 16 8 9 55 43 9 6 30 35 46 21 44 50 20 25 117 124 104 112 77
28 28 24 17 13 15 21 26 44 51 26 54 36 40 59 38 0 12 34 34 21 13 16 21 11 14 38 45 18 6 23 34 33 43 43 57 126 251 255 247 147 33 79 89 74 49 49 40 72 64 8 27 30 39 92 39 0 19 1 14 21 45 56 60 49 24 11 22 33 31 31 39 41 63 70 105 83 74 75 68 54 37 13 54 38 11 12 34 32 43 25 61 44 9 22 66 41 36 90 71
18 12 6 5 9 18 32 43 56 35 16 89 75 46 56 53 71 93 103 77 37 15 21 35 38 41 65 69 31 13 29 40 37 50 42 77 162 208 195 179 60 34 100 102 56 32 56 34 62 65 34 76 70 52 95 40 13 41 25 28 12 13 13 16 9 25 37 36 34 40 48 51 44 45 31 83 96 122 138 130 97 66 15 47 37 21 16 21 25 24 7 48 11 0 28 31 1 5 84 73
16 9 3 2 4 12 27 42 56 19 14 52 77 71 76 98 131 149 145 103 50 22 23 34 29 35 81 58 51 23 21 22 54 43 34 27 160 176 170 184 7 61 88 80 71 62 71 39 76 98 100 125 145 116 104 43 44 71 19 52 21 13 4 0 20 18 24 32 25 8 23 47 40 22 0 37 76 90 116 115 78 50 12 28 30 28 7 19 14 7 14 21 0 24 18 11 35 37 40 40
11 6 9 20 22 17 21 32 54 39 30 40 57 68 71 71 86 87 78 55 31 20 28 38 0 30 29 39 41 48 48 51 77 76 26 78 224 199 254 250 89 138 133 102 99 121 121 69 101 161 187 87 116 63 58 22 0 58 2 41 21 56 24 36 9 35 31 44 28 2 6 22 49 28 0 8 27 32 49 45 43 31 20 4 22 22 30 31 10 23 26 41 29 41 27 9 39 35 29 21
8 4 10 25 27 17 13 19 30 26 22 26 39 49 46 36 31 18 12 18 21 18 18 22 33 7 55 98 23 51 117 32 50 47 61 148 253 255 232 255 190 161 206 55 83 182 202 101 51 99 148 168 108 202 145 200 62 41 37 44 66 65 62 37 39 69 14 35 39 35 35 37 53 39 11 9 19 27 42 38 29 34 48 0 25 21 54 41 20 44 11 14 7 16 19 4 0 12 30 44
12 12 13 16 20 24 24 22 26 15 19 43 60 55 44 40 19 11 20 46 56 39 20 15 37 51 65 58 101 67 53 32 81 53 26 137 250 252 250 252 232 167 167 175 37 40 167 211 153 104 72 13 89 134 220 234 149 9 43 47 54 16 63 18 32 72 0 2 7 16 22 23 50 48 33 22 22 28 32 25 27 37 56 8 17 11 38 16 0 44 14 29 31 32 39 22 24 28 34 39
11 21 21 15 26 47 51 38 25 15 19 41 58 56 45 39 22 24 46 77 77 47 23 19 46 85 42 18 154 116 6 86 88 69 32 6 147 240 255 168 111 137 237 212 158 178 220 196 145 104 91 38 170 188 164 253 139 97 196 245 155 58 39 14 28 99 34 41 19 13 25 37 31 38 41 31 28 33 27 20 29 37 45 30 15 20 23 2 0 52 23 34 30 29 42 35 23 24 23 21
0 14 21 22 38 61 59 40 14 19 18 15 23 33 30 17 27 32 51 71 67 46 38 46 99 72 53 75 76 114 45 125 85 18 40 142 161 143 33 42 166 255 197 248 233 255 254 237 178 131 119 240 176 129 25 216 105 156 224 243 227 118 41 1 0 59 19 26 14 18 35 48 28 33 47 39 36 43 34 33 25 27 26 42 14 39 28 8 14 39 7 8 0 4 27 35 4 11 22 29
0 1 11 26 42 49 40 27 17 28 35 30 23 22 24 24 45 42 45 53 53 53 66 84 98 72 41 73 14 71 34 109 98 115 23 166 118 118 146 155 120 103 96 150 253 255 200 196 177 172 102 164 242 236 255 44 0 156 246 232 237 129 81 64 11 29 3 4 15 37 60 68 49 41 49 32 24 30 20 30 27 26 19 36 9 49 41 14 4 9 6 23 11 28 36 43 46 43 38 34
7 0 4 28 42 33 21 17 15 19 39 56 40 11 13 38 41 30 20 19 26 41 64 85 91 47 10 51 12 63 49 62 200 255 170 121 115 174 255 155 24 37 128 226 252 249 225 235 255 197 157 238 239 255 243 174 87 217 216 249 245 223 149 98 42 48 41 26 24 36 60 70 47 32 39 25 26 43 45 68 63 59 51 51 28 73 73 38 59 29 17 20 0 22 29 40 33 39 48 54
13 12 23 32 25 21 26 31 37 40 45 46 40 30 22 20 18 22 11 39 6 12 47 59 40 18 26 4 45 25 58 95 228 251 236 192 254 243 44 80 255 233 223 255 241 145 133 233 254 155 53 241 224 237 233 231 52 255 228 222 242 238 156 111 43 41 20 42 49 75 58 35 25 12 10 26 45 59 74 89 83 84 44 59 24 96 80 60 83 53 57 24 6 0 22 24 26 16 32 59
39 35 24 28 45 44 35 42 50 59 55 35 18 17 22 24 18 15 5 36 10 9 34 48 21 0 49 0 36 4 63 92 96 64 174 127 255 245 186 255 231 255 255 252 255 249 239 255 223 210 255 201 251 237 255 251 190 233 255 122 236 219 255 235 139 25 39 8 41 48 20 24 30 14 15 36 48 48 63 88 59 61 32 38 7 65 56 34 65 49 58 31 14 3 21 18 27 12 20 39
43 46 31 31 52 50 38 48 90 104 97 59 26 19 25 26 28 20 12 41 30 27 38 44 52 44 18 75 0 85 73 111 199 254 35 176 230 250 178 128 179 223 241 234 245 255 248 231 253 239 247 255 236 226 249 156 46 102 245 249 242 252 233 255 204 56 48 16 43 37 26 55 56 48 62 87 77 40 25 36 57 56 40 31 6 43 43 18 33 31 38 22 22 37 74 81 50 31 31 42
28 34 42 43 37 36 42 49 61 78 86 67 38 19 15 17 25 18 12 26 35 42 38 26 37 32 18 93 54 162 232 251 233 255 141 199 255 245 244 184 200 239 255 255 249 255 255 255 252 255 221 241 255 215 255 129 255 202 235 254 231 255 214 147 165 107 4 30 38 42 45 49 45 39 47 64 64 49 49 62 82 74 65 46 33 55 61 31 47 54 45 31 31 49 89 98 82 65 65 74
31 20 42 47 19 29 56 47 4 14 37 57 51 30 23 32 36 36 30 22 46 64 48 20 22 29 52 47 47 62 247 255 255 158 199 239 239 255 226 195 203 237 251 233 223 238 252 250 229 199 255 255 222 204 245 228 203 212 254 255 255 238 227 75 97 139 2 30 46 64 49 20 18 26 39 53 67 79 86 88 61 48 45 29 29 50 61 29 54 70 50 45 37 39 60 62 60 48 52 62
46 18 23 27 11 33 55 34 15 8 23 51 54 33 27 41 52 54 53 27 55 71 52 30 26 54 54 52 36 42 209 236 192 145 241 255 250 217 199 172 241 249 249 253 255 245 232 235 193 223 225 251 241 248 135 247 250 249 212 229 218 194 213 126 37 115 68 33 52 59 42 36 26 44 60 65 70 72 60 42 28 18 20 15 21 48 58 29 45 60 23 28 22 20 37 45 34 23 27 35
48 33 14 10 24 37 31 18 38 21 16 25 23 8 5 16 32 33 42 13 36 38 28 33 55 46 50 17 52 26 115 121 95 103 214 219 255 255 157 181 253 255 241 240 255 253 230 237 227 250 234 235 247 255 205 148 255 249 253 185 211 109 110 90 6 46 74 26 32 19 24 43 39 42 39 29 24 26 30 31 37 35 39 44 39 65 68 44 56 63 7 19 14 7 23 37 58 44 39 40
39 55 25 11 46 40 7 13 33 19 7 3 1 0 3 10 18 15 34 9 28 16 15 47 70 44 47 10 50 26 27 33 37 0 98 114 167 140 67 100 204 250 212 153 190 252 255 255 255 240 253 247 226 208 242 191 136 191 255 129 165 100 48 52 35 10 24 27 28 7 23 24 42 42 44 41 28 16 18 28 40 45 49 55 35 56 51 29 37 50 1 34 37 25 34 47 73 54 42 34
35 16 17 41 53 37 17 11 11 18 20 16 20 29 28 19 25 20 16 15 16 21 32 42 60 53 24 65 54 50 23 63 22 22 25 30 30 25 19 16 75 89 79 60 85 146 176 167 176 187 201 226 119 100 0 179 171 204 111 139 99 101 30 33 46 24 7 10 18 19 14 11 16 50 51 34 46 57 49 45 29 25 17 35 21 37 29 24 46 44 22 29 52 25 10 52 64 37 2 7
29 27 15 0 0 7 17 21 13 43 57 43 33 38 35 21 1 7 8 4 3 9 16 19 27 26 9 43 23 29 19 58 31 27 19 13 14 20 22 20 0 26 47 40 34 41 41 29 0 5 67 51 0 53 57 40 0 77 218 200 0 32 78 0 30 21 13 11 14 17 16 15 6 31 29 22 48 71 66 56 29 24 17 30 18 39 43 47 68 76 41 13 27 21 11 33 57 54 33 32
6 22 34 33 28 24 16 5 0 23 31 20 24 41 31 2 7 16 18 10 9 16 21 18 37 26 13 42 24 34 14 15 34 34 24 13 17 33 35 26 20 46 68 63 42 25 16 11 28 9 18 33 53 27 41 22 34 33 37 16 34 39 8 33 18 25 25 16 13 18 20 16 31 42 32 22 40 53 35 11 24 24 25 35 23 41 53 60 59 68 39 19 43 42 15 9 26 44 38 32
15 3 6 25 36 26 14 10 7 15 13 6 16 35 34 17 12 10 8 10 17 23 26 26 18 10 6 28 13 34 28 16 21 33 36 33 46 66 59 36 30 36 36 26 21 22 22 17 9 47 0 13 52 20 0 8 12 0 29 23 16 3 6 23 20 34 35 22 18 26 25 13 19 32 31 24 31 36 18 0 10 16 30 38 26 31 40 43 34 26 8 25 68 66 28 13 28 43 37 37
24 4 0 5 19 21 19 21 18 24 26 18 6 5 20 36 18 5 4 22 36 34 28 27 9 19 28 26 0 14 37 45 0 21 35 44 67 91 79 48 27 38 37 25 26 40 40 27 3 29 24 35 25 48 23 15 22 43 22 16 16 21 25 12 24 34 32 21 25 38 30 10 3 20 32 25 18 25 24 12 0 6 24 27 19 14 21 19 27 18 0 10 45 53 36 29 42 37 23 34
8 23 27 17 16 25 24 13 14 9 11 14 8 0 4 19 30 20 21 38 48 38 18 6 14 29 39 35 19 27 33 30 4 17 27 38 65 90 79 49 22 45 52 36 24 30 32 25 37 7 33 43 35 38 24 17 33 33 17 56 33 29 38 13 24 25 19 15 28 44 34 10 11 26 40 30 12 22 39 38 13 10 24 19 16 9 20 15 18 35 29 9 11 23 22 15 34 20 2 17
9 27 28 8 0 7 16 14 16 4 0 12 26 27 17 9 19 26 29 29 35 37 22 0 0 5 7 18 45 55 39 22 43 43 37 39 58 75 61 34 23 40 53 45 28 20 22 26 15 27 27 1 25 37 18 5 22 42 33 23 8 33 46 40 27 20 11 11 28 43 32 10 4 16 38 38 28 46 70 68 34 22 31 20 23 13 23 12 7 29 35 20 9 8 7 4 27 28 16 25
16 19 26 29 22 11 8 12 7 11 12 13 19 25 20 10 8 33 39 27 37 65 67 45 32 32 17 12 43 53 46 44 86 75 58 51 60 64 44 16 9 18 36 51 44 24 15 19 26 42 14 17 16 22 9 10 22 20 24 7 30 38 19 46 34 22 10 12 28 39 28 10 11 20 44 52 44 59 73 61 42 26 35 22 28 13 17 0 10 4 8 20 19 7 8 20 19 38 36 37
20 10 17 37 38 16 5 10 24 5 5 25 30 18 24 46 38 28 19 28 55 78 74 58 42 45 65 19 28 47 53 48 59 65 63 36 30 37 28 38 24 18 20 30 34 29 24 25 26 34 37 41 46 35 22 23 34 39 32 16 12 22 26 20 27 20 23 24 19 21 25 19 20 29 41 51 55 49 36 23 38 19 11 24 31 22 11 9 3 1 15 37 40 26 21 30 25 30 35 36
16 17 28 43 39 22 17 25 19 12 14 23 27 27 38 53 45 31 18 20 35 43 33 17 26 43 72 29 23 32 46 54 15 24 32 20 27 38 25 29 24 27 24 18 21 31 32 25 36 38 35 42 59 55 33 19 19 29 40 41 33 24 19 17 16 9 13 17 15 20 25 19 22 31 42 48 44 31 13 0 22 27 20 8 14 31 29 11 4 28 39 32 33 45 40 22 14 20 28 30
11 18 26 26 16 10 17 29 28 29 30 29 30 36 44 50 51 31 13 10 18 22 19 15 29 37 54 26 24 26 25 23 10 16 24 15 26 36 20 22 27 41 37 16 15 32 33 17 30 73 92 66 26 1 8 32 14 28 48 59 47 25 16 20 19 12 15 20 18 23 27 20 18 30 46 55 50 36 22 13 0 19 25 16 18 31 26 7 19 46 50 30 31 50 43 14 11 19 30 36
28 34 32 18 8 13 29 42 47 44 42 42 41 37 34 34 37 23 14 18 24 23 20 19 19 21 28 21 21 18 10 2 28 28 28 12 18 26 15 24 40 53 52 35 28 35 29 12 21 49 55 36 21 16 22 35 23 35 47 48 38 28 25 26 20 12 14 17 13 16 17 9 2 15 33 44 41 31 24 24 19 25 47 68 64 40 24 25 26 27 25 26 33 38 31 19 15 23 34 42
22 26 23 13 10 21 36 44 53 39 36 47 48 33 22 23 18 16 19 29 32 24 11 2 0 9 19 30 20 11 15 23 20 21 23 7 10 19 15 32 54 52 48 44 38 30 24 20 19 16 3 7 34 47 31 15 28 40 39 25 23 35 37 27 28 23 28 31 26 28 32 25 14 21 33 40 33 22 20 26 39 32 48 73 65 30 16 30 22 12 8 18 31 34 31 28 16 21 28 34
0 4 9 11 17 26 33 37 41 24 22 37 41 29 23 29 27 23 17 14 20 28 28 24 16 17 10 39 35 25 22 25 15 19 27 16 18 24 19 38 51 32 22 28 27 16 14 24 17 20 17 21 33 27 9 2 31 42 35 17 21 42 42 23 28 28 39 44 38 41 49 47 28 29 35 38 31 21 22 31 39 33 29 24 17 10 12 18 35 41 35 23 26 40 40 28 18 20 23 26
6 9 15 22 25 28 34 40 33 25 19 20 22 24 33 43 47 39 20 5 17 49 68 69 51 33 2 42 46 35 21 13 22 22 29 21 26 30 21 37 43 21 9 18 22 13 10 18 18 13 9 23 41 34 17 16 53 56 46 29 30 42 39 24 14 18 30 33 22 22 32 33 13 10 15 21 18 11 14 25 38 37 24 6 4 18 24 19 36 59 58 29 16 33 43 35 21 23 26 29
16 13 13 14 10 8 17 30 35 37 28 10 4 20 41 52 49 49 36 21 36 71 85 78 48 37 8 49 39 23 19 23 19 13 14 8 18 27 19 35 44 27 19 28 33 25 16 14 19 20 21 29 30 17 19 43 81 73 59 45 39 38 35 29 24 29 40 38 20 15 23 25 14 10 14 22 21 14 16 27 22 21 14 8 13 22 20 12 11 38 47 24 6 18 40 51 19 22 28 34
20 6 6 22 24 12 13 27 37 40 36 24 16 19 26 30 43 36 27 26 40 55 55 46 31 28 18 16 22 16 8 14 12 13 20 1 13 33 16 21 36 35 36 27 32 45 35 26 11 21 12 21 20 28 62 54 54 55 58 55 42 27 22 26 35 30 36 45 37 22 25 42 28 18 39 17 38 35 20 23 15 27 1 15 18 17 6 9 11 12 26 23 3 17 46 52 24 13 32 55
30 13 15 36 36 16 11 26 28 37 33 18 16 26 28 20 23 25 23 16 13 14 12 6 5 19 17 8 8 7 0 0 7 3 11 6 23 38 19 26 24 21 11 7 31 52 46 40 30 31 19 25 26 37 65 56 21 23 32 42 35 18 12 16 34 37 44 46 36 22 22 30 48 32 35 27 37 39 32 25 1 22 29 46 10 10 27 30 40 33 33 21 3 15 41 46 25 18 38 58
28 13 15 32 30 10 10 27 36 35 30 21 17 20 24 26 20 23 24 21 21 24 25 23 12 41 45 24 13 13 15 19 11 4 8 16 42 52 30 28 45 42 14 3 27 35 20 12 31 25 11 13 13 21 40 30 24 15 16 23 16 3 6 22 21 17 11 5 6 20 47 72 52 32 14 28 23 34 41 23 30 38 47 57 8 36 93 102 39 33 32 23 10 14 21 15 20 16 31 46
21 18 19 19 11 5 16 33 48 30 21 25 21 13 23 44 47 37 25 19 19 21 17 12 20 40 40 21 10 7 13 25 24 19 13 23 57 70 44 22 28 38 14 9 30 28 19 17 38 30 25 24 18 20 26 17 35 24 23 27 17 2 13 37 37 30 29 31 27 23 36 56 47 30 1 27 5 19 35 7 23 37 44 65 44 75 103 89 40 34 28 22 19 23 22 14 21 15 18 25
25 41 44 25 8 11 22 30 33 16 5 11 25 34 38 41 36 30 22 20 20 22 24 26 32 21 9 17 34 28 13 12 27 29 13 18 55 74 50 12 7 28 13 13 21 17 33 41 31 26 36 36 25 22 19 15 17 19 31 42 32 13 17 35 53 36 33 42 32 9 8 26 43 36 10 28 1 14 27 0 13 41 28 40 48 69 60 38 64 52 31 17 24 38 46 50 31 23 13 12
32 54 60 39 18 15 16 12 7 8 1 0 27 58 56 31 12 16 24 31 36 43 58 72 48 18 4 41 87 80 37 11 24 29 6 9 40 53 41 8 18 32 15 16 5 3 45 54 13 7 27 29 19 19 13 15 15 17 23 28 21 12 15 26 35 15 8 19 19 6 7 23 23 27 19 20 10 30 35 3 28 70 47 40 43 61 52 40 52 50 32 20 30 38 40 47 32 29 14 8
33 40 45 39 27 15 8 6 11 22 27 22 24 39 51 55 57 42 28 24 26 29 35 43 39 27 26 61 103 96 50 18 29 31 5 13 26 19 23 16 19 20 8 22 8 16 76 73 23 8 27 27 22 29 22 29 26 19 12 9 13 19 23 24 18 19 27 39 46 39 23 10 10 19 28 6 26 57 49 18 31 81 85 80 51 62 58 32 16 30 24 19 28 25 14 17 21 30 21 14
33 21 20 31 31 17 12 18 39 44 59 57 21 0 33 96 123 76 28 12 18 23 17 10 29 48 63 79 96 87 58 38 42 37 11 24 22 0 8 26 35 24 13 36 19 27 85 64 32 7 19 16 15 27 20 28 15 12 8 13 31 45 40 26 9 18 19 19 37 60 57 37 22 30 44 2 40 74 53 20 54 79 81 63 5 29 52 17 8 24 18 10 18 14 6 15 14 34 32 25
19 2 17 38 26 16 20 17 32 41 52 75 17 0 39 84 116 75 27 8 21 35 29 14 25 56 76 64 42 36 43 49 44 34 27 27 25 20 19 23 27 28 24 16 18 31 47 56 27 22 25 32 28 16 14 22 18 6 8 22 33 43 45 34 26 27 17 10 27 52 53 36 40 46 40 30 38 53 42 17 53 58 31 23 1 7 3 24 72 66 15 19 25 24 8 10 15 22 29 33
23 13 22 28 22 30 36 20 20 23 31 66 30 15 37 61 78 51 22 18 38 59 64 59 30 35 39 36 27 21 26 34 31 28 31 37 38 31 25 24 7 11 16 16 14 15 22 29 35 28 24 26 26 19 13 11 8 7 19 28 24 26 32 28 26 24 17 18 35 53 48 29 16 22 20 14 21 35 34 22 48 34 9 15 37 57 40 26 103 94 35 29 26 25 15 22 20 21 23 23
19 17 22 16 16 45 57 31 30 31 30 61 34 19 26 36 6 24 44 49 42 37 43 52 59 40 29 31 29 17 12 16 35 34 37 42 41 34 26 22 17 18 25 31 26 16 15 21 26 20 13 12 19 24 17 6 0 13 34 35 15 11 23 29 29 24 21 28 44 55 47 32 10 12 10 7 10 19 28 31 4 40 67 45 22 7 18 25 42 53 22 35 37 29 10 11 34 30 25 22
13 14 20 14 14 46 64 43 54 60 47 61 28 11 14 24 3 19 31 25 7 3 26 52 68 52 40 39 38 27 15 9 34 30 26 25 25 25 24 24 29 20 21 31 31 17 12 17 20 21 15 8 15 26 20 4 3 20 41 35 11 9 29 41 36 29 25 30 40 47 46 44 32 25 19 15 12 14 24 34 12 54 98 67 38 11 24 20 34 44 11 22 23 20 9 18 31 26 20 17
22 17 25 25 15 31 50 43 55 63 41 50 29 21 18 23 24 10 2 7 19 28 36 42 38 37 31 23 23 26 20 10 17 13 8 7 11 20 27 30 33 19 17 33 41 32 22 21 29 37 34 21 18 24 18 4 11 22 35 27 9 17 42 53 40 33 25 19 20 26 36 43 46 35 25 20 14 10 15 24 52 62 83 52 34 18 24 0 18 31 4 20 27 26 14 21 34 31 28 30
38 26 33 34 15 16 31 31 31 39 11 26 32 41 32 27 28 13 7 20 33 33 23 17 21 23 15 3 5 17 18 8 19 18 14 11 15 23 29 29 26 17 18 35 47 42 30 22 22 34 38 29 23 24 20 10 14 18 23 17 10 26 48 52 33 30 21 8 4 12 22 27 33 29 23 18 12 7 10 15 53 46 49 23 0 0 17 3 0 17 0 29 44 40 17 13 34 35 36 39
37 24 28 28 11 14 28 24 22 34 0 8 20 38 36 36 48 29 13 9 8 9 21 36 34 23 12 13 25 34 28 17 33 31 24 16 16 24 27 26 17 14 13 17 23 23 16 8 9 21 31 32 29 27 21 14 14 14 18 15 15 33 46 40 18 23 19 9 11 22 23 15 14 24 30 26 17 14 18 22 41 12 2 13 14 49 62 43 56 56 15 29 42 42 23 21 20 22 25 27
24 13 17 15 6 21 35 24 33 52 12 3 0 17 28 44 39 19 7 15 28 34 40 47 42 20 13 36 62 64 49 36 31 27 16 5 7 20 29 30 36 34 26 15 11 14 16 14 15 23 33 38 36 29 18 11 12 14 19 19 21 36 42 29 6 17 20 17 28 43 35 14 7 28 44 39 28 26 32 36 27 8 8 35 22 57 69 59 44 47 14 40 59 57 28 17 27 30 32 31
20 1 7 13 12 37 47 18 31 43 15 26 0 6 37 62 31 5 30 45 43 46 52 88 68 35 16 37 71 75 50 26 22 13 23 27 11 12 28 29 34 30 26 23 19 17 23 31 40 22 21 29 24 18 18 15 22 28 32 58 26 19 27 21 24 15 15 24 29 24 20 23 23 38 52 41 18 22 43 51 17 0 25 36 15 36 53 15 20 22 14 18 42 52 35 18 28 48 56 44
18 8 10 12 15 40 55 40 18 28 7 27 17 28 52 68 40 14 22 20 26 56 75 100 105 74 37 31 49 47 22 6 19 14 20 30 33 34 28 15 13 19 24 21 9 5 18 35 30 19 19 20 11 6 16 26 31 24 32 76 37 3 9 29 22 22 24 24 18 13 17 25 31 35 39 28 12 18 33 35 13 6 24 26 4 19 38 16 23 22 13 15 35 42 31 24 37 46 46 35
23 19 9 0 3 19 30 29 37 35 10 18 9 13 20 23 22 21 39 36 36 51 36 17 46 43 22 18 43 44 23 14 22 31 31 29 37 35 17 4 10 27 41 34 13 4 23 48 57 46 35 25 13 11 26 45 41 19 10 58 42 17 11 19 21 26 27 22 20 23 27 28 30 28 31 27 17 19 25 20 12 18 28 21 6 16 33 33 33 32 24 23 32 31 29 38 43 37 28 21
45 42 23 7 11 17 18 22 26 19 2 1 0 5 10 11 26 28 35 30 29 43 36 13 9 27 20 16 37 37 18 14 42 66 58 32 25 19 11 16 22 41 57 49 23 9 26 51 71 52 25 12 12 11 13 22 30 29 7 28 29 42 35 17 18 21 20 21 31 42 37 23 20 21 33 38 27 22 22 16 27 37 36 24 18 21 30 40 40 44 41 36 29 17 21 44 43 28 16 17
44 40 23 14 22 25 19 18 9 8 13 8 11 14 16 18 28 23 20 19 14 21 32 25 3 18 13 4 13 16 9 11 36 58 45 13 2 0 0 9 20 35 47 41 19 5 14 32 56 37 9 10 35 34 10 0 12 44 29 28 17 36 39 27 14 23 29 31 35 39 31 16 18 19 34 40 25 14 19 23 46 51 39 26 29 27 24 31 36 48 50 41 23 3 9 37 44 32 28 36
36 28 21 22 25 26 20 10 8 13 38 25 26 18 12 12 12 17 24 41 33 21 27 18 0 1 15 24 27 34 37 34 26 28 15 2 6 10 6 3 12 20 30 28 15 3 5 14 29 24 9 25 67 65 26 5 23 40 18 29 24 24 15 13 20 41 58 52 33 21 22 26 33 22 25 29 15 9 21 32 46 41 28 25 38 42 37 37 31 46 50 40 24 7 9 28 45 44 51 64
43 31 38 44 35 35 36 21 0 5 41 24 31 28 24 28 22 29 30 48 48 47 68 59 19 15 42 63 55 59 67 54 41 24 16 22 32 42 39 24 17 21 29 31 23 12 9 12 6 18 9 19 53 48 17 11 41 35 0 16 26 23 6 8 28 48 64 56 29 11 22 43 54 26 16 24 24 24 34 41 35 21 11 17 34 47 48 43 25 37 36 28 27 22 17 22 33 45 63 76
28 15 34 46 29 32 42 27 18 16 47 19 26 25 25 31 31 43 38 48 42 38 52 28 25 1 23 47 33 46 71 62 38 13 11 22 25 35 40 26 27 31 37 39 32 20 15 16 16 35 23 14 30 22 8 22 40 44 3 9 14 20 20 35 28 36 45 41 22 10 25 49 66 27 12 29 43 48 50 47 32 10 0 6 17 31 37 29 16 23 16 11 23 30 21 13 17 37 60 72
15 15 52 57 10 7 41 46 24 16 25 45 48 32 24 31 30 31 22 10 13 24 20 6 20 23 23 16 9 13 29 44 26 12 2 6 18 26 28 29 19 12 21 32 25 19 20 19 30 45 50 33 9 0 4 14 37 28 23 28 29 26 27 33 40 25 9 4 13 25 33 35 35 31 19 16 36 59 51 27 13 8 17 8 7 17 17 29 35 34 26 26 31 22 8 9 11 14 22 35
37 34 55 56 23 15 33 35 11 17 35 56 58 41 28 26 3 3 1 4 16 30 31 24 45 40 31 20 12 11 16 20 17 14 17 29 38 37 30 25 29 19 25 33 24 15 16 14 29 45 55 45 26 15 17 21 0 26 60 72 50 18 8 14 24 20 13 10 11 16 23 28 26 25 14 9 27 48 42 19 1 3 18 9 3 12 17 36 50 54 49 43 36 19 6 11 8 7 12 20
43 40 42 39 26 15 14 16 24 28 30 26 18 12 12 13 27 21 22 35 48 54 54 54 46 36 24 17 18 19 16 13 12 17 29 44 49 42 32 27 36 24 26 32 23 15 16 14 14 32 47 45 33 23 19 17 19 40 61 56 26 3 16 44 17 24 29 26 19 17 21 28 29 30 22 15 28 47 43 23 4 13 32 20 7 13 22 47 59 70 69 58 41 17 6 15 37 32 30 33
31 33 23 19 23 11 0 5 60 60 43 13 0 4 18 25 23 9 8 26 35 27 22 27 29 20 11 12 19 24 22 17 15 20 30 40 42 37 34 36 37 23 24 30 23 19 22 21 0 16 33 36 30 21 13 6 24 33 47 49 35 19 24 39 20 31 40 39 29 23 25 31 37 41 34 25 34 52 49 31 19 27 45 31 14 16 23 47 55 68 71 61 43 17 7 17 49 40 33 32
