18 23 26 32 35 26 28 48 40 36 41 44 38 22 16 17 13 16 20 22 26 36 51 62 52 47 56 54 38 48 60 50 55 37 49 55 33 33 43 28 31 24 22 24 21 15 17 26 23 27 22 38 22 32 35 57 74 100 84 44 19 45 83 69 48 54 43 4 16 23 37 32 41 37 19 19 38 33 15 16 25 31 70 125 121 51 9 26 44 40 33 24 16 10 9 10 18 15 19 29
14 14 8 15 38 50 50 53 69 49 39 48 34 33 27 22 12 14 15 15 15 19 26 32 46 37 34 32 4 11 24 31 11 12 33 43 25 19 30 35 29 21 18 20 18 14 19 29 16 0 7 30 44 29 23 27 70 101 83 37 10 31 57 33 8 36 56 31 27 9 20 28 46 45 38 33 29 19 18 31 35 42 54 75 70 22 4 37 50 32 28 38 32 9 1 9 0 0 4 8
8 31 33 14 0 0 0 9 16 6 15 50 22 36 30 22 20 21 23 25 28 30 32 34 30 26 18 24 0 9 21 38 26 20 11 9 6 0 3 22 21 13 9 11 10 8 15 26 27 0 5 21 49 22 29 38 55 60 53 54 36 13 22 26 12 24 45 41 46 17 19 30 25 18 24 28 15 7 17 30 41 66 70 67 64 31 13 39 42 23 34 67 62 21 5 22 31 23 15 11
18 21 19 21 29 23 15 18 28 24 37 69 4 11 7 3 7 8 12 18 25 30 32 32 17 24 15 27 15 43 44 51 74 48 6 0 27 21 2 11 16 9 7 10 9 6 11 22 24 10 20 27 35 18 35 56 36 29 22 45 44 15 25 48 12 9 27 39 55 18 10 19 34 12 18 33 27 27 33 29 55 91 90 75 79 57 27 31 20 23 54 90 78 34 23 45 73 53 33 27
9 16 26 37 30 8 17 54 73 56 49 70 10 36 53 64 20 20 21 24 26 26 24 21 13 25 10 11 21 57 52 40 77 58 18 21 65 59 20 12 19 14 14 18 17 11 14 22 7 18 22 32 17 18 18 31 32 50 24 7 15 28 45 45 8 15 46 63 73 26 14 24 33 8 6 14 9 13 19 9 55 76 58 33 45 50 34 31 6 35 70 79 53 26 32 55 83 74 69 72
38 4 0 30 71 71 69 89 109 74 48 56 19 40 49 50 60 61 59 54 45 34 24 17 9 17 5 0 19 45 47 35 58 59 29 18 42 36 8 5 17 13 14 20 19 12 13 21 20 23 6 15 1 18 6 7 37 60 34 16 27 28 25 16 32 27 40 51 74 45 31 29 41 36 33 25 16 24 36 37 20 28 15 0 8 31 40 37 10 50 71 46 12 10 33 52 64 77 95 106
28 21 21 32 31 11 18 53 48 26 18 35 35 46 45 40 49 55 60 57 45 29 15 7 8 13 18 0 32 23 36 42 35 52 36 8 8 9 3 6 13 8 9 14 14 9 13 21 37 19 1 4 8 15 11 11 26 45 30 38 57 36 16 13 31 16 9 8 45 38 28 12 17 38 40 24 22 28 29 30 15 21 31 23 8 18 35 31 21 56 65 29 3 18 43 52 45 51 61 69
0 15 31 36 24 3 11 44 41 31 32 38 41 31 26 25 14 27 43 48 41 28 16 9 15 18 41 22 49 3 18 39 3 36 43 25 24 32 31 29 14 8 8 13 14 12 17 28 24 5 13 17 35 12 14 15 3 42 25 18 50 61 51 35 7 16 26 17 40 32 27 14 19 53 55 40 46 45 22 8 60 61 79 65 14 3 21 18 25 55 61 32 20 41 60 58 59 40 23 21
0 0 10 18 44 21 13 11 21 4 24 38 20 40 63 44 25 17 27 38 83 71 49 17 21 24 36 0 49 0 18 37 10 27 40 33 25 36 42 30 14 16 0 5 33 23 3 18 18 10 14 27 27 13 7 13 21 25 21 23 29 24 21 30 28 73 91 83 36 60 48 16 23 49 64 34 118 62 29 13 41 58 65 62 27 1 15 14 14 40 52 16 37 39 36 53 51 79 61 29
22 6 0 0 28 18 12 4 0 10 36 56 10 31 42 32 22 15 27 53 58 60 43 18 37 63 67 27 30 6 14 30 18 35 36 20 19 31 30 18 16 21 7 8 26 14 0 19 15 9 13 23 19 5 4 15 20 24 30 51 75 69 46 35 103 130 122 84 47 59 53 31 26 39 37 9 86 64 44 25 0 13 46 75 50 13 17 20 3 27 53 32 51 44 21 10 23 47 45 33
41 32 22 8 36 33 32 23 39 62 81 96 25 36 34 31 6 0 6 39 19 36 31 23 60 102 99 68 16 20 17 26 58 35 13 24 40 19 2 19 24 31 20 15 22 10 5 28 16 11 14 19 12 1 6 20 17 17 24 56 92 87 50 25 93 119 110 56 45 33 28 18 11 0 3 17 57 23 13 30 10 15 37 73 57 20 24 30 0 4 29 17 43 53 42 23 15 15 8 1
15 28 34 12 27 24 32 29 9 14 38 66 31 29 26 24 24 16 5 20 18 27 26 40 62 89 87 74 12 24 19 16 70 41 7 22 52 29 2 21 26 30 21 15 17 10 12 31 24 17 15 17 13 7 12 24 21 14 10 31 62 60 32 15 39 67 68 21 50 26 25 26 39 24 28 51 57 32 23 40 51 39 36 59 52 34 46 49 19 7 22 6 32 62 75 62 60 40 29 26
6 22 30 8 28 40 66 74 35 0 19 46 63 40 42 34 28 23 3 0 31 9 0 22 47 41 47 53 22 23 24 15 45 71 47 14 33 47 29 18 18 17 10 7 9 10 15 26 29 19 13 15 18 15 16 21 23 19 10 14 30 31 26 30 33 38 27 0 59 40 34 32 22 38 29 8 0 24 18 0 27 31 36 51 46 44 69 72 63 50 57 26 35 53 62 49 45 28 25 32
34 36 33 17 58 94 140 160 103 34 17 9 38 9 27 29 54 53 49 47 89 48 29 46 43 22 34 53 47 38 45 43 59 89 77 37 26 29 25 25 17 12 8 7 9 14 19 22 27 17 11 15 20 19 15 14 13 19 16 15 20 23 33 53 60 41 19 1 78 55 28 8 11 43 56 38 13 12 12 11 14 30 38 42 26 27 65 78 84 78 78 32 30 32 30 23 66 51 33 27
38 37 33 18 53 83 131 159 102 55 31 8 18 7 35 52 46 41 61 84 81 46 32 36 38 33 46 66 55 47 56 71 81 60 46 43 31 10 10 29 21 17 17 16 11 15 21 19 19 16 15 20 22 19 13 11 6 16 18 17 20 22 36 61 74 56 39 28 78 50 26 17 20 25 51 72 61 6 1 37 34 30 24 30 17 11 42 55 54 64 68 27 37 35 27 28 85 74 37 10
30 40 45 21 28 27 62 90 49 53 52 38 21 12 22 34 46 30 62 103 42 20 14 8 21 40 50 68 37 37 43 75 60 16 0 7 20 23 22 17 21 18 22 19 8 10 16 12 15 17 22 26 24 18 13 11 11 18 18 16 19 21 34 58 58 48 35 16 33 12 22 47 49 18 15 42 78 34 12 26 32 6 0 25 33 21 29 26 9 39 61 38 67 62 40 40 69 75 44 20
22 9 32 60 51 40 47 49 13 23 58 43 67 32 36 21 5 18 29 57 39 32 13 20 20 15 9 10 7 0 14 52 42 8 10 23 12 15 25 13 25 22 20 19 19 17 13 10 20 19 18 21 23 21 15 8 13 17 19 19 17 18 23 28 21 22 25 33 29 10 19 55 55 31 6 30 59 30 8 40 37 8 0 27 8 0 18 14 13 52 90 78 74 86 63 41 61 34 18 29
10 11 34 48 34 30 40 40 27 49 58 30 80 59 46 30 21 7 16 31 37 30 26 17 17 15 7 7 18 21 28 43 43 17 11 18 14 18 24 15 20 20 21 20 19 17 16 16 10 15 21 22 19 16 16 18 13 14 16 19 20 19 16 14 20 17 22 39 47 34 26 35 38 47 33 26 34 21 17 45 41 25 14 31 25 20 47 41 32 53 75 63 67 83 55 25 27 8 2 16
6 25 52 53 30 22 27 24 11 65 74 36 85 69 56 56 53 19 22 9 13 5 29 22 44 39 19 17 47 67 50 27 21 11 4 6 13 20 22 20 18 19 20 19 17 15 15 15 6 18 27 23 13 9 17 28 22 18 15 17 21 22 19 15 8 24 44 55 49 34 26 27 50 80 65 23 16 27 37 52 35 31 16 22 29 37 54 51 21 48 74 57 49 60 44 31 27 15 12 23
22 38 55 51 28 17 28 42 32 64 68 37 66 60 64 71 78 44 41 31 23 18 33 20 22 37 27 13 30 47 30 2 6 14 12 13 23 25 22 26 22 19 16 15 15 14 10 6 15 24 29 21 9 6 18 31 28 21 13 9 12 17 23 25 19 40 61 58 40 30 28 23 60 85 65 19 17 46 61 62 28 24 9 11 25 28 30 34 17 43 70 49 34 41 33 32 39 25 18 22
35 31 28 26 15 7 30 66 77 42 30 26 40 44 59 52 50 38 35 50 34 34 14 0 14 53 64 40 24 21 20 21 10 24 30 33 36 30 23 28 26 19 13 14 18 18 11 3 22 23 21 13 6 7 18 28 22 19 13 7 3 6 14 20 43 40 43 37 28 36 34 12 31 48 42 20 22 46 64 69 35 20 13 19 29 20 9 21 41 41 45 26 24 39 28 22 29 12 0 0
28 19 11 18 20 5 8 36 42 1 16 48 41 27 35 27 30 52 49 52 16 11 0 14 35 48 48 37 25 8 0 6 6 7 18 32 32 25 23 26 24 18 13 15 21 22 16 9 20 16 11 8 8 12 17 21 17 20 21 18 11 7 8 11 27 23 29 22 6 18 29 12 4 20 35 34 23 25 47 70 47 24 30 37 35 24 8 16 36 31 30 10 10 31 34 42 32 18 6 5
25 21 12 22 39 25 3 6 0 0 40 88 74 34 18 23 51 81 74 50 30 15 18 54 63 41 30 47 57 35 21 35 22 0 1 23 22 18 23 20 18 17 16 16 17 16 14 12 18 15 13 13 15 16 15 12 17 19 22 22 20 18 15 14 8 11 33 33 7 12 28 17 6 12 30 36 18 14 45 80 59 36 53 50 34 33 18 13 16 18 28 13 8 24 32 48 33 31 30 32
36 32 10 12 45 51 32 26 17 32 59 101 106 61 21 29 49 59 46 24 64 43 26 32 20 2 8 43 53 26 34 81 67 15 9 30 24 20 25 16 13 17 20 16 9 4 5 9 21 21 22 23 23 19 11 6 15 12 10 13 18 23 23 21 21 13 35 50 36 40 41 12 13 3 10 19 12 21 63 101 71 51 73 58 32 42 29 10 24 15 21 17 24 34 17 12 9 18 33 43
29 31 28 12 46 43 49 52 37 38 49 78 91 62 28 22 23 29 22 23 61 102 90 47 49 66 65 70 37 38 51 89 78 38 23 39 46 38 25 14 22 4 33 47 20 32 43 5 6 0 8 21 14 7 9 11 24 16 4 0 8 21 27 26 20 13 22 48 62 46 24 15 24 28 32 20 8 30 69 90 68 42 40 23 29 36 49 22 18 26 21 10 23 25 14 1 5 0 25 61
21 22 20 15 35 41 47 47 25 21 20 35 48 35 18 20 8 24 26 31 62 92 98 92 87 116 116 88 70 42 30 42 31 36 57 69 53 36 32 29 16 30 27 27 39 29 7 2 7 13 34 42 20 2 5 11 22 20 13 6 6 13 18 19 22 20 0 20 74 44 2 32 46 40 40 31 11 17 54 82 53 30 28 11 20 32 57 44 33 18 6 10 20 16 21 38 29 23 27 26
19 22 23 28 19 30 31 28 26 24 16 19 31 29 23 28 28 33 22 17 26 20 19 40 48 54 43 16 58 54 41 21 20 45 76 80 59 42 30 13 9 11 22 23 11 11 24 30 20 25 45 51 29 9 7 8 27 34 33 22 10 7 10 13 17 46 43 49 64 20 0 19 40 30 36 39 20 13 39 68 25 16 30 27 41 47 67 58 38 29 32 57 64 55 44 49 55 37 19 1
22 32 43 54 18 27 25 20 34 41 40 40 46 41 31 31 48 48 47 64 73 36 9 28 43 20 9 7 45 66 60 19 26 52 76 70 51 46 34 8 14 4 18 26 9 12 37 47 45 29 28 34 30 25 17 5 25 38 43 29 9 0 0 5 32 67 102 90 49 31 28 15 14 11 25 36 25 18 29 40 26 27 51 61 82 75 80 69 39 49 60 82 76 77 54 36 64 46 40 49
23 43 63 76 34 35 29 25 32 44 48 47 48 36 21 20 8 13 39 85 95 44 5 15 27 9 38 76 58 85 91 54 6 34 60 53 36 40 46 33 16 29 18 24 48 27 10 43 62 32 13 13 19 28 26 12 14 28 36 26 8 0 2 7 18 21 34 30 20 34 32 0 7 9 20 26 23 28 31 23 14 15 36 48 72 51 38 24 36 46 56 71 33 32 26 30 9 12 23 41
28 50 70 75 48 36 25 18 28 35 34 32 29 17 12 22 24 12 32 68 62 24 8 20 48 25 47 84 37 57 57 18 3 7 19 25 26 36 39 26 3 10 27 45 39 19 31 66 57 33 17 13 13 24 31 24 17 28 34 29 23 23 27 29 31 30 12 20 53 47 19 18 12 12 17 19 23 41 51 43 43 48 71 85 107 67 35 18 16 29 64 109 44 11 0 25 46 59 45 19
31 48 63 61 66 49 35 25 33 30 23 21 20 13 23 49 40 0 3 29 23 14 22 22 17 5 11 25 30 63 75 51 29 5 0 12 20 24 23 13 7 0 46 91 51 36 67 71 41 28 25 28 29 37 40 30 22 25 25 24 28 35 38 37 25 33 28 33 45 30 14 26 20 14 19 25 28 41 60 65 55 58 72 79 98 57 33 30 20 25 63 130 75 47 21 31 78 80 43 0
26 40 54 53 90 77 66 55 39 31 20 21 23 19 39 77 61 3 3 35 36 37 31 0 0 19 25 0 31 51 72 69 45 23 19 24 12 5 21 39 33 24 61 121 133 92 50 29 29 20 25 41 52 60 51 29 14 10 4 3 12 22 23 18 28 19 36 35 12 35 65 49 31 19 27 39 32 29 46 62 69 57 45 33 51 30 39 65 56 34 30 80 53 77 62 53 38 33 9 0
13 35 29 36 25 40 30 40 37 42 43 44 47 48 57 71 49 16 13 69 33 59 42 17 19 45 64 61 0 51 82 58 29 1 8 29 42 0 8 47 55 41 58 97 146 91 30 0 34 81 79 44 47 62 51 35 10 6 2 2 3 6 14 21 23 29 40 38 23 123 148 73 17 21 15 12 19 22 28 43 63 54 44 0 28 0 25 57 73 36 17 25 38 47 47 38 0 18 13 1
23 22 4 11 7 26 17 16 17 29 22 35 72 73 57 69 39 6 40 80 28 27 40 18 40 89 105 93 16 39 49 54 35 10 15 38 44 13 11 30 41 47 26 40 91 43 0 26 91 124 102 44 28 38 32 19 16 16 14 14 15 17 17 16 29 27 29 25 16 117 158 105 29 42 39 25 21 18 17 24 66 53 41 8 26 6 18 29 47 37 31 27 28 39 37 18 47 69 56 25
38 33 23 21 4 19 30 36 36 12 29 50 51 73 80 43 18 37 62 67 64 18 3 15 42 85 84 77 30 38 45 82 59 26 11 23 25 28 33 38 29 32 34 42 33 39 43 50 79 108 89 35 17 32 32 20 16 21 22 19 23 30 30 24 25 24 30 24 10 77 105 63 16 38 44 34 30 27 24 28 43 31 26 21 27 36 41 32 33 43 46 31 28 49 55 32 75 94 76 35
40 35 33 28 12 25 42 45 59 52 77 78 55 78 81 22 0 33 54 65 101 75 39 39 86 81 59 60 33 33 29 53 66 31 4 7 9 30 36 29 23 41 58 50 9 69 98 66 51 68 53 12 3 23 27 12 4 13 14 8 9 18 21 15 17 21 32 25 9 39 50 19 10 24 31 33 35 28 24 34 7 2 7 24 13 49 63 51 43 45 40 25 25 55 70 54 72 79 67 44
28 20 13 5 17 30 29 9 45 109 100 69 100 106 58 31 16 23 56 80 70 98 86 26 30 0 1 39 41 60 69 70 45 26 17 25 38 39 25 4 2 38 23 2 0 49 58 56 36 34 20 2 5 31 40 26 10 21 26 22 19 20 16 8 14 19 26 15 13 33 54 46 28 23 19 28 33 17 12 28 38 37 43 60 29 69 91 88 50 30 16 12 19 43 57 51 28 20 21 29
20 40 39 13 28 31 25 8 34 78 60 32 72 100 71 45 23 37 36 26 12 40 28 0 50 16 17 38 31 44 62 60 42 35 44 52 87 62 44 33 34 23 26 44 39 51 62 70 40 25 23 31 40 54 55 38 9 16 26 37 40 33 19 8 13 23 29 11 19 26 44 46 30 19 11 21 32 25 26 45 33 28 32 41 6 34 56 60 41 15 5 16 27 39 49 47 38 23 35 60
15 74 81 28 37 31 30 31 34 22 27 24 25 66 87 56 54 91 60 18 64 58 39 57 67 55 42 35 37 42 54 66 59 51 61 53 108 55 46 59 45 0 22 61 44 25 53 59 80 47 41 54 53 52 52 43 14 3 5 25 38 29 8 0 11 29 37 12 23 12 15 13 28 31 23 19 32 43 53 66 33 21 21 29 11 25 40 43 35 19 19 27 27 30 37 38 28 19 36 54
8 74 72 9 33 31 23 21 19 25 37 45 45 53 66 71 72 75 58 13 68 39 37 46 7 27 15 7 39 39 30 48 64 55 64 42 100 17 5 29 71 46 40 40 57 19 37 86 96 43 22 33 34 47 78 96 62 30 15 32 48 37 13 0 12 33 37 6 23 11 15 16 47 63 51 26 28 46 56 58 39 20 16 26 25 28 33 33 39 34 35 27 8 3 10 10 12 12 30 34
51 65 65 30 31 21 26 21 28 53 74 67 115 47 33 70 73 34 2 28 40 49 90 115 98 69 77 77 17 16 27 31 48 79 79 52 14 19 48 40 57 85 86 78 99 55 37 67 80 31 0 26 20 30 52 61 41 25 0 21 24 39 3 13 24 53 58 22 28 10 16 32 54 65 46 31 45 42 27 32 25 31 28 35 19 36 27 15 37 27 27 24 1 14 8 20 18 41 36 33
85 97 103 83 95 73 48 18 14 33 49 25 110 28 24 73 82 51 39 57 46 39 35 76 66 51 71 103 48 42 36 38 47 60 36 38 6 142 176 91 31 79 107 77 130 65 21 57 66 52 45 50 24 36 30 18 28 23 38 25 21 18 22 10 28 73 37 72 26 35 56 52 42 25 23 28 31 39 31 3 23 34 37 40 11 20 23 29 25 7 10 4 16 16 0 0 16 29 25 21
83 86 94 102 155 151 99 31 45 71 82 65 37 24 28 40 90 96 98 82 97 129 96 103 119 97 93 138 74 62 43 51 45 31 25 40 70 192 227 115 38 66 74 33 146 102 59 85 77 65 77 110 104 111 73 36 46 102 104 61 34 48 52 51 37 33 59 62 35 70 80 77 62 19 22 30 13 33 45 4 11 33 48 53 17 21 24 31 23 16 21 0 20 7 0 12 35 31 25 11
17 23 32 60 164 207 157 64 78 167 184 107 8 29 37 15 59 76 56 0 41 86 117 131 199 97 0 32 11 48 40 48 48 67 56 64 105 170 170 99 67 96 95 75 165 132 121 123 132 103 54 69 68 88 83 36 48 125 97 43 62 78 68 67 44 27 36 9 22 84 112 114 59 28 35 43 28 44 59 32 12 34 41 45 31 60 61 49 54 54 44 28 39 30 9 36 55 40 45 26
29 43 40 31 108 149 101 3 60 209 235 74 68 35 38 27 17 60 76 49 74 13 83 115 115 89 61 149 118 106 74 78 134 98 97 255 231 184 113 144 131 127 119 177 252 238 218 127 95 108 67 104 96 95 110 50 72 70 26 0 26 28 42 31 26 88 2 36 36 68 84 39 13 15 25 47 70 73 59 45 35 42 25 21 36 101 99 61 74 79 58 82 84 84 15 23 25 11 46 36
0 31 41 16 61 92 74 12 44 147 165 66 74 51 40 27 19 64 73 47 63 0 99 129 98 60 19 116 123 108 63 39 21 23 116 255 255 255 250 204 167 178 219 255 247 226 255 207 124 87 46 129 113 55 67 60 50 54 36 133 44 63 42 30 12 65 41 59 104 107 89 43 8 18 11 32 83 81 48 45 48 50 26 20 37 98 78 20 42 69 74 123 98 92 11 18 32 13 69 60
22 44 50 22 45 56 56 32 52 75 74 76 38 66 44 13 8 61 81 68 67 38 108 113 133 102 48 95 81 63 79 99 75 37 164 222 247 169 255 249 247 195 245 255 233 220 244 192 83 20 43 168 161 83 59 98 62 98 14 95 0 81 67 80 115 60 109 41 91 84 53 52 36 44 30 37 69 62 38 46 50 53 35 30 28 65 45 2 17 44 66 99 55 54 24 57 51 10 55 28
62 57 49 30 55 58 67 64 54 58 46 41 51 63 43 17 52 77 101 104 57 31 76 122 127 117 78 108 87 66 118 163 91 83 207 255 251 85 155 239 235 142 224 227 255 255 228 162 67 34 91 146 112 85 63 121 145 208 90 42 74 126 82 24 51 0 37 33 42 40 19 24 39 55 64 67 64 43 32 43 56 53 34 27 10 42 50 47 34 25 30 36 9 28 50 96 110 45 70 24
61 61 71 41 34 24 40 26 39 65 65 29 58 105 73 19 57 71 87 71 69 15 21 60 102 106 91 73 48 29 111 254 201 143 253 255 226 255 253 233 116 208 255 248 197 238 209 83 75 226 253 120 44 55 138 106 209 237 247 148 85 82 101 0 47 63 48 70 50 32 30 30 34 44 54 81 54 38 29 55 76 54 35 47 30 25 73 87 58 44 22 6 6 22 66 113 109 121 44 42
62 68 65 82 73 86 46 5 32 59 57 32 66 144 109 34 56 65 28 33 56 35 0 23 97 85 111 46 59 22 70 211 175 139 245 241 255 249 242 255 179 250 255 240 255 255 242 247 254 244 255 80 33 71 164 49 106 189 200 184 65 16 87 59 101 131 81 102 29 41 36 42 36 47 56 71 58 41 42 75 67 69 69 71 36 17 50 55 46 14 25 33 22 17 51 63 54 74 36 66
82 56 72 154 161 126 55 25 21 41 44 49 79 167 108 6 24 60 11 38 52 61 5 49 92 86 112 86 103 108 2 55 59 113 248 252 246 188 167 250 255 206 145 162 86 34 73 249 255 214 255 166 71 55 92 74 67 26 37 113 214 156 49 0 47 104 28 22 53 28 38 27 68 74 77 75 77 41 29 47 54 41 67 108 67 9 29 64 27 6 45 40 13 6 38 10 11 21 10 56
89 24 47 124 173 110 58 27 9 28 50 75 59 117 72 12 37 68 29 44 22 38 8 50 75 119 150 97 35 96 47 117 117 128 211 84 237 247 255 204 225 231 254 255 237 255 250 252 221 239 255 167 146 19 58 233 213 160 81 199 252 255 71 136 149 177 147 51 82 37 0 29 41 44 48 41 65 33 21 29 25 10 62 133 110 48 50 82 34 26 77 79 55 27 53 39 31 15 0 28
79 30 26 50 103 94 64 11 14 31 66 89 20 36 40 70 76 59 39 47 20 39 39 42 36 55 113 87 79 121 142 146 116 77 125 165 242 255 238 239 255 248 255 223 255 220 247 255 250 253 231 236 92 103 155 255 255 107 55 237 189 241 217 147 255 253 146 141 121 98 76 41 43 53 67 58 77 60 74 92 35 15 22 26 19 35 63 75 37 28 61 89 93 52 57 77 55 30 12 16
48 45 41 64 52 62 38 21 31 29 56 78 20 10 15 64 64 37 60 83 58 58 67 42 30 57 99 98 53 70 146 188 133 48 71 135 173 214 228 255 227 241 231 227 234 255 213 99 202 250 255 246 219 197 209 240 247 191 150 167 255 221 185 166 218 233 48 60 165 131 74 44 3 30 65 63 49 38 63 85 44 42 73 78 63 61 43 23 35 43 29 22 39 60 57 51 61 60 57 40
22 33 44 63 26 19 12 23 24 19 35 47 33 27 12 28 35 27 60 88 57 39 40 34 2 41 42 48 14 26 42 74 101 101 151 255 199 235 207 254 247 255 221 255 221 254 255 197 210 221 244 214 249 255 247 255 242 255 208 132 216 197 172 253 255 168 153 74 36 70 51 32 29 43 70 73 32 36 58 65 51 48 93 99 68 47 28 28 48 63 34 7 0 63 66 31 64 94 100 55
44 39 37 2 13 27 44 14 0 13 32 18 22 33 32 44 26 20 22 52 41 43 50 78 45 57 49 17 113 116 69 13 46 126 158 65 0 116 212 234 255 199 141 179 255 133 184 234 255 185 182 46 220 251 255 235 196 248 248 196 227 167 255 245 221 252 107 70 0 32 105 135 164 134 112 94 31 46 62 53 30 54 102 75 34 47 54 59 42 32 32 61 6 46 51 37 41 87 90 16
46 47 47 10 60 56 54 18 5 27 46 47 43 46 49 47 24 21 27 49 35 17 48 72 50 42 14 0 21 59 49 10 75 158 145 37 114 174 178 100 224 246 255 248 183 255 243 254 247 71 62 255 224 226 255 252 226 229 248 255 246 210 153 253 255 230 207 49 27 76 130 141 173 148 82 23 58 33 51 32 15 26 71 64 22 68 68 67 33 19 24 37 48 48 49 72 94 58 34 16
42 60 47 31 49 43 22 20 13 35 49 50 54 54 37 16 7 38 56 70 57 34 40 43 30 23 15 22 47 74 80 71 55 71 67 85 54 156 98 115 160 246 215 249 255 246 255 221 255 221 250 249 247 245 248 255 232 255 255 239 253 104 188 254 244 247 80 106 94 90 73 61 81 76 33 7 66 27 33 48 11 17 63 45 51 41 46 67 79 83 67 56 57 36 38 94 93 61 34 21
31 20 49 93 31 43 44 27 42 64 60 37 33 40 36 28 36 38 34 71 95 70 67 84 67 68 68 56 27 7 19 43 48 46 119 195 142 163 81 54 69 227 255 212 248 189 242 255 224 255 255 202 242 255 234 233 255 250 226 251 242 188 187 255 214 82 62 36 99 88 58 56 50 80 75 50 75 23 24 46 39 9 43 82 26 27 38 54 90 104 75 62 71 38 33 96 104 79 51 47
24 0 40 107 34 44 61 52 85 98 70 27 19 30 38 47 37 60 43 35 29 5 30 80 69 50 31 27 33 36 30 23 23 19 39 39 34 55 112 56 94 116 114 44 244 255 253 212 249 242 222 255 230 255 228 255 255 255 211 241 243 147 139 108 77 74 5 90 34 47 65 37 50 68 42 34 94 42 24 81 48 11 23 69 15 11 38 56 59 59 31 38 59 36 25 46 84 68 38 47
32 32 35 66 70 38 23 58 90 101 75 41 38 37 40 62 153 170 104 49 66 88 78 45 29 32 25 17 36 65 70 54 50 102 107 99 43 34 43 0 5 49 64 66 140 124 166 255 255 248 42 255 245 211 255 195 236 244 209 255 255 244 157 93 89 85 127 40 35 33 33 80 64 12 55 80 26 0 60 116 71 67 50 14 71 1 41 74 51 34 13 32 48 58 72 49 69 66 35 60
55 44 53 74 100 49 18 23 45 74 72 53 38 20 50 122 200 190 120 68 65 66 54 28 11 48 67 46 22 25 42 51 81 98 117 104 32 19 25 72 49 11 19 119 122 139 51 225 241 221 158 244 243 237 238 255 255 221 250 231 213 243 118 72 30 28 118 69 51 49 24 39 79 98 48 17 80 57 0 17 33 41 19 20 78 53 113 127 123 109 71 47 21 37 68 20 29 37 7 47
88 43 59 87 91 67 51 14 23 47 49 43 27 0 44 153 251 164 86 97 108 67 37 24 15 12 25 51 58 43 29 27 47 54 116 142 91 46 57 94 100 48 49 97 103 179 7 176 186 177 249 246 255 249 231 255 219 255 228 243 88 126 84 94 77 45 82 90 44 78 96 76 85 144 114 64 125 131 34 7 59 44 10 76 32 56 105 70 66 99 65 26 12 46 86 38 24 42 13 67
117 75 39 44 67 70 57 51 46 35 16 30 40 1 18 109 138 74 44 87 90 39 25 27 38 6 19 75 88 40 4 7 11 39 51 128 65 48 81 61 109 169 122 42 34 88 0 100 31 62 243 255 247 196 231 255 237 231 244 159 45 47 56 90 123 106 93 62 37 66 60 64 66 59 73 73 84 97 48 17 63 54 27 95 77 80 126 85 43 114 78 30 32 62 81 27 21 44 17 77
130 140 69 10 48 41 59 67 52 28 7 23 13 20 25 46 47 6 14 87 55 11 8 21 36 7 10 60 33 5 12 38 37 14 11 40 10 40 71 43 91 136 133 74 33 65 68 109 20 76 255 235 232 141 255 255 249 255 168 106 138 114 71 76 102 94 74 97 134 59 38 31 70 78 38 21 21 0 56 47 30 23 70 56 74 60 152 168 119 85 32 14 19 42 47 5 21 59 21 42
125 161 110 39 47 32 45 49 17 11 16 29 17 66 82 57 49 64 60 107 105 57 27 53 45 32 4 21 57 16 0 29 45 8 23 65 38 55 77 83 63 41 65 65 20 23 35 57 3 64 47 54 105 45 220 230 233 237 105 53 104 89 132 105 62 80 71 116 124 65 51 69 103 84 59 78 78 44 79 99 0 27 93 32 78 15 123 140 94 41 6 40 30 61 73 43 84 117 60 54
94 113 98 80 80 31 27 51 47 14 22 46 13 48 79 69 73 65 92 165 130 71 55 70 59 30 24 23 43 23 25 30 28 37 68 88 58 87 103 100 69 26 47 50 42 64 83 60 22 38 16 0 16 0 70 97 107 108 26 0 41 53 147 110 87 115 67 71 40 26 30 52 4 32 55 86 104 119 102 79 44 39 51 39 135 39 85 86 59 39 27 70 43 94 98 43 120 156 89 53
29 26 28 57 82 59 54 78 69 33 31 56 14 5 16 32 55 40 67 128 82 43 34 20 53 39 51 40 16 24 31 24 47 51 21 26 17 46 51 5 36 108 84 0 13 19 17 35 36 0 76 61 65 77 32 19 55 55 64 51 53 65 83 25 48 103 64 46 24 44 37 7 29 51 38 0 0 67 49 18 57 56 17 48 80 21 41 64 70 55 18 12 0 43 78 63 92 145 98 49
47 48 34 17 19 38 27 12 53 61 60 85 76 52 10 7 35 65 31 28 45 66 34 0 29 59 44 35 29 68 17 11 79 107 58 65 19 0 64 87 43 44 61 29 13 37 107 113 32 15 54 29 33 19 53 44 26 17 15 36 13 56 87 54 19 72 54 42 44 65 70 25 1 20 38 21 4 40 13 13 67 93 40 40 13 28 52 55 30 54 71 86 98 38 27 38 10 71 63 23
11 21 38 35 14 33 24 17 57 58 49 98 125 95 32 36 66 51 6 23 54 99 91 51 28 33 32 52 49 151 95 30 84 103 37 56 54 49 81 76 43 55 53 94 115 20 0 81 95 120 104 47 69 0 10 5 20 71 65 133 60 28 64 32 54 60 28 29 22 27 62 65 64 76 79 33 1 23 21 36 68 61 29 17 25 33 27 0 41 97 104 65 84 20 19 40 18 58 75 50
13 17 62 85 36 25 6 19 57 34 19 65 78 62 34 55 79 19 14 83 70 71 94 95 60 32 64 69 30 167 164 66 54 87 60 50 43 47 33 34 51 47 31 60 42 18 88 193 180 137 77 0 52 31 20 21 44 94 91 155 86 14 49 48 51 46 15 61 37 30 46 63 69 98 90 23 29 81 85 42 46 41 48 34 77 58 34 44 117 180 144 38 27 32 72 82 52 45 57 39
25 39 84 87 28 38 23 23 42 47 44 43 20 47 57 54 61 66 71 122 94 43 48 107 91 93 112 47 0 111 130 81 65 58 61 58 59 62 26 82 168 130 68 39 1 84 159 123 100 90 82 49 53 44 87 83 67 58 72 122 113 58 51 68 73 72 31 99 62 66 48 49 35 65 66 31 93 153 135 36 5 26 20 0 72 106 71 103 153 193 139 40 0 29 86 104 78 31 27 9
30 35 36 42 19 47 47 29 30 50 77 20 0 107 117 62 36 57 57 63 105 35 14 79 73 79 62 43 11 51 65 57 76 68 40 55 51 49 48 97 194 175 76 55 67 67 45 26 56 123 103 55 65 33 89 74 59 73 47 76 72 53 87 61 64 102 75 124 75 55 60 59 47 67 89 79 80 164 132 57 22 29 6 28 30 68 74 29 51 96 89 48 8 46 75 92 68 33 10 52
29 39 40 29 13 43 55 38 21 51 84 27 9 105 104 47 16 22 23 21 25 10 17 45 31 51 69 68 82 23 16 60 70 48 26 45 0 18 48 92 110 64 58 109 144 81 27 47 104 90 61 111 116 58 58 31 38 51 13 38 13 30 66 32 31 76 75 102 47 41 73 68 30 54 67 34 10 85 95 71 55 57 25 17 9 30 55 43 22 48 54 54 37 62 55 37 40 17 26 101
61 32 32 36 32 29 66 97 22 25 49 16 29 74 55 11 33 56 32 2 30 72 50 4 13 36 65 85 116 52 21 41 48 52 57 34 82 60 94 137 78 29 70 126 183 132 54 47 52 33 58 177 129 59 54 45 33 42 26 69 10 22 55 26 22 75 45 50 81 54 35 48 12 28 37 21 12 60 61 44 67 50 12 0 26 44 75 80 62 64 39 49 51 40 14 35 81 40 24 84
60 29 38 46 48 18 54 98 38 4 21 40 89 76 36 15 55 85 53 34 120 137 74 25 33 27 46 98 85 78 52 41 12 46 68 41 140 105 131 179 99 58 46 49 73 92 76 74 115 44 16 78 45 61 113 90 24 29 81 162 100 69 104 87 85 93 43 27 86 41 0 0 2 15 28 40 56 71 51 32 43 33 27 32 75 55 44 36 20 8 15 57 51 51 45 56 85 41 7 43
9 33 56 33 31 15 27 26 29 0 18 53 108 79 46 41 43 29 32 55 135 109 82 75 61 40 45 86 52 26 9 22 87 88 65 67 49 64 72 107 7 22 30 85 51 58 79 104 101 42 24 35 39 59 86 0 48 36 113 170 109 34 55 15 55 22 44 32 36 45 68 44 10 33 41 43 51 40 52 77 66 42 26 8 32 17 29 58 88 29 41 85 43 60 103 116 85 38 16 71
3 36 50 25 19 14 22 27 32 27 21 15 36 42 48 54 40 0 14 37 54 78 108 63 40 62 71 69 114 90 77 89 118 96 50 69 97 129 128 158 56 79 70 122 43 45 66 77 73 55 66 46 71 57 87 38 67 45 110 131 99 51 79 20 33 23 72 38 22 47 62 30 39 61 50 35 40 13 50 108 61 31 26 28 50 43 34 48 60 44 60 146 139 57 52 172 191 88 20 74
34 55 49 38 27 29 38 71 66 68 38 10 0 32 55 58 46 13 31 51 6 75 104 37 39 76 75 42 80 71 50 33 75 52 21 26 108 97 84 103 17 41 70 112 57 84 77 46 26 22 25 17 88 52 53 42 81 51 87 89 51 26 60 25 29 28 62 36 44 55 27 32 62 83 60 43 58 16 45 101 102 44 19 24 35 54 36 40 54 62 34 90 118 25 0 131 229 122 33 56
37 86 76 52 33 54 48 59 73 70 42 42 26 52 56 45 32 33 49 105 23 54 53 56 25 35 49 66 25 28 33 45 65 41 39 70 42 34 30 41 23 11 62 80 30 54 50 42 30 49 42 33 105 47 21 41 57 28 58 79 27 9 53 65 89 27 60 56 21 17 7 36 64 95 75 56 69 13 42 101 72 26 17 29 16 42 27 35 36 38 31 62 95 133 108 77 140 120 91 105
42 76 74 70 23 26 41 19 25 37 46 70 49 46 36 47 51 63 56 71 42 53 66 34 17 15 53 79 41 41 36 47 62 18 10 37 67 0 27 66 74 57 68 55 78 95 97 75 65 37 55 27 89 68 45 78 70 40 41 85 133 18 55 73 99 19 48 55 6 12 27 53 80 64 73 58 79 24 40 75 52 4 21 24 40 56 59 24 27 22 32 52 114 235 176 50 59 79 65 93
20 42 37 53 29 29 37 31 14 25 50 63 38 46 60 62 77 92 57 42 94 141 129 50 0 41 74 47 21 36 34 32 70 39 13 30 73 16 40 56 95 75 73 33 93 98 69 97 78 33 24 27 71 86 74 127 78 101 59 103 134 31 38 33 62 22 69 71 47 44 50 73 66 50 60 51 78 29 34 51 31 16 33 43 90 85 45 14 48 12 47 99 107 153 104 20 13 27 12 36
21 29 14 39 34 28 22 31 27 23 44 41 31 39 62 51 92 112 64 19 92 143 141 85 32 31 35 33 46 64 68 96 100 93 63 57 75 0 23 46 91 18 62 35 44 19 22 83 89 62 63 97 81 87 58 107 65 103 66 108 64 27 70 14 45 42 81 53 62 53 60 85 71 44 38 27 59 35 44 52 23 36 35 23 79 70 39 55 56 20 26 75 96 96 72 86 77 75 47 48
23 30 10 26 31 30 17 34 45 25 15 2 26 14 18 16 30 64 58 28 13 20 58 98 52 13 6 44 34 38 28 66 96 65 17 24 75 8 14 16 52 12 104 112 102 58 71 93 70 17 2 53 59 86 43 40 13 85 94 106 52 69 126 78 85 92 90 21 48 38 47 71 72 41 25 12 38 32 44 46 24 65 79 34 35 8 14 73 73 1 16 64 54 77 124 136 51 53 42 37
19 35 20 17 19 37 24 39 82 67 35 25 73 36 24 62 70 23 0 38 27 50 37 48 172 73 0 30 45 121 64 6 35 39 28 9 40 6 34 53 91 98 98 67 86 55 68 66 32 32 70 95 70 53 24 3 2 118 143 92 103 95 73 71 106 114 96 30 76 73 77 86 74 48 37 28 36 27 29 22 19 7 23 34 85 87 57 37 26 17 16 44 65 42 55 100 28 53 90 102
47 64 55 32 14 38 22 25 58 60 35 37 71 29 21 92 112 74 49 81 30 71 67 91 152 85 26 50 39 102 61 30 35 30 45 8 55 77 87 68 8 8 26 68 68 25 48 41 38 20 32 26 31 35 50 32 58 120 157 89 112 90 46 37 52 66 69 59 128 147 152 144 104 72 56 47 38 29 33 29 35 33 68 56 48 33 31 26 19 0 47 97 69 14 36 40 3 30 81 84
66 73 76 54 23 46 28 24 51 51 40 55 50 23 25 83 116 93 59 53 22 69 58 81 100 45 25 85 128 103 26 22 0 2 93 61 69 82 88 97 60 9 40 106 53 22 60 76 56 56 64 46 24 2 24 30 21 15 57 35 41 42 56 39 24 20 23 48 107 144 157 140 101 62 43 43 29 28 39 43 41 32 48 22 18 14 27 40 29 45 67 100 112 43 37 47 81 90 123 99
41 41 62 59 34 65 53 50 55 37 32 53 17 8 10 32 70 70 49 30 32 55 26 52 62 15 0 50 159 109 43 74 23 1 125 118 104 74 42 60 66 52 57 74 52 65 46 61 100 74 46 47 46 37 46 53 15 20 30 33 49 39 70 89 64 27 0 13 35 68 85 66 49 14 9 28 20 19 25 26 27 20 24 7 35 30 18 23 32 37 53 74 88 46 39 0 55 55 84 52
35 22 41 45 52 82 82 66 62 39 11 38 27 22 21 19 40 35 27 20 62 45 44 62 65 42 17 72 91 76 88 150 100 45 99 70 149 84 64 66 63 52 22 35 24 50 12 27 78 61 25 46 38 5 57 91 52 19 44 65 121 122 102 101 66 41 25 21 56 34 27 31 29 33 37 31 33 25 23 23 37 32 38 32 66 45 32 13 40 65 46 24 53 10 44 0 62 19 61 8
44 20 17 5 9 49 67 66 85 69 43 65 53 54 54 47 41 51 50 35 60 44 56 83 80 57 26 41 46 50 53 101 68 42 43 49 160 104 25 60 122 153 119 72 28 57 30 43 86 74 29 44 37 34 85 115 85 32 43 50 66 102 121 114 103 111 81 51 82 78 41 14 45 71 85 72 108 82 63 55 41 56 33 26 73 52 16 26 40 67 68 46 21 28 39 37 78 63 52 43
42 23 21 6 4 26 28 24 74 65 46 68 51 45 35 20 43 61 59 30 30 20 47 86 67 43 21 13 25 60 38 56 41 10 36 68 65 48 9 23 153 211 172 88 45 86 53 43 123 92 46 96 87 78 108 152 101 69 86 72 20 61 98 84 94 128 145 133 96 77 55 41 25 56 77 81 152 123 80 55 43 62 40 42 63 70 35 32 42 71 93 82 4 57 15 26 57 73 6 31
0 2 25 33 43 56 42 34 36 17 0 25 12 10 15 19 43 58 51 21 11 14 49 92 61 25 13 9 41 103 68 69 98 35 68 98 17 37 40 8 0 65 56 9 9 64 43 40 103 77 21 56 32 29 25 44 20 20 49 85 83 136 119 55 63 128 203 203 96 71 62 34 35 53 76 101 124 95 51 29 53 49 53 75 33 71 64 26 34 61 98 115 25 78 32 50 74 104 33 52
21 19 29 25 30 30 6 0 9 15 39 109 94 47 8 0 17 26 23 16 10 24 49 80 75 33 27 29 49 103 74 81 133 69 31 59 75 77 38 30 50 84 82 53 38 45 20 36 76 98 47 27 7 59 37 0 106 133 101 64 28 45 33 18 103 169 160 81 4 36 48 35 45 39 60 115 62 61 47 49 94 66 61 93 24 41 39 28 43 35 56 107 37 31 27 67 14 45 26 14
36 31 33 30 45 49 27 29 57 53 63 120 101 63 39 35 12 17 22 40 33 38 39 53 55 34 45 55 37 47 20 28 60 26 0 37 84 53 22 77 84 54 41 43 45 36 13 27 50 82 62 49 49 99 62 2 45 92 62 52 81 80 39 17 45 127 91 29 35 27 0 42 88 35 17 90 30 81 81 76 134 109 69 91 45 19 0 41 55 1 0 75 65 11 17 47 16 42 70 38
32 25 20 15 32 30 0 0 31 34 35 75 63 55 53 51 43 44 54 85 65 54 39 47 27 23 36 59 28 18 0 0 9 4 24 83 54 38 63 121 103 28 9 34 61 69 54 49 55 54 50 59 71 81 40 1 11 64 52 47 85 64 44 38 25 57 39 34 73 35 42 142 185 103 29 63 27 97 91 68 109 108 73 74 48 36 9 32 47 14 3 48 71 46 50 54 34 50 73 39
29 23 18 20 50 60 36 43 75 70 40 41 21 38 58 59 46 44 55 91 62 45 29 42 34 23 16 43 27 36 43 36 28 37 51 103 55 83 105 122 82 10 6 30 51 69 72 64 36 26 19 13 43 72 58 29 32 45 23 32 95 73 48 11 23 1 14 31 57 48 103 168 208 144 55 38 10 74 82 72 48 67 70 57 26 65 56 5 48 77 68 18 2 19 36 39 74 79 71 40
21 21 28 39 44 45 52 62 93 63 19 20 39 50 59 45 44 51 35 5 21 5 20 53 57 49 27 28 27 24 43 49 21 46 83 108 57 107 102 89 32 36 35 22 17 38 52 41 20 0 0 39 68 45 57 51 41 43 26 18 77 38 9 25 2 17 16 31 41 80 87 88 114 84 29 25 0 50 107 75 46 49 70 87 3 81 49 11 47 104 74 11 20 34 18 20 63 96 58 23
22 30 38 32 14 2 10 26 64 42 7 10 25 32 43 34 32 37 26 8 41 37 52 82 78 64 34 24 15 16 44 55 27 48 81 92 48 71 58 50 22 37 57 67 69 71 60 37 6 7 40 70 65 16 30 36 39 65 98 89 64 37 36 30 31 32 32 71 94 107 58 16 21 27 28 53 27 47 121 139 63 38 29 14 75 86 60 81 113 76 34 74 160 156 79 35 63 79 45 26
20 30 41 41 31 27 39 55 71 54 23 24 29 27 35 29 53 54 40 26 65 61 70 92 83 68 40 26 8 9 43 54 22 42 77 78 59 53 38 42 66 68 76 84 83 71 53 39 29 37 71 88 69 22 58 87 59 61 101 100 27 54 82 37 31 35 42 80 85 80 35 10 30 33 54 105 116 77 122 151 63 29 18 0 122 95 63 96 120 81 41 72 161 190 116 31 23 25 15 31
12 7 5 9 17 22 22 20 40 26 3 16 31 36 51 49 37 35 16 0 28 15 14 30 61 55 43 36 12 10 42 45 14 35 76 73 81 55 40 57 110 97 82 73 63 43 34 41 62 56 74 89 83 56 107 143 74 43 58 71 0 64 98 37 0 0 8 34 16 8 0 16 49 33 41 93 140 57 57 69 49 23 36 28 91 101 73 66 77 95 74 36 64 128 105 20 25 23 44 95
