29 26 18 6 10 34 38 15 2 32 14 0 24 32 14 19 11 4 20 29 11 27 44 33 25 16 27 46 46 37 25 11 40 39 37 39 47 54 49 40 27 7 3 13 18 23 26 20 22 15 6 5 11 23 33 38 2 18 28 26 22 23 23 19 15 29 35 17 39 23 19 19 23 38 39 49 61 35 23 57 44 0 3 47 51 41 42 36 23 17 19 44 64 48 23 20 11 9 7 7
34 32 27 20 23 40 44 28 18 34 14 0 23 40 37 41 24 23 24 16 13 43 64 54 23 8 9 18 16 17 24 26 20 29 39 49 58 61 53 42 26 11 10 15 13 15 19 16 16 18 22 25 26 21 11 4 42 44 40 28 21 22 22 19 27 43 43 26 35 24 15 13 15 33 33 29 28 15 37 98 95 45 33 57 59 43 37 36 13 15 17 34 59 61 50 48 39 44 52 57
31 31 30 27 27 30 28 23 19 26 23 18 27 38 36 27 25 40 34 11 22 42 46 32 24 15 21 31 25 21 26 27 10 20 30 35 39 42 40 35 26 17 18 20 11 10 16 14 15 15 15 17 17 16 12 9 35 34 31 25 23 22 20 16 31 52 45 30 16 17 10 17 23 41 43 38 29 13 33 87 90 64 53 73 79 44 12 11 36 34 21 19 38 51 55 60 64 78 96 110
32 37 39 39 36 22 11 12 16 16 28 31 21 25 29 18 14 37 32 8 33 36 35 37 35 26 33 43 34 22 15 8 23 25 21 12 7 12 20 24 9 2 5 6 0 0 3 0 13 9 4 2 5 13 21 27 1 2 6 11 15 20 27 33 34 53 43 36 11 22 19 31 60 60 53 51 47 25 16 34 59 61 62 83 95 52 11 17 47 40 29 30 40 38 36 47 86 95 108 119
38 51 55 58 56 32 13 19 26 17 29 30 7 10 32 35 7 23 22 3 41 36 53 82 82 61 52 53 44 38 36 31 30 32 27 18 12 13 16 17 25 20 24 26 22 27 31 24 9 10 12 14 15 16 17 18 9 11 17 22 21 22 36 53 39 41 33 46 31 41 28 25 75 55 35 34 36 24 12 14 20 31 25 31 44 13 0 18 21 16 26 58 72 48 34 49 67 57 43 35
27 49 53 55 60 39 18 25 33 23 35 37 8 0 15 24 5 17 27 11 45 22 37 64 54 29 18 19 14 12 12 8 17 26 36 42 43 38 24 11 7 5 11 14 11 18 22 13 10 13 17 19 19 18 19 20 33 43 61 72 58 34 26 33 33 22 28 54 48 40 22 9 42 27 18 21 21 16 16 20 31 41 30 26 33 13 5 37 22 7 15 54 73 50 43 70 89 65 32 8
12 39 40 38 50 37 18 27 30 22 32 38 17 0 1 12 8 21 40 18 46 14 19 22 31 16 16 25 21 16 16 11 15 24 37 52 61 56 34 11 7 10 20 19 11 16 22 16 13 14 14 13 12 14 19 24 27 40 67 88 73 34 8 5 34 31 67 83 58 21 32 45 36 27 28 30 21 16 20 24 25 30 22 20 26 13 9 32 44 21 11 32 47 32 32 59 78 64 46 34
12 41 37 30 47 40 23 32 33 18 15 23 17 6 16 38 14 25 43 12 44 30 46 36 35 22 25 32 27 25 33 35 31 32 36 47 61 61 42 20 5 14 27 23 8 10 19 16 11 14 18 17 12 7 5 4 10 13 31 52 46 18 3 6 50 67 128 125 69 12 63 118 78 58 46 37 22 17 24 26 31 25 13 13 23 24 30 49 43 27 16 26 35 18 7 18 54 60 71 82
22 39 32 29 44 29 11 27 32 15 16 13 0 5 41 58 13 9 16 22 22 33 42 38 39 35 33 23 15 26 39 36 33 28 18 16 21 14 8 14 9 15 17 14 16 21 21 16 5 4 4 8 15 22 26 27 26 21 30 29 17 24 28 11 43 85 109 124 66 18 82 130 86 41 57 39 23 42 28 41 41 36 28 21 20 27 40 49 44 44 31 35 42 13 1 36 48 58 67 68
27 40 27 18 29 19 14 38 35 18 17 20 19 42 74 85 26 25 30 29 23 30 34 25 28 23 18 8 3 16 32 35 17 11 9 13 13 8 10 18 20 23 22 18 18 23 24 20 2 5 6 2 0 4 18 30 26 23 27 30 29 35 38 30 27 34 53 68 62 36 70 87 46 23 20 42 21 41 41 53 43 42 40 38 37 37 38 39 48 42 34 47 62 44 29 43 59 44 35 41
14 32 32 29 33 22 18 40 40 35 35 30 25 46 76 88 49 51 53 39 23 23 19 1 17 30 38 36 39 47 45 33 16 8 17 28 21 14 18 21 23 23 19 13 11 13 13 11 6 7 7 4 3 8 19 28 25 23 18 21 31 28 21 23 34 44 50 10 31 66 68 36 28 12 0 40 14 27 36 44 29 32 36 39 39 32 24 17 33 41 54 63 56 40 35 42 55 38 31 42
2 22 32 34 34 23 23 42 59 53 42 27 22 35 49 52 27 36 45 39 32 41 41 23 15 48 62 60 80 103 90 59 38 26 33 43 33 25 22 16 7 8 8 7 8 10 12 12 15 9 7 15 28 34 29 22 20 24 17 22 39 27 9 13 40 57 58 0 3 74 68 63 63 22 2 31 13 12 11 16 13 16 21 27 29 26 19 13 13 25 49 56 40 29 27 24 49 64 80 86
12 21 24 22 19 16 26 46 69 57 34 21 25 30 26 21 54 55 56 44 29 28 21 0 23 56 49 28 64 116 117 88 69 51 36 30 26 26 22 13 0 2 7 14 19 22 23 25 18 13 11 19 31 35 28 19 17 27 27 36 55 44 22 22 20 16 23 22 11 64 61 136 111 35 37 24 28 19 4 6 11 11 12 16 23 29 33 35 17 12 20 34 41 44 31 9 10 44 67 59
20 23 29 32 27 22 27 34 45 52 44 28 15 0 2 22 29 25 29 33 34 41 41 26 30 57 32 0 31 80 83 65 99 84 40 8 16 28 26 25 16 16 19 24 24 19 16 16 12 15 17 15 10 10 13 18 15 26 31 36 46 41 25 15 11 13 21 32 26 62 53 130 115 34 55 28 49 41 24 21 8 8 7 9 15 26 40 50 37 32 29 33 40 39 29 21 27 43 45 29
17 17 29 41 39 32 27 20 18 35 39 32 17 0 0 36 36 20 18 28 31 34 32 22 30 50 27 1 21 39 35 38 114 116 58 5 20 37 30 35 31 26 24 25 19 9 3 3 9 14 18 15 6 2 6 12 10 17 23 19 17 26 24 5 24 43 51 19 31 43 35 65 73 22 40 37 55 50 43 27 12 15 17 17 19 28 42 54 53 57 44 33 32 19 16 38 39 27 14 10
17 7 12 24 25 28 29 23 17 11 3 21 44 32 22 43 31 7 4 22 31 35 35 29 27 38 18 4 19 18 20 49 113 135 75 12 30 43 27 32 26 20 18 20 17 10 7 11 10 12 16 20 22 18 10 3 4 8 17 9 2 26 40 18 33 37 49 6 35 2 9 34 30 13 17 44 49 44 44 17 27 34 40 40 37 40 51 62 61 55 25 15 31 21 13 39 50 25 15 28
13 7 0 0 10 22 26 23 20 18 9 4 16 31 24 5 3 23 8 0 26 33 16 16 7 26 28 16 16 16 12 12 81 70 47 27 28 37 27 6 11 16 18 19 24 28 23 13 10 16 14 13 19 16 11 16 5 14 14 6 12 31 42 39 31 73 27 11 22 11 30 32 15 29 39 71 73 31 12 11 34 59 47 25 31 28 27 49 49 58 36 39 68 40 10 42 55 32 19 26
30 34 37 31 18 13 23 38 26 20 6 2 26 54 49 24 30 88 81 29 22 31 13 0 7 22 23 21 33 39 31 26 59 45 31 25 21 14 7 3 9 19 26 28 30 31 28 22 16 18 11 7 14 13 9 13 14 21 30 36 34 31 37 46 49 53 18 14 6 7 41 24 8 30 41 79 93 49 18 13 59 63 37 15 29 43 41 42 34 36 23 38 73 55 26 41 34 33 29 24
57 46 41 41 33 21 23 35 57 52 39 31 47 68 64 44 82 138 125 56 32 44 39 27 13 19 15 16 36 43 31 21 56 38 32 37 26 3 0 8 12 20 24 21 18 20 22 23 24 21 9 4 12 13 8 12 16 12 20 31 25 13 29 58 68 34 15 25 0 9 53 19 17 33 22 44 67 35 13 19 70 67 44 18 24 49 54 43 32 29 24 36 50 35 13 12 36 53 50 27
55 31 20 30 33 25 28 43 66 60 53 47 41 36 36 39 79 97 84 52 42 42 41 45 34 32 18 13 28 33 21 12 50 36 33 39 31 12 9 21 24 21 15 7 3 7 14 20 25 21 8 4 15 16 10 11 15 9 14 21 14 4 19 46 59 23 15 32 9 11 43 14 28 40 15 22 47 29 24 41 55 67 63 31 13 36 58 52 42 37 38 37 26 16 12 9 46 59 51 23
28 13 11 22 22 19 43 79 77 51 36 39 30 13 18 40 47 51 54 55 50 33 20 22 44 42 26 16 24 27 23 25 16 11 6 4 6 8 10 11 28 21 12 9 9 12 14 16 17 16 6 6 17 17 9 9 15 23 31 33 28 21 19 20 28 17 15 30 23 12 18 11 3 24 13 23 42 26 24 35 41 61 62 25 0 20 50 54 56 46 43 35 24 32 42 36 32 33 28 17
29 11 4 15 22 30 60 96 102 49 12 17 22 12 16 37 44 54 59 48 30 19 11 6 24 28 20 13 19 22 26 37 46 46 34 21 24 38 41 32 13 11 13 22 26 22 14 9 8 11 6 7 17 16 8 8 14 24 27 21 22 33 34 25 10 19 21 29 36 22 12 20 6 20 14 22 23 12 16 14 42 52 38 5 0 16 36 41 70 57 42 28 25 40 45 30 21 17 19 27
43 22 9 12 19 31 58 86 92 41 0 0 7 9 13 23 41 44 42 26 11 15 20 14 12 21 22 22 26 23 23 33 37 36 22 5 5 16 20 14 1 5 18 32 34 23 11 6 9 13 10 10 18 16 9 12 15 18 12 1 6 25 39 39 17 20 27 30 35 35 28 33 42 37 27 29 17 17 33 19 42 49 25 2 11 21 19 22 58 65 57 37 30 38 38 27 37 33 31 32
36 36 33 20 1 3 40 83 72 44 15 5 13 25 33 36 36 24 27 37 42 47 50 42 26 38 43 45 46 34 25 30 19 16 7 0 0 6 14 16 4 11 26 37 34 20 11 11 14 19 16 14 20 17 13 18 22 24 20 13 12 19 28 31 27 14 25 27 23 38 44 37 37 23 20 29 17 24 45 18 34 49 30 15 31 26 6 10 24 63 77 59 47 51 58 65 57 52 37 19
32 24 28 11 22 20 47 56 62 37 20 20 15 29 53 44 11 20 43 90 34 77 85 47 33 32 50 61 95 68 45 25 25 23 18 7 44 33 23 15 12 7 5 9 12 13 19 29 28 33 8 0 25 26 14 28 31 30 15 16 41 43 30 32 31 34 35 27 14 9 19 32 26 9 5 4 3 24 37 22 28 53 62 68 26 30 34 23 35 38 71 74 36 38 65 62 69 69 42 11
22 15 19 12 12 16 32 30 30 13 3 8 16 36 53 43 41 31 48 90 50 67 73 54 17 25 42 41 67 55 46 29 10 14 20 25 45 39 28 18 35 29 23 18 10 8 16 29 28 34 14 5 25 23 12 25 21 28 27 27 37 41 35 32 31 25 21 21 21 20 21 23 40 28 22 20 23 36 45 41 25 36 37 21 39 47 61 49 48 46 43 40 47 55 40 11 22 64 70 45
39 23 20 26 7 18 28 27 30 26 21 18 27 46 57 57 52 63 81 76 56 71 67 31 21 38 59 55 62 48 31 6 20 17 17 23 14 22 25 26 25 30 36 35 27 19 21 28 27 33 18 12 25 21 10 18 30 34 35 24 19 39 59 59 29 15 4 7 16 25 33 39 39 37 30 31 41 44 48 57 60 61 43 0 57 52 48 26 20 39 26 9 26 34 15 2 32 85 87 55
91 60 45 60 26 34 49 66 66 71 66 46 49 57 53 65 77 53 42 19 57 91 89 54 43 44 58 69 74 68 56 37 35 26 18 26 0 15 29 39 7 12 16 17 12 9 10 14 24 26 16 14 26 22 10 10 12 17 29 26 28 71 113 114 53 38 24 19 14 8 6 10 16 25 21 25 41 38 36 54 96 108 80 17 86 71 29 3 8 26 27 9 0 3 13 25 41 99 99 65
80 46 29 49 14 7 18 52 80 83 78 62 80 76 39 47 40 53 116 107 77 12 16 64 69 27 6 17 16 20 25 27 37 30 29 44 16 32 43 52 66 54 35 20 16 22 32 37 21 17 9 12 24 24 12 5 3 8 18 13 7 33 52 37 22 11 12 30 44 39 27 20 0 11 11 16 30 25 20 35 78 110 90 52 96 101 36 25 44 21 29 33 10 10 29 28 8 77 103 84
75 61 53 69 52 27 20 47 56 55 58 65 113 102 31 34 42 31 81 77 71 48 70 130 114 55 23 37 19 17 19 25 53 40 31 38 27 34 42 52 62 50 31 16 13 19 22 21 18 11 7 11 19 22 15 5 2 7 15 21 36 67 84 78 60 31 16 32 49 41 16 0 2 13 14 12 18 20 17 19 34 66 59 49 61 92 29 31 48 11 28 52 29 25 41 33 28 52 65 63
56 71 73 69 82 52 24 23 24 32 50 69 125 107 29 53 41 34 79 63 54 63 70 97 59 32 34 68 41 37 29 25 58 39 23 17 31 24 27 35 36 39 40 37 37 38 33 25 16 10 12 14 12 14 16 11 23 23 15 14 35 55 65 72 48 25 18 37 53 45 28 18 17 20 21 12 8 22 27 15 13 23 34 37 29 71 22 20 20 5 16 36 34 33 42 43 73 37 24 34
50 86 90 66 102 77 37 13 6 28 58 74 117 90 26 80 75 15 30 38 43 55 36 47 20 20 46 83 43 37 24 12 34 23 18 16 52 29 17 16 22 32 38 36 35 38 38 34 15 13 18 17 7 8 17 16 13 20 11 13 34 36 30 40 19 24 45 69 66 38 15 9 25 22 23 9 1 25 39 18 11 1 31 42 36 80 44 34 17 12 0 6 37 46 37 37 66 20 20 43
57 97 96 73 71 63 39 32 15 22 53 59 130 104 37 62 59 0 1 26 0 32 40 55 61 56 50 51 19 34 16 6 15 17 23 51 45 24 23 14 20 26 46 46 42 46 37 27 22 18 11 14 22 19 18 29 22 11 16 15 3 13 27 17 0 18 42 63 65 41 19 19 26 26 18 8 12 26 30 25 11 34 37 24 55 91 32 43 44 4 2 0 24 46 11 21 65 13 6 40
48 88 104 94 43 55 45 26 12 16 46 49 85 71 20 40 34 2 38 48 8 13 23 52 52 54 51 60 126 131 84 43 32 8 23 53 52 22 31 10 17 28 31 10 32 42 43 36 25 20 18 22 27 26 19 14 20 13 18 16 6 19 38 36 37 25 25 42 51 42 23 9 28 25 16 7 12 24 23 13 22 27 24 12 38 82 38 45 70 28 27 14 19 33 14 31 35 24 29 43
60 65 70 76 18 74 91 63 43 21 28 23 19 39 24 39 32 17 64 68 51 28 9 23 28 38 46 69 223 210 144 81 50 40 15 51 39 25 17 34 36 45 48 32 39 21 27 38 22 12 13 16 13 15 16 9 14 17 27 28 21 33 50 52 29 2 3 25 35 42 40 22 7 7 4 6 21 38 41 33 36 24 16 7 20 72 54 59 64 29 47 42 24 27 23 40 20 50 61 49
39 27 35 58 47 96 109 77 54 19 21 30 13 69 90 101 65 25 29 6 27 34 45 78 77 41 20 62 229 206 129 46 51 56 22 25 55 26 14 37 27 41 41 34 9 22 41 28 32 14 16 26 20 15 17 14 15 24 35 37 33 35 38 35 23 8 29 47 30 27 35 23 10 13 14 18 31 47 56 56 38 22 19 13 5 56 67 77 69 33 51 48 20 25 41 58 25 61 60 34
67 33 12 8 56 81 103 101 45 23 31 39 0 33 58 62 38 36 77 71 90 64 27 32 52 30 30 60 97 57 74 84 36 14 41 15 61 12 54 26 36 57 52 50 3 94 148 97 71 34 14 23 29 20 9 3 20 29 32 29 28 26 20 18 10 8 41 58 30 20 31 26 27 30 26 16 9 12 20 27 28 22 26 25 0 40 69 88 101 56 47 32 7 24 58 75 55 71 61 46
52 40 39 49 140 118 79 44 14 12 33 46 22 48 93 117 68 59 84 75 83 64 15 10 23 10 47 136 131 63 54 42 61 13 60 78 16 29 119 89 54 75 87 105 34 96 179 164 155 109 46 24 43 48 36 32 16 27 24 18 24 29 33 44 46 40 60 77 66 62 68 65 53 56 52 36 19 14 24 35 25 27 32 37 8 35 64 84 88 57 39 29 22 42 64 65 67 63 60 73
62 71 66 55 111 104 79 57 38 27 24 26 33 34 67 91 41 29 42 38 32 45 21 32 53 33 39 90 63 4 45 74 101 15 17 68 4 42 115 96 54 82 95 87 36 36 121 129 125 125 61 1 11 25 16 19 12 32 30 19 23 28 40 63 56 43 39 43 41 31 24 22 28 30 29 18 5 0 8 20 26 28 22 34 16 32 48 61 45 44 37 42 57 70 67 45 36 20 26 49
43 94 99 49 21 33 64 90 69 44 22 24 64 42 41 42 18 37 75 68 18 26 15 48 70 49 32 61 65 25 97 144 217 72 45 63 166 131 161 98 90 140 116 36 51 71 143 101 62 135 113 39 30 33 14 15 17 44 43 25 17 10 18 46 44 38 28 30 34 24 16 22 47 46 42 32 18 9 11 18 22 20 2 19 14 25 27 31 37 51 43 48 73 85 71 43 21 0 1 15
29 84 91 39 8 19 36 41 28 10 34 97 109 51 21 48 51 73 112 101 68 52 29 16 68 62 66 84 68 41 62 84 167 90 88 143 77 54 87 89 105 191 142 76 47 72 192 132 68 89 74 1 123 83 63 32 45 63 35 23 36 33 35 51 53 45 38 47 58 45 28 29 43 49 28 18 35 28 13 26 26 20 3 5 23 16 9 26 35 39 47 53 15 23 36 45 30 15 8 5
39 61 57 31 20 25 36 47 15 6 31 79 75 20 12 61 57 59 75 57 36 38 29 23 47 45 42 68 68 79 22 29 96 151 115 184 172 177 215 190 115 72 72 41 150 175 218 176 80 90 74 69 126 105 60 40 52 58 72 32 50 17 27 34 41 38 35 43 52 37 20 21 23 38 40 44 52 39 28 42 42 31 13 18 40 37 26 34 25 31 37 40 6 23 39 45 35 16 0 3
28 41 50 53 45 33 46 79 46 16 9 36 36 0 2 49 33 17 18 7 10 36 41 40 60 47 22 63 103 192 96 85 126 251 220 255 24 33 138 92 70 60 78 154 140 148 136 65 59 67 34 78 62 82 62 47 51 48 62 47 30 32 15 34 38 30 19 23 36 36 35 46 68 76 86 86 63 31 19 27 47 33 16 21 39 36 23 23 39 45 46 42 7 27 38 35 23 27 23 31
14 25 44 67 71 52 52 78 65 36 25 49 63 45 47 79 45 19 16 13 28 58 56 47 19 47 75 134 155 220 110 45 61 254 214 255 241 243 245 255 134 140 159 236 249 240 247 220 248 250 168 171 85 85 120 81 67 36 50 33 17 34 15 35 48 34 12 7 17 15 10 15 5 8 30 45 29 12 20 33 36 29 23 27 34 32 28 31 48 58 59 53 19 38 40 25 4 48 61 56
31 26 27 51 77 70 43 32 29 35 46 63 67 49 43 60 69 39 33 28 35 49 30 10 30 59 86 96 65 100 95 43 107 175 255 240 247 238 255 231 93 137 163 13 228 255 255 248 243 255 191 171 70 0 87 62 11 0 96 47 72 19 39 51 27 25 23 40 67 72 59 54 29 23 33 42 28 14 15 20 23 26 35 38 33 35 49 60 27 43 54 58 29 48 45 26 30 79 76 41
75 72 60 61 78 77 51 32 39 55 57 56 67 70 64 61 52 27 28 26 29 37 16 0 10 27 59 62 43 48 74 27 90 124 242 255 240 255 217 138 10 166 166 28 108 198 229 255 224 188 129 179 196 96 117 74 64 6 26 1 63 43 42 34 43 39 31 37 55 53 34 23 16 14 17 28 37 34 26 22 15 18 30 29 14 20 41 53 13 29 46 59 31 46 42 26 87 107 77 24
42 48 37 23 24 22 10 4 26 48 43 27 48 81 84 71 35 23 40 47 51 59 46 38 27 27 46 42 57 48 35 23 40 103 132 187 216 253 238 220 253 249 147 232 194 255 255 250 234 225 211 255 255 144 76 105 64 84 89 111 87 56 18 41 53 52 41 41 56 60 54 54 37 42 30 29 51 53 34 27 20 12 18 16 3 15 36 39 12 22 38 52 22 32 32 24 81 86 72 45
55 52 36 29 42 43 28 18 40 91 100 62 52 72 74 59 34 30 57 67 65 67 53 47 50 57 72 48 67 58 24 82 27 75 54 91 248 205 255 250 242 210 248 255 242 227 241 227 245 219 189 229 249 187 18 57 51 35 0 17 54 42 27 40 56 64 62 60 67 63 54 54 65 73 46 32 59 65 43 38 32 15 17 21 20 41 63 57 4 10 23 39 10 20 26 27 20 34 61 75
35 48 45 44 52 45 27 25 44 79 88 71 63 67 62 56 31 59 73 68 26 43 39 20 26 42 57 40 44 44 37 89 53 91 59 102 150 255 247 218 255 235 253 227 206 240 220 249 249 238 167 127 120 89 0 82 109 81 13 59 46 46 54 45 32 43 50 51 37 32 46 43 44 53 21 21 56 64 44 34 40 26 27 25 25 62 79 47 4 22 35 5 31 19 13 32 0 36 58 58
44 37 38 67 38 28 5 2 18 14 5 28 63 95 69 33 48 54 51 40 18 26 28 23 34 27 32 41 50 40 27 48 44 46 87 112 72 50 214 255 175 235 238 19 255 255 255 210 217 135 138 116 242 255 94 91 94 38 61 67 57 74 65 30 29 29 22 27 35 36 34 27 38 43 23 19 37 43 42 46 39 38 43 32 19 37 55 45 11 18 31 13 34 14 4 31 99 99 61 15
71 46 48 96 46 48 52 75 50 42 32 52 48 70 55 39 31 43 42 26 37 42 41 30 30 52 60 58 58 76 75 28 32 50 85 85 145 61 138 192 255 232 255 253 218 228 197 66 75 67 103 126 233 239 117 71 75 17 150 200 64 63 55 39 22 34 26 19 37 46 41 46 33 33 37 35 36 28 27 31 20 24 24 17 12 21 35 42 19 48 55 9 21 35 28 25 109 130 99 30
50 26 20 48 26 29 53 97 73 39 9 36 38 66 49 34 12 39 45 19 52 59 59 42 48 82 94 78 47 77 113 50 111 58 115 63 36 57 144 192 255 228 235 225 255 246 233 109 169 240 241 255 255 250 189 104 119 55 198 171 55 57 30 20 32 68 62 21 24 38 33 48 35 24 45 39 33 18 22 28 34 25 10 11 26 33 35 42 29 59 58 6 8 38 34 24 62 114 122 78
34 28 19 21 60 31 18 34 67 37 8 23 20 27 13 9 42 50 48 23 41 29 34 40 4 35 97 137 87 57 62 0 97 163 179 66 50 49 99 234 204 255 255 249 244 255 252 150 142 217 255 235 239 234 255 238 202 176 11 102 110 50 49 64 67 80 55 12 51 99 69 48 34 20 49 22 11 1 26 56 65 45 18 13 25 25 17 19 34 27 29 22 14 12 2 22 21 46 52 42
35 43 47 55 140 91 29 2 0 18 39 40 34 17 33 71 76 61 59 59 46 0 0 24 22 17 49 61 26 48 79 30 93 119 115 20 13 49 167 127 120 206 247 222 255 186 130 47 48 126 242 253 255 90 219 255 185 242 230 119 0 36 54 61 77 101 101 41 37 67 48 46 23 25 66 24 14 0 17 54 73 56 38 27 20 16 14 12 24 21 31 38 23 21 0 10 29 37 40 49
28 26 30 50 117 88 43 22 32 41 43 31 72 38 24 32 60 52 62 82 53 26 23 44 25 16 39 19 10 91 130 78 82 56 80 39 35 104 234 67 69 161 255 238 249 204 246 244 255 238 255 222 255 43 195 216 118 230 255 89 109 64 76 96 39 12 15 8 50 96 58 36 25 30 72 31 52 35 23 40 61 48 48 47 36 42 49 36 18 33 46 44 24 43 19 8 16 33 43 49
59 35 22 35 52 51 56 71 68 54 34 17 104 72 37 19 23 36 48 62 38 68 87 93 39 13 43 34 33 111 145 121 70 63 54 36 105 142 169 120 98 77 208 242 255 167 234 255 251 198 232 142 254 204 255 228 190 228 166 208 101 118 142 97 26 15 55 46 30 36 21 42 41 30 55 19 83 84 55 53 30 14 24 35 33 52 60 31 29 22 32 47 24 33 13 21 27 39 36 25
66 64 77 89 31 29 38 43 65 45 46 50 13 66 79 31 45 71 57 0 18 54 84 73 26 30 39 23 31 73 88 83 36 35 30 17 112 125 92 112 49 50 103 220 255 235 255 248 253 239 255 193 222 249 255 230 255 243 197 255 134 217 222 95 13 79 80 7 15 22 32 30 33 56 19 15 118 105 105 63 24 12 12 12 8 27 39 23 24 30 26 7 35 37 32 16 28 31 34 36
60 52 81 120 13 30 46 43 21 42 49 45 21 58 62 36 54 93 80 16 18 13 35 66 55 46 48 21 18 37 30 42 14 38 5 17 67 124 78 75 23 77 68 108 152 227 247 255 243 255 247 193 255 228 244 234 253 255 221 252 228 222 226 227 105 45 24 47 62 31 32 59 71 96 39 41 100 104 103 91 63 55 41 24 20 38 48 39 61 108 88 21 35 30 25 30 38 36 35 35
50 31 47 71 10 22 40 36 54 50 46 68 59 38 18 37 55 42 75 79 51 31 40 16 20 33 67 43 29 25 8 57 20 65 33 54 60 117 80 46 66 96 61 90 128 255 248 252 218 255 209 245 254 240 251 255 255 255 251 218 229 163 185 254 192 62 83 150 70 38 66 43 59 92 33 51 69 89 88 111 128 126 92 49 40 52 54 48 104 176 135 28 36 35 30 47 41 33 24 21
60 44 36 12 57 29 28 25 9 37 84 111 65 7 17 79 103 39 35 45 29 48 80 57 5 24 61 38 36 33 4 57 42 52 32 61 77 104 95 40 118 88 72 89 91 234 249 255 246 237 175 254 229 253 252 223 255 229 255 255 197 241 250 220 119 79 110 152 64 20 13 4 31 67 32 57 61 72 69 102 179 179 126 57 32 25 7 0 75 132 94 2 22 34 34 40 60 47 31 24
43 45 47 11 63 34 37 34 12 36 80 84 59 49 50 27 3 28 21 23 42 33 10 24 52 49 53 37 69 86 46 62 81 47 27 92 113 125 119 73 33 36 67 51 54 164 204 243 231 226 255 252 223 208 253 255 246 236 238 102 240 255 255 210 130 82 136 193 92 50 46 17 51 75 63 69 72 58 54 75 99 110 75 27 22 29 18 10 22 53 51 13 38 48 48 34 48 32 13 4
8 21 44 34 12 49 99 104 67 79 103 68 32 36 63 42 22 53 49 45 47 66 67 81 77 84 87 86 106 106 73 67 50 38 43 124 82 74 45 35 60 77 84 50 87 91 86 177 255 242 253 231 252 255 232 249 210 243 255 245 227 255 204 110 58 88 96 107 96 59 30 55 67 76 75 56 63 39 40 53 84 88 63 29 24 29 18 3 8 32 59 61 84 66 46 22 63 47 29 20
30 44 58 45 17 82 137 132 92 83 70 40 62 77 94 81 65 45 53 61 22 75 111 87 62 88 100 109 84 45 42 43 34 48 88 119 51 31 8 18 69 68 45 39 122 114 119 239 242 235 234 248 227 249 195 225 146 195 244 245 112 130 89 21 0 28 53 39 43 46 51 44 54 60 62 38 42 33 40 54 71 61 48 34 31 44 43 24 8 33 52 66 112 76 27 7 52 40 24 16
70 84 76 30 62 87 91 54 20 84 92 39 74 95 100 87 67 61 58 55 10 42 61 51 43 58 59 85 57 18 55 72 34 24 68 36 21 17 29 28 6 38 44 47 108 139 162 231 211 170 219 255 245 255 255 246 218 221 255 255 52 76 87 19 32 59 58 35 69 46 20 13 47 59 61 43 39 47 53 71 63 41 30 23 16 30 34 11 12 40 34 50 135 105 38 24 48 38 25 17
62 60 67 16 59 65 51 10 16 95 113 63 42 57 62 58 53 60 87 80 44 48 51 12 20 16 36 49 38 11 65 66 34 43 45 10 25 30 36 15 27 23 34 49 69 75 17 48 131 191 246 247 230 240 247 235 217 109 140 114 60 59 62 49 46 14 24 51 94 48 12 20 68 81 78 43 16 30 49 46 28 22 19 11 45 28 32 45 46 38 17 24 104 100 66 42 71 47 33 39
26 39 58 12 41 36 41 42 74 123 125 55 33 38 44 26 51 58 67 49 106 73 46 19 18 32 28 7 25 26 40 21 6 37 59 55 66 17 2 27 48 50 46 25 18 32 4 51 141 226 255 255 247 253 239 176 214 107 101 85 57 30 22 24 1 0 24 57 97 53 14 11 46 69 72 44 23 32 47 50 53 36 27 27 61 46 49 61 66 56 32 0 17 42 45 43 65 61 45 52
11 33 59 28 48 23 30 64 98 121 117 55 33 32 42 24 59 73 62 32 92 66 37 21 27 47 43 27 94 119 65 8 25 25 0 0 38 9 0 47 103 91 60 25 20 61 67 122 128 135 235 247 250 224 101 92 120 48 28 47 80 60 45 28 17 40 60 64 73 32 9 11 33 56 54 28 19 32 53 72 60 52 49 44 56 43 59 87 82 41 28 24 18 19 0 2 40 53 21 20
1 17 43 35 59 24 10 45 44 67 74 54 17 15 32 51 94 107 81 47 13 27 22 19 34 50 59 37 83 127 82 40 46 68 53 28 35 34 50 90 77 61 44 43 44 55 24 41 29 4 160 241 255 182 9 37 72 51 47 68 95 84 87 39 25 44 29 19 32 29 34 40 20 45 50 42 43 45 50 62 64 53 40 26 27 31 55 80 69 29 9 20 28 39 4 41 69 87 44 33
26 36 60 62 83 57 35 56 94 48 0 38 61 84 41 29 74 74 44 33 0 13 16 38 10 65 125 91 54 85 76 54 54 62 60 40 15 29 50 54 76 69 75 99 81 57 25 47 20 14 42 94 102 56 32 49 64 64 88 103 75 43 70 21 52 61 23 26 60 83 92 85 85 68 35 10 9 27 55 80 43 27 16 29 48 71 73 65 63 91 64 21 11 27 0 31 23 39 16 15
29 36 53 44 50 50 35 36 104 100 64 80 61 50 27 69 93 68 33 43 90 55 28 60 58 85 96 45 0 51 105 113 74 36 22 33 13 34 49 40 59 71 92 112 62 32 53 119 76 59 51 43 28 41 76 97 103 80 118 164 141 84 83 30 25 65 48 65 71 69 77 80 76 52 41 37 24 21 25 20 68 76 101 133 108 76 34 10 17 57 48 41 51 47 30 48 17 11 14 17
42 42 53 39 43 81 72 40 73 94 73 50 55 22 6 42 84 50 16 36 76 47 7 11 37 30 14 41 38 50 53 54 15 12 22 54 31 27 26 41 33 63 96 116 50 9 28 82 85 34 59 20 1 68 101 141 95 62 86 133 148 92 54 8 7 71 73 101 79 53 70 95 78 35 29 31 7 11 31 23 23 51 119 182 129 74 60 90 96 51 11 40 62 41 56 39 61 38 78 85
31 24 34 28 49 119 110 47 34 56 45 4 68 33 9 9 36 18 9 54 32 83 74 51 47 23 5 113 142 66 0 6 23 26 14 46 59 63 30 32 35 52 67 86 36 11 21 48 52 57 85 68 40 88 119 77 41 37 49 59 91 63 38 30 31 73 50 80 59 30 39 61 73 22 23 32 4 18 56 51 36 30 74 136 76 31 62 146 142 67 17 41 54 48 90 12 61 49 148 189
13 7 37 27 74 90 118 83 26 23 41 58 76 99 69 3 19 49 50 32 26 72 61 67 67 12 26 109 167 69 19 54 89 64 15 7 50 64 40 30 39 73 97 95 17 17 64 79 81 74 94 98 56 70 69 71 56 61 67 52 54 55 46 53 50 15 26 14 33 30 28 41 50 38 22 53 87 38 39 45 94 111 95 52 35 49 61 65 55 31 34 80 40 49 70 24 62 41 131 175
0 18 47 41 82 54 69 91 40 4 32 69 97 113 68 11 37 49 55 48 46 59 43 23 55 45 41 44 75 44 45 76 68 36 16 22 34 42 44 40 67 110 126 129 64 27 33 54 16 38 80 95 59 72 79 99 118 90 88 55 34 45 11 28 32 12 46 13 33 25 38 31 39 48 57 55 95 62 56 42 69 98 104 72 33 39 68 62 19 26 52 82 14 32 69 65 83 58 89 110
17 80 85 30 57 34 46 85 43 22 47 33 49 93 56 22 36 33 42 53 49 55 79 72 59 76 62 26 43 48 50 48 31 8 26 47 30 26 40 37 52 128 132 105 49 24 18 30 4 46 91 99 61 63 67 104 115 63 59 33 3 39 1 33 20 8 53 16 46 42 61 24 25 43 60 22 61 65 65 53 42 64 60 48 24 40 78 53 24 27 58 88 26 57 67 77 58 73 76 93
16 106 121 38 15 0 29 87 95 102 111 42 35 58 20 48 70 45 32 55 32 39 73 78 18 33 36 34 49 46 36 32 31 28 45 53 37 33 43 44 50 85 76 79 63 75 93 108 116 127 115 77 23 22 28 76 64 34 36 50 17 42 1 20 31 6 25 8 38 45 51 0 13 35 61 39 65 81 61 65 53 71 33 11 3 11 40 23 35 24 53 99 63 91 63 73 22 56 39 67
54 44 37 26 35 20 21 24 60 66 79 58 93 81 30 119 60 27 8 42 7 13 12 10 29 29 30 41 33 19 20 44 61 76 61 40 46 54 52 56 95 28 4 69 54 30 40 60 49 73 90 92 67 62 34 51 134 99 30 24 0 10 29 63 52 21 3 16 34 56 60 37 0 20 50 74 80 75 24 41 38 76 42 14 15 5 19 40 41 38 71 115 87 98 71 100 41 43 0 12
46 33 42 34 8 6 30 31 52 49 37 24 80 76 15 65 46 32 48 67 37 45 35 51 83 58 33 37 24 22 18 31 60 85 63 38 59 68 46 36 67 16 24 96 55 15 27 47 36 43 57 64 46 52 30 36 137 131 59 56 35 36 54 74 118 93 42 48 36 32 23 25 28 21 15 38 43 31 4 37 30 53 44 37 57 49 37 66 42 41 49 62 51 51 39 61 38 33 0 2
61 48 43 29 11 28 48 39 44 45 32 6 34 69 50 43 48 30 78 56 67 67 48 61 71 36 6 29 32 47 37 37 46 56 50 41 52 61 44 20 49 65 77 95 33 0 11 31 11 23 59 78 48 51 32 29 64 71 21 6 19 17 13 34 61 65 33 52 75 58 44 45 57 41 15 4 37 22 41 56 70 36 47 47 52 55 32 49 96 98 67 39 52 53 55 41 10 22 36 17
48 31 32 52 42 26 34 63 54 43 54 41 11 27 50 37 85 36 94 57 141 138 85 53 68 37 21 53 43 50 49 68 58 36 34 33 26 45 58 38 51 67 51 64 37 11 20 63 53 58 91 93 35 33 26 28 67 83 70 46 74 57 2 11 51 70 55 76 131 91 54 26 23 31 34 14 78 42 65 35 77 8 45 41 9 27 32 60 95 118 75 15 37 39 60 25 39 42 68 29
39 27 47 71 72 39 9 32 41 60 44 21 19 2 12 50 99 12 57 27 127 132 64 41 46 30 26 61 42 49 65 59 66 67 81 92 25 5 27 73 77 18 20 20 49 24 67 93 77 90 112 108 43 29 18 25 51 83 85 53 67 85 46 16 48 47 51 74 84 44 10 21 11 28 41 75 18 2 27 6 48 0 46 39 70 44 25 35 66 85 51 0 21 33 33 26 44 65 81 81
45 20 44 68 92 63 27 17 35 32 32 26 27 27 13 69 96 4 20 0 69 57 4 4 30 10 0 39 64 60 52 37 36 50 77 82 33 24 64 110 72 30 35 27 50 33 82 112 87 72 83 78 54 35 31 24 0 32 48 18 17 35 32 43 64 55 33 25 34 25 18 32 40 16 24 43 12 21 34 18 33 16 46 54 118 73 26 35 70 88 93 73 58 26 22 38 48 42 42 49
30 15 51 66 81 63 40 23 38 44 42 17 20 78 50 85 43 35 59 26 40 42 33 50 49 51 29 40 61 51 25 0 0 7 36 37 32 46 95 124 64 48 52 29 43 32 62 71 56 33 49 52 59 28 33 24 57 117 128 56 29 63 75 77 114 120 97 57 38 41 63 90 66 30 36 37 37 92 107 81 11 19 18 33 116 69 40 84 103 97 127 157 105 50 45 76 54 27 14 27
13 4 21 30 25 38 23 14 1 20 8 12 24 97 76 87 19 29 34 25 32 34 17 14 42 27 0 32 28 36 33 32 40 30 32 17 43 61 88 82 0 40 71 29 19 17 51 61 31 29 50 68 64 24 35 46 9 58 80 30 13 52 68 72 152 155 135 94 55 37 41 53 64 63 13 37 0 128 162 152 27 40 30 37 71 9 28 114 136 90 95 138 84 53 51 66 88 71 62 70
45 32 13 29 28 78 56 53 79 67 21 69 56 44 18 19 15 24 43 68 40 0 2 60 60 67 91 174 93 51 29 46 40 22 10 0 34 48 58 42 67 81 61 24 65 103 94 50 36 47 41 68 44 18 37 72 71 64 85 82 49 19 17 50 83 59 50 60 64 54 40 31 40 43 95 55 95 30 125 44 17 44 83 106 82 20 78 179 156 93 61 75 36 39 39 32 49 58 65 61
11 24 15 30 40 90 75 93 127 104 38 81 67 40 37 26 44 23 26 57 68 48 39 73 110 117 85 96 26 45 31 6 23 23 23 28 57 64 69 73 62 81 52 5 20 47 55 50 63 64 20 44 29 27 61 106 112 106 135 133 91 60 60 90 75 40 34 55 52 32 18 12 16 25 46 89 81 11 92 57 60 78 131 132 63 8 50 121 130 87 50 42 28 38 39 31 30 51 65 59
3 48 77 76 103 105 89 113 124 95 39 41 32 26 31 11 8 16 44 36 37 22 2 16 124 233 217 112 25 30 41 29 20 33 37 58 61 44 28 48 42 37 7 1 32 43 40 56 94 89 36 43 49 41 83 116 101 113 131 95 59 73 82 77 46 30 46 66 46 23 29 39 36 26 59 101 97 12 57 11 57 59 87 61 20 17 20 46 65 45 26 26 49 37 30 41 34 40 48 55
35 77 122 104 160 114 72 69 72 22 9 30 39 27 22 27 34 19 62 75 93 55 2 4 91 174 147 69 100 88 65 39 28 42 47 85 80 52 16 40 38 23 6 35 65 41 19 50 95 96 54 41 53 16 56 72 72 61 63 30 10 42 57 50 43 33 56 76 55 34 34 33 43 23 68 90 118 78 113 55 85 78 76 28 28 64 21 5 35 20 13 29 82 44 26 51 42 26 25 47
52 92 82 55 111 51 32 45 38 27 54 63 58 57 45 37 42 58 78 100 103 67 26 11 40 61 51 32 95 103 79 53 37 30 42 68 70 33 31 65 76 38 31 73 49 38 26 34 71 62 24 13 36 0 14 39 43 63 81 42 25 55 43 29 31 40 32 21 29 32 21 12 32 65 51 27 76 91 152 109 122 96 48 29 42 108 76 20 47 55 77 100 75 45 55 48 51 33 31 49
57 68 43 12 69 47 52 50 41 54 78 51 66 50 36 30 41 68 79 62 36 14 17 38 30 24 22 39 76 67 45 36 10 28 48 49 29 9 35 84 82 53 39 54 38 69 78 64 65 38 0 10 66 43 39 34 51 90 113 64 71 44 15 23 25 45 39 20 30 50 49 39 77 114 93 45 34 101 195 136 154 102 23 28 50 90 79 34 44 92 104 120 62 47 48 62 48 43 39 37
72 60 35 4 39 46 78 63 15 47 69 15 43 29 28 35 46 82 91 63 38 29 32 42 27 6 15 50 43 31 23 23 21 28 25 16 2 12 35 62 61 42 27 25 32 107 121 64 50 38 20 41 90 74 64 58 57 88 85 25 69 22 5 45 49 36 27 41 58 55 53 68 83 100 88 72 43 137 228 136 146 115 77 115 107 74 51 19 23 113 116 78 53 73 67 36 53 61 60 48
47 31 30 17 22 29 76 58 9 33 57 19 20 21 34 52 111 134 119 75 53 47 33 18 26 25 56 86 35 30 30 23 37 30 21 32 28 41 35 31 37 25 25 30 62 150 156 67 0 15 34 62 86 64 39 30 40 64 56 21 68 28 7 32 41 17 4 24 41 27 17 32 40 26 20 32 11 55 119 28 82 73 107 155 136 78 33 25 50 121 114 16 30 29 65 49 50 49 42 34
36 23 36 47 43 46 86 69 37 41 78 89 34 37 42 56 83 93 67 31 37 67 81 80 29 43 85 110 44 31 40 46 34 33 42 73 46 41 30 36 45 39 53 59 89 151 159 89 52 35 14 14 31 48 42 42 79 76 43 15 19 23 41 63 29 49 38 8 5 18 18 11 5 0 8 26 53 73 161 120 110 73 127 131 121 105 52 69 16 21 23 40 131 90 68 49 96 69 41 31
23 16 13 21 24 29 49 29 36 30 79 125 45 39 31 41 47 39 15 11 49 82 76 58 49 44 57 66 24 11 40 81 58 38 31 58 12 11 15 39 56 53 64 56 63 77 91 67 61 64 73 80 73 73 29 6 31 36 36 43 22 24 49 53 55 89 86 41 16 24 45 61 68 68 53 37 73 79 151 107 87 50 120 79 63 71 20 50 16 52 44 71 77 44 30 69 103 66 30 15
47 68 45 24 26 38 46 30 20 11 49 82 26 18 19 45 25 10 0 29 85 105 78 51 60 52 31 9 15 14 40 77 72 38 17 48 4 17 18 33 43 40 47 38 48 27 29 28 53 69 89 79 43 52 27 28 37 16 4 13 16 3 44 55 57 76 76 53 30 22 43 77 90 87 59 42 45 46 93 34 36 21 102 67 62 74 37 57 0 51 35 55 67 84 44 24 72 63 47 35
52 108 81 35 30 49 59 54 30 17 31 28 6 1 22 69 85 65 43 49 69 69 58 60 49 67 44 0 42 49 45 40 41 34 43 92 48 57 42 40 26 23 34 44 82 52 33 29 40 47 53 32 0 39 49 75 78 33 9 14 50 0 19 19 36 64 62 36 31 43 47 45 60 63 49 55 9 11 71 37 48 18 62 37 56 74 50 45 18 32 7 22 84 104 66 5 9 33 45 37
52 61 58 35 26 51 63 45 31 9 4 16 47 24 43 89 117 114 99 73 16 25 38 43 57 71 80 63 39 38 41 29 23 17 50 84 116 63 66 104 79 8 4 69 100 84 63 50 44 33 33 28 34 29 11 23 41 28 44 89 72 20 22 37 21 33 36 19 15 41 56 43 29 24 20 29 57 42 95 53 56 18 45 12 33 46 18 50 31 83 34 6 4 71 72 53 53 40 7 24
43 41 46 44 34 30 24 8 0 0 25 54 81 35 26 52 74 65 57 58 26 40 48 48 49 53 50 27 9 22 37 32 38 28 33 45 68 75 109 145 122 48 20 44 45 32 33 39 40 35 37 25 19 13 7 32 42 25 40 94 92 48 44 51 30 30 25 10 9 42 71 73 47 19 0 10 58 49 85 22 22 18 78 45 41 34 11 57 43 82 38 28 17 58 58 61 52 56 49 90
72 42 32 39 29 15 11 12 9 17 44 66 80 24 9 33 42 21 19 47 38 53 49 41 46 43 32 7 0 22 46 43 41 40 35 36 31 78 109 113 87 42 31 42 26 14 28 40 40 31 30 22 27 33 35 63 78 36 19 58 63 36 44 54 16 15 23 27 29 47 67 72 48 34 19 24 54 39 88 41 38 18 62 31 40 44 20 58 27 70 58 85 62 53 29 42 81 79 63 98
102 53 26 30 26 18 25 36 34 36 49 53 58 9 9 44 44 13 9 50 47 52 37 24 45 43 33 13 10 39 59 51 41 48 47 56 20 74 80 51 25 15 36 54 37 27 42 49 55 27 14 18 50 71 66 79 107 45 0 18 21 5 26 41 1 2 25 48 49 45 49 50 42 53 57 52 55 32 103 84 65 15 31 1 36 58 28 53 5 61 79 127 94 53 9 22 75 58 20 36
