55 37 49 20 26 47 50 21 35 35 39 0 2 20 25 12 30 57 102 118 37 32 19 61 85 32 21 102 86 113 92 32 0 16 33 33 19 9 11 19 26 19 16 21 23 19 17 19 22 24 27 30 29 20 8 0 15 48 91 99 87 101 108 83 37 20 51 25 23 8 27 66 50 36 37 20 19 5 26 19 12 38 83 26 4 39 136 94 64 65 67 42 26 26 17 5 8 2 25 60
69 32 46 51 66 51 44 45 57 47 60 38 46 44 40 37 37 37 67 96 55 45 30 72 112 57 27 91 75 94 76 32 2 11 20 20 14 9 12 17 24 17 14 18 21 20 21 24 14 13 13 15 21 26 29 30 26 69 100 77 52 75 91 68 37 26 37 29 28 18 25 46 36 22 32 79 50 47 8 18 49 66 46 29 6 41 79 78 36 62 50 100 113 60 40 56 55 55 64 79
54 20 34 49 70 34 15 33 38 21 29 17 46 55 46 30 44 77 82 47 32 58 46 39 72 59 51 96 57 46 40 38 19 19 19 18 18 19 21 23 26 20 15 15 14 11 11 13 15 14 12 12 17 25 33 39 2 10 32 40 24 17 29 36 17 23 28 70 73 64 55 55 24 29 96 88 70 67 30 15 47 74 39 59 62 62 26 23 44 71 31 55 101 103 40 50 38 71 90 89
50 47 60 49 66 41 22 34 37 29 39 29 82 116 93 44 36 74 104 108 104 73 44 48 55 52 50 105 93 61 19 0 33 30 27 24 22 22 23 24 22 19 17 16 14 12 10 10 11 15 18 19 18 18 19 20 31 3 9 43 50 31 33 55 66 68 44 98 70 38 12 12 48 19 75 10 11 49 35 18 53 45 2 0 28 20 17 22 68 67 55 11 25 96 5 37 20 47 56 49
9 23 39 11 22 13 8 21 17 14 36 36 84 103 73 27 63 79 84 87 75 23 0 8 47 82 106 140 102 46 16 15 27 28 28 22 15 11 11 13 9 13 17 19 22 23 24 23 22 30 38 41 37 32 30 30 33 20 11 20 32 32 30 35 42 36 5 68 40 25 26 59 62 0 33 47 44 110 37 18 51 40 53 99 99 57 47 43 48 42 108 90 19 43 0 71 59 36 17 25
17 20 43 26 34 28 40 65 32 9 27 30 50 38 31 35 66 65 32 30 34 48 63 69 76 80 77 98 90 60 38 17 17 22 25 20 11 4 4 7 7 13 17 17 18 20 20 19 31 37 42 38 29 24 25 29 20 21 26 43 48 24 10 23 52 48 32 81 52 45 42 78 84 13 36 14 19 104 89 80 89 58 63 132 78 44 54 85 8 31 116 145 51 33 36 71 63 34 47 91
36 28 57 47 51 52 72 88 34 0 7 6 17 1 10 38 63 33 8 69 58 38 32 47 41 53 55 52 28 19 44 46 13 18 23 21 16 12 13 15 18 23 22 15 11 12 13 11 19 23 23 14 2 0 1 8 9 8 18 50 59 20 0 17 53 64 76 104 88 94 63 70 71 60 148 98 86 119 129 100 119 100 93 109 52 22 54 87 6 25 87 110 81 104 97 49 39 31 93 161
41 35 65 47 47 62 81 73 27 2 16 16 39 35 32 37 44 57 48 98 64 64 46 19 31 31 27 18 3 11 46 37 11 14 18 20 20 21 22 24 27 31 27 18 14 18 23 23 24 30 33 26 16 11 17 26 32 40 27 23 44 45 26 21 42 58 80 84 81 107 63 47 59 80 186 217 148 139 90 69 122 138 147 86 64 23 64 58 26 8 75 82 116 183 129 65 55 36 94 160
37 46 67 49 87 72 37 40 14 31 61 32 41 37 41 27 48 41 55 72 77 81 84 82 55 30 13 29 26 24 28 11 3 25 30 19 13 10 12 22 16 23 20 23 15 15 26 8 14 28 7 60 38 30 19 24 27 27 17 17 49 90 95 73 65 62 41 55 45 29 18 56 79 39 107 180 89 84 50 18 63 75 98 64 43 18 35 74 54 64 78 71 119 174 132 76 95 11 62 40
58 59 67 51 93 86 48 39 49 60 63 31 29 44 48 28 7 41 83 109 87 47 29 12 51 64 79 31 44 43 26 18 18 24 21 19 22 18 9 6 6 8 6 19 19 14 20 7 13 22 14 48 32 29 17 22 22 20 18 26 47 79 107 122 116 78 19 58 19 22 0 35 72 34 69 57 5 43 35 8 17 7 41 39 34 23 71 137 121 49 68 59 51 118 152 92 107 0 47 38
90 49 20 30 119 143 81 23 35 41 45 62 53 59 41 22 45 61 56 66 51 23 28 17 16 22 46 0 50 59 17 7 25 13 5 12 24 24 12 2 15 22 22 36 34 21 28 25 11 15 28 36 28 29 16 25 27 21 28 45 52 54 76 104 109 82 35 61 28 65 38 28 25 54 102 52 46 90 77 35 20 12 52 43 32 52 138 214 123 21 37 28 3 55 130 95 80 0 65 89
0 20 40 32 39 39 37 44 25 18 30 108 89 71 40 38 70 70 30 29 30 18 37 31 12 33 82 49 65 30 0 16 29 13 8 16 20 20 18 12 13 33 28 28 22 12 22 22 6 8 37 26 20 22 8 20 40 27 28 40 38 27 33 53 60 77 87 56 49 105 110 33 62 115 104 46 57 78 54 0 1 7 66 81 113 146 140 84 56 12 17 6 17 24 65 71 57 37 118 141
31 54 60 60 52 44 37 35 32 20 14 90 58 51 42 47 57 64 29 18 18 7 20 24 33 71 123 134 92 37 21 18 24 20 31 35 21 16 21 18 19 38 18 9 21 26 29 19 7 8 37 25 17 15 0 4 34 28 23 18 12 14 32 54 74 105 142 108 74 101 112 43 47 92 24 17 58 85 95 60 35 42 74 45 61 115 129 77 23 27 23 16 38 24 36 53 36 71 121 102
60 71 63 75 54 38 29 21 24 32 16 58 24 52 71 52 51 46 21 10 32 36 19 20 40 76 96 97 57 47 50 19 2 8 32 38 19 21 31 21 34 41 8 8 44 55 46 28 27 27 38 49 42 36 6 1 10 24 33 23 10 15 42 68 89 106 145 169 89 64 44 29 54 103 46 48 56 61 106 115 99 64 57 32 65 107 106 60 33 27 24 40 34 40 66 66 6 55 93 75
63 58 38 68 50 35 26 16 20 45 39 73 51 94 124 80 31 25 32 36 84 97 37 25 68 107 117 47 15 22 41 42 6 2 17 19 10 31 44 20 25 29 3 17 49 38 24 22 51 48 34 83 87 82 42 19 11 23 33 30 17 15 34 57 60 74 109 133 65 35 20 17 55 91 86 39 13 10 75 114 89 70 71 40 50 56 59 55 38 22 14 63 39 58 84 81 13 28 89 136
55 43 18 57 39 23 19 15 20 37 37 80 68 103 140 94 29 31 57 48 88 111 55 69 107 113 116 19 48 58 39 44 44 21 13 4 2 37 51 15 19 31 20 40 51 10 0 24 61 54 24 102 117 117 71 36 36 22 13 12 10 10 27 49 62 81 108 61 44 50 82 55 64 76 122 45 27 20 46 54 82 63 54 25 51 56 41 27 36 34 12 81 64 69 66 76 34 0 77 182
64 39 34 45 42 32 26 22 34 26 35 40 20 54 95 54 0 18 32 52 97 85 45 58 84 76 48 45 52 50 36 1 34 27 18 16 2 49 50 7 14 16 39 52 26 2 14 36 64 46 35 48 71 75 51 24 21 18 16 14 9 7 17 31 35 56 64 52 47 57 62 55 66 108 201 89 87 61 23 44 51 87 37 38 51 51 40 45 54 55 16 93 59 29 39 55 32 46 99 98
40 38 35 39 48 53 53 52 33 24 27 37 27 44 62 19 5 30 37 58 65 58 44 52 70 32 1 32 55 31 7 0 11 10 18 35 27 68 63 21 17 20 29 29 22 25 34 37 28 27 35 43 33 11 3 8 34 31 28 25 19 15 21 31 24 21 47 70 49 19 24 45 81 132 209 96 121 124 63 27 64 68 46 35 58 72 43 78 119 74 6 63 67 38 29 51 92 64 67 39
23 36 30 35 70 84 63 45 36 26 18 39 56 67 72 42 35 54 41 63 33 50 81 85 89 89 41 3 0 18 48 53 2 9 30 54 33 55 52 24 26 32 22 4 14 52 76 75 41 30 34 49 44 20 10 17 39 37 35 33 27 22 23 29 7 26 53 50 31 56 102 117 72 47 91 68 163 162 80 39 90 92 65 17 60 68 92 127 116 81 39 38 47 44 56 92 78 39 29 0
31 36 21 43 111 127 79 43 62 41 7 19 41 41 38 24 59 63 25 53 10 51 107 97 78 65 36 46 55 25 13 17 3 13 44 71 38 47 48 36 10 32 31 16 29 60 70 62 52 32 23 35 45 37 25 21 21 21 21 19 16 12 11 12 33 27 49 55 21 11 40 61 56 40 51 8 93 129 116 112 183 146 51 24 91 51 132 159 75 60 76 27 0 11 49 75 71 49 62 43
47 37 11 32 101 118 79 55 64 45 6 10 27 16 13 12 43 30 0 16 0 59 119 105 66 46 3 9 24 0 0 21 24 32 69 114 94 98 84 60 37 43 22 3 20 38 37 32 32 33 28 17 10 13 20 24 28 28 27 25 24 23 19 16 27 40 43 27 31 67 66 19 18 89 156 100 70 35 81 167 243 154 17 54 103 65 94 149 91 29 83 69 21 3 35 49 42 27 45 27
93 79 44 30 52 62 54 55 37 40 28 43 51 35 37 42 27 41 35 84 74 73 48 1 29 52 24 13 26 15 12 22 36 34 66 121 114 113 72 21 62 57 23 6 32 45 29 22 20 29 25 8 2 14 27 30 41 39 35 31 31 32 28 21 21 28 49 60 28 0 0 50 95 78 66 49 67 37 67 133 146 106 29 50 42 85 31 106 144 46 103 141 84 15 28 52 64 49 72 63
106 109 87 46 25 32 43 46 23 48 65 80 62 31 32 31 30 42 38 61 81 86 74 79 95 57 7 42 84 39 5 22 19 13 34 76 66 72 41 0 33 60 53 45 67 64 30 13 30 22 13 12 22 32 32 26 26 23 17 11 14 19 17 10 10 20 14 29 68 62 18 0 35 75 58 15 39 49 65 62 50 70 68 23 16 68 17 68 139 97 126 141 101 52 46 45 31 22 53 50
39 64 68 32 4 20 35 22 15 54 88 102 67 30 33 30 24 47 58 59 84 68 46 78 121 116 68 69 94 57 20 20 18 17 36 64 46 73 80 64 36 76 63 27 30 37 33 41 57 43 36 43 50 45 37 34 27 24 17 12 18 27 27 20 1 18 1 3 50 58 35 40 78 99 65 37 65 59 54 36 79 68 78 17 74 33 34 54 71 116 120 93 111 152 138 82 35 29 56 38
21 21 16 42 24 36 44 28 11 67 117 90 83 57 40 48 56 60 79 120 116 35 0 52 122 116 126 56 79 45 9 27 47 32 60 69 57 108 150 114 53 39 53 0 43 80 61 90 141 145 90 67 47 47 32 34 24 33 25 15 26 37 32 25 11 17 35 55 47 35 12 67 100 91 20 79 57 42 42 38 72 77 81 0 64 13 52 59 41 134 84 54 104 173 172 147 120 112 131 36
21 19 23 63 41 33 42 47 33 46 65 50 77 72 63 73 96 79 54 68 87 63 90 183 190 101 58 14 69 49 12 19 36 46 51 40 52 107 122 79 71 38 20 28 97 123 88 89 98 125 109 61 29 38 29 23 32 47 43 28 29 32 26 23 40 41 25 27 66 108 42 0 3 52 100 83 51 32 22 21 8 49 94 28 36 30 55 41 61 112 87 3 12 75 104 104 113 100 115 34
20 20 17 51 37 36 42 44 25 16 25 24 71 75 63 69 85 68 29 35 74 76 122 231 242 141 99 61 83 49 11 6 14 36 31 20 47 76 59 23 29 61 58 65 113 133 71 2 16 6 42 39 37 33 18 23 21 43 45 29 24 23 20 21 0 25 46 56 51 57 18 14 57 100 146 101 48 23 32 57 16 50 101 62 18 53 63 46 76 17 39 35 52 45 42 55 60 44 56 0
25 36 22 47 64 103 113 98 68 60 55 24 43 32 11 10 42 32 0 13 45 19 30 120 96 53 68 55 58 41 32 25 32 24 11 7 18 33 43 50 50 42 37 27 70 99 106 112 113 46 69 53 47 29 16 35 21 42 42 26 22 23 21 22 39 19 21 79 103 96 50 40 48 60 42 89 50 7 11 33 71 73 104 83 55 78 60 47 72 18 44 58 62 68 70 47 61 52 71 41
32 39 9 17 21 42 39 25 36 41 37 1 36 64 74 84 97 76 37 43 59 17 8 75 67 24 32 36 37 28 24 8 5 7 39 57 36 31 48 52 40 53 101 45 77 115 102 89 46 19 69 53 51 47 30 28 19 31 23 8 12 17 11 7 0 20 30 56 48 60 56 53 26 22 12 74 82 64 61 65 88 105 138 113 148 126 82 57 20 37 55 72 23 20 50 45 15 20 45 39
40 46 28 55 48 35 36 60 53 56 46 7 51 86 89 83 85 60 23 24 41 26 25 65 47 0 0 19 29 16 16 14 29 23 32 15 0 0 51 66 77 140 200 83 72 139 107 54 23 8 63 105 128 102 42 14 22 26 14 6 21 34 25 15 13 35 41 61 40 48 61 60 42 38 80 21 40 59 58 55 52 104 139 94 182 138 121 89 0 49 50 93 81 67 62 56 36 47 62 60
85 91 72 98 83 56 56 93 84 82 73 41 76 85 60 40 40 31 14 13 39 65 72 68 49 28 26 44 32 12 17 29 18 22 21 11 1 3 21 41 50 66 90 74 51 94 69 70 89 38 22 83 129 113 61 50 47 49 35 29 49 62 49 33 14 22 42 99 70 38 41 49 44 58 114 27 19 24 17 14 26 63 77 31 139 93 139 123 9 92 67 33 95 136 81 26 47 52 45 36
57 70 44 62 62 59 62 88 106 98 92 63 87 76 45 32 44 50 44 34 60 112 119 81 48 61 54 42 20 15 28 35 18 20 12 32 60 35 21 60 94 63 5 42 28 91 61 55 107 77 10 25 50 60 27 12 55 55 39 28 41 46 25 5 0 6 35 116 103 62 34 8 36 53 60 53 30 19 39 58 51 47 38 17 125 72 158 158 84 166 161 88 154 143 55 43 63 63 40 27
46 58 59 84 72 55 20 24 41 73 86 57 88 85 56 40 53 58 33 13 45 101 106 40 17 29 47 59 24 0 35 23 22 0 5 0 31 32 60 125 172 169 101 11 50 146 126 50 100 96 43 14 40 38 16 19 41 31 25 17 15 26 27 11 11 22 39 82 95 69 50 30 74 65 35 86 37 35 72 108 83 34 0 35 86 19 83 107 78 139 189 250 143 80 72 96 64 45 85 26
105 123 123 111 74 41 16 19 22 34 43 65 91 75 50 40 48 33 27 8 0 52 62 4 13 51 23 43 29 15 39 55 13 3 24 15 21 64 110 121 101 54 47 55 23 152 169 82 84 78 102 85 54 38 41 35 29 10 8 21 32 42 42 31 42 42 40 56 50 29 45 61 65 69 46 54 23 33 70 75 44 19 1 17 28 30 35 41 26 64 148 185 95 20 57 74 28 22 48 7
83 101 106 69 39 22 32 39 58 48 46 84 74 21 16 9 55 46 36 20 4 55 25 4 22 77 47 102 54 49 66 74 72 54 45 40 32 121 210 204 88 10 43 75 0 86 144 86 82 51 85 64 46 34 43 47 51 29 27 40 40 36 33 29 30 40 49 70 61 32 34 38 0 6 30 39 34 9 31 29 5 0 46 46 27 56 47 69 36 22 73 113 73 41 74 61 40 50 55 38
107 107 97 37 17 22 65 75 47 39 49 77 76 46 125 138 61 71 26 8 44 94 25 67 58 98 94 183 73 84 116 90 11 16 23 80 82 119 150 123 82 34 82 69 17 32 99 99 49 31 53 38 68 46 21 44 76 65 62 53 31 19 18 15 26 33 29 48 64 65 64 45 34 4 15 0 40 31 36 9 18 13 78 34 22 47 63 62 66 43 27 64 57 77 60 39 47 65 55 58
74 93 120 83 54 37 59 50 37 30 42 26 41 40 165 170 82 78 20 0 27 77 25 88 55 70 48 128 28 54 81 53 71 68 22 60 87 101 101 102 47 35 77 54 32 19 53 68 23 14 36 26 38 23 25 64 58 56 51 34 20 28 34 22 27 41 32 40 69 96 98 63 62 80 102 18 34 54 61 31 65 62 73 32 32 70 84 31 39 76 60 48 47 41 3 18 51 59 52 64
0 20 73 72 35 12 24 19 22 25 53 36 62 71 160 140 61 38 32 33 17 63 64 89 75 81 31 76 53 68 47 37 85 92 31 29 83 88 57 63 42 22 35 35 12 38 44 38 38 3 18 36 3 18 65 72 34 30 22 12 21 52 61 40 42 77 80 74 81 95 96 61 41 70 111 46 35 49 43 60 71 76 54 89 67 82 63 26 39 108 133 80 108 50 23 68 60 39 49 53
25 13 24 33 0 0 18 33 18 22 48 50 49 53 83 76 34 14 37 59 41 74 103 96 60 52 30 54 77 87 50 40 60 64 29 12 77 76 30 35 47 24 21 16 26 61 62 54 37 18 17 79 48 63 84 46 46 40 35 29 33 57 70 60 83 103 85 58 42 55 89 94 79 23 13 16 43 74 23 61 51 73 51 82 61 80 59 41 40 62 78 43 97 49 33 88 75 18 42 25
50 21 28 73 50 46 35 28 29 24 32 49 20 40 61 106 91 72 50 43 40 43 59 47 40 5 34 55 75 102 100 81 44 34 39 35 96 75 18 21 36 34 34 0 48 28 15 19 24 44 0 64 56 64 66 46 71 70 73 64 46 49 69 80 78 80 52 27 12 28 84 117 82 42 37 53 60 94 11 47 58 105 81 22 64 167 185 130 97 64 38 41 81 76 63 135 134 50 81 44
14 43 69 70 65 21 21 22 43 49 81 20 24 75 118 158 153 68 74 0 42 22 39 25 35 49 38 28 52 66 109 114 40 11 77 26 98 45 18 31 46 41 30 65 35 17 8 8 45 15 65 22 65 52 27 88 111 96 79 55 32 36 54 79 96 78 56 11 23 57 72 84 37 66 110 102 128 115 60 56 53 84 89 62 127 199 204 123 102 116 136 108 127 96 71 109 116 75 86 41
54 62 81 55 37 7 6 4 49 55 72 58 42 89 102 127 115 43 44 0 38 16 36 11 93 43 54 0 60 65 103 113 65 0 71 50 65 58 44 26 51 28 44 105 76 63 39 39 47 73 86 83 145 76 112 224 221 123 121 66 52 43 92 51 90 121 56 80 38 51 93 70 34 63 169 148 132 109 88 53 58 33 44 138 98 101 75 26 47 118 146 94 83 81 60 46 24 20 27 16
54 38 68 37 19 18 24 26 29 41 45 79 36 53 15 0 44 30 54 26 51 9 52 36 104 78 45 49 85 77 86 103 77 16 27 37 41 18 26 50 37 17 47 117 80 74 69 95 71 53 32 96 120 59 119 255 247 89 70 114 108 90 95 85 86 64 62 74 56 57 101 123 86 104 157 105 88 26 84 53 85 56 56 178 98 57 55 56 83 95 80 87 100 117 107 81 97 90 42 43
39 2 47 26 12 16 15 21 34 21 0 16 4 63 80 70 35 24 25 33 72 43 83 47 89 19 17 0 92 61 0 105 68 109 43 40 95 31 19 56 35 52 58 111 73 60 89 128 113 142 134 82 9 136 137 59 30 79 139 141 126 149 111 81 75 119 179 123 81 116 103 136 122 139 124 98 150 36 131 132 5 54 73 125 114 60 92 87 125 93 63 114 107 109 148 178 149 104 16 31
67 22 73 72 63 54 41 46 37 45 46 57 70 92 85 35 35 32 14 25 46 27 81 61 96 65 45 138 31 106 59 6 19 71 48 1 47 37 29 36 27 64 29 60 52 33 72 71 149 114 122 127 100 207 182 58 91 153 180 24 17 60 59 0 83 215 237 229 73 72 21 125 124 71 60 26 88 0 63 113 14 59 73 74 88 38 78 32 81 70 53 89 66 83 142 174 126 67 18 76
74 36 69 71 70 48 30 27 18 34 55 33 67 72 62 20 20 45 45 51 32 7 61 66 91 66 73 49 0 78 88 157 126 68 148 102 40 37 13 23 73 82 53 64 84 80 123 64 113 79 20 32 170 250 242 130 227 176 198 161 171 169 107 43 120 224 178 61 12 190 136 133 106 37 165 134 159 130 108 138 122 79 79 118 98 63 93 36 63 49 36 40 19 36 81 102 58 19 22 80
106 83 76 55 56 33 21 5 23 34 55 9 43 40 24 23 47 43 31 55 60 57 70 52 81 107 141 214 144 86 115 203 107 33 91 126 106 88 0 12 77 63 140 137 117 110 154 65 141 134 41 32 197 232 161 129 237 163 124 96 90 121 87 123 254 249 228 84 39 158 183 224 166 146 255 168 156 202 135 119 111 47 64 136 121 90 107 84 106 85 83 53 27 20 44 70 44 37 46 30
87 82 53 20 35 31 38 17 28 37 56 9 38 36 12 48 57 41 21 41 50 70 87 82 64 107 136 25 50 109 245 255 195 175 35 74 197 205 50 38 61 55 255 254 162 124 156 58 112 143 137 173 252 241 77 157 255 215 199 149 220 183 131 200 234 200 166 220 157 153 214 244 138 216 254 115 116 191 114 50 95 51 47 54 67 34 64 97 134 99 93 62 103 131 105 67 90 112 108 19
26 27 19 32 37 28 32 24 31 31 38 16 55 33 22 109 110 29 56 54 5 61 74 135 97 73 59 146 210 78 243 204 146 255 223 165 255 209 80 143 124 51 145 206 132 122 125 117 122 142 116 255 247 249 108 200 245 213 174 240 244 255 239 245 255 241 249 237 185 106 203 242 111 226 191 112 74 185 119 46 96 67 73 29 26 5 53 59 120 64 57 27 143 212 168 87 89 119 130 49
55 52 34 34 28 16 25 22 14 20 34 32 62 35 50 137 85 46 90 56 3 39 53 114 73 83 50 159 237 120 221 255 190 220 254 255 234 177 138 135 155 157 79 64 89 157 95 205 246 240 129 248 243 255 170 194 141 76 64 234 235 219 239 255 230 243 255 255 117 0 102 255 195 176 67 46 62 90 69 27 41 46 42 63 51 14 56 35 66 55 47 0 99 151 118 81 62 93 93 39
32 43 41 48 38 18 22 18 52 42 39 56 73 25 51 108 31 14 57 17 28 67 52 64 2 47 151 246 127 94 246 252 255 244 227 217 238 207 159 68 103 248 169 207 242 255 69 248 242 254 149 246 234 255 250 230 230 173 242 254 72 130 228 238 255 251 203 255 154 107 62 137 96 85 20 61 21 21 65 19 57 98 24 65 81 36 48 19 69 49 86 52 34 5 17 46 24 59 46 37
50 55 44 43 35 34 64 80 62 30 13 67 100 49 78 96 66 61 90 41 110 144 96 58 25 137 214 255 228 229 247 246 200 254 255 169 244 212 198 226 153 206 91 214 234 242 88 239 248 252 228 255 237 235 255 237 235 248 232 255 220 226 255 240 224 247 243 81 0 74 37 106 39 62 72 163 39 57 110 60 87 134 19 37 94 46 31 32 47 123 113 13 70 129 88 26 55 88 62 85
68 74 62 61 54 54 88 107 92 53 35 107 149 98 125 125 97 125 151 66 106 109 73 54 43 91 213 245 218 242 255 246 255 248 255 214 255 204 127 225 243 215 111 253 248 255 205 251 255 208 255 242 247 247 253 252 255 233 249 211 238 252 228 233 255 255 69 120 45 74 67 114 107 44 28 130 75 51 42 54 64 66 29 53 78 17 29 77 43 0 22 68 129 156 114 26 26 48 10 27
28 42 44 54 49 40 56 61 73 42 26 79 102 39 57 63 40 89 116 21 29 22 24 50 55 40 89 64 143 218 254 236 253 231 249 255 247 211 55 169 241 251 199 255 215 239 250 246 232 173 253 227 254 255 239 255 237 210 239 252 254 255 255 126 6 51 107 45 74 79 81 101 131 58 30 75 149 60 0 77 73 10 64 112 54 0 50 120 62 55 52 58 81 86 75 63 66 84 51 31
17 18 4 7 7 8 33 44 44 22 14 51 73 17 29 50 16 53 74 10 24 28 47 92 99 86 72 0 121 188 223 255 251 248 253 248 244 255 109 173 255 255 250 254 233 255 255 239 255 238 255 251 254 238 211 237 239 179 201 236 239 175 53 29 70 49 65 17 39 85 34 52 72 81 82 64 167 90 29 82 90 25 65 125 62 37 67 100 66 86 162 189 129 116 106 25 63 95 97 48
27 28 16 22 22 17 33 36 45 22 16 46 80 37 42 70 33 57 72 29 44 46 61 106 104 80 89 36 112 102 136 233 254 225 255 229 227 255 231 255 250 206 244 255 243 255 234 252 246 255 199 234 245 247 240 255 213 122 127 255 255 192 81 73 91 49 7 53 13 107 14 83 86 109 100 73 136 118 70 55 57 43 21 86 93 112 66 42 11 43 135 183 109 65 63 24 28 80 122 63
28 31 21 47 38 52 44 57 49 39 0 11 51 6 32 48 8 31 42 15 44 22 3 26 40 35 60 46 18 36 120 252 253 255 212 247 237 255 216 248 245 233 255 214 255 255 209 255 243 212 121 75 199 238 200 178 88 9 51 74 54 63 85 42 38 85 137 68 2 79 14 130 97 90 23 98 86 130 104 25 33 51 0 124 107 103 41 31 84 105 180 107 49 22 53 42 32 93 122 104
48 55 72 31 50 39 42 32 18 22 14 31 58 23 41 53 15 39 51 32 74 65 33 32 41 20 63 74 17 66 170 232 252 255 255 247 255 188 164 255 229 255 247 255 255 196 249 255 207 162 115 179 215 251 255 210 141 153 126 168 175 152 74 73 193 159 56 46 8 65 38 104 49 32 18 84 82 77 75 46 53 52 34 121 102 87 21 57 126 146 255 243 112 93 143 118 88 111 93 79
17 13 33 0 24 29 50 70 70 36 22 26 31 2 14 37 9 16 27 25 61 52 38 65 70 31 41 78 35 71 92 37 45 160 255 201 252 253 248 237 233 228 238 248 237 94 247 247 127 26 172 86 92 63 73 71 57 44 36 83 106 188 154 47 37 121 85 38 16 89 92 48 37 13 34 52 57 23 32 34 21 50 83 96 90 96 36 75 85 43 135 196 83 42 90 130 101 107 120 69
87 61 45 40 42 52 35 95 136 55 21 22 17 0 0 26 24 33 36 24 45 53 51 81 58 86 79 92 49 75 127 141 144 193 230 255 226 142 255 241 216 134 248 227 240 82 215 227 78 115 0 66 40 84 127 87 50 69 88 91 167 56 1 102 106 48 56 19 64 58 36 21 8 2 32 6 30 34 44 50 41 79 116 89 109 125 117 159 78 51 43 94 147 164 126 107 114 52 6 48
22 13 13 51 47 57 25 71 93 46 28 36 36 37 28 36 37 64 66 37 39 64 56 63 60 68 44 76 82 79 65 38 104 202 197 218 117 3 194 171 110 49 237 246 255 148 151 120 42 117 99 52 29 39 85 108 56 57 117 35 119 102 56 32 26 31 101 33 56 63 60 60 100 108 108 42 32 35 12 16 39 59 84 87 113 63 84 114 88 132 106 93 166 152 70 20 21 39 77 33
17 37 62 47 50 44 58 46 26 47 37 32 29 53 49 35 34 41 54 55 26 20 37 103 157 117 71 48 33 25 37 30 30 129 255 243 159 50 53 89 59 51 129 158 148 105 62 16 26 63 100 56 24 17 31 34 40 43 89 17 65 113 108 107 105 99 62 54 46 44 51 69 106 132 129 80 59 46 13 41 86 116 121 105 104 21 50 21 41 105 115 96 113 96 88 81 109 40 0 60
35 82 117 48 48 50 148 111 41 78 38 25 19 35 39 27 38 16 29 63 33 15 41 139 215 178 119 53 82 58 33 36 30 77 237 237 156 120 16 87 82 78 26 45 35 14 16 26 69 85 61 53 23 31 53 32 5 34 70 59 75 107 125 120 130 136 49 78 63 38 24 29 46 84 84 52 54 28 4 33 131 170 163 101 75 29 82 22 88 117 71 50 75 130 127 77 68 44 40 41
25 91 126 54 33 48 192 163 90 106 34 42 43 34 34 35 32 15 12 37 43 69 58 79 94 107 65 33 190 153 25 4 49 62 59 204 66 31 47 114 32 49 39 97 128 31 12 43 52 120 63 74 51 55 59 33 14 37 69 69 58 88 135 27 37 69 28 44 61 40 15 10 23 67 60 21 52 27 11 18 94 136 178 150 124 74 118 62 112 99 18 61 90 104 60 52 65 108 92 48
31 37 62 35 18 29 96 124 86 58 50 51 50 20 34 32 41 33 14 29 21 20 12 37 24 17 22 58 125 125 50 17 39 38 15 85 21 40 6 41 19 75 27 54 143 72 93 47 29 109 93 25 41 52 74 46 26 41 73 74 50 60 71 45 62 59 21 0 22 42 27 11 45 74 105 27 59 58 29 9 51 85 121 148 139 67 110 67 93 99 27 96 88 37 26 77 117 117 105 24
30 28 36 40 14 3 17 41 40 6 15 23 33 19 32 37 18 35 36 49 9 12 17 48 44 37 40 33 39 49 35 35 0 35 58 83 31 52 39 28 50 82 22 52 92 127 137 135 94 88 78 69 57 47 65 63 59 32 54 72 19 0 44 116 141 95 34 15 31 25 14 27 39 59 79 43 76 74 48 19 19 46 70 29 62 36 17 85 72 125 65 50 61 91 76 47 61 99 107 58
27 25 24 64 48 27 7 40 59 9 28 33 55 56 38 20 46 65 72 97 57 84 82 86 40 47 91 75 15 4 13 13 26 57 74 25 0 69 121 83 45 83 64 50 17 66 63 107 152 45 41 96 90 79 87 99 103 69 40 16 10 50 87 85 76 79 60 46 53 47 39 49 58 55 33 21 25 24 30 18 0 17 52 38 103 97 23 88 16 34 26 21 19 6 6 35 28 43 53 97
18 31 47 91 90 58 39 78 84 28 46 25 43 68 39 3 35 45 47 80 54 104 89 58 52 52 127 129 37 8 24 20 10 38 74 41 36 106 140 62 0 21 38 23 59 68 42 61 63 28 106 128 60 12 58 133 114 48 4 6 20 30 25 8 35 62 67 64 72 61 40 37 64 62 24 41 13 2 33 39 7 24 37 69 81 66 53 40 3 8 35 20 39 41 26 25 36 41 43 125
17 42 73 78 73 26 32 73 73 54 90 30 0 23 33 22 22 33 35 57 40 94 79 34 45 47 151 185 93 47 57 54 41 35 43 31 15 81 115 68 42 63 64 58 130 75 30 29 45 35 95 87 84 51 48 58 69 38 44 70 53 15 25 68 82 55 33 58 91 72 39 42 63 71 41 86 51 17 27 23 37 64 72 93 44 24 75 48 54 94 153 94 79 85 68 33 0 48 60 94
38 50 69 41 23 0 37 89 105 144 218 139 28 1 33 45 5 7 3 12 30 83 70 16 4 16 121 163 90 45 51 58 36 36 54 71 32 54 63 46 29 71 62 92 128 69 24 34 21 36 62 46 69 68 73 80 33 33 31 34 45 57 61 61 55 45 33 57 100 93 54 36 66 62 19 60 52 31 34 30 41 74 95 64 34 25 43 44 41 86 166 118 58 32 41 42 11 47 77 100
46 42 53 45 18 8 57 109 115 166 254 208 79 4 31 37 22 24 19 9 51 93 91 46 11 10 62 71 30 19 33 48 28 35 57 72 36 33 39 42 39 45 33 68 70 52 18 9 25 29 20 52 37 35 53 95 96 50 8 16 48 52 30 15 36 60 57 53 78 80 38 0 45 43 6 34 58 58 66 75 100 117 124 44 36 38 40 43 0 16 64 46 30 59 76 40 20 15 59 84
27 26 49 86 47 35 46 78 50 70 144 147 61 0 20 15 35 60 69 31 56 73 94 79 49 50 76 73 60 60 46 35 15 19 35 33 19 17 35 41 45 36 64 53 10 17 53 68 92 64 31 121 53 14 1 46 75 69 50 30 19 8 10 28 86 65 27 23 54 53 23 11 23 48 42 60 81 56 33 35 82 115 141 69 47 38 73 47 18 1 24 42 33 57 88 70 20 28 85 63
39 41 49 88 74 48 61 50 21 0 57 42 33 56 49 27 57 71 73 14 30 11 56 55 59 105 94 63 63 65 63 45 22 39 50 20 49 40 33 49 45 26 47 43 6 39 103 109 132 130 53 53 60 46 21 31 29 42 53 8 43 63 49 38 70 66 37 54 39 39 37 14 28 47 52 34 27 45 37 20 36 54 61 106 94 65 38 46 38 36 32 22 49 89 83 65 37 21 64 66
49 53 53 52 48 26 42 55 23 10 34 51 51 91 91 51 34 42 17 38 82 14 28 47 47 80 59 62 43 41 35 46 46 35 46 47 73 40 27 63 28 0 23 51 36 55 92 87 126 121 37 19 45 77 62 40 64 34 14 0 82 119 75 28 31 63 76 100 57 30 30 29 7 28 50 39 41 88 115 114 62 56 68 102 98 68 32 36 83 66 42 47 69 63 46 39 54 42 48 49
41 54 55 15 38 18 19 49 40 17 5 50 54 81 82 42 14 39 27 84 84 34 63 60 25 58 48 83 41 29 22 59 52 26 27 34 53 18 0 35 46 7 15 35 32 52 63 29 58 59 21 18 19 30 40 52 75 79 73 50 90 100 55 14 74 91 101 122 70 32 26 35 4 3 44 43 30 55 83 89 52 64 102 80 61 53 47 65 137 132 79 71 71 30 22 30 82 84 50 61
52 69 74 23 85 76 60 89 59 13 9 42 48 43 41 27 10 40 58 84 27 92 142 57 23 47 44 83 60 53 42 53 47 32 24 11 24 21 4 13 46 22 19 24 45 106 132 92 15 28 34 35 16 9 34 66 96 97 62 17 41 91 131 159 98 70 58 96 84 63 34 25 45 5 50 55 30 19 29 36 40 49 81 28 51 85 55 21 49 89 45 39 51 36 74 106 50 74 22 46
73 71 52 0 62 68 55 76 49 11 52 32 48 39 39 38 42 40 47 51 18 159 157 32 20 22 11 35 68 99 108 83 39 33 25 12 22 41 21 14 78 51 35 23 27 68 90 65 30 35 30 14 37 71 72 51 76 93 89 86 75 65 97 158 132 63 18 41 42 44 25 29 59 9 55 50 46 51 57 52 39 49 78 45 98 121 48 0 21 63 24 22 33 12 43 73 28 65 13 31
174 150 94 14 40 40 41 54 21 13 80 19 44 48 49 35 55 38 15 26 31 127 65 5 57 49 28 18 37 76 122 112 54 37 33 41 42 53 27 24 72 35 32 53 51 50 64 71 55 35 26 25 88 114 81 43 51 52 50 92 77 35 62 147 140 92 66 66 30 21 15 49 43 19 77 52 69 90 79 50 44 51 63 73 131 111 33 24 32 40 17 47 73 44 43 59 23 57 18 6
169 163 121 63 31 12 29 30 8 14 58 21 47 42 40 15 32 31 1 19 6 46 8 9 106 87 50 38 2 12 54 74 72 46 40 59 54 67 44 47 61 20 23 60 58 31 33 53 72 60 66 64 115 105 66 63 88 65 18 59 71 51 46 76 69 82 128 145 82 41 16 51 48 33 99 68 86 85 55 36 55 45 6 51 130 95 9 25 61 44 29 52 79 67 48 47 66 96 81 36
48 82 92 84 29 3 32 26 15 12 23 40 64 38 32 11 36 44 22 40 0 41 66 58 77 36 0 33 0 9 24 48 47 26 17 31 28 63 52 55 93 55 52 76 73 50 48 60 71 96 100 46 76 77 54 59 96 123 78 70 54 56 57 62 64 83 135 142 70 27 3 42 49 14 77 54 72 45 22 45 44 79 37 76 125 72 0 40 51 34 21 10 26 49 38 26 81 109 118 55
3 29 88 117 45 8 55 34 41 31 4 39 38 45 50 36 42 71 90 44 32 57 54 44 30 10 79 13 31 54 50 31 3 0 41 49 35 77 54 85 98 40 59 105 111 97 66 45 41 69 86 7 31 63 38 8 33 66 113 124 89 40 37 88 86 71 83 72 31 37 19 72 83 29 81 67 35 23 36 59 80 85 62 100 105 62 26 48 69 65 80 48 76 100 36 20 69 96 59 28
73 68 59 89 39 39 65 44 58 51 10 31 27 59 73 67 44 71 112 85 65 52 4 0 43 57 151 25 45 63 69 22 12 4 50 73 51 79 61 57 68 10 36 98 124 117 76 40 48 59 75 56 55 35 15 28 17 41 87 122 100 36 32 101 95 49 41 44 28 39 28 84 98 47 75 64 24 28 56 73 48 77 94 98 44 49 70 58 50 80 97 126 122 158 58 47 90 43 10 37
71 57 4 44 24 45 43 23 47 50 5 17 8 60 76 85 34 52 109 89 56 32 0 49 73 48 100 70 50 60 20 37 10 77 77 29 9 49 59 59 57 10 15 32 45 71 62 33 65 124 129 101 44 25 39 65 71 92 92 90 81 47 49 98 90 30 22 46 49 40 7 39 77 50 72 81 25 32 73 87 28 31 73 112 57 68 71 0 8 47 80 90 121 143 68 27 115 41 35 109
102 99 34 53 49 55 43 31 19 33 3 21 6 52 62 92 116 32 20 30 73 93 14 54 8 29 43 28 0 81 41 57 21 67 0 0 57 30 0 54 68 18 2 3 43 106 80 4 51 147 145 131 58 52 62 53 70 73 34 20 32 22 34 72 75 26 21 46 59 49 18 30 25 33 39 41 0 29 54 20 50 43 35 57 49 91 96 38 0 19 55 67 99 84 58 54 51 60 100 136
144 136 59 35 38 20 17 12 11 26 16 37 22 45 52 105 129 76 85 77 56 54 0 71 50 80 97 67 29 52 36 56 20 102 42 8 68 50 47 95 89 77 90 65 34 46 34 0 36 85 79 151 118 90 61 30 55 39 7 35 54 25 46 96 95 67 55 47 51 49 43 50 57 70 57 49 28 76 68 0 19 113 107 88 100 118 70 19 35 54 50 120 89 60 45 115 169 136 58 0
142 137 67 39 54 32 33 25 21 26 26 31 28 33 42 105 135 106 121 109 55 55 7 54 82 131 70 46 9 86 103 111 95 58 14 30 59 26 40 57 55 41 81 93 60 45 39 38 43 45 24 104 85 65 54 43 60 61 30 33 27 7 31 41 62 79 97 83 78 62 54 39 38 27 43 77 69 44 17 19 91 151 92 69 111 116 51 27 66 70 21 43 39 28 24 39 53 80 64 17
76 93 42 44 54 49 47 43 38 37 38 16 29 27 37 90 112 88 88 83 37 75 46 47 48 75 0 113 74 72 28 40 50 67 90 56 28 31 62 25 16 48 134 150 84 45 50 72 47 47 27 58 21 20 40 50 92 108 64 29 19 46 70 9 0 40 91 93 93 64 54 27 12 0 35 66 79 30 3 59 129 102 30 51 101 119 85 66 114 112 44 22 74 77 75 11 7 30 54 44
46 80 31 48 33 45 46 57 58 55 58 14 41 38 44 81 75 62 56 55 11 73 63 39 14 69 10 89 88 58 49 16 25 55 74 23 20 50 90 76 38 65 125 118 74 81 101 105 60 55 63 103 65 41 41 49 86 84 45 46 70 121 144 56 12 43 72 56 48 17 21 4 32 42 50 0 51 84 58 68 116 94 68 79 65 99 112 75 86 97 27 83 104 106 75 39 25 31 61 34
65 121 35 73 73 63 71 48 55 47 46 36 71 18 22 45 27 52 86 47 23 92 58 38 23 65 17 4 56 49 86 69 63 0 26 36 18 94 144 95 43 53 77 74 52 86 117 100 53 29 77 138 94 72 57 66 83 66 39 95 87 176 196 98 10 53 87 37 33 14 12 20 38 72 64 20 59 42 44 113 165 133 122 100 54 98 100 82 55 49 27 43 47 37 64 73 68 73 109 8
96 145 45 63 101 80 65 76 46 33 40 40 84 23 33 54 46 74 58 43 63 62 33 129 78 78 44 71 89 8 12 10 71 17 51 84 87 139 145 80 89 104 90 20 97 82 108 122 66 20 57 90 65 70 58 49 98 109 55 102 41 124 180 68 6 46 72 38 32 27 17 23 21 40 50 33 56 19 24 103 130 107 103 107 70 94 93 62 27 43 43 38 44 40 77 79 104 109 127 60
82 143 78 35 39 30 33 50 55 38 47 49 107 53 90 113 35 114 81 32 28 10 37 179 187 123 58 83 77 0 26 55 58 13 29 37 25 47 49 19 35 123 153 55 115 71 100 131 87 14 34 26 24 65 65 40 52 133 119 75 19 75 128 52 13 41 49 34 24 42 22 25 30 20 29 32 52 24 16 58 29 30 50 111 100 96 91 33 32 71 86 52 26 11 51 62 60 56 39 14
69 84 71 37 22 36 49 25 34 24 33 24 78 31 85 96 62 155 153 92 33 28 98 168 137 95 59 83 65 12 26 21 58 26 29 23 8 15 25 36 51 48 40 28 62 87 114 125 43 21 91 59 26 40 47 37 98 167 176 28 88 114 78 26 33 42 26 22 7 48 24 27 63 35 27 17 24 32 31 42 66 50 33 87 80 63 80 17 73 72 71 95 105 101 76 53 50 47 10 33
82 46 22 32 73 101 84 43 37 45 50 40 81 48 107 101 29 82 94 77 33 11 61 75 90 79 56 54 21 20 68 74 30 8 16 24 26 21 8 17 31 15 44 100 48 6 0 28 34 6 51 22 3 11 21 24 60 120 162 40 91 71 47 60 58 53 23 22 0 54 37 42 83 51 47 38 20 36 53 74 84 81 74 132 130 100 114 33 37 26 40 126 139 126 56 41 52 56 22 71
93 124 56 11 55 89 70 73 84 79 48 32 47 25 85 77 10 69 62 37 45 26 55 82 108 128 137 138 82 70 105 123 45 25 27 25 24 25 29 56 54 32 20 48 85 67 37 34 16 6 55 102 119 82 41 29 33 32 53 94 93 56 65 58 80 76 57 52 17 65 60 72 81 39 52 94 84 77 61 74 90 88 71 84 67 46 80 9 29 34 67 130 105 81 42 75 86 82 38 62
97 175 104 51 46 53 45 85 146 113 42 35 24 0 39 31 9 86 76 19 49 52 74 107 137 149 141 137 87 80 97 119 73 44 32 15 11 37 74 120 101 87 46 36 114 118 72 39 13 27 55 135 137 61 41 89 66 50 71 143 73 28 67 78 81 94 104 92 38 63 67 84 73 26 37 101 110 101 52 40 26 60 88 90 69 58 96 29 40 22 39 47 56 55 45 61 93 81 33 17
81 91 49 114 106 62 33 67 108 70 5 44 39 7 35 27 0 39 47 13 46 42 43 54 70 66 36 40 39 82 110 130 115 67 40 24 28 54 69 85 95 80 70 100 115 82 40 45 63 41 9 113 139 53 16 64 92 42 47 50 22 14 37 64 66 96 129 111 42 45 53 72 65 31 24 55 57 71 37 29 27 71 107 79 42 41 91 38 55 46 74 23 43 39 47 40 65 61 35 6
56 52 26 84 103 76 66 8 10 20 26 51 23 29 48 49 25 10 18 65 33 15 15 6 29 11 12 76 75 62 70 91 91 59 63 85 68 39 23 12 28 54 50 58 105 119 85 61 32 13 19 129 97 68 16 42 33 38 4 12 17 30 26 21 33 46 94 100 59 67 49 61 65 12 48 0 28 51 50 31 29 52 55 25 17 18 68 30 78 70 42 32 47 41 19 16 51 84 89 137
43 38 21 53 65 60 71 43 11 15 24 63 43 44 55 53 33 26 37 73 25 5 21 30 26 50 87 143 103 53 37 48 59 45 71 98 73 36 21 16 26 23 13 35 92 117 88 56 26 27 69 0 36 58 77 27 62 65 26 34 48 69 58 39 3 37 82 79 56 77 44 39 59 10 35 48 47 46 35 50 41 46 54 92 120 115 107 35 88 62 28 35 64 50 12 0 44 83 99 159
57 56 62 60 62 76 104 107 53 39 36 78 58 48 49 45 46 34 36 63 12 0 21 37 16 47 71 100 50 21 38 67 30 36 81 109 73 31 28 35 53 41 38 39 36 32 25 13 18 40 99 33 58 100 75 17 10 34 12 26 47 83 85 70 89 113 100 43 24 68 43 46 101 69 61 107 54 32 13 42 62 42 20 72 85 90 88 48 108 79 53 72 104 81 35 22 34 56 51 98
32 37 69 44 39 59 84 102 81 43 19 56 35 18 16 15 84 53 37 65 27 19 39 45 32 53 58 71 29 19 39 57 26 38 85 109 66 29 41 64 29 29 58 65 26 16 50 74 119 96 56 49 4 55 30 44 35 79 63 46 24 37 39 32 115 150 127 61 52 92 54 60 109 106 78 115 50 44 45 59 63 51 18 65 41 45 48 33 61 56 45 59 78 54 17 10 44 47 15 43
