30 33 32 23 11 6 11 18 22 17 18 21 14 3 6 18 15 4 12 23 13 9 25 42 35 21 13 16 17 11 10 16 32 15 26 64 75 52 38 46 19 26 29 24 21 19 13 5 0 0 3 6 7 7 6 5 10 7 8 11 10 5 4 6 12 19 24 20 17 17 16 14 16 37 46 34 21 18 13 4 16 15 16 19 22 21 16 11 9 31 33 26 26 10 0 13 22 24 25 26
30 35 38 34 26 19 18 20 24 17 15 17 13 7 12 24 25 18 17 11 0 9 31 42 29 23 22 25 18 8 7 16 12 3 20 60 76 54 31 25 3 18 30 31 25 19 11 4 0 1 3 5 7 8 8 8 6 4 2 2 6 13 21 25 24 21 19 18 17 15 12 9 19 27 28 22 20 23 21 14 12 8 9 18 28 28 16 3 8 35 33 14 10 6 2 9 30 26 19 13
18 25 34 39 37 31 23 19 18 12 12 17 18 14 16 23 29 26 23 9 0 14 37 41 22 25 31 32 19 4 4 14 11 1 6 31 48 41 26 17 6 21 33 32 22 12 6 2 3 3 4 5 7 9 11 12 12 13 8 1 7 25 38 42 37 24 16 20 22 15 9 9 15 11 9 14 23 28 24 18 10 5 6 18 31 33 19 4 0 25 29 12 12 19 16 13 33 29 23 18
2 11 24 35 39 34 24 16 8 7 12 22 26 22 18 18 23 21 24 20 11 19 34 36 15 21 28 29 17 3 3 10 19 11 6 13 23 28 25 20 14 19 21 17 9 5 4 6 6 6 5 5 7 10 13 15 20 25 18 4 7 24 34 32 30 15 11 20 22 11 5 9 6 0 2 15 26 25 17 12 8 6 6 12 20 24 22 19 10 19 16 6 12 26 30 27 8 11 16 22
5 12 23 34 38 34 24 16 10 11 17 25 30 28 24 23 22 12 18 27 17 11 20 28 12 15 19 19 13 5 4 7 13 15 16 16 19 24 24 21 16 11 7 6 7 7 8 9 10 8 7 6 8 10 14 16 17 24 20 7 5 15 16 8 11 3 5 18 19 7 3 9 5 3 7 15 18 13 9 9 9 13 14 10 6 12 27 40 53 27 6 2 9 23 35 39 2 8 17 26
18 23 31 37 38 33 23 16 19 21 25 29 30 31 31 31 28 10 13 22 11 0 8 19 12 13 14 14 12 8 5 4 7 9 9 6 7 15 23 28 27 20 16 18 19 14 8 5 12 10 9 8 8 10 12 14 13 19 20 14 12 15 12 5 8 6 11 22 24 17 13 15 13 16 16 11 5 3 8 12 19 25 27 21 13 18 37 54 54 22 12 24 32 37 41 37 12 13 16 18
15 21 28 33 31 25 17 11 16 24 34 37 36 32 28 25 25 14 16 19 7 3 8 10 13 16 18 17 14 10 6 3 9 6 4 5 8 14 22 29 28 24 22 25 23 14 7 6 13 12 10 9 9 9 10 11 12 14 17 19 20 21 21 20 18 17 18 24 29 29 24 18 17 26 26 13 3 5 11 13 22 26 30 31 30 32 37 41 24 8 14 31 36 41 39 22 5 4 3 2
0 8 17 23 21 15 8 4 4 21 40 48 43 32 20 11 15 17 24 22 12 15 16 5 13 20 26 24 17 11 6 3 7 9 18 32 37 30 20 15 7 5 8 13 13 9 11 19 13 12 11 10 9 8 8 8 11 8 10 17 21 21 25 30 24 20 15 17 26 32 24 11 13 29 34 20 10 13 13 8 12 13 18 29 37 36 25 14 16 3 5 4 0 17 27 8 10 12 14 16
6 0 5 21 24 12 6 9 4 15 30 38 36 26 16 10 18 18 24 11 14 30 15 6 26 26 24 20 17 15 12 9 9 15 23 27 26 22 22 24 26 35 33 19 10 13 15 11 9 9 8 6 5 7 12 16 15 23 2 16 12 25 27 21 19 10 3 5 14 17 11 3 5 15 24 24 19 16 13 11 9 10 10 13 21 26 16 1 9 16 17 11 9 11 9 4 11 4 3 9
11 14 18 21 23 21 16 10 4 14 22 24 25 26 25 21 24 15 15 5 12 28 15 10 21 26 27 24 24 23 16 6 0 8 24 40 40 26 12 7 33 40 37 21 10 8 6 0 6 7 8 7 8 10 15 18 16 31 20 39 29 28 19 8 4 0 0 2 13 19 17 13 10 23 30 23 14 10 6 2 9 10 9 8 14 21 19 11 1 8 16 20 21 18 11 5 22 14 10 13
17 26 26 20 24 32 27 13 8 17 18 10 12 26 33 29 22 8 12 10 19 30 16 14 20 26 25 20 24 32 26 12 16 21 40 61 60 38 20 15 18 25 24 14 6 7 6 2 6 7 8 8 8 9 12 14 13 32 30 55 42 34 23 13 13 10 9 12 17 20 19 17 10 26 33 22 12 14 15 12 12 17 20 19 19 22 22 20 18 12 9 10 11 10 10 12 34 28 22 22
22 23 19 18 28 39 33 17 12 23 21 8 10 29 36 28 14 6 19 24 30 31 15 17 22 25 19 10 19 36 36 23 19 17 28 42 36 17 10 17 8 13 13 7 5 9 12 12 8 9 10 8 6 5 5 6 10 26 21 45 29 20 15 14 8 7 7 7 7 6 5 3 14 28 31 17 8 14 22 23 21 29 36 35 29 22 19 18 28 16 8 10 13 13 15 19 33 31 29 29
25 13 5 15 31 37 30 20 10 23 25 16 19 35 36 24 14 12 29 29 24 20 8 17 17 20 16 11 21 36 36 25 14 13 17 20 10 0 1 18 21 20 16 9 7 10 14 15 10 11 12 10 7 6 6 7 15 26 18 41 21 6 0 4 6 8 11 14 16 17 18 19 25 31 27 12 3 8 19 25 39 42 44 40 29 20 16 17 19 15 17 27 34 31 23 17 15 19 23 25
24 11 5 14 28 31 25 19 5 17 24 23 28 38 34 22 22 22 33 19 6 7 4 17 12 15 19 24 30 33 26 15 15 20 25 23 13 5 10 20 19 17 12 8 7 9 13 15 10 11 12 11 10 10 13 15 22 34 32 65 47 26 14 17 22 24 27 31 35 37 37 37 29 25 20 15 12 15 28 42 60 52 42 34 27 23 26 32 30 26 21 21 27 30 22 10 0 6 13 16
22 24 22 17 19 24 21 13 6 13 20 25 30 32 26 17 22 24 32 11 0 9 8 17 18 18 25 34 35 25 14 9 8 17 22 19 15 14 12 8 6 4 4 5 8 9 11 13 9 10 9 8 8 9 13 16 19 32 37 79 66 41 25 25 20 20 21 24 27 28 26 23 23 11 9 19 24 23 35 54 59 43 28 24 26 29 35 42 43 37 22 8 14 29 28 13 1 10 16 15
21 40 41 21 12 21 20 8 12 13 17 23 26 23 16 11 12 20 30 12 7 21 16 18 30 24 27 36 32 16 8 11 15 22 24 20 23 29 22 8 6 5 6 10 12 10 8 7 10 9 7 4 3 4 7 11 11 20 23 65 51 24 5 4 15 14 15 20 26 28 26 22 19 2 0 18 24 16 22 41 39 22 10 13 23 28 32 36 29 33 26 17 29 50 46 24 14 22 26 22
39 28 20 24 31 32 30 27 21 27 29 23 17 16 15 12 19 17 14 15 19 23 26 27 34 30 30 31 25 13 7 9 13 18 12 3 9 24 26 15 17 20 21 18 12 7 6 6 11 13 11 4 2 6 8 7 16 8 12 23 20 4 0 5 10 20 26 24 21 22 23 22 15 25 16 3 13 27 30 31 23 13 4 5 11 16 16 15 16 17 16 19 26 33 30 22 19 14 16 26
40 29 21 21 24 22 20 19 21 16 12 11 13 14 13 12 20 19 17 17 19 23 28 32 28 27 29 28 21 11 9 13 26 24 18 15 22 30 28 19 20 21 21 18 12 7 5 5 8 12 13 11 11 15 17 15 16 10 14 26 23 7 1 7 14 16 19 19 18 16 17 18 24 30 20 13 32 52 55 52 23 13 6 9 18 23 20 15 8 15 23 26 27 25 17 8 10 8 14 25
29 22 16 15 14 11 11 13 19 8 4 12 18 15 12 13 15 14 14 13 15 20 28 33 26 26 26 23 15 8 8 14 18 17 16 20 29 37 34 26 14 15 16 14 10 7 6 6 7 11 14 14 16 20 20 17 15 12 18 29 26 11 5 11 12 6 6 13 14 7 4 8 15 33 42 56 85 97 78 58 30 21 13 16 24 28 22 13 10 23 36 39 35 27 16 6 8 9 17 28
12 9 8 10 10 9 12 18 19 14 18 29 27 14 12 21 22 18 14 15 20 27 32 34 28 25 21 16 12 8 8 10 10 22 27 22 27 38 36 24 3 4 6 6 7 7 8 8 10 13 13 11 12 15 14 9 12 12 19 29 26 13 8 12 10 1 5 20 24 12 3 4 4 30 51 69 93 91 57 27 20 17 12 12 18 24 23 17 18 27 35 37 35 31 23 15 11 13 19 25
6 5 9 13 14 14 19 25 25 28 36 39 23 6 13 34 47 37 28 28 35 40 39 35 27 21 14 10 12 14 13 10 19 46 51 29 22 36 34 14 2 2 2 4 6 7 8 9 14 14 10 5 7 11 11 7 8 11 19 26 22 11 7 11 14 8 17 37 43 28 14 11 12 31 34 32 42 40 18 0 6 7 5 1 5 15 20 19 16 16 15 15 20 26 25 19 14 15 16 15
13 13 17 23 24 21 22 26 30 34 38 30 10 0 16 40 57 47 37 34 36 37 32 25 22 18 12 9 12 19 19 16 19 46 50 27 19 34 33 14 10 8 6 6 7 8 8 7 15 13 8 5 8 15 15 12 7 10 18 22 17 8 6 10 15 13 22 39 45 34 20 14 19 35 34 24 29 32 22 15 19 20 13 3 3 10 13 10 10 7 2 2 11 23 25 21 20 22 20 14
21 20 23 30 30 25 20 20 22 27 28 20 8 6 17 29 39 35 30 26 23 20 17 15 19 23 20 13 10 15 19 18 17 26 27 19 19 27 27 19 13 10 7 6 8 9 8 6 14 13 10 8 13 19 18 13 7 11 18 19 12 5 5 10 15 16 20 25 28 26 20 14 20 40 44 40 47 49 38 28 30 27 17 8 11 20 16 4 6 8 10 12 18 26 26 22 23 27 27 20
21 20 23 30 31 24 17 14 11 16 19 17 17 19 17 12 17 21 23 20 13 9 11 15 21 30 31 19 7 7 13 17 29 18 13 19 23 20 16 17 10 6 3 4 7 9 9 8 13 13 12 11 16 20 16 9 8 13 18 17 10 4 5 10 21 23 20 15 16 21 22 18 26 41 40 32 37 38 24 13 13 9 2 2 18 35 29 12 1 12 22 26 27 28 24 20 17 24 26 21
13 12 23 39 35 16 6 9 2 6 13 22 32 36 27 15 9 15 25 31 25 16 16 24 27 35 31 11 0 9 27 38 33 40 37 22 13 15 16 10 16 9 5 6 7 7 9 13 12 13 14 16 19 20 16 10 7 12 19 20 11 2 4 11 17 20 19 17 22 28 22 10 13 21 19 10 13 26 25 12 15 13 5 4 22 41 33 10 7 20 29 29 25 20 12 3 3 11 20 24
8 9 16 25 22 11 6 9 14 19 22 19 17 15 11 5 8 10 18 26 27 22 21 25 16 25 29 23 18 24 36 45 62 51 37 25 16 10 9 11 18 11 6 7 8 7 9 12 10 11 13 17 21 22 19 15 9 12 17 18 12 4 4 10 17 21 18 13 16 25 24 16 12 21 22 16 20 32 31 19 32 29 19 15 30 47 38 16 2 12 21 23 25 26 22 14 11 15 19 21
3 8 15 17 14 8 4 3 16 23 24 15 6 5 10 13 9 5 3 6 10 11 15 19 28 24 19 16 16 23 40 56 51 33 21 23 21 11 9 15 15 9 5 7 9 9 10 14 11 12 15 19 22 21 19 16 13 13 15 18 15 9 7 10 15 18 15 7 9 19 23 20 22 31 34 30 34 45 45 35 32 28 18 13 26 40 32 13 10 14 17 21 27 31 29 23 18 16 14 13
5 14 21 21 18 15 9 1 20 25 24 15 8 11 18 22 28 20 10 3 1 7 18 27 37 25 14 12 9 11 24 41 18 14 18 28 31 23 16 16 10 5 2 6 9 9 12 16 15 15 16 20 20 16 12 12 18 15 15 18 18 14 11 11 9 14 12 4 4 14 21 20 15 22 22 17 19 28 29 23 19 15 6 2 13 26 20 5 20 17 14 16 23 27 23 17 24 16 8 5
16 20 22 21 23 26 23 16 33 30 23 17 16 20 19 15 23 22 16 5 0 0 11 20 23 17 16 20 17 9 8 15 17 31 41 40 37 33 24 14 10 5 2 5 8 7 9 12 15 13 15 20 19 12 9 11 17 13 12 16 17 13 10 10 7 13 13 7 7 16 21 19 17 21 18 10 8 14 17 13 14 11 4 1 10 19 14 2 17 10 7 11 19 21 17 11 30 21 11 6
28 20 12 14 24 32 35 34 31 23 14 14 26 35 30 18 8 17 21 15 6 4 8 12 17 15 13 14 13 12 17 24 26 42 48 39 32 33 29 18 14 8 5 7 8 5 5 7 11 9 13 20 19 11 9 14 13 9 9 12 13 9 7 9 11 17 16 11 13 22 24 20 26 28 25 17 13 16 18 17 15 13 8 6 12 17 12 2 11 6 7 17 26 27 22 18 33 25 16 12
29 12 2 12 27 30 28 26 21 11 3 11 33 50 47 35 20 30 35 31 27 26 26 23 22 21 13 3 2 14 31 41 22 26 29 29 27 26 23 19 13 8 6 9 10 9 8 11 13 10 14 22 19 9 8 15 12 9 10 12 11 8 8 11 15 18 15 10 14 24 25 19 13 17 18 14 10 10 10 10 13 12 11 12 17 20 15 7 12 9 15 27 33 28 20 17 23 18 13 11
24 4 0 17 32 26 12 6 21 10 2 11 36 56 55 44 24 27 25 18 18 22 23 18 16 23 22 11 7 18 29 33 19 12 14 26 29 19 10 11 8 4 4 10 14 14 16 19 18 14 18 24 20 7 5 13 14 12 14 16 13 9 11 15 17 17 10 5 11 22 23 16 10 16 22 21 19 17 16 15 11 12 14 18 24 27 23 17 13 12 18 28 29 18 6 1 9 7 5 4
16 9 10 24 33 27 14 5 22 27 9 0 13 38 41 35 24 17 14 18 21 19 14 10 5 14 26 30 22 11 5 5 6 14 21 21 16 13 10 8 8 0 0 11 22 24 22 22 14 27 25 24 26 11 4 24 15 22 9 29 25 18 0 25 29 16 7 8 14 17 17 17 11 14 18 21 18 14 14 17 12 14 22 30 31 26 26 31 14 16 28 16 8 10 0 4 17 17 19 20
15 11 16 29 36 30 17 8 26 27 18 9 10 12 17 28 25 22 18 16 18 18 13 8 13 20 26 24 16 13 19 28 15 21 25 23 20 18 15 12 6 4 8 16 18 15 14 17 14 24 23 17 18 18 17 22 24 34 32 45 23 14 7 35 23 21 12 5 10 19 20 17 4 6 10 13 10 8 13 20 28 34 38 35 28 21 19 19 8 12 28 21 15 14 0 0 19 19 22 26
20 17 20 28 31 27 20 16 23 12 10 17 14 2 4 20 28 28 25 21 24 30 26 15 14 24 31 25 14 13 25 38 23 27 27 23 21 21 18 13 6 8 12 13 9 6 11 20 25 16 16 18 12 12 17 18 36 30 30 47 36 36 25 22 34 17 6 19 36 29 17 22 22 22 22 19 11 5 10 20 36 45 47 36 28 28 27 23 4 9 28 27 27 28 9 5 16 17 21 26
23 21 19 20 20 21 21 22 23 5 4 17 19 11 8 8 21 23 21 21 32 43 35 18 3 21 35 32 19 13 18 25 26 29 27 19 17 19 17 11 10 10 9 5 1 4 16 27 42 16 20 35 21 10 19 24 28 24 42 71 84 102 93 61 34 46 42 37 42 30 13 15 38 35 34 30 19 8 12 24 33 40 36 23 22 33 34 26 13 13 26 22 25 32 18 16 15 16 21 28
12 15 17 19 20 22 22 21 25 18 23 24 16 21 24 11 9 9 9 15 31 39 26 5 0 17 34 33 23 17 17 17 26 31 28 17 13 17 17 10 12 11 8 5 6 11 17 20 37 28 40 48 37 39 49 44 20 15 15 3 9 40 49 13 28 85 83 33 15 17 11 9 29 26 27 28 20 10 14 26 30 30 20 8 14 29 31 19 23 15 18 7 10 24 20 25 29 28 33 40
0 10 21 27 31 30 23 15 11 25 46 35 11 28 52 46 12 9 9 18 28 27 12 0 3 18 28 25 22 25 27 24 24 33 32 18 11 16 18 12 10 12 12 13 16 19 15 9 12 33 46 40 46 76 83 60 0 10 30 40 105 158 136 54 54 69 43 15 22 17 9 25 29 21 19 23 18 6 8 19 28 25 17 13 22 35 37 29 20 12 13 1 6 27 33 45 45 43 45 51
13 21 30 34 37 35 24 12 6 20 46 37 10 33 73 75 24 20 23 30 28 15 7 8 17 23 23 18 22 31 33 27 19 33 35 19 9 14 17 13 11 14 14 13 17 22 20 14 8 26 29 33 61 89 87 72 89 75 36 15 125 218 196 92 70 56 13 6 38 31 14 36 37 23 16 20 17 7 8 18 30 30 30 32 35 38 37 36 21 17 22 10 12 29 33 46 40 36 36 41
36 39 38 34 34 34 25 13 20 18 36 32 10 34 73 73 29 26 31 38 26 7 6 21 25 27 23 17 23 34 31 20 14 31 35 18 6 10 15 12 13 15 12 7 10 21 30 31 30 20 12 40 82 84 73 84 143 146 106 71 181 255 204 77 46 91 61 5 18 38 26 21 32 15 7 14 17 12 16 29 39 41 45 46 37 24 19 21 34 31 37 20 11 15 10 17 24 18 16 20
51 47 38 25 16 16 20 24 31 38 39 18 0 12 42 53 22 24 26 25 19 14 17 24 28 25 21 20 22 25 28 29 24 24 22 16 11 9 12 16 14 13 9 30 1 22 42 28 23 27 0 46 72 78 16 55 127 148 74 92 185 249 181 72 24 46 9 29 36 37 30 28 29 34 26 16 16 16 20 33 38 41 48 36 11 3 8 6 33 51 39 45 15 6 11 19 24 15 10 11
50 50 44 29 13 8 13 20 39 27 18 10 5 16 23 15 22 19 14 9 9 14 19 22 21 18 14 11 12 16 21 25 21 18 14 9 7 8 10 12 18 23 12 15 15 45 56 20 20 19 18 59 65 27 17 39 69 69 55 22 67 127 101 21 13 26 10 27 47 48 32 24 33 44 47 43 36 22 11 12 16 11 24 36 24 9 11 19 31 49 41 56 34 28 30 36 34 21 10 10
36 39 39 28 14 9 18 30 40 20 13 18 19 20 15 3 22 19 11 7 15 26 26 17 13 16 19 18 16 16 19 22 21 18 14 11 11 12 13 13 7 14 15 27 51 54 59 31 12 50 38 73 47 29 49 24 27 44 67 218 175 92 71 30 17 12 19 20 46 41 14 4 18 34 43 39 35 31 22 12 17 5 18 48 48 23 15 27 30 36 18 32 18 19 26 33 36 21 7 5
22 22 21 18 11 10 18 29 25 16 24 34 23 13 17 22 15 16 15 17 29 39 26 5 5 15 26 31 27 20 16 15 18 20 21 21 19 17 16 16 18 20 11 10 51 46 44 9 6 85 28 79 40 60 59 16 26 57 44 136 117 66 76 2 29 9 29 12 33 25 5 2 28 42 39 18 15 39 42 17 26 17 23 47 52 26 7 14 27 26 3 21 12 15 19 23 21 14 6 2
27 16 7 7 9 10 13 18 16 12 26 33 13 0 9 25 6 10 12 18 30 34 18 0 6 14 23 26 21 15 12 12 14 23 31 33 28 21 19 19 31 32 8 0 42 63 69 25 87 161 68 70 35 38 20 0 54 156 255 85 61 12 40 2 29 8 32 12 21 19 20 31 62 77 68 28 19 54 53 4 9 16 15 23 35 24 4 2 29 27 9 36 31 28 20 17 7 10 12 9
41 19 3 7 18 24 26 29 28 16 20 22 6 0 4 12 9 10 13 19 24 24 17 10 24 23 19 14 10 11 17 22 21 29 39 43 38 31 25 23 20 16 19 38 48 33 55 63 115 172 96 0 0 25 55 53 67 175 234 97 89 35 41 24 22 12 33 28 19 16 31 45 53 76 86 59 45 73 64 4 0 19 18 15 34 38 25 23 42 31 1 21 14 9 3 1 4 15 22 18
53 26 5 10 24 33 37 42 36 21 17 17 8 6 12 12 13 13 20 28 26 19 22 32 42 34 21 11 8 14 24 32 28 29 33 38 39 35 26 19 7 11 34 76 49 28 59 89 66 111 142 63 66 53 22 1 148 255 191 166 97 58 32 0 15 24 41 63 37 26 39 42 27 47 78 76 55 64 58 13 14 44 41 31 48 50 38 43 48 34 2 22 13 7 0 0 10 19 23 17
63 32 7 6 16 21 25 31 27 18 18 16 8 12 22 23 7 10 24 37 30 16 22 41 46 36 21 12 10 16 24 30 26 20 16 22 30 29 18 6 0 25 38 63 68 145 192 171 122 50 80 86 89 97 99 183 255 220 82 89 52 49 13 25 9 33 50 97 65 49 57 48 34 40 73 79 44 33 32 9 39 66 59 44 53 43 26 38 39 40 31 69 66 51 29 18 14 18 17 9
50 30 13 1 0 7 18 13 13 10 13 14 15 27 35 26 12 12 23 26 10 7 22 33 33 23 15 15 24 29 26 21 21 23 16 8 0 10 20 6 7 19 89 204 219 224 76 46 97 84 159 175 62 12 5 95 151 115 14 32 28 29 27 46 23 19 17 55 68 35 26 35 18 31 54 55 23 0 2 9 36 58 50 28 22 14 9 21 34 43 54 58 53 42 30 23 21 20 18 15
40 16 12 21 13 0 0 0 8 9 17 20 18 28 35 28 11 11 24 28 16 15 31 42 22 24 25 23 19 18 20 24 8 15 21 17 18 18 30 11 9 60 96 134 233 255 213 164 154 85 74 226 249 205 253 248 235 143 39 61 27 37 41 72 14 43 38 32 27 16 16 6 27 25 26 20 11 16 19 8 16 35 30 14 14 11 11 24 24 27 29 27 22 15 10 7 12 13 14 14
33 14 10 15 12 13 21 22 13 17 28 30 23 27 34 30 6 6 18 23 14 17 31 38 14 18 22 22 19 18 20 24 31 26 31 29 51 39 53 18 0 55 117 200 255 248 155 180 223 175 254 250 230 255 255 215 209 159 54 67 35 41 20 64 33 66 51 26 18 21 24 6 36 30 21 9 10 31 34 12 9 24 25 18 18 15 14 23 25 25 24 22 21 20 19 18 5 7 9 10
29 30 24 8 11 46 69 61 19 23 33 32 17 16 25 26 4 3 11 14 6 9 19 21 14 10 8 13 22 28 26 22 24 37 64 66 81 34 45 1 30 18 97 147 185 205 132 255 244 254 228 255 252 220 255 83 44 121 15 20 37 50 14 60 46 49 26 26 35 30 30 24 22 24 27 21 14 22 23 7 13 22 28 28 23 14 10 15 14 13 15 19 23 26 25 23 10 9 7 7
26 34 38 27 27 56 73 61 21 22 29 25 7 6 20 27 18 14 18 17 7 9 13 8 14 10 6 10 19 26 28 27 32 50 67 53 43 0 33 19 55 61 183 150 191 226 202 255 234 232 255 255 253 228 245 121 24 137 23 24 43 43 18 22 27 20 2 20 36 22 23 28 24 24 37 45 37 31 31 25 13 14 22 27 19 12 18 26 30 25 21 22 28 33 34 33 25 19 12 8
33 21 24 31 27 32 48 58 27 24 30 26 9 10 28 40 37 31 32 28 20 21 21 10 12 17 20 17 12 14 23 33 60 56 37 33 33 0 46 31 83 88 117 102 80 105 165 255 255 245 230 222 227 166 155 56 0 53 0 39 48 47 51 9 14 27 20 30 36 24 29 33 36 24 30 44 46 45 47 44 18 13 26 37 26 25 44 59 71 57 41 34 37 45 49 50 35 27 17 10
43 21 14 16 6 7 30 51 34 29 34 32 17 17 35 48 41 35 35 32 27 32 31 16 13 19 24 21 15 14 22 31 35 41 28 68 77 38 50 8 97 76 14 41 0 32 91 245 234 253 235 255 255 157 141 102 38 47 47 80 75 60 49 10 20 35 30 41 47 34 36 37 24 14 12 13 12 22 31 26 23 19 41 57 39 30 47 61 64 47 27 19 23 32 36 36 30 22 13 8
46 36 28 12 0 2 19 24 36 29 33 31 16 15 31 42 33 28 29 28 26 34 33 18 17 16 16 19 24 27 26 24 14 38 29 70 57 21 51 35 114 105 61 6 22 52 1 52 96 225 255 221 238 212 164 103 32 47 70 51 54 38 4 12 22 15 3 33 51 30 24 26 23 28 28 9 0 7 22 17 16 16 48 68 40 16 21 26 33 20 6 4 12 20 21 18 19 13 6 4
36 45 46 30 11 5 11 18 25 14 12 18 16 8 13 27 13 7 5 15 30 37 30 20 14 20 20 16 21 31 32 25 10 32 23 85 2 33 206 173 172 131 85 6 31 94 42 63 107 190 150 178 191 156 117 60 5 6 21 40 36 16 7 13 27 15 4 5 16 26 26 22 28 40 40 25 18 21 20 12 9 20 43 57 41 13 5 16 20 9 0 0 10 19 20 17 18 4 1 13
39 40 36 26 20 21 23 23 18 13 10 10 6 2 10 23 13 10 11 21 33 37 30 21 14 28 37 30 20 21 33 44 50 29 26 41 15 103 255 218 232 177 80 78 66 156 161 249 255 255 111 90 100 123 84 17 12 12 16 26 35 35 29 23 38 31 24 22 25 27 25 22 27 29 24 13 12 25 36 39 15 20 26 32 32 28 25 25 24 17 9 7 12 19 23 24 19 10 7 14
37 29 18 13 20 27 24 16 27 28 25 17 7 7 16 27 15 12 10 14 20 23 20 15 6 16 26 25 15 14 31 51 58 58 46 12 55 90 128 128 250 243 111 100 90 167 169 252 253 247 103 63 11 28 18 9 28 21 10 8 23 42 43 32 37 36 35 32 29 24 19 16 9 10 12 15 20 26 32 35 14 18 14 5 5 15 20 18 27 22 16 11 11 14 18 21 15 13 11 10
29 18 5 1 10 19 14 4 16 24 25 15 6 10 20 26 27 21 14 11 12 16 18 19 16 8 6 13 17 17 23 33 49 52 28 5 47 37 50 126 255 218 79 43 84 88 96 217 255 217 104 83 34 22 22 45 39 26 10 3 11 24 30 28 28 29 31 32 30 24 16 10 1 1 7 16 20 16 13 14 23 31 32 19 3 0 8 17 23 19 15 12 12 11 8 6 16 19 17 10
21 17 9 5 9 16 16 11 12 20 24 20 17 22 28 30 31 28 26 24 25 27 28 28 31 15 7 13 20 17 14 16 28 5 0 33 8 17 93 158 152 147 155 154 185 196 158 167 166 98 50 55 50 26 25 35 31 22 19 23 18 7 7 16 24 22 23 28 30 26 14 5 9 6 6 9 10 8 11 17 36 37 45 48 34 16 16 29 20 16 14 19 24 21 10 0 22 26 24 17
17 22 24 20 19 25 31 34 30 27 25 24 23 20 16 13 10 14 20 28 32 31 25 20 11 8 8 12 13 11 12 15 18 25 4 40 9 17 74 98 46 91 176 195 134 255 225 95 49 9 30 32 31 16 29 33 16 15 27 42 34 10 1 9 20 17 16 19 22 19 9 0 0 7 14 18 17 17 18 20 21 12 17 35 39 25 18 24 22 20 22 32 40 36 20 5 20 20 19 19
12 24 32 29 25 30 40 48 38 22 11 15 19 11 1 0 0 3 10 20 27 26 19 11 0 6 12 14 16 19 20 18 31 56 15 9 22 22 40 53 60 70 113 201 110 241 208 69 63 0 13 15 0 1 6 15 18 17 25 36 37 27 17 14 16 15 15 16 16 14 10 6 0 8 22 22 18 19 18 15 8 0 0 7 12 12 12 16 30 31 35 42 44 36 20 6 13 7 8 19
7 21 31 29 23 27 37 45 48 24 12 25 39 36 27 24 17 14 14 19 26 28 24 19 25 29 30 29 34 40 31 15 23 13 20 12 21 12 21 0 51 82 61 152 121 246 207 63 50 0 42 80 30 10 0 30 30 25 17 16 27 38 34 22 17 20 22 21 18 17 20 23 0 15 19 4 0 5 16 17 21 25 20 5 0 3 17 26 37 40 44 45 39 27 12 1 11 1 4 22
9 13 16 18 17 17 19 21 21 17 22 40 54 53 41 31 6 8 15 20 16 10 12 20 28 24 16 12 19 27 22 12 22 36 47 24 17 0 9 30 30 54 40 55 117 255 176 31 27 32 68 114 64 26 14 35 36 22 5 4 28 52 49 31 18 16 38 41 20 33 55 45 11 18 21 18 13 11 13 13 16 18 17 17 23 28 24 15 24 35 37 26 18 18 15 7 20 29 19 21
16 16 17 18 19 16 11 7 24 36 40 33 31 32 22 6 1 10 22 24 11 0 5 20 34 24 10 2 7 16 14 7 43 57 64 41 54 43 33 13 9 14 21 18 56 115 84 23 12 34 66 87 60 43 43 57 36 27 14 13 31 49 43 26 16 13 33 40 28 46 70 62 18 19 20 20 16 12 12 14 7 17 21 19 23 30 28 19 12 16 25 35 36 27 17 11 21 23 11 16
33 31 29 30 31 26 17 9 13 40 46 23 12 22 19 0 15 34 56 58 33 10 16 36 45 32 16 9 17 30 35 33 49 66 64 33 57 62 43 0 1 0 24 0 28 21 30 36 1 36 56 37 31 27 34 37 29 25 19 17 27 37 31 16 16 9 21 27 20 36 55 47 12 5 4 10 11 7 5 9 20 37 41 27 18 21 17 4 4 3 18 42 50 35 19 15 16 15 8 26
23 23 23 23 21 17 11 7 10 33 37 16 11 26 26 9 11 31 57 62 37 9 11 30 48 34 19 15 25 39 46 47 49 65 58 20 40 51 49 20 14 19 40 8 39 25 29 39 21 54 61 18 23 15 22 21 18 18 16 14 17 22 18 10 13 4 8 13 10 20 30 23 18 7 5 16 23 20 20 25 35 53 54 30 12 12 7 0 9 11 23 40 45 35 23 19 12 11 12 43
16 20 23 20 16 14 16 20 29 31 25 17 19 25 20 9 5 13 28 36 21 2 7 26 39 25 12 10 18 25 28 27 31 40 38 10 30 34 37 23 20 26 29 14 34 36 17 21 27 46 48 14 23 9 15 19 13 16 16 14 14 17 18 17 11 4 5 12 17 24 28 24 16 6 2 11 20 20 20 24 23 39 40 20 7 12 15 9 16 25 30 26 25 29 30 26 18 15 13 42
21 27 31 27 20 19 26 34 37 26 18 20 25 24 19 16 17 7 5 13 11 4 14 35 33 21 13 17 26 30 29 28 17 21 25 15 42 35 28 13 14 11 11 20 18 27 6 23 16 21 22 11 13 0 2 8 16 18 21 20 19 22 27 30 22 15 11 14 21 23 22 24 8 2 0 0 4 9 9 8 9 17 17 8 4 11 17 17 16 26 25 13 10 22 30 29 24 19 7 20
20 24 25 21 14 11 13 16 24 22 22 25 26 27 31 36 28 7 0 6 9 2 8 24 31 20 16 25 36 39 37 35 24 31 35 21 43 38 35 22 19 14 26 34 19 30 19 27 22 18 19 28 14 14 11 12 15 18 23 25 25 25 30 35 35 26 12 8 12 9 6 14 16 18 13 5 8 19 21 15 9 6 4 5 6 8 10 11 12 13 10 7 7 13 19 21 15 16 3 7
32 32 31 28 22 16 11 8 15 27 34 30 24 28 39 48 46 26 18 28 29 14 9 17 26 14 9 17 25 24 19 17 11 27 27 0 2 5 21 21 35 36 58 43 26 39 30 7 15 11 13 33 10 25 23 17 11 14 20 25 25 24 27 31 35 26 8 0 4 0 0 13 11 19 15 3 6 21 26 17 10 1 0 7 13 11 9 10 11 0 0 8 12 6 4 9 0 9 4 10
27 28 29 31 32 29 19 9 15 37 49 37 20 22 39 54 55 35 26 34 34 19 13 19 19 13 12 17 21 19 15 14 16 24 20 4 0 10 20 21 34 39 41 36 26 17 14 14 6 12 0 36 32 27 23 18 15 12 11 13 17 19 18 16 16 9 9 16 17 8 0 0 4 4 5 10 19 25 25 22 16 9 10 18 18 9 4 7 7 0 3 13 13 2 0 2 0 8 13 13
16 15 15 15 16 16 12 8 15 19 22 22 25 30 35 37 34 27 19 15 15 16 21 27 23 17 15 23 29 27 20 16 10 23 34 34 27 22 15 10 17 21 23 21 15 11 11 13 23 27 8 36 25 17 14 13 11 10 11 17 24 29 28 27 15 16 18 20 17 11 8 8 13 23 24 16 16 26 26 17 6 9 16 24 24 17 10 8 11 15 14 10 11 17 19 17 24 25 19 10
8 8 8 8 7 7 9 11 20 12 8 13 20 22 19 16 10 17 16 8 9 21 30 31 24 18 18 27 34 32 25 21 20 20 22 21 15 9 12 19 28 27 25 21 17 15 15 16 29 34 20 33 18 8 7 10 13 12 13 18 25 29 28 26 12 20 23 19 12 11 13 15 17 33 34 17 13 24 25 12 8 16 22 21 18 17 14 11 11 24 21 5 7 27 37 30 39 36 27 16
9 12 17 20 16 12 13 18 25 20 17 16 9 2 4 11 30 35 35 28 20 16 8 0 23 20 22 28 30 28 26 27 44 29 18 13 8 7 23 46 48 42 33 26 21 18 15 13 18 28 31 33 17 6 7 12 22 18 14 13 15 17 15 13 12 19 21 15 12 16 18 17 20 27 26 19 19 26 26 19 23 29 25 10 2 8 14 14 0 12 13 1 1 17 27 25 24 24 22 20
11 17 28 35 30 19 15 18 24 22 20 16 10 7 14 24 33 29 30 37 37 26 13 7 29 28 29 28 22 17 21 29 29 20 19 24 17 5 9 25 36 28 19 16 16 16 13 9 15 31 50 41 26 12 9 13 25 18 11 7 9 11 12 11 18 19 19 21 28 35 35 30 30 17 13 23 31 29 27 29 31 34 26 8 0 6 14 16 0 0 7 12 9 4 8 17 9 8 8 12
9 15 28 38 33 18 10 12 18 15 11 12 21 34 39 37 22 13 14 27 37 34 31 32 38 35 33 27 17 11 15 24 11 10 16 23 14 0 0 0 17 10 5 10 21 27 25 20 27 41 70 46 32 16 10 12 19 14 8 8 14 20 25 26 26 19 19 33 48 52 48 43 30 8 1 19 30 21 18 25 24 26 23 15 10 11 14 15 9 7 20 36 30 8 8 25 22 14 7 7
9 10 20 31 28 14 8 11 15 20 17 14 26 44 46 34 32 30 25 20 19 20 17 12 34 28 23 21 18 13 14 18 24 22 23 21 14 6 9 17 17 10 7 15 30 37 31 23 29 39 70 35 23 12 10 14 17 14 13 17 25 32 35 36 26 13 14 35 50 45 36 35 19 3 0 10 17 13 11 16 15 13 14 17 16 11 9 10 19 17 30 46 37 13 13 32 37 25 14 13
13 9 14 24 23 13 10 16 18 34 36 23 22 35 35 21 10 25 27 15 13 24 25 14 24 15 10 14 19 19 16 14 19 19 18 14 9 9 17 26 24 15 10 17 28 30 19 7 20 27 58 17 10 6 10 18 20 19 20 25 32 36 36 34 21 5 7 30 39 25 13 15 11 6 4 7 11 13 15 16 13 6 5 11 12 4 2 6 12 14 25 35 24 6 8 25 35 24 17 19
17 10 11 22 33 35 32 30 34 45 43 24 12 12 10 2 14 7 9 24 32 27 20 19 30 22 13 11 15 16 11 5 12 17 18 13 15 27 38 42 31 11 9 19 18 14 15 13 9 11 13 12 9 7 11 16 27 26 28 34 36 32 25 20 15 7 8 22 29 21 8 3 6 14 17 16 18 24 26 23 24 17 8 4 3 2 0 0 16 10 11 19 19 12 15 25 32 28 23 20
13 22 23 18 23 35 37 28 24 32 32 20 11 10 11 8 18 13 15 29 41 40 31 22 21 16 13 18 25 23 12 0 0 9 19 24 30 36 36 33 25 15 15 17 20 34 45 40 40 21 6 7 16 22 27 30 25 30 36 37 30 20 15 14 22 24 28 29 22 13 10 13 16 18 16 11 14 24 31 33 22 17 11 10 14 17 17 15 23 23 19 13 11 14 19 22 18 14 10 8
7 29 31 11 11 33 38 22 18 22 24 21 15 13 17 21 24 22 21 24 32 33 20 4 22 22 27 37 45 40 25 11 0 10 23 32 39 41 35 27 18 16 14 9 15 48 75 75 65 28 1 10 31 37 29 22 25 27 29 25 19 11 4 0 12 21 29 31 32 33 33 30 19 19 16 12 13 20 25 26 17 13 11 14 22 30 36 37 42 44 31 9 0 7 11 6 7 4 0 0
5 26 28 11 11 30 33 17 14 15 18 20 16 12 17 26 25 29 27 19 18 20 13 0 0 3 11 19 21 16 6 0 5 6 8 12 17 19 14 9 18 12 9 4 9 40 74 83 52 19 3 27 55 51 26 7 23 17 10 8 14 20 17 10 6 7 10 22 43 57 44 22 17 19 22 23 23 21 16 11 11 8 7 11 21 32 41 45 52 49 35 15 4 5 8 6 10 7 3 1
13 21 24 22 26 33 31 21 12 12 13 14 9 5 10 19 19 29 30 18 11 16 22 22 27 32 36 34 28 25 26 30 21 15 11 10 12 12 10 8 19 9 12 19 15 23 42 53 20 4 7 39 64 56 27 6 23 21 14 8 13 27 38 41 44 37 28 31 50 61 43 16 18 19 22 27 28 22 14 8 9 7 6 9 17 27 36 41 41 32 25 22 16 11 14 23 16 13 9 6
22 21 24 33 37 34 30 28 20 22 21 15 8 6 9 14 13 22 24 12 0 2 15 28 31 31 26 15 4 3 12 22 27 23 21 23 22 17 13 12 17 10 23 37 27 14 12 13 7 5 12 28 38 32 16 4 35 45 41 21 6 12 29 42 57 50 38 30 29 29 23 15 19 14 11 14 16 14 11 11 10 9 9 10 15 22 30 34 28 18 15 19 15 5 7 18 18 15 10 8
19 21 25 30 29 25 23 25 30 36 33 19 10 11 13 11 13 16 19 13 1 0 12 30 46 38 24 9 0 0 5 12 14 12 14 16 12 2 0 0 10 10 24 34 26 18 12 2 11 16 18 13 10 12 13 12 46 56 53 31 13 12 19 22 21 18 15 12 6 0 1 6 26 15 7 7 8 7 6 8 10 11 11 12 15 21 27 31 26 23 20 17 11 6 5 8 19 16 12 10
9 18 23 19 12 11 14 17 31 41 37 18 7 10 12 6 17 17 21 25 21 18 33 53 74 61 41 25 18 17 19 21 23 21 21 21 13 1 0 3 3 8 18 18 16 26 28 13 10 22 23 10 5 17 32 37 45 47 43 34 35 40 33 19 18 15 20 30 31 21 16 18 38 26 16 16 15 9 5 5 8 9 11 13 15 20 25 29 27 34 32 21 17 23 24 18 22 19 16 15
12 16 33 38 18 1 0 0 4 7 21 13 11 19 11 15 15 15 22 29 25 17 22 36 46 38 46 35 24 22 16 31 25 20 19 22 22 15 10 8 14 19 12 2 11 31 31 16 16 14 17 24 29 33 40 47 47 30 20 25 34 33 27 23 9 20 30 30 22 14 11 12 30 22 16 15 14 9 6 6 5 9 13 14 14 17 23 29 27 34 33 27 31 41 39 28 29 27 25 26
21 26 46 59 45 27 15 5 15 0 6 18 23 18 5 18 15 13 18 23 18 6 6 15 25 25 36 23 12 14 11 25 23 17 16 20 23 21 20 21 18 23 20 17 29 43 34 13 23 23 25 25 21 19 26 35 29 21 18 24 29 24 16 11 16 19 22 20 15 10 7 6 16 11 12 19 24 21 16 13 5 8 12 15 17 19 21 23 20 23 25 29 39 49 49 43 27 22 17 14
18 31 58 70 52 31 21 12 25 9 20 28 30 24 11 25 26 23 25 28 23 11 7 11 9 17 31 16 7 16 15 24 25 23 24 30 34 37 42 48 40 39 33 29 38 46 31 8 24 25 25 20 10 4 9 20 19 20 26 32 31 22 14 11 16 18 20 22 21 16 9 4 14 12 16 25 30 24 15 9 6 8 12 14 15 15 14 13 13 8 9 20 31 35 33 32 11 9 7 8
3 22 50 52 26 12 18 23 5 15 30 14 5 11 3 4 30 26 24 26 24 17 15 17 6 15 28 12 8 23 20 22 22 26 34 39 39 41 52 65 50 45 34 27 32 39 33 21 23 22 20 17 10 4 8 16 18 24 32 34 29 21 18 18 2 11 22 30 29 20 10 2 16 16 21 27 26 18 12 11 18 22 24 21 15 11 11 13 19 5 1 14 20 12 5 6 0 5 13 21
0 7 21 20 6 12 34 45 10 15 24 7 4 15 3 0 21 16 12 11 10 9 12 16 8 12 21 6 7 24 18 16 11 21 33 37 30 26 38 54 31 28 25 23 27 33 38 40 27 21 17 18 18 15 15 17 14 19 23 20 15 13 17 20 0 8 22 27 22 12 5 3 12 16 22 24 18 12 15 23 33 38 38 29 15 9 13 21 27 13 9 22 25 13 6 8 15 20 29 35
13 3 1 3 9 33 56 59 35 11 11 15 27 31 12 12 19 17 12 8 6 9 16 22 17 16 23 10 10 23 18 21 19 27 36 35 23 15 23 36 16 18 23 27 27 25 27 32 24 17 13 16 19 16 12 10 12 15 14 10 8 13 18 21 10 18 25 22 13 6 6 10 17 20 24 23 15 9 13 22 30 34 33 23 10 4 10 19 22 14 16 29 33 26 22 27 32 33 34 33
23 15 12 10 12 31 47 45 26 5 4 6 16 22 8 10 18 20 19 15 13 17 27 34 25 23 33 21 14 21 21 36 52 49 46 40 30 21 20 25 21 20 24 30 28 19 14 15 17 14 14 18 18 13 9 9 13 15 15 13 17 24 26 22 20 23 24 21 14 10 10 12 19 20 24 27 24 16 13 14 16 17 15 11 7 7 10 13 13 12 17 26 28 24 23 26 30 31 32 31
22 29 36 25 5 7 19 20 12 21 29 6 0 18 15 14 6 12 16 14 12 17 28 37 25 24 37 26 14 15 20 45 80 67 53 45 38 29 22 21 26 19 19 26 28 20 15 16 16 17 22 26 24 17 15 18 13 15 16 18 26 33 30 20 13 15 18 19 18 14 9 5 8 8 16 29 36 32 23 18 10 7 6 9 14 17 17 14 13 17 21 23 19 14 11 12 19 26 35 40
20 24 27 23 14 6 2 3 6 20 29 29 34 43 38 25 8 8 17 21 16 23 36 39 33 22 28 19 11 13 16 40 87 67 37 24 29 24 12 11 22 15 16 29 36 31 24 22 25 30 54 29 30 23 22 22 19 17 19 30 41 40 27 13 10 12 14 16 16 14 12 10 1 6 15 24 30 31 30 28 27 30 26 19 20 29 30 25 30 34 31 16 4 3 5 5 18 19 21 25
19 16 12 10 10 10 8 7 28 39 41 37 41 52 51 40 4 4 14 18 13 20 34 36 21 10 19 18 17 15 6 17 44 34 16 13 23 20 9 10 26 18 18 26 29 24 20 23 41 43 62 31 25 14 10 8 10 10 17 31 42 38 21 4 20 18 16 13 11 9 9 8 10 11 14 16 18 20 21 21 15 18 16 11 14 24 27 22 18 28 32 24 13 7 3 0 1 1 1 3
32 20 7 5 13 20 20 17 12 18 15 5 8 21 24 16 8 7 16 19 12 18 29 31 18 1 7 11 18 17 0 3 14 14 10 15 26 20 10 12 29 22 20 23 21 14 16 24 34 35 54 24 21 14 13 14 7 6 11 23 34 32 17 1 25 21 14 9 6 6 9 11 16 13 8 6 6 9 13 17 9 13 10 5 8 17 19 14 12 23 30 26 16 9 5 3 20 17 14 13
46 30 13 9 17 25 25 22 30 34 28 17 19 33 38 31 19 18 25 25 15 17 25 25 26 3 2 3 12 16 3 8 14 19 20 24 30 19 7 9 26 22 22 23 16 8 13 25 16 19 39 13 16 16 21 25 16 8 2 7 18 23 18 10 20 16 10 6 5 9 14 17 13 9 3 0 0 5 12 17 15 18 14 6 6 13 12 6 16 22 25 18 9 6 11 16 32 27 22 18
