17 14 27 23 48 43 44 27 25 30 54 36 36 15 16 39 35 71 81 31 47 44 60 105 72 25 26 45 62 73 47 17 10 26 47 65 91 121 111 71 31 16 9 21 36 38 27 15 21 16 14 14 14 14 19 25 30 59 62 19 56 34 40 2 48 41 52 29 47 35 25 24 21 48 28 45 42 40 36 51 44 42 56 47 48 44 12 18 49 69 38 33 82 69 20 20 71 72 26 32
32 16 18 34 64 66 49 20 47 35 36 19 53 65 56 47 48 62 57 15 20 33 60 111 110 60 50 51 47 50 42 40 62 56 48 44 60 89 91 67 19 6 1 15 33 37 28 17 20 14 13 17 16 11 11 17 36 63 64 40 69 57 61 34 74 49 40 14 41 45 33 22 58 76 82 8 53 73 81 45 39 45 54 44 65 80 40 16 36 32 21 39 74 65 33 24 65 63 59 34
16 15 32 69 74 70 46 26 27 25 39 43 108 134 99 52 29 17 13 17 34 76 103 143 85 52 50 45 32 30 33 51 108 99 78 53 37 30 19 4 22 8 0 8 22 27 23 19 23 14 13 21 21 11 6 10 23 43 61 99 115 72 36 13 101 80 66 24 27 35 33 29 81 105 126 7 45 85 104 64 37 37 45 58 99 118 78 48 39 14 12 34 44 45 48 49 73 69 101 59
8 9 28 68 50 49 37 36 36 50 87 105 166 175 130 82 66 28 20 50 53 80 66 68 50 42 54 50 46 50 44 53 30 44 52 50 42 30 22 24 42 30 19 16 17 17 19 22 26 15 13 23 25 15 9 12 3 16 56 152 151 82 27 24 66 53 47 14 5 22 25 22 66 91 79 33 30 78 88 75 49 33 29 49 71 54 15 1 27 16 12 17 17 19 28 38 33 30 53 40
60 36 32 60 42 57 61 61 30 26 51 58 97 91 64 49 33 0 11 55 53 73 58 59 55 50 45 28 38 56 41 32 31 40 37 34 36 21 4 6 44 40 37 33 25 17 17 22 24 14 9 16 22 20 16 16 17 41 72 134 89 33 19 49 29 10 11 10 20 55 49 31 45 61 9 41 32 65 69 42 21 22 21 37 48 31 19 20 38 53 43 38 58 54 30 23 31 32 20 53
72 53 63 78 51 57 72 68 39 18 28 29 57 44 34 45 43 23 44 59 36 39 46 70 79 57 26 0 21 48 29 18 35 37 22 22 45 39 12 5 23 27 33 36 30 18 12 13 18 12 6 6 16 24 22 15 22 82 113 110 24 0 34 77 52 30 35 43 36 66 59 48 44 72 29 48 34 33 56 6 12 40 30 15 14 16 21 9 27 38 16 10 48 54 16 0 32 38 7 49
40 31 63 66 41 38 61 46 26 17 39 39 57 39 34 54 59 50 73 62 41 31 55 91 97 70 43 35 65 75 40 31 48 59 39 26 44 38 14 12 28 24 24 29 30 23 15 11 12 14 7 2 14 31 28 11 7 83 139 136 56 31 78 113 85 55 51 49 12 30 30 34 50 89 74 58 22 15 45 3 11 46 33 27 48 75 97 81 47 36 27 31 50 63 49 24 47 55 47 42
59 26 44 40 42 54 82 50 10 20 55 47 50 27 29 57 68 59 82 60 52 33 51 79 91 71 68 88 120 99 39 27 55 77 55 22 23 22 24 48 58 41 26 26 32 32 27 22 11 18 12 3 15 38 33 9 22 73 136 157 89 35 57 79 108 53 28 30 1 27 25 26 52 73 63 54 11 34 39 13 30 44 22 34 68 91 112 101 55 39 65 87 70 73 83 61 56 65 88 30
94 54 9 19 36 64 104 87 37 43 38 28 60 55 12 57 75 49 70 105 81 36 26 36 51 78 90 116 129 106 62 23 46 76 73 49 42 38 37 48 42 29 0 12 31 22 29 31 13 15 5 32 20 23 23 14 8 56 95 90 76 41 18 57 128 95 72 61 33 26 54 40 46 45 22 54 43 44 40 20 29 43 2 21 37 56 51 30 24 63 95 49 63 62 52 72 55 68 134 20
108 59 24 47 51 50 90 104 69 45 28 25 90 86 25 36 90 59 43 53 61 55 44 34 45 73 95 83 80 65 55 53 44 48 61 76 67 34 18 26 27 23 28 0 26 26 23 15 5 22 23 42 10 1 6 6 21 33 57 85 109 77 20 23 66 76 64 88 28 35 55 82 62 47 13 36 30 39 39 22 55 53 26 41 51 37 25 35 87 100 79 28 38 46 37 42 70 86 132 40
80 77 70 65 35 23 61 83 64 38 30 14 90 89 41 41 72 60 25 10 35 51 42 35 41 63 88 27 40 56 51 36 18 22 36 30 6 6 21 21 24 38 74 14 30 28 19 9 13 30 29 44 10 1 9 14 12 17 25 27 45 42 24 46 77 118 107 110 38 26 20 35 65 54 31 38 21 19 22 13 58 73 58 15 22 18 3 12 68 86 58 55 71 72 41 15 74 91 106 51
103 103 71 34 41 79 83 46 53 67 91 34 66 47 21 24 29 45 25 14 35 31 21 42 34 34 86 51 89 80 37 11 16 31 75 87 60 60 58 20 31 57 81 49 41 18 11 10 26 26 12 31 14 20 28 27 12 17 17 2 19 41 38 51 49 78 62 31 21 19 27 13 17 34 53 60 31 15 20 24 35 63 70 6 21 23 1 4 50 60 22 51 64 67 57 45 57 73 62 44
78 87 68 24 18 52 77 86 99 136 166 76 68 40 17 12 30 39 30 47 78 49 26 62 41 22 102 130 175 117 51 44 65 13 15 32 11 18 49 49 35 53 28 69 55 16 7 5 22 18 0 23 14 23 30 24 16 29 47 29 10 12 32 76 136 118 61 24 22 22 36 31 24 48 92 93 60 29 26 31 18 23 49 32 57 38 11 28 51 51 15 42 31 20 29 44 39 54 36 43
62 31 20 28 39 29 23 57 101 113 118 38 42 50 40 37 36 24 6 38 82 54 20 46 40 24 63 78 133 119 73 50 31 9 30 38 5 9 47 54 42 46 0 76 76 37 19 4 15 21 14 35 15 15 20 16 21 35 79 79 30 0 27 103 119 97 44 65 21 14 13 44 36 42 79 69 48 25 22 28 22 15 21 15 33 39 35 39 36 42 41 54 29 3 3 14 27 45 45 57
28 41 71 71 52 18 3 51 45 32 27 0 3 29 23 38 28 31 17 20 40 23 5 23 45 37 17 0 41 70 60 32 18 33 67 64 28 33 56 48 55 66 32 89 92 61 36 15 20 29 24 44 20 16 18 15 30 25 68 105 108 91 70 77 90 97 90 121 41 9 3 26 0 0 29 12 8 9 34 59 43 33 10 10 14 53 79 65 49 50 62 35 17 13 16 16 13 39 69 71
27 70 92 54 47 59 34 36 37 29 42 31 25 21 0 14 52 96 100 64 39 27 34 60 91 79 53 59 56 39 51 77 69 34 36 57 48 33 29 21 64 93 99 104 96 67 43 26 28 29 16 37 20 22 24 17 15 19 49 67 92 125 115 94 87 116 150 137 66 24 45 36 29 21 54 19 5 11 54 97 66 36 14 67 64 85 121 122 62 61 82 27 18 28 20 0 0 32 83 75
31 44 59 36 50 51 60 41 43 40 56 50 51 48 30 51 88 115 133 78 46 40 70 63 99 128 64 47 74 67 88 103 54 20 56 30 15 11 4 11 67 138 153 60 63 63 33 33 18 22 21 16 14 19 24 26 10 16 28 23 21 65 107 107 93 84 50 80 47 32 41 48 51 67 72 63 40 37 81 98 60 4 16 31 44 91 105 95 68 66 78 50 44 44 55 21 0 58 104 58
18 0 19 38 56 34 45 58 44 22 15 9 34 65 70 92 87 76 63 46 65 87 71 16 64 90 37 16 51 99 136 106 64 31 55 14 1 25 34 26 71 90 75 38 60 58 28 23 32 31 24 14 10 11 12 10 7 10 37 46 14 8 55 102 71 27 0 11 24 51 24 34 57 73 75 67 42 34 69 82 22 0 30 44 34 41 40 43 47 60 70 64 41 40 41 38 20 50 81 49
34 45 58 35 22 18 34 29 55 37 28 15 22 34 23 22 37 24 13 31 63 98 70 15 35 43 32 41 32 46 125 163 77 12 36 34 32 37 37 24 46 41 9 17 38 52 53 55 38 35 27 18 17 19 17 12 21 31 48 43 18 16 40 56 72 47 9 9 38 53 29 28 37 55 53 54 31 17 29 34 2 2 36 59 59 41 10 5 0 29 39 53 22 16 6 31 21 23 37 16
31 25 53 71 51 24 27 32 5 19 42 47 39 36 26 14 24 25 25 47 33 42 25 13 8 33 32 39 51 84 160 203 149 55 73 87 48 0 18 58 71 86 57 63 34 33 43 35 21 19 16 17 24 30 27 19 0 10 19 14 20 43 51 38 64 84 20 29 73 62 94 74 40 50 33 44 35 31 31 34 42 39 38 59 96 89 36 3 19 54 62 66 50 36 22 44 22 20 29 3
46 26 37 58 46 51 71 79 40 44 51 43 15 3 6 0 25 24 32 55 20 8 3 22 29 35 29 52 49 4 49 162 151 39 17 37 51 32 33 25 0 22 27 69 51 47 50 33 6 7 9 14 24 30 23 12 20 34 45 48 45 42 49 62 97 108 47 25 67 44 75 52 40 46 18 47 61 73 66 71 91 87 49 39 77 89 56 23 30 49 50 28 40 29 26 28 50 67 81 40
25 33 45 34 0 11 58 77 74 51 33 30 11 9 30 19 5 12 36 59 34 18 26 49 49 62 22 11 65 79 60 73 73 69 68 24 17 47 99 100 54 31 25 72 84 71 51 30 21 23 24 27 33 34 24 12 22 43 46 34 30 26 23 28 47 51 89 39 66 54 51 62 9 33 22 80 104 110 76 71 83 95 56 25 32 43 52 49 33 34 35 12 41 44 56 45 68 100 123 73
25 16 70 130 59 16 50 118 113 78 55 65 47 38 60 44 10 22 53 64 67 58 55 38 50 42 33 39 46 18 6 47 93 125 110 26 0 13 70 88 65 26 18 29 61 58 30 12 29 31 31 33 37 38 32 22 12 30 28 30 57 71 60 52 36 43 135 70 68 32 15 31 0 38 33 97 112 102 46 38 46 67 53 47 41 31 47 51 17 11 20 29 40 47 50 38 47 80 106 63
39 15 51 111 58 38 64 107 106 75 60 80 59 42 70 59 10 12 40 57 109 125 100 30 9 5 35 50 26 1 16 61 88 145 173 129 70 0 1 34 8 7 29 4 36 45 18 0 11 14 16 19 25 32 31 26 28 12 12 53 85 62 48 77 39 37 100 54 63 18 28 17 7 37 11 55 53 41 0 0 32 45 50 85 88 55 46 30 17 12 27 65 44 39 18 7 21 45 70 38
62 45 78 0 28 59 64 71 29 27 76 38 29 8 45 50 26 13 35 12 79 123 76 32 23 48 55 82 52 61 52 0 0 103 154 120 111 74 58 31 12 16 17 32 39 40 41 11 25 12 7 4 5 19 34 32 19 18 15 51 22 0 21 75 77 85 47 47 65 10 15 16 9 62 32 23 7 8 15 34 16 0 1 51 46 33 8 43 58 83 99 90 63 26 11 22 43 28 36 95
91 59 38 46 46 66 87 72 40 47 78 21 8 13 34 41 46 28 12 24 60 76 40 18 29 64 94 127 62 16 18 27 93 110 65 45 67 75 51 21 12 14 13 27 29 34 52 43 26 20 19 15 9 16 25 21 23 32 9 18 15 38 55 58 122 131 81 46 42 0 23 36 32 85 63 35 0 5 40 71 28 4 7 23 14 6 4 43 118 130 123 97 70 43 29 34 45 67 60 82
77 25 11 50 30 27 48 36 47 35 58 32 18 13 1 45 74 48 13 73 88 62 11 0 30 34 12 26 42 66 52 12 125 175 160 145 84 38 8 18 72 52 24 15 0 0 38 53 18 24 36 34 21 18 19 11 14 16 0 27 30 34 22 7 35 69 55 33 29 0 17 26 36 76 75 51 7 24 71 94 57 47 60 45 37 31 46 79 143 130 107 88 67 31 8 12 16 62 42 39
54 2 38 28 32 18 18 29 50 38 50 40 25 28 0 53 119 74 54 115 137 92 28 18 10 21 32 51 40 14 15 44 55 75 63 82 78 58 33 25 52 38 26 36 23 7 25 31 1 17 38 39 23 18 18 8 24 28 18 50 43 35 29 30 24 48 54 51 54 17 27 30 21 27 45 49 23 32 58 55 37 45 77 57 59 53 66 79 113 85 69 80 77 35 4 11 31 53 36 53
57 40 37 12 52 60 37 38 38 63 65 32 18 62 31 52 92 39 49 59 83 54 14 36 47 40 47 54 50 20 12 37 54 58 46 33 43 41 72 79 44 28 21 42 36 16 24 21 1 14 28 22 7 11 20 14 30 44 20 21 15 48 74 82 53 33 21 24 42 21 40 54 25 0 19 35 18 11 21 12 14 21 53 36 48 48 53 54 65 51 39 51 70 60 39 35 32 9 3 60
86 104 5 21 59 86 58 25 12 45 56 53 42 67 46 47 52 27 68 42 48 30 20 67 34 43 64 38 34 41 53 60 56 45 34 26 60 65 93 76 80 58 37 43 30 14 29 30 28 29 27 10 0 13 31 29 23 26 2 17 17 37 48 49 48 18 25 50 82 69 84 98 49 12 33 34 17 10 30 40 41 30 38 27 39 50 50 54 59 66 44 23 45 74 68 46 51 19 20 83
99 117 31 57 60 70 57 34 22 34 44 76 59 39 37 35 4 20 56 48 31 11 10 54 43 13 58 76 78 50 43 51 62 58 51 58 61 54 62 45 46 54 65 79 58 30 34 28 48 43 34 16 7 24 39 31 31 30 11 40 43 46 37 28 29 21 59 85 100 73 68 66 55 31 56 35 27 33 61 80 54 29 19 24 31 46 37 49 72 81 58 30 43 68 61 40 45 58 54 77
68 67 80 75 48 30 36 57 68 77 61 63 33 15 40 16 0 32 36 57 30 12 15 44 20 8 58 43 37 43 50 34 41 50 55 97 77 58 36 19 34 58 78 85 50 17 25 24 44 42 37 24 18 32 36 19 30 54 23 9 16 71 88 64 35 39 81 83 77 51 51 51 40 31 60 26 29 44 65 72 42 15 5 29 31 45 24 39 46 44 33 32 41 35 21 17 28 94 82 60
1 56 62 142 84 36 67 65 95 72 51 40 49 19 47 82 42 47 26 27 31 14 14 19 19 35 48 58 55 41 41 33 33 48 59 94 74 63 35 30 23 51 46 87 26 16 30 50 26 22 43 36 2 24 44 20 34 67 42 24 37 60 78 54 49 82 136 55 55 61 63 68 53 13 47 65 58 58 47 39 27 24 49 2 18 54 17 35 47 48 49 60 90 66 20 16 50 66 100 47
30 46 87 147 99 37 36 50 31 57 62 15 56 49 74 75 59 68 27 19 36 10 9 45 45 24 13 43 64 81 66 38 37 56 62 30 42 62 44 36 20 42 57 67 51 53 72 57 24 1 38 39 32 50 45 8 22 51 39 33 32 23 24 8 38 73 126 81 67 47 49 70 36 0 47 77 50 39 45 58 59 57 66 31 34 53 23 28 57 55 77 100 97 65 38 38 35 55 49 45
114 50 54 59 45 31 11 22 30 51 72 19 56 22 33 26 22 74 44 23 43 20 8 41 61 35 18 47 39 65 50 36 10 6 30 33 52 36 53 29 40 20 59 83 9 40 101 120 25 0 64 51 48 56 44 13 0 13 6 13 19 16 34 50 37 39 52 54 58 37 36 55 39 0 23 51 9 12 56 95 120 107 80 61 55 62 50 37 34 26 38 60 57 64 59 38 39 48 0 16
111 77 88 103 92 97 30 0 17 11 49 30 46 46 82 85 51 62 21 17 51 46 46 67 62 50 47 65 13 27 14 26 45 47 46 29 22 47 129 67 84 95 136 155 28 210 255 237 123 0 29 54 95 72 33 20 30 39 37 38 35 16 9 17 40 56 51 49 27 12 50 101 37 0 18 52 14 28 53 54 82 86 53 74 72 65 56 22 42 60 58 58 31 41 54 51 8 16 0 9
69 90 85 117 53 67 49 48 73 51 88 68 22 69 108 86 94 43 8 52 96 93 86 73 53 41 46 68 21 31 6 27 44 8 27 38 36 35 95 195 244 215 193 194 102 255 231 220 132 63 89 26 48 95 81 26 15 24 27 26 39 46 39 41 51 70 53 33 18 25 62 95 51 26 21 50 42 89 83 24 70 99 56 86 76 69 83 64 14 1 0 67 85 57 30 36 22 17 80 89
50 95 91 165 70 52 51 77 75 41 99 115 39 65 74 52 51 49 50 68 81 99 97 43 33 28 43 59 34 38 12 52 54 6 43 20 132 177 71 193 210 255 225 67 82 233 218 255 190 51 34 37 80 99 80 51 36 32 21 0 14 39 33 35 40 51 39 5 27 55 55 34 50 51 19 40 71 164 148 56 66 122 73 89 63 44 48 45 24 39 83 196 135 25 9 71 39 0 42 53
54 70 55 125 55 38 35 52 80 45 104 115 51 34 17 17 25 71 60 17 8 49 78 49 28 30 50 48 44 40 23 89 88 23 103 75 146 102 2 188 251 255 251 22 49 74 60 161 138 40 33 54 66 74 75 65 26 24 28 17 32 47 24 22 40 80 111 35 33 48 45 29 46 87 49 61 96 187 145 36 41 124 93 128 126 99 47 21 50 64 102 194 130 110 130 117 68 30 13 19
34 33 21 56 15 21 24 29 93 85 119 64 35 40 37 40 37 57 25 6 16 19 35 51 45 37 47 37 62 60 44 116 123 40 118 112 169 100 50 128 227 210 251 51 97 102 41 49 103 17 7 59 69 69 63 47 50 35 33 19 32 48 34 48 97 126 159 53 44 49 33 11 110 156 85 56 64 139 94 0 14 84 37 86 138 152 94 66 79 94 91 109 64 194 255 137 83 130 86 87
11 36 65 25 41 55 5 28 87 76 87 79 22 39 53 48 59 61 48 56 18 33 59 68 50 28 26 83 61 66 48 101 101 59 98 65 178 127 119 56 110 155 255 46 238 241 117 35 113 96 0 37 50 75 77 70 69 40 0 11 12 25 19 28 72 120 136 70 72 37 0 16 92 130 107 11 40 83 44 39 97 132 122 21 78 96 47 13 63 112 100 42 0 130 194 87 47 101 100 70
41 70 78 64 38 61 38 31 41 33 76 74 37 49 47 37 41 76 64 65 37 49 71 67 35 14 37 64 24 59 66 64 75 37 63 36 36 40 16 86 210 235 229 170 255 220 123 0 82 124 116 28 117 142 87 53 83 62 45 0 19 35 26 37 58 77 93 80 115 74 20 33 74 70 82 18 103 83 53 90 147 147 148 108 81 56 16 12 7 37 57 58 24 0 43 72 10 19 67 38
41 77 72 79 9 37 55 43 49 29 50 42 21 55 85 97 68 64 9 34 47 36 52 59 23 1 38 66 41 30 28 35 54 35 38 55 67 106 13 24 118 240 255 255 171 152 183 66 32 49 33 51 145 185 82 72 96 102 114 18 55 73 86 125 120 84 65 83 135 94 44 67 85 103 128 55 150 115 61 98 95 62 64 90 38 47 64 88 42 43 75 103 107 42 53 77 21 10 126 130
32 44 32 41 0 17 39 41 27 41 43 73 44 66 96 99 131 110 23 40 70 37 32 30 34 36 62 76 91 27 1 54 54 29 35 71 83 29 75 164 252 227 250 234 75 106 218 74 245 204 117 170 189 154 108 44 53 80 93 27 66 70 105 165 167 104 49 64 104 70 41 75 116 51 67 128 218 100 14 147 72 49 43 43 0 7 39 46 20 38 92 97 61 43 72 62 14 15 116 155
42 18 8 9 16 23 12 23 96 111 30 57 3 36 112 136 174 183 86 28 43 36 46 38 22 38 66 55 74 25 12 56 65 22 40 50 86 13 82 131 199 218 255 245 218 80 99 61 255 193 60 255 183 117 61 84 107 96 47 55 89 86 116 153 116 79 31 41 59 36 27 63 41 39 62 75 161 93 26 82 7 18 48 26 18 30 53 48 56 54 72 83 45 41 45 58 46 51 52 104
39 24 32 26 32 19 6 28 87 116 41 75 16 17 65 72 132 135 73 22 49 54 68 80 19 0 44 64 49 14 24 37 42 18 46 0 5 45 79 72 153 181 235 224 254 145 222 133 9 61 120 226 203 141 130 161 199 115 0 33 48 64 88 86 69 71 38 44 40 31 40 71 37 43 97 72 123 5 21 64 42 13 43 4 43 44 50 51 106 82 24 40 81 83 17 36 78 80 21 84
31 37 39 54 26 31 52 50 43 63 48 66 39 14 19 10 50 48 64 66 106 88 74 101 87 30 64 90 65 41 50 52 53 12 38 72 92 173 177 136 157 249 255 227 245 178 253 238 255 157 125 223 230 255 231 255 205 115 28 49 15 44 72 48 68 91 65 70 49 41 49 66 45 46 91 68 99 0 73 80 77 16 69 23 44 36 33 53 92 99 57 28 73 80 26 45 92 82 44 90
43 38 5 57 25 72 116 61 50 43 72 61 71 47 36 33 29 44 86 54 68 68 73 118 156 129 101 62 57 77 74 71 36 38 40 104 126 219 246 130 126 193 207 255 238 118 115 255 246 104 120 246 232 255 249 202 122 85 100 103 19 40 63 32 60 94 78 93 64 43 32 31 41 54 40 15 58 65 131 33 26 10 142 106 64 37 29 65 82 77 80 30 42 46 36 36 67 35 28 29
55 16 14 42 95 147 113 51 58 66 23 28 75 83 78 71 41 20 50 54 51 37 32 117 150 99 68 42 33 88 120 78 52 52 49 62 122 167 138 67 20 42 69 255 247 250 255 252 195 85 240 245 229 182 154 143 124 148 205 95 48 17 63 45 71 84 123 66 15 28 30 27 65 108 46 28 41 43 36 53 44 11 125 137 61 21 33 46 31 32 58 25 40 52 51 46 55 67 82 35
18 30 52 47 100 154 118 38 61 43 2 16 69 60 47 91 35 26 46 53 32 30 81 151 120 24 34 58 20 65 126 82 55 127 137 54 95 114 78 59 0 58 52 136 237 238 235 226 254 244 164 255 255 229 206 220 236 250 234 90 51 71 75 93 75 88 148 74 7 22 63 46 63 86 82 48 17 11 7 162 155 32 85 68 15 22 64 75 27 7 35 42 71 68 64 74 58 54 88 98
16 63 99 49 70 94 96 66 16 48 55 17 15 14 16 93 54 42 56 69 38 68 169 209 117 45 67 95 47 51 80 41 105 148 229 29 79 103 30 106 69 95 154 217 226 211 242 255 203 255 169 93 204 253 247 247 232 168 57 134 157 124 146 130 91 82 156 112 43 50 97 37 0 16 44 62 61 60 39 238 213 38 72 44 21 55 104 109 79 45 39 48 102 117 74 24 54 68 97 73
15 32 62 13 17 0 21 61 67 38 41 13 54 113 65 43 66 28 47 47 0 44 126 123 116 128 104 71 64 55 40 41 108 141 99 91 0 150 9 143 92 170 255 253 237 254 247 248 255 235 64 49 233 255 53 252 255 77 55 181 152 167 202 181 122 39 51 61 8 43 111 64 27 44 25 68 88 65 7 120 163 21 77 53 51 79 107 118 26 60 87 69 53 52 56 54 48 64 76 20
53 30 49 33 54 8 25 75 35 0 51 43 40 98 79 61 65 19 73 65 6 43 72 48 49 103 60 3 31 42 36 75 90 78 24 70 57 65 121 87 97 137 255 230 190 255 255 231 201 255 246 255 112 255 222 236 236 231 192 127 103 149 171 198 150 59 40 125 56 59 97 87 48 44 20 49 66 56 2 79 129 38 82 39 27 33 32 42 71 47 29 46 53 47 45 50 53 38 53 40
47 33 53 34 39 13 27 62 46 26 94 68 33 95 93 60 27 0 78 77 22 40 36 19 18 61 74 64 66 65 66 82 80 56 52 95 99 66 157 60 95 154 215 239 59 160 215 255 241 247 245 215 74 186 255 242 192 244 213 211 244 245 238 187 117 72 35 146 63 29 56 111 88 29 48 53 56 67 22 95 125 77 107 72 47 64 54 32 88 77 43 41 26 27 43 57 60 59 76 49
33 48 75 40 10 10 30 49 26 43 95 52 19 65 58 29 52 28 71 79 42 38 35 26 6 31 77 88 55 42 46 34 21 6 45 67 28 66 49 55 48 185 21 71 115 255 253 255 255 243 213 254 255 255 231 255 161 32 116 255 242 216 173 85 56 77 43 153 108 46 48 114 92 18 58 72 78 98 99 120 73 61 116 130 95 159 179 112 44 71 48 42 14 27 50 55 52 69 81 20
29 50 82 59 23 35 40 35 7 18 54 52 51 54 33 48 67 38 31 55 50 46 65 60 37 54 69 48 18 32 64 70 49 59 82 96 63 104 62 151 93 229 50 55 191 179 250 245 230 251 248 223 204 235 255 78 246 239 152 245 233 82 63 122 142 158 59 109 101 46 51 115 98 52 67 85 76 82 150 106 17 17 87 124 57 148 197 96 59 62 40 75 58 42 39 43 36 26 38 16
13 37 100 73 33 84 83 36 32 57 65 79 62 68 46 37 84 51 24 35 56 54 65 91 63 32 85 112 85 72 67 71 77 106 146 129 45 58 88 63 0 102 64 87 153 25 230 249 223 255 208 236 255 232 255 44 255 226 82 255 235 109 113 148 137 160 51 40 65 32 62 56 60 34 57 26 62 44 126 100 33 67 143 31 59 85 83 51 85 109 4 58 31 50 21 25 23 36 71 59
37 32 73 50 51 100 92 43 70 77 48 73 45 74 43 43 75 55 79 70 78 35 63 113 62 43 91 86 73 42 21 0 21 68 124 137 90 113 90 103 68 33 72 115 193 128 236 255 210 233 255 228 248 255 212 207 255 168 235 225 255 157 175 100 20 82 16 38 22 15 41 36 26 56 49 48 66 54 101 69 66 161 92 38 56 40 29 51 99 61 0 26 38 23 32 37 48 68 130 104
42 23 50 21 56 87 70 24 22 40 25 25 14 51 46 41 36 65 141 85 87 51 74 84 76 59 69 21 32 20 24 6 3 48 57 82 43 97 37 101 117 74 68 243 221 127 228 234 255 246 244 255 216 112 99 209 80 43 219 240 232 168 186 173 73 105 29 68 28 57 57 22 42 87 62 129 160 95 47 1 74 119 5 18 68 92 84 71 18 16 44 46 50 54 61 22 58 73 155 112
77 63 75 14 50 68 59 31 39 81 110 44 38 29 48 18 45 69 122 46 43 48 56 37 68 81 83 53 67 61 58 53 56 60 109 46 102 62 75 82 155 55 22 175 235 224 255 208 114 226 244 255 245 228 249 91 55 89 125 255 196 150 67 29 74 73 22 82 59 95 82 29 59 81 42 48 120 83 67 75 0 53 96 58 53 56 63 77 98 128 152 104 17 75 85 57 30 22 99 54
108 95 89 2 26 45 48 37 40 83 133 82 83 57 79 58 39 38 70 70 59 70 58 55 72 99 82 79 67 61 44 58 40 50 60 30 50 37 87 62 114 80 103 39 136 106 241 149 178 144 204 255 233 120 218 237 247 255 197 240 252 254 229 69 104 115 127 160 108 76 60 32 91 158 193 59 104 55 53 70 66 70 81 2 34 47 32 63 98 152 207 184 67 103 74 50 43 21 75 48
80 71 73 5 16 29 23 17 14 20 30 40 39 34 30 32 9 23 39 86 46 62 57 65 108 111 49 43 11 17 15 47 47 42 61 11 41 8 110 59 50 61 116 48 119 51 147 103 185 218 253 220 245 188 255 243 248 249 255 190 253 247 255 35 63 79 112 112 78 35 53 81 71 108 188 34 77 17 35 81 80 63 50 63 67 80 73 70 107 139 161 91 27 58 47 11 41 38 56 50
45 40 65 37 26 27 19 36 43 25 6 30 60 94 92 87 69 85 69 115 43 47 80 108 143 130 61 51 33 37 37 39 33 52 63 66 41 31 65 43 44 1 72 88 86 60 0 44 114 233 255 223 255 200 255 244 255 226 231 193 245 234 172 45 52 49 45 27 45 32 39 79 54 21 81 34 93 24 13 53 80 57 21 64 48 83 97 78 61 80 70 2 19 64 78 47 72 106 82 74
30 21 53 43 9 7 22 77 96 69 37 0 46 79 84 39 19 26 37 149 81 27 65 116 176 146 78 57 61 66 73 47 28 25 59 24 35 2 40 51 111 72 24 102 99 68 47 35 80 158 206 209 251 217 244 255 238 255 237 252 255 214 73 57 60 62 44 34 83 79 32 44 45 0 19 43 97 52 14 14 11 51 14 1 34 60 28 47 54 51 21 15 52 61 55 63 98 160 104 80
49 58 103 51 38 1 24 82 103 53 21 41 85 119 118 72 65 71 83 135 59 33 42 93 127 98 36 47 40 51 45 17 2 0 45 51 62 12 37 61 153 108 27 71 107 78 121 27 139 132 228 179 244 253 255 227 234 255 241 255 255 202 5 41 0 66 55 40 113 124 81 80 68 42 10 32 96 49 22 25 25 48 40 45 39 37 19 53 86 94 76 59 58 7 14 65 115 192 130 7
96 74 115 88 71 42 36 47 38 20 0 9 25 59 55 54 50 44 43 92 52 40 15 16 58 73 23 26 33 24 5 9 20 22 52 31 52 33 47 44 134 110 65 53 36 26 56 8 108 69 182 221 255 214 228 178 233 250 226 254 255 177 0 30 42 106 79 16 68 155 147 90 45 33 27 50 76 30 47 87 49 54 22 113 94 43 38 62 117 127 80 102 120 64 90 70 122 185 132 41
138 90 105 86 68 76 70 60 44 65 30 44 41 66 32 48 73 53 34 55 44 58 33 18 37 63 58 68 55 39 29 30 13 34 46 25 48 33 35 30 115 103 89 47 20 60 61 37 14 0 81 153 236 246 255 83 104 209 254 255 239 153 23 32 71 94 73 31 49 129 141 86 35 27 49 79 61 9 52 106 93 70 14 96 44 25 26 45 110 73 33 84 142 116 121 38 2 69 71 68
27 24 50 38 31 51 20 0 128 142 67 11 5 46 12 20 71 57 47 39 28 47 55 73 67 51 87 105 50 46 61 23 1 24 31 44 56 15 10 38 131 110 77 39 41 114 77 20 52 80 68 77 181 255 255 0 21 94 97 66 79 70 35 41 60 62 46 38 31 59 60 47 102 73 55 46 24 35 83 80 38 32 28 61 16 84 33 7 66 43 93 84 60 38 82 95 19 56 57 87
40 74 80 40 55 81 39 35 107 143 114 41 55 99 64 38 62 61 85 68 56 50 71 120 96 50 76 76 26 31 53 12 40 48 30 60 63 21 19 61 119 108 57 47 85 166 138 62 77 120 59 61 164 234 255 73 77 105 107 81 74 41 16 24 101 126 82 51 50 77 48 37 93 75 55 38 23 71 88 14 9 67 115 107 39 98 68 60 120 47 66 40 32 15 55 66 40 55 48 86
46 106 134 96 124 111 33 16 11 38 56 1 8 62 70 65 41 31 65 44 47 23 35 86 77 49 49 25 22 27 38 40 101 96 40 63 58 48 52 74 100 104 53 38 57 93 85 26 55 80 13 29 102 118 139 77 75 45 30 32 84 116 73 31 115 145 76 45 65 91 25 3 27 25 66 117 74 58 66 37 51 95 97 83 44 28 43 56 65 43 46 34 37 0 44 43 38 56 52 81
64 86 112 63 81 64 37 51 35 35 95 100 50 55 42 53 66 40 68 35 61 34 26 58 33 24 46 21 24 25 36 53 105 99 37 67 46 50 58 63 54 67 56 47 67 73 72 45 57 65 35 68 109 97 98 103 71 72 97 67 53 96 75 68 126 144 79 71 93 120 48 20 40 27 61 127 82 66 96 111 87 96 83 62 119 76 52 35 11 45 71 39 54 0 43 53 79 89 55 25
51 46 89 45 46 27 55 98 93 47 102 149 56 38 16 52 71 47 78 41 79 49 19 27 27 14 83 71 35 29 52 45 63 65 23 76 38 28 36 45 33 35 54 51 82 71 49 31 47 41 56 108 109 69 62 112 116 105 145 99 8 4 0 59 122 150 95 75 84 145 97 55 42 39 29 51 52 119 129 61 38 100 165 55 97 60 32 65 37 61 101 12 39 16 23 56 73 100 75 28
29 16 64 57 48 28 51 104 72 47 44 31 59 112 98 71 40 0 31 30 60 58 13 22 16 44 103 79 49 36 43 34 23 23 12 58 40 23 22 22 14 28 33 60 93 66 20 14 14 3 51 109 125 82 0 52 35 60 102 58 51 45 42 55 55 75 140 46 63 129 79 63 58 0 28 45 33 65 62 29 21 61 91 38 47 0 27 107 110 68 63 45 67 22 40 51 14 59 31 32
24 19 31 35 3 17 57 60 86 79 55 17 80 195 177 90 70 9 16 0 31 46 12 20 35 48 74 42 53 71 60 19 31 31 7 33 22 14 16 24 30 25 23 68 121 100 56 55 56 40 105 123 148 101 17 46 25 59 32 55 138 151 103 97 43 29 103 62 25 54 41 48 41 6 33 124 28 7 36 18 13 33 12 45 32 45 43 157 203 70 107 94 82 44 79 53 6 25 13 20
60 48 25 60 52 103 111 25 17 36 57 51 82 131 93 19 22 3 39 25 48 48 21 38 44 49 52 24 73 107 71 8 49 42 4 23 49 53 32 19 41 19 2 45 100 87 58 75 39 56 99 77 99 105 15 33 48 71 25 116 181 106 55 136 112 64 66 60 40 47 22 25 47 26 23 89 42 45 63 40 30 47 19 32 37 58 29 85 163 30 97 74 67 65 115 83 24 45 69 60
19 35 37 59 68 117 119 47 6 12 38 48 34 26 31 40 29 20 58 57 79 56 17 32 46 35 25 7 72 104 78 46 68 64 23 21 59 67 38 24 19 15 9 41 79 54 19 30 44 28 84 89 10 121 87 46 26 82 28 5 69 125 74 0 29 51 22 41 75 73 20 25 56 100 116 53 88 113 60 16 82 78 39 8 29 56 47 75 71 47 71 11 16 34 68 53 24 64 121 84
43 37 40 26 80 119 109 91 54 40 27 18 7 15 38 45 24 26 63 65 88 71 79 142 168 113 67 32 67 69 59 68 74 79 49 11 22 26 21 35 45 44 27 37 71 59 26 27 37 64 75 81 53 125 73 96 81 84 126 84 47 78 100 62 47 98 57 39 24 12 15 57 102 131 115 39 134 218 178 107 42 41 18 36 31 35 0 31 95 145 111 68 62 88 110 97 26 47 96 62
73 33 15 0 62 77 45 47 66 57 51 70 76 67 54 21 20 24 46 48 77 53 53 105 108 55 28 8 37 42 56 82 65 60 49 14 31 36 28 32 64 60 39 53 102 101 59 43 41 36 64 88 82 67 48 59 117 70 159 149 76 62 79 35 10 32 54 91 68 56 81 80 60 60 48 105 177 255 254 144 73 67 64 24 36 26 26 43 69 93 54 83 67 103 140 118 52 28 40 46
50 47 47 39 36 19 22 54 74 69 76 120 130 107 99 75 45 35 32 50 131 125 77 60 60 49 62 31 28 35 59 73 56 28 33 25 68 81 57 30 17 30 42 88 142 117 47 16 33 41 46 69 84 42 37 28 99 43 91 138 96 54 46 20 22 0 7 38 47 60 98 81 64 70 83 98 69 98 147 96 24 43 87 21 67 49 63 39 52 30 8 52 36 61 91 76 51 24 16 55
35 44 37 67 29 20 58 83 67 75 71 90 92 81 80 46 49 71 67 44 87 78 51 47 59 87 123 61 20 35 76 83 53 14 28 24 67 86 70 43 6 13 22 66 109 80 28 23 43 19 34 83 16 47 98 0 101 54 16 79 73 38 28 33 58 64 55 18 24 26 68 87 71 95 153 63 35 39 62 40 26 36 51 47 59 70 66 82 74 47 33 38 34 41 46 54 35 41 38 85
43 45 20 84 28 35 93 108 47 21 35 42 33 35 23 12 28 49 28 12 31 26 21 53 89 78 60 37 14 9 34 65 40 15 6 41 31 32 37 67 39 37 14 25 39 24 15 23 44 35 60 77 12 96 116 34 118 113 41 0 62 45 9 49 91 81 98 87 45 22 37 77 81 84 58 70 68 96 108 63 57 48 44 45 58 79 108 92 77 40 2 68 67 50 48 33 53 61 62 62
15 54 38 46 12 42 75 61 29 12 41 57 45 36 27 31 40 29 16 47 83 53 33 75 93 63 32 18 13 8 7 11 28 35 53 62 42 54 61 49 55 46 48 47 56 37 26 31 21 40 68 80 32 134 90 63 105 71 51 46 62 13 10 61 51 35 59 56 34 22 15 43 89 76 44 44 44 70 78 63 79 103 77 54 60 56 66 83 36 24 4 56 71 63 38 27 40 51 49 45
8 57 63 44 40 49 42 34 57 42 78 108 97 65 36 38 81 77 50 54 91 81 40 30 27 30 35 34 19 7 13 28 64 95 104 82 85 80 72 59 13 52 113 69 69 82 78 51 5 17 84 112 101 118 10 62 51 26 34 70 96 34 30 82 51 19 44 51 62 67 30 40 47 49 44 64 51 55 22 34 165 239 164 67 59 24 15 4 13 32 34 31 37 54 23 14 25 38 29 10
33 7 47 102 126 35 3 90 87 58 77 110 114 82 45 47 35 60 47 40 86 119 96 65 28 52 72 59 19 0 18 55 67 92 76 48 90 64 56 92 85 69 160 157 147 92 64 67 42 22 45 0 56 101 44 67 58 57 18 26 91 37 6 44 29 0 15 23 53 64 8 8 38 44 33 73 40 56 0 51 157 247 154 48 70 13 61 14 70 47 78 84 77 77 31 24 41 59 49 19
15 44 93 75 97 56 19 48 64 31 32 49 60 47 28 47 65 83 94 104 105 81 66 78 94 85 73 58 39 28 39 58 41 42 47 33 51 44 84 128 55 37 152 193 201 122 62 49 33 55 111 72 67 29 1 10 66 67 11 1 64 39 44 82 50 45 73 72 84 78 27 34 40 49 37 117 84 109 18 57 114 186 116 47 106 34 182 129 121 36 107 177 167 116 48 35 47 77 81 58
25 25 67 64 72 33 15 45 47 39 41 33 28 13 0 19 86 116 151 164 132 78 62 87 96 84 78 84 86 76 63 58 59 44 87 76 18 44 119 111 37 61 136 122 114 94 96 104 71 43 71 166 161 98 35 22 69 56 39 43 40 1 47 75 37 71 98 90 79 52 25 43 61 34 0 39 26 78 34 65 82 155 113 26 77 20 185 112 64 26 115 153 124 81 35 13 38 71 88 84
7 6 44 56 58 57 65 63 76 88 89 62 50 36 11 19 80 109 126 116 100 85 61 39 49 75 110 124 102 68 52 55 80 74 102 89 18 47 86 51 18 46 98 109 67 0 0 54 80 80 96 167 158 135 66 17 7 10 16 44 44 1 45 61 21 62 59 56 55 31 30 44 70 49 20 49 49 69 73 75 44 90 78 6 52 0 75 18 8 36 93 62 42 30 21 13 50 67 74 74
61 22 49 96 78 52 59 56 106 115 101 64 68 78 60 63 41 32 15 14 47 76 51 3 0 50 108 120 82 46 52 80 79 92 75 69 54 67 45 32 40 63 60 62 52 40 76 132 92 54 59 97 129 106 61 37 34 56 18 24 69 26 31 41 42 66 24 30 59 53 67 68 71 63 63 53 51 37 97 94 89 63 73 79 138 43 16 24 33 47 57 34 63 42 32 57 56 51 36 31
65 23 54 81 25 30 34 27 57 85 34 42 57 56 35 39 35 25 26 7 18 9 21 18 29 32 60 48 37 34 104 156 150 108 76 59 91 83 83 83 113 94 55 101 81 41 29 26 25 113 207 232 188 138 97 81 80 73 22 43 80 70 83 89 117 154 56 27 51 57 54 56 42 59 55 41 47 17 52 103 111 78 105 163 171 81 45 27 51 41 13 37 56 66 43 54 45 33 45 0
39 24 54 54 27 53 52 15 44 66 16 53 47 28 10 12 49 67 85 59 20 0 19 46 76 59 31 13 21 82 147 183 183 139 74 105 124 84 73 145 139 73 40 21 40 32 92 93 58 81 178 233 190 119 71 77 60 41 35 57 55 88 155 146 124 170 92 29 37 53 45 28 29 57 86 84 102 11 50 46 73 0 38 116 167 69 24 38 50 63 38 13 74 134 101 19 15 14 36 6
28 37 62 53 55 103 108 77 78 87 62 114 91 57 47 52 84 92 97 85 36 20 33 58 67 48 25 51 58 102 137 184 132 97 50 130 98 49 41 111 69 33 71 60 56 26 64 85 74 49 113 122 103 104 71 46 81 93 108 96 58 77 134 137 113 97 64 59 72 40 13 19 24 68 89 102 125 32 65 40 77 36 95 57 84 32 21 56 38 78 93 62 134 203 187 85 28 34 55 37
32 61 86 100 82 97 51 26 74 68 101 123 95 50 34 36 36 38 52 82 56 47 21 6 46 42 36 54 45 40 38 66 51 41 60 141 79 90 133 128 68 41 54 78 45 37 25 114 125 65 84 34 46 122 103 44 68 127 112 57 46 29 30 91 125 32 26 88 107 40 4 33 81 59 0 47 95 41 55 124 73 11 77 41 112 89 53 68 58 60 67 62 92 109 105 69 51 56 63 50
38 43 17 28 2 50 16 24 46 26 108 82 73 48 38 45 35 21 19 38 17 41 51 49 64 85 74 26 28 32 36 26 29 36 60 62 13 43 104 63 29 19 8 68 89 98 0 59 125 51 68 37 74 136 126 102 114 147 97 29 56 48 21 104 122 28 24 72 65 35 19 22 77 100 45 64 180 179 78 83 40 10 73 47 139 171 124 83 25 23 38 100 134 132 90 73 32 40 37 36
73 68 33 37 8 53 16 16 51 13 68 6 8 12 26 42 20 23 50 71 52 66 70 45 31 73 92 47 41 19 37 55 27 47 57 14 30 32 52 50 27 25 10 19 94 116 28 35 79 52 79 49 90 105 96 105 105 79 57 13 31 54 26 59 74 19 33 87 40 40 50 30 75 119 79 36 201 217 72 5 37 83 128 85 87 134 118 59 35 65 71 117 142 133 51 12 28 39 31 48
41 23 28 36 14 23 27 55 106 77 71 33 25 26 34 36 38 35 60 50 29 43 65 34 38 89 127 123 83 14 13 72 70 67 79 39 75 39 2 25 40 51 69 41 91 96 58 33 67 110 132 78 115 85 51 51 49 25 69 39 19 53 28 20 40 15 42 130 56 69 91 53 73 74 55 85 200 135 15 4 48 62 69 125 72 62 56 31 69 88 57 46 78 73 29 25 70 77 53 74
45 33 110 138 100 15 18 60 77 89 70 109 108 98 85 59 39 49 85 48 7 11 53 30 36 91 105 107 65 26 8 57 67 26 62 54 80 60 16 37 43 41 71 53 55 54 48 21 29 105 137 113 174 107 46 43 45 60 132 76 16 33 1 0 29 24 34 118 30 73 100 27 26 60 20 50 74 51 3 19 49 65 27 102 21 38 80 70 56 45 10 5 74 45 16 38 109 106 63 75
44 64 150 241 176 31 5 54 55 83 77 84 102 100 102 102 59 44 44 71 47 35 26 39 26 64 26 57 85 63 37 49 34 69 110 26 102 66 56 67 61 13 81 116 88 74 154 126 123 215 255 88 117 114 66 41 43 69 124 86 21 44 16 24 36 31 42 31 13 47 62 18 24 53 20 2 33 57 81 99 55 60 70 45 11 39 81 78 21 10 42 26 38 39 31 41 90 77 54 44
0 0 51 128 112 38 23 37 62 124 94 23 16 64 106 102 67 44 31 51 31 27 26 43 106 117 52 50 62 69 83 104 84 79 77 18 104 54 33 88 51 13 57 68 51 43 100 52 54 174 103 38 36 66 74 32 38 72 96 46 14 88 89 67 74 36 34 50 45 43 43 26 39 49 85 104 81 108 153 120 45 15 26 43 22 18 45 56 41 31 76 68 58 27 15 44 58 44 16 0
43 41 47 80 87 76 72 50 0 35 15 0 24 67 97 97 68 42 29 54 45 54 59 77 143 69 11 79 72 22 62 149 121 54 38 11 62 32 20 57 8 16 82 112 133 118 119 32 0 102 13 60 55 66 78 31 35 72 66 24 10 102 139 112 102 54 39 72 92 77 61 59 87 80 106 101 38 57 117 87 61 59 106 124 57 11 49 100 36 20 77 93 84 30 8 46 54 48 28 12
52 59 46 35 28 38 46 15 60 66 47 50 48 35 77 137 39 19 15 51 53 67 68 77 48 68 39 31 8 50 94 71 172 58 72 67 50 71 84 41 37 39 70 86 144 162 184 125 0 27 31 120 147 97 64 40 38 67 52 38 13 69 130 128 53 29 6 26 67 68 42 32 50 93 98 79 51 36 54 61 85 43 48 77 70 53 33 0 22 0 54 89 101 49 12 35 49 57 51 42
