30 48 40 32 8 35 30 14 39 58 71 24 36 13 48 72 70 23 23 58 61 44 34 24 38 67 62 38 38 36 23 21 29 50 79 81 0 65 99 59 17 19 32 19 31 22 32 24 14 9 9 13 13 9 9 14 21 9 17 28 27 38 42 24 42 62 78 103 34 25 8 17 38 41 56 87 62 67 54 43 34 41 40 31 15 0 7 37 40 30 27 52 42 50 48 55 40 27 26 31
22 31 27 27 23 38 45 54 76 99 62 2 38 15 16 55 32 18 37 66 57 34 17 3 36 41 23 18 46 56 38 29 37 28 47 58 34 36 46 36 57 66 33 6 33 17 1 22 23 12 2 0 0 5 16 28 17 6 25 48 46 46 50 40 35 57 85 119 49 32 28 57 57 43 42 68 48 52 50 55 34 42 48 50 35 8 8 35 46 36 33 52 26 21 18 32 37 24 23 26
21 21 16 15 33 26 39 68 99 80 47 12 15 19 26 21 22 22 35 43 35 31 27 14 20 34 23 14 29 35 30 38 43 15 16 20 65 34 41 58 76 44 22 25 13 20 21 16 13 10 10 14 16 17 20 25 15 5 29 58 53 45 48 44 24 47 86 127 57 24 19 51 63 42 34 51 33 30 33 46 47 44 38 37 31 16 24 53 51 35 33 61 35 19 5 16 31 18 17 22
38 36 26 11 40 16 17 39 67 43 35 27 10 31 41 14 31 31 23 7 5 23 31 20 29 60 53 24 20 27 33 47 44 31 32 27 87 76 86 93 46 4 8 44 12 31 36 15 1 6 15 24 27 24 20 17 17 8 25 44 40 43 51 42 47 56 82 111 58 36 32 49 31 32 38 44 30 22 22 28 43 38 22 14 23 33 43 59 43 21 23 67 56 38 14 17 20 8 10 17
50 55 44 21 49 27 13 13 24 49 33 16 32 36 21 28 41 55 45 19 14 28 33 26 68 86 56 17 31 60 60 51 0 7 24 33 47 53 55 44 20 22 11 37 37 33 8 18 8 7 5 4 7 14 20 24 18 12 19 23 29 62 81 64 41 28 29 43 25 37 43 41 0 32 53 42 34 29 27 21 20 31 24 18 40 59 50 32 33 14 18 61 47 31 15 26 19 8 10 18
35 48 43 28 47 43 26 13 24 41 34 13 31 33 28 23 33 56 51 27 20 26 34 45 75 82 43 1 21 53 51 37 19 23 40 59 30 37 42 41 33 29 28 40 32 24 11 11 16 14 7 1 2 12 21 25 16 13 16 14 29 81 111 93 45 28 28 43 47 67 67 44 10 51 68 35 31 27 27 17 20 35 30 24 48 66 47 19 41 29 30 53 23 10 10 34 32 21 23 29
14 27 29 32 33 44 35 26 32 22 29 16 51 66 76 42 26 34 20 8 15 18 18 32 38 54 35 9 15 21 17 20 36 47 50 49 19 23 28 38 39 18 30 31 19 18 29 8 17 20 19 14 14 19 20 17 15 10 15 14 22 64 94 82 28 11 22 40 42 45 42 21 25 54 58 19 25 18 24 20 33 36 24 19 36 46 37 27 54 42 36 50 22 16 16 32 35 24 27 33
9 18 21 38 22 39 37 39 17 34 19 3 114 123 107 96 55 44 21 25 50 42 14 8 10 27 28 30 38 23 7 16 41 79 79 48 36 32 22 19 18 32 20 0 36 20 9 17 21 23 20 12 11 16 18 15 17 8 13 13 9 31 53 47 31 5 13 26 20 14 29 33 14 31 32 1 23 18 29 34 29 25 17 21 32 27 21 29 57 38 26 47 36 39 26 22 23 13 16 24
13 21 34 24 7 25 43 31 15 23 18 1 91 105 108 92 58 45 51 65 58 41 26 14 17 25 36 53 60 38 17 17 53 86 74 26 50 32 16 11 8 16 18 23 31 23 12 13 19 15 17 14 7 13 20 13 4 5 15 19 13 19 33 37 31 17 30 10 3 2 42 47 35 48 40 11 4 26 39 35 21 11 18 33 11 47 58 33 51 28 24 54 32 34 25 25 12 31 28 20
17 24 35 25 9 24 42 33 17 16 13 10 52 78 82 59 45 36 33 28 16 14 26 34 21 16 15 34 54 42 17 8 28 44 28 1 44 45 35 28 23 24 21 24 31 27 20 22 18 15 19 16 8 12 17 9 8 3 10 19 20 24 23 13 30 19 25 8 6 2 37 53 13 30 34 17 11 24 34 31 7 13 11 34 49 83 71 52 37 18 14 41 25 29 17 10 10 34 38 33
31 31 32 20 9 24 40 35 35 35 39 37 25 49 58 38 7 18 22 9 0 0 16 31 30 18 10 31 63 61 36 22 25 34 22 0 25 28 34 44 40 29 18 16 17 12 8 9 17 16 21 19 9 11 14 5 4 2 11 19 16 17 18 9 22 30 46 46 45 17 19 34 15 31 40 34 25 23 22 19 17 30 11 25 52 73 40 24 28 15 12 32 29 36 25 12 13 40 50 46
27 25 23 22 25 33 30 18 20 33 43 27 15 21 33 28 34 54 56 36 23 25 31 38 22 29 43 75 108 106 82 70 55 51 40 31 44 54 69 83 37 18 9 9 5 2 2 0 18 18 25 22 11 11 13 4 0 4 19 19 5 6 21 28 43 67 91 102 95 46 19 33 34 39 43 39 29 16 5 0 27 37 22 24 23 39 17 5 35 26 19 27 32 38 27 14 9 30 40 37
22 17 14 27 48 51 30 11 12 27 30 3 44 33 37 36 63 73 51 20 14 18 18 22 33 27 11 8 30 60 95 130 124 90 58 50 48 53 43 27 22 3 4 15 12 12 18 16 18 20 27 24 12 12 15 8 0 6 20 21 7 9 25 33 48 72 86 94 75 33 12 37 39 35 33 32 30 23 15 9 33 42 54 56 15 32 41 30 35 27 18 13 22 21 16 9 6 13 19 18
55 35 10 16 49 61 50 44 38 40 30 2 74 58 47 35 61 72 50 27 35 37 28 32 24 40 48 50 55 57 65 83 69 49 42 54 42 60 59 41 19 0 9 26 17 15 24 19 18 19 25 21 9 11 18 13 10 7 15 22 19 22 24 16 21 48 65 72 38 9 0 24 44 41 40 43 50 57 59 58 72 81 100 91 20 25 38 25 18 14 11 4 21 13 18 28 28 16 18 25
78 51 13 11 42 53 47 53 34 31 25 10 46 38 29 14 18 44 41 34 47 38 20 26 36 45 43 40 43 37 29 31 43 48 69 85 45 61 69 55 21 0 15 32 14 7 16 11 15 16 21 15 4 9 20 18 15 8 12 18 17 21 22 13 27 61 89 99 44 21 11 25 57 63 65 62 66 77 84 84 93 104 99 75 16 13 12 8 14 15 20 13 33 14 26 50 53 24 23 39
57 44 20 24 49 40 15 13 11 16 28 28 10 16 25 18 27 58 60 54 60 42 24 39 45 37 18 12 28 35 28 25 25 32 59 85 50 74 75 47 17 0 16 34 12 5 18 14 13 13 17 11 0 7 20 21 13 10 15 13 4 9 23 26 49 81 110 113 42 23 18 26 64 77 80 67 59 64 70 69 64 81 54 31 11 20 14 27 33 34 40 29 42 8 19 49 56 17 14 35
30 26 12 37 32 30 23 54 60 42 23 10 10 34 57 58 58 64 84 65 102 62 58 49 54 35 39 31 19 30 28 11 10 32 27 27 40 73 51 46 8 6 9 16 18 15 14 18 19 9 12 18 17 18 16 6 0 10 21 33 2 23 30 28 28 40 46 40 31 29 29 28 48 59 66 50 26 26 36 34 45 39 13 5 30 43 43 52 60 60 30 22 42 22 3 30 41 0 15 41
23 26 20 42 54 39 15 28 27 30 33 30 34 61 77 67 52 33 38 48 106 95 73 37 23 40 44 50 0 12 20 42 46 56 65 69 41 54 45 39 13 8 8 14 18 17 17 20 17 9 11 16 12 14 15 7 2 11 18 26 1 22 28 26 30 37 30 14 16 31 27 9 27 39 50 36 11 10 19 17 17 44 42 22 11 6 24 62 75 87 67 44 42 26 9 17 26 25 22 18
29 42 47 59 90 62 30 29 35 32 26 15 22 59 82 74 31 15 16 33 59 72 68 46 20 25 21 40 2 30 35 38 56 81 118 124 49 28 28 24 24 17 13 17 22 23 22 22 17 12 15 16 10 13 17 11 6 11 13 17 2 19 24 20 23 35 27 4 10 38 41 19 6 23 43 41 22 18 21 15 18 42 41 24 13 1 10 41 60 70 59 34 27 34 30 16 29 64 43 7
49 62 61 51 91 78 81 102 95 56 18 1 11 43 65 64 22 28 39 53 31 50 62 64 42 15 13 23 47 47 54 13 35 73 92 97 47 33 32 29 26 19 14 17 23 25 21 17 19 15 19 16 9 13 20 15 11 16 16 15 12 23 23 16 11 34 37 17 13 31 41 34 8 23 47 55 44 36 28 12 22 28 18 16 30 24 14 25 41 30 19 5 3 28 38 16 47 81 63 29
55 59 47 18 46 58 110 164 138 67 18 20 36 45 47 43 33 43 51 70 40 58 54 47 37 26 35 37 46 28 56 28 63 93 38 12 9 17 4 0 12 8 5 9 16 20 16 10 15 13 15 11 3 10 18 11 13 20 22 16 24 27 23 14 13 32 44 37 27 27 30 30 24 26 38 45 38 33 22 4 11 20 15 18 32 24 16 31 41 19 15 13 2 17 36 28 21 24 24 23
35 39 39 22 18 24 75 127 124 45 1 23 46 43 34 31 34 42 36 39 13 26 19 14 11 27 30 53 27 25 62 63 119 168 91 41 33 31 20 23 6 5 4 6 13 20 19 14 11 9 11 6 0 9 14 4 5 15 18 7 24 19 14 6 26 41 55 60 57 54 48 42 30 18 16 18 18 25 29 20 26 29 18 19 30 18 4 16 30 19 32 42 25 26 52 67 51 27 35 54
25 24 39 52 22 19 47 78 79 18 0 21 40 33 24 20 27 45 40 33 24 28 19 20 4 14 14 49 43 38 73 58 58 118 74 48 26 19 30 39 17 17 12 7 10 18 21 18 16 14 14 10 6 17 20 6 2 14 17 0 23 14 11 6 36 62 80 76 68 68 64 55 31 16 10 10 9 23 40 43 42 33 14 16 35 25 7 13 23 17 26 36 30 31 53 71 58 34 32 44
37 21 32 63 27 38 65 93 42 10 10 41 52 37 18 6 29 57 68 81 106 104 71 52 16 10 26 43 73 33 71 26 46 71 27 28 9 9 28 16 29 27 18 5 2 9 14 13 26 23 23 19 17 29 30 13 11 23 25 3 30 19 19 18 36 81 103 76 47 47 50 43 38 27 23 18 10 18 35 42 23 23 13 19 38 33 27 46 41 24 8 6 10 16 22 26 36 27 13 13
47 40 36 35 65 32 36 71 48 41 39 56 35 39 37 46 59 63 80 95 136 122 95 67 23 26 24 38 34 28 73 86 111 126 41 0 1 5 26 16 24 20 16 14 13 11 8 6 8 21 31 28 21 18 19 19 9 21 12 10 30 31 19 23 40 56 71 69 12 23 33 28 27 42 34 35 17 33 26 27 20 17 19 24 24 25 36 51 47 19 2 18 31 12 5 25 39 27 11 0
68 21 3 39 78 41 17 34 99 109 94 68 22 41 65 83 83 79 67 51 83 73 57 43 28 31 42 67 50 24 46 53 89 114 40 19 6 13 21 22 18 10 3 8 19 25 22 16 14 17 18 17 19 19 12 3 1 20 14 3 19 31 23 19 17 33 46 37 4 15 28 24 21 28 32 41 36 35 24 21 10 16 27 36 32 23 23 29 20 23 36 54 43 2 0 11 41 34 23 14
86 41 21 55 58 34 20 43 77 94 89 67 18 28 46 62 67 66 37 0 32 31 30 32 25 36 65 99 63 22 23 24 24 61 18 35 20 27 20 25 19 16 13 15 21 27 31 31 29 17 4 1 14 27 26 18 8 37 34 6 5 25 40 47 16 18 21 11 18 21 22 8 13 16 34 48 60 46 36 27 25 27 28 24 16 14 23 35 33 26 29 53 62 37 21 33 19 20 23 28
57 48 41 53 20 16 17 38 22 19 25 48 24 19 13 24 43 53 30 0 26 29 32 39 34 52 82 95 40 25 43 56 67 76 39 46 37 26 14 13 19 27 31 23 10 8 21 36 35 26 14 10 19 31 32 27 30 45 43 25 24 38 47 46 20 16 22 15 33 11 12 14 7 12 37 41 62 47 46 32 41 40 30 15 8 18 40 58 57 29 10 28 56 53 40 45 26 29 38 52
31 29 30 54 32 30 17 20 30 12 6 33 23 27 24 33 56 66 52 19 41 35 35 37 40 68 93 76 3 33 82 109 101 67 27 2 14 0 0 0 9 19 23 15 1 0 15 32 34 39 40 33 27 23 19 14 47 37 35 43 50 47 29 7 12 11 27 24 30 0 19 51 14 21 38 26 42 34 36 19 28 36 36 27 23 33 48 56 39 30 19 22 25 11 7 22 45 37 37 47
32 16 15 47 46 28 19 40 54 51 38 35 12 30 38 43 66 60 53 26 33 22 27 25 14 63 112 93 4 43 79 97 80 39 25 1 33 17 30 15 6 5 4 5 10 18 27 32 43 48 45 30 17 18 27 35 51 40 43 45 29 18 19 17 24 7 10 20 34 32 50 66 35 35 37 29 34 27 20 6 14 26 28 20 20 33 43 43 20 19 14 12 12 4 8 28 36 25 20 27
30 20 15 21 33 7 11 45 56 58 49 43 8 19 30 43 56 32 35 24 23 16 35 30 9 65 136 131 26 47 52 53 40 15 19 5 21 12 16 3 13 8 5 8 18 27 32 32 45 42 31 15 9 20 38 50 41 41 49 38 7 8 33 44 32 20 17 31 37 66 66 42 43 28 22 46 50 38 14 8 22 30 26 12 13 30 39 35 21 11 0 6 28 35 34 42 22 23 35 53
39 45 38 19 49 28 19 25 60 43 33 45 15 13 27 60 54 20 33 34 32 28 56 50 47 88 152 149 35 46 40 43 33 18 19 9 4 16 27 32 18 19 19 15 12 14 20 26 29 28 23 17 17 22 23 21 25 23 32 31 25 41 49 27 13 39 57 57 21 55 53 18 33 5 0 57 65 49 13 16 34 44 41 28 28 41 41 29 18 14 8 19 40 40 26 23 4 21 53 82
75 65 47 51 66 44 17 20 35 19 16 23 27 23 37 56 59 38 37 49 4 29 56 61 43 63 102 106 27 32 46 31 44 51 36 5 0 28 48 47 37 26 23 31 35 26 19 19 29 21 42 14 63 38 12 18 17 23 27 37 4 26 49 43 28 30 40 62 50 113 63 27 32 25 28 69 56 35 6 15 47 44 39 26 21 37 43 28 9 9 15 22 22 13 6 4 7 33 46 44
47 61 49 28 23 13 8 24 22 37 50 63 19 18 25 48 42 16 29 22 30 35 63 48 21 53 55 34 45 52 47 42 62 67 53 21 12 42 75 85 54 35 25 29 27 15 11 17 27 28 47 35 85 50 18 3 32 42 24 25 13 13 51 71 71 44 35 43 82 106 96 28 21 25 42 50 42 15 5 7 20 33 42 29 13 19 29 21 13 11 9 6 5 10 21 31 35 48 42 28
31 43 24 1 8 18 25 42 53 59 61 84 18 24 11 9 42 32 33 10 25 31 57 54 34 42 51 14 33 59 82 49 47 52 47 22 9 37 76 91 46 24 14 22 22 13 19 37 38 41 38 33 80 55 46 25 9 49 40 33 36 38 61 76 85 60 40 34 56 42 70 18 2 22 50 27 27 10 22 16 22 20 18 8 4 22 36 28 16 16 16 20 28 36 35 31 47 54 42 26
51 45 24 23 44 50 61 90 60 31 27 60 21 41 42 33 30 56 38 25 5 21 18 35 29 38 46 14 24 74 106 69 42 42 46 33 13 27 54 58 29 9 7 27 37 35 48 72 77 82 58 43 64 40 49 28 28 33 29 30 14 33 21 56 45 30 16 22 4 1 26 18 0 25 41 13 14 24 39 26 35 28 22 12 8 25 38 32 26 21 22 35 53 56 35 11 13 29 31 26
29 17 9 26 37 18 32 86 93 37 25 36 9 12 38 41 55 82 66 70 72 77 35 25 20 70 41 5 23 64 57 63 49 34 38 32 9 12 28 21 44 24 16 26 25 10 9 23 61 82 72 61 63 39 46 21 29 0 43 98 70 89 13 57 66 21 19 21 15 24 16 14 14 35 27 17 14 49 49 36 35 50 64 50 21 13 21 22 28 20 17 24 34 34 22 10 16 40 50 48
38 23 14 36 54 36 36 75 62 8 1 16 24 38 72 78 57 43 32 32 94 86 48 3 17 63 61 40 7 41 57 75 52 20 20 23 6 17 41 37 18 5 2 16 24 21 21 28 26 47 54 50 50 45 44 20 52 28 36 41 35 114 56 94 75 14 33 13 27 22 19 15 29 36 22 36 37 71 62 57 49 53 61 52 30 23 25 20 9 11 21 30 23 7 6 17 57 77 79 66
41 43 26 23 47 52 39 40 49 38 32 45 36 51 51 47 53 31 21 21 70 68 55 29 11 7 43 54 24 69 126 119 66 24 23 33 20 42 81 84 74 57 40 33 31 24 15 8 34 37 50 48 59 84 70 46 22 58 42 10 52 89 27 29 52 21 28 17 5 1 26 36 35 27 28 49 58 58 52 56 58 42 33 33 35 44 41 24 0 3 25 48 39 8 0 15 57 69 61 42
48 89 77 32 32 51 44 29 13 69 84 91 36 45 29 36 20 31 31 48 30 36 30 45 42 4 0 12 75 109 129 109 70 24 23 33 17 37 81 88 60 45 26 18 23 29 25 17 22 20 52 74 115 170 149 121 33 87 65 75 172 112 52 76 122 113 62 75 10 14 33 44 39 20 37 49 59 19 17 25 42 35 39 43 42 43 37 21 17 3 15 47 48 18 3 13 39 47 37 22
52 100 85 27 83 64 48 26 20 51 50 44 38 30 41 42 43 44 62 49 5 8 52 74 69 20 43 45 71 89 81 58 35 22 26 34 1 34 67 69 56 37 20 26 14 72 75 63 40 43 36 36 95 170 89 78 15 106 61 59 60 83 79 63 100 117 66 28 18 42 60 73 58 23 37 79 47 30 10 36 57 36 40 54 47 39 35 25 35 30 20 22 28 16 3 6 22 28 39 48
36 93 63 23 74 57 23 35 43 61 42 26 25 37 69 85 72 54 48 40 55 57 67 61 62 36 34 25 68 44 24 20 31 33 40 52 44 50 59 68 62 49 57 46 13 71 139 104 99 89 102 67 63 43 30 1 43 122 92 41 137 219 240 94 55 117 98 104 73 52 82 106 63 43 49 76 31 31 11 30 24 27 22 25 36 31 26 36 26 35 26 17 34 48 38 23 3 14 31 45
61 34 32 66 58 25 20 60 85 75 33 22 42 59 70 61 57 43 29 26 74 84 70 43 4 30 25 14 88 47 28 30 22 56 65 38 20 15 36 64 63 54 30 30 19 68 126 110 90 103 149 196 78 93 94 88 189 207 197 108 217 255 233 113 43 77 43 108 102 50 48 48 74 56 46 45 9 36 21 18 8 29 16 8 30 29 17 31 24 24 27 45 64 53 31 25 11 13 14 13
65 16 38 78 61 15 24 77 124 101 51 42 59 57 45 22 8 33 40 34 37 69 63 32 42 83 67 39 99 49 39 25 33 32 58 73 67 53 72 92 123 119 74 54 40 84 59 14 17 56 144 195 42 73 180 195 228 232 234 170 255 207 251 255 239 140 36 118 120 41 13 62 66 43 33 4 9 54 60 31 16 26 19 16 35 47 36 25 6 14 22 36 44 28 9 8 26 24 17 6
14 65 82 37 78 35 9 59 121 108 70 58 52 32 35 41 29 88 112 96 30 79 85 53 40 48 43 45 80 30 37 28 68 11 46 110 92 94 163 217 74 116 129 37 27 69 83 72 120 90 234 252 95 255 208 255 223 210 96 244 240 255 242 232 248 239 149 80 29 56 23 25 45 28 46 1 35 73 105 71 31 9 14 25 34 68 75 34 24 66 64 26 24 51 55 39 21 29 35 34
0 62 111 44 69 30 2 24 77 64 45 62 64 33 33 49 72 130 145 116 45 85 86 53 66 39 63 121 135 69 54 62 65 10 13 43 13 91 180 200 87 124 130 43 159 111 114 153 142 167 246 246 239 253 255 139 193 106 180 255 251 237 249 226 249 255 208 121 29 49 14 52 47 41 79 33 52 67 105 85 47 6 12 25 22 62 83 36 18 52 49 16 10 27 31 24 23 29 29 21
8 34 110 72 35 17 12 16 45 26 20 70 88 41 20 27 53 93 89 50 48 56 45 29 23 0 35 118 141 103 65 95 69 62 52 82 82 204 222 162 47 102 132 118 189 81 128 173 110 226 255 247 233 218 245 156 239 155 255 249 241 247 241 236 248 255 165 89 22 68 36 44 66 52 70 43 33 44 65 63 48 23 25 29 20 40 53 26 26 29 29 36 42 29 16 21 32 32 20 0
0 56 109 52 10 31 18 30 46 29 31 84 89 26 5 25 32 62 48 2 74 50 36 44 47 30 25 58 71 65 11 48 5 61 94 155 134 225 247 255 233 151 100 127 82 90 194 55 52 175 235 208 255 255 245 189 136 231 254 242 255 243 255 193 146 138 48 68 64 97 50 31 72 39 25 24 2 31 34 44 32 34 39 37 30 28 27 24 20 22 15 21 45 55 41 29 27 34 31 19
21 56 46 14 23 28 23 28 50 54 45 52 74 25 24 47 40 59 53 39 45 59 47 21 58 67 30 16 66 75 41 69 0 78 77 161 196 233 245 255 255 225 162 179 102 105 200 21 125 112 102 124 255 254 245 251 130 248 245 245 246 236 217 94 29 42 40 68 104 66 39 32 45 35 10 3 22 24 19 30 18 26 38 40 28 14 15 24 26 16 12 19 80 79 61 40 19 31 39 37
21 34 15 3 10 28 21 21 51 46 37 50 69 13 24 69 48 30 30 50 33 57 31 1 30 63 40 14 45 83 97 103 51 87 113 167 228 255 220 159 225 254 206 161 199 143 125 111 245 150 45 159 196 239 248 255 209 255 240 218 255 230 150 83 47 25 30 16 55 18 62 73 38 38 26 19 32 41 35 29 19 11 11 21 28 23 15 11 21 22 22 21 67 65 53 36 4 19 32 36
22 13 1 37 47 69 31 0 16 18 26 57 77 12 24 78 50 16 28 54 17 76 72 59 90 95 59 26 18 40 74 39 82 57 124 124 247 249 255 196 255 242 228 145 231 214 56 173 204 169 154 218 255 242 242 187 216 255 255 255 182 208 114 121 105 38 54 4 55 21 139 153 49 54 50 27 14 34 56 58 36 19 11 22 34 30 18 12 21 31 33 22 44 44 38 26 23 32 38 38
25 15 23 86 70 82 37 3 0 9 18 43 62 2 11 57 75 24 45 67 36 56 59 85 85 34 7 38 53 64 112 53 109 126 170 148 243 241 255 238 247 254 255 243 245 248 86 184 53 200 224 250 255 232 247 255 252 255 223 166 114 191 115 128 63 0 98 19 104 38 238 255 70 59 53 33 13 31 60 63 55 43 37 39 35 22 17 22 27 37 35 19 22 28 29 19 41 39 33 25
31 22 36 88 46 56 45 43 43 53 38 27 38 0 6 35 21 81 105 25 57 139 115 14 96 15 0 45 63 50 80 0 21 191 227 241 235 242 242 255 210 225 249 249 50 116 225 189 88 149 255 235 247 255 117 208 248 255 212 74 167 147 68 58 126 67 32 74 48 74 88 67 63 41 42 53 45 42 43 31 38 27 22 23 13 0 0 9 34 37 30 19 13 29 33 27 25 20 14 11
56 19 12 60 52 76 74 67 82 100 78 49 58 26 29 38 19 45 53 24 113 159 135 34 56 5 14 37 52 47 74 0 42 184 217 249 255 238 238 248 255 216 205 253 251 215 176 198 245 255 234 255 243 242 255 254 230 193 143 7 66 46 36 56 20 7 17 40 35 29 51 35 36 32 48 61 46 25 23 31 50 31 24 34 37 27 26 35 37 31 23 26 15 35 42 40 21 16 15 20
105 38 4 39 70 95 80 51 64 92 79 54 66 36 38 41 18 37 27 13 58 94 116 31 42 23 53 40 53 58 91 45 108 215 255 241 198 154 191 216 176 218 255 219 250 255 157 159 236 255 206 255 120 167 220 188 160 73 62 23 0 39 20 9 36 41 15 25 22 26 22 17 32 42 46 41 27 11 15 36 23 4 0 14 21 14 15 25 37 25 19 35 16 33 39 41 34 25 21 25
148 78 29 28 49 57 50 29 33 56 40 14 27 2 14 30 13 37 38 47 13 26 98 58 60 41 69 33 38 34 63 48 100 181 174 168 111 234 178 97 234 254 229 254 226 245 242 250 255 224 236 255 222 228 234 144 135 64 100 55 27 72 38 29 57 76 26 17 17 33 34 52 50 47 24 15 34 33 13 6 15 4 5 17 16 4 11 30 36 22 19 41 14 24 27 33 33 19 8 8
48 47 66 34 48 60 40 17 27 47 48 18 21 3 6 16 19 42 64 100 71 69 130 103 63 36 78 0 27 52 35 38 70 92 61 15 255 225 248 250 255 227 247 250 252 247 255 247 255 254 251 185 255 203 181 93 105 71 70 26 27 88 73 39 9 10 23 41 8 32 47 46 41 24 20 31 29 12 9 20 20 29 54 62 34 12 21 37 41 32 40 44 27 16 25 37 25 18 20 23
45 42 56 25 39 48 33 13 29 61 57 39 30 24 12 20 63 39 56 124 107 97 132 66 33 19 58 5 34 48 29 72 73 69 65 20 194 240 255 155 238 255 220 250 255 240 243 255 196 245 255 122 84 54 106 63 81 74 22 14 66 88 65 35 60 48 38 46 22 39 47 48 27 32 52 73 73 56 46 49 38 28 35 46 36 24 24 26 27 14 22 40 42 38 37 33 19 19 30 38
34 31 43 19 31 32 20 0 21 66 64 56 42 46 21 20 71 31 34 91 65 54 88 14 17 34 77 39 33 27 0 48 72 33 60 25 69 165 203 84 218 249 255 146 241 254 250 255 239 225 196 116 80 58 114 115 83 121 29 33 93 54 32 26 89 74 57 65 57 57 43 41 21 36 58 73 71 60 55 57 33 12 11 23 23 19 20 18 10 2 13 34 39 36 28 17 18 22 39 50
22 22 36 26 42 38 32 15 18 55 53 28 31 41 36 33 72 48 18 39 22 19 59 16 38 35 61 52 46 68 23 46 45 28 65 36 0 105 131 45 239 250 241 203 255 255 210 241 255 194 64 31 73 18 0 32 31 87 9 15 70 32 24 33 46 35 22 35 48 45 31 34 33 35 30 18 10 15 27 36 30 15 16 22 13 5 12 18 20 21 35 44 36 30 29 22 13 15 31 45
21 19 27 27 49 45 56 48 26 44 45 0 27 32 59 58 85 76 17 35 56 31 50 51 38 39 88 84 15 39 65 136 168 42 0 44 21 36 57 149 246 255 202 249 232 215 253 255 193 106 58 73 40 50 78 54 57 77 29 16 46 42 31 19 17 6 0 2 27 35 43 55 83 73 50 24 16 30 51 62 46 31 31 35 20 7 11 16 21 21 29 32 26 31 39 34 9 4 16 33
34 22 13 11 29 21 47 47 25 43 64 18 67 52 76 66 103 112 53 78 99 30 28 70 66 20 39 61 26 43 54 105 142 105 44 54 48 57 34 87 191 195 176 234 240 211 203 88 22 38 6 24 45 41 22 32 15 22 23 2 3 34 42 29 25 18 23 21 36 38 50 48 49 45 33 20 16 23 35 42 38 17 14 27 26 21 18 14 19 11 10 13 22 44 55 46 22 11 18 32
47 31 12 10 23 7 38 42 29 50 73 48 90 71 77 67 128 142 77 78 81 18 23 55 18 20 34 32 25 32 27 72 113 110 60 51 30 23 19 44 108 138 189 235 100 76 50 54 24 32 15 58 94 81 46 38 30 40 49 25 0 19 37 25 18 15 39 34 40 37 45 17 21 28 35 37 30 23 23 28 21 0 0 18 26 28 28 23 37 32 28 23 26 48 61 52 29 20 29 43
50 39 25 32 49 29 61 63 45 56 55 36 63 62 71 78 134 129 36 6 17 11 28 10 18 70 59 2 17 34 11 40 76 77 50 45 19 16 34 11 18 106 176 148 54 24 83 38 62 58 38 45 46 45 35 7 16 22 15 17 18 33 49 25 14 7 36 31 38 49 70 35 22 33 48 53 40 21 18 25 26 10 14 29 30 28 34 37 39 44 44 25 6 15 29 26 17 14 31 50
32 55 57 32 48 35 53 86 47 50 39 17 22 23 62 63 85 99 13 13 33 37 29 26 34 73 79 16 9 36 66 47 55 66 81 44 24 46 47 28 11 46 76 67 65 41 49 21 28 62 48 64 54 40 19 24 28 16 28 20 51 43 23 14 7 29 32 18 29 61 66 46 33 25 52 49 33 6 16 8 14 15 23 39 53 55 45 35 28 21 7 0 8 24 24 12 7 14 26 36
33 51 60 35 33 11 33 67 50 39 24 6 14 16 44 26 57 71 24 58 61 24 25 65 32 23 26 12 16 12 51 80 53 58 70 54 8 49 45 19 23 17 35 28 7 0 38 21 53 92 83 85 78 57 50 65 56 32 34 25 37 38 24 16 19 42 45 29 36 61 61 38 16 11 27 21 20 0 6 8 27 15 17 37 45 33 23 23 18 18 19 21 27 33 33 30 15 15 21 29
11 18 38 27 19 0 21 50 35 28 29 22 25 23 50 25 41 54 32 74 68 10 9 58 54 3 0 19 45 19 33 60 6 24 48 54 0 42 38 20 66 22 23 28 5 10 62 43 45 61 37 25 42 15 4 5 21 0 3 11 8 34 33 31 26 39 41 32 38 53 46 25 10 12 17 11 31 9 9 20 31 16 16 34 40 24 11 10 25 18 18 31 49 54 42 28 10 5 5 12
22 8 26 30 30 7 21 30 15 27 52 47 33 24 60 45 71 63 17 20 27 10 21 50 14 19 51 59 58 28 48 74 10 14 20 40 38 92 58 21 69 29 12 24 23 30 53 27 18 24 7 0 40 24 27 24 36 22 31 39 13 48 52 48 34 24 20 30 42 42 31 21 12 22 19 13 49 25 12 28 38 38 36 38 50 57 42 19 15 24 30 31 36 40 27 8 19 15 14 21
66 31 33 41 57 34 27 11 23 41 58 42 23 10 50 46 24 36 32 46 69 51 26 6 18 14 24 24 54 53 45 17 22 54 67 47 49 63 41 39 55 55 21 15 22 23 21 11 32 40 33 15 22 0 15 16 0 4 27 33 9 61 77 77 49 16 5 30 48 36 24 26 16 25 12 3 46 22 6 24 51 67 55 30 49 90 83 40 27 78 107 85 52 44 44 38 3 2 5 11
59 27 18 27 63 50 37 19 54 61 48 21 21 13 46 48 24 27 38 46 62 42 34 33 12 8 14 7 32 36 45 35 15 7 0 6 80 125 96 64 69 99 59 36 26 21 23 45 39 30 26 27 25 22 46 34 20 38 56 30 7 49 57 43 53 17 4 27 42 29 19 24 28 30 12 0 40 20 8 26 46 60 39 3 18 70 76 40 17 67 96 76 45 36 31 21 27 25 26 29
29 17 7 4 45 40 37 37 66 74 42 9 27 17 36 44 9 22 57 56 57 27 24 29 34 6 0 13 70 89 91 68 46 37 48 54 53 91 71 37 62 84 59 54 26 22 38 69 65 27 8 23 5 21 37 0 0 25 53 16 22 59 55 21 36 22 14 20 27 26 20 18 31 30 20 12 47 26 16 27 29 29 14 0 1 25 36 31 36 44 50 50 52 53 46 35 39 28 19 17
37 41 27 3 31 20 23 39 56 77 44 5 23 1 8 22 12 31 64 38 34 22 34 38 33 30 37 34 62 65 65 43 36 41 82 96 11 42 34 0 39 38 32 62 31 31 50 67 59 22 12 39 2 35 66 35 10 62 97 53 77 102 77 22 19 29 28 18 19 30 29 19 16 18 21 22 52 28 13 14 24 12 11 19 16 5 14 36 42 26 20 30 43 49 60 72 53 34 16 10
49 56 42 34 6 29 32 31 50 44 52 51 62 27 15 15 12 26 27 2 28 25 37 43 50 41 36 46 9 18 40 71 86 73 44 20 21 33 27 9 25 19 28 50 57 48 50 63 43 28 37 54 81 138 162 127 82 91 146 108 78 132 108 36 36 31 27 30 34 33 26 19 19 10 11 26 33 25 13 7 10 26 35 46 58 43 32 48 50 58 48 59 3 28 37 57 39 48 47 49
57 64 44 25 20 44 44 36 19 41 72 73 76 37 19 14 16 33 38 15 34 33 49 61 55 43 29 30 50 45 47 67 92 75 50 39 53 63 40 5 26 6 2 31 62 69 56 43 40 37 52 71 109 180 204 164 78 75 105 60 32 79 65 21 10 5 8 22 31 29 26 27 24 19 20 28 33 27 15 7 8 27 47 64 68 51 33 29 40 36 42 54 48 45 36 25 2 35 65 81
33 46 35 16 41 49 35 16 31 51 69 50 46 19 23 31 25 47 59 41 43 31 37 43 54 37 24 29 74 24 7 38 33 27 19 25 50 67 51 22 35 16 8 32 70 83 56 23 38 64 83 63 49 90 124 109 57 47 55 14 0 22 13 3 18 7 4 12 20 19 19 23 4 21 34 32 24 20 22 25 11 19 36 45 42 39 31 16 17 9 29 33 76 49 38 17 21 30 36 44
22 29 21 6 51 42 27 18 30 37 51 45 60 48 62 76 17 36 49 43 40 37 45 52 41 40 33 33 69 55 49 64 49 56 56 50 51 57 55 46 29 31 34 46 68 80 62 34 37 71 89 51 4 14 53 68 49 45 49 28 20 22 7 16 38 26 10 1 7 19 23 19 8 27 40 35 28 29 31 30 16 14 24 25 17 27 33 13 5 3 17 12 57 30 27 23 70 64 40 23
44 34 17 4 45 34 38 56 61 62 84 99 118 76 45 29 68 68 60 45 21 17 20 24 35 60 50 26 17 65 72 46 48 58 57 41 23 18 19 19 79 86 78 56 42 39 25 6 49 50 50 39 22 21 33 39 31 36 42 39 39 25 7 19 27 28 14 0 13 43 47 30 39 45 45 41 43 45 34 18 25 22 31 31 21 31 35 14 18 23 19 19 42 32 18 19 80 119 126 97
42 34 23 21 42 33 36 54 33 36 60 81 113 83 55 35 33 41 51 63 42 46 45 43 73 98 111 103 36 38 41 44 47 52 51 43 34 29 26 21 40 51 50 38 39 57 69 67 40 27 21 29 32 19 4 0 13 18 19 21 23 10 0 4 13 28 29 22 36 62 61 39 29 44 56 51 39 30 27 27 34 28 25 19 12 19 27 24 35 40 29 42 53 65 37 20 16 74 102 82
25 34 36 42 39 41 28 22 38 49 55 35 49 40 37 26 20 37 61 85 53 51 41 35 47 60 80 90 54 14 16 56 59 59 53 41 31 24 18 12 26 42 49 40 34 43 54 58 20 25 28 33 35 22 11 14 20 23 19 18 18 16 17 10 15 31 43 44 44 46 42 35 13 30 48 50 33 17 18 29 23 20 9 2 4 6 16 33 44 43 32 35 38 64 48 18 8 36 48 46
33 51 49 50 31 53 38 14 23 62 78 38 37 35 41 27 19 33 54 75 38 45 49 54 48 53 30 0 47 50 50 55 56 58 53 38 23 18 23 30 28 54 69 53 23 5 2 4 36 46 43 34 33 27 19 21 21 23 17 16 13 21 28 11 16 25 40 46 32 15 15 27 37 25 23 37 46 33 13 0 0 10 10 15 25 15 12 33 49 41 29 4 0 21 31 2 0 8 14 26
24 41 52 48 42 39 29 15 20 65 58 39 61 62 38 39 32 21 35 21 31 47 79 63 58 70 60 49 31 82 81 46 20 46 52 29 16 28 38 35 27 59 77 72 16 26 34 34 55 64 56 32 23 35 44 41 17 16 21 30 31 27 31 41 34 28 15 22 3 23 35 53 65 38 24 26 65 51 30 10 9 18 26 45 18 19 12 16 29 32 23 0 27 20 14 4 2 2 12 18
35 30 23 25 36 42 32 17 18 39 31 20 35 35 20 23 52 48 48 42 26 39 45 30 39 56 57 57 43 80 73 39 5 23 31 23 21 33 39 35 37 53 52 48 36 94 126 126 67 55 29 8 16 40 48 39 11 6 9 22 30 33 40 49 40 21 7 17 45 48 62 91 72 60 33 6 38 34 26 20 27 17 10 13 2 15 27 32 25 31 35 29 40 30 17 6 21 37 65 74
29 28 31 37 38 32 26 25 16 18 28 44 47 29 7 0 22 46 61 78 46 49 30 19 0 15 26 37 35 63 58 35 13 16 18 21 27 37 43 45 50 57 48 46 60 120 134 112 56 49 27 5 5 24 37 38 17 11 13 23 27 20 16 18 38 40 26 0 50 63 66 52 50 71 53 19 51 42 26 23 23 10 9 1 7 20 43 44 29 23 20 26 14 18 22 28 39 51 73 81
43 40 43 48 40 27 28 40 35 19 40 75 67 37 17 5 12 27 34 41 23 34 42 54 48 53 53 52 49 59 54 41 31 22 16 17 19 22 34 46 67 71 67 65 73 92 79 49 39 40 34 24 21 28 33 33 31 22 18 18 13 6 7 15 33 39 41 23 44 55 42 0 20 58 55 36 81 62 32 30 19 28 55 41 38 34 71 81 47 28 18 32 5 23 43 63 55 38 32 32
68 43 26 28 32 31 39 52 57 24 34 61 48 31 37 43 48 40 39 32 48 42 47 46 39 38 32 23 29 30 27 22 33 27 24 22 11 3 16 37 26 25 24 21 24 18 19 22 44 35 27 33 46 49 36 20 28 20 13 9 4 9 32 58 39 15 43 96 71 50 27 4 13 35 26 17 70 53 27 34 55 14 11 30 84 87 66 14 20 5 3 28 4 15 24 38 59 30 12 10
43 35 32 34 29 23 32 49 49 22 28 44 31 25 46 64 78 59 56 56 92 63 35 8 22 23 20 11 36 38 39 35 31 39 50 50 30 13 23 45 21 18 19 13 20 4 22 53 53 43 33 32 32 26 18 13 14 18 27 30 22 17 30 50 46 30 63 125 84 59 25 2 10 19 9 0 44 29 13 20 37 56 105 131 119 78 56 40 35 23 23 43 40 42 39 41 37 21 22 29
21 41 63 63 38 14 15 28 28 26 38 45 30 24 41 59 77 59 34 30 49 36 19 21 45 43 30 5 34 31 29 20 32 51 71 71 50 33 43 63 23 22 20 4 19 2 17 42 53 47 38 28 13 4 12 25 16 29 49 60 49 28 20 25 41 49 63 84 83 58 18 0 18 32 29 6 31 27 29 31 25 56 113 153 111 55 23 24 30 19 15 22 50 47 39 34 16 12 29 49
50 62 72 67 47 23 10 8 25 37 48 42 25 19 35 54 50 59 39 43 28 21 12 47 58 52 31 0 31 33 35 27 28 49 68 66 46 34 48 69 41 37 25 0 24 16 29 43 55 36 21 21 25 29 36 45 31 38 54 65 60 46 42 48 28 25 24 43 97 47 9 25 41 60 57 15 25 39 66 71 45 43 62 105 73 37 5 10 14 10 12 18 68 58 41 26 19 12 28 54
28 41 50 43 76 59 44 32 25 43 51 26 63 49 32 50 57 40 53 53 69 50 41 12 16 12 18 24 26 40 52 51 52 50 35 24 29 32 42 62 36 43 36 0 45 15 17 29 29 17 16 27 25 15 22 40 44 60 46 36 35 80 82 68 41 36 14 23 55 42 14 20 41 57 42 29 0 27 52 82 53 32 47 84 46 30 27 33 36 27 35 60 54 29 14 23 31 32 30 38
41 37 47 45 112 101 79 39 56 44 39 24 63 51 26 32 32 29 37 28 41 30 41 43 36 31 25 13 16 45 69 67 69 58 29 0 9 13 30 49 18 37 41 8 48 18 12 14 30 18 13 21 23 21 27 39 58 64 50 40 30 81 102 97 67 63 41 36 45 19 0 10 28 17 18 5 31 36 56 52 41 28 37 70 46 39 36 46 33 34 44 60 52 23 7 13 33 31 29 37
38 56 67 64 90 91 76 53 28 20 32 27 42 26 8 17 27 30 24 10 25 19 35 60 57 54 43 21 16 42 57 45 49 48 34 6 36 33 40 43 14 31 31 0 31 11 13 21 28 22 19 24 29 30 32 34 58 63 67 66 32 58 64 43 29 60 53 28 28 28 20 23 17 13 26 17 30 18 35 39 35 30 24 43 29 28 19 29 43 44 44 38 34 14 11 22 28 23 24 36
40 74 67 65 33 52 38 40 14 18 39 33 31 31 29 43 27 43 43 48 67 43 17 25 55 42 27 11 6 21 30 19 21 30 35 20 58 54 56 46 22 26 21 0 23 6 18 39 43 43 42 40 37 33 27 22 4 9 38 62 26 38 33 0 6 39 41 19 15 21 24 28 34 43 38 43 7 4 5 32 45 45 28 36 29 31 16 26 40 43 39 23 37 24 26 35 24 15 24 43
85 78 58 58 63 84 61 29 17 18 22 10 12 36 34 40 101 91 48 31 42 41 42 76 95 57 31 27 28 39 54 59 33 28 26 10 27 36 54 52 27 19 18 19 33 9 16 45 65 62 55 45 36 31 28 28 20 7 25 52 23 41 46 27 40 43 37 30 30 35 48 66 45 38 20 32 15 18 6 16 20 25 11 23 23 33 21 30 22 34 41 32 68 50 40 38 26 13 28 54
87 51 54 53 107 105 90 29 31 55 67 62 55 64 44 56 99 92 62 55 50 50 52 86 102 51 19 22 25 24 27 28 48 34 37 35 11 25 51 52 35 17 9 15 22 9 22 54 65 51 36 30 30 35 47 59 45 22 18 35 6 17 23 21 44 59 37 0 0 48 67 45 16 6 16 11 32 20 27 20 0 0 0 20 17 29 22 27 31 38 40 28 78 56 48 48 26 9 30 61
36 28 49 62 65 56 45 17 4 40 63 81 74 58 20 52 100 76 39 41 31 47 58 87 104 55 25 30 42 47 42 31 39 34 65 97 29 33 43 35 34 21 7 7 15 27 48 71 57 30 10 14 26 37 51 66 50 38 36 59 37 35 34 46 84 109 79 7 8 79 91 32 0 14 38 21 23 9 31 37 14 8 20 54 40 47 42 40 52 49 39 14 65 36 35 48 30 10 35 70
29 56 61 102 19 28 2 17 7 16 16 55 77 63 16 58 87 50 17 37 34 53 47 51 88 42 10 16 47 84 98 89 29 30 80 134 35 29 25 9 18 24 22 24 35 62 76 79 63 27 3 11 26 28 31 38 25 22 21 43 21 8 1 23 66 59 41 20 30 69 77 47 24 52 51 43 5 14 20 39 25 13 34 76 55 58 56 50 53 51 44 16 61 17 11 26 40 18 46 85
50 100 139 138 64 7 18 35 29 23 21 55 84 49 18 42 72 32 0 40 29 42 22 30 58 45 27 34 66 91 107 123 59 27 64 94 45 20 29 10 34 30 23 20 31 53 73 83 62 26 18 27 22 26 39 39 27 19 25 29 13 5 16 26 16 57 53 37 88 66 40 56 66 44 45 80 0 0 9 46 37 35 40 38 33 43 54 50 30 4 7 29 40 16 10 18 22 27 48 52
74 76 75 84 60 31 41 46 31 14 15 54 86 66 39 40 62 33 5 44 33 50 31 34 57 49 38 47 72 80 78 82 77 51 38 32 17 14 36 57 66 56 36 16 12 25 44 56 45 28 36 42 24 25 52 68 51 25 16 24 29 38 52 59 58 43 47 85 126 55 26 72 63 30 19 51 16 18 18 32 37 15 6 16 33 55 69 65 22 12 21 46 41 41 30 16 21 36 56 45
44 25 10 21 23 15 60 97 101 46 19 34 51 59 54 38 39 25 6 39 26 50 32 29 47 42 35 43 60 56 40 35 53 59 26 6 27 28 30 64 57 63 62 51 39 35 36 37 30 22 38 45 24 25 56 76 65 30 9 9 7 11 23 30 25 5 17 50 82 36 17 31 48 20 6 24 35 36 31 31 26 4 7 35 52 56 53 45 20 20 30 59 29 64 54 21 44 73 89 59
57 42 30 34 40 33 113 189 178 89 35 20 13 41 58 28 18 18 6 34 19 47 28 20 41 33 21 25 40 36 21 17 13 44 31 24 55 51 25 33 31 56 82 88 77 62 49 41 34 19 28 38 27 31 52 58 38 18 14 15 2 0 22 43 32 22 34 34 56 60 58 24 29 22 18 14 44 36 38 44 14 8 35 71 68 41 28 26 29 22 24 60 7 67 66 32 71 109 119 74
