23 0 12 12 36 30 20 18 24 35 53 23 48 34 18 42 54 39 20 12 24 49 69 77 48 5 0 22 28 31 35 27 8 18 26 26 26 27 23 15 28 15 12 20 19 7 3 8 5 7 8 10 11 12 12 11 15 13 12 16 24 26 18 7 24 37 13 15 22 13 19 8 16 12 26 49 124 159 138 76 100 73 25 17 31 41 45 25 18 17 17 19 24 32 39 43 34 43 40 23
15 18 31 0 14 30 26 6 34 66 71 6 13 21 15 20 34 30 24 20 27 43 56 61 14 0 5 25 35 47 53 40 3 13 25 37 48 48 32 15 11 16 18 14 11 11 12 11 11 13 16 18 19 19 18 17 13 8 13 37 64 65 37 7 16 26 5 7 15 13 29 31 24 24 13 25 64 106 132 100 64 65 43 33 24 18 28 21 27 18 15 24 35 38 34 31 30 18 18 34
18 35 53 11 15 33 37 23 55 92 93 27 17 21 11 5 18 20 18 11 8 13 19 21 7 12 25 30 32 47 54 41 18 20 28 44 60 60 39 16 16 36 39 18 7 14 16 6 11 12 14 15 15 14 12 11 13 8 15 42 71 72 42 12 19 21 0 3 15 14 23 28 20 21 18 24 12 15 48 37 0 14 15 17 11 11 35 41 31 24 27 41 45 35 28 31 44 31 29 44
2 5 35 19 19 9 18 34 67 71 60 32 24 9 0 5 27 27 21 11 7 10 15 17 24 34 41 35 27 34 42 40 45 37 32 39 50 52 37 21 26 41 41 21 10 15 14 3 10 9 8 7 7 7 8 9 17 13 15 25 34 34 27 21 24 22 9 11 23 20 16 18 16 14 60 49 29 0 10 1 54 55 32 19 6 0 10 5 24 28 43 57 45 23 24 42 46 52 46 26
28 25 65 67 65 38 45 75 80 49 14 17 21 15 15 28 19 18 14 11 14 21 24 23 25 36 42 40 35 31 35 46 48 40 32 33 37 38 35 31 19 16 13 11 12 13 12 10 14 11 8 7 9 14 20 24 19 16 16 19 18 14 17 24 7 21 26 15 9 5 6 23 21 30 106 42 56 64 65 38 48 44 19 13 14 19 34 29 18 22 38 53 42 21 22 40 47 53 46 28
12 17 56 49 49 29 32 47 64 39 0 17 28 40 38 28 10 13 16 17 21 23 18 11 20 35 41 42 45 36 30 38 26 26 29 33 34 33 35 40 24 6 0 6 13 10 8 13 12 10 8 8 13 22 30 36 21 16 20 33 39 31 21 17 27 62 81 44 10 7 20 55 72 109 152 38 64 109 100 41 32 40 26 20 13 11 28 27 19 14 22 41 46 35 26 27 42 29 27 43
9 11 40 26 28 16 17 24 35 24 0 23 26 35 28 6 24 33 40 39 36 32 25 17 22 43 40 31 41 42 29 24 11 16 26 35 34 31 34 42 40 19 4 8 13 9 7 10 9 8 7 8 12 18 24 28 26 21 27 43 47 34 18 12 58 99 123 73 34 37 43 71 137 190 154 55 60 93 82 23 25 42 39 36 24 18 36 39 24 22 29 46 58 53 39 29 17 5 5 22
37 23 43 36 41 24 26 41 50 32 0 34 25 25 27 19 19 31 40 38 32 29 28 27 22 48 36 14 32 49 37 24 13 17 25 33 32 27 31 40 42 25 11 7 10 10 10 11 11 11 11 11 11 12 14 14 33 29 33 38 31 14 7 12 28 65 88 44 23 36 25 33 141 189 86 41 30 42 49 26 26 40 33 28 18 11 26 25 26 37 52 64 69 63 53 44 11 20 17 2
70 50 34 30 28 23 25 34 55 70 32 10 29 31 34 37 28 30 24 26 37 35 25 25 27 24 30 32 31 40 48 42 31 22 24 37 37 23 15 18 19 14 10 10 11 11 9 8 7 12 13 9 5 5 7 9 15 39 41 16 10 30 41 32 21 35 12 7 40 35 10 20 122 110 63 5 0 26 44 35 33 24 20 24 22 15 17 28 28 48 63 52 37 46 50 33 29 25 20 7
51 40 29 18 6 1 18 40 52 76 47 31 26 30 29 23 23 22 7 0 12 23 25 30 22 21 24 21 23 44 63 60 46 30 18 19 23 20 20 23 15 19 18 11 7 8 10 9 11 14 16 18 18 16 11 7 27 25 22 17 15 25 48 69 56 41 14 18 40 26 10 28 49 59 62 38 12 18 28 17 17 28 37 35 29 29 36 42 23 29 44 47 32 25 23 15 28 13 12 16
13 26 46 58 49 29 21 24 49 65 53 68 29 19 8 0 15 24 14 0 7 16 15 13 12 3 12 25 25 31 48 57 49 26 3 2 17 28 24 14 7 26 34 22 9 9 12 10 10 8 7 12 17 18 13 9 3 2 10 20 21 19 35 57 68 43 31 42 37 13 10 33 3 11 47 60 30 20 24 10 9 34 48 35 20 24 35 41 40 26 34 45 33 17 19 25 25 1 2 23
24 20 22 27 27 20 15 14 37 37 39 91 38 20 4 2 24 45 40 17 11 13 10 6 13 0 11 44 39 15 17 34 29 13 0 6 28 40 25 1 5 34 49 30 10 8 9 4 10 4 0 3 9 13 18 23 24 35 43 38 31 30 34 38 14 12 28 35 13 5 23 36 23 0 20 47 27 22 31 15 10 29 39 27 10 12 26 39 46 23 17 22 13 8 22 36 27 7 9 28
41 29 15 4 0 0 2 9 24 24 25 73 28 35 32 18 33 55 48 18 5 10 18 26 29 17 28 46 36 17 15 20 6 15 25 32 36 35 26 14 26 51 57 31 6 3 6 3 15 11 9 12 12 14 22 33 70 65 52 32 18 20 35 48 0 8 25 18 8 43 77 69 52 5 11 33 16 15 31 21 9 14 24 27 19 14 25 42 48 31 19 10 2 12 33 41 32 23 25 32
17 32 45 42 27 14 12 17 24 35 24 32 0 35 46 13 22 44 44 23 14 16 23 33 37 40 38 23 14 28 34 18 0 26 53 53 32 18 27 42 61 70 62 33 11 9 14 15 13 12 17 22 19 13 16 26 59 38 22 18 9 6 32 67 45 37 27 11 20 73 103 82 54 25 31 41 20 16 31 29 11 9 17 28 26 16 18 31 42 38 32 17 6 21 39 38 27 21 25 30
4 21 37 36 25 19 24 32 29 38 27 21 4 26 43 15 36 49 46 34 29 23 19 24 31 31 29 20 17 31 34 17 0 20 44 48 29 13 25 48 65 64 53 37 25 22 22 20 10 6 9 18 19 13 13 21 38 27 22 23 18 18 40 68 54 31 16 16 27 48 57 48 42 35 41 42 29 28 36 36 17 16 16 17 16 17 22 28 23 22 22 13 1 12 28 30 20 5 12 33
7 16 27 31 30 26 20 14 26 22 24 41 38 28 46 42 83 75 52 32 27 20 17 25 25 9 20 44 45 30 21 16 3 2 14 30 32 21 22 34 41 38 36 35 33 27 18 12 12 1 0 9 17 17 20 29 39 46 37 12 1 17 34 40 32 13 19 47 52 30 23 35 34 32 28 24 28 38 41 37 18 21 15 3 6 27 44 49 24 20 22 19 8 15 36 47 21 0 5 44
23 24 19 48 26 17 24 30 34 34 27 44 28 31 24 39 70 86 25 31 23 17 27 32 40 25 37 57 44 18 14 22 9 3 5 18 28 26 23 23 21 21 21 16 8 6 13 22 22 19 12 11 19 25 18 4 17 28 26 13 15 32 37 28 32 19 15 55 50 42 26 43 43 30 0 25 20 16 19 23 13 11 13 15 25 52 69 62 27 14 19 30 26 26 42 56 31 17 11 21
45 32 11 36 25 27 31 28 28 26 22 18 29 32 18 0 43 56 3 16 19 24 40 45 52 34 35 46 36 23 26 33 13 13 14 17 17 16 18 21 19 15 9 2 0 2 13 23 26 15 10 17 23 20 14 12 18 8 4 16 36 50 53 51 35 39 50 57 63 53 40 26 34 39 10 24 9 13 25 31 13 29 40 32 31 59 79 70 13 15 22 21 16 33 58 66 44 30 16 11
43 33 8 23 7 11 15 9 30 22 17 0 19 29 34 3 25 34 0 6 12 19 37 41 37 22 22 25 16 13 19 21 21 27 28 21 15 18 28 35 37 30 18 8 4 8 14 19 22 7 6 20 25 15 13 22 47 30 13 18 39 54 44 26 26 43 67 49 65 55 46 10 21 45 38 38 18 19 24 21 10 30 41 29 30 61 75 56 4 21 30 12 0 22 50 51 40 37 26 13
0 8 3 20 0 0 16 21 15 11 16 8 24 28 43 45 36 41 17 18 14 9 22 21 15 15 25 27 16 12 14 9 24 31 31 23 20 32 47 57 47 40 27 16 13 15 15 13 10 2 4 15 18 14 16 25 29 35 22 7 28 62 56 22 11 24 42 36 48 42 35 12 14 38 51 57 49 40 23 6 19 19 18 16 27 52 55 31 6 27 41 22 0 11 33 35 52 66 72 65
10 23 18 32 0 0 12 21 0 0 16 60 54 35 22 42 46 48 43 35 21 8 18 14 19 28 45 47 32 25 27 21 22 24 22 19 24 39 55 63 45 37 22 8 6 12 14 11 6 9 10 9 11 16 19 19 12 27 24 8 17 45 49 28 15 12 13 36 32 31 22 31 23 23 38 50 65 58 37 19 39 21 15 21 26 35 37 26 15 31 52 49 23 15 28 37 33 53 68 68
54 44 22 38 14 8 11 13 17 9 18 76 66 42 10 26 34 29 39 28 19 11 28 26 24 28 40 42 26 21 27 27 27 20 16 20 27 35 46 55 59 49 28 7 1 9 15 13 14 19 17 10 11 18 19 14 27 26 25 22 14 10 17 26 36 27 18 49 35 33 22 43 37 18 25 23 48 56 50 45 45 29 28 32 21 17 27 35 29 36 58 66 40 18 22 32 31 41 49 49
41 21 1 39 32 29 30 30 38 29 26 42 45 41 32 34 29 9 21 9 13 20 48 47 29 19 23 27 17 13 19 22 26 14 11 19 22 18 24 37 53 50 34 15 8 15 18 14 20 16 13 13 15 16 16 17 18 14 16 22 18 10 20 38 47 52 53 56 49 45 35 32 38 30 43 10 21 32 37 38 31 23 27 27 17 18 32 38 31 34 53 62 40 21 22 29 19 15 13 15
38 20 7 51 39 23 17 19 23 31 37 10 25 35 55 44 42 9 17 1 15 32 65 65 43 25 24 33 29 24 26 26 17 3 2 14 12 0 2 20 14 22 22 14 13 21 21 14 20 6 2 14 19 13 14 23 18 22 21 15 14 20 26 28 44 66 82 53 59 53 47 13 30 47 74 18 6 9 10 7 17 12 14 16 20 36 45 36 20 25 43 51 39 33 39 43 35 23 19 25
23 17 30 59 68 48 28 24 33 20 10 14 21 20 16 14 24 22 27 23 8 8 19 21 5 16 35 19 5 14 25 48 43 53 55 43 32 28 23 16 19 12 10 16 20 18 16 19 8 11 7 7 16 15 12 19 19 11 10 24 39 39 26 13 11 47 59 46 40 37 22 10 8 49 60 33 12 7 6 7 15 21 34 7 20 36 60 37 18 15 35 48 39 47 68 69 51 36 56 28
47 32 27 39 46 39 31 30 37 27 14 8 10 15 14 10 10 17 34 37 20 9 5 0 4 8 23 10 1 10 18 40 67 77 77 64 51 46 40 33 22 14 10 14 18 17 18 20 16 20 14 12 18 15 10 16 12 23 15 2 19 49 49 27 16 27 27 22 29 34 27 19 18 23 33 35 21 9 16 30 20 29 51 32 24 16 43 45 32 19 13 11 23 64 92 82 58 44 49 10
54 36 19 15 17 18 17 18 32 32 30 27 31 37 37 32 28 31 42 43 29 26 33 33 22 18 30 25 22 26 20 31 37 47 49 39 29 26 23 18 24 16 11 12 16 17 18 20 17 22 17 14 18 15 10 15 19 13 1 5 27 42 49 57 35 38 37 31 26 24 26 28 24 6 16 28 13 8 24 34 14 28 55 42 25 12 31 35 15 18 13 2 16 63 85 66 43 45 49 11
43 36 26 18 14 13 13 12 12 18 32 48 52 43 36 36 30 24 25 21 14 27 51 61 43 25 25 22 29 36 21 23 18 29 33 24 17 17 16 12 21 15 11 12 15 17 17 16 8 16 14 10 16 16 13 18 30 16 2 15 37 30 26 46 39 62 81 65 28 14 24 33 13 5 23 26 5 18 43 37 23 25 30 17 9 19 38 35 24 48 55 33 19 35 50 46 22 39 52 36
34 39 42 38 32 29 32 35 24 25 43 66 62 36 26 36 30 23 24 22 17 28 46 51 38 18 14 13 30 46 29 21 22 33 36 27 20 21 20 17 14 13 12 13 16 18 15 11 4 15 13 7 13 17 17 22 32 41 18 2 20 24 11 12 30 61 90 71 26 14 28 31 1 4 33 42 20 31 59 57 52 28 14 16 7 16 38 57 67 84 83 55 23 13 30 54 40 44 44 52
28 32 37 39 36 34 43 55 45 40 49 61 51 30 33 54 61 46 36 29 22 30 41 40 25 28 48 56 76 89 58 34 3 14 20 13 10 14 16 14 11 12 13 14 18 21 17 10 11 23 19 9 13 18 20 25 36 37 10 0 15 11 9 39 52 50 62 55 28 26 32 18 7 5 33 55 39 28 43 54 48 24 31 66 41 14 19 57 55 59 55 45 32 16 24 55 81 62 28 45
36 27 26 32 32 28 36 51 37 39 37 27 15 16 37 58 69 44 23 12 7 19 31 29 25 51 83 81 88 100 70 43 8 19 24 17 13 18 20 18 12 14 14 13 18 24 22 15 16 28 23 9 12 19 23 29 42 35 10 11 24 3 18 89 85 38 30 49 44 40 36 16 12 15 30 46 45 34 26 25 16 18 43 85 54 27 16 37 16 22 21 27 34 20 16 38 87 72 24 33
55 36 29 38 40 30 31 44 42 54 46 16 1 18 45 59 54 31 15 12 14 27 35 28 34 56 71 40 31 54 50 40 37 46 45 33 22 20 19 14 15 16 14 12 17 26 26 20 15 28 22 8 11 20 26 32 43 66 44 16 18 13 34 95 92 20 10 52 60 49 42 28 4 25 29 28 47 58 35 8 0 19 32 48 25 41 35 31 20 28 21 17 24 13 8 29 62 71 30 31
59 41 35 31 10 1 16 32 36 28 23 16 14 32 49 48 53 1 7 39 28 20 30 26 28 49 50 26 13 23 29 22 36 40 45 45 36 22 14 12 9 16 32 8 19 25 31 21 23 32 33 6 49 46 34 29 25 42 24 20 80 81 47 72 63 53 105 50 56 47 35 17 12 31 30 0 45 75 71 26 14 22 12 17 24 29 37 23 16 24 28 19 8 4 7 12 34 36 30 18
55 38 29 20 4 7 29 46 39 23 14 16 26 47 56 45 30 37 54 64 47 25 20 25 23 44 58 46 21 8 16 29 34 31 39 55 52 30 15 14 15 11 25 14 26 21 30 33 39 13 45 65 61 57 57 27 33 0 1 94 78 91 81 78 62 49 75 60 46 30 29 37 30 36 28 32 50 61 43 30 26 31 30 43 32 10 25 40 26 32 44 45 24 1 5 26 33 23 16 15
26 21 23 24 23 43 73 88 61 43 32 28 29 40 41 27 50 78 71 41 25 15 20 44 37 41 50 48 22 0 11 42 72 69 69 70 61 39 15 0 8 12 29 25 35 21 27 21 22 34 29 32 29 51 42 26 34 49 31 104 93 68 52 86 56 14 3 32 28 18 0 5 42 37 23 52 42 30 2 18 45 44 40 56 51 33 48 59 59 63 81 92 62 21 22 53 30 14 6 14
20 22 29 27 21 33 48 49 51 44 42 32 16 17 26 25 0 40 75 83 72 46 12 0 25 28 45 61 48 16 5 15 36 47 49 39 37 40 28 9 3 16 25 17 29 23 36 20 6 67 43 27 16 57 32 1 71 115 37 56 155 101 26 15 60 14 24 59 76 78 23 6 31 30 25 45 37 20 3 23 36 32 11 13 27 37 44 27 32 32 45 55 34 1 0 23 28 21 17 18
24 27 35 32 20 23 28 21 8 9 18 17 5 11 30 40 10 9 39 58 42 41 44 25 20 28 42 51 42 22 11 11 2 10 19 26 28 28 28 28 20 16 9 12 30 18 45 43 0 4 19 81 20 22 41 56 48 112 108 123 114 35 40 76 21 0 53 50 69 82 24 2 13 23 32 24 40 34 40 45 71 70 46 38 38 44 58 49 45 37 28 22 17 14 17 22 27 40 42 30
16 15 24 30 27 33 44 45 8 5 13 18 11 14 29 35 21 0 26 45 19 21 42 32 12 29 45 44 29 16 12 14 22 11 21 46 42 15 10 29 35 17 8 39 58 16 34 34 35 64 32 79 92 111 59 0 6 40 83 199 155 70 34 76 58 25 44 13 27 56 33 22 11 20 26 2 28 30 42 35 51 55 48 49 26 5 33 62 66 52 24 1 2 17 19 8 23 48 57 40
19 9 15 23 17 15 24 28 31 33 44 43 22 11 19 26 33 18 21 26 18 22 33 31 4 20 41 50 40 19 3 0 16 8 14 31 31 14 9 19 22 21 15 47 72 35 44 18 0 57 59 160 189 105 55 114 177 188 179 231 182 97 19 57 83 46 0 1 0 16 36 43 31 23 9 4 20 20 17 19 26 29 26 41 33 14 31 46 53 47 31 17 20 31 25 8 12 33 45 40
24 12 20 33 25 16 20 25 26 43 68 64 27 6 20 38 29 29 15 18 45 54 42 37 60 31 7 3 6 7 15 27 27 34 28 11 10 22 17 0 0 23 9 15 52 59 83 35 5 61 31 48 61 65 61 45 58 156 249 245 189 102 36 28 46 47 0 51 12 0 47 75 52 28 0 26 31 30 13 32 35 30 14 31 57 64 51 15 0 7 19 29 39 42 30 14 1 12 26 35
8 37 63 51 18 10 17 14 18 28 47 29 26 38 38 67 52 16 0 30 80 96 68 35 79 71 10 6 1 36 65 67 62 40 16 9 19 24 14 0 6 12 22 3 51 56 87 81 64 134 161 81 155 169 98 33 72 195 244 249 152 70 94 63 29 5 52 36 13 16 57 80 96 81 41 18 24 20 12 25 53 42 24 21 42 61 47 19 1 31 44 31 28 40 33 10 12 18 21 19
31 48 62 45 17 14 21 16 2 11 27 17 23 38 34 55 48 25 11 26 54 65 57 46 58 59 25 38 32 47 60 60 61 42 24 17 15 14 17 22 12 33 37 29 69 34 52 89 119 189 197 147 151 110 0 36 203 248 72 230 86 74 103 51 0 36 53 10 28 24 28 74 100 84 44 20 26 22 7 5 17 37 57 56 36 24 36 57 75 57 36 23 18 18 21 23 25 26 24 20
40 45 48 35 21 30 40 32 21 22 24 14 23 34 26 36 33 20 10 13 24 32 35 35 14 17 10 36 31 22 17 15 8 8 14 19 13 6 11 23 22 27 17 39 37 33 51 69 63 80 74 81 80 131 96 94 214 226 251 162 59 23 62 1 20 45 33 8 65 71 31 26 55 46 21 11 31 41 28 17 28 52 91 108 82 45 48 75 77 45 18 17 24 24 23 27 27 24 17 13
28 27 27 21 21 38 46 33 48 46 34 21 25 28 21 25 30 20 13 17 27 33 33 29 30 22 22 47 49 33 21 21 34 44 52 48 38 31 31 33 47 19 12 53 17 92 147 91 130 50 97 49 70 228 115 55 253 255 247 176 86 0 66 27 33 12 29 41 50 83 113 107 42 37 23 16 29 38 25 7 16 22 44 63 52 26 18 30 39 26 12 12 27 37 29 14 17 18 15 11
17 16 18 16 19 36 38 19 45 52 40 31 31 26 21 20 16 14 12 15 23 30 32 30 30 9 5 15 31 32 29 31 36 43 36 18 14 27 34 27 39 8 23 23 1 40 126 47 80 82 28 72 152 255 143 9 179 215 45 103 35 6 77 54 62 10 30 66 25 28 70 67 46 43 39 32 29 32 24 8 18 24 29 25 18 19 31 45 43 31 17 13 19 21 14 4 12 21 27 24
16 20 26 26 28 44 46 28 43 58 46 41 38 23 19 11 6 13 18 18 19 27 36 40 39 17 16 7 38 60 65 64 40 49 45 30 28 39 38 25 28 35 82 65 103 39 124 92 123 175 121 124 94 158 135 82 170 215 151 41 17 5 46 15 47 19 5 42 29 10 22 43 38 33 37 38 28 29 34 28 6 18 21 14 17 34 45 45 36 18 13 27 28 11 3 10 11 24 34 32
27 34 42 38 33 47 54 42 56 66 41 33 31 16 18 10 21 27 32 38 46 54 52 45 25 18 31 5 37 68 70 55 43 51 60 58 42 22 7 1 36 54 82 116 143 42 56 30 87 161 150 140 64 14 190 255 200 171 113 45 47 40 64 42 64 92 54 43 17 5 31 87 58 40 41 42 23 15 23 23 17 23 24 23 33 48 47 35 19 12 19 36 40 27 18 20 12 21 27 25
42 48 52 39 24 33 42 34 61 62 22 12 14 9 24 19 19 16 19 35 60 67 44 14 10 18 44 7 34 62 54 27 14 20 39 55 42 15 15 35 40 51 60 203 204 179 141 81 162 86 126 111 198 31 105 248 239 113 30 43 47 102 41 15 13 65 51 62 59 74 79 78 68 41 40 46 27 18 29 33 26 26 19 7 3 12 25 33 35 42 40 31 33 43 39 24 17 20 20 17
38 29 25 16 5 10 19 16 41 42 0 40 21 35 27 28 11 14 6 32 44 63 28 0 1 29 44 22 44 49 46 21 9 31 34 0 22 16 51 60 66 62 44 126 149 193 197 140 178 19 92 149 254 107 36 203 188 101 123 51 61 87 77 40 12 55 35 55 64 73 56 39 38 37 54 45 9 12 38 35 24 28 40 24 12 13 3 7 19 24 21 14 15 26 33 32 22 23 24 24
39 23 17 18 18 26 33 28 59 56 14 30 12 20 22 22 25 22 23 37 31 23 13 18 12 36 50 30 47 47 49 37 42 30 36 36 44 33 69 91 94 69 46 164 230 239 228 255 255 175 213 218 253 231 223 248 106 52 102 122 109 146 102 103 50 82 55 61 56 52 28 7 10 37 57 34 4 21 45 36 9 29 57 43 21 17 13 27 15 11 13 23 32 32 27 25 31 38 45 46
46 33 34 40 34 33 41 44 65 66 47 45 38 32 32 20 29 41 55 37 14 0 18 42 56 54 43 11 22 22 43 53 33 26 17 64 65 106 87 77 63 94 103 253 255 174 247 255 225 239 246 253 249 249 249 207 104 74 146 157 75 51 4 56 23 47 33 42 45 48 34 19 22 46 53 32 20 32 39 30 11 28 56 46 28 24 21 36 53 39 37 53 64 58 47 44 28 39 49 51
33 36 53 56 33 17 29 43 49 49 49 36 47 41 43 23 29 64 85 33 6 0 33 46 73 52 32 12 37 44 71 91 53 2 26 20 137 116 114 74 39 128 65 239 251 227 255 196 251 121 127 255 255 221 255 235 149 72 68 0 46 111 93 41 14 24 20 24 27 30 22 12 40 32 20 22 33 29 19 20 23 20 31 25 24 27 15 17 42 27 15 18 25 28 25 22 21 27 34 35
12 24 51 61 40 25 32 42 36 23 24 0 23 25 36 24 29 59 79 34 13 4 34 42 65 42 32 32 64 50 47 47 44 23 41 115 186 146 83 124 174 203 164 102 207 255 234 234 255 255 240 196 235 255 254 163 114 83 111 45 56 50 68 51 32 25 27 21 20 18 13 6 20 8 0 7 24 23 18 26 24 14 22 22 28 30 8 3 30 30 21 10 17 37 46 41 34 32 30 29
16 27 55 75 76 76 75 66 37 23 33 13 30 29 28 22 21 25 40 38 29 12 31 55 68 43 33 30 53 24 6 0 50 28 33 15 61 49 92 212 255 230 225 151 255 249 245 157 253 192 240 255 255 205 203 128 212 149 93 95 86 61 63 61 42 21 34 24 24 24 27 25 12 25 32 24 19 29 45 51 21 23 47 53 52 43 17 14 6 23 27 18 27 53 65 58 53 47 41 39
17 32 58 76 83 93 91 72 40 33 57 49 51 42 26 29 24 20 24 42 30 20 28 57 59 40 30 22 45 34 46 60 54 59 59 32 2 61 108 207 245 137 255 218 142 216 221 249 250 255 255 218 250 251 226 69 174 236 178 161 66 56 97 106 81 47 60 38 30 21 22 20 20 33 54 48 21 26 52 60 26 33 64 73 68 53 25 24 14 27 35 34 41 55 60 54 43 40 38 37
0 18 47 53 48 57 59 42 36 30 53 47 37 31 19 40 44 51 41 45 19 23 21 38 45 36 31 18 36 35 69 101 74 32 98 64 60 54 94 114 231 153 239 216 185 59 237 178 251 198 225 255 187 85 109 30 157 159 62 102 44 9 75 115 113 70 83 52 38 23 22 20 13 0 25 44 15 5 31 47 32 31 54 64 64 51 20 14 22 23 25 27 27 26 23 20 15 18 21 22
12 41 56 40 25 28 34 32 26 42 56 53 37 23 17 16 24 29 32 27 18 16 23 30 28 32 16 44 9 2 51 97 34 30 118 0 61 44 39 62 248 240 153 78 116 124 76 129 195 255 254 254 238 255 209 85 65 161 188 92 46 27 50 72 48 46 36 32 47 36 5 30 22 39 24 25 7 0 18 23 12 14 34 45 27 11 14 21 23 34 35 26 22 25 16 0 1 9 19 27
46 48 47 41 31 25 28 34 18 30 45 52 47 32 14 2 5 10 13 10 6 9 20 31 42 34 16 25 12 5 19 38 27 10 61 5 93 57 114 4 204 211 74 177 248 241 228 108 217 221 239 253 255 238 129 107 57 117 122 90 90 73 49 23 12 13 15 12 50 50 22 26 66 60 25 23 40 56 63 34 26 23 35 36 6 0 12 44 37 38 31 18 13 17 17 13 14 19 28 35
27 15 16 23 13 0 2 26 26 14 5 8 17 20 12 2 0 4 15 19 17 17 22 27 31 18 18 11 30 34 35 48 38 9 32 19 56 63 179 27 134 243 255 115 211 255 249 183 198 226 255 252 242 231 7 74 24 84 85 93 88 65 41 17 27 35 47 17 51 43 18 1 53 45 15 11 53 91 98 57 54 49 62 68 38 15 31 58 44 35 20 7 3 10 23 33 20 18 16 15
12 13 26 37 20 0 14 49 67 33 0 0 13 31 35 32 10 16 22 22 18 16 20 24 21 9 29 11 38 43 50 81 66 55 98 80 15 94 216 174 182 255 253 255 225 187 214 179 134 255 200 255 92 49 43 41 31 68 41 58 56 54 39 14 33 56 84 32 54 47 45 28 18 37 44 28 43 60 80 66 15 5 13 26 21 14 14 13 46 32 17 8 8 16 33 50 45 35 22 12
27 31 41 46 37 30 48 73 86 51 19 15 31 41 39 34 31 27 18 6 0 1 12 22 27 11 37 19 31 26 31 59 44 71 129 96 3 81 185 235 255 250 244 248 236 255 222 195 190 250 33 80 76 58 55 23 26 56 30 31 17 30 31 18 30 48 77 23 43 49 62 49 32 69 108 71 42 17 40 57 33 18 12 17 28 48 57 47 52 39 26 21 21 25 35 45 45 40 32 26
30 20 12 17 31 47 61 71 81 53 26 19 23 23 23 25 34 32 26 17 10 8 12 17 19 8 31 34 37 43 49 47 62 100 118 77 47 72 153 185 224 243 192 212 255 221 243 255 248 237 176 91 120 122 43 28 13 36 43 29 8 17 19 21 31 28 41 2 22 39 50 36 45 73 120 73 45 13 36 58 45 34 29 28 28 43 53 47 49 40 29 24 24 24 22 18 14 21 30 36
45 22 5 13 32 47 56 61 76 57 37 25 17 15 28 45 39 38 35 29 23 20 22 24 17 28 43 53 33 62 83 48 54 82 63 35 61 84 95 73 97 176 176 255 242 230 251 207 111 196 171 112 150 88 56 81 48 16 32 23 36 44 18 11 17 7 17 4 18 44 54 53 42 50 81 25 28 28 53 62 33 17 21 33 26 13 9 7 35 31 22 16 22 27 18 3 2 15 32 41
65 40 24 30 34 28 30 41 50 44 39 32 18 11 27 51 56 43 24 7 2 11 28 41 43 72 72 63 5 42 74 20 28 54 47 46 79 145 68 23 52 161 225 180 240 255 255 231 255 207 136 143 102 42 45 82 60 19 60 38 36 29 16 44 28 21 34 30 23 42 52 66 54 47 58 0 6 32 58 52 31 0 0 29 31 8 0 2 23 23 16 13 25 40 31 11 0 8 21 25
51 77 83 68 52 35 23 24 34 35 23 28 27 24 44 51 69 58 44 33 24 23 33 45 42 62 72 55 30 18 18 20 23 48 73 121 124 119 69 40 61 126 185 255 231 220 255 255 253 131 62 64 57 58 86 102 29 18 76 17 28 28 27 46 42 56 55 33 14 20 42 58 53 38 13 2 16 35 30 12 0 16 18 8 13 21 20 19 27 34 20 9 31 54 46 29 22 4 14 31
37 68 85 76 57 31 8 3 33 24 18 40 36 12 28 49 57 67 67 52 37 31 29 26 17 28 53 71 58 28 16 24 24 39 62 108 100 81 43 36 40 59 89 65 44 36 191 254 240 127 90 87 52 74 89 23 31 34 40 28 19 18 29 44 64 61 48 26 12 14 28 38 32 16 13 29 41 34 22 16 21 25 22 22 23 14 11 23 43 53 40 23 34 48 41 29 20 5 13 26
19 40 47 39 28 13 4 8 39 28 21 46 47 18 15 16 39 68 78 53 23 17 22 24 27 24 33 48 46 30 28 39 22 17 23 51 37 20 18 46 13 8 39 19 50 48 184 218 249 115 65 70 27 17 36 12 33 57 17 49 16 8 26 31 44 55 68 71 56 35 24 24 15 8 15 35 44 36 27 27 20 30 31 28 27 17 8 12 40 52 42 23 25 30 23 16 19 10 16 23
19 22 14 7 9 7 9 22 40 33 12 20 37 43 42 18 48 52 43 21 6 9 21 27 33 30 19 10 16 32 43 43 26 17 14 22 12 9 32 69 72 41 13 18 28 22 34 7 0 4 15 29 36 28 11 0 20 57 22 48 8 0 11 5 9 44 90 112 91 50 28 27 23 27 21 12 16 28 30 22 15 49 57 41 43 50 36 18 21 32 26 13 15 16 7 1 13 13 17 18
37 30 19 21 29 21 11 14 31 28 3 2 20 43 66 57 68 36 9 8 20 26 24 22 14 16 15 16 27 39 39 29 18 25 31 23 21 25 43 56 68 48 14 29 24 32 18 0 11 35 41 37 39 32 24 31 22 57 60 41 14 18 26 21 8 32 65 79 63 35 27 34 39 39 27 12 12 23 25 17 12 43 48 33 36 45 36 23 15 21 15 11 20 20 8 1 9 19 19 12
47 34 20 26 38 28 14 17 32 37 30 34 24 12 33 47 48 33 29 39 38 24 20 27 26 16 23 44 52 38 26 26 28 41 44 17 18 28 44 38 40 35 37 27 34 20 22 15 28 4 27 61 44 20 21 23 26 52 79 27 15 31 42 44 10 13 21 29 30 27 28 31 35 29 33 45 47 37 33 38 24 25 19 17 18 9 8 22 21 20 10 10 25 26 14 9 20 36 32 16
50 33 16 21 33 26 22 36 47 59 54 48 22 0 14 25 13 28 46 50 31 11 13 27 41 29 30 44 46 31 25 30 46 56 57 20 23 31 51 42 41 28 32 0 18 0 11 10 17 25 39 36 27 32 28 4 26 45 65 17 4 15 25 29 6 11 16 20 25 29 26 20 24 28 43 58 56 40 36 44 53 44 33 32 28 11 9 31 23 16 2 3 18 21 16 19 30 53 45 23
56 43 32 39 45 32 27 44 57 69 42 13 2 18 50 49 5 13 20 20 19 17 12 6 18 25 28 25 27 33 32 25 24 38 52 23 27 23 37 26 28 29 37 18 32 26 28 35 27 48 40 49 71 35 13 56 52 70 71 46 23 19 23 21 17 31 38 29 20 19 17 13 24 45 54 41 25 21 20 17 57 62 53 41 35 24 17 22 21 12 0 0 10 16 19 30 29 56 48 23
47 64 39 73 69 45 27 34 51 43 35 13 18 32 32 27 0 15 35 48 49 34 20 27 28 29 24 17 20 26 23 13 7 11 20 28 33 33 28 23 20 27 30 23 17 19 24 27 34 35 35 42 49 41 39 55 56 58 39 77 59 34 22 21 32 37 48 28 15 14 13 21 37 62 63 60 61 25 0 1 42 36 23 37 40 27 28 21 24 13 7 4 5 21 28 18 12 13 16 18
53 56 29 56 52 39 28 27 40 33 31 36 45 26 1 3 29 47 46 65 60 45 35 41 35 33 24 13 11 17 18 14 30 34 35 30 22 18 21 25 18 21 23 21 15 12 15 20 33 24 15 19 29 31 39 56 49 47 29 63 53 37 31 33 44 48 41 42 26 24 32 47 57 64 53 58 77 54 14 9 22 19 5 16 23 20 28 23 16 25 29 13 3 24 44 41 9 9 9 9
37 40 38 63 50 38 26 10 33 39 24 36 57 46 27 44 56 51 5 27 26 24 22 24 34 32 26 18 14 17 21 23 43 54 61 53 35 21 20 25 28 22 21 23 22 21 29 42 43 31 23 28 39 48 61 76 71 49 12 23 18 20 34 48 50 54 29 66 46 36 43 57 56 53 36 42 66 55 22 12 41 41 22 21 21 18 23 11 13 30 37 18 8 32 51 41 16 18 21 24
15 20 39 57 44 40 30 3 4 38 7 1 20 31 24 41 93 77 12 40 50 52 39 23 23 26 30 31 30 30 36 43 19 32 43 38 24 16 22 31 36 20 10 11 11 10 23 43 21 17 23 32 34 41 54 63 48 33 19 31 33 28 24 24 41 46 12 80 62 41 36 40 34 35 24 22 33 29 16 17 10 20 10 14 23 33 46 34 27 25 24 20 23 42 46 27 23 27 34 40
20 9 21 28 42 62 56 20 41 91 60 57 51 40 17 24 60 67 38 64 70 57 26 0 20 22 30 38 40 40 49 62 24 27 25 17 12 20 41 59 53 34 21 20 16 9 13 26 4 6 24 31 18 19 36 41 23 14 21 31 45 43 33 28 27 31 0 72 61 40 28 24 23 23 16 12 17 21 22 26 0 7 0 9 26 47 71 67 40 18 11 21 29 37 40 33 29 29 30 30
38 17 23 24 74 110 88 38 52 89 56 80 56 23 0 13 42 73 93 83 75 55 33 23 29 25 30 40 41 37 46 62 49 49 46 37 28 28 37 46 50 40 34 37 36 27 21 22 20 20 37 37 12 15 41 47 21 7 17 10 28 33 31 32 17 19 0 50 45 36 28 26 24 17 10 11 22 34 34 25 21 24 10 14 24 36 59 59 29 8 7 18 16 16 31 45 41 35 28 21
41 32 40 25 84 117 86 41 53 73 28 59 33 23 24 36 34 65 114 59 50 39 31 39 32 27 35 49 48 34 32 42 33 44 53 49 34 19 12 11 22 20 19 23 28 29 23 18 23 18 33 31 5 17 50 55 8 2 31 20 35 26 8 0 8 15 17 33 29 28 26 30 24 17 17 22 29 38 33 16 6 9 2 14 20 17 31 30 8 2 11 20 12 9 21 30 34 33 32 32
33 38 42 0 44 74 59 40 59 81 25 42 16 36 50 42 27 52 118 42 46 41 26 28 27 27 42 64 61 36 20 21 16 31 46 46 34 24 23 28 26 23 18 16 22 30 30 23 20 12 29 31 11 29 64 66 22 12 37 14 27 22 11 7 1 15 38 29 22 22 20 27 21 24 35 37 31 32 27 10 11 17 18 36 35 13 9 0 0 4 21 30 25 22 17 4 7 16 30 43
22 11 22 26 16 40 59 38 61 55 30 35 33 34 60 47 34 23 54 79 51 25 20 8 14 33 43 51 38 33 49 41 23 14 5 2 19 37 53 56 48 29 31 0 30 41 27 19 15 21 15 4 15 26 41 55 24 26 31 2 26 35 52 61 38 39 17 36 10 20 30 8 19 21 33 47 46 30 17 13 19 21 27 26 20 28 33 22 10 8 28 37 43 42 22 21 7 25 24 56
33 28 39 33 12 27 50 40 29 36 24 22 25 27 36 31 16 26 45 46 31 36 50 46 27 21 19 39 39 34 52 52 26 16 14 19 21 23 34 45 46 38 44 15 42 50 31 17 18 13 0 0 28 47 36 18 37 46 52 22 32 33 53 66 33 26 17 58 48 46 42 22 12 22 31 32 29 25 20 16 19 27 34 24 12 22 30 21 13 14 33 35 32 32 24 36 36 39 24 51
60 50 50 36 13 21 35 25 3 21 27 14 26 32 15 19 33 43 35 17 16 33 58 79 71 40 20 39 38 22 31 30 19 22 30 36 23 21 18 14 23 38 58 45 66 63 30 1 6 17 17 17 19 29 19 5 43 58 57 25 19 14 38 58 44 25 21 71 75 62 47 31 25 39 44 33 26 32 38 37 35 33 39 36 16 9 19 26 15 12 26 24 23 30 32 50 41 29 3 33
50 31 19 10 4 12 13 0 4 24 35 17 38 48 10 17 47 45 26 24 40 34 38 71 88 60 34 40 31 14 21 15 22 35 48 58 43 56 41 11 8 34 49 44 58 58 30 4 0 18 34 43 14 11 11 21 38 54 40 16 4 0 23 42 58 39 32 58 67 57 41 30 43 51 53 42 32 35 47 56 58 36 39 51 30 3 9 30 10 2 13 14 20 33 37 55 34 14 0 24
26 14 6 5 9 19 19 8 19 30 35 19 46 56 13 16 26 32 20 31 64 52 27 40 60 56 38 31 21 28 54 48 32 20 23 55 42 59 41 15 17 33 21 12 18 33 34 30 16 13 24 60 35 28 15 20 28 46 26 25 21 16 30 35 49 46 45 37 48 51 41 32 40 35 34 34 24 14 25 46 54 38 39 45 32 18 19 22 0 2 24 22 17 23 30 54 50 28 0 32
23 26 26 21 18 19 25 32 29 29 22 19 42 46 17 12 26 41 20 8 38 49 30 25 50 63 48 27 18 45 83 76 56 9 0 49 24 26 10 6 14 30 9 11 8 17 26 34 37 26 33 76 41 34 11 7 23 42 19 44 51 47 46 34 25 43 56 26 41 53 46 38 30 15 11 18 12 0 5 26 32 36 35 22 19 37 37 13 0 19 56 47 19 8 16 48 64 44 9 33
28 33 29 21 17 14 20 33 36 28 14 27 39 33 27 15 40 53 31 5 14 24 20 21 48 62 48 29 23 49 80 63 58 23 18 64 22 27 13 6 8 32 18 40 28 16 13 20 38 40 45 72 20 30 19 16 39 53 17 51 62 59 53 33 24 47 65 23 39 47 38 36 34 19 11 15 15 10 13 24 27 27 23 12 12 34 39 20 13 39 79 69 34 12 9 36 47 39 10 29
46 43 31 27 37 40 42 52 41 31 15 39 41 27 39 23 31 43 44 39 29 9 1 14 22 34 28 25 29 50 69 43 4 13 29 61 12 42 30 1 18 41 27 56 37 15 9 18 30 35 31 48 3 44 47 38 65 70 19 49 58 57 54 35 43 58 72 22 35 35 23 27 44 34 22 19 24 31 33 32 39 16 10 19 17 17 27 34 35 50 82 77 52 30 12 23 24 29 12 34
50 38 9 51 54 61 64 49 40 31 29 41 52 50 39 30 26 21 23 26 15 0 3 19 30 31 37 41 47 57 45 14 0 0 25 42 28 33 40 19 26 61 36 20 33 19 15 31 27 15 0 20 21 52 57 57 86 86 21 38 45 35 39 39 50 59 60 32 26 31 19 24 51 45 29 26 40 43 39 42 35 19 15 27 32 20 13 16 20 28 40 51 53 44 28 16 3 16 27 27
21 53 50 50 54 74 64 32 14 33 47 49 49 50 43 32 8 4 6 15 20 19 20 24 28 39 52 46 31 35 47 46 30 14 17 19 17 44 56 29 35 66 43 20 17 9 15 24 36 41 40 31 29 51 43 37 64 77 13 9 12 25 38 30 24 41 53 32 25 26 15 24 33 32 19 12 24 31 28 29 23 18 23 37 40 28 15 11 23 27 32 33 31 27 24 23 34 35 32 26
14 64 82 42 49 63 45 24 0 17 22 11 16 36 40 26 12 8 6 16 37 51 42 26 14 27 44 39 16 15 38 53 45 29 21 16 22 54 59 23 30 59 58 43 22 7 15 11 33 51 69 30 32 48 33 29 58 66 8 1 0 10 25 21 16 25 36 27 32 39 24 29 39 44 28 9 12 18 13 8 11 17 27 36 39 34 24 15 25 26 26 21 15 14 18 23 43 34 25 20
26 47 66 20 37 34 24 45 83 65 34 18 36 66 69 52 19 15 9 18 48 69 50 16 14 14 28 36 26 23 32 36 36 35 45 51 50 54 42 11 9 34 62 76 42 9 11 0 8 23 54 13 25 32 21 27 56 44 3 19 12 11 22 36 33 22 20 20 45 59 36 31 49 57 39 11 8 14 7 0 6 15 22 22 26 33 32 25 21 22 22 21 18 15 14 14 25 16 12 16
26 23 31 0 24 21 20 59 77 42 15 25 53 68 62 50 27 28 25 34 68 96 81 44 33 25 32 42 39 36 35 28 22 33 61 77 62 35 20 15 11 18 50 81 45 3 12 11 3 4 38 22 32 20 13 22 35 22 3 28 21 27 38 55 39 23 19 22 46 53 26 22 38 46 29 4 5 16 13 8 6 15 18 13 16 25 27 20 12 11 13 18 24 25 19 12 20 15 13 17
27 25 18 0 20 27 23 34 36 21 30 62 72 49 28 26 24 31 33 40 70 102 102 80 36 33 38 36 24 23 27 23 11 21 42 56 38 8 6 28 44 31 37 58 30 3 32 50 41 32 55 72 60 29 30 29 19 26 27 35 14 31 40 44 25 21 28 28 33 26 5 16 40 42 23 2 7 17 17 16 9 15 18 16 17 19 12 2 4 1 3 13 25 30 26 18 31 29 21 13
35 36 18 28 34 39 29 13 28 29 50 72 55 9 0 0 18 26 24 17 28 53 67 63 23 29 36 27 11 14 23 18 3 7 14 21 19 7 12 35 62 48 30 30 16 14 55 78 66 57 61 99 57 27 50 38 18 39 65 72 26 24 20 25 22 18 26 23 23 17 8 33 59 51 26 8 14 20 19 21 15 15 16 18 20 17 6 0 0 1 8 19 29 31 24 17 36 41 32 13
39 32 9 57 55 50 43 24 12 17 38 56 45 22 26 51 43 47 36 13 3 17 35 43 17 26 35 29 21 29 33 19 0 4 3 9 24 29 29 37 50 48 23 11 8 23 63 79 53 48 35 80 21 4 52 34 18 38 90 118 57 21 6 26 34 18 14 12 23 29 29 58 66 52 25 11 19 23 22 28 20 14 11 16 20 17 9 3 0 6 21 33 36 29 17 8 32 46 42 21
17 25 31 26 32 59 66 44 23 9 4 29 22 41 58 82 73 28 7 30 43 27 18 28 22 33 35 27 29 43 53 51 31 8 7 14 36 51 37 34 32 34 23 44 30 47 72 84 48 18 29 39 27 15 19 49 30 53 93 145 90 32 11 10 31 14 22 43 40 31 40 54 52 38 7 27 22 23 23 25 34 18 9 15 21 17 14 15 3 15 25 36 41 26 12 16 40 41 32 14
29 30 28 18 17 45 68 65 25 0 4 61 48 23 17 49 50 40 42 57 60 42 22 13 16 21 19 16 32 59 73 71 32 17 25 33 45 43 13 1 51 59 45 54 34 51 76 85 64 32 28 22 19 28 26 32 30 44 70 115 71 33 24 22 25 22 39 53 39 23 26 33 37 35 14 36 25 20 19 24 24 15 6 6 9 11 10 8 7 12 16 29 44 37 24 24 35 35 28 14
18 24 36 37 27 33 48 51 49 24 44 111 91 45 19 44 53 63 65 51 35 25 11 0 33 27 15 10 31 64 77 72 37 20 22 22 30 34 16 14 57 73 57 50 21 40 65 68 47 33 32 11 5 26 22 11 12 17 25 58 27 16 22 19 20 31 51 52 28 13 17 20 20 29 21 47 29 16 14 22 25 26 18 7 7 16 19 14 15 13 10 23 46 46 32 27 30 28 22 15
6 16 42 56 41 25 22 20 20 20 40 83 63 39 11 10 28 43 43 24 12 19 28 29 53 42 23 12 29 58 69 63 37 15 9 3 12 29 31 45 48 73 56 37 0 23 50 49 8 22 44 22 0 11 11 6 15 19 17 38 12 20 37 33 20 34 48 38 13 9 21 23 10 24 23 51 31 16 12 19 31 40 33 13 10 27 33 24 21 18 11 22 46 48 31 23 29 24 18 17
