5 10 21 27 38 66 84 75 40 10 17 39 26 13 24 36 59 66 56 34 27 35 34 22 17 21 33 35 29 34 34 21 15 17 24 3 21 24 39 29 11 13 12 11 11 17 25 31 24 10 40 31 55 52 39 35 41 32 19 9 36 97 101 44 37 33 26 9 11 24 16 6 32 29 33 40 28 15 20 40 42 45 50 36 33 38 24 18 11 27 37 29 15 13 21 30 23 19 27 11
14 13 24 29 28 52 70 58 36 12 16 33 27 23 31 33 31 36 29 16 15 22 22 18 19 19 28 31 21 17 15 6 14 24 35 13 15 7 19 13 25 29 21 7 16 39 41 26 11 25 59 49 75 73 55 52 37 35 23 7 31 95 106 56 18 21 20 15 18 15 8 18 40 54 52 42 23 30 21 9 46 51 50 56 53 28 14 18 24 40 50 39 15 6 25 49 42 28 13 41
29 21 37 40 25 39 53 34 15 15 39 59 49 33 28 24 28 35 35 35 37 27 16 16 19 17 33 47 38 26 21 17 12 20 29 14 12 3 8 3 22 44 40 16 22 54 54 26 0 28 48 36 77 82 46 26 35 29 22 17 34 72 77 46 21 19 6 8 20 10 8 31 37 50 40 35 18 50 41 20 7 47 53 75 77 35 16 5 28 57 69 44 15 18 46 70 64 55 35 50
33 21 39 48 29 38 52 34 0 24 74 109 91 47 22 19 53 52 43 42 43 22 7 19 27 23 44 68 60 41 34 34 20 17 16 11 17 20 22 18 48 81 83 47 29 41 36 11 48 76 63 52 111 127 71 27 36 22 21 35 46 44 29 12 18 20 0 9 34 25 22 34 77 71 56 61 31 45 25 4 18 72 47 42 49 40 56 41 14 53 63 28 7 27 50 54 66 75 76 31
31 16 26 35 24 35 54 47 12 31 74 116 110 59 24 24 58 51 28 21 28 10 3 31 43 29 40 58 49 29 24 26 34 29 21 20 18 24 32 41 56 77 78 51 33 38 38 25 51 74 37 28 84 108 58 14 34 34 34 41 54 49 20 0 0 15 6 19 35 28 33 31 30 32 42 55 32 48 39 13 17 56 24 19 25 26 56 45 18 32 34 19 7 9 15 14 41 55 65 28
45 28 20 20 18 21 32 38 38 30 33 61 77 51 22 24 35 43 33 38 56 36 20 46 47 24 21 31 25 16 18 21 37 39 33 34 14 15 23 45 42 40 28 13 15 29 31 23 30 54 18 14 43 65 46 26 26 53 52 37 56 74 50 12 0 21 12 15 3 0 37 40 27 36 50 26 3 35 66 40 14 18 10 37 41 27 45 42 50 28 23 37 29 1 0 8 20 23 21 50
49 42 27 27 35 22 9 18 49 40 15 9 29 30 16 15 9 34 38 53 78 54 24 42 37 15 12 22 23 23 24 20 32 34 31 49 33 33 26 40 47 42 22 0 0 8 6 0 11 31 0 8 8 22 28 28 19 52 53 42 62 78 61 39 31 28 15 30 10 10 71 75 31 32 62 26 16 55 137 138 79 34 22 37 33 39 66 72 50 29 27 45 42 19 18 38 35 30 24 57
31 39 32 43 65 40 8 16 48 60 33 0 7 18 13 12 0 19 14 20 46 26 1 22 30 14 16 29 33 32 24 10 31 26 22 62 68 73 47 43 30 44 40 17 10 24 26 12 23 32 1 17 4 11 24 29 17 35 43 55 72 61 45 53 43 23 21 73 69 68 122 110 46 31 75 46 31 30 119 138 100 45 36 27 9 32 47 33 12 18 24 27 29 38 51 61 67 63 68 44
12 24 17 36 44 13 5 16 45 51 45 27 23 30 25 9 0 0 13 42 56 33 11 14 31 7 28 2 34 42 20 26 46 38 43 74 75 76 33 23 20 43 47 29 24 35 28 5 26 27 19 13 13 10 19 42 35 43 35 35 47 39 30 44 45 19 11 56 48 67 95 98 48 40 86 29 19 0 28 83 56 17 11 20 16 32 47 30 22 21 29 45 57 62 65 70 50 34 37 51
15 34 33 35 29 16 21 19 29 16 22 44 50 34 23 27 9 9 33 77 87 46 22 38 37 16 34 15 52 64 33 26 46 50 34 56 44 56 34 28 12 29 33 22 20 28 20 1 21 23 15 8 7 8 22 48 68 59 36 32 50 46 31 34 40 29 9 23 1 15 42 48 21 44 99 59 68 34 49 124 103 49 29 30 14 17 44 54 37 39 49 67 85 87 69 49 19 7 16 33
27 54 66 62 43 51 73 51 38 28 39 61 53 20 10 25 8 19 43 74 77 43 22 34 52 42 52 27 49 59 32 24 50 59 32 79 49 34 16 17 15 20 21 18 19 20 12 0 15 18 10 2 5 9 25 50 93 72 39 26 35 32 22 23 26 37 21 33 20 25 25 18 28 53 80 38 63 44 70 164 154 74 29 28 12 0 10 21 44 32 23 34 59 73 61 39 26 20 34 55
16 36 60 66 46 66 98 66 56 71 77 56 25 6 8 16 22 44 51 45 47 43 31 25 47 51 53 20 19 29 19 24 44 51 35 130 97 39 9 18 29 22 17 18 19 16 9 5 10 13 6 3 11 17 24 39 38 40 43 46 44 27 9 3 8 21 7 37 45 43 20 5 24 35 49 19 45 43 58 106 82 38 29 53 57 51 62 76 60 36 17 22 38 47 46 43 35 32 48 68
18 15 33 49 32 54 92 62 44 66 66 35 12 17 25 24 31 43 33 18 24 32 25 16 23 31 26 8 9 24 17 23 23 32 23 120 105 54 31 34 31 19 11 14 16 12 9 11 7 10 4 6 21 25 21 23 6 8 19 31 33 31 30 28 25 23 0 30 33 26 16 21 36 20 24 6 21 44 56 42 41 60 93 105 77 47 46 58 58 46 47 60 52 24 10 15 29 25 39 58
40 19 18 30 15 34 71 49 25 26 24 21 24 31 34 32 31 20 6 12 26 21 12 17 24 23 8 20 37 50 24 11 8 21 8 43 47 42 42 29 18 9 4 8 10 8 9 13 5 10 5 7 23 27 17 13 21 7 9 22 28 38 44 39 35 36 26 52 30 15 23 44 46 22 23 17 17 49 68 37 14 52 90 98 79 54 38 33 40 46 67 81 59 17 0 6 28 19 28 44
35 19 9 10 0 13 43 21 19 15 16 22 27 27 28 31 35 22 10 21 38 32 24 32 35 28 6 39 60 64 24 2 4 14 12 0 10 25 34 15 7 6 7 10 11 10 9 11 3 10 6 2 14 19 16 17 14 12 37 58 52 42 30 9 13 27 37 65 27 16 29 35 12 26 47 60 47 42 53 49 61 65 63 63 70 62 37 20 36 53 70 71 53 35 32 39 32 16 17 27
24 25 18 13 2 17 38 11 18 31 37 26 16 18 27 32 22 23 10 5 21 32 27 24 27 23 3 43 58 57 20 5 1 4 27 5 26 30 33 18 6 11 16 18 16 13 10 8 1 11 6 0 3 11 16 24 26 25 46 52 29 24 36 35 17 28 39 62 25 28 42 27 9 41 53 57 34 10 37 91 93 74 43 30 37 36 26 25 25 48 59 46 35 40 45 43 51 30 24 30
0 16 29 18 5 17 23 9 24 32 30 26 26 19 13 19 30 24 21 26 34 38 36 34 35 19 23 54 75 62 34 16 30 36 39 39 40 40 30 18 0 3 9 13 15 13 10 8 6 7 10 14 17 19 17 15 15 27 29 7 0 29 63 67 40 25 25 43 50 34 20 18 5 26 69 29 28 40 52 61 46 44 32 4 11 31 23 25 30 33 52 15 28 22 18 42 53 68 77 72
12 17 22 18 19 36 38 18 18 24 19 13 15 13 13 22 27 24 25 33 41 43 38 32 41 27 28 51 67 59 46 40 40 38 33 26 24 25 20 12 8 9 11 12 12 10 8 7 7 7 8 10 12 12 10 8 5 18 27 14 3 28 60 68 22 18 19 26 35 36 29 21 35 31 39 21 18 22 36 54 20 20 17 1 12 30 23 31 20 20 25 9 24 32 29 30 49 75 95 94
36 23 13 11 22 43 44 23 18 22 13 6 10 12 18 32 29 25 22 22 25 25 20 14 15 4 5 19 28 26 27 34 35 29 18 9 9 16 19 17 15 14 14 13 12 12 12 12 10 9 8 9 9 9 6 4 8 16 26 20 8 24 60 80 33 22 18 27 30 21 15 17 47 27 3 19 12 4 19 43 56 43 32 13 17 23 14 26 22 23 12 22 20 31 34 19 18 41 59 60
50 28 12 8 12 28 34 22 20 22 13 5 9 13 21 37 31 24 12 4 5 10 12 10 7 1 4 16 22 20 24 32 29 21 10 3 5 11 16 17 15 15 15 15 16 17 19 19 15 13 11 10 11 11 9 7 19 16 21 16 1 12 52 82 79 50 46 69 63 28 18 39 48 41 11 47 32 18 32 52 71 52 42 35 43 41 20 28 29 30 12 41 15 15 26 12 16 26 32 34
35 22 21 21 14 15 22 21 20 23 14 6 10 13 19 33 29 26 16 9 12 24 31 31 15 14 20 34 40 36 31 32 30 22 14 10 9 8 6 5 11 12 13 15 16 16 17 17 15 13 11 11 13 14 14 14 19 9 12 10 0 0 31 60 56 37 39 58 50 18 9 26 37 54 35 58 33 22 37 49 59 40 38 44 58 47 8 2 20 15 0 35 11 5 16 9 22 35 46 47
16 16 33 45 29 15 17 22 27 31 23 15 18 19 23 35 36 38 33 26 28 37 40 36 13 14 23 36 42 36 27 22 21 15 13 15 16 12 8 6 8 9 10 10 10 10 10 9 13 10 8 9 12 15 17 18 16 6 10 14 3 1 19 33 41 54 57 46 37 36 32 24 35 58 53 43 17 17 31 39 55 32 20 19 37 36 5 2 17 14 6 21 14 13 16 10 5 33 55 55
29 26 43 57 39 17 15 21 34 38 30 22 25 25 29 42 45 47 41 29 27 34 34 28 14 17 24 32 34 30 26 25 13 7 7 14 18 15 12 13 8 7 5 5 6 8 10 12 13 10 8 8 12 16 19 21 17 5 8 15 11 11 19 21 26 51 51 22 12 32 39 25 44 54 65 33 22 29 38 43 37 17 6 1 24 42 32 40 55 79 87 43 27 26 22 21 11 30 43 37
58 43 48 57 38 13 10 17 34 37 28 20 23 24 29 42 45 45 35 19 18 30 37 34 7 11 15 18 16 15 19 24 20 11 8 12 14 10 7 9 7 5 3 2 5 10 17 21 16 13 10 10 13 18 21 23 17 2 0 4 6 14 22 19 32 48 46 23 18 40 58 59 25 22 47 10 17 26 28 32 33 27 26 19 33 42 23 25 107 162 186 83 41 32 27 33 28 24 11 0
47 36 29 27 19 6 3 9 21 20 10 27 11 17 11 27 26 27 25 22 23 30 38 42 23 24 31 7 14 6 20 14 18 19 16 10 11 15 14 8 6 8 5 0 2 12 19 22 17 20 16 10 13 22 23 16 14 5 0 0 4 11 15 18 30 32 33 66 49 94 112 76 45 7 43 7 15 44 35 30 24 38 30 31 51 39 22 37 97 139 149 75 31 5 35 57 50 32 9 53
18 25 25 17 15 22 27 25 19 19 12 30 21 28 22 33 32 25 16 13 22 34 39 38 24 26 34 15 22 17 31 28 32 32 25 14 9 10 9 4 10 13 16 15 12 8 8 10 8 20 26 20 14 14 12 7 0 0 5 12 13 7 2 0 44 40 43 68 57 76 108 103 53 22 37 14 13 37 34 32 42 48 42 46 62 56 37 32 43 66 54 11 8 15 37 59 44 27 5 49
21 39 37 13 8 28 38 31 29 33 31 40 30 31 20 21 33 32 25 17 16 24 31 32 32 31 34 22 26 21 29 26 21 21 16 7 3 6 9 9 13 12 17 22 16 4 0 4 18 36 46 35 19 13 14 14 11 13 17 18 13 8 13 22 41 43 36 24 27 24 56 56 26 17 18 28 25 39 36 28 27 47 76 89 81 61 27 0 26 42 15 2 17 32 29 50 28 19 0 30
37 52 45 15 1 16 28 26 42 55 60 57 41 32 19 11 11 29 38 27 14 18 36 49 41 33 29 27 32 29 27 23 6 7 6 3 2 6 12 15 14 3 3 13 14 3 0 7 24 41 48 32 14 11 18 23 15 18 23 23 15 10 22 39 69 90 77 25 46 38 59 35 2 16 9 50 49 51 41 22 24 45 80 77 40 30 28 3 15 44 26 30 32 32 7 29 21 31 16 17
26 35 36 23 9 6 13 19 42 64 79 64 48 34 25 14 29 46 49 29 10 14 32 45 47 33 23 33 41 42 32 28 16 15 13 11 9 8 10 13 11 0 0 9 17 10 4 6 6 22 29 18 6 8 16 21 0 5 26 39 29 10 7 17 42 75 76 25 54 33 54 35 19 40 20 57 59 57 53 35 22 32 60 52 14 20 41 26 10 35 25 34 32 32 13 34 29 54 50 18
14 21 33 38 26 9 6 13 39 63 78 51 38 25 24 9 40 44 37 20 18 33 46 48 50 35 22 39 38 37 22 23 27 19 14 13 12 10 10 13 10 1 1 15 24 18 7 1 0 14 26 21 14 16 22 24 0 11 33 49 40 16 6 12 24 46 61 39 58 18 46 59 34 55 29 33 38 47 65 67 42 35 49 46 23 33 49 33 38 31 9 7 14 30 33 41 36 57 66 19
15 22 34 41 31 16 11 16 39 57 66 31 29 28 35 16 9 21 25 25 37 59 68 64 40 32 22 43 32 30 17 28 33 19 7 6 9 9 10 12 11 10 12 16 19 17 11 5 11 29 38 29 17 17 24 27 24 22 31 42 37 22 19 29 21 24 29 23 39 9 38 51 23 52 41 10 14 24 57 76 79 55 43 32 19 38 68 73 57 26 7 0 8 38 65 56 58 52 70 28
13 20 26 26 21 18 22 27 39 51 56 22 36 48 65 45 21 44 58 51 42 42 35 23 20 22 21 49 35 37 32 55 49 28 9 4 5 5 6 8 13 17 16 9 7 12 16 16 25 40 42 22 2 0 12 21 22 15 20 33 33 21 19 29 36 27 14 6 32 34 57 44 12 52 64 11 8 6 35 58 53 48 53 53 43 51 77 93 62 32 35 25 46 81 128 111 90 60 81 50
6 2 29 14 24 32 39 32 28 50 26 1 19 49 72 54 40 53 73 75 55 43 36 24 25 30 36 19 34 22 34 40 31 23 12 4 2 5 9 11 14 21 11 15 17 13 17 4 8 11 17 47 50 25 24 25 26 12 19 41 36 6 0 10 17 36 51 16 42 35 77 56 8 51 52 46 29 12 31 37 47 36 38 62 70 51 56 91 68 18 25 45 46 101 149 121 84 79 68 53
15 23 48 21 23 20 28 36 30 19 26 32 0 0 46 47 16 33 62 75 60 45 43 44 42 44 35 14 16 8 10 13 0 4 15 22 21 15 8 3 15 20 12 18 19 18 24 10 11 21 22 47 67 64 52 21 15 17 26 32 24 11 12 23 36 40 40 21 36 31 75 78 17 44 36 34 27 16 34 41 19 24 51 85 72 25 30 84 50 10 11 24 27 77 121 105 45 45 51 58
20 32 45 16 28 22 16 27 35 23 24 47 22 4 26 37 26 27 37 44 37 24 25 33 50 48 31 30 32 29 4 0 11 17 25 27 22 16 11 8 5 9 5 13 11 12 23 8 5 26 22 27 48 65 55 8 5 26 40 33 21 19 24 28 39 37 27 32 30 23 55 76 13 27 22 32 38 27 32 36 46 43 52 73 67 28 15 40 26 3 1 7 13 46 73 64 19 23 37 54
19 24 26 8 51 50 22 18 22 44 4 16 52 45 9 11 65 51 28 14 16 18 19 23 41 47 38 56 42 34 15 31 39 35 29 22 17 14 12 12 11 16 19 27 16 17 36 23 20 47 39 24 26 44 52 24 7 28 44 39 28 22 21 18 29 36 24 44 26 21 33 51 47 45 33 34 33 14 5 10 28 28 15 13 34 50 46 42 17 11 10 14 23 35 36 25 21 24 29 31
17 18 23 17 73 75 39 24 25 51 3 17 51 57 17 14 44 48 26 4 9 18 19 23 42 57 58 68 28 5 7 57 29 26 24 24 23 18 10 3 7 11 20 28 8 9 36 23 29 47 37 27 22 28 46 40 18 18 24 30 26 15 8 9 26 42 23 36 14 26 34 43 52 44 33 25 23 14 9 25 84 91 66 23 5 5 5 5 23 23 22 25 36 40 30 19 27 30 23 9
11 16 31 25 67 68 42 29 32 23 12 54 24 25 26 29 3 34 38 25 26 20 15 28 66 70 66 68 44 13 0 14 32 29 26 23 21 17 11 7 1 0 11 21 0 4 33 15 26 28 20 33 39 35 47 46 32 10 0 11 16 7 3 9 28 41 12 12 0 26 44 48 20 24 35 32 34 30 19 35 70 75 63 43 28 13 14 30 23 22 20 20 28 39 42 39 35 33 24 12
15 11 29 18 42 47 36 23 16 0 0 66 24 15 13 14 16 39 45 50 57 33 19 44 74 74 64 48 58 45 19 0 46 44 36 25 15 12 18 24 27 15 23 39 23 35 62 34 31 29 25 47 57 49 59 60 47 18 0 7 17 14 10 13 25 33 10 9 8 28 46 44 21 30 47 35 33 31 9 18 42 36 22 20 30 28 22 25 18 17 21 20 17 36 60 66 51 32 21 26
29 8 20 7 28 39 35 15 14 15 0 72 77 66 17 7 32 25 12 31 54 26 9 42 57 75 67 17 31 45 57 38 35 41 43 33 19 14 23 34 43 23 27 48 40 56 80 44 21 26 24 40 42 33 49 56 56 34 16 18 28 27 19 13 22 28 20 31 37 37 43 32 20 22 29 8 15 37 33 52 59 60 35 8 16 33 27 15 18 20 34 33 20 40 75 86 65 28 11 29
9 27 34 26 30 42 36 17 21 7 35 53 68 64 15 1 39 27 19 29 36 19 9 22 37 40 35 54 0 26 105 93 2 0 87 30 14 14 27 47 52 50 37 16 7 65 57 17 0 0 4 20 47 40 21 36 40 40 13 16 32 39 37 11 30 39 13 57 47 29 30 25 23 14 37 7 20 32 37 45 59 46 41 71 55 52 25 15 3 27 40 38 26 39 93 113 84 43 21 27
9 28 42 42 44 48 38 21 12 20 25 53 47 42 35 39 28 36 26 17 30 37 18 0 5 29 30 49 2 17 83 91 29 16 45 18 13 25 34 31 41 49 35 30 27 86 97 61 27 23 6 50 45 46 31 2 33 47 42 28 27 32 18 39 18 38 31 51 33 32 39 47 35 37 48 27 22 24 31 40 9 29 56 89 63 53 42 50 54 24 4 30 20 24 76 122 78 43 18 16
27 39 49 51 47 39 29 20 0 29 25 59 46 30 38 32 0 18 19 16 37 52 34 9 16 34 14 46 48 48 51 42 65 35 16 36 16 17 31 58 56 44 18 42 23 34 66 66 35 31 3 81 52 49 51 18 30 51 67 1 33 52 28 7 29 43 52 44 25 34 20 24 28 37 29 38 31 29 28 23 33 33 35 42 22 39 70 101 99 45 4 46 24 23 51 90 71 47 25 16
33 33 34 36 32 27 26 30 26 45 46 49 54 40 36 6 14 16 20 35 49 37 18 16 71 68 20 59 104 100 62 51 48 24 3 34 7 22 0 29 26 37 12 35 5 4 38 25 24 20 6 78 60 43 56 73 55 43 70 3 61 59 73 5 31 21 47 45 55 72 29 21 21 29 4 42 51 58 47 21 48 31 21 24 23 41 58 63 51 32 11 51 8 11 10 10 58 54 41 30
18 12 12 22 32 39 47 55 72 62 73 21 43 48 46 20 24 12 10 36 60 49 30 31 43 46 9 42 79 76 55 85 69 51 47 52 48 97 21 14 3 68 52 47 46 113 138 55 20 24 18 36 56 44 43 94 63 7 10 25 33 0 66 32 71 40 71 77 105 117 63 54 40 46 14 46 57 74 69 43 26 26 39 42 39 36 36 23 30 48 60 101 45 50 46 29 27 44 40 29
22 14 14 30 52 65 68 66 67 54 74 18 33 42 41 34 22 20 9 16 53 76 64 46 4 19 23 69 82 64 44 84 70 22 22 14 29 62 2 27 8 40 11 5 31 127 149 69 20 37 26 6 50 56 41 82 110 56 7 75 50 50 100 58 84 49 74 72 100 103 63 58 56 64 42 33 31 51 61 51 10 34 67 52 30 18 41 47 20 31 55 96 41 38 52 43 0 24 21 4
39 27 19 31 57 73 65 49 37 34 39 42 36 31 19 21 48 65 48 17 26 53 53 37 30 40 79 142 132 95 60 79 63 13 7 0 31 42 32 64 60 35 5 13 18 67 78 56 29 47 27 42 57 52 45 77 100 71 25 91 135 163 134 31 40 16 33 29 67 79 59 42 56 62 59 16 13 35 44 38 13 43 83 64 43 27 51 53 28 18 38 66 25 22 48 29 4 35 23 0
41 23 7 13 41 62 52 29 34 31 0 59 39 25 6 11 52 84 75 28 7 22 43 56 19 23 77 139 102 60 35 55 54 56 43 0 83 121 121 67 66 52 53 56 24 35 24 19 47 57 31 103 69 29 42 82 61 37 50 115 255 242 160 40 65 45 49 37 83 97 74 32 53 54 67 13 24 50 47 29 60 60 70 42 41 40 63 53 31 18 36 49 25 35 60 14 41 70 48 8
27 24 6 7 35 41 34 42 56 67 35 32 29 29 10 38 51 52 21 71 46 36 27 37 24 11 34 53 39 5 0 48 75 121 177 110 109 95 78 58 94 62 60 17 21 26 35 18 33 83 63 136 67 58 116 120 61 22 81 152 254 232 181 70 129 105 63 70 106 138 77 42 26 30 2 31 51 55 36 28 67 42 20 46 41 38 18 27 46 47 70 22 26 40 28 12 55 74 54 21
21 29 20 16 29 29 31 52 95 107 75 26 21 16 19 39 60 52 21 41 30 43 39 44 25 18 30 81 80 49 33 73 118 187 255 220 171 66 53 25 114 60 18 40 23 77 45 21 40 90 49 137 76 70 131 135 72 71 145 150 168 153 119 61 103 46 41 60 98 105 77 76 68 25 0 42 41 42 52 60 55 29 10 33 47 43 20 14 37 40 25 27 1 20 36 15 35 82 80 39
8 23 21 21 31 26 27 51 109 124 101 25 23 19 39 45 72 51 26 12 14 40 34 35 43 40 29 88 97 56 45 54 66 139 215 254 241 105 111 35 100 54 50 142 106 109 43 49 46 45 17 87 68 60 108 137 95 139 205 146 196 167 171 90 59 49 82 30 34 62 90 123 115 56 35 78 48 45 74 86 54 35 24 30 55 42 23 10 33 39 0 50 0 25 74 46 46 97 107 79
35 43 39 43 57 46 36 50 76 92 79 30 31 37 47 44 39 15 19 5 19 40 29 35 55 59 30 51 71 18 36 15 97 61 237 239 255 239 166 145 79 40 54 127 153 98 18 20 78 21 23 68 85 63 115 210 131 70 226 186 255 81 240 179 108 52 61 74 124 97 27 45 82 58 47 80 50 43 56 56 49 41 35 24 52 33 24 18 30 34 14 58 0 28 83 47 16 46 50 41
54 56 44 41 46 31 23 42 55 59 41 38 35 48 34 28 28 9 33 41 44 32 4 15 51 65 37 10 48 0 58 22 86 52 222 253 240 189 173 173 127 72 23 53 178 162 78 65 50 58 79 227 243 174 184 255 255 184 255 255 227 246 243 12 73 121 177 222 225 122 0 38 45 40 26 72 79 60 33 28 45 35 20 7 46 32 23 23 23 19 42 34 0 14 41 1 19 46 39 16
32 39 28 18 15 1 10 47 75 62 36 49 38 46 22 15 36 29 56 92 79 41 4 16 57 76 54 12 55 19 87 50 86 0 131 126 54 34 67 140 141 94 23 66 157 134 48 93 34 97 4 228 245 218 234 255 255 250 255 79 75 225 242 125 197 255 251 228 199 117 2 26 72 51 25 91 121 86 34 29 62 45 13 11 56 47 23 25 27 18 64 17 14 29 23 0 28 68 54 6
25 32 26 23 25 13 21 59 85 66 50 48 38 34 23 12 12 23 40 107 93 64 38 51 72 85 62 44 72 46 76 46 55 28 132 212 164 165 250 251 238 223 191 231 228 177 106 173 39 162 63 236 250 255 255 234 229 248 248 255 255 223 165 255 146 155 97 67 55 17 22 74 81 59 46 103 105 74 38 22 52 47 16 30 63 53 21 39 45 36 61 18 55 63 36 22 49 66 46 17
29 30 23 30 42 26 16 37 64 51 55 34 33 19 27 10 11 30 25 96 74 52 32 37 75 81 54 69 80 60 48 23 55 19 121 154 108 193 255 237 251 255 253 249 251 255 228 229 43 216 212 255 244 255 254 238 251 255 198 240 254 236 241 236 66 120 100 32 11 22 99 100 57 59 75 109 68 58 54 24 5 23 8 37 54 43 17 59 61 51 42 15 73 72 35 34 50 24 0 14
36 36 31 28 33 36 20 0 5 14 20 21 23 26 22 14 15 18 36 68 78 44 13 14 60 59 55 78 32 56 33 4 36 63 111 54 78 125 195 231 244 253 255 244 230 244 255 249 119 243 252 178 215 249 255 243 254 240 239 235 67 255 211 129 55 6 3 49 5 47 113 89 29 48 101 111 71 58 68 50 20 15 23 16 40 14 9 52 56 39 10 56 87 71 20 32 36 8 31 13
28 27 21 16 22 28 18 1 10 13 13 13 17 22 19 12 13 17 21 42 68 62 35 18 44 45 36 52 24 70 59 28 42 39 73 173 200 204 188 249 255 223 215 239 254 255 252 223 197 246 235 156 177 191 225 255 238 236 204 149 6 113 56 4 54 52 56 60 6 54 92 26 24 52 67 78 76 73 50 42 50 35 24 1 32 27 25 52 53 35 12 30 83 84 71 84 68 23 23 2
28 27 21 15 20 29 28 19 13 15 18 23 29 29 18 6 21 34 34 41 73 94 81 60 57 55 34 37 23 80 79 51 40 7 17 136 255 255 245 250 242 252 255 228 218 251 205 81 133 175 215 125 90 63 115 192 196 73 0 33 54 67 22 55 35 33 45 59 29 63 79 17 44 63 17 16 36 47 13 40 69 56 41 4 30 36 36 50 39 26 14 7 65 75 92 103 74 31 21 6
12 12 8 4 8 17 20 18 19 17 17 21 27 26 16 6 0 14 17 14 35 56 55 46 56 46 20 16 6 51 57 44 47 22 0 35 210 240 255 214 255 154 129 158 126 96 109 117 57 34 64 14 55 60 32 6 0 38 39 45 61 74 52 45 28 10 15 35 38 65 71 31 30 53 28 69 79 61 0 19 47 44 48 18 31 27 24 34 46 40 32 19 39 33 40 51 51 31 34 35
7 8 7 6 10 16 19 18 25 18 12 10 12 13 13 14 14 25 23 24 39 48 43 41 42 28 9 9 1 22 33 43 31 43 23 63 193 239 255 239 250 136 70 41 0 0 50 67 30 5 35 0 30 51 36 18 40 41 17 39 42 41 44 53 53 54 53 33 39 66 71 48 49 29 16 90 92 72 21 43 21 12 30 23 42 31 20 21 31 36 33 44 28 18 11 32 37 29 31 49
16 15 15 17 21 23 23 21 19 24 32 36 31 21 16 17 18 11 1 11 38 46 35 30 35 26 15 16 9 9 19 40 41 44 42 37 127 125 126 93 101 35 24 40 14 7 42 63 79 38 33 12 31 43 42 56 36 29 15 33 38 61 58 33 11 20 34 14 20 19 37 74 61 8 4 91 97 69 23 24 30 4 19 28 66 68 49 31 22 28 27 49 23 21 13 34 34 23 9 36
13 9 7 9 13 13 10 7 11 27 48 56 43 24 16 20 23 16 1 4 31 44 38 33 18 20 16 11 9 4 9 25 38 17 32 6 66 62 84 87 62 6 0 29 29 22 38 53 60 35 9 15 17 13 5 30 45 37 35 22 38 55 38 0 8 13 38 30 52 36 61 140 121 54 22 62 73 52 36 53 37 12 25 29 72 89 71 35 35 34 35 36 23 23 23 21 37 35 20 54
20 14 9 11 15 14 10 7 11 22 35 33 16 2 10 28 33 37 20 3 12 25 26 25 12 25 26 16 23 25 30 37 38 16 19 58 21 49 83 203 171 70 2 16 44 47 37 28 28 31 0 22 28 31 12 23 18 34 58 6 16 16 23 20 18 42 54 12 46 58 76 128 101 74 60 80 92 51 24 40 19 10 29 19 52 76 61 18 5 5 23 16 41 56 74 53 47 65 63 104
14 21 20 10 8 15 17 11 8 11 26 29 12 3 7 8 27 17 0 13 26 35 56 38 25 46 54 39 32 44 55 54 49 31 24 37 10 20 16 140 117 92 56 24 60 56 49 37 25 36 38 21 12 35 53 43 30 38 56 41 50 34 35 19 31 62 58 8 20 26 53 72 58 27 18 67 65 23 32 44 24 28 54 24 51 70 53 23 9 22 35 15 55 80 91 56 53 82 111 77
7 18 23 19 19 22 19 10 10 8 19 28 20 13 18 25 16 22 13 23 34 52 74 52 27 50 61 51 44 53 62 61 50 23 7 45 48 56 6 43 20 90 110 34 13 24 37 8 0 14 35 37 26 28 34 29 28 49 69 101 73 51 25 37 36 34 47 41 36 47 79 85 95 77 38 34 31 22 42 49 44 34 55 40 63 71 55 33 33 39 47 45 64 68 58 31 27 52 82 50
15 22 25 23 25 31 30 24 13 6 11 25 24 14 18 33 32 42 32 23 20 37 53 29 10 29 39 34 29 35 40 38 52 31 0 19 11 31 19 36 27 27 44 43 39 27 39 41 21 11 35 61 32 0 0 32 33 47 60 90 62 43 20 32 66 42 49 48 6 35 69 54 81 89 55 36 42 44 55 62 29 22 40 28 39 49 40 17 26 28 30 51 48 44 16 4 0 19 52 28
50 45 32 19 16 25 31 32 32 26 28 41 39 20 20 42 44 40 28 14 5 16 26 12 5 11 13 9 9 16 19 16 27 37 29 43 9 11 27 46 9 11 21 22 44 91 111 80 35 23 39 57 34 2 3 22 36 55 81 57 49 28 41 41 55 63 73 69 27 60 58 13 10 34 24 19 32 23 19 39 54 65 83 67 58 74 78 53 29 36 25 53 35 44 15 13 2 12 50 37
73 58 33 12 4 9 17 21 30 30 31 40 38 12 7 34 24 7 9 14 16 26 32 33 25 19 11 8 14 23 27 27 21 22 20 44 28 19 15 10 0 18 20 8 46 135 137 59 3 23 38 31 24 35 28 0 17 44 75 47 32 13 39 53 57 59 28 22 31 79 70 50 42 62 50 27 31 29 25 52 50 58 74 75 44 46 60 49 37 51 28 41 13 43 23 24 28 23 60 55
51 38 21 9 6 10 14 16 15 22 20 26 32 11 2 27 12 0 8 23 28 33 29 35 31 20 11 10 15 22 29 34 31 17 8 23 40 47 25 12 31 22 8 22 42 82 76 51 12 22 32 22 3 6 15 12 24 19 9 29 12 19 22 50 29 30 11 40 89 85 30 17 64 73 54 6 2 20 17 28 37 25 32 63 25 11 26 24 22 43 21 23 0 39 30 30 49 25 54 51
29 22 15 15 18 22 23 23 20 28 19 23 43 33 21 40 22 8 25 23 17 24 16 22 20 16 13 13 8 4 11 22 20 32 50 45 74 87 41 25 30 59 52 36 6 23 45 81 71 39 20 23 32 45 52 47 36 20 1 26 22 33 28 44 56 45 25 32 72 58 45 64 80 59 41 7 6 28 22 26 23 9 4 41 16 24 33 0 17 42 34 39 22 55 50 48 63 21 39 34
38 31 24 24 26 26 24 22 12 19 3 5 36 36 21 34 26 19 35 15 3 23 24 31 20 24 29 27 11 0 1 16 15 38 60 26 58 84 27 13 57 61 40 50 38 39 44 94 104 59 8 14 102 188 154 52 0 22 55 38 33 12 25 24 28 29 26 0 20 34 89 134 115 51 30 23 29 42 39 57 37 41 27 48 40 89 91 13 17 40 45 55 42 57 47 45 77 24 34 28
70 72 53 19 3 12 20 16 13 15 13 18 23 17 22 43 30 31 25 16 14 20 26 26 32 44 37 23 2 7 39 39 11 14 24 41 56 51 24 0 34 45 44 23 48 67 52 79 76 63 26 13 123 185 142 46 6 10 36 54 38 15 9 10 24 17 26 71 47 25 44 118 88 34 90 21 45 38 38 53 46 35 45 32 82 124 95 21 0 23 40 48 20 60 33 48 92 24 40 39
68 71 57 31 19 26 27 19 23 13 9 22 30 19 26 55 45 21 8 17 22 14 12 19 21 32 30 27 9 5 28 24 13 17 39 69 72 43 10 0 27 45 49 23 29 36 29 62 65 55 58 85 123 98 64 53 46 26 20 20 9 8 26 41 37 12 21 93 139 67 6 27 45 29 83 20 25 23 27 28 50 40 51 25 57 100 83 13 10 34 33 39 9 36 21 39 90 30 38 29
38 43 38 29 29 37 33 22 22 10 9 31 41 22 20 47 47 27 16 22 21 12 10 19 19 21 19 26 12 3 22 20 17 22 55 96 96 57 33 38 38 55 54 23 13 14 21 62 137 104 68 85 109 101 54 29 48 25 17 22 17 20 35 46 74 57 52 80 137 60 10 36 33 28 57 28 24 20 27 24 44 40 61 26 39 87 90 29 40 64 44 52 19 19 12 28 68 29 35 25
13 15 16 19 29 36 30 18 8 9 18 40 49 26 9 17 29 41 41 24 11 14 23 26 26 16 7 19 11 3 25 30 21 25 51 84 88 67 63 79 85 81 56 20 3 0 12 44 83 105 79 45 10 34 40 48 29 21 36 58 57 47 43 40 52 65 57 31 32 1 13 60 51 33 36 61 57 30 19 9 18 26 61 27 29 77 93 42 25 56 36 60 45 28 27 41 39 26 33 30
18 14 12 18 28 31 22 10 0 16 29 40 48 34 11 2 18 34 37 19 7 13 24 26 26 11 0 15 11 5 29 35 23 27 36 46 51 53 59 66 74 54 21 8 10 14 31 48 76 55 22 31 37 71 63 52 26 24 46 70 66 51 44 40 45 59 71 74 36 33 45 63 66 57 59 100 91 56 29 4 4 21 58 25 23 57 66 23 19 45 22 45 46 23 17 28 37 36 32 33
20 12 9 17 27 28 19 12 2 25 34 33 39 37 21 11 24 15 10 13 14 10 12 19 16 7 1 17 13 7 26 27 19 28 29 26 34 51 56 50 42 21 0 10 26 31 49 52 25 14 6 16 21 47 50 38 17 12 30 50 44 27 19 14 23 13 34 77 35 29 30 37 45 53 55 64 56 54 48 22 24 41 67 32 36 48 38 4 36 46 19 26 45 32 16 27 56 55 27 31
15 5 3 15 24 22 15 11 8 24 29 26 29 25 16 16 32 22 15 17 18 14 13 17 14 10 6 18 12 7 23 19 14 23 27 27 39 59 65 59 61 45 22 32 24 7 23 23 13 27 40 15 5 27 53 37 19 8 19 38 33 18 6 0 16 4 18 41 25 14 26 47 28 20 20 5 13 33 40 23 33 47 60 29 52 54 31 11 32 31 13 11 57 66 41 56 63 59 17 29
22 11 8 17 22 15 5 1 8 17 21 25 24 9 0 9 31 47 46 25 14 23 28 22 20 18 11 16 7 5 25 20 11 17 21 25 38 55 64 63 63 54 36 41 15 0 17 25 24 35 67 43 25 23 61 60 49 27 26 40 41 34 27 20 14 23 34 24 47 34 43 54 63 25 30 23 45 51 39 21 13 26 31 10 52 56 31 24 47 38 22 6 56 68 24 34 53 50 7 30
27 36 25 18 25 15 6 19 8 21 17 14 23 13 2 13 35 43 57 35 37 21 33 29 26 24 23 19 10 4 10 20 7 9 28 18 27 54 47 51 54 52 49 8 2 0 28 40 45 52 50 57 28 17 57 56 56 40 27 27 34 36 36 36 27 19 9 19 40 45 45 56 49 47 12 61 50 25 11 0 4 28 32 2 58 48 16 44 43 2 18 40 47 34 0 0 20 38 42 25
38 42 31 23 28 18 10 21 18 22 17 23 38 29 14 21 35 42 24 27 23 50 30 10 11 34 33 6 0 11 22 15 5 0 15 12 17 27 8 7 33 43 50 27 30 15 29 39 60 39 22 19 3 3 28 29 25 22 19 20 24 29 30 28 27 21 14 21 35 29 18 22 41 43 20 35 32 13 12 25 34 37 41 23 55 26 7 53 28 4 34 29 45 34 22 11 36 48 44 23
16 21 20 29 44 43 39 47 33 23 13 26 44 39 28 33 24 26 16 33 28 45 33 34 20 25 28 22 12 6 10 16 13 6 16 18 24 26 8 5 27 37 37 22 30 13 16 34 55 23 16 9 0 6 13 26 6 17 23 22 28 44 58 63 28 23 15 19 27 21 16 26 40 39 39 28 60 53 49 78 73 56 49 35 48 23 12 45 15 10 46 19 42 44 63 49 35 44 42 26
10 7 8 20 30 23 11 8 39 18 6 17 32 31 30 38 76 79 81 41 30 8 9 0 17 26 43 50 29 0 0 15 21 25 30 27 30 37 31 24 22 34 30 24 34 19 15 35 18 8 34 32 21 21 13 37 73 79 64 28 3 3 13 16 27 31 31 32 33 22 22 38 21 12 37 22 98 99 71 89 92 69 47 32 42 45 35 29 10 18 44 31 40 49 66 54 15 26 32 30
37 25 25 35 36 27 19 15 29 10 4 13 18 17 21 27 24 52 64 20 33 51 59 20 7 40 60 48 27 18 12 3 13 36 40 28 22 28 29 14 9 29 39 51 56 46 31 40 1 10 48 50 44 36 13 31 55 66 59 29 9 16 34 44 30 44 50 48 35 12 8 26 18 5 43 23 105 97 53 62 73 51 26 29 36 43 39 26 22 29 28 43 25 35 31 23 7 14 21 26
7 0 9 22 15 11 23 31 18 7 11 18 14 14 18 13 2 19 22 37 20 32 27 38 43 31 24 36 53 51 25 0 2 34 43 39 28 22 24 6 15 32 43 55 42 45 34 30 27 38 52 53 62 56 27 22 39 54 57 41 24 25 35 44 39 44 39 27 12 0 5 32 34 19 53 25 71 48 17 32 43 25 5 36 32 14 11 25 53 45 8 29 1 23 28 35 19 16 15 19
21 26 54 62 29 10 27 43 26 17 21 22 14 24 30 16 4 0 7 47 30 17 12 47 60 28 21 53 73 54 27 17 13 34 39 53 45 23 27 18 24 35 47 54 17 32 29 9 38 56 41 40 61 62 47 26 13 26 37 36 25 19 23 29 32 29 17 8 5 4 21 50 37 17 36 15 32 7 0 23 55 50 23 59 49 16 0 9 64 53 13 25 8 31 53 56 24 16 13 19
22 45 93 103 53 19 34 53 43 30 27 20 13 34 47 29 14 14 25 19 55 62 60 27 18 55 86 81 52 33 34 43 37 38 32 57 50 14 20 22 15 32 61 75 27 43 34 0 12 45 20 19 43 50 54 32 19 26 37 42 34 25 26 34 13 15 15 22 30 27 28 43 47 19 28 24 36 20 28 50 96 105 63 84 77 51 12 0 45 52 40 48 43 43 58 34 16 10 13 26
0 23 66 91 67 28 28 56 51 37 19 24 20 23 51 55 29 33 42 45 48 59 52 28 38 52 72 77 51 22 21 39 51 43 9 53 28 3 18 21 10 15 37 45 48 34 14 31 48 48 44 39 40 43 39 29 24 53 73 62 39 29 34 39 27 16 26 70 86 37 8 35 35 24 40 44 19 25 48 43 81 104 62 88 98 72 29 6 35 69 85 76 62 40 13 0 0 20 43 12
38 25 28 48 59 53 55 66 63 45 18 13 7 12 38 37 5 31 65 68 41 32 48 60 41 42 44 38 22 10 17 33 37 38 12 46 19 0 20 25 7 3 19 29 38 32 21 45 70 72 63 42 27 28 37 41 23 50 68 60 40 31 33 35 21 27 38 67 93 76 53 57 62 46 48 40 18 25 36 18 53 87 30 62 56 67 29 15 28 83 113 91 50 17 7 15 15 27 38 10
65 29 2 10 35 50 50 45 44 33 11 8 6 16 40 33 23 18 35 61 70 71 68 60 51 44 33 22 14 12 16 20 17 30 18 38 16 10 40 46 11 2 16 31 44 36 20 42 56 56 42 19 9 22 42 53 37 51 57 43 28 27 33 36 30 35 36 44 61 67 72 86 90 67 52 36 19 30 36 15 32 69 26 33 28 37 34 29 18 72 102 83 50 26 24 36 36 36 41 29
43 27 12 12 23 29 24 16 13 18 15 20 17 22 40 28 5 15 41 58 59 66 78 79 50 53 52 47 42 36 23 10 0 17 17 27 16 26 60 63 48 23 15 18 28 24 15 41 51 43 23 4 5 24 35 33 42 52 55 44 34 33 32 28 27 24 26 33 32 31 57 97 83 56 39 28 18 25 36 32 18 41 39 12 30 0 34 32 17 59 79 63 41 29 31 41 30 25 32 43
10 20 31 36 33 26 18 11 13 27 31 34 17 7 19 8 0 24 51 43 26 40 65 70 28 44 62 70 67 54 33 14 0 12 18 15 14 30 60 55 39 23 25 30 38 26 0 9 19 21 13 1 7 24 29 21 28 43 54 54 50 46 33 19 14 15 28 41 37 35 53 74 47 26 20 26 21 13 20 31 9 13 22 18 47 0 38 34 23 60 73 47 20 9 16 32 12 4 7 28
7 20 37 46 40 26 14 9 24 34 37 39 12 0 5 3 25 34 36 21 20 45 53 31 5 22 46 62 62 50 35 26 21 24 32 15 17 28 50 39 21 19 31 37 48 38 3 0 13 33 39 26 20 28 32 26 22 30 33 31 34 39 36 28 28 28 32 31 31 47 56 44 25 16 19 36 38 22 11 16 20 15 6 52 68 47 59 55 23 45 45 26 19 20 23 29 16 8 1 19
17 23 35 41 31 14 5 7 20 24 29 41 19 0 13 20 28 38 42 27 14 29 44 37 11 17 32 46 45 33 28 30 36 32 45 20 21 26 43 34 35 29 22 7 20 35 25 31 50 68 71 50 36 38 35 24 24 26 21 14 18 31 38 35 35 26 27 22 14 29 45 37 35 33 29 40 58 56 32 13 37 38 26 71 71 59 70 65 25 38 33 21 28 35 30 26 21 22 17 36
15 21 33 38 24 5 5 19 13 13 23 47 33 10 24 32 24 23 27 25 19 29 43 42 34 28 32 41 37 23 19 27 31 27 46 19 20 22 40 36 8 18 28 19 30 40 16 6 14 25 26 18 26 44 44 28 20 29 34 34 37 41 36 25 9 0 21 40 19 7 29 49 50 49 32 31 65 85 57 20 40 49 57 59 54 20 58 50 35 62 65 40 20 11 11 18 8 21 27 54
13 21 15 48 35 23 23 34 19 24 14 36 18 22 29 28 24 0 5 14 22 25 28 55 60 52 39 52 35 29 14 23 16 24 15 20 27 32 49 44 7 21 32 25 20 33 31 7 16 13 5 3 15 30 30 20 25 25 27 16 27 39 31 41 18 31 43 61 42 10 28 53 50 33 24 38 58 61 44 27 40 35 50 97 66 5 16 19 13 72 84 49 30 24 19 21 10 40 57 60
6 27 40 85 69 41 18 14 31 34 23 46 30 33 36 31 8 6 20 22 28 38 31 36 33 33 31 52 36 27 9 16 9 21 20 33 41 41 46 33 23 19 27 32 26 26 28 21 33 31 22 15 21 34 35 27 14 14 16 7 19 34 28 40 59 74 79 86 65 33 36 38 32 35 41 45 42 35 34 37 6 15 43 99 77 22 26 15 14 56 58 29 21 21 16 20 13 37 45 39
22 37 41 78 59 32 15 14 27 27 17 43 32 36 36 26 0 16 35 23 28 49 37 24 16 21 24 46 29 20 6 16 33 34 17 22 34 43 58 50 19 8 26 54 48 24 13 13 35 35 26 16 17 28 33 29 30 28 29 18 30 45 41 53 70 82 77 78 63 41 40 32 20 29 40 42 34 25 29 39 40 26 13 38 26 17 64 73 24 44 32 11 14 15 10 17 12 30 26 8
42 42 26 47 26 11 12 24 13 12 2 33 29 35 32 18 9 25 39 18 21 49 43 32 22 24 22 37 17 12 6 24 60 48 15 10 24 44 71 71 46 15 10 25 18 6 18 37 24 26 20 9 8 19 29 31 34 31 28 13 22 36 31 44 66 64 50 52 42 26 36 40 27 17 15 27 41 43 35 27 6 17 30 67 60 43 61 38 41 44 24 7 13 9 4 16 33 49 38 12
