24 22 9 29 43 26 24 28 28 42 41 36 24 29 50 38 31 57 50 19 16 30 29 19 32 27 31 49 53 30 23 45 54 55 16 0 30 19 34 45 83 64 45 33 73 23 39 61 50 52 48 38 33 31 22 10 0 15 51 63 42 35 34 19 25 31 64 84 91 16 0 23 64 79 34 12 24 35 59 62 52 49 45 43 41 33 20 10 11 18 27 26 14 6 13 27 21 32 41 42
36 36 17 25 32 19 23 28 39 49 42 33 18 26 55 52 27 54 53 26 16 20 18 13 39 37 32 37 46 38 30 38 48 54 32 3 1 15 21 60 76 43 14 17 59 24 24 23 26 50 52 24 9 18 21 10 13 22 39 41 23 11 8 4 10 21 53 74 93 39 11 12 56 55 19 19 33 25 30 30 29 39 48 49 40 28 19 16 17 24 29 23 11 5 10 17 36 46 54 54
26 36 20 22 28 21 26 27 40 46 36 27 14 24 61 66 36 49 41 23 21 18 6 0 22 25 16 13 27 36 33 34 40 43 42 23 9 41 40 89 73 37 5 16 39 22 21 10 5 24 30 16 7 12 13 5 18 20 19 19 16 5 3 17 20 29 50 66 91 64 33 15 13 4 0 16 34 14 7 11 20 37 53 51 34 19 15 19 21 28 27 15 6 9 12 11 20 28 34 33
27 46 37 39 47 41 39 27 26 32 28 27 15 23 60 68 49 42 27 28 48 50 27 7 8 17 12 6 14 20 25 33 33 20 23 27 31 39 48 66 47 31 14 26 21 18 37 40 10 0 2 26 40 28 13 9 20 20 10 13 25 15 13 37 37 36 41 49 60 49 30 16 1 0 10 37 44 26 25 38 22 33 41 36 24 19 26 36 41 45 34 13 5 12 14 7 14 21 24 21
50 68 56 55 62 56 49 32 15 23 26 34 23 22 50 56 42 39 33 47 76 79 51 30 22 34 36 29 19 9 16 38 32 11 9 26 47 10 56 34 6 13 15 27 16 17 45 53 23 3 4 34 54 45 27 21 28 26 15 18 29 15 7 27 26 22 22 27 16 9 6 8 12 22 44 46 28 19 26 43 20 19 16 12 14 26 44 58 62 59 42 15 5 11 11 3 16 20 20 17
45 57 40 36 43 41 45 39 20 23 27 40 29 20 39 41 27 39 43 48 59 54 32 19 30 46 51 43 28 13 19 44 36 27 39 60 89 49 132 89 0 15 19 22 28 16 28 21 19 22 22 20 26 35 32 22 25 21 16 18 21 11 4 11 9 13 20 27 2 5 10 18 12 19 43 28 1 3 10 21 25 20 13 6 8 20 38 51 40 37 24 8 4 10 13 10 9 11 10 6
21 33 16 13 15 14 32 42 31 26 22 35 26 15 34 36 34 46 38 23 23 23 14 9 24 43 43 29 22 19 20 27 26 34 67 83 107 112 184 125 17 32 29 14 40 15 18 2 11 22 22 8 4 15 20 15 18 14 17 19 14 15 18 13 8 23 31 34 9 36 48 45 29 15 35 29 17 28 21 18 27 33 36 27 14 9 18 29 8 7 6 6 9 15 20 23 18 19 17 12
19 33 20 15 9 0 22 40 37 25 14 26 19 11 34 39 56 54 26 0 9 29 34 32 27 46 36 11 10 19 12 0 6 18 59 63 76 118 148 68 18 37 32 2 42 14 25 17 14 10 10 13 12 9 9 12 24 17 24 24 12 21 31 20 10 30 33 29 8 60 76 61 48 11 26 35 40 52 29 12 16 38 57 51 25 7 10 21 5 5 9 18 21 20 22 27 23 23 20 15
14 28 30 39 32 13 26 49 44 29 19 20 22 21 22 52 70 76 56 32 39 11 26 39 30 31 18 5 1 0 2 17 23 46 47 19 8 26 38 32 31 65 40 2 17 25 13 19 14 9 6 5 2 0 5 15 30 25 20 17 12 13 22 34 26 32 40 12 1 32 42 39 24 33 25 39 47 28 19 12 18 30 39 36 28 23 19 15 3 13 20 20 20 23 20 14 16 19 19 13
13 16 24 22 19 28 42 57 43 20 5 15 34 34 26 40 71 78 62 46 57 24 28 31 31 23 5 0 8 11 11 20 50 56 44 15 5 19 28 23 52 67 36 0 2 12 12 21 12 7 4 4 2 2 9 19 23 24 26 24 19 21 38 56 60 53 53 22 6 23 22 13 20 44 38 32 24 11 25 35 31 25 24 26 22 16 18 25 15 18 17 11 7 11 20 25 17 20 18 12
33 25 49 28 7 29 39 52 41 11 0 11 49 46 33 30 52 57 42 33 53 23 21 17 25 20 8 6 15 12 7 14 28 29 25 17 14 15 10 0 34 38 30 16 10 11 10 8 8 4 1 2 2 4 12 20 18 23 27 22 12 12 31 52 59 44 42 21 9 20 13 6 28 51 40 28 17 11 35 51 43 25 17 27 31 24 25 36 28 32 36 32 21 14 21 31 23 25 22 15
54 35 76 49 6 20 26 49 52 24 2 18 56 39 29 17 41 41 22 18 48 26 25 19 9 17 21 23 20 6 1 14 0 1 10 22 28 24 17 12 14 10 24 31 17 10 7 0 4 2 2 3 5 8 12 16 13 16 19 14 4 4 20 38 35 19 26 18 12 22 18 19 39 42 26 34 43 34 40 43 35 22 18 30 41 40 34 33 26 39 57 62 46 24 16 20 21 23 21 13
51 15 53 43 11 20 25 56 62 45 26 32 57 21 22 11 32 32 16 15 46 23 17 7 13 18 21 26 27 12 7 20 14 14 21 31 34 31 35 43 29 10 17 22 3 0 9 3 4 6 8 9 11 13 13 11 6 6 8 10 11 16 28 41 30 18 29 24 15 22 20 25 32 24 13 47 70 47 33 27 14 15 14 17 31 43 36 20 10 27 47 53 39 18 8 8 13 15 13 7
43 0 13 21 15 22 24 48 44 42 35 40 63 16 34 27 31 40 35 39 67 34 17 0 45 29 13 18 30 20 7 11 27 30 37 42 34 22 21 27 26 9 14 18 3 3 15 12 8 11 12 13 15 18 15 10 8 4 3 9 16 20 26 32 27 17 29 22 12 20 17 20 10 13 14 49 65 35 20 17 7 13 10 5 16 35 33 17 6 16 22 19 13 11 13 13 13 17 17 12
34 16 15 25 27 19 18 28 22 29 31 42 72 19 45 36 37 55 63 74 102 64 43 24 49 28 9 16 31 20 3 3 16 24 33 35 26 12 4 3 9 6 14 20 13 10 11 7 7 9 8 6 10 16 15 10 10 5 4 8 11 10 10 12 17 8 19 10 6 21 17 13 0 17 16 29 36 20 17 13 9 12 11 8 13 23 24 17 11 18 15 4 6 19 23 17 21 26 28 25
19 40 44 49 41 18 16 21 23 30 31 44 76 16 39 22 15 39 53 70 100 65 50 35 16 9 6 20 33 18 5 11 16 18 19 16 13 13 16 19 14 15 16 13 7 2 0 0 3 4 1 0 2 11 13 8 6 3 4 7 8 5 4 6 16 6 13 3 4 25 18 6 6 27 13 6 13 17 21 9 7 6 10 16 17 12 10 12 13 24 22 11 15 30 26 7 23 29 33 31
20 32 45 47 37 25 21 25 33 28 35 29 25 18 45 23 8 17 16 19 42 60 58 54 7 0 21 13 0 20 20 6 8 16 16 8 7 14 16 11 14 13 11 7 4 3 4 5 5 4 2 3 7 10 11 12 7 8 9 8 5 3 3 3 8 5 6 10 12 11 12 15 13 11 6 2 4 11 15 15 11 13 13 13 19 26 26 22 30 33 29 19 12 13 12 8 11 12 14 16
26 18 19 26 22 12 15 28 39 41 43 20 9 16 77 86 51 44 19 8 37 69 76 72 41 24 43 24 0 16 20 12 12 14 14 11 12 15 16 14 10 12 14 15 13 11 8 7 8 7 6 8 10 13 13 12 8 8 8 8 7 6 5 4 7 8 12 15 14 13 18 26 13 0 1 21 28 15 11 21 24 24 21 19 23 29 30 27 33 35 32 22 14 13 10 6 5 6 9 11
31 9 0 12 17 6 6 17 31 52 63 33 9 8 74 94 69 79 59 28 30 49 60 64 48 34 43 22 0 12 24 23 23 17 14 16 18 16 14 14 11 12 14 15 16 15 13 12 16 14 14 14 16 16 14 12 10 8 6 8 10 11 8 5 5 9 14 15 11 9 18 30 17 2 5 26 33 20 14 23 26 29 29 28 29 32 29 24 24 26 24 17 14 17 20 20 17 18 20 23
33 17 11 23 33 26 13 6 20 50 66 42 22 6 51 64 52 100 113 75 39 29 37 49 47 38 39 27 12 25 39 39 34 21 14 19 21 14 10 12 14 12 10 10 12 14 15 16 19 18 18 18 18 17 13 11 11 7 5 8 13 15 11 7 5 6 8 9 5 4 12 23 23 22 17 12 13 18 22 22 27 34 39 39 38 35 27 18 25 26 27 26 27 31 36 40 15 16 16 17
24 26 26 32 46 53 36 12 17 34 39 28 30 14 45 54 55 97 108 76 47 37 38 44 54 49 42 39 37 42 52 47 33 19 11 15 17 11 9 12 13 12 11 13 15 16 14 12 11 10 11 13 15 15 13 11 11 8 6 9 14 16 13 8 7 3 3 6 7 8 13 20 26 26 19 8 3 10 21 28 42 46 46 41 36 32 27 20 23 29 38 45 46 43 40 40 20 19 19 18
8 20 24 22 36 54 46 22 11 17 18 21 38 13 30 39 82 74 43 20 28 39 30 20 30 31 19 26 35 37 48 44 28 19 10 9 10 10 12 15 9 10 14 20 24 21 13 7 1 1 2 6 10 13 13 12 10 9 8 10 13 14 12 9 9 5 5 10 14 16 19 24 23 10 10 21 19 7 14 36 49 47 38 25 17 18 20 20 2 11 28 42 44 36 27 23 34 33 31 29
11 22 25 21 25 35 33 21 13 19 22 32 45 1 11 32 76 47 4 0 16 30 18 5 6 14 0 9 23 26 47 50 35 31 21 10 8 13 18 19 8 7 9 14 20 20 16 11 7 6 5 6 9 11 11 10 9 9 10 11 11 11 10 10 10 9 11 14 12 10 13 19 18 4 7 26 31 20 19 32 31 30 22 10 5 9 15 18 16 18 25 33 31 22 17 17 25 23 21 19
32 37 41 37 30 24 20 18 29 32 32 38 42 0 15 56 41 31 15 15 31 32 23 22 19 30 9 17 30 31 58 69 47 47 35 16 9 16 21 20 12 5 0 0 7 15 19 20 22 18 14 12 11 10 9 7 8 10 12 12 10 9 9 10 10 12 15 14 5 0 0 8 15 13 12 18 29 37 31 21 10 14 15 11 9 14 18 20 73 62 49 39 27 18 18 25 17 16 14 12
47 68 76 59 24 32 11 13 23 46 46 26 6 7 49 72 56 45 26 25 36 34 23 23 32 33 23 33 38 39 59 65 55 38 26 16 8 16 28 29 14 5 0 3 6 8 14 21 21 19 15 12 9 8 8 9 8 7 8 11 10 7 6 6 11 13 15 14 9 8 14 22 21 21 14 9 18 34 36 27 26 20 21 37 44 25 15 30 84 91 43 38 58 43 38 36 26 29 22 5
32 51 62 51 19 23 0 1 18 32 33 18 0 14 39 69 50 40 22 17 25 20 12 16 26 27 20 33 41 39 51 49 30 21 20 18 10 14 21 18 20 13 10 12 13 10 10 14 23 20 14 9 7 7 9 10 13 11 10 10 10 11 13 16 7 6 7 9 12 15 20 24 28 29 30 29 23 17 16 19 24 30 39 52 53 29 13 21 68 76 38 36 56 41 31 27 31 38 35 23
18 32 43 40 17 26 9 18 14 20 24 17 2 48 42 66 53 38 16 13 26 25 14 13 31 30 19 31 37 33 42 37 14 11 16 16 7 9 16 13 19 15 13 15 15 11 8 7 12 12 12 13 13 14 14 14 11 11 10 8 8 10 11 11 11 9 6 7 12 16 18 18 33 38 49 50 28 2 1 16 26 38 42 42 37 19 6 12 28 38 16 18 34 22 10 6 15 25 29 22
40 41 40 32 8 19 6 20 15 22 29 28 29 103 59 53 59 41 19 21 41 43 28 22 40 38 22 26 26 21 35 37 21 15 16 12 0 3 16 18 17 13 11 11 13 14 14 14 7 12 18 22 22 18 12 8 6 10 12 11 10 10 7 3 11 11 10 8 10 16 18 17 34 46 58 52 26 4 6 21 29 34 23 8 6 4 4 11 0 12 6 7 15 6 0 0 9 19 25 20
32 32 29 23 7 25 14 25 12 24 30 30 45 127 58 16 33 28 16 16 26 22 14 17 13 17 6 8 0 0 13 20 26 19 18 12 0 4 18 21 19 15 10 6 9 16 21 23 20 22 24 25 21 15 8 3 10 14 13 9 10 15 17 14 4 12 15 11 10 17 24 26 37 51 55 39 19 14 19 25 22 24 11 0 9 16 16 19 8 16 22 17 12 8 5 15 7 13 16 12
17 25 28 25 15 40 23 24 56 71 74 73 88 147 87 34 39 49 49 42 34 23 26 44 17 29 27 33 24 14 32 40 23 17 19 16 6 8 17 16 17 14 7 1 4 12 17 17 21 20 18 17 16 16 17 18 13 14 8 0 3 17 28 29 10 20 23 15 11 17 23 25 41 50 46 26 14 20 25 23 11 19 19 24 40 42 31 27 21 19 28 18 8 10 8 19 9 10 9 6
34 45 43 28 14 39 15 3 44 56 57 56 62 80 56 28 23 26 20 13 11 4 6 22 4 14 12 18 11 2 19 26 30 22 21 18 8 9 14 9 10 12 10 7 9 15 15 11 10 11 13 15 18 20 22 23 15 17 12 3 5 20 29 28 13 22 23 16 15 25 30 27 40 38 32 22 17 18 21 23 15 22 26 36 48 42 30 30 20 6 16 8 4 16 11 17 23 20 17 18
17 32 30 15 10 50 34 23 29 38 38 41 36 24 34 35 35 20 0 0 17 21 14 15 23 26 15 17 12 6 25 32 45 31 24 16 6 7 12 7 9 16 20 21 24 28 23 15 8 13 19 24 23 17 10 5 18 26 26 18 19 27 28 21 1 9 12 12 23 41 48 44 35 25 21 24 22 14 15 24 28 28 24 25 30 21 17 28 21 0 9 5 10 31 23 24 17 12 10 14
0 32 15 19 0 54 39 25 19 27 37 33 14 1 9 27 36 15 7 12 44 57 28 19 35 42 20 24 40 31 35 46 54 42 0 22 23 18 19 9 1 16 31 17 18 39 29 21 30 28 28 30 29 20 8 0 24 41 47 54 33 14 20 6 6 3 8 5 7 39 57 40 29 13 12 23 29 33 28 14 25 10 16 14 10 7 0 14 5 21 18 16 45 70 61 41 27 15 8 9
23 27 17 40 25 29 1 0 0 10 21 23 24 23 17 7 21 22 20 11 41 67 36 9 27 35 20 36 57 47 43 45 45 42 16 23 21 37 9 5 5 3 13 17 11 22 13 28 17 19 18 19 27 37 37 31 25 44 37 25 5 10 9 1 0 0 14 21 20 29 41 41 43 22 10 14 27 40 40 28 17 3 10 14 20 22 8 12 43 40 35 49 76 81 68 62 50 38 24 17
28 26 20 25 36 49 42 29 22 33 33 22 23 32 27 11 14 16 15 5 30 52 23 2 0 17 18 38 49 35 39 46 49 39 1 2 35 33 31 24 28 27 26 28 8 21 10 31 42 41 33 21 19 23 19 9 16 43 40 28 17 42 16 7 13 6 0 8 21 20 17 26 32 26 21 17 18 21 20 16 12 2 16 33 57 68 41 27 46 40 32 41 60 57 41 35 27 29 27 23
21 11 12 11 48 65 76 63 26 40 41 23 8 9 13 13 24 9 8 12 34 41 23 29 10 35 47 57 40 15 34 57 86 69 25 29 81 13 26 0 9 29 31 21 1 38 30 38 33 33 32 31 27 22 20 20 27 49 48 50 51 79 39 31 33 28 9 8 27 25 15 25 13 28 33 23 11 8 22 43 33 19 31 50 80 88 45 13 39 51 42 28 35 43 30 15 0 11 27 39
55 16 21 38 62 18 7 4 10 22 34 35 23 11 12 20 36 25 29 35 53 58 44 58 47 67 80 85 52 18 38 57 100 88 63 53 57 29 17 18 19 38 44 29 10 37 28 31 26 20 25 38 35 24 29 47 51 53 46 57 65 85 64 58 49 36 3 0 33 42 18 1 7 16 11 1 0 4 32 75 55 30 31 48 82 94 55 26 29 46 42 26 28 35 33 30 33 22 24 40
9 0 6 28 58 32 28 24 27 19 17 26 31 27 26 30 36 47 56 44 51 59 37 33 35 39 51 70 48 19 31 35 43 51 80 74 5 64 0 46 33 29 43 33 25 19 11 21 47 33 26 31 26 14 19 35 36 39 45 67 74 73 87 66 60 65 48 17 3 6 19 33 48 40 23 29 43 33 33 65 105 58 33 28 42 43 8 0 16 18 19 26 30 22 26 47 65 32 6 8
30 24 24 16 26 23 22 11 41 25 8 5 16 27 27 21 28 41 52 36 35 35 12 9 11 6 17 43 28 9 26 27 7 22 80 123 37 60 0 16 7 0 27 11 27 13 17 21 34 26 18 19 30 40 42 39 13 32 54 68 63 41 97 51 114 62 19 18 40 57 47 21 33 21 11 38 63 30 1 23 64 15 0 0 21 28 11 13 21 20 20 30 37 26 24 41 47 40 26 13
35 13 9 23 23 3 2 19 39 41 33 23 29 43 38 21 23 19 30 32 32 21 6 28 31 24 32 49 24 6 36 47 45 23 38 121 81 33 53 62 37 37 64 15 34 22 26 5 19 24 20 22 47 76 71 46 21 46 62 49 25 0 90 32 21 14 36 53 31 17 31 42 28 21 23 64 97 64 44 80 105 52 30 31 39 29 4 9 22 33 29 21 27 28 16 8 21 62 84 67
29 23 17 17 18 20 22 26 34 53 35 13 43 41 45 27 19 9 4 7 0 15 0 36 48 20 35 52 44 36 31 27 82 80 40 83 55 15 72 90 60 34 28 0 26 31 19 25 38 32 30 40 61 74 86 115 85 53 41 67 144 90 120 51 1 25 111 138 21 24 27 39 53 33 18 43 65 33 39 97 123 80 23 22 37 28 26 22 35 39 34 20 9 7 7 5 16 66 103 99
17 19 24 32 40 42 36 28 38 46 35 26 45 19 15 2 0 0 6 17 18 37 15 36 52 25 39 61 55 46 40 34 90 104 112 126 42 99 89 45 0 30 31 24 59 0 24 27 61 44 36 46 61 90 85 109 110 37 17 108 241 216 104 73 61 132 22 110 88 42 26 26 17 35 18 17 37 24 2 57 104 62 30 40 36 24 34 27 46 40 29 20 22 28 28 23 4 34 51 41
13 21 28 35 45 51 42 27 38 36 32 39 55 18 19 20 18 9 7 20 25 32 21 49 60 46 59 66 35 24 60 91 83 158 226 251 108 115 62 43 18 72 107 24 35 35 43 62 60 51 60 41 58 133 84 29 30 16 11 80 168 202 127 126 98 92 10 118 72 77 34 25 12 32 27 29 45 78 30 36 62 44 54 92 81 54 54 38 51 43 29 19 18 23 23 20 3 11 10 0
26 32 31 23 24 32 32 24 45 36 32 36 47 19 35 41 42 20 9 22 21 2 0 35 31 0 0 25 36 48 91 112 133 141 201 245 246 101 81 87 103 102 130 34 12 68 54 79 101 61 35 47 83 88 93 104 87 80 62 47 57 170 198 180 203 137 200 236 85 75 48 22 35 32 40 57 52 104 40 0 11 15 30 73 79 39 19 10 37 37 31 22 12 8 9 11 19 13 5 1
35 41 37 20 8 11 19 23 47 42 37 28 31 14 36 29 31 41 47 55 58 35 30 38 44 18 18 62 60 39 57 57 143 108 108 235 241 217 189 245 222 120 125 141 140 106 116 121 87 103 41 54 89 21 128 196 220 210 218 154 90 197 124 90 241 201 248 233 138 5 71 52 84 82 62 91 115 146 58 26 38 45 18 34 60 28 7 20 22 23 25 28 28 23 16 12 40 29 17 14
26 36 42 34 18 10 16 25 31 36 44 39 44 36 56 34 9 55 71 61 81 89 96 70 33 36 59 109 84 40 67 79 163 103 250 230 239 228 250 237 227 59 113 144 188 128 90 86 183 64 149 105 21 72 169 179 86 255 255 233 97 87 72 46 40 249 246 246 54 64 66 51 150 132 33 64 165 163 44 22 63 72 36 38 67 50 40 56 27 19 18 31 43 39 21 6 52 44 33 24
8 18 36 45 35 18 16 25 28 33 51 57 62 50 65 35 0 35 37 24 59 77 100 71 79 48 34 87 82 38 48 34 86 50 238 244 241 255 247 196 255 148 218 195 225 235 99 85 246 242 58 129 149 63 199 226 252 211 247 128 105 157 46 54 239 255 240 235 206 167 145 172 242 174 34 59 158 137 49 0 13 27 30 44 47 43 51 41 33 26 27 35 38 29 15 6 38 46 47 39
0 3 25 46 42 21 14 24 49 43 57 62 57 30 36 3 15 24 15 18 57 51 72 55 69 40 25 82 78 33 47 35 60 47 173 252 245 222 209 209 252 255 250 253 228 255 81 39 215 255 36 157 186 113 232 228 249 92 152 76 104 54 75 90 126 239 166 217 213 217 132 194 219 121 18 49 83 72 73 5 0 10 45 66 36 42 71 40 26 33 41 42 28 14 16 26 12 36 54 53
24 22 44 29 18 37 32 35 41 35 43 27 15 24 16 9 26 22 16 25 56 43 55 23 55 27 18 81 125 22 61 94 78 93 127 172 146 185 234 252 244 248 221 220 99 174 111 6 183 212 67 193 146 90 178 252 250 93 121 124 52 237 251 225 253 116 252 255 201 254 65 73 78 57 61 18 39 72 61 49 2 24 46 67 48 74 69 48 26 37 45 30 11 16 28 24 7 18 31 38
28 30 51 34 19 33 34 39 39 24 21 10 17 34 28 29 43 20 14 22 39 40 65 26 60 42 24 96 115 73 113 129 98 77 71 106 116 133 209 255 209 247 255 254 198 54 132 76 229 240 210 231 124 239 249 251 166 16 180 252 182 255 230 232 254 156 217 239 248 243 59 27 27 20 77 53 77 48 54 63 46 16 18 41 62 69 64 40 26 28 35 29 12 12 23 25 2 11 21 28
23 28 47 32 13 20 24 28 39 25 18 7 15 24 19 37 48 31 57 60 26 25 65 29 75 71 36 84 63 89 109 65 32 0 44 58 110 99 91 97 128 244 249 241 249 133 199 95 255 255 241 245 203 232 249 242 251 144 253 202 132 219 252 252 212 232 220 173 252 213 64 49 54 32 52 37 48 16 18 26 59 5 0 7 37 23 31 22 19 15 28 39 26 15 19 25 25 30 36 40
31 34 45 35 19 23 32 34 46 43 42 24 15 6 1 33 37 43 111 111 23 8 51 22 33 48 34 63 33 96 108 15 37 7 100 25 69 110 94 82 85 166 127 122 165 233 255 183 202 255 231 246 255 242 255 226 248 94 187 192 172 255 255 231 235 140 190 90 66 82 37 14 52 38 0 4 0 23 26 34 54 37 34 20 18 9 27 38 24 17 37 58 45 18 10 11 24 23 23 26
43 37 31 25 18 31 54 58 58 50 52 38 26 21 21 48 42 39 103 108 25 25 51 16 13 32 64 91 61 84 105 32 95 92 161 45 43 129 236 255 255 253 249 246 254 255 252 251 251 239 218 255 229 252 197 255 254 235 117 222 255 196 202 141 0 239 198 49 50 0 30 6 42 57 27 38 7 8 25 37 39 66 58 39 24 49 53 52 36 30 47 63 46 19 9 8 15 10 9 12
76 64 43 40 40 60 99 107 60 33 36 35 40 62 71 77 66 31 49 60 32 70 72 30 44 53 102 122 82 35 58 46 47 76 98 69 63 101 243 255 234 253 250 243 255 247 255 255 234 255 255 243 243 255 163 234 254 202 241 237 92 117 149 117 64 42 91 48 0 15 58 35 17 29 38 59 72 20 68 74 25 57 37 31 41 89 66 36 29 29 41 46 34 29 35 37 35 29 29 37
41 35 15 17 14 25 66 72 41 7 22 32 38 79 95 81 63 29 21 28 32 88 76 53 41 53 78 81 57 11 26 42 53 73 80 138 175 176 219 244 151 238 232 176 227 255 242 212 235 252 248 247 255 88 0 55 146 133 245 250 73 66 93 103 55 24 42 39 17 45 20 33 60 54 41 51 85 25 74 48 25 42 29 27 58 80 52 24 15 27 38 32 24 43 63 63 48 41 44 56
25 29 19 26 16 12 45 45 19 0 24 36 26 66 87 63 31 28 27 25 24 72 58 63 31 53 39 18 18 16 15 17 42 55 101 183 254 255 193 255 219 255 247 81 159 162 177 233 255 247 247 230 176 72 26 45 91 66 42 53 11 21 53 42 23 12 13 47 33 61 14 17 53 70 31 42 65 49 92 51 15 23 30 21 47 25 13 10 17 38 50 33 22 47 67 60 52 46 49 62
29 28 28 34 47 17 44 41 28 16 25 39 35 70 49 52 27 30 32 33 35 40 44 45 38 19 30 25 23 21 0 10 29 27 50 151 255 253 255 239 255 254 104 80 106 66 127 188 211 163 127 91 80 66 34 46 73 45 20 29 34 43 12 22 27 26 16 27 50 39 14 11 50 55 35 28 54 38 52 30 18 0 12 7 25 23 22 14 19 50 34 10 10 26 44 36 28 26 30 41
46 18 8 34 59 23 30 25 8 12 22 25 23 66 57 56 28 33 36 32 26 27 35 42 35 19 27 24 29 32 11 11 24 0 9 96 190 255 206 150 168 122 46 45 100 45 49 89 45 18 9 13 49 65 27 14 37 43 53 61 50 62 32 26 54 58 43 24 24 30 30 31 26 50 54 41 33 11 14 13 21 4 12 19 19 30 16 11 46 53 33 27 22 9 20 29 19 19 24 30
27 1 0 16 47 30 32 21 23 28 30 22 11 34 30 37 13 29 46 47 34 22 20 24 37 24 22 16 23 32 15 7 29 18 10 60 125 167 58 94 57 72 82 4 37 48 26 2 6 21 44 54 78 91 72 69 52 16 1 11 14 55 48 40 56 68 61 24 0 13 31 27 13 34 50 52 45 45 26 36 39 17 9 21 5 26 11 19 64 61 37 34 28 6 13 25 12 16 24 31
0 6 4 4 21 34 39 25 45 44 40 32 17 7 4 23 34 46 60 58 40 20 11 12 29 22 12 0 7 25 27 24 7 26 25 44 65 74 5 94 47 37 67 20 10 13 8 26 48 61 61 39 25 32 62 104 68 1 0 27 33 59 48 44 35 47 57 35 2 8 21 7 24 15 17 37 58 87 41 39 49 18 18 37 25 25 12 30 64 68 38 25 23 19 30 32 11 15 24 33
11 21 25 20 20 35 28 19 44 58 50 35 32 17 16 24 23 23 24 25 21 19 26 37 73 69 46 22 12 21 39 43 25 16 27 26 13 39 57 43 44 3 1 30 11 12 9 35 34 31 20 18 13 3 26 63 57 23 36 61 30 34 30 43 34 30 43 45 24 19 23 13 51 35 29 44 61 83 29 22 41 5 34 59 65 34 26 42 67 63 28 16 19 20 34 39 19 14 13 17
27 13 15 33 32 34 10 17 55 82 65 34 43 29 24 8 33 30 35 46 51 50 53 61 69 73 51 33 16 15 43 54 65 41 16 11 31 18 54 13 7 32 25 38 10 55 43 5 23 25 23 47 51 22 25 43 43 40 44 31 0 12 14 22 48 30 29 40 34 24 27 33 42 51 60 63 56 47 21 28 35 0 30 43 59 35 43 62 74 52 15 18 24 9 20 36 32 20 10 9
30 5 2 21 19 31 10 31 71 78 51 34 57 22 15 4 28 29 41 53 48 26 8 3 2 18 16 25 20 16 48 62 49 49 0 0 65 20 29 36 14 41 60 66 30 46 36 23 34 34 10 15 11 0 16 39 26 32 37 41 39 64 29 8 44 35 28 33 33 16 13 30 24 45 52 48 40 11 18 28 28 11 27 28 31 40 49 61 62 48 16 21 30 16 18 23 24 21 22 28
33 20 12 5 0 26 20 47 64 39 11 34 75 15 13 32 18 24 42 61 62 46 35 36 27 45 46 62 52 29 47 52 35 42 10 0 42 35 35 6 19 26 59 44 20 28 22 31 37 44 18 22 25 12 23 24 23 22 28 60 87 106 60 46 29 39 38 37 35 10 0 13 59 63 47 38 45 9 26 22 14 27 42 46 29 59 44 37 40 50 26 19 31 35 32 12 0 12 34 53
33 32 25 13 6 11 24 35 49 16 10 19 58 12 38 29 11 8 24 28 14 20 34 28 46 43 34 30 7 15 48 44 34 23 25 24 59 40 20 0 3 31 48 33 8 1 10 21 42 32 43 69 69 39 21 24 36 25 34 55 95 116 81 43 18 28 42 27 31 26 1 23 84 104 43 35 55 33 42 50 34 47 60 37 2 49 41 30 39 57 33 41 58 40 23 2 0 10 34 56
33 37 37 28 16 11 15 21 24 22 17 11 37 22 46 27 0 2 20 21 2 5 21 21 43 43 37 19 5 13 53 45 34 35 38 30 65 62 48 22 36 44 43 29 19 25 39 48 41 33 32 48 69 74 54 32 37 23 6 7 37 76 68 17 7 14 11 0 19 29 6 25 93 112 49 30 47 38 57 68 55 67 79 60 21 40 35 50 57 57 28 39 56 35 23 13 4 11 24 38
33 40 44 37 21 9 8 12 7 20 14 9 14 19 34 23 26 30 41 43 34 40 48 42 40 52 69 55 61 53 89 73 41 52 50 34 59 68 59 34 38 37 34 32 33 33 27 20 10 17 28 41 51 48 26 3 28 34 18 15 23 65 90 27 0 23 23 7 34 38 9 24 82 93 34 17 39 39 52 56 71 73 76 76 60 55 40 65 56 40 13 26 41 25 20 23 16 13 14 16
38 44 48 42 25 12 12 19 17 19 8 19 7 11 10 18 30 24 21 27 41 53 45 25 10 19 46 40 61 33 65 54 30 41 35 22 35 43 36 25 45 29 12 6 10 17 22 24 11 30 58 68 43 9 5 21 4 29 28 37 27 59 113 59 9 48 42 29 60 59 25 26 51 53 14 17 41 33 27 24 65 51 36 51 74 64 31 33 29 18 6 14 25 24 26 31 19 13 6 3
40 46 53 51 36 19 16 22 25 25 12 23 6 19 3 9 42 38 29 32 55 69 56 36 36 26 34 29 54 16 48 56 18 27 22 21 23 24 21 28 25 16 13 20 27 29 34 41 35 48 62 57 32 15 30 58 15 26 24 45 33 53 111 74 36 64 44 31 59 61 37 29 25 30 23 38 46 20 11 22 63 44 15 24 65 60 30 9 6 11 19 18 21 35 38 34 18 15 10 6
28 34 46 53 41 20 9 9 14 24 19 13 2 31 8 0 16 28 22 15 29 39 32 26 25 16 13 17 42 9 28 39 47 59 54 56 44 39 32 49 14 14 28 50 55 41 28 26 35 43 36 20 23 44 49 38 35 28 27 53 50 53 76 43 26 72 76 61 44 22 21 24 13 30 46 53 37 8 11 40 25 16 0 0 26 21 22 3 3 10 32 24 20 40 38 26 25 29 30 28
17 20 31 43 38 19 8 8 10 14 23 14 10 32 9 5 13 30 21 7 19 27 20 18 11 19 9 16 41 28 30 30 67 92 87 83 58 57 46 57 67 41 25 31 36 28 22 25 33 39 29 15 27 54 56 37 25 21 29 41 38 35 31 12 9 62 91 87 36 0 13 18 14 35 53 43 25 16 20 38 33 33 37 45 55 37 60 47 17 8 31 27 21 38 29 18 29 39 45 43
19 16 23 35 36 25 20 24 24 8 26 32 31 28 8 25 28 37 18 4 25 35 20 12 19 34 5 0 18 29 31 25 44 84 83 74 47 57 45 49 95 57 29 34 43 33 20 15 29 29 23 14 11 26 54 76 27 32 42 27 17 23 27 38 18 38 53 66 35 13 34 22 23 38 47 29 24 37 30 20 30 28 49 68 66 29 53 35 35 7 27 30 27 39 26 20 23 35 44 42
12 11 0 16 14 37 38 50 37 31 34 36 73 49 39 41 55 56 38 26 38 44 26 8 23 33 22 8 21 34 22 5 21 47 55 63 58 10 0 43 57 64 32 29 39 47 23 32 26 36 15 11 2 5 52 69 30 24 56 72 42 30 45 44 26 30 36 52 16 26 37 44 43 46 56 28 26 13 29 32 40 26 30 49 56 45 43 52 43 40 54 76 71 42 30 38 27 28 26 22
5 9 0 0 13 49 57 52 42 37 40 41 68 45 42 51 57 54 42 39 45 36 18 13 23 35 32 21 22 26 34 48 27 30 40 52 46 26 21 34 40 17 17 50 1 20 26 27 15 26 22 18 8 8 33 48 19 22 58 73 37 18 32 36 22 23 38 54 31 44 31 24 43 50 45 21 23 6 27 37 29 12 39 67 97 66 67 71 76 67 70 82 77 51 30 25 25 26 23 18
32 25 18 11 28 37 39 25 31 30 37 39 51 29 31 46 54 44 34 37 39 18 1 5 9 13 13 14 14 8 19 45 65 33 16 3 0 3 35 44 32 3 38 80 24 13 27 24 28 35 51 42 28 24 20 31 24 23 43 47 23 21 38 41 19 14 30 26 10 34 20 23 40 53 28 12 19 0 28 44 36 16 62 107 161 113 89 66 60 50 38 30 23 18 16 18 21 22 17 10
30 7 18 31 52 24 19 16 14 19 28 31 27 12 17 32 51 38 21 21 27 13 0 0 12 8 5 20 40 39 32 38 42 28 22 16 2 0 13 28 49 32 55 63 56 19 23 26 25 26 50 37 24 23 5 18 61 51 38 17 10 37 56 44 14 17 40 17 0 20 13 29 40 58 22 14 21 6 37 57 48 26 45 82 128 99 58 16 33 34 24 6 0 7 23 33 29 30 26 18
21 5 21 33 48 13 6 4 13 18 20 17 4 7 18 29 50 40 20 14 29 32 20 13 17 14 9 24 55 65 53 45 27 30 25 39 54 28 14 45 78 52 31 32 23 35 37 33 21 17 37 23 15 21 8 24 78 84 63 20 8 39 49 26 17 30 58 42 36 32 12 15 38 55 28 24 24 24 48 64 73 60 30 34 35 52 25 2 21 30 31 23 23 31 33 26 20 24 23 17
24 28 32 23 27 23 18 4 24 27 18 8 0 18 32 30 33 38 31 29 41 43 33 29 21 23 17 17 31 37 36 41 65 48 14 24 62 47 36 78 86 53 20 54 0 68 67 40 37 32 34 20 10 11 9 19 35 74 80 40 14 22 23 7 33 37 39 37 55 35 18 3 27 38 36 30 16 38 44 49 78 90 54 39 5 40 28 25 18 17 12 13 29 43 33 13 16 23 28 25
13 22 17 17 24 49 47 37 35 43 33 24 7 50 54 30 8 31 51 60 54 30 18 28 41 40 34 31 26 16 24 51 62 45 28 41 64 53 41 55 62 49 35 58 14 65 65 44 41 42 27 18 5 0 0 0 5 48 71 54 27 10 6 10 42 38 7 12 45 20 36 27 20 23 51 40 10 52 39 30 44 63 51 44 22 44 32 24 23 19 13 13 26 38 34 22 28 39 49 51
27 20 5 24 25 43 32 33 44 60 56 52 38 85 75 32 0 29 71 90 64 12 0 21 43 34 31 41 37 15 24 63 44 34 45 58 51 49 52 44 34 46 40 5 29 18 31 46 43 52 32 33 23 6 18 8 24 46 62 59 39 10 3 22 36 40 0 12 47 15 58 63 26 23 71 55 14 70 43 24 30 30 26 28 40 52 41 21 14 25 35 34 27 21 16 12 15 29 43 48
28 11 18 32 20 0 0 6 11 35 64 46 37 25 59 55 24 33 81 91 47 3 31 15 38 27 22 18 17 38 63 70 54 24 50 66 35 48 64 23 16 50 25 0 53 0 5 32 27 31 20 27 33 34 44 36 28 36 45 45 37 24 12 5 23 20 24 46 58 19 53 66 44 30 36 39 33 47 43 7 13 29 22 30 29 55 34 12 12 20 36 37 30 6 37 14 18 5 8 18
17 22 33 30 14 15 25 26 22 26 39 17 4 0 33 44 29 29 57 66 47 15 37 23 10 8 11 12 15 33 53 60 44 38 56 55 29 36 43 15 17 59 36 3 50 29 36 41 26 21 2 11 28 38 52 43 21 25 32 37 31 19 12 12 44 64 76 62 41 40 37 41 62 36 13 19 36 33 22 21 44 49 41 37 34 44 27 7 10 22 33 33 34 15 45 36 27 10 8 13
26 35 46 37 16 18 39 49 31 22 37 30 18 1 21 34 22 21 30 40 51 25 33 20 16 21 22 16 11 15 22 24 18 39 44 31 26 35 44 49 53 62 24 7 35 44 43 35 27 30 20 30 36 31 36 26 13 14 25 38 34 16 7 12 52 92 107 59 11 47 18 14 52 36 0 4 42 39 19 30 65 61 58 43 39 26 19 7 5 20 24 22 29 13 28 31 36 19 17 23
39 30 40 48 29 19 44 74 41 20 35 46 41 29 26 37 39 39 26 23 47 29 39 39 21 32 30 20 18 21 24 29 48 68 46 19 22 16 21 57 113 68 12 17 23 39 32 29 37 52 51 53 37 16 25 27 21 21 38 58 53 27 13 17 52 92 100 51 13 43 29 18 20 26 11 9 37 47 26 10 45 43 53 35 30 1 4 3 12 26 22 21 32 19 15 25 21 8 11 22
35 21 30 46 39 36 60 86 49 9 8 16 19 31 24 37 70 69 39 16 37 24 49 68 45 56 43 23 22 25 25 33 61 71 41 20 29 13 14 63 120 72 30 38 18 40 35 39 47 54 44 41 25 13 36 50 31 30 43 62 58 35 25 31 34 57 57 39 34 21 36 17 9 10 24 29 26 35 30 1 0 7 33 26 27 5 20 31 26 28 17 16 24 20 5 20 25 10 12 21
30 28 34 36 36 49 64 63 44 6 0 0 1 33 17 24 51 59 41 20 32 13 34 46 61 72 48 19 20 22 17 24 25 35 26 25 38 31 38 77 57 47 45 40 9 40 42 44 41 35 19 27 28 22 36 39 18 14 18 28 28 19 22 34 23 31 30 39 55 20 40 18 23 5 26 43 24 24 44 44 68 70 73 52 29 2 2 7 78 68 56 51 40 39 20 37 38 20 17 22
29 26 31 34 32 40 44 35 35 17 24 15 8 50 21 16 23 32 28 18 30 9 20 14 32 48 27 5 22 32 27 36 22 35 40 32 25 30 43 53 17 13 32 30 13 38 36 40 29 23 10 25 31 21 25 21 6 3 2 5 6 10 22 35 38 39 41 52 65 63 62 51 42 32 31 29 17 20 51 80 64 64 52 46 34 42 45 53 54 46 55 56 20 16 0 6 26 13 18 30
23 5 14 37 36 24 26 32 35 30 40 21 7 58 30 24 34 29 17 8 23 14 33 23 25 43 21 0 20 28 17 22 27 43 55 32 8 27 50 39 34 0 13 28 35 43 31 41 27 23 10 18 18 10 28 37 14 16 16 15 17 25 37 45 34 34 38 36 40 86 66 69 53 70 42 2 1 14 37 73 53 47 19 17 11 42 45 51 29 32 69 84 37 31 4 15 25 21 40 64
17 9 5 10 21 29 32 32 42 56 64 43 28 31 24 19 16 25 23 24 20 55 40 36 31 57 31 0 14 31 18 12 28 44 69 34 0 14 35 38 29 15 20 33 70 36 29 44 34 32 20 19 18 14 32 37 27 21 20 29 37 40 41 44 28 20 24 36 36 22 17 24 32 41 42 28 11 12 30 48 29 16 5 3 6 35 11 33 28 38 64 86 72 34 14 17 32 33 68 84
23 18 22 36 47 44 35 29 42 55 59 38 24 27 25 22 29 43 40 35 21 32 47 58 46 73 52 18 28 40 30 26 44 70 102 63 10 14 31 43 49 27 24 33 57 18 10 28 44 43 30 17 5 18 20 27 39 39 38 39 45 46 34 20 23 27 29 23 13 3 0 0 14 26 32 26 24 32 34 30 12 11 13 32 46 40 15 36 64 41 28 34 31 15 6 11 28 26 54 65
4 3 21 52 66 52 30 18 35 49 49 33 21 22 26 23 18 37 37 37 23 0 27 38 39 78 73 37 25 23 19 25 22 47 79 52 13 17 29 42 49 28 11 3 25 22 34 51 59 62 55 34 8 41 12 14 23 38 39 26 24 32 22 0 7 17 29 35 35 36 44 53 40 43 39 31 35 41 29 8 10 13 15 48 76 28 11 34 79 42 12 8 10 9 16 29 30 25 49 56
19 8 14 39 52 40 25 19 23 42 42 36 25 20 27 20 16 41 49 66 60 3 32 27 15 62 74 40 12 3 10 27 18 22 38 29 27 43 47 54 63 51 22 0 5 24 32 25 44 53 58 46 24 75 20 13 30 53 51 23 16 35 37 18 12 11 20 31 30 28 46 72 80 65 44 32 31 31 23 13 27 20 7 42 82 20 25 56 65 47 32 26 17 9 20 40 23 20 48 58
65 42 25 27 30 26 23 27 21 45 44 46 35 20 28 15 11 42 56 74 70 17 50 47 27 53 56 30 11 12 25 38 32 19 18 13 27 45 40 47 52 39 25 24 24 27 12 0 10 18 30 33 27 86 31 22 42 53 42 18 25 53 51 24 16 18 16 9 4 13 33 50 55 31 12 7 6 3 12 25 33 17 0 27 69 26 48 78 60 50 42 33 15 0 6 23 3 4 38 55
56 45 35 34 33 26 18 13 27 52 46 53 41 21 32 18 0 25 36 41 34 17 54 62 67 58 39 19 15 27 33 29 31 19 16 10 22 27 16 32 31 2 0 38 34 24 15 24 11 10 14 22 23 62 27 22 27 21 8 8 39 69 56 21 7 24 22 4 9 41 61 58 52 36 27 30 33 34 45 61 20 6 0 15 35 21 35 50 61 41 22 13 7 2 8 19 0 0 34 51
33 36 37 35 34 31 21 9 26 50 36 45 36 19 42 31 4 25 25 25 25 50 60 56 62 47 32 20 18 27 27 15 31 25 28 32 46 38 14 29 33 8 5 34 13 13 18 37 32 28 25 34 30 30 15 15 25 15 10 24 53 70 61 41 19 21 19 17 23 35 41 39 30 25 19 17 27 38 38 30 11 10 25 26 9 22 18 14 45 25 6 2 5 11 22 33 21 17 45 54
55 54 41 23 19 30 36 33 19 41 22 33 28 17 51 45 19 25 17 23 39 88 57 25 16 19 30 32 23 25 28 21 28 21 26 40 63 48 6 11 8 17 24 33 1 24 34 35 35 34 36 49 42 13 12 15 30 27 29 37 41 41 43 47 34 5 5 36 43 18 12 30 31 34 24 13 29 54 44 14 14 25 59 52 11 46 32 18 24 16 9 8 8 11 23 37 45 36 55 57
80 78 52 25 21 27 31 38 25 14 6 4 29 42 72 52 31 39 29 24 46 63 49 29 22 14 16 29 32 23 21 27 20 24 17 27 50 38 7 0 2 0 29 50 33 20 24 22 21 18 29 47 48 31 22 26 37 31 27 19 13 24 31 20 15 3 13 38 37 14 12 31 39 36 31 33 46 53 38 16 12 39 55 51 53 59 44 16 21 15 13 4 6 39 20 44 63 53 52 50
65 65 43 19 18 24 27 33 15 6 2 2 27 37 63 41 16 42 46 31 31 37 37 36 32 21 18 26 27 18 17 24 43 40 26 27 39 26 13 27 36 17 25 39 26 19 24 19 9 8 21 42 48 37 32 38 30 28 29 21 10 15 17 5 16 19 29 39 37 26 22 26 22 30 36 40 47 48 32 12 17 34 40 37 47 61 48 20 9 0 0 5 22 56 21 28 52 42 43 45
46 49 32 13 14 20 21 25 12 6 4 4 25 29 51 26 3 38 48 30 21 24 31 39 39 25 18 23 22 15 16 26 57 51 36 36 38 18 21 59 72 32 18 24 18 21 28 21 15 12 21 38 42 33 29 35 25 31 40 33 17 16 16 3 15 33 44 39 35 37 30 17 12 26 37 38 38 38 29 17 27 31 26 23 43 66 57 29 23 9 12 33 67 99 41 25 41 30 31 37
33 39 26 10 13 17 17 19 22 16 12 8 24 24 43 17 2 26 29 19 26 36 36 33 35 21 16 22 23 17 20 30 52 46 39 49 49 22 28 77 85 36 12 15 15 24 35 28 25 21 25 35 36 26 22 26 21 33 47 42 25 23 24 14 11 33 45 38 34 38 30 13 17 27 31 26 25 31 33 30 37 34 23 20 42 69 64 40 47 30 35 65 107 135 60 28 37 22 23 30
