41 38 39 30 14 43 19 30 41 49 89 47 30 26 24 18 29 32 57 43 30 39 16 26 90 59 64 12 26 45 83 57 57 48 24 47 31 20 24 39 47 24 8 19 58 57 40 75 178 241 174 48 25 34 25 45 32 28 49 0 26 49 62 127 126 90 86 41 29 45 53 19 17 18 32 66 73 88 49 42 55 17 55 53 65 58 37 47 55 44 73 56 26 3 34 32 78 133 79 73
51 43 35 31 42 65 59 60 47 42 63 61 61 55 50 46 37 54 80 46 25 38 24 32 45 45 82 37 38 68 109 58 31 43 50 91 60 17 10 37 51 55 40 11 16 22 20 56 178 215 145 55 20 29 58 48 15 22 61 43 74 79 74 124 122 59 43 23 28 29 40 42 31 15 21 56 62 63 15 7 52 0 22 51 67 32 9 39 30 29 73 78 41 0 16 55 83 147 94 61
19 43 40 47 88 111 94 47 16 5 7 59 80 68 48 35 20 71 129 86 49 50 41 52 39 38 85 77 82 93 106 37 0 47 58 76 54 40 28 26 32 66 89 76 67 50 25 42 127 160 127 86 34 28 76 44 25 20 28 2 21 41 71 137 115 46 19 8 37 41 48 62 43 11 0 15 23 35 22 40 50 0 18 32 47 22 3 15 41 26 27 39 69 52 26 4 34 91 61 51
82 32 0 69 110 72 53 68 109 87 43 90 98 69 25 0 3 18 67 64 96 117 84 54 40 19 44 89 124 90 72 32 7 45 31 42 53 66 43 17 40 44 63 75 84 72 53 74 74 113 121 97 40 21 52 45 0 28 55 46 41 32 34 60 72 42 24 0 30 49 46 41 47 27 20 13 13 31 39 63 34 30 49 18 36 64 61 32 12 45 50 36 43 31 19 25 43 56 27 38
141 122 47 77 91 82 46 35 72 59 10 50 75 75 52 32 14 17 61 41 53 50 31 23 32 31 36 89 132 75 64 90 68 63 26 59 81 68 30 22 38 22 23 25 40 48 42 59 62 85 97 55 27 18 15 56 66 86 68 44 24 24 29 26 32 51 66 25 31 39 42 40 46 51 63 46 49 61 48 38 20 40 65 34 55 96 107 71 53 35 0 16 55 46 15 26 65 52 16 3
138 125 68 76 79 58 25 41 41 48 25 43 68 66 46 41 11 0 33 19 52 50 29 14 26 67 65 85 90 36 54 107 114 124 73 69 74 66 38 37 40 46 53 30 24 38 25 14 41 47 53 16 31 38 4 56 108 108 57 42 24 28 33 6 17 49 96 62 33 17 39 66 42 43 52 30 57 90 88 66 32 32 54 51 62 59 67 50 39 41 9 12 35 45 26 39 56 70 61 21
212 242 190 51 28 32 28 17 28 42 53 46 61 41 24 46 37 54 108 54 40 14 11 16 19 54 56 78 59 19 42 54 84 143 102 61 52 68 55 49 62 64 65 30 14 33 31 23 15 22 26 15 40 42 9 35 93 94 47 64 45 43 62 48 10 20 64 38 7 0 37 64 34 30 39 9 38 70 86 79 43 41 51 41 45 36 40 14 13 45 29 19 24 53 37 32 63 87 103 63
132 173 180 30 35 25 53 70 53 57 75 43 50 25 27 84 94 103 135 51 30 11 13 10 28 22 33 99 93 69 78 35 23 97 85 70 64 64 48 54 36 22 30 21 13 22 19 20 18 29 25 25 30 19 10 14 21 50 45 103 76 50 73 74 23 8 32 5 0 17 56 58 28 40 71 41 38 23 18 11 33 61 62 21 35 70 84 26 17 30 23 43 42 47 25 30 37 37 53 29
0 13 38 27 42 71 66 79 66 55 51 48 33 23 47 85 89 70 87 47 17 26 14 31 22 42 62 68 82 114 160 64 30 77 61 74 67 63 63 64 66 43 66 2 12 3 1 23 27 29 27 19 11 10 13 16 2 11 61 117 69 46 50 74 35 16 1 42 27 56 83 57 22 31 43 48 38 21 13 12 39 43 41 25 35 78 71 9 1 18 35 26 29 28 18 24 35 9 24 34
31 42 48 23 36 68 60 62 57 51 41 29 24 33 54 72 18 22 73 35 23 23 26 35 35 63 72 53 59 117 186 109 64 124 73 76 42 31 61 69 74 83 98 31 25 22 23 30 32 29 22 14 10 10 14 16 6 11 39 69 57 65 81 91 86 43 19 79 85 82 77 58 54 31 13 20 42 55 51 42 53 33 30 36 43 62 57 22 7 22 28 30 3 1 25 56 57 39 25 37
37 42 33 6 21 50 36 23 33 37 27 14 22 46 56 50 44 50 103 49 29 4 7 6 0 38 72 75 76 116 171 112 77 119 47 91 58 20 35 38 30 66 87 61 47 32 25 23 26 19 12 9 12 17 22 25 37 30 20 6 34 77 114 118 116 71 25 54 63 49 45 60 78 61 46 51 67 70 51 29 38 77 69 4 7 104 142 85 80 65 30 54 19 20 45 55 49 51 7 31
46 49 42 38 64 85 70 54 23 30 29 25 39 58 57 41 21 20 58 39 28 18 26 36 39 40 53 65 49 57 98 77 91 82 10 77 54 10 18 63 83 71 42 47 53 34 16 7 18 10 4 6 12 16 19 21 19 26 27 9 51 72 84 68 60 57 21 13 25 21 32 76 65 59 43 22 16 30 50 63 73 55 67 79 55 48 83 115 102 77 20 62 26 32 42 14 29 51 0 32
59 55 38 40 56 52 38 26 18 17 17 22 29 34 31 25 36 22 29 52 31 26 6 14 48 35 38 53 34 35 53 44 73 63 39 82 53 19 13 85 188 126 38 17 33 34 18 0 17 11 10 15 17 14 12 14 13 18 26 15 42 36 37 27 19 41 37 39 68 37 2 28 32 32 17 0 0 17 50 68 36 55 73 52 21 31 46 31 46 57 25 61 15 27 48 26 42 66 9 45
77 77 51 43 43 33 33 30 35 23 15 15 15 11 13 21 22 13 13 68 54 58 22 18 0 19 48 71 55 62 49 22 58 74 80 78 63 51 24 53 106 101 71 20 21 26 17 0 11 13 21 31 30 23 24 31 43 27 22 16 19 15 31 43 51 54 67 98 156 98 13 9 34 38 40 47 71 93 83 58 28 34 43 32 21 41 45 15 19 43 34 56 23 40 66 61 65 74 30 46
38 66 48 35 37 48 75 77 62 48 35 29 26 25 30 38 22 19 15 50 42 50 28 9 20 41 61 67 34 42 31 26 76 99 83 45 52 54 56 52 0 35 82 30 27 21 8 0 0 8 24 34 29 19 25 40 37 19 23 42 28 28 34 37 56 59 80 102 170 134 66 66 62 61 55 61 94 126 119 89 29 30 50 61 53 52 36 1 23 26 22 32 28 38 48 56 66 58 43 40
38 88 74 44 36 54 87 80 50 42 31 23 23 26 29 28 35 35 26 26 29 46 53 31 28 37 54 65 20 15 15 45 52 103 97 63 67 39 70 61 40 33 70 14 34 27 6 1 0 4 19 24 10 0 0 19 35 7 2 28 5 26 36 37 21 51 76 51 91 77 42 53 72 75 61 40 43 63 64 48 26 18 34 45 31 29 36 29 25 17 23 25 32 26 26 53 58 42 54 45
59 81 85 77 54 46 56 37 13 21 39 4 8 21 34 34 32 52 63 5 27 49 47 46 41 48 48 111 67 44 75 52 71 49 43 76 183 179 95 46 59 51 40 31 25 18 10 3 0 4 12 11 4 1 4 10 19 15 4 14 47 59 37 15 23 36 50 28 44 16 4 32 55 54 92 36 37 41 47 34 28 36 40 26 21 41 56 45 34 46 9 22 55 16 5 55 39 31 43 50
0 8 30 53 37 19 37 43 21 16 41 19 15 17 33 42 63 45 51 26 38 33 34 52 39 36 50 115 79 56 77 69 55 58 41 47 194 255 148 10 14 33 57 58 28 0 0 20 15 21 25 23 16 11 11 14 13 14 11 22 46 48 28 14 73 70 40 21 23 29 6 36 40 44 99 59 57 49 57 58 41 69 81 27 34 65 83 34 37 35 11 33 51 16 19 63 63 13 41 24
37 43 46 47 16 0 24 43 33 9 35 29 26 24 43 54 63 27 39 51 63 47 38 41 37 29 29 27 0 25 55 51 42 78 82 52 128 172 123 56 33 32 42 47 25 0 0 24 18 19 20 18 14 10 8 8 0 0 0 11 28 25 15 15 83 109 96 40 39 48 36 47 2 28 93 38 26 23 34 29 59 97 120 49 57 80 98 36 0 5 3 40 60 36 48 82 54 0 47 4
15 33 34 25 6 18 63 76 33 7 33 28 32 43 69 76 58 30 36 47 58 69 68 48 30 21 46 36 11 30 29 26 66 87 93 49 68 79 82 93 52 32 18 18 18 10 10 17 10 10 10 10 11 10 8 6 11 12 9 14 24 20 16 25 67 128 157 34 39 29 63 65 61 51 91 44 44 38 43 38 21 44 63 30 26 31 34 0 22 36 9 17 50 50 69 108 49 18 69 31
14 33 40 38 17 10 30 26 27 26 53 25 22 40 71 79 72 52 37 33 26 56 95 104 52 11 59 95 83 46 24 56 100 126 123 49 40 50 52 50 14 20 24 20 16 16 16 15 14 13 12 14 16 17 15 13 22 22 15 14 20 13 6 11 29 77 110 14 42 42 89 108 82 24 39 11 26 10 14 28 35 37 34 50 41 55 29 1 24 66 24 5 47 47 41 66 44 15 22 21
23 24 34 57 40 12 23 29 31 58 78 24 11 18 34 40 58 50 38 56 34 39 92 145 69 25 49 61 58 32 31 69 100 120 118 42 23 28 33 28 10 25 32 23 18 22 21 14 17 15 14 13 14 14 12 11 4 13 11 8 15 14 6 5 16 34 54 69 109 106 76 88 66 61 92 22 9 13 38 47 53 48 27 56 54 91 51 13 1 54 24 7 51 61 56 71 79 23 0 17
41 34 33 49 28 2 18 29 37 65 72 26 43 44 24 14 30 38 38 92 78 45 56 100 52 48 56 24 26 29 40 37 67 52 48 15 32 45 44 35 30 27 21 17 19 23 21 15 15 15 14 12 10 9 8 9 12 29 27 16 22 32 34 34 46 50 61 106 142 119 36 24 41 78 130 47 28 46 69 57 56 53 41 58 52 79 62 42 45 59 36 24 36 61 100 118 60 19 30 13
31 41 42 42 22 13 34 32 34 48 46 30 98 108 60 32 33 45 37 102 103 56 19 25 55 50 41 4 11 15 44 43 32 45 63 23 27 38 35 17 11 8 13 20 19 12 13 20 20 21 21 19 16 15 17 19 30 48 37 11 10 27 39 44 40 43 52 47 97 86 50 43 25 6 53 37 64 59 49 33 36 34 45 49 31 25 42 60 64 57 66 71 34 26 57 45 31 36 112 42
28 41 50 19 6 25 27 29 32 14 27 36 121 141 84 41 52 53 61 15 91 74 6 6 53 44 35 21 16 31 35 18 24 34 86 52 54 50 19 7 16 27 28 13 3 8 15 16 20 20 8 17 19 10 15 6 19 28 27 15 13 25 31 26 26 27 26 29 60 73 58 67 30 8 39 2 18 32 48 2 0 32 50 109 65 26 8 50 50 51 80 14 40 50 0 0 98 226 202 106
0 24 60 56 41 32 13 12 17 33 25 39 125 128 57 30 51 69 37 6 66 65 39 66 60 33 26 27 16 18 28 23 24 36 84 52 54 52 20 3 24 32 29 14 4 6 10 8 12 9 12 44 43 10 9 14 16 24 25 19 18 21 23 25 37 33 35 66 50 33 54 112 65 33 61 37 49 46 57 26 35 19 31 136 132 62 23 62 39 19 66 41 24 35 15 16 134 226 195 115
13 30 70 78 65 45 21 24 27 47 35 57 87 88 57 36 90 115 46 25 68 64 52 87 74 39 37 44 28 32 47 38 40 42 62 23 25 43 32 25 11 16 13 3 0 5 8 5 14 12 20 61 70 42 35 32 24 29 30 34 39 31 26 34 28 43 40 57 11 10 76 124 62 19 47 55 86 84 89 72 53 44 41 93 101 72 76 110 63 21 70 86 17 24 44 28 44 98 83 54
17 21 44 49 47 38 13 9 32 27 32 64 13 29 65 36 11 47 34 47 112 90 42 56 56 26 27 31 18 29 41 19 14 26 47 27 29 44 26 11 14 16 13 9 10 17 19 16 13 17 14 40 65 69 63 37 27 27 25 39 55 39 25 38 54 64 58 52 10 3 77 68 94 47 61 72 105 99 84 62 59 74 59 46 41 39 71 93 69 26 50 85 13 33 75 52 5 23 14 24
45 45 61 64 77 83 49 24 15 15 34 84 45 66 109 87 49 36 40 15 83 72 45 81 55 21 19 33 25 22 23 8 12 23 33 25 23 35 21 12 18 17 13 9 10 13 12 9 6 11 5 21 40 46 48 28 19 16 8 28 53 35 15 31 46 26 36 44 29 0 55 27 38 18 37 44 70 73 59 45 43 36 35 69 80 44 46 65 68 33 14 34 5 49 95 79 65 52 27 37
34 29 35 34 53 70 42 17 24 40 32 58 78 63 35 30 13 0 21 0 60 49 33 67 82 50 44 62 58 33 24 30 37 35 22 19 7 18 19 28 15 13 10 8 9 10 10 9 11 13 14 37 36 17 25 32 23 24 13 28 55 36 16 38 48 31 46 38 28 10 69 43 48 53 72 62 60 56 40 37 44 31 37 106 113 64 56 92 121 84 30 10 9 51 78 66 71 66 40 45
41 28 30 27 36 47 34 32 15 22 14 27 99 100 71 97 100 37 26 13 38 28 23 32 66 74 65 55 52 37 25 33 23 30 28 49 29 18 5 12 26 24 23 22 21 20 20 22 15 19 20 43 44 26 34 39 32 44 32 35 56 36 21 53 42 38 46 41 5 7 24 10 19 26 43 46 54 58 39 44 58 67 69 125 95 48 43 95 131 88 48 13 21 43 50 33 61 82 64 61
65 54 66 69 65 57 45 59 52 20 19 9 67 93 108 148 124 51 3 32 48 41 26 0 33 90 82 30 28 43 34 25 25 29 22 51 28 13 4 20 28 25 22 17 10 3 1 2 7 15 7 20 39 50 55 34 29 50 39 34 47 25 16 56 46 31 56 125 81 62 26 47 38 23 21 33 52 52 14 9 20 33 52 142 104 42 21 82 54 12 18 3 24 39 42 23 72 103 75 52
64 78 83 77 50 44 59 58 53 41 33 49 62 49 56 94 97 44 23 24 42 59 59 58 101 134 106 23 41 63 63 41 38 41 44 48 42 18 8 20 23 39 45 16 24 8 12 3 6 11 13 8 33 43 57 35 30 34 31 22 31 10 24 36 31 23 65 149 99 79 46 76 54 52 39 65 53 53 30 12 19 34 45 98 74 32 33 83 44 27 48 13 27 59 61 28 40 64 18 41
51 46 40 27 30 35 49 35 27 51 90 101 78 58 46 30 67 93 63 46 14 52 89 87 151 163 89 41 35 45 74 87 77 52 35 36 36 25 13 7 21 34 49 20 25 14 10 10 24 24 22 16 27 41 51 31 13 30 19 22 28 22 12 21 7 47 92 88 41 30 2 36 42 53 33 51 58 57 45 68 77 42 7 44 59 42 49 80 80 71 92 57 63 86 76 32 18 44 16 55
18 20 36 18 44 44 48 23 0 23 72 81 48 50 63 46 40 65 22 56 8 14 48 58 124 115 26 36 31 26 48 66 71 32 13 15 16 28 38 30 20 21 38 9 15 15 3 12 7 12 17 13 9 36 58 60 56 45 6 19 36 38 12 36 17 50 107 74 61 103 26 75 22 69 60 43 39 39 44 98 116 63 8 18 58 55 67 73 88 73 88 65 58 73 88 78 78 120 102 114
32 37 54 5 26 27 54 55 62 48 39 22 0 0 25 41 74 59 22 68 31 8 22 41 47 56 29 44 32 18 38 72 75 46 40 32 12 33 71 78 48 30 33 10 21 33 8 17 4 16 29 20 7 38 64 87 108 60 16 25 62 46 21 58 59 28 80 77 68 126 26 97 29 69 76 45 35 46 44 63 57 48 25 10 33 19 33 24 16 41 117 159 135 89 63 49 89 139 116 81
30 41 64 8 23 17 33 46 47 42 4 0 17 30 35 63 85 90 86 56 22 30 48 56 50 35 44 24 43 57 60 77 64 51 55 43 17 41 92 108 84 56 39 31 45 54 17 13 22 30 43 27 29 41 35 52 80 46 46 22 65 39 32 56 66 22 50 74 60 45 46 87 61 32 51 60 72 82 52 16 33 71 80 50 45 23 37 26 7 22 60 88 59 33 22 7 70 97 74 36
8 19 53 27 57 47 22 24 59 76 29 0 37 45 15 17 32 53 80 43 25 44 54 49 60 35 65 27 46 64 57 67 71 61 55 37 17 37 70 77 79 59 25 34 42 38 6 0 30 38 58 42 90 81 38 40 28 25 64 3 33 29 51 59 61 53 53 86 114 17 110 58 73 5 49 87 89 68 36 13 21 56 57 33 20 4 20 21 37 43 32 35 22 44 44 3 21 25 15 1
24 17 30 20 60 68 28 40 62 72 37 9 28 29 8 7 26 40 56 88 74 65 55 44 16 39 98 82 35 14 30 83 111 101 76 41 21 23 28 24 58 56 5 24 20 10 11 10 33 55 92 66 149 123 73 87 39 21 67 22 40 53 73 71 70 62 42 62 118 41 83 6 58 25 86 94 71 30 18 42 42 41 15 21 13 1 15 40 74 63 27 33 21 48 54 17 18 48 62 30
24 17 31 33 66 67 4 17 52 37 24 23 19 9 13 30 65 95 80 137 97 75 67 50 4 14 40 81 36 4 11 55 84 85 61 27 15 17 18 19 60 70 8 30 16 8 44 59 20 59 106 58 144 101 62 99 79 27 71 79 93 98 81 71 54 23 3 5 55 66 18 17 49 59 114 78 56 29 25 65 73 45 6 40 34 19 29 74 98 75 42 69 37 20 14 0 58 139 174 96
21 26 65 21 44 31 30 29 41 68 50 54 42 7 24 44 75 82 56 89 66 73 101 85 24 4 31 26 33 39 45 31 32 11 46 17 17 18 0 13 40 63 49 22 8 9 34 55 17 15 57 24 47 12 12 40 56 54 84 75 47 90 82 42 61 37 0 38 30 67 9 95 80 54 48 89 42 40 16 35 25 26 57 44 28 21 67 83 102 93 88 108 40 36 14 7 67 143 153 106
0 25 45 20 12 34 44 44 64 79 111 41 26 18 29 51 66 43 5 37 30 60 110 101 40 15 23 20 29 53 53 38 14 25 31 24 9 27 29 5 42 46 17 2 19 29 28 30 22 15 0 26 19 24 17 38 65 67 16 53 27 54 59 44 49 79 33 70 71 59 59 127 82 53 58 72 51 34 21 13 30 34 38 25 0 23 61 78 80 74 84 117 45 28 29 60 61 79 62 43
17 16 14 60 32 40 43 52 1 10 53 25 23 39 33 29 45 32 31 73 51 57 95 79 37 0 10 39 41 24 14 33 49 66 43 58 24 38 66 26 3 20 11 11 44 48 25 23 82 85 32 84 81 100 94 95 75 66 17 83 52 58 76 1 41 63 39 25 2 33 105 116 11 69 155 124 58 0 42 68 51 42 23 30 7 28 29 33 0 15 53 100 43 18 10 33 37 36 23 27
16 23 27 83 29 20 52 77 76 60 14 62 34 53 69 73 13 13 37 61 22 35 119 151 54 16 36 31 28 0 11 54 70 60 43 52 20 4 41 23 0 33 44 31 39 29 9 32 62 82 66 77 117 87 54 34 55 75 154 147 23 13 96 14 91 2 18 35 9 103 122 24 82 73 72 19 6 5 69 67 83 64 56 87 89 82 53 41 12 26 41 62 34 41 33 30 19 43 44 34
29 34 23 27 12 43 88 65 45 55 57 142 99 60 25 6 28 57 112 116 44 4 46 66 59 66 94 24 37 25 54 54 64 44 68 43 48 18 29 31 13 29 34 11 16 25 23 61 92 75 53 25 105 82 55 82 59 20 88 85 42 114 139 54 31 40 135 193 54 70 78 41 79 88 83 67 48 48 67 32 30 35 52 59 81 71 62 47 62 64 59 64 52 62 52 42 48 69 65 39
50 37 30 19 34 54 82 52 42 22 63 70 80 63 26 16 63 74 100 78 35 14 53 78 72 67 81 20 55 49 64 54 16 22 74 26 92 73 29 29 33 10 9 0 18 45 30 42 34 30 42 62 118 102 27 39 19 41 69 137 145 224 185 200 71 158 127 175 80 87 77 48 64 64 37 52 39 54 62 22 28 69 88 42 46 48 68 63 62 58 57 64 52 35 28 38 58 50 48 52
25 33 65 53 36 18 36 66 53 23 32 0 26 31 27 31 49 47 49 20 27 29 54 71 85 47 33 30 63 53 43 64 27 50 82 58 177 160 60 59 73 28 35 25 28 44 9 0 23 52 73 78 64 94 66 20 78 159 120 242 255 255 223 255 156 213 77 100 81 117 83 64 94 76 28 36 20 32 62 39 44 90 100 60 39 31 36 45 65 60 48 35 24 18 36 66 36 10 12 40
16 19 31 10 20 43 27 33 37 61 33 32 32 19 46 65 18 28 39 19 51 48 39 35 30 38 53 101 115 97 23 18 45 63 55 72 218 188 54 64 76 35 59 46 27 43 25 19 22 95 138 96 50 140 214 112 143 190 71 210 255 238 251 216 144 153 88 135 94 81 27 84 181 128 49 39 28 24 52 21 28 60 68 86 62 35 3 25 37 59 58 35 35 42 54 60 52 21 9 19
26 24 10 26 71 77 42 18 7 29 48 28 16 43 132 132 78 39 44 59 46 54 60 30 34 46 53 141 193 111 29 8 65 64 28 27 134 116 35 36 53 33 42 49 48 58 49 28 21 56 89 112 40 147 233 159 170 140 58 226 229 212 251 255 184 52 37 67 70 90 37 61 162 70 19 33 12 25 60 25 35 41 52 96 82 50 17 38 51 72 100 37 22 28 37 37 47 32 35 45
43 35 18 31 75 91 74 63 41 38 19 4 17 66 147 158 123 84 61 49 36 52 78 81 40 21 25 155 194 118 39 44 33 59 55 0 24 41 33 31 31 31 33 41 35 58 52 24 0 6 60 16 9 10 122 237 220 214 215 239 237 229 231 229 193 49 2 10 44 84 45 61 58 15 26 38 26 32 60 41 36 80 102 85 76 65 50 35 54 50 73 45 42 32 30 38 42 34 46 65
30 25 12 15 39 57 69 83 122 96 49 47 42 40 58 82 105 110 96 58 18 5 33 72 50 38 37 136 145 110 45 32 26 40 81 40 12 30 69 71 70 43 8 25 22 43 37 22 21 40 98 53 78 29 100 248 227 123 255 221 255 255 24 14 98 81 125 108 81 53 35 76 79 59 88 53 69 97 96 59 60 104 118 59 60 63 65 32 12 7 26 24 46 54 52 50 34 27 40 60
32 35 31 22 14 19 48 82 83 66 44 86 80 39 17 70 146 131 73 30 33 27 23 48 39 26 18 46 41 62 70 70 65 55 88 57 29 36 55 36 51 52 34 56 54 74 52 31 83 82 62 67 57 110 171 255 255 255 229 255 246 159 111 95 132 104 104 72 85 76 68 82 77 76 109 23 56 109 90 40 18 36 43 22 34 30 26 12 50 63 64 46 70 108 106 74 50 36 39 51
48 42 41 34 13 3 20 44 51 47 33 65 64 31 0 51 104 112 74 60 91 69 19 16 5 4 51 59 50 37 59 62 59 74 85 35 42 70 81 65 65 80 71 49 43 81 69 62 66 69 48 86 39 139 110 155 249 235 195 140 128 116 82 73 68 61 63 41 59 55 66 73 59 76 136 44 44 63 43 33 12 27 39 69 68 56 36 49 52 71 53 31 45 89 92 56 47 30 29 36
48 25 22 32 23 8 2 0 7 19 14 15 39 51 27 46 84 108 75 44 58 40 18 44 41 46 86 36 26 25 61 55 51 73 81 40 43 24 33 84 37 4 43 73 108 96 32 44 91 104 68 24 16 118 35 61 255 239 255 107 66 65 61 95 81 57 27 23 45 61 93 96 43 33 89 40 22 5 0 27 38 57 54 67 39 29 12 34 46 47 23 34 39 56 61 52 29 15 17 28
41 14 23 52 53 40 28 13 19 23 27 6 32 46 30 35 89 107 75 55 77 56 14 16 10 33 75 36 43 63 63 32 29 41 77 91 105 57 87 202 183 55 62 55 95 56 0 55 67 107 46 8 39 66 34 31 247 241 255 160 103 75 102 129 91 70 42 63 56 67 107 113 41 0 32 33 34 35 30 65 70 74 58 40 24 13 4 12 42 31 8 49 45 30 25 29 38 24 27 38
23 6 31 70 71 59 55 47 40 23 36 15 35 32 37 65 87 113 87 54 54 34 15 37 39 28 55 69 88 96 67 61 22 33 72 91 117 97 145 253 241 122 123 34 67 85 79 180 192 236 146 208 208 108 175 173 244 255 179 148 77 72 128 112 78 52 20 61 43 54 96 98 46 14 35 47 46 62 53 60 61 50 48 39 66 48 35 20 14 13 2 64 67 52 44 47 45 28 25 31
19 35 53 64 68 68 61 52 44 33 25 42 42 44 24 46 77 67 40 23 33 22 11 69 70 65 80 70 61 75 76 78 68 93 110 75 163 217 217 247 217 158 132 152 135 115 91 208 186 255 237 241 255 137 209 120 60 134 67 50 13 94 139 63 16 36 34 94 90 53 31 42 27 15 20 41 48 34 22 23 23 54 82 35 52 57 38 28 28 25 24 77 76 35 40 25 34 14 7 0
59 42 31 33 39 40 42 46 40 41 33 51 42 44 27 18 27 35 55 63 87 62 33 54 43 21 35 39 26 29 51 91 116 111 87 113 221 246 255 255 255 204 191 173 183 94 70 152 91 249 233 250 255 255 226 142 34 131 115 10 9 85 145 21 9 50 44 99 125 86 23 11 6 16 41 63 54 23 3 1 32 38 50 17 36 38 31 38 55 47 27 39 31 35 41 28 30 27 44 30
58 35 22 30 34 27 25 33 37 35 18 47 28 27 38 22 35 28 51 41 67 46 37 44 23 44 98 95 32 0 16 80 76 56 30 75 184 253 252 221 239 255 195 169 179 195 175 226 89 255 241 234 155 131 41 70 58 67 16 86 12 57 28 36 40 66 24 44 105 109 53 31 28 42 70 95 90 60 35 27 22 26 46 38 46 31 28 49 52 38 25 26 14 46 37 36 56 60 98 69
59 49 45 50 48 34 21 15 37 25 1 43 15 13 65 71 18 0 27 11 56 67 103 121 92 32 0 0 32 78 92 98 123 90 62 47 90 255 255 250 182 255 231 154 208 232 245 247 252 255 211 255 251 173 26 39 51 38 66 17 57 64 78 11 23 64 51 30 52 77 67 51 46 42 51 73 88 79 55 38 46 43 47 35 22 16 45 87 71 42 45 45 20 41 7 23 57 48 90 54
46 41 35 39 57 71 61 42 32 37 22 55 23 30 90 96 60 45 73 50 78 67 85 93 73 48 49 44 39 42 30 26 53 50 49 78 44 197 225 243 110 120 43 76 186 255 242 255 211 174 142 226 253 182 84 68 54 28 42 28 43 66 71 48 30 43 59 41 55 114 126 71 32 24 26 46 69 71 52 32 51 51 42 35 17 19 44 66 39 19 39 27 6 34 2 18 32 8 46 23
20 15 7 16 53 85 77 48 23 51 51 71 44 55 76 60 44 32 46 30 57 46 51 69 84 85 118 117 75 37 26 48 47 64 67 177 73 77 125 113 172 255 242 45 118 180 255 226 255 172 70 125 147 145 113 96 48 34 60 15 17 14 52 42 46 39 75 57 62 123 130 46 6 19 37 56 71 75 66 54 43 45 36 53 42 44 41 21 0 5 45 17 23 69 56 42 21 0 27 17
28 25 19 18 30 42 37 24 39 43 44 73 66 58 30 17 35 17 4 0 29 27 21 56 94 112 153 137 80 46 50 83 65 58 53 145 58 32 136 91 193 254 255 194 185 210 210 255 222 154 58 31 27 59 78 93 57 52 82 64 42 5 41 48 15 58 135 87 35 42 49 5 3 22 41 51 58 65 67 65 60 49 26 54 43 56 67 53 39 45 77 35 62 102 111 80 41 28 37 19
26 29 30 22 9 10 35 61 70 26 17 71 82 50 0 9 41 31 15 27 65 58 25 57 60 80 101 62 23 36 57 75 60 33 50 66 25 56 178 94 177 215 232 255 240 255 169 189 64 118 136 44 39 64 80 72 31 62 79 110 59 49 51 48 42 73 117 54 32 54 72 59 37 42 41 35 38 50 57 56 41 41 34 79 60 63 82 82 68 41 49 7 55 91 136 123 88 83 69 33
37 42 29 46 0 3 64 106 98 45 1 60 49 45 18 50 101 101 60 51 85 83 50 55 71 55 88 38 19 13 28 55 48 9 28 55 48 26 110 53 128 188 255 252 220 253 141 142 36 113 135 92 43 41 60 44 16 54 35 95 65 57 66 49 24 39 17 51 15 84 157 136 97 37 0 28 29 35 41 37 23 36 44 71 62 71 65 78 66 35 14 4 54 55 117 98 56 78 74 38
49 37 16 43 25 35 67 80 58 25 2 43 34 35 40 87 115 84 55 83 111 64 21 45 82 66 70 57 67 66 51 46 75 92 64 22 43 15 62 72 75 42 83 250 255 244 133 70 49 26 44 66 34 30 44 0 33 48 39 84 47 19 21 23 16 0 0 40 17 61 134 152 67 49 25 43 21 22 32 29 16 41 66 61 48 35 38 42 44 16 16 45 64 22 61 66 35 59 68 54
47 40 25 36 11 4 19 26 30 19 21 33 21 11 36 81 106 41 14 66 107 51 10 34 58 76 58 70 78 87 93 109 115 128 95 41 59 3 21 100 89 44 118 129 255 191 181 13 79 82 91 74 24 34 61 14 46 23 18 45 39 29 18 15 28 23 32 32 0 32 62 40 25 45 42 51 22 29 39 32 36 51 70 38 33 16 33 30 34 11 5 54 55 15 41 56 39 59 79 89
86 79 65 56 30 18 24 34 29 35 56 45 32 10 39 71 104 30 0 34 83 49 16 10 32 92 60 79 58 60 88 131 131 101 102 61 43 15 45 113 111 107 87 83 107 113 61 30 55 73 72 75 48 1 15 53 23 12 47 63 67 66 47 46 3 63 127 81 10 16 30 4 5 30 27 43 33 49 57 51 55 49 50 38 44 35 38 32 61 53 29 74 80 87 102 93 61 67 82 99
85 54 24 11 26 34 27 21 26 44 73 48 40 28 81 120 106 53 50 69 93 50 21 0 0 70 40 79 56 51 63 89 100 74 83 22 0 38 80 97 106 82 69 68 87 52 45 61 31 38 41 88 114 76 58 70 0 30 127 148 102 57 46 91 76 91 139 129 74 45 38 33 20 32 17 38 38 49 56 62 52 43 41 69 63 49 26 27 48 56 33 78 84 106 112 87 72 62 57 64
87 53 24 0 22 34 25 23 21 33 49 21 20 32 103 152 63 42 95 125 120 53 44 32 0 56 31 66 38 31 37 53 55 49 47 6 8 39 50 69 39 50 28 90 48 48 77 47 22 26 44 68 62 64 71 37 17 44 133 171 103 37 32 107 167 144 131 129 81 48 34 26 45 52 26 41 35 33 37 54 55 50 47 78 51 33 16 41 62 64 43 83 75 79 100 102 81 60 40 32
62 57 55 6 12 10 14 37 43 28 15 0 16 40 81 104 18 10 84 108 95 46 77 82 43 70 44 51 11 7 21 36 37 32 33 38 42 32 24 51 42 33 25 97 50 32 57 58 62 44 44 56 16 0 20 49 43 41 70 121 87 62 39 68 112 161 151 132 48 31 47 46 49 57 25 38 40 39 32 40 44 39 41 48 27 10 22 55 59 48 21 47 36 35 80 101 92 72 47 33
31 47 67 18 20 17 29 66 77 36 1 6 44 69 62 42 19 5 59 51 41 28 92 96 43 44 26 38 21 36 51 56 42 41 50 55 34 40 52 44 39 24 51 27 53 34 17 38 68 93 52 21 29 24 34 58 36 42 39 89 84 103 52 14 72 135 123 140 78 71 70 41 36 44 9 29 52 64 44 33 8 6 24 17 22 4 26 43 56 47 22 37 39 46 95 105 94 78 57 42
30 37 35 47 87 105 77 42 30 30 7 36 105 92 40 41 39 49 72 14 27 28 68 92 39 37 0 26 39 39 78 57 55 38 40 23 38 49 85 87 71 40 56 30 58 55 20 19 92 117 49 44 36 75 100 32 10 22 46 85 51 66 85 15 89 131 103 78 62 65 85 44 20 32 20 8 33 63 58 38 29 25 56 36 20 4 17 31 50 45 74 55 50 56 92 120 104 64 46 36
66 51 44 81 138 139 74 15 6 23 19 38 83 79 45 45 45 40 65 27 45 40 59 63 13 44 10 34 31 52 73 54 40 37 47 34 59 79 95 69 45 38 70 50 68 60 25 25 46 85 61 73 40 84 98 26 4 27 16 65 2 44 73 63 93 145 87 18 25 89 112 32 22 35 27 10 12 26 45 64 78 53 63 45 40 24 29 39 42 55 79 37 34 65 102 108 80 63 45 47
96 74 57 77 106 92 44 13 34 52 48 32 29 24 18 22 27 24 59 31 30 16 28 26 27 65 33 57 50 79 79 70 35 42 53 44 70 97 96 50 27 39 76 59 66 54 18 14 24 49 59 78 30 59 72 29 47 66 17 47 6 48 51 34 55 84 39 15 53 109 128 74 15 35 51 57 56 51 64 92 64 30 30 18 36 35 41 53 24 33 53 12 15 51 87 90 74 60 48 85
84 70 45 32 31 21 14 21 32 47 58 43 13 4 18 30 11 6 37 15 16 12 16 4 11 28 10 22 28 42 36 37 41 47 53 47 58 80 76 40 30 40 59 50 62 64 33 25 37 36 50 48 24 18 41 45 17 42 1 5 31 68 76 41 53 50 19 34 62 59 60 56 56 48 29 18 17 9 4 13 37 22 26 9 36 49 61 74 66 40 48 23 16 9 25 40 50 22 21 76
47 41 18 5 15 21 14 10 8 25 61 72 41 16 22 34 14 0 8 3 31 45 27 0 8 21 41 17 29 31 34 29 37 38 46 51 41 44 44 37 36 31 24 29 59 84 66 58 48 58 69 33 51 19 38 43 52 84 33 16 13 17 31 38 78 71 23 0 14 12 7 10 25 23 8 5 32 52 45 33 15 30 43 9 27 39 47 58 68 30 43 43 46 28 35 53 27 14 23 34
31 32 18 11 26 32 18 5 11 22 54 70 43 12 13 26 9 2 10 14 37 35 14 19 0 11 65 14 15 19 29 12 19 21 35 57 33 22 20 32 30 18 0 11 41 68 56 54 52 88 97 53 82 52 61 22 38 71 12 45 12 15 12 59 93 82 26 0 21 36 27 32 26 48 46 34 47 59 39 13 24 55 78 48 68 74 74 84 87 58 64 43 42 29 20 9 30 56 73 30
37 36 28 28 36 27 13 11 6 21 39 43 29 14 18 33 3 8 20 33 38 7 5 82 52 11 56 30 19 25 22 12 9 11 24 55 31 21 13 26 23 21 1 23 28 33 18 25 48 68 66 71 74 70 102 47 12 44 0 39 27 40 17 32 89 83 42 20 53 60 39 49 68 90 79 46 37 42 35 25 5 24 48 42 81 77 62 72 48 29 37 15 28 38 34 13 29 72 96 73
42 28 21 41 57 38 12 7 11 39 52 43 31 17 10 14 14 7 10 41 58 19 29 150 122 8 22 42 29 30 8 16 12 11 18 48 28 27 16 22 21 35 28 55 38 21 4 19 36 13 0 68 44 69 142 108 19 59 25 29 50 68 63 34 42 71 46 7 37 62 42 43 50 77 79 56 41 30 13 2 12 9 23 33 83 64 31 37 34 8 15 1 23 37 39 24 32 65 93 133
34 21 17 26 29 19 11 11 22 55 76 63 42 33 28 22 14 8 21 15 34 39 82 109 61 30 20 31 30 22 21 22 20 32 30 16 14 26 28 17 21 31 33 27 18 10 31 69 69 30 0 47 35 51 141 99 27 39 23 20 70 99 64 21 16 54 29 30 39 47 28 23 33 22 35 55 46 27 17 13 13 2 17 20 76 64 32 42 36 28 47 40 31 63 54 17 17 57 68 158
12 9 5 6 12 16 10 1 18 34 41 32 29 35 35 26 17 15 24 23 21 11 28 48 12 8 28 53 50 31 12 0 20 28 27 16 14 22 23 15 17 22 19 17 16 18 41 77 118 79 16 34 44 51 97 75 66 86 58 20 44 77 55 12 13 37 12 18 22 35 31 32 40 29 26 30 34 38 32 19 14 10 14 0 32 28 9 21 24 4 30 44 59 63 49 31 15 43 64 125
19 20 13 5 11 22 16 0 1 15 23 20 21 26 21 9 24 24 27 39 24 11 8 25 10 15 38 57 52 41 31 19 3 7 9 10 17 28 35 35 36 35 28 26 31 32 44 69 64 60 22 36 75 71 64 64 141 169 132 53 34 54 32 0 23 28 7 24 21 32 36 38 47 44 34 23 30 42 33 10 0 16 43 40 66 56 28 23 13 18 56 50 74 57 46 42 41 50 84 101
48 43 31 22 23 27 19 6 0 14 25 19 13 15 17 15 18 13 6 30 16 15 6 23 20 17 23 27 24 32 41 39 28 23 17 14 14 18 23 26 10 8 0 1 9 5 0 8 46 60 56 55 70 43 0 2 41 84 81 36 36 79 86 56 39 30 14 43 35 36 34 28 33 48 51 46 48 49 41 34 42 69 100 117 126 90 34 7 13 69 111 46 56 42 47 48 23 11 53 31
53 39 28 27 26 18 12 11 16 19 15 6 7 21 35 41 21 14 2 23 15 21 10 19 19 14 20 26 27 36 46 42 48 39 27 20 19 22 27 30 19 17 10 14 27 25 15 16 19 17 29 31 40 43 26 33 27 50 47 15 10 45 62 45 49 33 14 47 40 34 26 17 18 39 52 55 51 39 48 80 102 93 86 108 108 73 31 12 19 85 115 27 32 28 45 56 36 9 48 7
32 19 14 20 19 9 9 17 25 15 3 3 18 33 33 24 18 18 14 23 22 28 21 19 26 18 26 37 38 42 48 47 47 42 32 24 28 38 44 44 24 21 9 9 23 25 18 19 36 13 12 12 17 31 28 20 40 41 33 8 0 29 52 45 49 39 13 38 34 29 23 26 35 43 40 36 25 0 15 71 103 69 31 55 55 42 32 31 25 49 59 7 27 26 40 65 44 11 36 1
13 13 15 15 12 11 14 20 17 9 5 15 33 40 28 11 7 16 23 11 14 17 25 21 31 19 24 33 25 20 30 39 55 55 44 28 26 34 32 20 22 22 12 10 20 21 15 16 26 23 13 16 24 22 14 3 17 24 31 20 13 38 55 38 35 45 16 31 28 21 18 36 56 55 40 38 38 8 6 50 111 85 40 56 36 26 24 19 29 18 15 6 32 36 39 69 55 21 31 16
8 20 23 13 7 13 17 15 12 11 13 21 34 45 47 44 26 40 50 15 16 16 39 37 43 32 42 51 32 15 21 34 35 42 37 23 25 37 33 16 4 11 9 11 22 22 13 13 18 47 32 28 33 10 0 3 14 37 64 60 45 57 52 14 16 44 19 28 23 11 6 34 53 57 50 67 93 73 52 73 118 111 73 81 46 38 38 26 30 16 13 17 34 46 42 67 52 20 19 21
21 20 20 0 22 13 20 16 8 18 23 7 13 50 82 79 64 64 49 42 33 29 33 28 36 39 52 84 57 27 10 34 32 29 16 14 33 40 27 17 6 7 19 36 39 27 15 12 25 21 22 18 15 27 36 29 17 26 47 54 52 61 41 0 1 32 50 24 53 50 35 42 69 77 53 38 71 97 85 68 84 71 61 54 42 29 27 34 38 27 29 5 47 40 18 33 29 30 19 17
29 21 19 6 28 19 19 9 7 31 34 16 22 48 59 50 70 70 51 60 36 43 39 46 40 43 56 92 69 38 11 24 35 36 34 45 60 54 40 39 20 21 26 36 48 50 35 18 23 9 9 18 22 32 44 45 32 30 41 39 22 26 33 17 26 73 80 27 56 66 46 40 68 70 50 31 43 58 47 26 12 26 43 44 30 17 19 29 40 21 12 0 40 42 13 11 23 13 50 33
34 41 34 8 28 45 35 0 0 31 51 45 30 14 4 19 30 39 49 96 69 66 26 19 34 41 56 88 66 43 28 48 72 69 54 49 62 63 46 34 33 36 31 26 34 48 46 33 39 14 6 15 17 21 28 30 13 16 39 41 12 3 18 23 54 90 83 34 74 73 35 26 40 40 37 27 24 36 34 14 3 27 50 52 43 38 43 49 40 31 27 15 45 38 13 13 31 38 103 35
32 46 51 28 20 31 33 13 22 51 56 71 62 31 9 45 91 55 41 53 29 38 39 59 42 48 50 60 26 12 17 53 46 44 20 9 45 87 90 75 47 45 35 19 13 24 43 57 50 30 19 19 21 30 34 26 4 15 46 52 22 11 21 20 31 34 27 21 76 45 0 6 5 7 23 28 20 30 37 21 16 26 30 23 20 26 28 25 31 49 73 77 63 23 14 44 22 28 76 28
35 32 43 48 18 7 20 36 37 35 0 20 49 66 40 54 75 51 94 86 53 12 8 16 25 23 14 21 0 0 12 46 71 61 32 13 24 38 38 37 63 46 31 25 20 21 40 64 42 42 39 31 36 62 69 50 25 32 50 49 32 40 51 38 23 20 28 39 85 42 5 39 28 28 48 57 42 40 44 33 51 58 57 46 40 40 36 28 21 54 99 129 82 14 15 68 68 44 63 114
51 37 25 30 26 56 48 11 15 36 7 17 38 89 68 58 54 49 138 122 78 16 16 23 17 11 1 20 15 23 16 25 29 30 32 40 36 17 24 57 72 40 23 35 45 38 35 42 36 50 54 37 33 57 61 35 16 20 38 47 48 68 75 52 9 25 45 27 39 12 1 28 49 47 57 63 51 38 35 33 37 53 67 65 51 37 28 22 20 45 84 134 89 23 26 72 71 58 68 132
61 42 22 32 40 93 72 7 8 45 39 42 10 39 26 28 40 36 132 136 100 63 50 46 38 43 44 65 51 39 6 0 3 21 37 44 41 31 43 74 76 48 31 42 55 48 30 18 32 49 59 42 26 33 32 11 1 1 28 53 58 67 66 45 29 45 69 36 34 27 24 24 25 22 20 25 27 14 9 22 29 37 50 57 49 34 24 21 14 28 46 99 68 32 39 66 55 66 94 80
56 24 29 76 52 51 51 57 88 89 70 76 11 8 0 26 26 2 71 91 71 71 44 28 17 45 70 97 75 56 24 17 15 45 46 24 29 52 64 64 83 68 54 50 52 47 29 13 21 38 57 53 36 34 35 25 22 9 31 57 52 44 44 34 32 29 56 41 51 55 47 26 20 16 5 10 24 14 11 34 34 19 12 21 29 24 15 12 0 12 15 61 38 27 44 59 53 48 100 39
27 16 14 32 53 60 55 49 72 141 116 74 70 71 15 0 14 21 94 32 44 36 48 11 9 12 63 162 120 92 50 3 17 22 49 58 56 48 30 34 39 52 70 42 59 58 35 12 23 43 55 45 42 21 42 38 29 33 34 32 28 28 34 39 7 24 31 10 24 52 38 26 28 48 28 18 18 7 17 32 28 22 2 24 17 32 44 43 32 10 36 73 40 0 24 96 90 49 47 30
2 25 21 8 44 96 81 21 60 95 79 80 95 94 38 19 23 19 74 21 30 38 54 33 23 29 56 134 93 72 46 28 0 0 30 65 82 69 30 18 38 41 48 25 67 90 70 37 9 21 26 17 26 23 60 66 46 32 19 19 29 34 27 17 26 61 78 29 2 24 17 0 58 69 37 16 11 1 18 38 36 33 14 31 20 38 63 73 56 39 49 63 38 16 46 93 63 31 41 32
20 24 22 27 54 75 52 10 50 47 35 62 66 49 3 0 37 22 54 17 11 27 34 26 6 14 9 57 25 12 4 22 49 15 11 19 29 34 35 59 77 75 65 23 58 88 69 30 31 35 30 18 32 37 80 88 59 39 20 20 33 40 30 16 49 94 158 135 68 48 35 15 36 58 42 34 33 17 24 39 49 50 31 40 14 23 46 58 60 53 52 43 27 31 51 63 39 19 42 38
45 22 29 62 62 25 8 21 29 15 15 51 37 23 12 31 43 23 45 27 9 23 11 7 50 64 32 61 42 36 34 76 44 31 52 62 45 14 0 28 114 121 105 34 41 61 48 15 12 13 5 0 6 6 40 40 54 44 33 29 32 36 36 35 27 45 150 191 109 34 15 23 0 33 38 49 54 32 30 40 53 57 42 48 12 5 13 17 43 45 44 32 21 30 38 27 31 19 50 47
