100 88 51 97 76 43 109 96 74 17 35 47 66 72 45 139 106 112 0 77 182 101 32 103 101 4 40 50 45 105 80 39 6 56 34 111 22 80 76 75 78 129 34 32 218 246 169 226 134 60 50 117 88 120 173 79 54 32 111 121 63 42 71 94 143 157 138 213 109 19 66 114 7 25 107 102 158 101 21 100 166 163 176 100 144 96 30 81 85 106 18 77 124 62 119 7 53 130 224 245
77 96 80 40 94 85 119 76 87 72 99 79 73 126 107 101 143 66 32 39 136 163 113 67 60 48 41 54 48 131 43 40 46 77 60 33 28 99 85 132 91 120 82 151 249 207 55 149 127 98 17 175 141 29 54 35 73 125 183 163 45 91 159 144 76 94 81 99 60 143 255 247 74 119 180 148 195 108 80 220 252 228 217 112 240 82 111 212 185 65 39 36 48 118 192 14 147 219 243 206
103 116 26 104 149 137 96 19 101 37 13 33 132 250 196 49 46 0 110 53 48 125 85 73 133 179 52 100 56 64 20 89 76 120 32 151 156 91 42 154 137 130 121 92 175 152 65 139 192 118 1 90 106 7 75 27 93 188 217 115 6 97 255 221 139 83 116 17 34 171 201 70 109 118 248 202 113 46 89 48 148 220 196 3 207 121 110 115 48 21 160 69 34 152 186 148 224 255 222 201
79 86 71 116 33 44 25 113 48 94 98 1 119 163 198 123 124 83 8 21 45 97 105 69 93 113 69 33 61 75 67 103 167 101 157 8 103 173 19 151 123 120 122 33 110 119 70 51 97 124 79 112 72 104 94 67 22 59 171 163 35 197 168 255 150 61 235 91 53 50 49 61 88 68 124 136 140 16 130 255 155 153 156 117 104 135 47 25 137 142 98 129 101 156 154 242 216 190 106 133
67 150 149 105 105 44 69 55 209 95 34 132 47 91 99 83 65 84 42 15 51 111 57 19 36 70 10 146 52 35 52 95 59 80 241 82 124 127 70 185 165 201 215 178 106 55 20 38 81 69 29 0 94 128 60 36 103 99 90 70 15 140 100 194 200 146 228 62 36 67 57 79 113 43 36 13 42 32 186 215 210 255 255 102 84 102 94 41 109 63 106 1 61 95 121 201 180 175 122 174
137 206 225 55 110 108 112 143 239 255 233 172 90 27 24 37 51 47 27 72 127 80 112 144 160 120 157 109 43 35 67 71 55 64 232 255 240 111 21 82 71 108 190 225 146 45 35 74 73 109 78 80 68 99 43 57 135 170 255 128 120 91 76 153 167 159 149 168 118 65 0 24 98 74 97 88 88 51 194 243 204 214 114 87 16 48 112 56 96 61 103 167 171 97 8 103 207 254 230 217
69 128 128 77 54 78 129 195 120 147 159 127 107 77 55 51 99 101 55 0 49 97 154 238 229 146 101 71 71 78 85 79 97 124 240 232 236 127 133 103 84 14 44 56 60 23 16 20 47 62 85 47 1 13 36 25 43 86 132 171 193 55 43 55 65 103 67 127 96 109 63 73 140 101 80 45 45 29 114 113 76 110 24 40 72 33 111 58 153 105 137 91 123 86 0 135 244 255 208 117
0 13 128 163 26 45 89 154 40 43 61 40 46 66 63 51 104 119 19 116 206 101 17 62 133 131 129 71 66 112 22 38 110 99 119 255 227 78 33 3 90 32 62 101 59 81 37 75 109 80 55 41 63 123 65 58 126 173 240 148 144 35 83 84 12 40 62 74 54 102 70 88 144 131 144 103 108 185 232 80 0 65 123 129 117 62 162 82 167 148 158 120 190 130 65 84 219 203 178 127
72 23 140 82 62 40 101 85 104 75 119 138 75 69 114 96 104 75 65 149 213 244 235 174 98 89 123 150 55 61 6 16 78 97 144 114 131 77 65 46 141 81 31 27 77 49 4 0 27 43 17 48 14 34 35 7 75 128 255 191 186 111 167 133 52 42 60 134 69 105 76 74 98 121 158 143 146 192 230 109 23 92 166 236 128 43 178 122 105 121 131 211 255 248 143 53 86 84 96 204
157 39 56 45 93 55 88 20 57 38 89 255 193 181 164 139 110 113 94 152 182 227 241 174 114 146 206 179 72 69 98 83 110 145 194 62 41 28 63 80 210 255 250 103 63 96 64 35 37 71 90 66 18 68 79 78 5 10 60 225 255 132 112 90 112 95 73 116 96 145 141 132 100 40 41 1 2 54 67 73 43 31 113 213 163 54 127 152 118 130 115 75 187 255 255 151 130 36 62 150
143 99 114 80 32 53 14 87 56 94 88 159 194 198 123 12 12 97 87 40 185 255 132 74 238 250 140 106 43 102 86 20 85 81 52 54 52 43 77 110 197 225 205 150 75 20 37 96 86 24 31 24 40 92 43 24 107 91 71 255 249 113 53 99 255 253 199 153 94 91 111 87 71 23 69 44 122 162 134 121 85 49 80 187 140 78 127 145 158 215 101 136 199 211 243 195 182 72 106 35
99 3 128 67 113 143 29 181 27 52 81 118 189 195 139 23 5 60 93 215 105 218 153 61 130 157 3 77 93 107 72 111 56 20 83 0 30 17 91 176 116 148 42 44 52 43 92 39 79 33 63 46 24 31 22 53 34 38 46 95 118 96 41 134 234 122 74 111 87 2 52 64 44 58 166 87 111 92 185 217 11 78 86 179 78 98 220 219 180 67 145 229 175 149 238 241 147 153 20 117
177 49 84 39 108 235 138 153 169 58 104 178 91 63 92 91 70 60 86 52 42 223 132 22 47 152 103 112 94 36 70 144 138 61 0 14 76 64 110 133 76 94 12 35 28 0 60 51 64 33 21 11 7 23 38 28 25 27 50 64 158 176 47 83 98 13 21 57 89 101 231 211 121 17 98 50 33 26 125 193 22 154 158 174 120 163 255 247 221 139 225 255 105 88 232 227 130 55 8 130
62 92 82 146 67 131 125 29 78 71 123 113 37 31 81 65 39 87 77 106 108 204 137 54 0 44 28 48 42 84 105 61 57 93 161 14 56 88 125 101 71 59 54 39 52 36 38 15 68 37 5 46 44 31 45 24 14 29 42 155 255 220 49 53 127 42 56 43 50 64 222 232 141 36 183 193 60 89 50 129 65 219 247 135 162 207 254 224 244 188 247 205 127 199 106 81 156 54 9 161
203 223 232 231 187 13 87 66 0 220 255 228 255 242 201 103 147 159 172 68 83 143 114 53 46 46 74 103 25 63 71 57 77 117 86 44 57 117 119 77 70 46 99 69 88 63 49 43 83 32 0 70 60 25 18 10 0 27 22 151 255 190 65 77 112 75 87 29 75 134 255 254 195 128 250 243 44 128 22 74 43 171 210 93 78 132 239 255 255 172 219 75 27 40 82 44 65 49 152 111
220 254 254 105 166 15 13 64 35 255 207 254 221 164 98 80 79 71 25 22 50 102 83 74 116 85 87 1 35 142 149 57 47 86 92 62 60 123 117 121 85 40 53 16 62 39 51 16 83 55 16 59 20 16 21 29 52 57 37 92 247 227 146 140 93 69 105 70 106 90 182 255 245 155 170 148 0 141 111 167 160 145 95 92 1 42 205 237 228 133 169 56 77 93 68 60 12 111 132 47
194 218 255 156 112 145 3 141 139 206 255 213 96 47 86 97 42 47 50 114 99 82 105 91 162 80 42 42 80 128 109 80 115 102 50 28 41 80 154 150 91 41 8 28 58 69 57 29 71 43 37 47 39 25 27 34 55 68 21 158 255 210 184 233 151 92 114 169 144 39 137 220 253 118 79 115 10 132 172 238 255 255 174 168 79 77 216 255 228 103 105 88 195 68 12 1 42 139 116 116
128 123 180 201 37 137 32 55 74 100 198 100 0 29 154 111 32 54 159 160 92 60 133 141 194 92 62 103 255 248 108 26 17 52 89 27 62 50 159 150 73 84 25 72 77 41 91 46 70 30 22 47 54 40 28 23 45 40 59 170 230 139 151 220 223 158 106 102 149 101 191 255 239 107 93 156 46 49 150 145 245 250 144 207 124 115 220 221 239 105 114 48 32 24 48 60 0 104 255 243
149 66 157 134 141 144 129 9 132 255 149 94 71 106 171 143 92 110 186 163 96 163 184 78 70 11 43 78 222 179 115 108 165 136 44 121 132 43 127 129 22 63 19 70 60 15 87 56 86 40 9 15 35 55 60 51 36 75 65 84 239 217 199 255 253 241 169 54 48 50 134 135 119 90 255 240 113 81 158 119 244 199 55 96 52 85 151 174 241 163 177 81 195 245 200 132 80 64 235 255
245 187 116 104 60 124 75 54 180 231 96 49 143 77 35 125 83 49 129 132 157 120 191 70 139 42 46 77 126 53 106 172 208 63 34 108 187 106 87 122 56 50 42 45 34 32 56 60 29 19 8 2 14 47 60 44 30 38 62 44 143 229 245 239 243 254 227 107 0 14 106 90 70 106 86 140 158 36 228 68 71 0 54 113 70 115 122 64 62 60 165 148 216 255 237 171 96 22 122 223
161 121 58 8 34 74 38 83 165 145 147 94 80 94 102 87 86 48 4 74 81 33 124 77 126 51 0 51 73 6 86 167 233 103 86 214 224 85 31 127 121 61 47 15 20 59 54 73 25 28 37 36 29 44 74 89 52 12 45 68 91 181 183 195 245 246 255 243 119 63 73 84 110 145 65 34 127 67 181 83 129 92 104 0 17 20 40 79 86 134 167 253 223 195 93 87 40 5 66 87
122 152 132 36 150 101 18 84 84 24 49 99 40 25 41 44 99 113 123 111 137 53 198 193 94 162 81 59 81 83 135 186 255 198 60 255 220 94 124 242 201 134 78 36 29 48 46 42 36 19 29 43 23 9 46 96 146 120 112 133 108 159 114 178 125 175 191 209 150 75 23 65 144 186 116 54 175 159 122 0 29 77 107 14 75 42 89 121 148 247 188 168 110 56 0 50 67 25 82 0
69 155 176 32 130 52 38 124 83 20 91 18 111 87 38 88 18 28 108 135 140 121 134 144 22 126 74 14 64 137 140 137 157 117 38 53 85 78 108 149 87 65 50 40 37 49 59 56 51 36 52 77 61 30 29 46 77 83 134 182 112 189 197 255 155 233 234 163 120 77 61 103 136 102 55 41 121 104 98 49 47 123 111 60 156 122 75 100 182 239 255 189 120 105 98 74 85 34 85 77
28 79 110 37 34 51 97 114 106 54 40 0 63 52 48 72 88 124 255 125 55 88 67 62 3 30 51 40 75 115 80 72 116 158 97 106 95 100 72 55 63 68 118 109 88 89 67 77 75 61 56 54 48 42 28 7 17 58 75 147 180 229 170 242 151 218 255 187 148 113 139 155 158 91 58 12 43 112 234 243 131 92 85 85 140 199 109 86 213 249 239 167 85 66 2 14 56 22 1 67
55 74 88 155 56 72 80 73 114 151 115 160 53 130 177 62 87 144 93 187 49 67 24 66 60 66 56 104 90 72 32 67 147 224 252 208 168 126 51 21 55 75 109 107 105 100 74 61 71 68 43 0 37 66 58 30 48 51 60 141 248 247 65 99 79 130 125 123 142 154 145 105 92 64 100 95 84 152 255 248 127 57 26 33 82 186 106 73 156 131 166 70 10 35 73 108 181 197 161 30
74 86 128 139 72 29 44 45 141 255 255 75 30 124 244 199 151 135 0 208 107 42 22 59 52 70 25 106 100 81 10 109 92 169 227 252 219 255 162 135 180 111 82 103 88 83 65 30 30 50 61 41 68 66 64 63 36 33 26 130 237 210 80 95 136 155 175 143 192 142 33 54 25 9 13 86 135 124 216 228 165 94 46 0 24 41 42 64 49 31 1 42 9 104 128 128 183 127 87 54
160 127 228 107 97 42 20 40 106 147 178 202 185 92 108 75 46 49 105 190 213 101 95 69 23 130 4 117 194 233 137 196 72 70 163 148 173 238 152 84 124 53 6 71 100 105 54 21 8 30 45 42 46 15 17 41 84 74 46 124 188 143 124 160 139 147 239 247 252 105 63 193 255 188 62 61 180 195 238 161 134 93 0 31 66 16 94 98 78 85 39 83 112 236 207 92 67 41 32 47
136 110 99 102 92 43 27 70 79 76 130 17 94 84 61 2 144 96 7 155 83 11 27 103 125 76 45 39 222 40 180 197 183 38 110 140 76 99 170 123 135 102 32 53 99 107 12 31 25 32 25 30 34 6 15 46 25 33 51 103 122 56 65 83 16 21 142 232 186 13 126 229 240 203 233 101 51 121 68 26 71 86 47 17 118 86 50 185 188 82 51 108 240 249 243 208 65 84 72 72
66 49 65 42 70 103 104 154 142 155 184 147 66 46 113 81 48 88 144 167 146 76 70 47 68 80 110 61 53 53 150 30 51 28 38 190 10 184 0 124 122 83 46 44 62 81 1 70 39 54 40 62 74 59 67 88 55 23 31 19 34 42 96 130 88 48 105 229 226 110 231 220 170 80 92 78 114 131 152 115 30 61 190 20 91 36 133 203 144 159 107 77 198 230 241 152 30 58 43 106
72 96 60 110 165 165 164 62 96 94 198 84 80 52 92 55 77 75 176 109 87 61 39 60 44 72 129 68 25 84 34 8 47 163 158 225 235 132 92 135 64 31 119 185 136 101 29 56 33 57 38 67 67 37 26 30 31 13 55 26 38 96 160 202 182 78 43 122 132 28 44 61 71 70 25 39 56 122 216 77 3 153 201 117 150 145 255 231 113 205 146 184 203 207 189 103 77 128 91 170
186 201 185 243 114 129 152 220 173 224 99 61 167 172 83 48 127 97 60 58 50 24 51 44 71 79 88 45 32 70 52 255 253 200 255 255 205 63 227 253 239 197 246 255 133 66 88 119 121 122 72 102 96 57 38 38 38 42 89 60 51 104 159 194 180 104 55 117 122 58 48 149 250 242 242 5 179 34 81 158 39 62 142 77 201 213 255 183 98 101 109 151 124 134 133 110 200 255 158 173
147 202 255 192 115 94 233 232 249 105 21 187 255 255 174 160 113 75 57 80 58 69 80 125 98 80 45 116 46 64 47 247 255 229 248 247 151 255 253 252 185 222 255 247 118 29 97 134 167 133 50 86 99 79 74 84 75 61 63 30 8 41 71 79 94 92 44 93 84 85 80 138 254 255 189 83 82 75 173 147 59 112 0 88 185 255 215 255 255 134 224 121 77 80 74 57 140 210 100 142
104 92 162 55 80 250 255 246 53 66 46 207 244 215 140 196 106 58 72 48 64 94 131 124 107 88 121 163 16 85 74 99 142 227 152 40 137 201 211 124 192 244 255 183 89 32 124 98 132 80 0 35 68 37 0 25 32 0 8 55 41 27 6 48 37 58 75 83 97 180 94 87 177 211 157 97 144 103 226 246 66 11 72 51 47 115 128 254 255 61 201 120 73 137 72 15 69 78 62 134
87 55 27 102 126 129 255 235 203 81 158 66 119 116 57 124 90 35 52 50 47 77 79 78 82 122 144 96 22 81 182 102 104 158 56 160 242 4 193 112 221 248 34 54 15 80 176 77 127 109 60 57 88 31 17 5 6 33 66 78 72 44 43 67 48 28 139 108 79 185 67 85 133 203 190 120 33 119 252 182 55 97 146 128 134 140 86 194 174 77 164 50 32 96 75 62 102 89 185 76
52 54 69 163 145 166 175 255 106 43 86 57 41 61 23 182 48 0 68 86 53 22 11 64 90 100 137 124 129 23 41 71 80 220 255 199 213 161 138 231 168 132 198 37 104 193 238 93 97 57 38 7 46 47 37 54 74 43 22 43 61 7 54 107 58 54 155 176 143 218 112 149 240 255 187 115 22 59 85 82 98 112 184 181 226 194 138 25 70 105 51 121 71 57 55 74 127 23 83 133
102 59 181 255 237 241 255 177 87 55 28 120 250 175 61 89 108 47 81 30 55 89 36 0 47 51 186 141 140 136 14 180 209 136 67 0 242 132 255 185 157 75 84 61 1 173 243 112 213 150 48 31 33 41 23 32 14 56 30 6 24 73 140 76 104 108 91 70 149 239 255 114 166 255 250 113 129 157 72 90 201 0 126 113 185 195 166 138 71 61 114 74 26 34 17 92 7 66 33 157
112 27 103 255 223 216 203 131 132 121 112 133 252 200 86 57 56 60 108 78 55 98 62 103 128 68 67 181 128 70 6 114 179 121 72 54 200 154 234 255 231 151 84 13 37 204 138 149 156 150 21 46 71 60 68 24 40 45 51 123 106 138 242 229 212 135 111 229 182 111 114 102 99 194 245 89 97 176 108 128 143 45 46 156 168 131 27 68 141 55 1 103 107 95 210 218 93 97 54 20
142 146 235 87 78 85 53 102 159 182 174 255 225 244 145 80 36 10 7 97 78 113 73 231 248 174 100 93 82 148 109 222 255 207 174 174 202 140 74 216 255 207 47 13 35 99 146 227 113 130 99 49 108 122 86 50 56 59 34 64 39 133 255 232 255 240 228 255 190 131 0 90 23 0 38 86 112 172 101 148 188 255 240 98 100 168 105 77 93 6 74 7 69 69 255 216 213 74 70 93
217 108 60 83 105 139 116 121 228 245 211 255 158 116 153 118 108 82 0 31 47 118 105 255 250 255 159 86 98 126 35 119 224 233 185 247 112 73 134 254 228 86 51 123 86 0 181 163 113 136 130 32 85 117 50 52 65 78 38 21 38 122 171 84 135 195 206 67 96 101 39 93 118 68 11 109 149 255 240 209 165 251 214 226 45 32 0 62 106 40 141 173 213 250 253 248 205 159 85 161
143 126 80 160 229 245 247 214 237 255 219 211 78 31 104 143 157 138 59 48 100 113 118 253 242 185 83 106 192 225 35 21 91 153 109 253 128 37 0 94 125 202 255 234 255 72 75 7 101 177 62 40 69 60 50 35 71 74 53 59 114 111 83 0 100 167 141 212 173 248 160 18 135 161 91 115 74 213 255 106 139 148 229 106 45 38 56 99 128 115 27 111 141 204 232 236 101 57 37 172
84 37 53 152 192 244 255 225 234 255 235 255 99 44 43 39 54 77 68 111 93 1 15 81 118 77 48 121 254 250 87 126 179 133 137 211 157 144 139 224 213 248 244 255 240 193 134 68 21 204 56 29 33 44 33 34 55 47 34 53 84 70 83 49 203 221 136 247 111 221 237 2 171 245 252 255 131 162 180 4 14 9 168 187 129 51 132 97 106 219 255 155 107 223 236 255 67 107 211 231
152 230 222 119 107 161 232 255 246 241 238 166 77 25 66 44 32 54 77 200 196 72 112 92 125 182 255 245 252 137 0 208 248 236 195 216 14 6 178 203 17 113 251 247 226 168 178 232 64 105 73 39 36 51 56 89 41 15 42 92 73 95 176 158 255 215 128 245 114 255 176 58 116 151 139 134 71 99 181 87 72 91 105 242 66 73 184 248 188 183 200 197 147 233 255 141 51 51 223 165
212 249 255 105 28 67 203 234 188 142 118 107 63 84 116 120 101 51 21 92 155 91 209 66 109 159 249 175 242 255 125 255 255 163 250 244 254 172 218 251 182 255 231 247 240 103 119 167 147 27 44 18 42 77 107 56 12 4 16 37 30 106 231 232 255 241 189 113 132 255 117 86 155 80 37 157 108 48 97 151 58 125 75 236 70 134 95 31 97 16 120 21 83 238 220 83 92 7 169 161
237 196 104 0 14 88 115 0 110 85 48 103 83 143 161 138 60 95 84 140 67 89 177 97 60 111 212 115 134 235 180 244 250 62 81 88 74 65 104 29 105 255 224 247 250 255 27 162 183 88 21 14 134 91 98 76 9 36 16 0 24 42 158 241 255 181 170 20 105 93 64 161 125 64 73 91 105 53 121 87 124 241 232 208 125 229 255 233 55 122 31 77 120 198 211 127 92 20 119 228
164 70 26 62 53 140 170 44 0 36 56 71 129 150 211 86 95 46 82 67 97 98 137 77 192 229 255 177 134 181 161 182 164 31 95 67 20 67 93 4 235 171 255 244 255 219 86 173 192 92 61 101 127 19 48 60 60 119 88 25 124 158 230 243 227 92 54 6 44 62 141 178 155 84 128 231 173 139 170 154 144 246 255 240 255 255 255 220 85 73 2 61 141 255 146 44 68 77 128 197
99 146 98 51 32 143 93 32 125 110 58 21 87 100 211 88 95 65 123 115 169 178 113 41 189 245 250 193 93 5 97 245 243 107 19 40 147 62 90 160 148 255 242 242 233 193 207 193 109 63 66 64 83 22 0 28 31 47 43 19 117 185 255 227 196 78 27 97 119 68 143 132 111 61 197 246 196 151 226 177 168 236 149 224 254 222 246 245 34 5 89 78 118 224 255 140 89 70 56 43
173 164 233 190 44 97 36 90 61 60 18 49 54 67 117 36 87 87 165 128 213 169 153 53 90 187 200 149 185 161 194 85 9 74 96 84 80 134 171 249 250 197 240 247 255 249 255 209 49 29 80 30 33 87 70 58 50 19 84 179 143 58 88 88 213 228 175 157 191 143 190 118 70 51 148 181 81 116 184 157 126 176 89 227 241 245 251 212 26 31 84 201 218 222 246 90 200 123 31 97
95 0 138 150 35 101 0 80 0 56 69 79 19 31 66 18 58 94 136 187 200 148 178 137 91 46 67 79 137 74 192 112 77 70 23 139 166 77 237 237 255 44 238 249 225 255 240 251 45 105 128 27 31 66 76 127 117 54 44 131 107 115 183 213 252 169 47 70 155 196 224 131 92 77 160 142 46 58 98 48 74 107 123 255 253 255 233 170 239 236 90 122 255 222 249 48 252 201 58 255
170 151 107 55 47 118 0 111 120 125 49 45 0 20 37 60 73 133 144 255 245 67 138 158 161 90 59 6 71 46 175 108 125 98 117 153 214 30 223 255 168 55 135 243 238 251 210 255 135 175 89 81 79 44 76 82 56 34 86 120 83 105 163 95 142 115 47 57 102 207 185 110 80 133 202 237 136 90 67 19 78 130 208 241 252 243 246 157 255 252 114 28 179 252 218 169 244 231 156 207
133 227 47 172 45 62 99 218 115 28 29 20 0 1 80 49 114 153 207 223 218 25 115 188 188 225 199 141 182 39 39 8 53 98 226 155 21 112 135 241 255 120 255 193 177 255 203 238 218 138 68 97 150 97 135 132 22 94 144 60 42 109 187 89 94 117 96 107 130 187 150 165 59 138 222 219 195 163 40 54 130 113 197 254 251 215 230 141 136 127 51 118 128 130 136 202 169 255 239 116
57 28 70 41 34 96 63 136 98 75 33 67 53 25 113 43 137 167 243 243 228 108 216 200 88 59 91 104 150 51 144 78 79 5 222 195 160 69 126 240 218 243 239 44 121 254 255 243 255 154 61 80 100 44 134 219 140 168 99 117 88 99 159 71 130 214 255 124 64 245 255 244 77 137 153 93 128 124 48 134 150 37 78 145 215 90 108 110 186 132 67 92 130 46 140 215 232 255 197 242
116 60 72 98 34 99 40 93 97 92 103 38 107 67 152 134 30 174 218 255 239 148 236 240 85 47 135 28 135 134 133 165 139 127 196 203 98 85 245 255 176 252 254 103 68 253 255 238 144 134 118 70 140 68 191 233 175 231 244 94 43 24 105 137 88 42 103 128 190 169 188 102 31 166 157 38 64 82 172 238 131 110 36 45 112 248 216 113 168 193 45 176 137 131 128 248 251 202 255 245
13 1 161 135 93 104 73 107 73 77 17 86 43 30 179 199 80 74 89 193 191 162 200 143 37 38 97 69 8 69 125 67 80 178 255 138 150 150 251 255 195 255 253 87 85 250 235 127 162 62 224 99 168 232 92 77 242 236 219 183 87 155 195 56 99 106 0 225 238 108 97 111 101 182 170 113 181 111 189 220 208 128 99 49 104 230 253 87 61 98 44 101 125 94 120 172 171 243 174 96
181 154 133 75 8 81 66 48 37 140 132 55 44 37 50 47 85 79 112 53 86 90 96 128 115 153 145 85 241 178 179 225 104 39 226 179 116 104 234 255 255 248 224 11 178 209 200 69 72 156 235 231 133 7 245 255 255 228 255 156 132 76 77 166 228 250 211 216 255 152 156 152 71 39 22 17 164 127 140 190 210 154 191 247 201 146 168 245 255 162 112 129 191 206 228 201 175 194 6 234
161 122 47 79 55 132 166 199 115 108 49 94 0 31 105 115 23 70 213 85 96 111 77 26 83 148 54 193 237 235 230 224 159 135 247 198 98 82 206 205 176 204 255 225 76 113 71 252 255 226 255 188 206 77 255 247 222 247 253 255 237 202 213 251 187 109 134 72 243 255 212 223 108 87 90 32 111 217 231 223 81 175 255 225 222 95 76 189 244 224 180 53 83 246 220 88 62 100 204 241
99 220 254 221 101 16 83 113 71 168 95 51 84 115 69 94 162 160 172 24 107 174 153 90 128 255 240 227 254 255 249 233 213 172 107 122 60 60 71 92 106 115 133 0 183 47 153 217 64 252 171 235 255 245 247 132 249 227 255 245 223 234 229 93 93 222 255 73 243 255 215 204 103 29 60 100 118 246 237 140 50 104 130 209 248 178 58 131 245 253 255 155 73 119 87 166 227 39 123 126
111 144 114 69 74 98 177 199 42 67 29 82 50 71 148 125 37 91 222 86 166 176 169 144 140 242 223 140 255 253 169 255 211 24 6 230 178 155 77 94 212 154 54 99 202 237 255 251 165 201 210 253 246 195 255 244 252 255 254 235 244 253 226 188 214 214 151 68 96 98 121 180 145 91 70 71 98 133 112 40 183 181 126 138 216 138 31 151 254 241 160 64 188 183 183 162 106 23 72 169
135 148 65 183 249 181 176 211 9 8 92 19 84 115 138 108 68 148 140 51 32 32 132 213 177 202 255 200 90 155 168 80 154 206 13 122 131 156 66 0 112 128 80 106 199 228 255 235 81 239 255 65 255 227 255 214 176 248 226 243 255 190 135 183 234 231 240 254 199 126 72 106 134 125 178 100 165 112 61 96 255 235 210 228 230 232 214 244 250 255 254 104 102 55 66 47 98 63 126 19
30 90 212 233 214 45 57 208 31 55 72 147 135 0 59 109 102 232 253 234 187 130 250 251 181 164 245 252 255 231 255 227 227 174 99 129 15 65 38 95 197 239 249 255 0 129 0 255 233 229 235 243 240 252 225 255 237 255 236 255 214 255 245 144 101 173 127 183 142 179 181 156 121 176 252 255 255 180 0 189 216 146 163 255 230 226 255 254 181 152 189 255 3 76 152 49 103 0 145 194
98 135 175 238 151 44 47 111 145 84 27 47 68 149 80 64 157 255 250 239 91 139 182 123 0 118 157 254 51 244 232 239 159 47 203 98 136 137 100 234 206 247 251 255 147 126 123 244 253 222 255 241 251 240 252 242 255 250 236 235 255 255 255 79 208 210 148 171 209 238 255 238 148 85 186 0 249 255 104 31 205 25 226 255 255 244 156 118 195 188 72 153 121 103 94 75 236 227 18 129
70 48 42 125 70 39 40 110 211 175 50 47 48 81 221 235 204 198 226 142 55 130 152 151 62 118 144 237 180 241 116 101 205 144 165 27 70 71 123 255 255 238 239 126 143 145 215 255 248 251 227 250 255 255 242 255 255 225 249 207 241 191 248 130 255 233 222 82 53 85 182 181 148 116 125 254 101 87 255 186 48 96 255 255 0 107 162 217 255 174 99 189 121 58 88 0 123 117 119 39
77 7 11 9 61 76 37 121 176 170 90 59 59 27 215 255 251 90 126 0 61 22 69 141 229 188 248 255 231 255 245 142 126 66 74 186 212 163 182 183 231 136 127 68 156 78 211 245 255 239 190 242 231 246 249 225 229 211 211 254 247 255 245 245 255 193 83 133 95 119 157 26 123 207 233 237 218 111 225 182 57 158 197 73 72 169 198 250 248 108 172 138 132 88 122 14 151 170 125 105
183 127 23 33 68 97 54 53 115 101 72 75 173 116 197 238 255 72 70 130 159 74 73 95 255 208 235 200 161 145 238 119 0 0 73 118 224 160 184 243 249 148 96 120 96 15 119 244 255 236 185 254 255 247 242 255 242 255 207 255 255 223 28 127 95 132 0 116 159 209 235 50 199 255 235 187 139 10 155 255 214 255 221 188 153 114 255 255 228 255 31 28 116 69 121 40 205 191 136 63
241 85 71 15 70 79 56 35 38 76 82 43 233 153 237 255 252 75 86 255 225 95 130 28 254 255 137 60 63 0 80 47 85 79 31 13 43 116 102 254 255 174 110 84 10 85 124 255 255 227 254 255 241 229 255 227 255 228 244 97 106 111 53 90 85 76 60 35 181 88 102 83 242 255 255 244 171 223 254 59 125 247 230 222 213 32 123 248 250 185 142 2 38 27 81 56 237 148 102 87
191 43 50 40 45 43 42 17 14 37 78 61 172 113 142 176 173 84 188 254 120 48 125 23 215 221 127 50 83 49 62 64 136 147 75 133 96 62 34 196 214 137 13 94 0 79 98 254 228 158 176 240 225 221 255 255 236 250 250 255 194 21 139 11 107 105 255 78 249 113 17 91 213 186 253 121 98 224 249 40 254 233 139 105 30 85 48 56 164 114 66 111 61 29 139 163 169 72 52 56
199 118 49 60 39 35 23 60 104 101 61 117 127 42 34 48 67 92 253 223 136 55 118 49 103 58 61 202 129 129 99 78 81 152 193 214 204 99 12 141 202 163 112 132 81 92 58 184 181 108 38 254 253 255 245 222 193 236 255 244 211 163 233 132 160 124 133 96 239 230 253 210 112 79 170 44 135 243 255 109 83 58 186 166 193 198 31 135 254 93 114 168 70 121 180 255 132 72 84 184
162 144 0 28 73 63 66 140 243 203 117 164 160 90 11 63 77 114 225 215 187 89 131 118 37 34 96 43 27 125 99 153 165 162 96 136 246 125 163 176 238 172 184 158 255 129 119 89 146 171 147 220 219 255 195 126 38 75 173 198 137 207 255 230 252 245 126 123 161 186 255 255 131 43 166 138 99 255 219 52 99 255 237 219 128 33 0 60 90 64 97 138 66 61 111 174 138 163 229 251
113 134 107 159 100 209 61 225 255 229 95 107 113 63 102 112 0 202 255 255 255 169 79 30 0 186 196 210 200 216 239 216 242 243 128 140 247 255 198 250 255 231 255 247 245 76 159 110 255 171 107 255 210 135 8 158 38 91 134 88 15 215 248 222 255 255 170 80 246 253 160 181 56 188 195 232 255 211 244 230 0 90 103 43 80 108 100 94 117 70 43 28 23 7 174 137 100 175 227 144
90 101 113 157 138 215 181 254 245 255 153 57 164 154 37 74 85 130 67 95 212 174 60 142 135 43 170 246 202 236 237 214 190 194 97 66 103 232 255 197 113 152 255 230 219 138 211 117 229 243 87 185 180 79 22 61 108 148 145 122 65 234 209 184 174 138 0 170 174 243 246 83 48 255 243 178 221 255 255 225 192 238 255 249 93 0 76 147 141 37 53 35 105 40 85 48 90 144 135 103
114 136 138 43 255 182 143 196 201 255 124 16 87 93 4 93 78 65 136 34 92 171 126 102 182 180 255 247 255 222 253 255 189 162 165 255 127 31 54 62 143 151 53 232 135 95 162 52 42 131 119 67 106 96 142 144 254 210 242 254 78 108 128 145 77 66 106 114 67 114 216 95 125 248 137 117 216 232 164 127 169 170 255 232 223 129 242 167 130 46 187 217 129 79 142 105 103 136 131 125
118 110 45 87 142 110 231 206 142 76 199 145 25 72 53 187 134 47 219 139 159 227 252 104 168 190 217 221 248 255 255 101 50 181 6 174 98 50 72 105 147 185 113 62 224 255 88 19 121 148 39 142 172 166 255 148 168 149 226 215 64 105 201 255 106 57 162 233 154 47 107 185 104 137 182 17 159 126 73 39 107 74 162 253 232 100 90 96 160 204 250 236 117 50 92 86 34 52 53 35
146 127 32 132 148 173 248 255 239 112 255 255 195 173 106 250 255 34 56 49 64 0 167 227 170 98 178 63 250 164 89 95 50 52 93 168 162 135 170 173 30 39 119 88 161 113 128 61 95 77 228 255 207 162 178 94 57 103 179 197 188 108 25 93 68 115 185 194 206 135 61 202 34 41 154 40 124 107 164 98 70 45 120 138 124 111 80 212 245 251 207 197 207 169 111 63 117 102 47 88
237 230 150 85 194 251 217 209 254 155 170 255 243 255 120 182 174 18 55 87 74 38 178 163 46 73 48 81 55 125 167 95 112 209 255 130 139 1 31 131 109 202 255 77 144 109 63 21 126 74 217 247 191 152 76 126 113 144 119 127 191 165 119 204 142 186 227 150 94 166 126 205 47 61 30 58 121 149 254 220 114 83 50 136 119 167 58 159 77 193 249 87 75 121 51 40 83 105 62 4
241 221 158 89 98 127 173 172 152 127 158 255 187 205 116 112 15 30 149 109 68 180 239 107 83 255 240 175 200 199 144 196 213 115 254 118 221 160 77 45 90 242 247 121 57 156 240 255 152 78 137 248 202 159 122 165 109 82 57 92 148 33 5 77 39 154 255 227 99 126 110 103 142 198 124 55 0 135 245 233 176 129 102 85 45 76 78 130 67 76 78 107 48 131 97 123 108 97 142 145
208 168 108 72 67 62 110 95 96 205 211 241 157 178 107 145 104 33 24 78 66 210 106 110 122 121 195 229 184 253 112 169 255 169 191 254 217 156 155 86 52 255 235 228 40 227 255 233 247 239 146 177 172 105 120 174 81 20 163 135 214 132 27 115 93 191 209 157 77 126 114 24 131 211 186 170 4 211 186 180 199 121 27 54 71 45 25 51 69 139 177 137 144 234 67 49 140 108 42 220
202 192 128 53 68 83 102 94 182 236 201 255 133 181 121 205 112 234 249 247 146 39 126 184 69 78 147 99 81 143 214 197 110 70 189 255 216 222 106 0 113 218 174 153 104 217 114 247 213 255 95 141 159 115 56 6 96 25 115 81 226 222 69 70 138 121 17 46 147 181 115 66 0 76 171 231 200 248 242 127 201 248 139 185 160 205 174 117 99 77 88 104 129 6 89 20 74 217 90 111
253 208 150 51 84 138 106 65 61 124 123 19 67 68 140 103 255 232 237 255 219 128 179 119 10 21 87 15 10 65 138 117 80 117 255 242 253 96 142 62 151 149 255 115 183 253 129 141 140 152 26 122 74 155 195 156 206 158 147 82 148 245 95 160 90 120 59 34 55 20 0 77 168 210 255 120 92 239 255 157 239 224 187 127 162 135 253 86 92 21 193 111 141 55 79 0 90 254 231 33
208 107 143 159 180 161 62 0 29 70 173 228 109 45 163 81 255 230 121 224 138 66 145 164 76 70 94 255 202 120 156 99 122 114 199 207 205 48 100 132 93 95 157 134 246 255 214 48 161 239 251 247 153 141 237 202 244 255 204 110 88 231 115 187 62 32 50 126 192 159 62 52 127 206 255 195 83 186 142 119 196 204 69 161 74 37 127 181 136 13 56 21 34 108 188 88 133 119 86 34
86 70 195 255 234 126 40 35 25 83 194 188 65 24 103 87 79 151 99 123 137 152 162 143 24 43 164 236 218 80 115 155 255 255 179 236 143 85 118 88 69 255 161 124 254 238 190 33 133 201 251 237 237 134 175 69 66 197 159 125 117 96 229 192 74 9 75 189 180 83 37 63 81 85 65 174 164 0 89 135 128 213 42 173 179 121 136 255 215 184 60 60 108 173 189 141 173 136 61 147
54 140 215 201 181 107 65 83 31 30 163 145 125 184 141 140 76 234 186 255 103 33 91 136 68 28 104 152 168 108 154 166 252 236 79 230 204 70 207 27 136 247 244 88 120 108 146 162 206 139 102 223 251 227 255 164 154 157 152 111 204 21 235 109 123 124 170 229 235 201 163 105 52 52 106 143 224 120 129 134 54 171 110 162 241 74 123 200 251 147 130 105 65 80 36 72 117 98 91 156
87 128 77 58 59 95 160 144 60 96 214 243 172 77 123 140 82 218 232 234 120 52 67 76 29 47 193 166 221 207 158 81 73 186 111 231 241 171 233 207 161 154 185 38 56 58 109 154 129 110 70 111 239 255 255 193 164 121 149 50 233 128 128 57 116 192 196 248 237 255 231 132 53 94 177 165 199 208 129 135 117 123 196 221 236 92 101 205 195 245 205 163 175 180 124 113 115 185 167 211
100 97 28 47 25 113 217 197 138 177 255 255 207 2 163 237 212 225 242 255 128 44 35 91 129 27 67 101 54 54 129 94 21 243 195 221 255 231 196 249 214 164 114 221 255 229 176 198 180 131 168 151 227 255 241 169 163 112 153 91 153 147 95 130 170 133 100 141 175 87 46 94 135 108 88 100 46 114 78 179 255 142 237 104 173 162 28 83 1 225 208 178 206 133 54 58 11 170 255 213
45 64 29 110 6 122 255 255 135 150 147 113 247 126 143 212 126 141 136 149 115 119 45 115 157 93 88 175 22 40 162 237 58 138 69 107 109 58 75 13 255 225 75 132 141 59 85 134 216 104 50 119 37 137 209 51 89 56 71 92 0 92 159 255 238 72 71 125 196 182 57 103 162 117 36 89 102 70 152 255 232 59 54 109 232 137 80 52 168 255 69 73 166 91 56 112 75 255 238 255
73 122 255 223 255 181 240 0 121 79 64 81 94 65 80 185 62 61 167 203 42 42 19 50 241 216 69 159 19 72 190 47 60 176 170 255 95 33 42 231 152 99 80 40 92 78 40 121 243 98 31 85 127 86 74 114 79 106 255 251 183 0 75 248 255 84 0 96 185 164 79 13 255 117 17 63 167 129 93 123 170 233 129 106 150 76 92 54 171 224 144 178 53 37 115 88 221 255 211 202
188 222 242 255 245 246 234 93 74 125 103 174 236 243 229 199 138 75 121 136 15 132 173 89 68 71 94 84 120 62 36 20 190 221 157 202 164 68 88 255 214 156 66 160 203 43 37 96 167 143 185 174 127 93 143 167 43 8 186 250 237 130 91 210 239 142 161 109 255 161 147 61 71 0 178 14 126 104 15 52 120 177 54 70 22 16 108 88 47 98 68 147 55 83 76 34 137 255 247 186
255 252 211 240 232 247 177 95 34 172 166 74 216 255 249 204 231 132 109 133 59 84 112 107 102 53 49 69 29 32 43 196 247 76 177 22 87 45 82 133 139 185 114 144 192 52 135 123 72 154 97 115 118 87 92 117 84 65 76 95 182 76 24 154 133 23 53 200 210 13 117 138 55 32 109 212 146 45 92 50 28 52 125 125 44 92 77 107 0 111 106 61 25 225 241 165 95 180 155 247
225 255 249 65 57 109 142 75 98 115 182 107 139 208 234 212 201 171 161 104 50 125 201 218 121 130 209 46 93 102 93 154 253 91 95 64 141 100 62 20 36 105 58 128 192 50 140 87 13 130 146 72 127 78 16 97 154 102 19 192 255 152 66 138 99 49 193 74 69 108 255 109 155 228 193 255 248 117 36 0 31 86 47 21 87 65 79 115 95 228 255 174 154 246 232 235 123 183 255 152
255 239 226 2 23 93 191 173 130 134 112 158 149 238 212 114 84 187 155 21 68 138 157 255 255 255 174 101 84 177 188 107 164 33 38 137 138 44 39 55 81 136 105 55 83 243 253 249 154 123 78 196 169 99 55 109 143 111 56 87 229 202 150 201 136 42 105 169 92 203 249 232 249 142 24 242 137 68 166 171 43 78 160 104 144 132 215 140 79 97 200 153 128 200 249 213 236 237 248 161
252 144 76 85 73 183 143 255 148 164 109 72 148 250 119 35 66 226 231 169 117 131 138 254 255 250 98 110 4 147 255 136 89 4 56 69 37 40 98 87 170 174 209 187 160 255 236 229 191 87 173 201 162 73 42 65 149 158 129 132 206 122 53 168 230 171 74 23 61 165 209 255 247 62 158 66 87 28 29 41 80 110 60 107 228 167 215 165 212 224 255 238 255 147 102 59 230 255 191 11
103 45 123 20 35 92 89 226 184 217 159 101 181 201 87 53 139 211 255 255 107 189 241 255 9 192 255 56 127 175 186 90 146 120 19 67 56 181 147 111 209 157 207 139 98 220 232 247 141 66 150 150 91 58 44 87 127 162 140 71 53 52 81 166 237 120 6 156 139 43 97 255 253 67 79 187 114 44 97 106 85 156 175 157 246 219 111 150 254 238 148 220 252 244 182 201 253 166 33 1
137 127 174 31 122 160 207 243 255 186 161 219 184 92 130 42 69 56 39 80 81 219 230 150 60 233 162 255 217 94 68 47 108 118 97 92 24 138 123 79 252 136 167 65 1 75 129 255 136 96 255 188 71 77 248 209 71 32 153 41 0 53 135 116 61 74 162 150 154 52 30 54 66 126 54 82 131 42 21 67 81 118 53 83 109 57 31 174 151 132 15 132 117 135 115 209 147 121 20 109
119 149 75 73 197 202 255 239 252 201 174 212 255 159 84 92 109 185 163 55 88 89 86 45 238 188 194 102 38 61 80 104 71 208 198 85 140 111 23 169 170 109 75 25 103 114 0 111 184 113 200 170 88 0 140 64 94 58 111 255 191 102 80 52 90 178 190 240 111 218 153 41 141 111 33 79 78 148 83 125 29 98 0 59 63 53 71 3 137 175 132 118 125 146 101 49 70 173 90 109
90 96 39 163 207 114 143 205 139 109 102 245 255 147 81 68 103 227 253 110 142 96 116 70 190 73 64 49 122 226 183 111 129 177 180 152 92 54 25 121 240 144 105 98 80 87 71 224 231 86 123 244 137 24 116 154 123 161 122 182 255 187 84 116 99 55 130 134 64 61 72 26 41 82 139 213 242 229 48 147 164 254 230 155 112 190 255 166 136 162 164 111 222 179 144 141 193 255 196 154
41 79 95 102 120 149 130 182 79 81 100 125 92 73 9 118 104 219 224 117 118 95 116 79 144 46 47 39 77 37 96 85 168 124 152 255 168 145 167 101 248 255 227 221 233 156 8 133 103 109 147 232 255 131 40 92 90 212 12 116 182 166 100 90 82 77 148 44 105 28 0 109 84 106 94 67 193 148 53 182 202 235 249 140 146 196 239 236 141 241 188 68 180 118 96 179 221 209 196 213
81 47 56 171 188 101 23 54 82 242 255 235 206 242 219 253 209 255 215 147 116 98 99 62 110 44 91 170 166 16 60 91 161 92 132 255 237 183 124 29 126 190 227 199 248 254 68 52 11 68 106 100 114 107 220 255 81 183 108 69 63 171 209 91 62 132 35 14 102 59 89 202 253 213 110 94 92 31 20 194 77 118 178 67 110 136 134 145 143 233 123 85 149 41 4 91 115 111 93 102
249 184 22 192 188 57 96 114 227 255 251 255 208 193 135 138 107 138 160 146 69 54 120 91 107 32 43 46 182 177 84 36 52 57 137 230 211 175 60 149 145 93 186 207 247 231 58 41 9 48 43 178 145 102 255 249 135 255 255 227 82 131 198 76 32 104 94 179 63 126 161 210 240 110 97 107 103 84 180 249 69 13 119 46 162 239 148 137 94 207 84 60 61 10 32 31 136 218 147 79
80 77 91 109 106 71 255 233 255 237 232 252 179 123 69 1 77 92 194 103 45 46 120 213 202 106 32 79 192 198 104 79 191 190 146 49 90 87 12 120 43 26 126 161 171 105 67 67 0 61 94 208 234 30 22 0 113 185 84 244 165 85 67 124 65 87 194 212 51 141 148 40 95 45 83 34 115 134 255 254 129 27 52 172 208 207 166 139 114 112 104 111 151 143 50 39 161 254 112 191
54 78 241 40 70 103 190 170 144 255 248 233 198 161 92 25 135 92 161 144 85 101 124 206 243 116 119 175 189 64 75 27 203 150 115 82 94 120 101 94 114 50 152 105 108 58 231 118 98 29 103 249 168 63 152 182 200 253 151 36 113 40 106 162 156 77 118 104 12 113 99 63 133 121 132 90 146 154 220 237 110 96 123 223 147 159 92 79 99 15 65 203 244 255 157 77 93 107 56 135
248 222 33 85 58 112 127 144 146 226 182 153 187 114 92 12 168 160 255 250 198 211 151 91 95 122 158 126 107 98 247 122 182 211 239 218 103 60 86 39 98 78 103 196 197 31 166 77 105 126 100 147 133 60 0 83 214 211 174 134 90 48 26 48 82 115 80 159 84 51 207 227 112 63 101 124 126 187 255 223 101 25 20 190 191 248 164 139 145 1 104 122 175 143 232 215 98 133 221 197
242 208 110 18 42 107 14 49 167 115 90 80 186 95 205 82 231 71 230 240 222 96 97 121 218 240 183 169 120 107 250 237 142 214 243 255 191 138 93 2 95 167 20 163 219 120 222 210 64 48 28 57 53 153 169 163 197 45 64 138 53 45 110 167 130 62 101 154 111 63 77 127 152 207 93 47 194 191 115 181 32 94 112 77 93 255 233 74 38 78 142 206 67 91 108 217 185 10 105 187
