73 77 56 28 18 21 41 65 62 23 21 27 26 44 39 32 82 92 73 25 38 61 0 63 23 49 51 80 65 42 35 51 114 111 76 37 11 27 51 58 131 96 31 53 47 38 31 23 32 24 19 20 25 30 35 39 87 123 151 160 84 86 86 33 57 107 157 55 17 75 157 93 82 100 96 46 56 59 74 39 5 55 67 84 28 42 34 18 44 29 49 138 131 113 142 53 52 41 46 33
84 102 72 21 36 27 32 87 55 24 30 42 55 74 57 35 62 99 32 23 33 57 61 20 19 52 59 127 74 36 40 128 155 130 37 21 86 136 175 48 5 42 61 67 33 14 25 41 56 45 27 12 7 12 21 26 21 44 71 197 82 76 41 90 137 142 147 126 124 92 226 221 191 104 130 12 95 75 104 103 16 71 69 142 77 58 22 40 50 0 36 95 86 72 85 53 113 130 125 110
64 67 63 20 67 85 64 60 20 30 56 50 68 95 66 14 15 59 9 32 26 52 114 37 41 58 56 112 88 58 79 166 221 115 17 91 134 140 204 152 50 70 83 35 3 0 18 37 37 35 24 7 4 18 34 41 21 41 97 76 119 154 171 110 220 138 49 56 93 41 186 149 246 126 74 84 154 120 124 89 34 97 28 68 4 50 42 58 64 20 35 30 33 61 99 57 132 72 43 146
0 40 142 93 42 56 81 58 16 21 49 39 56 66 54 33 14 10 14 33 22 41 72 48 49 48 40 35 70 65 117 154 110 68 131 187 186 132 185 159 72 54 58 11 17 23 10 0 12 23 23 12 7 16 25 26 27 21 46 70 147 226 226 182 219 184 108 52 27 2 117 93 110 66 20 152 179 241 241 142 29 46 0 69 12 24 20 27 76 62 53 81 76 54 151 144 41 73 53 90
71 40 63 23 7 62 112 93 63 20 23 23 49 33 44 75 61 26 37 38 45 44 22 25 12 9 19 25 45 30 79 106 61 40 120 94 118 38 140 93 46 26 46 23 37 33 14 7 11 26 37 34 32 37 42 42 65 42 38 147 122 137 88 119 171 141 68 44 97 103 45 46 51 40 83 112 89 221 255 131 65 42 7 43 0 17 70 67 54 65 49 84 117 125 181 126 143 255 222 119
28 32 34 51 53 41 41 61 80 54 50 20 55 51 49 49 28 29 38 36 55 42 30 29 41 34 62 150 114 77 62 75 30 38 27 92 112 29 113 72 58 42 46 36 36 26 23 31 19 27 36 40 41 45 53 61 39 27 34 77 106 126 140 107 93 93 47 82 171 146 24 127 69 45 42 97 34 118 194 98 9 24 48 34 11 54 106 64 48 76 64 36 74 163 165 94 213 237 151 47
32 63 42 77 49 13 11 40 47 65 84 32 65 64 53 27 0 5 38 38 51 42 42 34 45 37 56 142 93 99 78 43 120 193 118 134 102 48 86 35 35 36 28 46 43 34 26 18 25 21 21 24 19 13 18 30 46 23 0 43 75 123 178 129 53 62 37 88 144 145 106 157 122 91 0 168 78 68 95 48 5 4 35 30 51 69 72 60 68 96 91 82 38 70 129 209 209 163 81 20
57 70 29 72 28 49 93 84 21 31 68 44 70 38 47 72 82 29 82 75 83 81 43 28 43 46 49 41 9 97 153 87 127 189 169 66 78 0 57 33 45 58 29 47 33 32 33 21 17 10 13 27 29 23 31 47 36 28 23 55 42 22 106 69 38 38 25 69 88 170 231 105 111 87 30 189 114 79 20 20 33 58 57 4 61 114 61 21 54 103 57 87 27 30 141 247 233 109 51 86
51 86 139 88 54 90 141 116 37 26 123 147 115 45 45 150 151 102 60 72 95 84 69 51 88 76 60 67 8 152 253 125 33 65 126 68 96 20 80 15 45 51 42 38 24 16 27 16 23 14 7 17 28 21 19 33 38 30 50 28 44 16 81 46 4 70 57 93 27 106 214 44 107 127 49 80 81 41 0 6 59 53 47 15 46 107 69 35 67 61 34 31 102 92 75 216 215 89 108 115
81 98 141 117 76 89 118 94 37 95 191 171 117 53 55 126 155 81 28 42 83 83 71 54 66 103 79 75 20 103 197 173 88 96 99 93 161 106 96 25 33 44 26 27 34 23 25 26 19 6 2 14 28 33 27 18 11 26 39 14 61 57 114 75 0 158 160 111 78 114 93 57 122 172 77 43 44 7 0 38 31 48 102 68 55 82 80 63 52 45 25 59 149 159 90 150 194 107 96 128
196 89 31 47 41 55 63 48 38 81 121 113 101 45 48 95 101 64 65 30 50 48 60 12 45 61 23 84 55 21 58 129 209 172 23 70 135 65 81 40 16 28 11 21 37 19 14 22 37 19 14 16 23 42 37 3 17 39 44 29 69 23 69 83 75 246 221 77 135 212 80 79 95 166 140 76 74 71 80 58 52 81 152 129 76 52 81 81 18 75 72 30 55 112 83 98 123 74 19 58
149 78 45 87 64 65 73 66 67 89 72 61 81 60 123 199 102 31 69 50 73 94 139 71 5 71 48 81 69 86 98 82 108 178 179 153 131 103 51 12 22 24 23 40 35 17 27 32 23 10 12 7 7 40 50 10 6 42 38 26 67 11 44 80 107 181 186 89 161 196 150 237 97 75 129 111 110 140 154 91 85 101 89 97 59 10 69 100 69 83 114 108 105 82 54 66 128 138 94 82
48 48 49 73 41 77 127 123 110 117 55 28 84 115 191 236 130 42 105 164 78 49 54 35 72 112 123 169 103 104 110 43 5 47 60 103 97 61 83 60 44 31 44 62 31 26 68 71 60 55 62 49 31 52 60 25 35 83 52 7 53 35 43 25 63 144 199 105 91 18 79 193 195 59 96 113 108 115 97 75 139 146 39 80 89 39 120 193 125 99 142 144 136 72 76 95 75 147 156 73
32 38 76 151 141 119 110 58 75 53 2 10 79 84 101 98 51 47 138 243 86 56 9 33 165 155 133 156 73 100 138 64 43 78 165 120 68 74 69 85 44 28 36 47 19 30 86 92 53 53 60 50 28 27 23 0 9 45 26 7 51 58 92 82 35 136 184 115 180 119 128 132 202 124 124 164 177 161 75 56 123 136 27 57 94 36 105 197 118 112 167 164 128 63 94 120 164 224 214 95
54 58 104 170 142 70 58 5 30 23 24 34 54 21 26 37 33 43 86 134 85 88 21 35 124 86 68 173 150 128 135 116 62 86 106 165 159 99 62 41 29 32 17 21 27 36 63 72 36 32 34 41 44 41 35 30 33 31 19 24 35 31 93 108 67 97 126 111 241 209 117 97 116 124 100 218 254 255 187 141 123 118 72 36 82 41 105 196 133 68 117 244 221 96 49 81 174 192 124 51
65 79 88 80 59 45 78 8 79 75 66 30 46 63 80 69 58 57 97 83 148 100 50 83 106 129 48 49 46 81 92 67 106 144 123 178 210 178 80 19 25 50 17 16 56 51 38 46 57 37 20 29 44 37 26 31 48 31 12 11 20 46 116 102 47 115 185 93 121 136 46 72 125 92 13 211 235 252 255 232 161 115 117 11 70 73 161 255 153 46 27 170 150 69 23 73 101 129 63 86
98 43 31 37 67 102 154 73 127 87 46 39 51 79 116 39 23 74 166 119 192 66 70 121 146 189 87 46 72 91 60 21 53 80 34 129 169 138 73 35 38 49 21 5 58 65 14 23 61 58 36 2 29 19 10 22 32 12 23 8 61 83 108 71 25 142 245 94 73 104 30 100 127 109 33 86 91 91 176 226 156 75 65 38 72 54 133 173 95 50 0 78 51 70 134 136 84 115 204 147
58 46 56 56 141 143 189 44 98 50 44 44 41 57 87 23 16 60 173 79 93 36 0 83 131 101 58 21 18 66 78 75 108 175 180 146 93 101 65 30 37 41 45 13 42 23 22 23 46 71 61 48 111 78 22 37 64 49 67 40 57 60 85 49 22 102 205 103 121 120 106 113 107 137 107 76 46 13 74 142 124 33 31 76 33 25 74 51 38 91 43 85 83 116 239 219 86 115 196 64
36 58 68 77 147 89 120 0 79 79 122 74 28 44 100 93 34 50 104 43 55 89 27 92 147 32 61 57 64 145 145 89 107 182 243 221 110 49 52 59 16 53 83 69 59 51 59 30 50 68 91 93 129 81 23 28 8 4 44 46 51 23 37 28 0 38 11 103 106 64 110 75 147 112 110 143 184 99 62 104 91 57 76 108 66 72 106 53 28 120 84 62 65 98 226 242 174 156 171 111
31 66 96 161 207 133 131 91 46 94 153 73 61 80 84 71 79 71 15 43 56 111 73 84 109 60 51 32 146 199 119 87 114 113 99 156 106 0 37 73 30 70 72 115 78 81 63 61 66 32 89 99 78 53 44 33 33 11 12 21 51 24 53 109 74 68 144 135 166 98 117 114 50 129 170 141 133 106 85 70 93 55 63 32 78 4 9 35 79 82 84 126 129 67 83 194 190 143 95 19
61 89 125 143 183 120 78 53 28 108 165 74 101 89 44 49 70 59 0 68 39 64 56 78 128 77 65 44 91 128 135 129 147 95 12 61 119 86 91 95 121 108 59 86 49 23 5 67 77 1 46 64 64 73 72 53 70 70 43 35 72 32 16 65 88 93 211 156 186 59 60 110 83 65 44 87 54 0 5 40 26 37 101 63 181 95 46 87 69 59 3 37 67 66 41 101 86 85 19 160
71 97 124 33 93 80 92 66 34 125 196 132 167 101 45 84 62 34 53 100 41 55 39 97 125 84 43 31 39 40 97 164 108 68 32 19 87 129 52 47 125 112 82 26 32 31 40 83 85 7 12 23 83 97 48 30 43 60 28 4 47 67 80 116 90 127 128 117 196 125 123 102 42 44 15 62 49 33 52 77 90 74 90 37 82 53 70 167 240 191 64 163 169 75 34 46 87 147 90 119
70 84 84 0 55 50 94 74 20 80 154 129 184 117 76 93 88 38 108 99 44 62 38 82 142 63 69 112 71 76 122 131 104 78 81 41 50 110 15 12 49 47 79 17 61 126 130 110 76 14 29 24 67 74 22 13 4 19 32 26 18 40 66 72 81 92 144 7 160 222 176 83 44 64 47 66 121 119 83 96 164 122 82 75 65 16 69 189 203 210 110 163 141 68 89 67 80 145 103 135
32 28 15 45 110 70 64 33 3 47 101 43 70 56 118 170 62 20 98 59 20 45 52 66 95 64 84 137 133 132 92 80 70 70 82 83 82 156 75 13 62 11 56 54 79 151 110 74 53 1 67 55 32 44 43 45 30 8 50 73 22 42 110 128 106 121 173 125 164 201 146 141 152 121 85 69 141 74 0 65 136 194 114 50 79 76 101 75 71 136 149 159 106 44 82 75 56 102 98 49
42 37 36 56 113 65 78 66 12 39 50 44 36 33 112 127 74 64 172 60 39 58 69 53 60 33 32 76 66 54 38 44 85 101 55 163 211 202 81 19 84 89 63 50 65 80 36 73 96 69 115 121 38 48 59 78 27 46 51 58 34 88 168 169 134 105 113 172 117 114 96 112 185 183 124 108 87 28 41 77 106 95 109 88 78 43 95 74 95 195 162 130 100 66 95 47 45 142 162 73
56 63 20 13 64 41 72 104 43 28 10 82 71 81 93 101 71 101 155 97 39 94 91 68 54 1 19 101 93 75 76 99 142 165 174 161 213 169 60 15 72 115 75 43 77 113 69 74 110 73 104 100 84 62 75 71 47 11 12 76 59 47 77 44 75 150 146 78 9 48 38 43 129 88 126 110 60 30 80 113 66 53 75 184 118 34 48 155 209 224 54 60 24 58 130 146 149 164 42 135
28 43 32 48 62 11 31 60 37 32 27 45 86 110 114 77 54 38 39 60 31 83 97 106 110 56 63 137 141 132 100 72 78 137 201 112 138 89 95 49 0 32 14 59 161 191 113 55 14 12 36 30 46 38 61 86 90 67 42 16 53 138 139 83 189 255 230 142 15 111 93 85 131 101 101 51 76 29 2 47 99 108 86 101 73 38 63 143 255 246 62 100 46 46 109 152 255 237 33 122
25 1 23 88 128 69 81 69 0 65 96 50 96 113 115 100 119 44 38 42 40 32 48 71 41 30 51 132 161 141 69 29 132 143 78 162 39 13 25 60 53 82 70 126 220 248 172 52 36 36 59 90 100 98 65 144 69 8 32 71 165 225 171 217 159 223 253 41 140 123 170 132 140 65 69 28 0 66 160 32 162 200 144 58 98 121 87 32 43 71 39 102 102 44 52 58 154 124 42 58
87 53 30 69 179 125 95 49 14 75 76 101 152 154 53 71 96 39 70 40 46 34 25 34 49 39 29 92 126 98 79 147 252 242 121 102 62 43 24 0 30 69 71 64 111 219 255 165 26 0 37 90 142 144 37 88 53 52 53 41 90 225 205 150 255 234 222 182 144 103 85 64 145 126 43 89 57 50 131 85 174 172 91 51 95 141 101 87 90 104 129 133 157 101 39 1 71 104 156 114
167 186 87 34 137 82 26 10 28 51 62 82 151 127 7 22 81 25 40 58 74 100 67 91 111 84 18 18 34 37 67 174 246 234 136 67 119 111 15 50 55 54 55 18 18 106 193 152 35 34 87 63 154 207 117 71 18 56 54 100 69 198 218 40 219 255 153 43 48 119 139 75 205 228 49 37 28 49 108 55 79 112 152 148 162 123 84 84 110 112 114 66 70 93 45 44 30 110 151 120
170 204 93 36 67 44 26 58 7 31 100 55 85 73 33 46 126 67 24 51 40 60 45 82 88 74 42 46 38 40 50 98 129 147 152 3 106 83 39 59 71 29 36 28 34 37 52 46 65 84 94 33 82 146 112 26 10 53 42 98 24 141 145 0 107 109 89 76 83 117 203 93 138 106 41 80 64 71 114 98 95 146 255 248 207 104 61 47 91 116 110 46 17 60 61 107 49 72 75 129
86 92 43 86 60 55 41 50 52 20 59 69 81 147 88 63 126 134 86 60 18 32 74 101 63 35 54 100 51 15 27 71 90 72 69 51 56 26 10 53 34 15 41 45 88 77 47 50 94 70 25 49 44 58 44 0 26 75 83 128 94 247 223 217 153 151 133 226 162 119 192 170 90 49 138 172 74 36 86 148 110 106 180 255 162 77 19 69 133 166 163 87 40 29 42 81 38 57 67 89
33 34 24 34 66 59 0 36 87 50 33 32 65 156 111 19 75 115 143 133 80 67 107 91 33 31 56 53 73 80 85 41 30 54 109 185 126 45 26 57 13 4 52 54 34 56 67 78 71 49 27 140 141 110 113 88 93 75 100 80 168 195 135 205 123 76 91 255 135 46 166 204 148 97 207 119 54 22 53 131 50 51 102 164 103 20 0 52 114 122 133 65 49 42 31 51 21 47 78 35
39 51 34 0 20 65 15 26 105 47 63 69 22 73 71 8 61 69 88 120 81 56 78 83 60 71 111 90 154 209 185 83 22 100 219 255 142 86 97 64 42 38 29 46 15 0 47 80 47 74 111 124 167 135 202 184 139 62 117 232 242 143 152 209 93 98 98 181 114 65 131 114 108 46 60 74 48 82 79 102 23 88 138 141 85 48 35 20 42 85 97 101 96 82 75 27 43 38 42 68
31 26 49 58 77 115 67 109 71 65 108 97 5 31 72 70 125 99 53 67 55 86 104 106 142 235 255 164 205 234 170 83 43 88 148 141 77 56 86 53 18 28 9 28 38 25 44 43 76 88 103 9 50 34 135 129 95 68 213 255 246 95 255 251 117 131 104 230 163 153 144 63 111 112 54 138 27 70 28 44 9 67 131 182 165 106 76 32 55 118 147 236 215 111 99 35 50 22 14 57
5 32 77 69 59 106 41 54 45 87 86 50 21 62 73 71 110 146 82 17 0 97 131 120 222 231 255 239 156 121 109 55 95 163 146 88 100 66 59 67 30 15 20 29 74 87 47 60 63 92 146 101 95 78 114 79 41 86 167 237 109 213 170 248 208 51 222 236 243 113 85 4 105 102 97 78 22 0 60 89 78 85 108 146 106 36 85 137 95 150 179 255 255 105 82 36 71 51 61 81
15 24 42 44 34 82 22 42 47 69 31 18 55 122 105 61 68 70 59 88 37 3 0 67 193 255 255 241 129 106 96 35 77 218 212 107 94 45 33 62 19 9 44 89 114 64 6 54 65 81 135 108 51 45 82 42 131 176 175 80 233 254 253 179 96 31 79 251 160 73 72 55 115 100 95 84 43 34 50 67 52 50 44 66 61 47 61 53 24 64 91 102 177 107 87 64 14 7 8 40
51 33 11 52 61 94 49 92 47 64 68 83 70 112 137 116 130 126 69 47 65 102 60 60 86 45 103 243 130 77 74 4 66 148 172 126 83 53 65 67 67 60 15 36 58 32 56 96 90 88 131 101 57 20 58 0 176 255 175 73 255 228 215 76 76 67 26 130 76 52 46 63 84 37 58 0 26 12 58 73 72 95 90 73 47 83 79 59 21 16 58 43 124 95 70 104 38 43 6 80
52 99 46 39 30 78 36 39 3 39 50 62 15 10 41 56 73 69 41 53 135 165 78 36 33 88 216 255 130 50 54 75 54 47 78 117 86 92 101 49 68 72 21 28 77 98 99 65 37 32 49 63 74 22 85 78 224 234 222 255 220 255 52 56 63 89 12 45 60 36 96 66 61 65 76 69 46 45 39 53 28 22 24 51 56 137 109 108 121 55 92 84 90 65 26 91 41 80 36 101
34 101 46 55 36 61 45 83 37 70 24 40 74 70 40 39 31 45 66 85 118 74 8 40 107 103 214 183 105 88 84 78 66 59 64 79 45 102 127 59 49 26 30 43 100 123 49 2 26 41 36 100 111 38 116 206 255 228 255 255 238 250 181 86 30 29 52 64 41 95 121 140 91 82 87 75 95 64 64 36 43 34 40 53 16 90 59 99 133 38 52 55 30 73 42 81 46 119 86 85
43 63 27 89 68 99 84 187 155 130 24 10 4 13 38 41 40 1 31 71 40 61 22 57 61 17 28 104 134 147 142 82 69 80 150 37 96 126 133 63 38 35 20 31 31 71 66 49 96 94 59 105 72 0 86 245 255 217 255 232 254 220 238 148 39 57 88 93 84 121 110 171 114 98 29 42 53 80 45 62 84 92 87 36 30 59 42 49 100 57 37 0 81 136 134 80 20 88 63 82
97 75 23 83 94 130 89 139 170 114 29 54 68 22 48 138 122 59 55 56 25 61 23 6 76 71 79 72 149 198 171 98 62 81 132 79 116 149 92 57 21 49 86 47 39 83 130 88 68 69 22 65 0 98 118 212 163 245 235 240 255 166 178 119 134 61 124 68 80 137 113 154 81 76 40 48 112 137 86 45 43 52 29 49 107 63 58 58 56 112 81 35 110 125 188 86 55 105 67 61
128 90 64 133 183 213 129 100 97 140 113 63 78 70 74 107 57 31 57 35 0 52 65 29 63 62 74 42 136 153 136 145 138 56 45 88 150 141 44 48 34 29 81 50 5 50 131 92 20 83 125 76 20 240 250 199 139 230 236 251 225 252 39 108 169 36 62 41 113 197 152 109 56 80 72 22 71 80 80 57 60 47 14 43 155 100 54 12 17 129 123 53 86 47 127 40 115 140 107 82
72 69 84 114 142 171 105 67 33 71 66 0 0 45 109 155 74 19 41 52 22 35 45 0 26 65 63 15 83 101 105 113 93 174 176 68 38 94 114 58 61 48 0 24 65 63 19 45 88 102 158 71 0 89 179 128 239 255 235 126 223 141 179 211 201 139 87 117 113 102 124 130 66 94 100 57 89 66 53 33 36 75 117 55 63 53 42 53 59 104 128 63 80 46 74 68 103 113 121 107
26 58 94 71 70 130 135 153 19 38 88 59 37 51 101 114 74 17 30 72 50 27 45 31 31 58 30 47 76 54 53 34 60 109 91 75 34 63 126 68 55 19 7 51 47 57 66 93 76 20 18 58 85 117 189 65 234 218 255 212 239 252 213 238 156 115 0 42 87 26 72 101 51 79 91 96 109 73 43 51 82 68 91 64 61 106 103 79 52 33 60 49 81 90 84 120 114 119 188 197
25 54 89 74 92 161 155 182 69 81 110 74 23 49 97 61 91 115 87 64 35 48 64 27 37 48 26 98 99 28 30 24 21 50 28 127 80 83 109 79 17 48 80 57 57 61 111 141 73 55 72 83 157 76 176 74 228 223 248 255 190 255 224 250 106 177 122 52 102 30 55 69 32 46 37 63 75 64 45 80 66 44 60 119 97 88 116 82 35 60 96 120 118 120 135 153 83 83 194 202
19 28 51 64 87 120 51 72 46 38 29 41 9 26 72 51 96 154 70 39 72 139 116 31 28 81 66 62 82 66 86 66 40 47 15 104 93 79 46 37 13 0 33 51 67 68 62 0 8 10 106 141 233 44 108 136 245 255 225 229 87 151 177 254 115 241 226 104 140 86 84 74 52 43 11 42 99 116 68 52 39 28 50 83 61 29 67 46 25 82 139 133 87 70 126 134 51 40 157 129
23 32 54 73 76 85 18 83 80 99 55 57 32 46 59 15 51 101 14 43 98 127 92 60 57 66 33 0 65 67 94 106 55 65 41 43 98 106 66 65 47 31 1 69 137 135 78 94 115 167 235 226 218 76 77 216 255 251 180 180 110 159 102 140 180 228 139 85 116 63 61 77 60 74 50 45 96 122 94 70 68 47 66 0 1 27 60 57 33 46 105 56 15 24 104 127 67 47 152 87
57 63 101 82 0 39 38 44 6 49 0 61 53 80 102 51 51 52 40 54 51 63 46 61 121 123 42 66 97 77 109 87 57 71 86 26 103 97 55 37 75 108 74 8 54 63 98 170 255 249 243 252 255 178 129 252 248 221 167 102 71 85 82 87 154 118 64 64 112 54 41 84 69 83 85 47 97 74 35 93 113 60 15 43 29 34 50 44 55 76 82 66 58 66 127 150 82 25 71 98
38 74 134 132 47 125 93 88 53 113 46 26 60 84 109 92 82 83 74 81 68 61 37 60 144 177 112 114 108 71 113 104 65 114 116 63 65 74 71 28 55 109 72 73 95 99 158 238 242 255 255 247 255 239 198 245 242 179 170 68 22 31 23 123 101 49 57 160 131 43 65 91 44 64 96 25 68 33 15 71 103 59 24 62 55 47 16 45 60 96 77 88 99 101 116 115 52 18 67 46
0 37 79 90 43 144 82 43 91 190 100 5 54 113 104 113 48 52 77 127 158 138 59 40 120 218 172 107 63 31 76 95 115 166 160 124 82 196 216 116 96 91 70 50 52 53 87 162 189 187 248 247 248 242 255 255 254 162 149 95 75 107 39 101 111 49 44 181 137 58 80 78 30 44 72 11 47 56 29 68 102 82 28 9 7 45 29 85 121 75 2 9 47 60 36 38 62 49 96 40
57 69 47 34 17 101 84 43 37 153 133 126 155 177 58 56 62 33 25 52 118 142 95 97 141 217 133 39 90 124 82 57 67 108 165 54 129 199 127 111 65 106 94 197 164 105 255 231 103 255 174 174 85 251 255 217 255 183 162 146 42 61 68 145 85 72 28 75 84 50 38 30 49 66 69 51 45 103 44 62 39 33 31 44 45 35 19 56 9 87 48 74 47 8 149 146 14 37 102 58
76 104 83 70 64 61 80 44 59 60 64 102 127 134 51 77 106 82 67 43 79 99 85 133 106 173 107 44 175 235 136 116 105 63 0 113 158 172 143 73 46 18 0 215 138 107 207 68 76 213 51 190 191 224 230 253 253 118 140 159 83 67 67 54 27 75 74 33 62 62 41 43 55 70 66 56 19 72 30 32 42 26 28 19 27 33 56 39 58 64 145 73 36 59 152 122 18 57 103 85
64 91 93 102 126 67 72 37 76 28 69 45 83 112 110 69 145 122 125 99 122 99 60 117 115 171 93 1 44 69 66 139 108 118 181 42 126 138 139 45 66 56 95 104 211 136 199 246 191 62 106 99 201 252 242 255 250 127 238 178 145 133 133 36 7 36 89 50 60 71 67 63 66 43 30 19 20 55 77 54 63 19 44 56 62 58 52 28 150 75 180 98 35 21 131 132 90 89 32 23
51 30 15 11 57 36 32 40 43 24 90 8 40 116 160 46 99 66 112 155 210 128 8 26 114 185 140 122 121 105 144 137 100 59 113 57 79 70 77 39 123 165 185 255 248 230 245 146 141 75 161 249 255 237 216 53 116 54 171 123 149 165 177 42 65 61 101 116 110 108 104 93 95 60 42 67 79 87 127 74 105 12 59 122 104 66 8 108 201 43 164 103 56 26 52 88 117 118 0 18
43 13 13 0 30 41 17 66 57 56 130 80 92 179 225 115 133 48 62 111 188 109 2 46 77 150 100 126 105 85 148 27 204 197 81 71 72 106 81 149 157 223 247 178 254 244 255 114 181 110 191 206 236 254 248 212 255 155 94 64 60 48 96 13 73 90 99 153 141 111 90 91 91 98 93 163 115 79 79 8 73 61 127 117 69 117 23 147 167 42 56 50 66 45 78 21 38 110 31 95
77 50 42 53 32 30 0 114 92 93 77 96 89 153 173 174 194 123 88 35 115 94 65 125 39 86 110 255 198 113 161 37 178 152 17 47 39 108 138 247 238 254 216 50 251 218 166 227 244 153 214 255 244 229 221 64 149 123 40 43 45 52 68 65 108 106 83 105 109 110 71 59 83 116 122 123 107 115 56 12 84 78 144 24 56 168 86 165 114 39 45 32 71 38 33 58 41 85 98 48
107 146 121 68 2 7 15 57 62 69 7 62 62 93 24 77 102 81 97 70 122 89 89 180 67 69 128 255 229 218 227 253 233 114 4 65 42 84 112 239 255 225 255 252 255 233 255 122 203 238 164 217 232 255 247 161 118 108 121 68 43 106 80 90 123 118 50 93 107 101 75 63 62 83 110 43 75 146 83 78 101 145 164 62 106 134 113 87 91 62 46 56 77 0 40 136 120 49 79 44
150 153 82 59 43 47 66 34 89 93 56 129 167 162 19 31 12 59 128 132 160 115 88 134 66 126 134 205 255 218 59 247 241 175 33 177 110 20 117 145 255 251 218 219 253 239 235 255 110 109 203 250 255 245 234 212 74 2 75 74 34 53 0 54 75 155 108 140 155 141 105 48 46 53 51 6 79 157 69 98 162 207 217 138 161 68 77 8 46 69 36 48 111 27 103 193 80 25 55 65
31 78 73 81 62 28 61 61 38 40 74 91 163 167 82 26 50 75 69 31 51 63 54 56 43 89 186 243 233 255 171 224 255 197 233 255 206 201 179 243 246 238 187 255 239 197 255 249 213 81 245 236 255 249 235 98 0 103 61 98 78 95 156 19 49 87 47 61 73 20 52 104 59 100 60 60 81 92 54 153 101 111 146 92 144 88 93 41 84 52 39 118 195 55 98 206 205 154 66 66
62 59 21 1 38 81 88 59 39 51 65 7 68 91 80 46 48 70 52 54 84 124 125 105 69 60 121 158 163 147 102 240 238 239 221 215 212 225 244 246 255 251 255 223 223 237 229 255 241 167 246 255 219 154 155 72 54 114 110 164 150 146 176 121 98 58 10 6 91 53 47 63 64 99 77 75 108 67 0 17 37 46 68 37 120 158 117 34 76 70 91 173 167 86 92 218 229 87 35 98
37 8 25 50 75 129 111 68 100 132 76 59 107 125 81 87 99 95 54 77 64 74 96 106 69 63 88 52 64 113 80 142 205 200 152 137 206 231 243 207 236 242 255 243 255 233 255 246 233 148 208 255 255 177 112 84 54 108 134 150 133 130 132 167 182 133 60 0 77 86 72 33 47 70 102 9 42 40 43 25 107 108 58 48 87 127 91 51 43 75 76 136 139 174 46 32 83 74 209 133
139 42 79 141 57 53 45 3 57 98 42 129 152 159 89 91 81 67 20 71 39 38 70 92 101 70 73 131 86 79 76 58 116 79 100 84 191 255 255 248 255 226 255 225 254 235 229 255 255 189 253 212 248 215 151 114 32 35 102 51 62 107 21 142 158 175 157 125 81 6 32 79 24 28 75 63 100 118 143 61 129 114 46 46 47 80 78 149 78 117 103 77 109 154 112 161 174 92 138 106
137 35 116 221 69 51 78 20 34 65 46 164 121 114 89 76 78 62 6 72 54 74 108 109 90 99 69 220 100 11 76 25 103 38 97 37 114 199 218 252 248 255 254 227 255 245 254 254 230 230 209 180 203 122 114 141 90 102 68 32 68 70 0 70 94 178 182 195 103 13 33 61 13 30 45 155 104 65 108 25 74 88 91 90 85 116 48 126 136 182 149 0 92 93 83 79 120 111 37 78
62 0 102 149 104 125 139 117 67 52 80 49 60 67 59 88 99 73 55 20 67 80 52 31 44 107 147 171 131 20 82 32 89 48 174 86 79 151 132 241 212 255 220 234 255 255 221 231 172 184 171 108 172 197 203 202 127 112 117 25 58 105 60 54 80 139 178 156 164 105 56 73 47 80 73 179 96 30 63 18 42 69 86 123 217 231 77 56 137 176 110 106 178 110 54 1 33 172 143 58
104 51 99 120 57 77 111 110 53 52 51 19 2 14 42 68 87 64 9 54 57 41 40 42 60 118 142 74 72 139 87 70 69 75 207 176 149 162 217 255 255 239 255 255 231 233 255 251 237 255 245 63 175 240 255 153 62 108 85 31 47 97 149 66 88 140 138 121 149 88 115 108 101 99 112 212 154 86 40 70 43 14 39 121 222 172 83 41 106 104 102 105 65 20 3 58 66 86 56 26
121 74 85 161 103 55 52 63 98 52 57 126 135 87 78 76 77 78 63 97 63 70 135 185 188 104 33 47 105 180 20 127 90 77 126 130 116 125 255 241 252 219 250 254 247 234 255 255 187 234 237 54 129 139 146 54 5 48 24 103 72 93 147 76 109 126 91 18 26 9 134 174 103 84 78 160 133 64 10 111 112 134 117 84 58 29 67 22 101 107 111 106 21 68 53 32 58 89 150 136
193 243 204 188 85 62 96 106 47 119 238 250 182 88 67 37 69 11 31 10 61 145 170 145 135 136 132 145 21 99 75 102 145 112 96 94 56 41 113 43 221 244 249 255 255 231 228 200 119 238 255 80 20 17 43 50 61 53 36 70 34 88 185 226 60 41 39 18 142 246 242 143 101 98 66 109 101 33 40 129 168 97 65 186 190 117 83 62 64 47 38 114 39 37 42 13 45 68 124 71
232 255 151 88 6 17 85 102 87 142 255 224 196 140 86 2 76 55 115 67 47 80 81 55 58 106 85 147 70 40 30 43 75 74 105 126 53 24 18 43 136 254 255 233 114 122 227 255 199 192 133 92 125 139 53 3 19 62 96 34 36 81 189 252 136 169 152 81 121 252 255 161 37 39 42 49 73 48 80 111 104 75 33 60 61 53 20 10 31 30 61 134 70 23 54 93 88 106 122 45
241 208 65 61 50 32 56 57 49 67 161 113 133 132 98 38 86 68 80 107 54 42 26 4 34 47 49 91 65 18 31 32 35 83 89 31 9 124 58 20 20 220 238 255 156 149 161 194 243 208 187 210 255 206 83 34 81 100 52 59 51 60 122 215 191 255 249 195 101 93 141 132 69 39 67 41 74 88 79 82 112 107 115 79 86 56 29 39 12 22 74 67 71 100 64 54 82 166 176 80
178 203 117 97 88 67 79 51 26 87 122 61 79 136 107 26 36 19 33 71 56 79 77 70 72 76 40 44 119 50 48 125 78 115 157 147 73 91 76 146 54 101 6 60 124 217 149 164 239 255 255 205 213 177 111 86 152 129 48 101 89 77 82 155 165 247 255 237 142 62 74 73 35 11 21 46 84 99 84 114 104 119 168 155 136 78 59 76 48 10 39 62 109 146 73 39 128 182 126 30
93 128 104 133 147 101 103 84 59 116 110 103 86 103 73 32 28 27 100 41 42 97 93 90 74 73 55 56 123 68 105 155 104 160 193 162 62 49 62 86 91 56 34 125 154 215 75 25 134 100 47 45 87 95 50 66 76 87 100 6 48 60 91 68 83 121 136 92 135 177 128 39 40 51 4 87 91 38 25 71 110 84 81 114 77 58 57 84 54 54 72 124 123 133 133 128 188 177 91 42
39 33 69 119 142 89 94 101 60 103 106 106 42 99 73 67 52 53 98 36 26 72 83 54 40 47 40 75 93 56 60 70 56 115 132 43 49 46 93 34 55 37 137 73 43 35 48 3 61 78 101 68 37 7 38 52 75 54 80 9 50 25 62 21 33 72 83 0 105 193 104 80 125 151 84 58 35 0 2 95 124 66 56 16 63 56 57 65 47 80 125 131 79 108 183 160 95 62 101 72
76 73 134 51 72 0 94 109 73 161 99 60 9 82 37 85 56 63 91 21 13 57 46 0 11 48 41 77 40 77 52 27 33 39 65 101 100 28 63 68 63 14 10 10 45 53 145 89 47 47 30 77 72 55 60 96 83 67 42 105 144 58 103 57 80 116 135 97 116 149 115 88 102 115 72 83 49 27 37 109 150 110 80 43 77 66 59 62 80 88 81 71 56 125 159 81 23 85 137 61
75 49 87 95 86 20 91 137 58 95 38 36 41 72 0 24 63 81 111 52 29 45 33 10 14 57 77 97 52 124 93 47 59 44 42 90 79 0 29 73 37 49 89 116 95 14 81 43 64 75 17 45 69 90 98 79 57 57 14 126 140 58 94 61 68 71 50 32 36 114 184 125 68 79 96 166 132 82 69 108 138 123 100 106 85 11 18 90 138 56 21 101 122 120 78 25 105 165 184 137
37 161 159 124 40 145 143 77 84 70 91 53 19 23 63 81 37 46 77 58 31 24 24 39 23 36 74 46 48 69 48 14 42 47 33 8 35 11 43 122 127 36 37 24 54 46 56 42 61 68 17 0 33 72 131 53 61 40 40 105 92 57 84 127 61 20 49 113 121 111 197 183 40 27 48 117 123 48 24 42 69 192 179 100 31 27 39 39 0 49 96 153 176 207 135 36 53 74 54 50
59 205 247 214 85 106 107 91 142 63 59 23 64 152 195 107 43 36 54 61 48 55 57 61 74 85 104 53 99 93 74 69 93 101 100 12 69 42 42 149 149 76 106 59 72 76 44 53 53 28 9 20 18 32 115 50 82 53 111 150 106 19 0 57 74 50 106 108 86 22 112 159 88 88 84 76 111 43 36 42 26 74 59 76 39 9 19 66 54 33 32 95 127 106 37 18 38 106 128 120
5 132 181 165 61 41 40 55 72 38 35 64 135 216 183 102 36 48 66 65 37 71 84 55 44 83 58 29 69 97 64 69 93 111 118 1 55 22 0 74 62 56 93 71 84 68 33 18 47 38 38 82 39 70 123 71 36 61 124 157 131 51 50 54 27 50 107 68 78 49 66 45 88 148 144 48 33 0 47 85 86 88 60 64 32 15 11 31 76 42 37 88 152 109 22 7 46 131 228 251
59 141 130 117 62 61 49 67 60 40 38 85 148 174 116 84 50 69 98 100 50 92 113 64 64 101 48 49 51 85 45 34 30 65 85 28 72 71 78 87 48 65 84 61 69 47 21 10 36 67 66 71 59 128 150 90 39 74 76 60 33 17 68 65 62 32 34 67 118 113 80 29 20 147 238 211 132 51 58 70 64 60 60 44 20 43 46 43 67 89 110 87 125 84 54 88 38 44 147 191
63 161 179 124 110 79 74 66 48 18 33 46 125 151 125 70 44 35 59 90 49 88 99 32 61 72 27 55 46 58 34 8 29 47 68 101 115 98 121 94 94 71 75 44 80 95 55 57 68 88 71 15 54 103 114 56 43 54 64 55 15 8 46 83 122 105 63 96 112 143 114 39 13 88 179 233 143 66 47 49 43 7 36 54 56 84 91 97 64 101 113 46 98 82 69 96 55 0 50 47
58 69 96 108 85 18 23 53 33 40 22 51 116 159 150 74 39 32 68 114 88 87 100 24 58 44 7 41 45 40 33 24 33 27 72 60 63 74 52 46 39 49 57 66 64 87 38 14 41 58 67 33 76 113 70 47 53 82 61 44 52 106 118 82 82 100 109 114 75 103 108 68 51 36 102 58 7 27 25 61 75 34 30 85 67 77 126 118 60 35 35 50 74 82 84 115 95 20 51 9
96 55 31 39 109 53 54 94 76 88 75 89 101 101 93 89 23 65 81 147 129 133 104 109 83 84 43 53 57 65 59 49 62 43 45 78 57 73 79 36 42 63 33 24 105 119 115 68 49 58 47 114 68 127 65 94 74 130 77 0 33 109 127 52 21 36 6 97 46 72 26 70 101 49 17 23 1 71 26 38 64 22 14 64 83 117 93 67 59 27 51 17 67 28 62 51 39 44 40 55
158 56 0 0 140 107 98 121 28 38 90 69 38 27 79 113 83 27 8 30 86 69 66 107 116 122 82 82 79 85 94 120 80 70 40 34 58 113 113 64 19 36 38 37 125 216 252 211 177 99 50 85 31 46 67 148 111 145 95 98 39 53 80 87 114 91 1 20 14 40 6 60 142 74 18 11 29 39 0 0 68 47 50 54 136 162 100 69 52 89 127 71 60 89 46 17 35 40 29 65
171 74 40 22 85 60 56 41 49 56 161 90 34 33 129 135 140 56 44 6 71 87 88 52 71 46 4 28 44 48 56 108 108 66 52 35 73 40 7 119 48 19 63 75 71 255 255 228 183 116 59 53 110 124 105 53 78 127 141 52 23 12 100 29 69 66 39 22 21 19 13 61 162 185 142 55 33 31 58 74 18 6 42 141 73 161 86 0 83 130 105 20 60 240 102 29 95 36 37 71
84 56 127 117 68 76 114 83 56 94 166 110 70 85 128 140 72 16 23 61 66 59 49 98 129 79 30 53 71 69 44 66 65 57 38 79 105 88 24 116 99 46 47 46 24 229 230 200 115 118 38 66 74 71 28 37 45 29 18 77 107 17 0 7 91 0 0 107 119 79 38 89 139 89 11 83 84 47 5 62 42 31 27 40 79 104 103 26 127 254 243 50 61 133 77 28 102 78 39 126
5 0 96 95 37 66 97 55 88 150 123 121 101 102 41 89 67 144 137 60 54 76 72 90 93 74 58 52 27 28 0 0 66 47 0 197 141 87 43 82 83 103 79 49 55 98 96 58 8 57 0 77 93 81 43 86 102 48 0 0 133 0 24 159 207 92 73 77 142 182 134 34 19 52 53 98 99 66 15 20 69 41 17 64 106 150 170 106 100 218 173 59 80 57 67 11 72 145 20 122
54 22 64 56 96 115 113 104 178 198 119 130 108 77 0 19 24 78 80 35 64 59 77 80 38 40 67 62 15 31 34 48 121 192 148 244 98 62 77 57 18 92 135 110 139 64 55 19 0 112 75 64 72 96 120 106 89 87 28 20 91 27 24 208 200 96 133 121 148 104 87 49 61 64 87 100 127 86 55 55 65 44 36 42 108 110 135 143 135 156 78 80 65 75 93 73 177 254 131 106
120 69 44 0 91 61 32 77 104 69 30 47 49 33 32 0 57 35 0 52 22 42 65 73 58 24 46 58 16 35 44 61 114 174 133 134 62 57 95 82 56 48 90 31 43 3 22 22 28 61 0 32 56 85 97 58 44 33 26 20 62 33 0 85 104 113 169 163 108 101 59 55 65 72 76 117 113 123 68 76 59 45 93 159 55 74 52 70 143 103 99 114 40 67 69 94 234 249 226 61
70 37 24 37 80 47 55 100 67 31 109 51 56 9 60 53 128 78 67 15 43 67 91 63 32 29 69 69 35 26 30 23 10 73 70 161 189 97 65 63 98 58 63 59 80 38 62 58 86 50 0 35 20 44 62 84 93 60 26 2 86 106 12 14 92 166 113 79 96 100 90 36 0 28 66 61 75 58 36 69 63 108 168 172 102 116 27 48 108 47 146 103 28 55 104 168 227 117 46 25
46 73 79 29 14 13 56 85 37 47 85 138 130 99 64 65 86 62 49 20 52 92 83 42 35 64 118 105 59 42 85 91 56 46 169 239 249 129 59 10 116 77 41 54 68 52 39 0 58 4 26 35 39 30 54 90 93 82 81 90 161 206 82 110 89 103 44 67 60 58 64 82 67 44 21 36 41 13 0 63 116 147 153 81 52 69 79 115 102 112 144 143 118 82 153 230 163 82 43 95
41 92 130 88 62 81 106 78 88 95 36 76 60 58 32 104 55 62 59 40 35 56 54 68 71 87 97 81 42 42 114 120 70 103 255 255 236 81 33 75 104 35 40 55 98 96 58 36 119 47 61 12 12 41 29 20 36 0 58 52 123 119 58 133 88 102 76 85 123 170 153 76 23 34 123 74 104 73 34 73 141 123 85 18 68 24 98 140 105 135 107 82 129 0 40 113 8 106 159 218
72 51 51 44 47 93 136 121 140 134 67 27 62 47 26 99 126 62 18 20 65 69 47 64 121 99 51 75 47 46 61 20 9 41 69 72 120 48 40 117 102 10 60 0 39 60 50 68 123 85 68 57 6 68 39 35 51 37 95 42 36 49 81 148 154 41 64 153 230 133 86 16 60 87 38 89 72 57 54 98 141 118 77 42 121 7 80 96 167 251 217 53 164 88 81 42 0 104 133 201
40 20 53 115 124 112 97 82 116 113 100 37 130 114 53 62 61 48 65 40 44 5 34 101 122 82 10 85 70 99 87 46 55 83 101 57 80 47 63 130 69 49 108 35 55 57 54 41 28 41 42 125 35 21 12 55 83 71 76 117 4 35 87 160 113 36 86 159 217 132 122 43 78 88 86 88 141 139 60 7 57 84 80 63 134 46 131 123 162 219 149 5 104 82 86 53 38 88 59 107
53 46 73 146 153 97 32 24 86 84 63 18 69 88 50 54 19 31 81 56 75 47 64 81 101 68 4 55 7 36 33 24 30 31 69 10 144 139 58 63 89 81 56 85 63 37 75 94 69 82 65 159 122 42 39 41 53 59 61 130 48 79 119 126 67 10 29 129 131 58 82 51 85 90 16 136 130 78 33 48 32 25 37 38 79 9 75 52 45 64 5 54 91 20 13 62 86 79 21 37
116 108 93 144 151 82 15 52 129 115 52 54 25 44 73 93 72 53 76 78 117 123 100 60 42 46 51 73 23 38 40 34 28 40 51 6 150 161 71 61 97 81 74 160 117 53 50 87 99 93 45 108 131 53 63 46 18 102 100 40 43 135 146 41 53 35 38 141 144 100 165 139 112 73 84 55 80 56 50 120 75 4 38 46 75 30 84 50 18 38 4 39 61 58 60 143 231 116 27 42
158 143 91 114 112 46 23 138 217 169 64 110 57 61 145 159 120 61 47 68 97 117 80 38 28 37 71 54 23 40 55 42 50 72 53 36 23 53 89 84 39 34 104 123 91 55 3 25 72 70 30 93 93 0 40 104 97 164 107 34 39 136 91 35 50 71 77 124 135 92 202 154 93 29 52 47 118 110 76 125 85 11 63 13 12 4 69 12 2 8 65 40 84 78 14 93 165 118 85 43
142 179 69 53 78 40 20 164 225 111 65 73 46 85 162 146 93 63 21 35 37 45 38 16 46 28 25 45 0 3 58 26 48 66 55 80 67 82 92 103 78 68 66 18 78 74 20 0 35 113 125 43 53 26 62 40 75 114 85 210 79 65 78 39 50 44 133 172 169 143 245 178 103 80 48 135 213 161 62 81 122 99 17 46 69 60 122 64 92 80 146 122 214 200 100 47 22 40 30 29
120 148 35 74 125 75 45 134 131 64 68 87 33 46 122 118 81 105 73 45 12 23 38 42 29 37 50 49 25 53 88 47 72 80 81 86 105 128 81 29 124 125 34 53 108 125 105 29 57 71 92 25 43 82 33 42 57 38 79 255 171 89 33 47 63 64 170 183 147 37 129 87 72 25 35 145 168 91 23 55 150 90 21 0 25 24 77 71 82 73 87 103 229 239 247 223 116 70 13 79
135 146 34 143 221 159 117 139 104 72 115 148 77 66 135 134 137 118 35 34 70 107 86 68 33 41 65 51 46 64 59 34 45 47 84 44 49 69 48 47 56 86 1 56 21 46 89 87 65 93 113 65 14 51 0 66 153 58 62 178 172 147 22 0 71 113 213 226 160 45 109 85 57 67 82 82 41 68 77 51 0 73 134 16 20 56 95 91 130 44 34 37 89 19 63 167 127 197 128 107
120 26 47 111 197 216 49 121 81 45 89 131 66 50 105 93 188 171 84 78 57 26 10 70 105 81 108 102 112 85 44 61 135 53 79 33 70 98 99 153 123 127 150 234 125 88 21 42 17 65 31 71 46 71 70 125 40 30 47 30 30 100 54 27 0 92 151 183 106 76 102 67 59 82 115 106 37 60 88 69 80 11 33 0 68 37 58 137 75 29 98 27 167 249 112 35 220 255 130 132
