94 57 67 55 46 57 38 50 25 7 49 73 26 67 113 111 99 52 37 77 82 111 94 40 119 105 41 92 46 44 16 28 67 83 81 52 18 102 77 74 16 2 56 72 46 47 57 80 62 66 121 150 56 67 43 31 9 23 41 45 33 20 21 28 45 46 28 32 48 36 69 34 48 60 42 36 33 45 64 25 35 65 54 18 56 36 12 37 72 74 10 7 52 31 36 68 112 115 88 53
64 0 46 67 89 57 37 37 51 75 74 77 45 42 144 191 122 32 38 72 98 72 75 84 198 148 74 182 137 35 34 40 65 109 85 78 55 141 122 75 51 12 17 29 21 25 44 71 58 85 131 115 26 44 42 33 16 5 18 38 31 22 37 56 25 36 45 47 48 21 86 95 42 40 33 13 0 37 92 80 25 26 29 26 68 52 19 2 52 54 37 26 27 38 57 52 38 47 50 54
69 30 88 150 153 115 98 80 160 182 107 108 98 11 89 135 60 14 61 69 66 52 94 200 255 187 110 151 124 51 79 36 70 68 62 59 27 82 75 98 140 135 86 37 34 62 66 24 37 74 106 62 11 39 59 51 39 31 45 50 27 21 43 57 35 39 61 56 50 5 83 115 57 35 38 16 3 61 121 133 65 33 38 34 37 50 109 130 69 10 26 47 18 37 64 60 12 31 46 55
20 38 47 140 110 124 125 68 131 174 77 77 83 14 29 11 16 79 167 157 85 102 104 230 245 114 77 71 77 63 116 105 94 22 88 61 38 60 23 114 178 148 80 68 72 55 53 37 18 33 49 17 19 34 56 48 17 43 74 60 26 36 61 55 54 38 49 38 46 5 56 63 35 9 15 12 33 74 90 121 91 38 49 52 22 46 178 240 94 0 6 43 19 48 58 55 44 69 65 39
46 77 28 98 65 88 124 34 78 161 88 63 59 106 113 68 72 64 96 99 64 98 76 205 158 68 58 22 52 106 180 132 132 46 138 86 93 73 5 46 145 86 17 40 64 36 30 27 70 56 54 38 47 15 19 14 8 36 62 49 26 35 45 30 62 41 44 32 55 37 54 26 20 28 48 68 104 83 34 69 91 23 28 61 50 48 129 141 120 68 55 54 29 56 21 0 59 75 60 30
44 61 28 41 26 12 88 25 83 131 60 50 43 130 153 159 212 179 152 79 114 194 118 85 46 45 125 192 116 0 47 61 99 20 74 53 89 51 41 64 45 63 76 73 28 0 15 49 33 22 33 48 62 29 49 58 29 27 25 29 32 24 14 11 43 38 41 31 44 47 42 5 21 40 37 39 65 48 42 109 139 78 32 33 43 31 63 37 72 77 75 97 82 86 42 42 68 71 67 66
26 24 32 13 24 27 75 45 94 124 54 66 71 98 103 137 193 111 76 64 92 132 82 103 68 64 98 166 138 102 140 118 132 45 49 25 47 30 21 38 42 2 28 73 67 34 18 32 23 20 17 23 17 0 24 18 15 16 3 12 38 30 16 30 18 24 29 27 18 36 21 0 0 38 70 90 92 79 92 115 155 157 78 15 26 23 51 31 88 106 91 124 88 61 25 39 31 35 31 31
92 58 55 25 46 99 54 9 76 170 116 93 86 49 19 13 0 66 86 53 0 84 50 59 78 60 93 108 72 102 103 101 98 30 48 9 50 121 41 5 22 18 59 49 23 39 33 20 16 19 5 3 0 14 45 18 8 39 25 8 27 21 4 19 33 39 42 53 35 62 44 35 63 92 98 84 42 40 81 64 88 170 115 33 50 44 50 20 58 99 71 85 49 61 53 39 56 70 55 23
64 51 38 11 48 89 48 15 67 156 198 100 46 11 64 87 27 47 45 105 72 43 28 40 61 58 37 25 39 8 26 20 52 7 45 25 60 164 69 20 43 46 47 60 23 28 11 0 12 39 30 15 19 41 55 32 24 56 30 10 20 14 9 8 32 32 52 46 41 42 47 95 165 219 192 106 41 128 107 74 58 106 62 35 48 62 32 21 38 31 35 53 0 21 10 25 48 64 44 52
28 20 12 37 55 20 63 122 102 79 111 108 37 82 80 133 63 77 102 132 87 23 27 38 36 49 27 1 23 23 32 0 53 0 45 41 54 84 37 61 40 0 31 99 145 38 15 11 23 45 36 27 28 37 41 15 5 37 15 1 15 17 19 19 16 11 10 19 2 25 53 137 203 255 241 167 102 139 121 141 141 81 56 73 46 50 41 32 19 31 32 12 21 55 55 56 44 64 62 81
54 36 47 77 98 62 86 137 85 58 104 65 1 160 125 79 52 152 167 115 0 32 47 16 44 65 51 24 37 41 49 27 73 28 46 3 30 46 38 49 53 40 127 214 251 68 17 11 38 47 32 27 26 24 25 4 4 36 20 9 20 20 20 14 4 31 28 37 29 77 64 82 123 160 150 127 80 58 59 155 193 96 83 107 67 48 15 20 4 27 49 11 48 45 58 82 94 98 94 98
31 13 44 78 146 150 57 88 65 27 107 74 43 96 168 178 195 109 124 81 78 0 51 43 12 74 101 75 60 54 46 25 88 68 77 19 68 86 84 47 25 57 153 209 177 85 29 19 48 43 19 17 18 16 23 13 9 39 30 21 25 20 16 1 16 48 48 47 57 92 68 46 49 65 69 68 45 28 54 133 117 76 29 0 11 25 0 32 32 81 114 36 26 19 45 61 65 57 64 65
50 45 52 123 193 170 39 101 78 17 42 67 136 57 152 149 191 101 104 44 64 26 73 39 15 83 108 69 40 51 49 45 127 85 80 38 60 60 85 89 42 10 50 48 0 30 22 27 40 32 11 15 20 20 31 27 7 31 22 14 14 15 19 3 20 28 46 50 60 28 31 42 65 61 61 36 13 16 36 18 2 34 17 0 63 102 28 54 52 126 152 54 21 96 126 77 45 36 78 101
80 7 23 130 69 66 82 15 37 122 94 42 82 31 105 39 80 64 60 76 15 41 47 77 57 51 54 60 39 27 29 84 81 33 31 24 32 74 110 131 52 0 62 74 52 36 15 4 18 18 8 20 27 24 31 24 21 33 18 4 0 10 27 14 2 12 31 27 57 31 68 82 50 0 7 26 31 13 39 4 13 19 10 13 60 117 69 48 66 99 108 62 46 131 117 36 50 18 59 70
78 119 53 63 118 107 113 83 86 145 76 32 80 89 97 41 43 31 51 52 50 70 73 83 56 18 30 81 66 24 4 80 121 91 99 99 61 120 80 39 51 19 36 42 54 5 20 26 10 20 17 29 33 27 30 18 32 39 23 8 0 13 35 22 4 30 28 11 47 74 141 156 124 43 31 60 75 6 29 27 18 28 41 63 71 109 74 13 4 0 8 32 61 102 73 44 76 14 35 20
73 105 78 35 111 105 111 87 80 75 59 88 151 135 68 55 34 51 56 54 31 78 66 87 82 67 62 66 46 54 50 111 177 138 141 147 72 144 89 52 70 94 44 44 70 22 32 17 22 35 32 39 39 33 37 24 21 31 22 14 8 21 43 26 26 70 79 82 66 50 94 128 100 58 33 23 55 4 39 43 0 36 41 48 52 97 96 56 61 56 41 28 48 49 23 34 98 29 56 44
100 36 66 86 21 80 101 52 51 27 47 136 193 149 38 77 27 92 79 43 94 30 20 42 60 51 51 38 0 83 46 99 151 113 109 141 39 87 119 151 139 74 64 66 58 27 34 27 25 26 32 37 30 17 13 18 17 22 27 23 14 52 38 23 4 36 38 16 7 10 29 29 33 33 37 23 0 26 56 20 1 27 35 29 34 44 50 58 60 59 35 24 46 42 24 62 116 99 91 104
150 121 75 28 34 32 15 59 55 45 65 82 141 141 11 52 10 84 85 88 140 98 46 25 33 33 57 96 71 51 0 65 91 62 84 127 79 53 96 156 119 54 21 28 58 30 23 31 31 28 27 26 18 9 10 18 24 24 26 27 21 50 29 16 21 16 41 65 50 38 38 17 1 60 74 51 33 19 13 17 77 94 85 55 86 82 50 10 13 21 28 86 157 107 60 89 104 73 29 66
100 235 194 1 54 87 40 42 51 20 49 74 75 54 0 49 80 110 75 72 105 101 64 50 58 50 74 106 80 16 15 47 58 69 117 170 193 66 43 52 85 39 2 10 60 30 16 38 24 19 12 6 0 0 8 17 20 14 15 26 26 49 25 23 37 36 98 132 74 48 59 52 63 29 11 50 88 61 42 76 159 175 115 56 82 114 91 69 32 31 67 153 210 123 89 80 0 53 34 73
54 192 202 10 61 81 61 72 69 18 38 104 40 1 52 33 99 108 96 87 80 38 23 45 83 23 20 49 55 12 71 47 44 88 98 113 185 80 63 57 54 35 27 27 52 24 19 32 27 26 21 15 15 23 34 40 30 22 19 32 34 50 29 42 25 0 15 39 14 37 65 82 33 11 27 42 48 66 69 58 114 168 110 60 41 68 32 41 47 27 61 109 121 68 123 103 38 141 92 73
26 88 138 45 94 51 25 88 110 87 88 103 56 65 107 0 49 27 62 102 146 91 92 130 119 51 31 72 127 64 83 56 27 83 42 17 72 40 73 109 51 38 53 44 35 19 28 14 22 27 27 22 25 36 42 42 34 26 15 23 23 30 9 35 61 47 66 103 86 73 40 64 57 48 68 58 37 36 24 23 17 82 77 56 68 67 38 50 41 28 31 46 72 62 164 184 132 242 193 135
76 49 44 31 165 150 36 42 94 105 122 85 103 138 109 50 9 21 119 180 214 104 59 84 55 90 94 86 135 76 43 53 61 98 48 28 32 21 32 61 67 42 55 43 29 22 37 11 18 26 26 18 18 27 28 21 28 25 13 21 28 34 8 36 21 8 27 72 60 55 28 92 98 70 57 75 121 84 9 38 52 70 77 42 100 69 57 42 36 48 30 33 84 60 91 117 73 150 149 105
60 40 57 50 96 94 36 115 142 135 144 108 129 99 36 37 78 43 59 98 172 125 45 26 9 74 120 76 72 85 61 89 96 108 80 61 29 40 36 40 57 36 39 32 35 17 26 27 40 47 42 27 23 32 30 18 33 36 27 42 61 70 32 49 33 3 15 60 65 110 65 67 15 58 80 80 153 170 70 35 35 48 54 38 83 76 66 48 34 41 44 38 54 54 35 0 60 54 69 35
13 29 86 61 27 80 51 86 90 71 76 112 160 125 111 94 70 102 117 99 98 78 41 77 52 12 67 50 0 52 41 52 71 99 113 77 11 40 49 40 26 21 22 21 39 0 3 41 51 56 45 24 19 28 27 15 24 30 21 39 65 71 19 24 24 15 39 47 32 143 140 114 41 37 65 77 146 204 128 55 79 107 77 71 43 83 76 91 69 49 88 74 42 127 149 43 9 15 95 60
22 68 154 95 39 106 70 118 82 16 83 110 187 172 142 88 48 63 134 92 22 94 95 201 168 61 90 93 24 54 39 15 51 50 127 50 51 35 40 38 26 16 15 25 29 24 26 35 25 12 22 53 46 2 9 38 57 44 31 36 39 21 11 25 39 39 59 65 39 61 132 161 81 86 93 35 109 171 145 51 111 133 69 108 72 63 71 33 18 21 73 91 9 164 213 133 43 15 136 123
50 81 104 69 93 66 37 71 74 32 39 38 72 92 70 48 64 82 16 23 84 22 67 184 170 71 91 117 56 154 110 9 61 31 67 26 44 35 45 45 35 26 19 18 22 25 29 33 19 4 2 23 35 26 30 37 55 42 27 40 62 49 23 22 49 48 71 82 53 27 63 47 14 142 161 55 49 171 135 38 55 79 59 129 108 73 56 41 1 60 109 86 24 118 87 69 42 87 72 93
73 62 22 31 159 114 19 23 18 11 14 9 37 30 13 16 50 80 78 97 86 61 30 88 56 42 94 94 46 132 110 46 53 18 30 42 61 40 43 39 38 33 26 22 22 25 28 28 36 30 19 18 25 44 44 40 46 29 10 32 71 65 37 34 30 15 36 62 54 30 55 34 17 78 115 44 75 112 93 68 71 69 80 109 129 74 59 49 61 98 103 95 50 85 56 96 20 92 70 123
121 84 42 73 210 209 43 37 52 48 67 51 99 26 27 38 53 69 153 133 51 122 67 78 55 62 85 38 68 87 78 82 34 21 22 63 63 31 36 32 26 23 25 29 24 15 15 21 33 42 37 20 3 25 22 27 6 0 6 51 89 72 45 51 48 9 24 51 50 68 77 99 91 37 51 34 102 56 25 65 74 55 89 53 116 62 64 39 22 56 46 50 44 149 161 100 28 13 86 115
29 32 60 111 188 150 27 18 68 69 65 35 75 18 50 52 62 65 58 55 91 75 55 57 40 48 60 22 62 74 89 132 31 25 11 49 42 22 40 40 27 20 26 38 31 14 17 35 37 50 54 41 11 31 17 32 47 26 30 60 67 53 67 103 120 63 58 53 23 47 7 77 99 80 53 9 25 56 8 46 21 32 98 96 145 118 112 95 66 25 48 101 145 242 175 87 100 24 81 56
35 34 47 75 119 32 57 52 58 91 66 36 26 19 44 0 55 65 0 51 138 94 26 21 52 80 116 108 22 29 33 53 36 27 17 53 55 41 55 49 54 42 41 50 48 39 48 67 65 70 74 67 39 65 30 40 33 12 32 63 63 89 154 201 79 38 32 29 29 63 37 158 80 96 131 81 102 114 35 17 38 28 28 57 51 114 166 226 144 10 37 103 183 202 42 78 121 105 81 46
31 44 64 85 119 26 49 5 8 61 73 74 75 110 167 71 54 78 27 64 120 173 81 67 73 81 114 148 59 65 37 19 37 24 42 76 79 48 48 45 56 49 42 40 49 59 63 61 55 64 68 56 26 66 22 26 47 40 84 105 75 93 127 109 82 66 44 32 71 59 70 200 144 76 95 32 93 94 49 35 48 44 43 92 70 137 178 196 114 50 46 39 107 139 28 99 88 100 67 61
28 44 54 46 76 84 88 68 39 56 81 64 80 101 207 100 41 92 43 12 105 146 94 52 65 54 64 90 62 42 21 32 36 19 53 78 70 22 22 38 25 28 19 10 27 52 46 20 26 50 60 41 5 58 21 28 63 52 87 85 44 81 112 56 54 67 41 32 104 37 73 185 125 75 75 41 90 168 101 67 65 57 67 83 87 133 164 102 76 84 54 44 60 58 43 103 109 44 49 61
61 95 76 50 33 87 95 79 40 77 69 41 34 87 172 91 67 129 77 18 85 129 84 75 67 80 78 59 71 58 52 131 123 78 55 69 66 38 26 38 23 22 15 12 21 32 26 13 8 28 51 39 22 96 66 110 143 122 142 140 152 27 71 44 27 75 26 0 33 63 56 126 83 54 60 20 46 97 56 32 30 9 40 71 56 119 161 66 21 78 78 38 43 52 85 129 119 60 58 42
110 145 131 68 83 13 49 46 11 23 61 65 72 61 129 129 121 212 137 33 90 35 47 53 72 59 54 22 15 53 88 124 136 90 48 40 25 32 41 52 50 43 31 24 24 23 12 0 18 38 29 30 40 9 27 14 56 135 134 149 146 198 101 29 106 179 111 25 34 115 91 77 57 53 70 28 3 26 20 21 40 85 86 41 34 125 208 69 13 85 67 39 41 60 93 128 100 71 64 52
78 130 103 88 129 95 120 65 20 43 78 58 72 79 89 117 146 185 116 15 63 19 51 35 45 78 44 7 62 83 40 44 49 43 34 38 8 27 31 27 28 20 16 22 29 30 26 24 36 2 25 11 27 81 16 43 85 232 255 238 255 244 119 90 188 205 119 36 98 148 102 39 29 83 115 76 42 92 109 63 34 65 73 67 73 56 146 60 30 47 52 80 16 70 126 56 54 60 43 53
64 84 39 43 83 137 185 132 62 59 74 74 81 87 61 161 122 69 69 43 79 128 125 76 78 87 64 65 129 151 98 58 54 56 50 47 0 14 26 32 35 24 20 26 28 20 15 17 41 63 30 31 18 45 14 0 83 241 255 219 247 239 117 120 209 165 102 91 75 112 106 61 60 123 145 124 79 119 127 43 0 33 52 28 45 4 92 43 114 100 27 60 24 99 128 34 38 50 12 34
70 86 66 14 41 30 67 84 38 57 96 71 94 94 90 194 112 43 94 146 177 176 116 54 24 51 33 66 153 150 92 81 72 59 47 47 16 24 33 43 46 36 32 35 32 21 15 17 45 75 55 24 38 14 72 58 127 210 241 226 255 253 201 236 246 239 240 255 52 85 109 63 79 95 96 122 72 77 105 80 88 119 144 97 94 44 91 70 213 140 12 44 26 134 169 71 48 54 20 44
60 76 10 16 162 212 130 85 36 63 110 57 119 96 104 116 129 59 33 77 147 75 44 32 0 40 142 166 55 14 65 56 34 21 22 38 53 37 19 12 15 15 21 31 37 40 43 47 61 78 10 38 54 0 68 51 149 78 255 255 223 253 233 255 235 249 246 221 73 63 112 91 107 94 71 104 66 86 135 159 148 138 150 149 121 43 57 87 198 207 44 37 72 95 31 18 18 29 52 93
17 79 26 33 120 207 176 112 81 39 45 91 151 75 70 64 68 55 49 103 170 115 53 40 137 161 150 116 65 43 58 41 44 38 34 21 55 20 4 3 11 18 24 27 30 35 38 37 59 22 47 75 88 93 27 57 67 220 187 242 247 248 255 247 233 255 255 234 146 96 113 60 142 144 123 131 65 69 102 154 68 95 59 55 18 20 62 69 118 140 126 165 120 119 98 89 76 62 125 171
13 32 62 60 99 112 196 93 51 30 0 104 123 94 89 73 41 55 88 108 90 134 47 38 106 148 75 5 13 27 34 27 15 38 51 19 56 11 7 18 21 31 34 28 25 28 27 21 41 31 48 38 72 34 54 62 103 106 255 222 125 138 216 248 238 249 244 255 38 143 245 189 89 120 154 187 87 37 70 189 95 160 98 108 55 78 118 84 60 72 150 199 73 76 131 143 123 59 106 128
52 46 127 143 144 42 125 86 40 26 46 131 139 150 142 105 74 82 135 131 94 121 186 144 95 78 74 60 98 1 13 24 4 56 44 41 54 29 28 42 42 30 25 30 14 15 43 49 60 69 40 36 19 50 100 55 75 0 255 239 238 208 255 246 244 255 233 240 100 108 178 164 64 33 107 148 64 7 40 100 45 95 118 169 154 138 114 121 97 50 151 187 77 42 83 119 95 59 79 78
60 29 97 138 81 51 77 79 16 41 148 113 149 176 123 88 77 113 110 99 107 92 187 186 76 91 110 117 130 56 42 27 36 64 36 22 56 44 41 37 51 67 32 34 0 61 31 57 65 70 57 42 16 84 60 64 151 149 243 226 255 238 243 255 234 195 97 144 95 109 21 30 150 194 120 49 117 123 157 78 56 22 174 229 253 207 115 128 151 51 41 84 73 75 52 71 74 53 86 99
47 0 34 53 11 158 120 79 17 63 149 45 84 150 103 81 59 77 62 55 52 27 71 79 66 98 99 69 50 58 85 71 45 73 70 50 60 18 23 40 42 72 54 30 46 54 51 36 33 50 62 50 32 27 67 40 255 221 255 250 214 248 245 254 255 255 147 207 152 126 30 106 200 196 144 82 138 84 122 25 74 0 69 126 203 241 93 105 111 38 6 39 134 136 59 47 39 25 46 59
95 41 72 102 63 177 173 147 85 155 150 97 57 108 88 59 50 47 96 80 8 22 16 37 67 81 105 88 55 57 92 88 95 83 76 69 87 33 21 35 31 60 37 53 37 42 30 12 0 40 73 61 62 88 144 16 175 95 232 253 255 255 224 208 202 175 139 209 214 56 89 172 116 45 62 53 94 53 53 65 128 69 87 61 169 143 46 27 21 48 106 111 213 162 64 23 49 34 23 16
70 71 84 93 58 44 94 35 107 152 98 75 0 32 70 53 32 102 213 169 83 50 39 57 41 11 77 125 127 81 93 97 78 67 58 39 52 30 24 35 41 22 68 33 21 68 48 47 63 81 89 77 27 77 72 85 195 255 20 245 236 219 255 254 241 255 181 202 129 70 46 95 81 99 81 8 26 84 33 64 91 73 23 78 145 216 123 87 14 52 103 75 105 65 8 3 66 67 39 22
39 19 116 23 21 72 29 45 49 60 80 73 32 58 68 29 64 186 236 162 158 61 80 73 45 9 55 75 100 93 99 77 28 57 68 42 38 58 46 41 46 93 70 27 44 26 108 21 10 60 52 46 79 84 130 225 168 71 102 255 232 255 251 226 255 248 223 64 96 79 91 138 198 122 125 112 0 138 223 92 105 92 96 35 52 125 114 74 73 68 57 34 25 42 19 53 75 95 49 13
140 191 91 101 51 4 25 46 72 54 90 74 76 71 91 100 134 192 124 41 73 32 73 65 37 34 48 15 6 38 29 0 24 31 28 39 52 94 32 0 92 123 102 38 10 111 41 58 26 123 111 0 84 81 153 66 187 228 116 255 255 210 254 255 189 60 82 41 80 35 27 124 134 85 47 110 118 125 129 37 130 108 61 49 97 153 78 69 50 68 82 38 48 59 33 38 131 176 122 63
191 255 65 100 67 109 50 37 76 98 132 148 137 85 144 231 255 246 152 87 51 75 69 57 75 74 78 62 20 51 53 81 90 78 70 102 92 116 50 38 94 162 69 49 88 154 159 192 86 123 183 47 59 134 255 217 236 255 175 252 243 255 235 255 136 50 158 225 165 83 61 82 119 86 32 39 101 55 101 138 238 179 76 112 249 120 12 84 70 123 164 24 57 39 46 26 64 144 117 72
141 181 36 100 72 121 73 42 44 60 120 129 54 52 86 173 255 196 125 77 58 83 84 53 67 76 82 81 55 56 95 101 79 75 93 86 96 82 50 29 77 136 85 66 101 141 219 181 120 115 90 97 47 119 255 243 209 255 255 248 255 255 217 232 61 82 174 242 160 130 125 120 113 118 64 42 85 162 118 74 144 142 153 203 200 38 0 76 69 133 187 68 60 95 68 35 32 34 27 91
83 15 97 121 123 65 90 156 101 46 80 76 43 70 30 52 91 63 44 48 60 70 69 61 51 67 44 11 8 56 102 86 49 14 80 114 64 93 75 50 108 207 200 124 36 161 138 142 237 185 64 72 176 253 167 221 255 247 238 237 245 84 139 181 91 149 164 153 153 82 133 115 99 81 70 102 155 222 193 103 8 63 146 221 177 12 55 25 40 74 134 157 102 114 124 69 74 64 27 33
80 2 126 194 227 88 146 137 77 24 70 119 81 51 15 25 49 75 85 74 69 52 55 77 84 81 47 29 35 60 86 78 0 22 74 93 89 65 91 32 18 90 115 84 51 136 93 235 236 255 205 128 255 246 255 226 255 241 235 249 255 85 109 110 129 255 222 101 139 30 18 46 19 16 86 150 135 147 242 241 131 72 64 184 168 15 69 54 41 76 112 156 104 147 138 59 70 91 60 21
100 65 113 220 226 109 60 26 11 12 24 101 62 5 51 36 33 90 101 61 64 51 53 71 95 81 56 64 72 65 71 69 52 9 31 81 78 185 175 192 165 136 133 179 232 126 74 224 201 236 255 192 210 71 255 224 224 171 197 251 229 182 120 115 155 165 140 8 32 115 51 0 16 30 95 124 87 48 133 110 96 169 102 102 117 103 92 107 110 131 124 70 96 138 76 33 52 98 73 39
126 171 97 255 252 34 11 47 85 82 22 47 63 83 148 67 0 43 68 64 116 93 54 33 41 36 22 39 67 93 109 89 106 66 27 69 164 162 175 206 240 255 202 182 200 248 188 127 255 250 226 233 162 208 242 255 239 244 255 61 255 86 27 73 131 3 32 88 145 185 93 134 163 84 78 142 151 21 47 73 79 133 48 122 247 190 86 127 110 105 107 30 104 49 33 65 98 129 88 95
157 202 145 69 123 71 54 106 103 75 40 46 95 131 146 81 51 48 42 36 93 65 59 77 80 48 31 46 44 43 50 22 100 68 94 91 58 170 156 255 255 242 178 103 255 244 197 231 121 255 250 236 50 255 230 253 244 255 214 136 177 68 23 59 91 5 106 174 125 114 161 155 178 185 140 80 97 51 74 82 96 129 73 127 218 110 135 214 161 87 60 46 153 37 60 18 60 87 67 113
124 109 87 83 182 95 69 71 59 41 44 81 123 95 90 78 7 19 52 58 92 30 19 39 54 32 48 72 38 30 67 58 115 59 232 233 56 140 240 229 230 168 151 236 206 255 236 255 148 255 247 255 149 235 253 210 250 253 171 207 128 53 28 62 53 114 165 199 199 102 114 104 95 135 122 85 146 139 127 126 103 75 66 96 118 22 129 248 168 122 121 109 124 2 61 48 37 55 58 104
57 46 65 101 153 129 78 34 51 51 7 47 95 41 60 33 29 41 69 54 79 27 22 26 53 85 125 102 32 61 141 129 144 91 237 247 105 150 144 252 255 255 247 231 255 233 246 255 177 255 254 249 252 204 255 255 173 255 209 108 0 65 112 40 30 172 161 120 148 106 90 67 58 92 101 94 160 146 88 71 70 3 63 129 131 52 42 135 132 45 38 61 101 43 56 98 74 50 33 50
68 34 39 84 132 107 49 44 89 79 17 6 44 58 42 23 29 67 79 61 54 86 50 48 52 98 186 160 48 9 86 45 68 30 73 131 150 119 28 235 243 255 248 159 235 254 244 255 231 253 234 255 245 246 255 248 34 162 153 53 64 53 100 44 23 134 121 35 63 96 101 69 48 96 98 58 142 52 26 75 77 5 57 212 223 100 8 74 119 3 8 4 62 17 0 86 46 66 89 31
57 43 24 37 73 86 54 69 97 99 54 20 46 64 67 36 23 90 95 64 19 91 57 31 14 86 182 178 75 25 137 41 110 157 119 140 255 224 255 247 255 247 253 255 191 243 238 242 252 255 226 244 251 213 221 248 255 242 48 131 67 54 40 56 74 84 76 55 62 57 85 83 95 106 95 38 72 65 32 92 120 110 124 206 174 98 72 135 140 86 122 94 0 5 25 54 83 143 182 114
69 65 78 90 53 64 40 35 79 75 68 48 71 68 80 38 11 53 63 41 16 65 53 37 39 65 141 173 92 8 132 34 42 168 177 136 219 255 250 247 183 251 250 205 193 255 255 255 236 245 243 250 255 255 255 240 178 117 88 171 170 70 49 54 110 59 58 68 47 23 70 72 97 127 92 24 48 48 32 84 136 153 153 120 36 113 46 111 91 112 146 125 39 32 33 52 85 143 174 120
61 43 88 117 24 51 59 39 26 6 40 61 89 59 76 38 34 25 46 49 88 27 17 41 27 66 112 100 62 89 167 69 125 140 182 164 133 242 213 255 210 255 255 135 255 213 236 245 247 255 255 250 255 240 173 255 145 48 146 103 68 90 23 93 86 62 61 50 36 35 81 64 78 141 81 21 65 0 29 48 82 96 127 66 10 71 0 28 46 82 115 79 88 23 23 18 33 39 39 27
35 40 70 85 22 72 73 51 20 2 43 61 74 46 84 60 15 28 43 53 116 15 0 45 50 61 53 49 17 119 70 38 112 48 55 143 99 106 255 229 162 229 202 193 233 255 255 255 253 234 253 240 222 255 84 22 190 128 47 90 10 21 32 29 39 46 24 7 49 67 98 96 78 91 55 45 69 25 78 66 34 27 19 9 44 0 89 124 52 94 176 88 37 14 106 43 72 55 38 59
23 71 66 41 38 88 60 48 53 52 68 45 30 23 69 47 14 85 56 29 52 22 9 61 53 32 129 50 80 13 46 110 104 62 151 161 134 82 66 83 138 255 234 255 193 255 254 227 255 254 255 255 252 250 102 148 188 105 60 88 38 70 93 110 179 169 83 35 83 55 41 66 99 19 37 64 8 29 29 0 44 62 37 89 128 121 182 194 137 22 47 100 69 10 58 58 51 56 38 57
21 57 76 50 32 59 63 75 65 70 70 60 50 50 62 24 75 140 90 35 27 46 62 79 119 104 42 46 28 52 36 42 130 176 101 71 90 78 50 57 139 232 255 231 236 156 234 253 245 239 247 235 185 147 73 41 35 36 55 118 35 83 72 95 231 249 153 69 105 78 65 97 62 0 43 84 37 75 63 38 68 80 29 53 41 87 77 87 91 114 102 80 67 60 47 70 92 99 59 62
27 36 143 167 73 38 63 62 78 76 84 131 156 148 115 60 70 92 78 47 68 78 120 103 152 107 0 24 27 15 96 82 33 64 100 20 31 106 46 19 72 219 195 211 114 141 197 244 251 255 252 255 238 123 112 103 30 11 79 109 47 73 30 54 175 253 174 41 49 51 55 66 49 45 61 59 56 33 45 46 114 126 89 107 111 37 94 96 98 144 103 53 114 138 84 94 153 133 58 52
57 37 129 203 122 50 62 26 25 43 86 146 191 203 101 45 50 32 18 40 60 86 117 109 102 70 27 61 48 52 167 167 71 52 54 82 94 111 69 48 71 186 115 132 53 78 127 161 246 255 221 222 225 111 200 173 74 40 44 56 73 76 118 108 90 102 115 72 38 47 60 67 72 90 54 26 42 4 26 34 109 133 117 171 144 41 96 110 123 118 74 39 118 169 115 100 153 129 78 51
103 29 50 96 63 110 67 46 15 41 75 99 99 82 33 17 74 68 19 12 51 71 87 96 39 12 82 80 61 54 62 136 174 85 22 44 82 115 77 59 88 169 144 182 137 30 98 197 203 255 255 149 46 100 141 82 16 8 15 31 77 122 111 115 29 10 54 110 78 154 112 53 113 144 89 29 28 45 58 39 65 61 67 74 106 80 96 74 135 255 185 71 138 80 76 57 66 95 106 110
129 76 46 38 31 108 66 57 77 82 104 121 88 20 26 58 112 111 51 44 74 40 32 84 20 23 107 31 27 55 3 60 97 12 33 65 10 48 68 23 55 137 126 184 190 59 75 122 163 195 213 120 17 96 92 33 13 63 65 23 54 131 61 40 63 44 51 107 104 173 92 52 92 165 211 154 89 55 54 21 35 52 42 100 89 96 62 51 125 244 219 107 67 54 59 72 34 82 114 120
70 98 73 47 63 74 78 62 83 146 165 124 103 92 118 76 73 102 71 67 96 74 60 82 57 70 66 6 18 61 79 88 16 33 86 81 10 37 58 50 69 142 86 136 120 77 34 0 69 120 106 84 125 74 61 74 86 124 113 53 54 99 60 59 109 105 103 127 125 137 119 126 106 118 237 236 134 23 31 0 25 45 53 108 89 0 25 42 84 88 49 3 0 72 90 67 42 95 128 100
30 75 60 47 76 71 51 33 74 113 118 82 77 89 126 79 57 119 101 47 56 107 105 36 117 79 22 58 48 20 67 77 80 138 57 0 56 90 66 156 177 198 121 135 59 91 97 83 41 93 152 123 90 24 93 72 49 5 26 90 103 28 32 94 116 69 54 88 54 97 217 255 151 29 76 155 66 7 51 38 30 63 6 61 18 30 56 75 90 55 38 89 88 3 37 16 24 84 135 84
34 46 40 37 46 97 29 43 49 35 74 125 110 48 31 17 12 77 90 44 33 112 163 111 100 40 20 129 139 120 94 96 103 52 64 83 46 72 69 39 81 108 133 143 64 79 69 40 48 122 135 70 111 100 40 38 0 24 47 54 82 66 66 28 74 57 45 113 88 119 175 200 229 100 61 160 37 18 63 65 51 16 50 65 67 36 106 211 132 33 27 85 79 97 107 51 53 58 98 51
29 34 41 46 54 129 93 112 77 59 73 82 58 61 41 17 28 60 80 74 51 69 112 104 69 43 23 92 111 153 47 29 97 83 63 53 34 40 30 62 79 61 89 68 15 36 11 10 42 103 187 150 125 117 78 141 114 86 53 44 73 63 50 81 63 48 46 54 65 85 66 80 136 94 48 130 51 21 70 76 38 55 60 46 65 134 126 107 83 67 127 92 5 159 140 70 79 0 18 0
50 64 63 69 97 134 158 129 50 37 69 95 80 102 52 10 25 42 50 70 78 68 54 21 43 61 11 31 36 109 4 18 64 58 39 34 50 107 124 154 118 57 66 75 37 50 0 60 76 61 156 152 95 58 70 115 154 165 123 80 114 158 113 166 73 15 96 54 70 105 107 80 140 105 24 52 74 12 60 40 33 66 90 95 78 10 45 49 52 37 75 80 41 23 37 90 145 33 64 78
47 17 17 49 90 71 131 74 25 42 50 54 94 77 13 31 52 76 54 36 73 60 50 0 19 45 0 42 51 0 83 126 93 27 54 69 35 85 171 231 166 55 37 72 40 93 79 106 70 44 87 85 57 36 18 70 132 138 124 88 102 201 127 118 49 0 45 61 69 155 139 158 143 127 45 27 87 19 51 49 28 89 80 85 96 52 118 163 146 51 40 63 40 75 91 112 137 25 53 109
97 59 44 73 90 29 50 51 60 100 60 0 35 86 51 15 82 98 81 54 55 61 36 28 32 54 46 21 52 32 177 228 93 21 58 96 40 5 46 118 86 25 24 36 27 27 115 115 25 40 66 44 73 95 38 36 56 85 84 48 81 139 74 42 91 68 0 60 68 111 103 76 79 126 120 86 34 34 80 80 64 79 78 72 122 102 107 131 115 79 75 46 15 77 112 99 94 42 53 35
125 114 93 85 80 38 16 30 84 103 64 46 84 92 56 18 59 76 77 56 34 54 27 66 77 69 72 19 60 76 128 98 67 51 46 34 58 84 66 38 22 7 48 77 73 11 83 79 25 59 66 31 96 140 56 27 15 70 99 60 69 57 25 36 179 189 39 79 49 52 50 57 34 65 113 107 84 110 100 91 87 48 65 71 70 84 37 36 69 55 56 81 70 0 65 19 68 119 111 0
52 59 63 53 40 55 29 38 66 49 39 105 128 61 32 39 36 56 63 51 34 39 40 92 46 52 82 55 61 113 81 28 33 91 52 3 109 169 122 74 74 48 69 126 127 74 35 79 52 72 89 54 76 92 38 51 20 85 146 106 64 6 0 79 168 138 46 20 29 82 16 104 90 41 75 73 130 107 41 74 69 12 46 102 41 101 90 110 123 82 84 67 72 97 72 6 24 37 65 0
33 23 56 66 20 38 25 43 13 8 5 53 61 31 57 84 78 84 60 35 29 3 44 86 31 20 51 47 69 142 118 89 104 150 98 65 128 49 55 215 245 179 82 89 111 90 14 80 116 102 126 91 59 47 21 55 59 113 146 84 58 88 92 171 185 98 86 23 109 176 10 88 83 52 124 134 150 92 2 41 49 23 34 79 40 34 29 57 138 144 93 128 46 95 64 52 141 44 105 122
71 76 117 111 44 58 49 43 63 68 61 44 12 10 40 47 77 111 123 130 131 50 38 25 63 32 53 50 100 118 108 79 177 245 137 30 129 110 83 134 196 158 45 25 99 113 105 143 100 56 72 69 89 122 90 86 79 18 19 69 91 72 50 125 184 200 41 26 103 54 107 102 103 77 107 105 52 96 62 62 97 109 71 50 108 38 38 85 66 99 188 118 32 108 45 80 81 47 80 51
51 72 102 104 84 96 75 47 43 45 71 63 42 61 77 74 74 80 70 67 67 34 22 34 38 51 73 98 122 79 70 54 108 154 117 90 168 100 73 109 77 74 68 38 73 90 101 127 107 63 50 32 78 113 48 24 76 95 106 134 153 115 83 9 28 75 60 15 52 26 65 116 108 86 69 68 30 96 74 21 116 152 99 33 76 26 40 99 50 20 86 64 55 59 45 83 15 52 73 28
50 38 40 87 122 92 45 32 30 22 55 41 32 76 84 68 62 51 37 31 29 45 22 62 21 35 3 85 117 92 50 18 32 35 22 40 129 89 90 93 22 11 111 75 25 53 37 102 76 80 75 34 57 65 10 38 54 62 68 125 125 15 76 49 53 108 80 47 66 39 96 125 116 112 79 69 82 89 88 69 68 157 186 166 111 89 68 91 79 98 135 93 13 89 28 65 61 0 52 104
57 41 11 22 65 60 28 29 38 27 30 30 50 73 59 49 63 66 63 59 49 51 21 66 40 92 50 81 100 111 72 96 65 30 31 58 81 45 65 82 34 66 177 115 42 18 15 69 55 60 79 53 42 27 67 129 141 62 18 45 60 64 84 72 59 69 83 104 111 29 37 40 29 59 24 39 101 55 65 35 5 74 139 124 61 97 67 94 69 80 120 109 107 180 29 64 96 0 54 117
93 86 45 13 17 20 38 79 80 51 46 57 83 90 56 35 59 76 73 52 51 59 53 17 83 112 202 117 63 78 87 100 76 36 62 100 77 11 16 64 58 127 168 128 89 55 47 56 38 31 52 25 32 74 139 255 255 162 82 79 99 159 116 109 155 167 111 127 130 105 75 38 75 69 71 99 164 110 62 0 41 64 20 4 97 78 79 122 91 15 58 154 252 158 129 77 52 86 73 0
108 119 92 50 30 20 29 59 97 65 55 68 106 124 80 41 59 61 49 24 19 18 72 41 147 55 109 51 40 63 83 72 34 20 51 74 63 52 29 55 67 107 88 66 66 56 34 53 20 9 40 20 40 80 107 224 248 173 93 49 33 141 101 158 228 207 134 112 105 121 48 36 52 61 55 77 56 104 75 33 41 64 27 21 124 54 39 109 116 54 71 118 203 134 84 111 95 57 38 0
117 115 82 44 34 32 26 26 57 44 46 55 100 136 99 55 62 30 11 25 35 13 57 91 66 67 45 39 39 109 162 117 44 54 52 38 61 100 40 47 41 51 47 13 32 97 57 76 30 23 56 47 87 72 60 116 102 64 63 74 43 104 51 96 117 3 7 106 183 193 73 143 157 73 106 123 80 0 57 70 0 9 36 53 63 57 0 35 76 81 75 25 39 104 31 125 117 20 48 78
51 65 62 49 48 46 29 12 17 17 42 66 95 104 68 43 41 32 32 77 116 88 20 47 29 128 147 161 69 81 127 74 29 51 27 1 41 71 0 27 36 57 69 33 42 141 126 103 71 59 63 41 86 36 57 72 66 24 73 169 172 145 76 47 80 62 56 111 115 172 85 137 144 64 66 150 83 37 94 67 48 33 8 27 53 154 74 43 101 120 84 45 62 107 95 55 45 77 108 59
51 56 44 14 3 32 78 108 48 42 80 115 115 80 42 47 88 99 55 27 58 86 24 56 8 70 195 209 99 78 94 41 16 61 50 18 65 102 46 43 79 68 27 23 17 56 115 111 86 79 69 40 66 27 88 96 44 20 74 173 177 95 72 54 80 108 63 152 51 68 94 221 177 25 57 151 142 16 112 71 100 121 27 15 91 176 120 52 72 141 88 85 172 204 173 72 15 57 64 8
43 50 52 36 22 40 79 103 49 42 63 70 55 30 13 31 64 95 72 43 57 54 17 23 18 99 232 153 61 86 87 36 17 68 95 61 61 81 69 25 0 15 29 79 90 37 39 32 28 33 47 45 39 32 62 56 28 57 101 158 161 69 56 81 104 117 97 139 59 60 56 92 81 28 75 144 73 61 120 49 54 111 42 15 69 93 29 0 55 144 90 65 136 163 83 52 84 55 73 83
56 44 39 36 32 40 49 45 91 92 87 50 36 59 74 89 78 63 42 56 81 32 33 27 27 103 153 82 39 59 44 59 29 60 137 131 58 19 67 54 18 41 57 30 77 93 91 114 77 80 109 122 78 82 39 6 53 84 74 95 137 80 35 66 102 52 127 102 92 80 41 41 62 28 99 113 32 65 138 80 65 82 61 53 73 110 10 16 51 81 57 45 74 35 35 35 37 68 116 102
28 41 35 29 38 31 22 33 94 119 53 58 108 86 130 127 102 55 40 52 48 46 57 61 29 49 59 23 104 69 58 52 36 56 169 176 49 32 85 84 52 75 30 0 71 32 29 64 56 15 96 102 32 36 40 53 80 106 37 33 74 56 8 57 76 24 93 38 89 32 31 61 84 69 102 118 74 32 147 134 98 62 49 55 71 176 60 25 15 23 38 62 60 20 12 52 53 70 79 104
41 53 47 38 43 44 50 72 103 62 11 48 113 58 87 104 57 39 42 59 53 37 43 63 26 39 49 50 163 107 101 96 56 55 148 133 19 49 175 106 29 34 51 60 86 20 44 85 73 58 157 189 119 47 33 63 93 92 53 56 57 22 16 67 73 43 102 0 40 29 18 43 92 100 129 133 95 45 115 72 41 39 50 66 59 123 50 14 37 14 31 54 43 48 73 80 87 74 108 115
49 77 87 71 50 40 59 94 108 29 0 36 98 44 53 72 71 54 39 48 53 27 17 43 37 56 50 18 107 73 86 66 52 42 96 85 18 25 178 138 9 46 124 129 83 21 48 30 24 23 94 138 125 29 9 27 44 91 137 138 80 8 8 10 40 54 87 65 130 95 45 20 17 67 98 91 80 51 83 17 10 40 80 114 64 57 64 64 70 73 77 46 0 3 48 77 82 56 63 94
59 97 116 86 35 13 45 92 72 45 51 70 97 81 54 39 67 63 39 42 62 48 53 106 98 73 59 10 35 34 37 17 32 57 59 60 89 55 98 109 48 71 127 111 54 34 89 68 26 36 49 62 107 48 44 32 55 89 108 98 92 65 66 8 18 99 51 127 184 140 100 27 6 64 75 51 54 48 78 37 74 82 102 152 96 40 97 108 53 76 43 3 12 20 37 82 73 46 0 46
77 98 110 83 37 25 57 93 80 93 86 57 32 53 28 15 73 88 64 45 57 62 108 199 192 82 73 80 74 85 49 39 37 101 61 30 124 139 56 25 33 9 42 90 76 27 58 81 71 78 44 19 70 42 60 44 93 88 54 52 76 46 72 69 86 184 51 82 78 99 92 36 39 64 57 54 60 39 79 106 144 112 82 121 106 70 111 71 10 43 37 24 47 69 96 141 114 57 35 6
33 34 46 50 39 37 39 33 55 72 67 57 47 65 62 85 63 101 106 108 126 115 113 153 112 85 125 94 8 9 35 97 156 88 29 68 128 73 2 66 76 29 20 84 112 77 105 157 128 94 31 4 47 46 82 80 133 124 97 141 134 35 69 149 250 255 140 131 96 132 78 57 35 35 44 89 93 33 46 104 114 97 60 63 67 81 98 30 0 17 71 64 13 36 104 125 165 67 122 7
54 40 51 73 80 79 58 22 14 24 54 93 126 54 14 18 67 60 20 8 53 87 97 115 135 137 108 48 52 64 105 120 144 138 74 12 18 0 0 11 28 34 49 102 134 126 127 128 101 56 14 0 13 32 69 72 110 82 32 95 97 34 68 125 239 210 128 138 132 133 55 29 39 49 65 107 108 54 34 57 70 78 68 43 33 68 68 37 57 88 147 122 46 75 145 137 116 23 74 0
92 65 61 71 71 74 60 26 5 0 47 119 216 108 71 67 94 84 42 24 65 105 113 116 151 169 98 50 134 106 166 179 202 249 180 82 89 39 50 29 40 60 76 104 104 97 91 66 46 47 60 44 5 17 45 46 70 71 10 31 11 12 62 67 127 128 66 67 92 95 88 37 25 57 62 68 82 92 82 66 89 82 79 54 35 63 43 52 78 172 229 157 58 69 141 174 122 63 40 75
106 124 105 66 30 30 10 36 42 27 27 79 134 75 46 53 79 78 28 17 25 77 137 76 27 101 75 65 130 100 145 102 166 252 195 75 90 23 46 19 6 62 61 16 56 40 34 53 45 72 117 96 27 64 80 57 88 109 86 55 2 9 34 35 61 46 32 64 34 126 113 41 23 75 60 22 59 84 59 33 43 44 31 35 34 27 38 36 78 152 209 161 55 59 99 147 114 136 38 75
99 108 88 60 36 36 12 36 71 63 24 9 47 34 39 43 17 11 17 6 14 74 97 60 5 73 64 72 137 116 116 60 152 234 152 5 33 16 57 24 41 90 87 48 59 48 38 53 47 65 111 113 42 45 69 102 93 79 69 39 39 17 41 21 66 74 68 92 45 110 97 53 87 129 92 19 13 32 39 52 54 48 24 20 24 26 36 27 25 88 152 145 81 82 68 59 32 103 46 87
82 76 53 42 35 37 5 24 61 72 38 8 46 53 72 74 50 24 67 33 16 61 34 17 48 83 65 71 132 152 124 77 135 230 170 39 62 42 75 49 93 131 121 88 51 43 28 33 36 64 104 103 34 21 61 149 120 60 62 40 98 37 56 11 54 78 70 95 54 93 65 47 119 159 122 47 16 23 36 64 84 76 44 37 53 74 91 75 48 87 135 144 113 125 83 39 34 118 54 67
69 50 24 28 35 37 0 11 49 61 48 47 82 56 53 55 24 0 49 26 17 69 45 46 40 38 4 0 48 113 76 52 73 180 172 88 85 12 22 33 42 74 73 61 0 8 1 3 66 126 152 118 56 60 112 220 154 61 64 56 138 51 61 8 41 62 41 81 72 100 46 33 100 133 102 55 27 32 25 37 58 55 23 13 36 71 95 78 60 87 117 112 81 100 65 23 91 150 50 37
