2 7 49 44 31 45 80 27 18 48 30 78 52 52 39 48 34 23 38 38 10 16 41 41 50 50 74 73 78 77 85 56 41 0 26 56 7 26 42 46 20 14 34 71 77 45 16 10 5 12 19 18 10 4 7 14 2 8 17 13 44 29 34 45 81 71 46 43 33 48 44 47 31 38 40 51 65 50 40 59 48 34 13 8 23 33 39 49 60 59 14 0 15 25 89 54 64 0 51 38
1 19 55 35 20 41 89 65 62 82 42 16 26 24 41 53 45 37 42 47 51 69 70 42 38 44 71 78 94 108 107 94 32 8 9 34 26 35 49 54 65 45 49 84 107 88 50 26 6 7 8 8 8 9 14 20 14 15 20 23 37 31 39 51 69 81 81 52 39 40 52 51 47 45 39 46 65 72 67 67 57 43 33 34 40 50 64 76 66 60 41 35 37 11 31 0 69 25 55 28
12 8 30 36 42 45 66 67 96 130 103 40 18 15 41 46 45 30 28 50 78 88 76 60 34 38 57 59 79 101 75 75 56 40 16 6 20 25 58 88 81 61 49 56 62 50 29 15 14 10 5 6 13 22 29 31 30 28 29 39 35 50 60 65 86 95 95 55 55 54 58 35 30 35 46 48 48 58 63 55 44 38 49 52 38 42 56 54 65 50 69 91 95 60 39 16 56 57 53 30
30 28 35 30 42 46 36 35 91 134 83 41 24 43 31 53 44 16 10 42 59 38 34 63 90 79 70 49 54 56 0 0 8 17 60 42 44 37 52 83 104 81 51 26 14 8 6 4 15 13 10 10 17 27 31 31 30 35 33 41 28 70 80 68 72 88 85 56 36 34 28 13 12 1 10 20 17 27 36 24 21 24 40 30 4 22 47 34 12 22 82 98 76 46 30 48 14 45 21 24
38 66 66 21 14 44 32 31 23 47 144 161 35 35 82 66 57 32 23 41 39 7 6 41 57 49 51 55 96 116 86 85 49 40 119 80 51 55 51 74 99 73 39 18 15 16 9 0 5 10 12 11 13 18 18 14 15 30 27 23 13 69 78 51 59 113 129 123 44 33 31 65 84 29 10 35 57 69 63 42 35 41 49 25 5 47 89 77 72 40 59 77 90 94 40 15 28 56 17 44
35 34 40 31 32 54 30 46 43 53 69 37 61 19 22 67 70 60 54 54 51 46 43 40 50 41 43 46 91 92 95 82 46 47 136 119 85 79 30 11 44 37 29 24 22 18 12 7 6 13 15 12 13 16 13 5 9 27 24 9 7 50 62 45 38 99 114 129 42 40 32 76 95 47 29 56 74 62 38 21 30 39 46 32 23 56 82 70 19 20 48 56 41 51 24 23 33 37 0 16
30 4 14 32 40 65 27 40 43 53 101 79 87 19 8 47 67 58 61 60 59 75 79 56 36 27 28 20 49 17 57 28 20 37 47 40 33 51 39 35 43 39 36 33 25 17 21 32 18 20 16 11 17 26 23 12 11 23 25 7 15 25 49 64 71 87 67 80 50 79 61 65 76 63 57 68 73 49 26 25 10 8 10 15 18 20 19 17 0 0 9 36 33 51 35 31 49 37 5 10
27 41 49 9 0 61 38 21 12 17 127 167 93 50 41 38 61 38 45 53 42 54 71 58 38 37 47 41 69 25 100 67 24 71 13 6 10 21 38 50 94 59 26 18 21 22 24 30 28 23 11 6 17 34 32 19 11 16 21 6 21 6 40 86 89 69 21 12 30 81 69 42 61 53 30 26 47 47 37 44 41 16 0 11 24 12 10 30 28 17 12 44 34 42 32 33 48 34 19 13
33 63 59 6 0 47 18 30 11 46 110 145 63 66 58 71 45 25 50 105 76 52 34 30 36 45 52 75 122 57 121 81 62 66 19 22 43 41 57 32 64 45 27 20 17 17 27 40 36 29 20 9 10 27 28 7 15 0 0 12 53 19 5 13 45 19 36 49 21 60 52 11 36 59 23 24 66 43 25 50 55 20 2 20 36 25 19 32 38 37 7 4 0 21 6 0 29 22 27 44
56 55 44 16 16 52 25 52 92 116 140 98 28 48 68 73 56 54 93 148 101 48 27 47 33 42 72 87 125 56 53 36 5 33 41 55 40 67 56 78 121 90 49 22 20 30 33 29 29 26 25 20 23 43 49 33 14 23 36 26 25 0 0 36 42 23 34 38 9 42 42 27 50 74 62 76 76 50 28 27 35 53 38 26 37 24 13 37 59 89 46 8 32 56 31 24 30 16 11 22
28 34 37 23 24 49 44 91 154 140 135 77 28 24 50 76 57 48 67 118 89 50 52 108 106 22 23 66 119 60 12 52 56 59 98 64 32 64 58 118 168 131 71 21 10 24 29 22 29 30 32 26 25 40 48 35 12 22 31 19 18 0 11 34 46 43 45 35 5 28 25 30 65 89 95 125 81 51 20 2 43 87 62 27 53 59 42 56 124 187 141 62 96 102 56 36 33 17 6 10
19 39 50 37 50 76 77 106 112 97 91 69 40 30 23 44 63 50 34 45 18 22 92 205 180 45 2 40 66 33 8 63 53 24 89 50 71 67 50 60 108 86 50 18 5 9 17 20 26 27 30 22 13 21 28 18 9 10 11 14 27 28 22 14 3 25 29 17 11 48 38 40 75 89 78 115 66 42 16 22 67 99 70 19 22 35 29 31 87 144 113 27 56 67 56 44 24 21 20 24
23 22 19 21 57 67 46 44 39 55 50 47 28 62 24 6 68 41 20 57 73 75 62 84 53 24 40 78 51 39 58 62 42 7 48 38 73 56 46 22 29 13 6 14 17 11 11 18 17 19 24 17 6 12 21 15 7 14 18 21 18 24 17 5 34 64 52 20 19 61 31 8 54 63 27 61 41 23 1 35 67 87 91 55 18 30 59 67 1 51 95 75 77 62 49 15 10 25 42 50
40 30 32 48 78 50 31 41 40 38 31 55 38 82 45 29 57 57 55 65 27 8 9 42 57 59 68 93 39 9 62 67 59 53 51 52 9 15 56 88 69 29 3 12 24 19 15 21 23 23 26 20 8 12 21 17 9 10 9 15 1 15 13 3 15 44 37 15 28 86 59 28 38 58 35 68 67 43 8 21 43 47 74 72 41 54 88 87 52 43 78 87 65 58 75 57 13 40 66 73
15 27 43 46 56 13 16 39 60 31 45 84 75 99 81 71 42 28 39 71 35 10 2 16 26 35 60 129 132 58 57 65 26 32 43 59 0 13 59 109 106 64 25 16 23 24 24 26 29 25 25 19 7 11 19 16 15 6 0 15 0 19 15 4 9 28 31 20 20 60 29 0 36 60 64 83 83 81 64 34 34 36 48 46 29 27 31 23 36 0 14 57 45 50 59 51 31 56 75 75
15 43 52 33 44 16 22 24 37 31 77 92 94 125 119 73 46 12 28 85 62 45 41 52 38 52 52 87 138 88 70 95 52 5 15 28 26 43 57 62 50 39 27 23 26 30 29 25 19 14 15 12 4 10 21 19 21 20 22 37 4 15 15 13 13 28 49 56 44 65 33 10 7 17 26 23 22 67 102 53 51 80 84 64 46 29 24 37 76 20 1 50 55 71 68 70 43 61 70 62
14 45 46 23 41 91 94 57 42 55 64 60 71 64 96 99 66 73 54 83 85 82 79 82 59 47 36 32 43 38 90 119 76 30 24 0 28 55 59 26 24 6 22 37 24 25 32 14 17 14 9 6 9 16 19 18 23 25 25 27 18 18 32 25 27 33 58 92 41 26 19 28 51 68 83 77 0 68 90 60 53 76 87 80 45 41 12 33 83 35 5 47 79 64 59 56 44 56 47 18
18 44 48 34 50 92 106 89 56 82 94 68 45 31 97 140 108 58 52 37 55 57 76 82 63 53 43 42 61 49 61 44 11 28 58 35 18 31 40 41 23 17 30 35 21 19 23 13 11 10 9 10 15 23 28 29 8 7 7 9 6 13 34 42 40 54 77 62 49 8 37 84 106 139 161 125 31 56 61 39 19 57 93 96 40 18 7 36 56 29 14 39 72 63 68 58 37 46 34 3
20 28 26 16 19 41 63 73 88 111 118 82 42 14 81 132 76 24 54 41 32 47 65 69 73 54 36 47 96 95 77 21 1 62 97 48 8 34 54 67 22 30 38 35 26 23 25 26 17 16 14 15 18 22 26 29 9 6 10 16 16 18 28 42 53 35 59 94 53 63 97 120 85 80 81 50 33 59 48 23 20 27 53 85 62 59 70 81 75 77 70 51 61 49 69 54 18 36 42 28
30 27 30 33 25 17 28 49 88 92 89 68 48 17 54 77 25 23 53 85 30 68 80 72 67 52 39 48 88 87 89 55 66 123 126 28 15 71 78 33 29 41 40 32 30 25 21 26 26 21 18 19 22 24 29 33 26 14 13 15 22 24 21 38 50 24 37 52 9 20 70 102 48 54 82 52 48 38 38 67 50 48 60 88 59 49 84 87 38 66 69 29 32 35 74 61 6 29 47 46
23 21 37 58 50 24 23 44 60 52 40 25 26 12 50 65 68 71 41 84 45 92 124 88 42 44 47 43 42 17 48 62 66 119 125 25 76 183 192 87 42 42 33 27 28 20 11 13 23 15 12 18 25 30 36 42 36 17 9 1 19 29 16 36 40 41 58 11 105 36 47 64 69 64 91 51 45 14 30 113 87 47 12 54 82 82 87 19 13 41 42 16 31 49 78 54 16 30 39 36
19 14 26 41 30 7 17 48 65 59 40 11 10 11 68 93 127 103 22 44 65 86 125 77 42 31 27 28 33 7 30 39 41 84 95 8 38 149 162 55 49 30 23 31 35 29 24 25 20 7 3 12 21 23 23 25 35 28 30 19 39 44 6 17 26 49 101 88 165 101 81 57 32 0 5 0 27 16 2 64 62 67 37 62 91 98 143 87 41 53 38 42 58 77 72 35 27 38 49 54
27 32 47 52 31 9 22 54 88 82 59 31 38 40 75 73 89 77 5 31 53 48 64 74 87 51 18 15 46 39 49 30 17 60 98 73 34 118 133 84 57 21 21 44 43 36 41 43 20 6 2 15 26 22 12 7 22 31 45 26 44 49 0 5 15 38 96 106 53 58 87 73 23 21 67 66 90 75 24 59 38 72 26 20 47 53 110 50 29 39 19 49 47 63 49 34 27 36 51 64
8 39 80 94 67 30 25 43 87 75 53 46 78 76 65 14 12 41 0 43 16 10 4 104 134 98 46 14 32 34 52 31 22 74 141 180 74 116 110 104 70 23 26 52 40 28 37 38 20 6 6 26 43 38 23 14 5 17 26 0 12 33 0 21 18 10 41 42 57 85 113 75 16 17 52 30 42 54 11 40 34 126 102 64 46 22 90 48 23 39 17 50 14 19 13 32 25 23 24 30
18 47 85 99 73 34 19 26 52 46 30 27 14 40 86 62 62 70 19 51 36 3 0 77 127 78 43 40 0 60 96 69 56 73 107 192 111 100 116 107 52 11 21 32 35 40 36 57 22 4 9 48 8 53 62 44 15 14 22 27 3 48 15 43 34 0 50 51 80 99 124 75 6 11 36 19 5 56 42 50 24 97 89 85 35 22 43 38 37 24 0 19 41 23 29 29 28 26 22 20
66 43 42 66 69 43 26 30 43 39 26 24 16 41 78 51 64 70 11 54 62 40 17 62 64 38 22 24 20 79 118 111 94 80 73 127 74 48 65 71 29 6 34 47 64 57 44 46 40 26 18 31 8 65 92 79 29 31 39 40 11 42 2 21 13 0 60 71 79 59 75 58 28 41 58 35 36 115 111 105 29 62 37 39 43 6 25 46 63 65 33 81 87 81 40 20 16 16 17 19
61 32 24 43 46 33 42 70 65 65 60 57 49 64 78 44 65 87 21 46 59 59 47 45 35 20 11 12 42 69 88 87 115 90 52 74 76 38 46 50 11 24 67 65 65 47 44 50 25 22 19 18 21 73 93 71 44 40 36 29 2 30 4 24 8 5 87 122 125 66 54 62 38 39 36 14 37 137 138 117 37 71 60 47 59 7 52 113 119 127 105 175 116 71 13 43 41 40 41 42
67 67 61 42 20 16 36 60 68 64 58 50 45 57 61 36 104 135 61 46 37 57 85 76 56 36 24 30 32 34 23 10 69 76 48 50 117 92 91 66 0 18 35 32 19 21 17 25 28 21 21 24 50 85 90 59 27 24 19 14 0 24 14 33 15 10 68 103 117 59 32 47 87 68 58 66 93 162 148 124 36 41 23 15 28 13 44 63 69 62 36 108 87 80 37 67 85 81 77 75
77 94 76 27 13 39 50 34 43 33 31 24 24 36 41 38 98 102 46 37 13 16 61 77 85 72 71 92 36 37 20 4 54 94 75 42 125 115 109 49 38 40 0 30 60 100 51 13 27 2 0 0 28 56 63 42 2 9 15 18 9 23 14 21 29 19 39 45 60 32 15 35 45 17 22 62 66 72 51 55 26 5 4 33 19 44 72 62 28 62 51 27 12 48 46 49 78 69 59 54
57 83 63 7 3 49 63 33 17 14 32 39 38 30 18 31 69 45 48 90 73 36 43 63 68 73 86 113 39 45 36 29 67 109 97 44 109 107 122 58 42 97 88 105 94 104 78 74 45 25 23 39 37 60 68 55 17 21 20 15 8 13 13 16 22 25 42 38 46 41 31 44 55 25 28 73 50 27 33 80 68 24 33 68 14 32 53 39 55 46 28 4 65 124 112 73 73 59 41 30
50 69 55 10 0 26 41 29 7 2 29 41 35 14 0 34 25 0 46 89 78 49 30 35 35 45 49 66 43 48 31 22 36 63 76 54 99 99 152 119 72 84 53 64 116 112 74 26 26 39 61 75 19 37 45 33 37 36 23 10 4 7 21 24 7 10 32 39 47 57 44 44 48 21 15 55 37 25 44 87 66 8 10 41 57 106 117 74 36 23 36 36 82 103 96 97 105 88 66 51
40 39 30 18 20 35 44 44 28 7 17 19 14 5 15 81 31 13 58 49 32 54 53 51 50 52 35 41 86 89 54 33 24 32 61 68 88 66 131 122 87 84 56 44 124 105 94 45 24 60 92 92 0 16 33 25 29 33 26 18 16 13 26 24 29 10 14 23 37 61 51 43 38 23 21 70 74 75 70 71 47 27 32 8 42 96 117 70 7 10 30 28 58 80 57 53 107 91 70 57
39 26 5 34 101 81 66 59 39 18 18 0 19 20 50 80 53 95 93 41 5 15 43 64 78 84 81 76 88 103 91 64 42 37 57 65 62 30 56 63 100 138 170 247 154 120 139 108 69 100 97 56 25 46 74 55 70 66 45 17 34 29 37 24 8 1 18 13 15 45 36 33 59 24 40 89 104 121 98 39 21 49 74 62 87 90 91 68 81 109 61 7 54 60 12 26 74 98 52 31
35 53 60 68 88 62 23 19 21 24 40 43 12 29 40 41 36 106 119 61 9 30 43 35 50 63 67 57 53 66 84 95 84 55 37 16 15 21 35 38 131 211 200 255 187 158 162 119 56 68 61 53 44 76 83 109 72 61 42 18 33 25 29 16 20 14 28 18 17 37 28 25 50 64 77 97 67 78 52 17 36 75 106 87 52 86 122 111 114 104 69 28 26 50 23 7 61 99 72 50
49 72 71 51 51 40 20 24 51 40 31 64 4 37 23 2 53 73 74 76 57 82 71 51 34 40 39 24 14 28 61 89 88 50 38 31 31 52 49 78 213 228 116 204 218 163 135 147 76 85 117 28 39 79 116 76 82 50 27 8 33 34 35 21 20 21 38 35 47 57 45 35 71 71 55 77 44 36 22 53 46 45 64 81 44 95 118 91 59 23 34 48 0 42 58 49 82 97 77 63
25 32 15 4 44 48 87 84 55 46 18 59 15 36 23 22 64 40 25 66 83 120 104 83 82 73 56 43 51 73 86 87 86 69 69 56 51 87 56 80 247 246 206 250 142 121 198 232 151 147 90 0 28 59 101 111 70 47 49 28 29 17 13 4 9 22 53 74 111 104 74 43 57 55 35 37 41 27 47 118 150 60 22 80 127 168 136 68 60 60 85 78 0 59 97 90 87 76 70 77
37 42 22 22 72 26 78 40 9 51 32 39 22 23 30 53 38 49 46 54 58 93 88 71 61 49 28 25 54 85 77 48 52 65 65 30 27 84 57 71 255 248 196 255 231 156 153 226 136 118 18 27 27 220 237 120 21 32 85 69 47 27 28 32 14 26 51 78 137 121 92 53 19 64 71 12 44 33 80 131 123 86 70 72 95 92 96 92 83 149 153 82 6 93 106 78 25 30 53 47
1 23 34 50 92 41 89 47 26 77 32 0 6 6 16 20 31 47 57 59 63 46 41 54 41 29 14 19 52 82 75 50 11 26 49 46 36 40 55 134 146 222 229 251 255 224 204 151 91 59 46 110 72 189 200 104 6 0 44 27 22 31 32 25 29 27 20 24 89 85 97 86 55 74 78 9 66 28 66 103 84 77 65 39 82 91 86 54 42 125 128 80 63 110 73 54 63 91 119 55
16 35 55 54 61 58 73 55 77 81 14 1 15 9 11 0 35 27 31 40 79 30 31 74 66 35 10 15 36 50 54 54 32 31 50 70 65 18 60 171 123 255 243 233 227 112 126 88 63 115 101 7 141 253 220 166 96 53 66 25 24 50 42 16 26 36 26 12 63 46 81 92 82 62 56 26 90 27 36 71 32 47 58 42 49 78 78 35 38 115 120 87 107 115 54 46 88 103 133 57
23 32 55 43 30 89 69 70 73 49 7 58 55 30 32 23 16 26 24 0 58 31 55 99 118 59 14 15 25 23 30 49 55 52 32 26 65 58 106 161 91 244 255 244 166 79 251 201 38 109 195 30 46 183 210 191 86 58 85 35 16 40 36 13 9 53 76 68 98 41 54 55 32 49 67 52 95 39 28 46 55 50 58 65 29 72 86 50 55 156 149 60 84 124 84 57 47 42 93 65
37 33 46 41 30 87 72 62 60 40 23 58 81 74 62 44 23 19 18 19 20 26 45 65 83 64 31 0 42 39 48 60 62 18 34 31 0 119 160 141 61 149 196 255 233 190 247 150 95 162 205 88 83 236 190 188 100 167 145 61 69 49 39 45 40 33 76 134 149 68 27 58 22 9 58 89 73 21 25 31 57 80 93 46 33 46 76 64 100 160 160 43 58 92 64 57 19 27 62 53
26 43 40 40 67 87 34 56 80 26 37 28 58 65 51 45 25 28 37 46 43 30 19 15 22 61 61 25 51 86 88 60 1 7 8 62 31 127 138 81 99 82 139 239 255 224 148 39 233 251 154 139 129 166 76 79 37 131 103 30 119 28 48 76 63 41 58 147 92 70 80 66 36 26 47 60 58 12 24 59 59 85 71 25 35 23 43 83 105 140 132 39 37 62 34 35 46 43 62 39
22 31 32 40 75 84 42 87 65 13 80 37 51 54 34 41 24 32 42 48 41 29 21 21 31 46 54 70 72 90 66 34 12 59 70 67 54 43 90 8 92 85 185 214 209 255 236 194 255 244 103 223 198 214 100 170 104 163 155 128 128 90 52 68 65 7 28 58 86 53 66 60 31 41 62 36 25 32 69 69 53 50 44 36 55 22 23 55 52 64 70 39 31 51 26 37 39 43 70 56
34 14 31 35 44 69 72 107 51 15 85 46 37 31 6 10 27 35 40 32 15 7 17 31 45 33 44 95 55 46 22 22 77 132 119 51 37 6 69 5 75 31 212 255 250 204 250 255 110 152 116 129 155 212 133 251 136 185 131 229 182 80 35 14 33 33 39 0 26 56 58 66 15 21 67 53 31 61 116 92 42 6 36 62 54 21 32 28 18 16 41 72 60 62 32 44 10 22 61 55
43 27 37 22 40 60 47 60 92 66 74 58 39 34 23 21 19 26 32 32 29 31 40 48 57 89 108 114 18 19 13 15 99 139 72 36 4 52 37 0 75 119 118 180 94 253 255 131 255 187 222 79 122 247 241 137 203 145 232 252 231 201 212 111 59 0 16 55 46 88 56 56 98 83 98 90 65 16 25 44 49 23 46 58 52 29 47 49 45 31 55 105 86 66 33 41 19 24 49 30
31 53 43 11 75 71 5 16 47 47 24 29 14 0 5 15 21 14 7 11 27 42 44 37 51 90 104 95 8 21 17 8 64 84 48 41 36 85 36 0 26 56 47 81 96 182 246 110 225 255 217 96 127 251 252 255 234 210 253 250 239 202 246 103 91 77 81 255 237 189 146 101 87 118 96 62 82 23 0 45 69 70 46 41 100 77 49 62 49 30 41 80 73 53 44 57 54 60 82 53
18 48 44 6 71 62 9 38 48 41 13 24 52 15 12 18 30 17 0 0 0 10 8 0 14 23 27 46 17 41 35 24 37 43 55 64 79 74 62 57 75 72 64 95 93 23 69 119 219 253 168 179 74 239 219 255 249 255 231 249 235 188 58 115 95 0 251 181 214 134 104 89 55 109 95 34 53 45 33 37 61 72 42 42 124 95 43 52 47 26 20 30 40 28 47 67 63 80 113 90
21 24 43 3 22 28 37 78 120 58 5 11 105 66 27 1 11 20 25 24 26 32 36 34 37 49 45 46 32 63 60 42 59 52 25 69 36 20 12 43 71 50 74 131 180 55 57 229 254 245 232 239 56 255 254 203 255 248 219 248 146 255 245 255 255 75 89 252 66 57 109 108 26 38 69 43 34 62 96 61 29 41 48 50 82 51 38 56 83 61 35 12 21 3 29 47 48 67 103 80
53 40 39 2 24 16 22 76 125 57 31 39 71 50 29 0 8 20 13 15 40 45 35 37 44 36 33 42 55 60 57 52 61 55 21 47 44 0 11 19 32 35 76 115 214 245 151 255 246 253 255 202 100 231 255 168 213 255 244 181 255 99 230 177 105 96 119 155 74 55 148 152 30 1 54 19 30 76 115 62 30 19 37 29 66 40 58 67 96 70 47 4 81 39 36 40 0 23 29 24
88 76 39 22 40 34 7 34 75 40 18 26 27 32 30 26 39 39 26 20 24 14 10 28 19 12 14 25 30 24 18 19 47 35 16 56 57 21 45 56 32 62 130 153 200 242 132 252 255 206 247 215 132 77 255 206 159 224 255 132 66 217 250 252 255 46 51 112 50 39 100 61 18 32 65 28 67 68 55 31 36 53 35 3 78 61 59 84 93 63 42 17 59 48 50 39 4 13 6 0
146 132 48 35 43 37 0 9 30 42 44 57 29 48 54 65 55 49 42 46 48 29 22 39 31 30 36 46 46 34 26 25 33 14 9 49 39 10 37 41 25 80 163 165 164 217 110 224 255 245 243 251 210 118 255 255 232 231 253 232 236 152 254 209 189 190 83 14 14 33 34 26 15 30 44 19 68 56 37 36 36 37 35 7 47 54 72 66 66 51 47 41 39 38 41 29 11 26 41 37
166 129 25 26 68 64 23 0 37 66 82 76 44 57 66 67 43 33 26 31 37 28 18 19 16 25 32 33 37 39 30 17 28 19 31 64 50 41 67 57 27 101 177 161 133 154 73 134 234 249 239 255 253 242 232 255 255 244 88 255 231 245 188 202 253 137 154 26 98 110 107 75 64 38 40 33 54 45 47 40 15 7 24 13 22 28 54 42 35 38 48 44 39 27 46 71 24 20 36 43
54 74 60 54 57 18 38 55 63 76 83 45 31 36 50 30 39 36 29 15 7 9 6 0 26 44 48 39 51 75 69 41 20 26 46 57 37 39 55 30 66 116 132 91 88 138 199 255 248 213 253 253 254 249 232 243 242 246 251 231 255 236 245 255 229 242 150 73 140 252 196 88 59 33 23 36 63 47 46 47 65 63 44 36 68 43 30 52 73 71 60 32 49 6 23 76 110 57 33 38
36 18 25 33 49 22 45 50 51 60 72 36 41 46 54 16 15 34 51 41 23 26 28 12 20 38 39 26 42 73 69 40 12 25 42 35 12 12 14 0 0 39 52 37 56 103 213 246 243 255 255 227 255 247 251 255 255 255 232 255 246 251 240 209 255 241 255 186 95 159 109 49 39 43 5 20 76 52 43 83 62 23 13 50 94 96 101 118 146 141 118 88 116 55 39 75 104 57 28 30
52 9 28 42 18 7 29 50 26 49 66 55 57 75 73 39 0 3 28 39 33 41 46 31 26 35 34 27 36 54 51 34 19 31 49 48 39 38 38 42 41 45 37 33 35 62 112 95 132 252 246 213 252 255 247 255 255 219 192 128 186 235 255 250 202 223 239 233 57 98 107 75 63 66 19 28 58 32 36 81 70 0 0 40 39 44 62 55 87 98 90 83 90 63 41 52 58 51 36 26
68 9 34 68 20 21 17 34 25 52 57 56 39 75 76 59 28 0 0 8 18 38 51 39 29 29 29 28 29 29 27 24 29 32 44 47 43 30 26 52 27 11 22 64 76 102 67 2 18 143 255 243 255 244 249 244 252 254 154 93 204 226 245 239 252 255 232 116 53 50 43 38 32 15 2 30 14 0 31 46 33 11 0 19 30 18 17 47 62 80 73 65 24 37 34 40 57 55 21 0
38 40 24 48 60 13 3 36 38 49 64 35 3 34 62 31 34 37 26 8 8 3 11 26 25 24 12 6 13 14 14 23 40 43 50 55 34 18 24 47 39 0 6 47 57 60 61 43 24 107 218 255 226 255 255 244 224 232 255 248 73 179 255 203 119 99 127 99 77 26 43 28 21 13 36 24 11 11 37 21 29 58 43 0 16 10 17 33 43 71 92 104 19 40 44 41 55 54 42 26
43 55 47 41 70 31 23 17 26 50 69 38 40 25 26 8 18 32 24 13 22 25 21 27 46 38 25 24 28 17 12 23 47 45 46 41 24 21 37 52 34 23 53 75 40 16 36 55 32 65 187 242 239 241 255 249 239 224 238 226 219 158 123 87 64 104 67 24 107 47 11 69 39 71 72 67 16 56 49 25 40 85 77 17 29 26 21 15 28 22 25 54 33 57 44 24 30 43 52 51
53 41 36 38 82 32 30 24 22 38 42 21 80 53 33 22 7 43 47 35 28 27 29 53 40 27 22 40 47 24 10 24 41 37 37 22 10 12 22 16 19 5 31 59 42 27 40 52 41 80 156 182 255 250 232 242 249 255 197 94 235 217 167 100 33 21 97 99 40 0 37 20 27 82 72 14 35 58 50 26 21 61 64 25 36 46 61 70 44 22 10 22 29 32 32 35 22 29 42 52
63 51 35 40 70 43 39 30 1 23 29 20 57 41 21 13 17 43 43 42 24 17 20 55 17 5 12 47 64 38 22 40 47 36 28 5 9 13 20 2 14 24 49 52 24 11 23 33 24 47 54 36 188 228 241 255 255 252 226 184 224 102 37 50 33 51 63 41 44 12 35 79 81 105 103 18 26 16 36 17 13 22 25 20 24 25 44 67 52 37 32 28 42 15 22 48 44 31 29 46
59 90 59 43 40 68 52 10 13 64 99 97 42 36 32 30 30 18 6 36 27 23 9 25 15 3 8 40 58 39 31 52 65 49 32 6 34 37 46 38 27 47 58 39 15 14 17 9 22 15 51 61 141 224 255 246 229 229 173 92 100 68 46 45 24 16 7 0 3 11 48 80 81 86 103 91 31 30 57 66 51 35 31 46 52 56 48 36 25 18 27 36 74 34 20 29 39 24 24 45
44 68 36 45 26 58 38 7 5 46 88 103 21 46 65 64 33 14 18 65 35 36 24 27 23 14 6 16 25 16 16 35 56 54 46 28 73 44 36 46 24 38 33 13 12 24 19 0 22 16 41 61 102 168 220 255 245 180 88 36 103 73 29 9 19 14 25 33 46 68 85 73 81 102 94 80 115 50 14 50 108 84 64 69 76 114 95 42 19 22 33 34 60 28 16 20 29 32 47 66
41 23 0 31 25 28 25 25 18 24 52 76 34 65 93 93 46 39 64 101 31 44 50 43 24 27 18 9 11 9 10 20 34 50 50 36 87 22 5 46 36 54 50 24 5 0 3 10 10 29 34 34 64 46 30 87 55 12 0 19 62 30 15 27 37 1 0 11 44 101 107 53 36 69 61 33 170 88 40 69 111 93 75 66 41 82 79 34 30 48 55 33 25 11 22 37 45 55 72 84
54 25 0 9 18 25 40 32 14 13 41 56 31 24 40 46 70 58 76 100 19 51 61 30 24 42 41 28 28 31 28 27 32 49 41 20 74 2 2 81 84 63 34 29 43 39 22 16 28 19 35 36 68 62 68 100 111 59 60 98 33 14 23 41 37 36 21 4 10 50 58 32 16 26 45 53 87 75 68 59 52 53 69 77 22 40 56 46 20 45 55 37 23 28 44 52 40 43 49 59
82 57 12 17 45 32 32 41 28 28 25 39 16 21 13 16 31 49 60 52 49 64 59 29 11 34 33 26 40 43 33 33 32 36 34 31 67 32 32 71 61 31 23 42 52 44 37 37 27 29 27 21 18 23 32 39 28 40 26 19 34 27 20 43 46 39 19 17 34 30 28 48 39 13 32 70 24 30 41 35 16 37 61 107 53 43 42 86 64 16 36 42 38 45 87 67 55 27 11 19
75 61 21 24 48 43 43 43 39 45 31 16 4 18 26 34 15 20 23 34 62 80 60 27 16 17 14 17 23 18 15 23 26 30 34 32 54 22 21 45 20 23 61 76 44 34 41 24 29 11 8 41 88 102 68 26 26 47 53 49 42 18 3 15 8 24 38 49 44 14 14 51 41 6 15 56 21 17 30 45 60 84 102 114 53 40 47 82 63 27 25 69 14 15 33 70 67 48 36 42
58 63 34 33 43 43 31 14 41 65 58 23 28 31 32 31 17 39 38 34 49 53 41 39 24 5 6 21 18 10 17 30 20 21 33 33 39 26 35 46 18 28 72 67 13 23 56 34 15 14 18 30 48 66 79 86 103 53 5 2 32 50 38 21 19 17 28 54 59 29 17 40 49 28 21 36 16 17 28 45 65 88 103 87 33 19 34 55 41 21 11 53 8 4 14 66 85 79 71 68
71 81 48 37 28 38 31 10 56 80 75 34 49 28 13 4 62 98 81 37 24 20 20 38 32 10 15 28 17 13 24 25 25 21 34 33 24 28 50 54 38 33 40 25 0 21 50 37 15 27 46 60 57 36 11 0 2 21 49 52 26 12 24 37 45 19 6 23 41 35 24 26 39 50 36 14 12 35 42 40 30 20 27 41 56 68 70 57 35 19 21 6 35 26 45 48 62 72 72 61
69 73 30 16 0 23 36 29 10 24 22 4 45 42 47 57 90 113 76 23 23 33 23 18 32 24 29 27 12 16 21 6 31 29 40 40 13 21 40 39 34 32 18 12 24 27 20 21 34 17 6 15 33 46 52 55 30 19 17 13 2 5 20 28 28 20 14 11 10 17 24 24 21 44 34 5 19 44 49 39 28 56 97 97 57 32 55 83 52 32 30 0 52 39 53 26 39 66 81 71
34 40 14 25 0 25 39 40 49 52 37 17 29 21 16 20 50 71 51 21 33 50 36 18 27 36 37 23 16 32 35 16 22 29 44 55 23 26 33 35 36 44 29 30 49 32 10 26 32 25 19 19 21 31 55 80 69 65 56 45 30 16 11 16 16 26 39 36 25 32 35 22 30 36 35 21 38 41 43 36 41 55 81 100 76 66 70 83 50 25 6 4 30 25 19 16 40 73 98 95
29 37 28 65 28 40 45 50 70 84 74 55 34 34 21 10 11 33 46 44 41 40 34 26 28 43 33 12 17 35 39 33 10 24 41 62 36 37 39 52 54 56 47 42 42 30 25 38 16 5 3 14 28 42 63 82 100 97 75 58 54 36 20 28 30 29 47 59 53 52 42 16 36 37 46 34 51 48 50 32 33 55 65 78 41 52 50 59 52 22 0 25 20 25 8 22 31 50 64 60
44 40 23 61 15 21 31 47 84 108 98 73 31 50 43 26 21 25 48 64 50 30 22 18 35 45 22 0 1 14 16 23 9 25 34 58 35 36 38 64 60 50 52 46 28 28 34 26 15 22 33 37 26 19 38 65 84 81 48 31 45 35 20 35 33 25 44 60 46 36 30 14 16 31 50 29 49 66 74 34 11 29 21 40 23 72 66 58 79 43 17 43 40 47 33 31 26 27 21 11
35 14 6 39 22 21 14 30 65 88 70 41 39 46 44 54 22 16 48 64 74 52 52 43 52 69 55 30 25 17 5 9 15 28 41 40 32 31 41 53 49 49 45 39 37 37 33 27 10 18 30 41 36 12 8 32 53 41 42 11 44 23 36 32 26 38 45 51 48 30 14 17 19 22 27 42 70 87 69 39 11 22 8 14 72 113 98 71 111 71 17 20 13 17 18 54 54 36 20 20
16 0 0 42 53 64 44 37 53 65 45 17 36 31 23 29 30 11 21 34 68 68 69 48 54 71 62 44 42 34 20 20 33 30 27 25 27 33 39 42 46 40 31 29 38 45 37 22 12 20 20 18 18 13 10 15 35 36 44 19 49 21 29 34 32 23 17 33 29 24 17 27 45 38 30 34 58 79 70 48 20 34 36 38 57 74 74 69 93 70 31 22 25 30 24 34 47 30 15 13
44 38 40 70 74 73 54 50 63 61 39 12 57 31 13 15 23 14 25 34 74 80 74 46 24 40 41 37 43 42 31 27 14 15 20 28 35 39 39 37 45 37 26 26 42 52 37 12 15 30 32 18 13 19 18 9 27 23 22 14 65 39 25 23 33 15 12 44 23 19 22 49 41 34 25 27 45 59 53 37 23 28 39 36 20 18 30 38 45 66 70 44 37 25 22 19 37 25 16 16
51 41 38 59 64 50 38 50 41 33 21 6 71 35 17 20 36 31 35 37 78 81 67 36 1 12 18 21 29 31 24 18 0 8 21 28 30 33 39 45 34 33 24 19 29 41 30 6 15 35 49 38 21 20 22 14 26 25 17 14 63 41 21 21 10 3 13 50 9 0 4 47 57 47 32 22 24 30 31 28 19 17 30 31 19 33 60 64 14 51 82 59 56 27 19 7 12 9 12 20
106 73 54 69 83 43 9 11 39 29 29 26 93 60 49 53 56 40 26 20 62 60 48 32 43 43 45 44 41 39 35 25 21 19 15 11 13 22 36 45 22 31 25 8 9 30 39 31 23 22 37 42 25 18 21 17 16 35 40 29 46 29 29 49 40 32 36 60 28 9 22 68 105 83 50 21 4 5 21 36 73 68 62 35 6 18 37 28 23 31 48 44 68 45 28 7 0 0 6 16
25 15 22 47 80 44 22 34 39 20 16 15 55 29 21 20 28 28 32 29 51 22 19 38 45 38 40 37 25 23 24 16 34 21 11 15 29 37 34 26 31 47 41 15 13 45 72 77 38 11 17 35 28 22 28 24 13 27 35 32 46 55 65 69 46 30 16 16 25 12 20 51 89 70 45 25 8 2 13 29 46 54 49 18 0 4 23 23 33 30 29 30 47 38 35 38 32 25 19 20
29 39 44 37 62 35 32 52 58 28 19 26 44 42 44 37 15 14 26 44 68 18 9 44 59 51 59 61 48 50 59 54 37 32 32 44 57 54 32 11 37 57 54 29 28 59 79 77 34 10 23 43 29 26 41 40 28 23 24 32 50 83 84 51 33 37 30 13 59 39 34 45 33 21 17 23 23 13 9 14 46 55 47 27 15 10 11 19 37 48 39 30 18 22 31 57 58 46 35 31
63 62 35 0 31 29 34 41 36 5 1 27 49 81 100 96 58 11 0 29 92 53 25 44 52 45 57 63 49 52 66 62 59 60 61 63 60 48 29 16 25 47 49 28 29 50 52 33 11 10 44 58 27 21 45 51 45 38 43 43 38 70 68 20 0 29 48 26 88 51 33 32 18 2 0 15 27 22 15 15 30 33 25 32 50 42 29 41 50 63 40 30 12 27 24 39 44 36 31 35
28 24 15 21 36 36 30 34 30 7 12 29 34 54 83 94 65 35 34 58 11 13 45 85 106 75 26 5 21 35 38 44 34 40 54 46 27 37 46 27 18 30 21 19 39 42 28 27 19 36 52 46 19 3 19 45 57 63 27 15 43 25 0 29 16 1 28 59 40 11 15 27 31 19 16 28 38 34 24 18 30 42 40 33 34 32 27 30 26 22 18 16 17 17 17 16 24 28 32 30
19 45 52 41 38 38 34 35 31 19 25 42 47 46 46 43 21 16 38 69 23 16 34 61 97 102 76 45 38 27 14 19 33 32 37 29 15 28 40 27 12 27 24 21 36 38 33 38 68 54 38 27 20 22 34 48 78 80 45 18 20 6 10 53 64 21 12 41 46 24 16 23 51 25 11 25 43 41 26 16 26 37 37 33 33 27 24 34 21 18 14 11 14 18 16 11 17 22 26 26
29 68 75 47 36 43 40 33 36 42 46 49 44 24 13 19 36 20 25 45 25 26 26 22 72 120 124 95 82 57 30 32 38 30 25 13 2 11 20 14 21 36 37 34 40 43 47 58 59 40 24 23 32 35 31 26 56 48 27 17 19 11 10 26 47 57 44 22 26 43 50 49 21 11 12 26 28 16 12 19 17 25 28 33 33 22 19 34 46 49 44 29 17 16 17 15 17 21 28 33
29 50 40 15 18 37 39 30 40 43 30 25 33 24 16 30 54 33 21 23 20 28 23 5 60 117 124 96 92 72 33 18 32 26 21 14 6 4 9 10 53 57 51 40 31 26 27 34 24 22 25 32 35 28 14 2 8 1 7 21 25 21 15 7 56 103 93 37 17 29 37 39 29 29 39 46 29 1 0 5 3 7 14 28 35 20 13 27 60 67 60 36 14 10 17 23 39 43 51 62
29 33 20 9 22 38 44 49 38 30 9 9 34 37 26 30 19 25 35 27 22 21 22 11 18 57 54 38 62 72 38 9 18 20 24 29 27 18 17 28 6 4 8 16 23 35 50 56 28 31 33 34 31 25 14 6 0 0 20 29 18 17 27 28 22 38 37 35 40 29 23 40 30 22 23 32 33 19 9 9 4 5 11 29 43 32 23 32 49 42 29 17 14 20 27 30 19 20 27 39
28 36 34 30 27 20 24 41 31 44 47 43 35 22 15 21 14 20 26 14 25 25 27 16 0 15 9 6 41 78 66 31 30 30 30 40 44 28 21 38 36 20 17 19 15 19 27 25 32 35 37 38 40 38 29 18 15 12 20 26 22 21 22 15 26 36 41 46 47 34 18 15 17 14 12 13 17 25 35 42 32 31 29 39 52 51 50 61 66 36 13 18 37 46 43 38 25 22 26 37
18 33 39 33 20 1 0 7 30 51 74 66 31 11 13 18 38 27 17 1 31 36 40 28 42 44 41 28 32 63 67 33 55 41 25 32 44 26 17 36 52 32 29 31 19 20 29 24 29 40 48 45 39 35 29 22 24 15 8 14 27 30 15 0 10 38 62 59 52 64 68 53 42 47 41 22 15 30 49 58 56 55 42 32 39 49 65 87 88 53 30 40 51 43 35 36 22 15 17 29
26 44 49 44 40 28 16 16 34 28 39 44 31 32 33 17 29 30 33 16 42 40 53 53 51 54 64 47 23 47 65 38 63 38 9 15 37 26 18 41 60 38 36 33 13 9 18 12 47 63 66 45 18 9 17 27 23 24 14 8 17 23 25 30 17 12 31 45 32 30 38 34 31 30 18 8 26 59 72 63 58 58 36 10 9 28 59 90 75 51 41 47 36 10 7 25 29 21 23 36
28 47 80 70 27 26 41 26 26 3 24 27 37 43 60 28 29 26 43 58 56 63 62 41 31 57 47 51 15 60 63 65 85 56 29 28 31 13 7 24 36 47 30 15 25 17 5 16 38 77 70 40 23 5 0 27 26 34 41 26 16 48 70 52 29 0 22 44 13 17 52 51 38 28 17 10 18 44 53 36 35 55 36 14 32 48 65 97 75 28 10 46 25 18 12 24 25 14 22 36
13 26 46 39 19 29 45 36 24 8 23 27 28 43 65 49 21 21 44 82 104 103 79 49 26 43 29 33 4 48 50 50 80 55 24 16 20 10 7 20 33 25 21 19 17 18 14 1 31 64 67 26 40 20 13 14 38 46 53 40 30 58 81 71 28 6 27 51 40 54 82 79 65 47 35 25 11 9 18 20 35 50 40 29 34 29 44 89 73 35 27 68 74 57 36 34 43 24 23 32
17 35 43 30 17 20 27 27 39 34 37 37 15 33 53 54 29 26 28 51 81 83 64 52 39 46 30 32 7 42 41 38 68 53 25 12 17 19 20 29 37 15 21 28 18 28 30 0 19 50 68 31 76 51 38 13 34 42 50 42 32 45 56 48 25 16 20 26 25 34 40 30 15 9 24 36 14 0 0 16 31 39 37 38 31 5 16 66 56 28 30 72 116 97 68 58 51 28 19 22
41 70 80 63 43 29 25 30 43 49 46 44 6 20 29 37 43 47 24 5 18 28 28 35 36 40 32 37 16 37 36 34 59 60 42 23 24 27 27 31 36 24 26 28 25 35 35 11 20 48 68 52 91 59 33 13 16 23 30 30 28 30 23 9 9 17 16 12 23 33 30 23 17 21 45 56 29 1 6 22 31 32 31 36 29 6 10 46 38 16 16 44 106 88 67 58 55 38 33 36
7 32 43 36 28 18 9 9 22 37 38 42 10 17 15 22 39 60 40 7 13 28 23 17 9 13 18 29 13 22 25 27 48 61 53 33 26 23 16 14 25 38 27 14 24 29 22 25 30 50 53 56 65 30 2 15 29 29 23 23 35 40 25 8 6 27 25 14 25 35 32 29 42 47 56 46 19 11 25 35 31 30 26 28 33 31 32 42 33 16 12 20 67 50 36 31 19 14 21 27
13 17 24 29 33 36 30 19 16 30 36 41 31 29 17 13 26 46 39 22 34 55 47 25 15 12 18 26 12 10 15 21 26 42 40 28 27 24 13 7 18 43 28 7 20 23 18 33 31 41 30 36 36 9 0 42 76 66 36 19 39 53 41 25 13 31 26 8 5 10 7 4 22 34 42 29 10 17 29 26 24 22 18 17 28 44 48 40 31 23 20 24 44 36 28 25 28 30 45 53
25 21 34 38 24 25 28 13 22 27 34 35 51 42 26 10 20 27 34 35 38 54 59 45 44 26 24 26 17 11 22 29 24 31 25 22 33 34 20 12 19 33 29 13 11 22 28 31 28 30 23 16 36 14 23 64 96 86 42 10 31 56 49 37 12 21 21 9 5 13 19 17 24 36 48 38 20 20 21 9 22 19 19 16 18 32 41 34 31 25 22 31 25 34 34 31 30 30 41 47
39 45 73 71 29 19 31 21 15 14 22 21 59 49 36 13 19 22 47 59 41 38 52 54 51 22 14 16 17 17 35 46 49 43 27 24 40 41 23 10 19 16 26 18 0 20 38 20 30 30 32 7 48 20 35 56 78 77 34 1 26 59 58 49 25 23 22 14 6 16 24 18 18 22 31 27 14 17 27 25 29 26 29 26 14 18 29 30 34 24 16 24 0 21 26 23 35 29 33 36
54 50 64 78 31 28 29 25 22 15 30 47 35 17 18 25 19 14 23 36 75 61 41 21 0 19 43 36 8 0 12 19 24 14 16 19 47 30 21 16 13 9 15 17 46 34 30 25 21 23 18 19 23 17 16 30 27 4 6 20 24 37 47 36 18 41 43 34 5 29 36 32 34 25 11 14 30 31 24 25 30 40 32 16 12 16 28 46 45 31 23 3 15 15 31 31 35 31 27 28
38 27 37 61 33 41 43 38 35 33 56 79 67 44 37 37 39 36 41 36 58 47 51 54 69 48 25 6 0 11 28 28 26 18 22 23 48 32 27 25 27 12 13 26 74 71 58 39 15 18 14 15 19 15 15 29 15 14 37 50 34 28 31 21 23 42 41 33 10 39 49 46 29 25 15 18 28 23 10 9 32 40 33 25 29 34 38 47 55 40 29 4 10 2 11 6 10 8 7 9
42 21 17 43 29 42 39 31 32 38 72 103 92 61 42 33 47 40 35 21 39 31 45 56 74 44 17 8 16 38 47 35 29 23 29 28 50 34 34 38 39 23 21 33 82 77 59 36 22 27 23 21 24 19 19 32 25 20 35 39 17 11 21 18 39 50 39 26 2 31 38 31 14 19 20 28 39 31 19 19 36 42 37 35 46 48 41 40 48 38 33 11 19 12 18 10 11 14 18 21
55 28 11 32 23 33 24 18 18 29 70 107 97 61 32 18 40 22 12 5 36 30 29 24 29 22 24 30 37 50 53 40 30 27 34 31 50 35 40 49 37 31 34 37 68 54 45 34 34 40 35 28 28 22 22 32 43 16 10 11 3 11 24 16 49 54 37 20 0 20 21 9 2 13 23 36 47 41 31 35 41 47 42 40 49 47 34 28 32 29 32 16 30 28 36 25 31 40 49 53
