99 0 18 133 29 47 79 123 98 64 69 107 67 100 149 165 139 99 59 39 43 72 88 193 147 54 130 62 16 63 36 19 45 96 69 73 202 155 95 58 33 106 132 125 124 78 71 128 118 35 84 94 22 81 92 27 53 89 51 48 116 72 37 26 49 66 70 91 5 91 20 30 87 72 49 49 38 0 45 9 36 54 89 5 11 62 0 117 122 30 86 19 137 103 117 101 74 62 40 60
67 30 63 65 95 64 98 142 111 48 58 129 58 9 98 166 214 97 78 97 68 82 59 140 123 31 142 149 69 132 142 111 99 91 59 74 100 162 96 43 40 71 129 89 38 68 92 89 41 11 26 0 20 37 46 52 77 97 39 39 52 18 29 62 21 72 93 77 30 118 5 6 63 92 58 73 41 36 34 30 70 120 119 42 35 45 11 92 99 17 53 44 75 72 194 245 164 121 58 49
81 60 89 24 120 84 102 82 65 47 31 93 118 45 64 89 132 30 69 109 62 81 34 68 66 0 88 149 72 111 149 171 186 116 114 173 136 174 90 105 105 46 71 53 29 92 106 94 43 63 104 50 81 35 44 81 85 84 2 25 21 21 63 83 32 50 95 86 47 90 40 157 193 163 83 98 78 75 42 89 106 117 68 83 127 69 28 44 33 0 38 133 86 77 208 249 197 156 88 71
137 157 116 39 124 97 44 46 64 59 78 58 58 44 82 56 107 86 98 66 40 83 84 108 132 47 12 77 131 146 136 178 115 31 38 125 179 144 69 151 226 163 109 84 71 77 75 128 107 31 93 97 36 36 68 30 116 177 98 107 79 79 178 148 45 46 62 94 122 99 63 230 255 154 59 42 60 71 38 64 52 61 11 44 75 14 36 76 46 0 2 101 57 79 171 179 120 114 85 85
54 62 102 104 57 68 76 78 25 57 84 17 76 63 22 38 16 60 34 1 57 81 117 153 118 89 35 64 165 128 46 23 55 33 15 34 83 28 40 145 250 213 108 107 115 85 57 83 60 94 120 137 83 93 65 169 255 227 255 100 80 184 126 118 194 174 185 170 92 67 85 93 100 56 50 62 87 137 84 38 60 102 96 85 61 36 52 60 34 21 25 64 58 85 87 56 63 71 57 64
142 82 35 27 63 90 81 90 75 89 160 55 33 43 32 53 24 73 49 89 166 118 107 122 147 141 92 33 66 75 76 47 60 99 139 193 163 61 67 105 148 104 45 142 165 121 70 33 58 64 92 149 106 163 95 210 234 215 166 31 73 166 137 71 138 238 169 83 72 31 28 83 78 56 72 127 104 147 112 107 128 102 82 64 24 56 58 48 97 110 86 19 16 50 39 35 69 63 28 22
51 45 75 72 91 72 58 57 55 90 130 60 114 145 91 89 25 56 62 126 124 98 85 77 98 91 72 37 46 95 114 77 61 47 88 187 179 83 91 105 89 82 88 181 150 106 74 62 51 50 60 68 85 132 40 214 165 198 124 44 60 83 83 69 104 147 99 89 105 46 16 79 96 59 82 175 149 81 14 41 68 40 71 105 33 78 81 76 117 157 130 38 25 48 39 48 85 80 40 24
28 84 82 60 130 100 38 66 92 81 88 36 53 71 62 75 89 128 163 183 59 84 80 40 19 43 64 76 51 59 36 31 78 87 158 207 194 59 72 109 109 138 125 122 81 104 82 83 69 30 40 33 133 157 14 157 60 120 45 53 74 51 52 77 78 47 78 133 89 26 31 109 104 35 29 90 142 54 22 60 70 61 94 122 21 95 106 72 69 130 120 75 69 82 68 63 112 126 104 87
40 110 88 67 152 120 80 96 135 124 133 80 55 61 82 64 151 201 232 167 27 88 98 39 10 34 79 102 121 63 23 8 53 125 173 250 156 43 73 102 104 112 71 35 40 50 120 117 91 45 30 71 139 93 36 142 106 72 65 128 122 95 54 10 23 120 121 38 115 51 57 140 124 39 2 56 194 53 46 124 103 61 56 47 7 60 72 68 48 40 78 85 70 104 119 99 136 125 113 109
89 147 125 88 142 129 67 114 141 98 74 84 132 173 168 108 150 181 142 39 66 66 39 32 27 40 65 87 90 99 89 64 84 63 94 166 132 51 87 78 58 73 38 51 39 42 71 72 49 24 48 66 62 17 4 105 124 62 58 134 107 57 27 7 24 79 90 74 133 87 89 161 161 87 81 138 136 34 34 63 55 43 50 17 21 35 53 74 81 60 59 61 41 108 130 122 137 91 56 57
187 131 77 76 99 124 40 64 102 61 56 83 51 88 156 127 132 67 49 28 84 41 30 45 61 61 73 80 19 36 84 125 139 74 83 158 52 58 76 37 32 46 12 61 29 28 21 31 33 6 47 59 29 11 23 76 47 33 0 25 41 8 13 96 77 41 92 159 132 61 62 94 100 63 51 120 159 84 31 35 37 93 132 67 96 56 53 69 91 83 85 100 70 126 119 107 95 63 43 53
122 32 24 101 58 80 31 43 102 42 69 147 67 102 220 201 156 35 55 128 88 67 78 85 111 108 123 148 107 61 18 6 54 78 118 169 76 88 39 0 40 46 17 53 20 16 8 22 41 16 41 49 38 44 44 50 36 94 64 56 48 13 11 88 89 140 132 92 101 83 70 92 80 51 79 106 132 59 51 58 35 136 171 62 71 42 50 50 42 47 92 134 120 125 90 66 56 68 76 75
164 80 31 106 69 97 86 91 84 18 5 73 24 63 205 254 174 67 54 135 115 128 121 138 144 159 162 150 150 95 70 89 79 101 94 36 63 44 33 61 35 42 36 37 25 15 21 23 31 37 44 37 39 42 29 28 33 65 81 79 19 30 69 73 80 105 117 93 106 57 42 50 56 71 65 60 157 129 106 137 94 40 40 94 136 51 36 86 54 44 101 124 116 65 34 21 39 49 51 42
255 152 10 18 51 99 82 61 52 88 98 119 72 29 103 210 133 40 74 195 227 152 61 35 41 36 44 81 145 89 73 126 122 95 106 96 71 29 25 41 17 25 45 26 40 23 32 18 15 37 35 30 51 57 42 40 35 56 74 94 50 50 54 28 100 176 134 47 107 78 38 60 34 48 112 133 127 135 114 63 118 201 254 234 150 77 102 154 102 17 27 78 180 174 133 80 57 40 34 43
195 110 65 62 70 92 93 76 51 85 99 81 59 22 57 128 82 0 48 139 169 114 96 115 142 144 136 128 103 26 6 60 110 68 88 164 70 52 47 46 31 25 43 22 44 29 32 16 17 28 25 33 54 65 62 51 37 59 21 16 19 36 43 57 74 84 107 113 90 53 48 60 17 24 64 99 180 159 75 27 61 148 188 171 110 44 72 126 49 11 27 40 82 81 80 82 42 27 20 29
136 25 110 135 78 77 121 111 36 18 53 37 27 40 77 70 42 65 77 50 25 22 53 123 207 225 183 137 115 148 117 72 94 69 28 61 62 43 46 80 67 41 39 19 37 30 29 21 26 29 36 39 26 28 43 31 29 48 31 21 0 33 57 44 37 63 106 118 38 46 74 83 36 14 50 53 184 118 94 134 150 129 114 177 231 127 64 69 82 51 33 13 15 24 18 26 71 74 60 33
120 81 175 179 52 35 97 128 60 39 75 102 84 74 70 57 51 99 122 89 48 6 19 82 148 153 115 67 2 105 138 198 254 232 172 199 89 46 56 43 33 31 28 8 38 38 40 27 27 33 38 33 24 21 29 40 37 43 22 21 51 42 20 36 80 94 105 80 74 57 85 115 69 59 70 60 118 78 112 213 196 97 112 209 237 166 63 41 66 63 59 71 74 79 83 57 62 71 51 64
142 126 173 117 71 5 32 93 70 38 92 174 193 64 10 53 71 50 102 140 99 57 71 107 158 145 119 109 65 70 110 185 218 184 172 250 154 72 41 42 6 20 35 29 54 47 43 30 26 30 29 26 26 32 35 35 31 33 24 16 23 37 46 50 44 56 79 76 79 50 61 84 86 82 85 73 82 93 111 153 99 24 41 104 129 113 62 33 62 67 78 105 71 136 195 153 87 47 17 28
161 134 102 18 50 46 29 38 57 28 44 113 191 69 15 74 56 32 75 97 48 30 53 92 166 180 165 122 76 8 24 58 69 103 162 223 147 81 31 29 11 26 34 22 35 32 36 36 30 29 22 15 25 39 37 23 29 31 38 26 12 41 72 68 33 28 48 62 73 32 32 54 27 45 73 79 23 58 68 84 74 44 62 98 164 215 169 76 58 70 44 65 38 141 230 196 108 69 74 86
35 45 93 107 79 88 39 13 68 35 24 53 86 41 47 78 115 87 74 63 41 37 36 99 164 184 195 172 170 113 66 61 0 30 81 39 97 38 12 26 23 30 24 8 11 12 20 30 35 33 20 7 16 35 31 10 19 31 41 32 24 41 63 68 62 34 34 47 61 18 19 47 25 33 56 67 0 16 26 59 67 74 87 98 145 135 73 12 82 97 33 39 52 87 114 83 37 45 98 105
61 7 62 127 65 43 20 39 15 112 34 37 113 41 0 150 193 144 131 121 58 26 20 114 141 95 118 168 208 177 74 99 186 103 116 191 30 57 21 17 14 24 20 18 18 17 9 13 33 34 22 6 11 28 26 9 9 30 27 24 38 33 33 59 77 44 39 49 64 25 28 57 62 51 39 23 15 33 52 98 87 65 39 78 167 106 46 60 119 104 63 69 96 59 60 30 18 43 88 103
106 36 66 108 128 106 56 34 25 98 35 65 99 66 47 155 165 95 107 98 5 20 28 67 24 24 126 219 233 207 82 123 153 63 70 100 69 35 14 27 22 32 24 29 25 25 8 10 26 30 25 15 18 29 28 18 24 43 30 28 52 39 27 59 52 36 43 54 73 42 46 69 75 97 88 29 44 61 83 121 157 128 53 55 174 134 73 62 86 58 102 124 116 52 58 23 16 29 24 68
13 17 54 45 67 118 97 56 83 136 33 40 111 83 43 110 125 44 39 37 2 86 63 31 76 119 190 182 116 120 84 143 179 76 25 28 62 71 53 21 29 37 22 29 21 27 14 25 23 28 31 32 36 38 33 25 43 56 53 47 53 45 35 42 23 23 36 38 56 41 58 80 108 160 171 95 73 75 80 95 151 176 131 79 148 142 139 111 73 93 191 209 171 102 68 38 129 148 78 126
20 38 62 46 0 99 105 74 111 156 47 59 164 84 19 95 135 98 97 86 42 75 24 46 77 137 191 152 68 72 85 130 161 113 92 81 68 41 35 16 5 21 15 32 26 35 23 37 25 29 37 46 50 46 35 27 44 53 66 58 38 38 32 6 14 19 25 12 27 28 60 88 114 150 164 112 80 90 87 85 65 65 38 4 54 56 96 77 35 95 157 135 116 91 46 72 214 251 129 145
89 108 149 122 48 86 103 58 87 135 87 115 111 69 31 94 138 115 151 155 46 88 91 66 40 42 132 141 74 29 35 38 31 63 66 64 43 25 30 5 16 7 28 37 16 22 40 30 25 17 25 36 27 17 12 7 21 37 26 30 14 24 15 25 22 17 26 17 43 45 61 90 63 83 65 58 83 97 193 246 173 123 121 124 64 51 47 51 17 50 74 19 19 58 52 89 201 146 53 80
63 89 185 163 50 66 136 74 91 73 77 93 82 82 94 155 130 62 101 138 4 51 58 116 118 61 69 28 67 12 45 41 21 35 6 6 25 19 24 28 19 25 54 56 19 11 27 24 13 13 21 25 22 26 25 11 17 30 31 27 0 22 36 40 43 44 23 16 48 57 86 129 61 40 55 72 6 7 111 164 110 51 111 144 89 65 66 57 46 66 59 17 16 95 166 171 141 85 0 30
63 41 142 141 41 0 120 103 83 68 98 87 114 139 129 175 144 72 109 112 0 39 24 82 99 69 39 15 48 33 102 115 70 84 35 14 40 36 26 34 30 22 32 32 13 18 33 29 21 18 11 0 5 35 53 42 17 18 22 25 11 42 49 27 42 46 41 32 20 97 172 122 48 55 109 110 166 84 106 131 21 5 77 61 45 43 43 38 61 56 54 88 94 149 248 231 153 106 25 66
185 103 95 15 113 0 108 114 54 83 169 159 83 36 10 55 112 33 71 57 154 166 123 73 38 32 66 47 97 13 87 36 1 31 23 12 35 52 50 45 27 14 14 17 15 27 41 37 37 26 11 0 2 33 53 45 26 27 18 15 22 39 41 36 35 44 30 22 11 121 215 127 31 38 127 119 175 102 120 97 72 89 89 0 47 82 82 119 138 87 76 131 116 99 170 195 158 124 55 93
66 60 29 28 14 68 122 51 75 61 156 204 70 64 117 153 109 133 15 64 59 159 94 166 149 111 11 68 95 73 74 64 55 45 60 65 53 56 53 34 17 25 39 40 29 25 30 33 37 26 23 23 22 29 31 19 37 53 31 3 13 10 28 76 16 53 20 31 75 90 97 52 14 21 16 73 131 131 78 49 45 88 87 30 104 147 83 55 83 95 145 170 130 61 38 79 157 119 45 81
81 90 74 76 144 35 37 99 134 159 156 116 24 75 87 78 51 152 58 49 59 104 55 117 148 100 0 46 126 64 68 108 53 0 9 37 21 16 19 16 32 34 34 34 34 31 28 28 34 24 26 32 33 39 42 35 39 53 33 7 34 27 34 67 17 50 50 59 110 93 69 10 49 105 82 133 168 120 74 92 131 170 137 82 109 235 185 57 58 152 245 210 171 140 83 118 178 128 44 83
64 101 57 0 62 68 58 64 29 215 231 91 71 130 66 81 33 144 113 60 63 72 39 96 129 107 28 90 70 77 96 143 73 25 35 45 33 30 28 40 41 30 13 14 31 39 34 30 29 27 27 22 24 47 62 55 32 28 32 25 62 75 68 29 58 43 66 38 78 108 147 85 54 26 45 109 109 99 172 99 123 185 130 96 55 195 159 24 24 116 215 190 167 142 61 65 135 99 34 85
26 86 92 32 28 62 60 50 0 174 215 44 50 98 22 72 39 29 49 24 131 96 55 74 113 75 92 142 91 131 175 95 34 42 57 31 21 30 20 34 22 29 27 27 34 32 28 33 20 31 34 19 17 42 52 32 22 12 42 37 56 92 104 26 74 43 57 13 65 52 76 65 110 121 98 148 90 107 176 93 94 156 73 92 16 89 65 42 49 47 87 92 93 73 22 39 73 68 39 107
52 69 70 122 173 0 41 72 68 45 106 14 32 89 49 99 23 38 69 63 105 86 66 71 84 41 66 119 111 117 109 59 10 45 57 35 21 32 27 0 2 6 18 21 16 21 27 21 18 19 25 31 44 66 59 53 30 33 40 50 52 76 115 25 82 69 71 0 84 44 38 28 82 136 113 182 164 96 77 55 98 155 63 43 88 60 20 76 124 61 57 53 43 90 53 45 72 55 59 132
74 49 51 90 95 0 53 55 32 0 79 44 56 153 135 137 69 95 85 60 69 77 113 75 63 55 51 43 98 53 39 83 63 30 58 67 63 43 26 14 1 7 21 26 19 21 22 13 3 1 16 45 74 85 66 49 31 51 48 33 39 95 68 16 131 96 37 32 51 50 80 68 60 66 67 146 142 69 46 50 75 77 71 58 141 102 25 66 130 101 75 30 27 96 73 64 56 32 28 94
60 48 72 61 0 59 116 54 12 8 74 77 56 97 110 120 38 51 24 59 71 74 130 65 65 50 73 39 127 80 68 95 70 17 30 32 44 46 37 21 27 31 41 43 35 38 42 34 44 40 51 71 89 76 55 34 47 87 60 22 51 101 16 72 104 108 36 63 38 7 63 79 176 169 66 59 105 100 33 99 71 6 110 149 105 117 32 38 85 86 58 7 32 123 103 62 64 27 1 52
80 107 134 174 122 59 0 96 84 109 61 99 102 31 91 104 64 62 18 78 109 111 117 39 44 54 102 22 61 48 90 126 92 76 37 32 36 36 28 23 36 37 44 46 44 57 72 72 41 65 92 101 103 72 59 35 88 111 107 69 84 116 32 65 118 110 27 45 134 98 136 145 145 124 48 107 156 133 17 144 142 23 156 195 65 64 40 78 111 61 39 44 68 116 119 94 135 88 45 79
85 149 185 144 49 68 62 141 73 0 31 10 71 87 44 102 111 117 54 60 98 149 115 60 75 107 133 61 70 38 32 47 26 61 0 38 46 21 15 54 59 55 56 48 37 41 50 47 89 97 78 38 36 38 91 97 40 24 53 26 43 94 111 72 10 64 109 111 168 133 189 236 175 124 127 143 108 86 67 145 198 71 128 96 83 26 62 121 125 32 24 64 41 38 119 165 108 72 35 68
210 137 47 22 78 120 93 106 67 55 93 98 84 66 75 37 73 74 25 23 42 105 69 86 114 66 71 73 73 75 97 63 45 102 33 42 38 14 4 38 74 73 75 66 48 43 41 31 46 60 54 31 48 49 114 116 65 72 81 33 71 33 82 116 128 79 86 67 54 100 154 168 94 91 135 70 71 60 120 108 172 93 68 39 87 110 129 80 43 78 157 184 103 49 107 105 28 16 7 53
117 27 40 98 152 115 130 85 36 92 142 166 104 102 106 73 101 91 69 94 61 90 54 93 114 74 129 172 124 97 142 58 42 62 48 17 28 34 29 38 51 55 65 67 58 60 63 55 81 84 69 40 37 2 72 87 42 102 126 67 122 38 63 142 124 52 56 72 46 117 154 144 90 77 86 67 117 67 146 145 133 93 41 83 93 163 141 52 72 159 200 158 73 11 53 33 29 39 53 106
62 34 40 56 142 66 102 67 51 92 69 104 80 112 60 60 72 80 71 93 22 52 19 12 46 61 98 135 151 117 144 56 85 25 78 59 82 65 48 57 57 55 57 49 34 32 33 25 17 34 51 50 50 0 85 127 99 126 162 61 76 93 147 134 78 78 110 100 39 33 73 106 75 82 97 144 138 122 210 167 114 64 15 89 116 76 48 77 112 154 141 124 90 0 14 31 16 35 55 106
147 115 97 92 170 60 109 163 160 149 62 100 61 86 42 37 52 61 66 93 0 55 34 45 60 51 45 65 88 53 125 143 190 68 126 145 66 84 64 42 56 60 84 49 41 35 43 29 14 30 38 49 111 102 193 255 203 200 153 53 35 98 200 245 194 130 134 111 93 104 100 94 91 95 141 226 89 120 100 136 102 21 49 37 67 40 43 50 70 91 106 180 93 3 38 47 67 86 103 174
132 82 111 226 153 75 116 221 229 154 96 119 48 78 47 0 37 67 69 80 82 84 38 104 109 20 43 58 43 25 85 221 235 122 103 81 70 58 30 45 65 110 83 97 78 83 82 33 54 57 67 72 120 128 176 171 168 151 148 113 107 68 150 255 245 221 144 116 47 124 55 3 0 88 86 85 99 119 0 82 81 59 68 0 61 27 24 49 93 138 138 83 131 48 35 67 63 118 157 210
123 48 21 63 70 28 46 160 135 64 35 28 44 52 16 6 25 69 66 62 90 84 0 53 79 3 37 52 77 95 78 185 174 83 74 94 93 58 29 24 43 95 107 70 21 38 27 40 28 40 76 49 43 115 83 48 64 91 177 229 204 132 164 238 252 222 176 109 51 115 130 73 122 214 184 188 86 60 9 71 77 79 60 54 42 34 9 33 117 198 117 8 108 33 59 68 65 64 42 54
23 40 52 3 102 89 66 118 105 18 47 26 60 79 54 15 72 124 120 88 31 105 68 81 112 113 56 14 146 154 69 115 87 115 120 155 97 81 39 28 68 74 74 29 44 35 26 32 45 115 108 87 43 114 103 62 117 105 157 243 245 255 255 229 236 255 216 122 70 111 127 116 186 122 51 84 71 79 86 104 13 70 30 114 79 87 29 0 54 92 87 80 54 0 75 115 72 67 62 79
105 51 33 19 55 129 102 94 59 46 46 33 96 191 106 59 77 138 156 107 2 90 116 107 71 92 168 96 66 19 30 41 0 126 77 109 55 97 40 91 6 53 0 26 71 8 51 26 45 136 100 139 157 146 221 172 47 139 246 255 249 232 248 251 83 197 246 130 250 230 219 177 127 0 90 39 22 50 48 50 19 153 62 54 59 65 81 62 90 255 255 83 37 74 38 172 142 134 123 117
46 0 65 146 138 123 67 76 110 76 65 96 71 255 173 45 78 87 83 68 52 94 155 148 37 65 109 11 89 82 54 58 82 91 17 117 83 101 15 61 1 94 47 61 52 24 63 103 111 114 180 208 255 220 235 213 195 255 255 153 225 237 255 246 207 250 255 225 235 254 185 164 133 121 129 22 0 77 52 120 2 106 39 80 77 98 110 81 131 182 165 53 0 26 44 167 255 235 170 79
107 59 54 62 144 81 36 81 155 155 87 100 147 255 168 134 250 154 57 76 84 76 135 121 7 57 105 86 215 249 197 64 120 41 43 181 193 174 105 100 130 172 121 36 46 105 74 112 82 54 202 215 212 255 243 255 230 255 246 185 255 255 200 93 245 209 255 248 247 196 99 94 95 124 91 73 34 116 100 134 53 91 79 117 6 14 35 83 118 139 81 88 51 43 83 115 237 255 246 139
56 105 87 27 109 80 60 115 202 184 91 50 152 129 41 100 228 110 9 104 67 44 87 50 30 84 89 151 251 255 245 23 43 52 112 148 204 180 143 128 239 255 173 28 87 150 124 84 102 141 200 220 79 205 255 253 255 224 226 255 216 244 252 227 255 249 205 150 213 171 12 85 87 74 61 52 222 224 127 199 122 71 47 30 70 96 61 82 114 71 49 127 28 15 34 79 210 241 253 187
127 56 39 93 42 76 106 118 158 162 98 34 72 84 78 44 19 91 107 99 25 76 79 20 123 126 19 92 232 199 207 45 56 75 174 20 45 29 59 43 127 149 146 85 68 0 23 54 150 151 83 162 132 236 248 236 255 246 238 255 247 195 255 63 244 204 245 127 36 133 62 68 70 127 77 38 175 164 73 148 123 87 62 16 79 100 56 47 57 26 24 94 77 28 16 117 179 213 127 88
165 55 40 82 19 86 96 50 72 59 61 54 91 69 123 93 62 118 123 81 50 114 56 24 133 158 57 106 105 98 248 202 154 69 208 107 53 94 139 57 87 41 180 217 207 145 131 68 192 254 178 255 165 227 238 222 255 255 234 253 227 208 253 239 217 229 231 19 66 183 81 58 91 88 98 126 55 68 40 82 84 61 95 122 35 53 33 38 38 2 17 71 102 116 109 145 95 129 20 60
6 73 127 98 77 86 51 20 4 36 69 106 99 6 53 119 115 101 16 88 94 139 69 2 83 135 141 111 78 105 255 255 206 83 229 175 224 255 241 241 196 152 212 248 233 246 126 80 157 222 249 243 188 255 252 236 227 226 247 255 249 131 176 66 104 26 109 23 100 126 58 45 73 22 72 117 130 118 121 100 85 75 62 79 137 86 79 114 76 43 43 45 41 79 159 114 50 80 121 242
69 50 49 65 172 124 82 44 55 46 102 160 59 67 79 34 51 33 21 183 82 78 72 98 66 95 157 5 161 227 213 185 243 248 247 232 255 234 245 255 247 160 64 78 141 222 119 161 213 176 201 247 242 244 230 255 255 254 255 247 249 163 129 97 90 14 47 49 23 126 75 0 114 56 70 59 169 109 113 73 83 154 87 108 104 4 21 77 51 37 57 103 111 104 221 112 80 176 155 177
65 179 114 40 120 87 96 132 61 0 42 129 81 125 142 181 127 19 35 96 43 86 84 170 73 57 229 94 181 243 255 240 231 255 253 18 235 255 248 231 234 110 61 64 89 75 130 229 244 255 155 255 231 255 255 224 220 240 225 242 196 64 196 246 206 103 99 70 101 47 99 106 40 37 73 125 134 60 40 4 149 180 24 158 9 71 149 115 74 76 109 148 186 78 117 103 176 47 0 209
77 152 150 145 73 61 94 87 106 105 59 24 107 144 58 19 22 7 42 32 110 113 132 154 133 166 172 131 190 156 192 250 240 206 253 255 204 247 253 255 255 240 247 247 168 95 176 255 255 246 161 255 250 236 245 251 255 231 164 98 207 125 132 232 238 212 93 68 7 19 31 78 105 77 44 93 109 46 33 10 149 250 141 172 91 90 199 145 110 119 139 121 247 150 105 217 249 64 82 99
73 145 143 83 65 131 120 68 63 29 56 120 128 86 77 36 74 95 48 30 135 69 129 76 145 202 107 178 156 112 232 255 252 224 255 230 110 255 240 250 204 255 229 250 222 223 218 247 247 249 255 233 235 228 236 249 243 194 86 86 60 115 97 160 182 144 69 58 37 101 89 78 173 167 105 75 195 116 121 80 90 239 158 10 62 0 71 63 36 100 103 31 181 169 109 126 184 31 125 61
98 120 161 45 56 118 162 182 191 89 44 168 106 20 102 168 168 121 62 79 135 79 129 97 152 201 94 219 173 139 227 105 252 255 236 246 134 221 255 254 229 255 250 241 255 254 248 253 238 255 245 255 219 177 207 250 176 47 60 111 65 132 24 42 2 32 104 121 113 111 57 61 119 183 138 15 81 7 73 44 128 255 195 99 48 63 86 60 52 237 252 96 110 138 181 73 44 150 106 105
25 24 31 0 24 44 54 119 188 105 41 110 141 88 212 221 166 106 83 170 79 16 37 55 25 32 32 48 72 81 146 48 242 251 247 255 225 248 255 248 241 198 253 252 254 246 236 236 247 255 246 255 248 205 204 244 178 73 94 156 40 74 112 186 163 60 130 11 127 88 52 66 58 123 225 43 78 101 60 53 111 153 63 36 54 9 64 39 56 244 255 85 38 105 227 182 70 119 53 66
108 57 84 44 14 67 69 1 38 34 34 50 118 125 209 203 97 125 142 138 47 50 39 83 37 26 73 46 12 42 130 87 241 219 207 201 255 187 236 239 230 133 220 200 238 255 247 233 255 247 255 255 147 59 65 135 105 90 117 73 118 58 173 148 81 26 134 65 163 118 93 148 96 127 208 46 23 45 56 67 132 146 119 158 101 19 53 90 90 186 195 89 9 76 143 255 156 28 117 69
154 81 69 17 84 144 170 131 69 70 72 8 66 55 93 138 65 82 129 80 0 68 22 51 81 61 82 90 127 114 39 45 75 66 152 201 182 153 234 255 239 237 255 255 233 240 254 255 255 198 209 144 163 48 55 124 149 212 208 138 41 91 214 148 37 30 77 49 113 127 58 123 144 62 88 41 17 13 48 83 118 144 209 160 83 8 72 102 103 91 70 93 82 80 81 243 167 159 210 155
111 72 87 59 188 107 64 60 75 43 71 98 209 117 79 153 103 84 153 115 36 158 113 65 170 164 111 156 89 135 0 20 46 51 122 130 252 234 228 255 207 255 232 253 255 246 238 219 228 125 141 42 84 14 47 72 51 145 174 76 93 209 195 120 70 171 77 67 45 166 10 117 205 82 57 82 58 27 65 128 56 110 192 81 31 46 113 128 125 140 63 55 96 34 81 154 138 245 160 93
115 62 88 95 171 109 86 65 124 219 217 102 139 119 127 136 111 11 62 138 77 67 53 91 159 200 158 46 49 73 59 93 64 91 125 224 255 247 219 255 255 245 250 214 230 252 255 255 255 255 188 72 59 20 9 143 116 12 69 69 168 128 50 75 75 80 141 53 10 68 83 39 54 33 27 56 33 21 74 159 194 154 115 90 27 62 60 148 187 134 22 46 137 26 94 142 226 178 132 22
69 109 141 115 64 72 120 156 143 165 115 51 85 70 80 67 45 32 24 43 49 53 93 136 148 129 118 119 0 109 170 169 64 11 23 156 254 196 255 229 252 227 216 255 221 255 195 110 60 59 74 79 77 80 73 126 129 49 68 37 48 85 84 95 61 63 86 55 84 123 83 32 13 34 44 91 93 67 64 114 166 158 97 57 22 67 17 3 95 172 184 138 139 85 80 52 138 82 129 58
95 116 81 53 80 105 124 150 156 154 112 56 44 60 77 49 33 46 31 34 84 95 196 255 121 59 59 85 17 40 89 157 90 76 128 201 18 61 227 238 223 255 224 255 164 154 115 71 63 35 14 6 54 91 112 109 65 69 81 18 77 100 84 114 125 67 57 51 118 146 104 30 34 37 54 116 147 132 95 98 85 64 119 209 211 132 124 130 77 77 85 36 45 71 77 63 97 142 173 172
33 38 63 62 123 55 62 80 49 58 65 34 28 115 145 100 38 57 88 78 87 82 210 251 145 41 46 73 97 78 70 121 43 100 128 135 54 232 251 255 255 254 250 129 147 73 23 45 84 96 103 107 21 107 160 119 45 48 138 144 116 146 87 112 151 100 61 45 39 88 81 50 44 65 83 75 67 88 80 65 0 24 92 202 142 106 177 210 87 43 60 41 72 80 105 72 76 42 27 22
6 62 68 96 63 125 187 200 122 54 69 88 32 122 157 67 28 35 81 74 34 50 129 201 148 116 81 81 54 108 104 132 26 82 103 36 105 241 226 199 189 200 240 81 106 53 28 74 114 118 92 92 22 55 100 79 20 47 99 148 80 146 67 56 90 62 54 42 2 42 53 23 66 51 64 57 58 54 81 66 47 41 71 110 66 95 207 204 101 165 252 126 88 81 36 13 53 40 52 121
101 70 61 54 19 53 110 151 73 37 30 11 95 106 91 46 28 30 43 28 27 37 51 106 181 135 109 63 32 77 76 94 74 180 108 63 116 56 177 211 243 255 210 156 30 32 77 104 106 68 43 43 41 0 46 40 31 72 43 39 41 126 83 61 57 64 84 97 66 89 59 32 58 87 75 77 9 73 114 127 96 61 38 28 124 104 195 218 149 200 244 166 255 247 94 85 47 38 4 95
72 53 105 97 68 77 73 60 62 85 99 51 136 74 38 56 52 42 50 65 105 96 54 125 175 108 55 96 121 99 0 33 56 146 91 68 117 0 65 161 241 240 102 100 41 75 70 71 49 55 45 94 110 64 97 93 77 127 80 68 89 82 89 151 95 73 125 192 56 117 101 62 41 50 54 46 28 47 96 88 38 15 18 31 71 34 138 217 127 113 146 97 194 223 110 86 117 104 3 64
112 83 102 93 59 79 82 58 8 61 141 131 97 68 70 115 88 42 60 124 167 130 51 118 230 95 8 119 48 41 2 43 87 56 37 120 173 108 25 118 177 199 213 126 61 61 98 149 146 119 91 28 67 63 111 61 25 84 116 130 121 9 27 151 137 71 136 174 38 101 132 57 49 27 15 35 94 59 59 28 68 108 146 151 18 139 223 148 6 42 109 122 211 250 201 165 115 128 42 37
137 85 46 89 56 57 54 39 37 51 131 121 22 38 54 64 32 97 127 95 130 255 215 138 242 182 58 119 69 57 27 16 31 103 100 144 106 135 116 114 151 144 125 31 119 145 89 111 126 114 82 114 104 201 152 95 68 79 126 123 112 22 6 60 63 45 94 43 43 75 118 12 53 94 10 68 96 157 130 138 10 181 117 56 70 163 79 36 50 52 145 247 249 247 255 142 25 57 62 33
116 75 0 42 44 93 119 116 61 49 114 79 51 93 125 129 88 99 108 105 81 173 222 231 252 153 83 103 98 109 168 80 90 70 47 131 139 118 118 114 78 83 82 64 22 65 52 33 30 32 110 194 234 208 142 90 54 91 185 189 113 28 14 47 100 158 144 77 43 87 110 10 71 164 66 49 14 114 148 172 41 121 66 48 219 198 67 39 11 47 54 176 218 148 175 155 62 50 86 80
24 36 10 16 28 79 95 99 36 17 66 16 38 78 104 121 102 84 73 117 68 99 183 255 158 99 69 42 87 24 41 33 74 72 53 91 151 94 37 51 111 136 79 75 80 74 15 10 50 64 71 149 210 148 133 145 121 71 47 81 48 32 52 68 181 255 170 146 72 80 88 45 26 74 86 54 58 69 180 164 43 50 0 5 192 184 71 26 12 42 64 187 168 62 109 122 71 31 37 60
89 108 134 107 81 53 33 74 63 28 61 23 32 71 67 78 112 84 51 131 92 60 82 130 87 36 55 66 152 116 72 73 142 212 135 166 244 136 37 48 100 89 52 16 128 94 38 55 84 99 60 66 237 131 173 151 152 129 57 86 34 21 49 46 179 243 139 143 232 145 157 188 98 59 151 193 222 116 206 139 128 66 43 101 69 87 76 99 51 97 130 221 168 43 62 83 31 29 29 66
38 93 111 103 150 90 71 138 131 55 61 55 123 109 80 108 178 148 84 94 70 49 3 69 141 139 50 84 68 87 104 38 52 136 79 105 183 112 63 74 79 21 58 98 17 66 84 69 80 58 33 83 58 51 184 224 247 219 78 31 38 10 20 36 125 121 50 131 230 141 163 223 143 130 243 252 212 85 148 83 132 108 157 242 101 100 108 153 121 139 153 242 139 35 65 66 35 64 71 89
24 74 105 59 144 89 117 233 170 34 27 57 93 79 68 116 207 198 139 83 34 86 58 116 255 221 49 63 34 75 68 56 131 199 135 102 140 94 66 66 86 79 76 93 26 41 20 55 54 37 55 80 86 55 78 62 92 112 96 91 73 33 7 61 84 37 16 70 144 66 104 106 117 213 223 112 67 66 82 80 134 80 164 248 189 140 60 132 125 164 111 170 162 111 121 88 48 93 94 101
0 35 87 35 68 55 68 148 121 34 61 43 44 4 17 76 120 150 152 76 25 122 117 157 236 170 65 71 39 10 30 68 149 192 127 111 172 105 42 78 98 108 64 0 73 48 17 50 92 76 60 55 58 56 51 136 137 66 73 99 110 83 26 108 91 31 112 104 76 43 144 83 79 223 178 67 34 138 93 127 168 71 178 177 130 124 31 61 122 131 56 138 168 113 148 128 54 102 94 98
58 90 162 161 31 46 29 99 131 113 153 50 62 25 25 29 65 107 159 105 67 106 100 88 100 109 125 153 91 51 57 61 99 60 10 71 17 26 0 36 69 67 68 48 26 76 95 64 80 57 69 147 51 40 24 144 153 42 72 106 164 150 98 142 115 110 209 121 35 38 125 68 86 175 116 134 28 124 29 81 143 67 110 54 66 120 37 74 108 71 20 125 145 87 170 147 75 116 104 118
57 54 96 164 32 55 2 89 140 143 210 108 45 31 58 63 39 61 109 93 126 134 154 86 85 92 85 229 148 77 7 81 105 76 115 41 76 1 72 78 137 92 81 0 61 53 110 69 86 95 83 106 32 181 183 62 67 33 122 108 119 85 116 155 80 118 166 87 51 83 96 86 45 43 104 82 105 39 90 122 165 32 73 110 53 102 70 46 110 84 18 64 110 91 176 118 90 120 84 73
156 151 86 58 19 52 22 136 106 75 181 183 42 30 81 132 105 84 71 43 111 121 151 56 104 192 132 153 124 104 50 75 47 31 89 101 58 45 107 58 105 71 77 48 0 0 96 111 86 100 72 101 147 218 244 177 162 23 34 33 65 24 65 79 38 32 88 96 59 129 140 129 114 122 124 87 77 18 31 63 74 44 70 152 96 106 86 89 150 149 63 40 104 66 119 98 120 139 80 36
70 134 95 46 50 38 24 147 134 44 120 174 137 101 98 130 107 73 48 28 79 93 102 44 80 131 109 96 94 31 57 46 37 68 52 39 77 83 132 103 59 61 108 84 110 82 168 163 107 123 38 11 128 174 207 217 213 31 21 39 28 0 22 71 69 36 74 90 28 98 110 81 63 78 105 59 52 42 34 59 53 67 93 146 56 83 108 72 97 91 56 40 86 0 39 70 88 95 66 70
178 145 59 62 79 39 26 152 137 58 96 86 174 94 53 77 59 39 53 66 83 84 60 57 42 38 65 139 88 22 71 8 80 162 107 21 62 113 181 119 70 60 111 89 38 68 177 121 54 141 144 57 0 50 180 255 255 73 36 36 16 43 37 43 137 152 107 57 51 95 52 45 48 51 131 97 33 53 46 86 41 66 47 80 64 105 122 98 68 49 93 118 150 69 117 128 75 68 83 163
175 144 49 65 71 63 101 127 66 40 66 71 90 20 26 75 80 66 73 41 99 87 84 80 31 18 95 159 148 46 94 15 124 202 163 65 68 117 165 137 68 107 103 70 43 67 136 76 29 142 186 96 123 120 160 170 164 41 83 77 21 118 57 37 114 153 89 55 30 67 70 68 73 70 87 47 92 91 92 160 118 82 51 80 36 90 123 107 74 82 112 114 129 76 137 196 132 78 54 107
54 31 46 142 108 93 77 61 38 49 84 54 24 0 42 95 127 126 94 75 52 92 68 43 22 97 166 121 120 60 88 2 68 100 133 91 65 90 82 99 47 85 72 45 78 63 114 87 47 68 126 150 189 144 120 35 22 16 154 109 68 125 93 54 61 81 57 57 58 54 35 61 83 19 43 48 113 101 129 170 128 107 81 97 143 97 78 80 71 113 179 185 96 37 72 86 89 56 58 91
76 73 84 87 129 59 22 27 38 80 64 25 42 36 48 93 85 135 148 116 39 70 49 46 40 85 178 103 45 28 97 49 111 55 159 81 95 63 42 74 25 67 59 56 33 0 37 53 56 90 93 138 51 65 106 93 82 54 124 37 59 117 123 82 65 34 60 108 123 73 39 109 108 55 80 82 57 45 75 58 76 76 92 106 223 156 126 93 57 126 232 255 114 73 79 37 27 93 99 86
79 151 138 39 60 32 67 65 31 26 33 54 48 54 78 78 83 103 110 16 60 44 15 77 13 33 155 142 65 67 121 131 196 114 202 98 144 94 49 64 24 90 87 100 15 69 116 67 65 90 50 77 142 95 90 58 43 30 98 29 52 25 79 111 134 61 61 123 42 33 21 167 191 85 73 58 48 61 114 32 75 79 119 98 122 112 161 119 27 53 113 149 41 60 95 55 19 68 66 66
94 243 111 38 34 40 28 51 43 58 39 52 51 30 97 206 142 24 123 92 138 106 73 27 46 88 141 130 99 125 93 140 200 132 95 30 51 63 31 85 15 39 69 148 61 56 129 153 89 36 16 136 128 108 103 30 171 152 5 113 16 107 33 124 110 33 162 108 103 17 74 124 141 100 45 131 0 77 81 93 93 64 92 134 82 76 92 49 33 16 26 56 48 91 149 138 69 26 98 216
55 68 19 135 80 25 54 57 79 30 38 76 39 25 130 177 177 186 249 203 182 95 16 44 121 122 124 117 104 140 75 111 111 76 52 56 90 64 50 78 27 37 39 67 145 161 187 98 48 43 35 43 137 69 66 15 132 152 18 103 41 96 50 98 95 65 133 115 113 133 105 77 63 72 120 104 87 87 128 124 117 36 5 114 74 50 49 97 88 56 34 44 78 85 121 124 97 28 42 105
104 23 0 190 248 131 87 74 53 13 1 28 61 58 104 63 24 176 219 217 117 79 47 61 79 81 119 136 140 147 90 110 99 40 45 56 107 66 101 76 115 95 113 116 170 95 109 17 101 121 91 34 15 32 64 38 93 164 58 62 18 47 60 63 75 67 81 81 133 147 45 0 55 125 175 51 56 35 71 101 111 78 100 219 172 101 110 199 194 136 62 31 41 28 51 63 43 46 48 72
54 79 70 173 110 57 61 127 133 61 18 0 15 88 202 126 5 132 53 65 3 78 100 24 14 93 123 79 127 109 54 107 142 65 55 87 96 108 134 65 110 93 172 208 172 77 130 65 229 182 171 94 25 30 79 23 47 145 83 28 28 35 114 91 85 81 46 46 115 111 32 61 86 117 113 25 104 98 57 86 83 55 112 212 198 147 160 171 192 132 54 32 32 29 43 48 18 15 73 156
38 90 110 146 69 22 26 85 105 81 71 50 24 84 221 209 102 177 24 64 47 121 143 78 67 120 106 59 47 65 32 82 108 85 102 119 112 129 147 57 62 16 130 181 80 69 193 85 116 9 47 54 74 68 62 40 39 80 112 51 71 96 222 156 123 112 24 32 72 127 206 122 47 61 28 84 44 87 89 82 76 52 60 98 113 98 78 69 76 92 49 30 71 82 103 73 43 41 109 187
82 96 66 87 85 65 41 87 105 96 96 114 71 53 152 121 103 185 88 123 116 149 200 202 137 46 38 59 39 100 53 65 61 7 79 138 114 136 146 91 40 36 96 162 85 123 228 95 80 57 80 57 103 82 124 152 123 103 90 65 46 68 174 143 106 118 34 29 39 114 214 82 0 68 65 51 16 62 66 55 62 67 65 65 113 118 84 38 43 82 75 50 48 65 68 68 75 64 109 103
84 58 45 23 0 44 110 158 185 174 128 100 23 0 94 77 120 99 16 48 114 174 252 230 101 0 30 104 85 142 61 53 92 55 87 92 106 175 147 114 66 100 103 96 79 29 55 27 86 107 65 37 93 68 122 221 203 96 38 69 31 41 93 75 69 96 78 36 36 60 50 47 68 52 62 68 96 132 130 101 75 43 29 57 125 110 76 61 81 91 87 73 43 42 26 56 63 64 52 24
85 88 108 105 114 119 89 65 61 86 92 84 69 65 93 9 50 24 48 91 164 178 214 110 87 63 94 112 95 101 48 70 144 182 160 50 169 142 67 84 32 73 73 61 84 24 1 69 85 76 11 42 107 76 46 139 137 32 19 97 103 114 107 49 70 95 84 39 46 47 15 119 88 8 58 86 127 150 196 202 194 84 12 38 48 24 25 67 87 96 74 54 62 88 101 89 74 78 28 31
72 39 126 139 20 14 103 112 48 97 159 138 144 167 140 57 64 44 57 50 126 88 114 50 0 79 120 90 57 33 142 237 212 117 23 96 54 133 71 71 110 90 38 74 69 45 20 0 99 55 55 88 134 80 4 46 40 2 27 16 62 125 168 112 69 119 55 51 42 59 108 117 61 29 63 39 92 118 169 194 130 55 14 52 19 36 45 62 46 0 0 42 88 30 98 123 100 72 100 87
59 65 149 241 170 82 84 99 38 79 169 159 188 222 183 140 116 103 46 21 141 68 76 88 46 90 87 62 27 0 194 243 248 125 75 112 122 98 42 6 64 83 72 110 120 17 129 120 59 62 179 168 154 75 55 85 35 94 171 44 71 86 126 76 60 112 46 40 29 48 75 86 115 115 69 13 86 85 72 101 62 44 65 125 83 68 25 0 86 114 88 49 53 0 64 0 91 36 173 101
44 48 92 220 180 118 112 87 55 45 62 41 95 137 106 67 98 116 66 52 140 61 87 116 120 89 23 39 55 49 200 134 145 94 127 90 58 56 47 42 89 68 47 63 117 6 96 98 35 61 176 183 121 66 101 143 84 138 214 61 91 22 35 44 95 93 43 34 30 50 41 129 133 137 78 43 51 22 17 58 68 48 62 106 125 85 43 26 81 95 75 50 60 33 83 17 129 108 211 125
75 148 115 174 148 96 82 83 71 100 102 43 42 51 53 34 73 101 104 131 169 95 102 35 6 76 79 118 107 71 162 77 64 48 119 66 86 110 69 78 63 50 62 81 2 43 73 101 169 108 56 82 2 16 70 131 63 73 163 95 182 53 28 90 130 91 42 93 56 59 75 80 108 91 56 56 7 18 57 50 56 43 38 44 138 110 84 77 115 73 37 43 76 83 105 56 77 119 112 75
104 162 99 116 134 77 45 66 42 76 77 67 58 101 114 113 87 110 91 108 109 140 141 82 40 62 63 84 61 100 107 118 85 118 114 33 103 147 193 174 83 50 60 91 63 82 56 80 159 183 114 145 86 27 62 133 191 94 106 206 195 72 72 105 150 102 76 145 132 109 45 33 94 72 26 51 58 82 45 39 14 15 34 49 168 94 69 98 158 110 31 73 194 213 137 72 36 85 123 111
105 75 31 36 49 69 60 81 96 81 44 46 72 121 104 70 109 59 87 135 68 136 206 98 42 53 38 71 83 124 102 94 128 105 85 29 99 134 209 229 141 42 33 56 67 37 51 132 56 143 255 218 241 160 44 157 247 115 89 169 161 55 67 110 89 66 61 139 153 157 97 70 64 33 16 84 97 106 57 41 30 40 56 41 112 103 122 126 117 71 102 224 251 255 243 87 131 149 158 150
80 37 87 69 0 36 58 109 163 165 130 89 35 33 29 37 38 48 109 182 131 126 111 0 29 47 37 105 159 179 87 36 120 56 65 70 118 79 112 127 55 19 56 26 63 17 68 164 68 126 164 105 196 139 10 42 93 67 85 99 71 28 60 66 43 32 25 93 138 184 152 127 124 52 27 107 111 111 67 49 58 82 91 52 78 148 184 134 42 29 105 223 255 249 193 68 98 90 77 86
80 32 114 107 14 39 35 54 113 70 12 11 25 57 41 24 54 95 58 74 89 77 56 51 110 88 15 56 138 184 107 75 203 70 46 53 77 13 60 99 78 33 31 0 141 132 88 49 53 100 49 83 125 128 94 49 0 91 176 135 74 64 89 50 31 19 4 57 117 177 170 162 218 105 50 114 99 102 67 41 70 117 111 70 90 204 205 106 22 13 84 142 246 250 86 44 34 30 11 37
