17 10 31 42 41 41 81 62 30 35 19 14 52 79 55 15 14 24 97 114 55 68 45 47 39 52 39 38 11 50 20 18 16 44 30 34 13 29 37 36 27 29 41 42 29 25 26 21 12 15 16 16 21 30 36 36 39 33 20 9 14 33 49 56 43 23 12 19 28 23 11 5 3 19 37 48 54 52 39 24 14 4 4 19 34 34 23 13 27 39 52 51 31 9 4 11 17 17 17 17
32 11 26 41 33 10 42 36 18 33 30 30 44 36 18 18 25 27 72 65 22 65 65 64 66 79 62 53 30 75 50 45 54 91 76 60 22 25 25 12 0 17 42 50 42 40 36 22 5 8 9 11 18 28 31 29 29 24 14 7 14 35 54 62 50 26 12 19 24 17 16 23 21 25 26 23 22 23 19 12 10 10 14 22 31 34 29 23 19 23 26 25 22 22 25 29 23 23 24 24
34 21 35 43 33 5 30 20 11 43 41 24 24 21 39 85 64 13 22 30 8 28 23 33 46 58 49 42 29 73 51 45 78 113 94 60 14 11 15 3 0 14 41 52 49 50 44 26 7 7 6 8 16 24 24 19 15 15 12 10 17 31 44 50 42 22 12 20 24 19 23 37 36 32 21 9 2 4 5 5 16 26 31 27 25 28 26 20 19 18 12 5 9 20 23 17 17 18 19 20
20 31 43 30 24 14 34 7 44 87 70 18 7 18 48 93 113 35 13 20 16 22 7 5 6 12 16 25 22 52 32 33 69 84 61 33 3 3 28 36 29 21 27 38 36 33 31 23 18 14 8 6 13 20 18 11 7 10 14 17 20 23 25 26 25 17 13 18 25 29 31 32 29 26 20 11 5 4 5 5 16 32 39 30 25 30 28 20 32 39 33 18 13 18 14 2 5 6 8 10
18 25 24 8 9 1 24 7 40 73 60 23 16 22 31 53 112 76 50 19 22 52 53 26 11 3 11 28 28 39 25 41 51 41 22 19 16 13 54 80 59 23 11 23 20 8 7 11 22 16 7 2 8 17 16 11 6 9 13 16 17 18 21 24 23 23 16 10 20 37 35 21 13 13 14 13 10 7 8 10 9 25 33 29 31 41 40 31 44 58 58 38 22 20 17 10 19 21 24 26
34 15 4 8 21 0 28 41 18 17 15 20 27 27 33 48 37 32 37 19 17 18 28 16 33 16 19 23 19 22 19 43 38 18 9 24 37 21 57 84 63 26 13 24 18 3 0 5 14 10 3 0 5 14 16 12 10 8 8 9 11 16 28 39 34 31 17 3 11 30 30 15 11 11 14 16 14 13 17 23 16 24 28 27 29 37 37 32 43 53 51 32 12 7 8 9 0 2 5 8
41 19 10 27 50 20 38 54 38 17 15 23 20 26 40 42 34 26 50 69 73 29 29 34 29 21 25 11 5 13 17 35 33 18 18 30 43 15 40 54 42 27 25 27 16 8 9 7 6 6 4 2 5 12 13 10 11 8 7 9 9 11 23 37 32 22 11 7 9 13 14 13 12 13 18 23 22 20 26 34 25 25 22 18 14 16 21 26 34 34 30 23 15 10 9 10 21 24 28 32
35 33 30 39 62 32 32 24 38 29 38 34 19 41 59 37 18 13 26 37 58 29 26 9 17 25 37 12 8 24 31 37 34 28 30 31 38 7 27 30 19 25 31 20 3 6 13 6 4 8 10 8 8 11 10 6 10 9 12 14 10 5 9 18 18 4 3 15 14 0 0 11 5 9 18 28 28 24 27 35 20 15 11 6 1 1 13 28 28 21 21 32 41 40 34 30 28 31 36 40
40 31 34 40 49 38 18 28 37 48 22 16 35 27 30 47 31 38 37 23 11 9 13 15 16 37 52 44 49 7 19 42 27 27 31 34 29 19 14 14 13 23 20 5 1 12 16 8 1 5 12 17 15 6 3 4 9 15 17 13 10 10 9 6 10 5 17 16 15 16 5 12 14 28 49 42 19 26 36 20 10 12 8 2 2 13 26 33 29 17 16 36 58 63 54 46 34 30 26 25
33 35 34 47 55 41 34 41 43 34 18 22 35 51 36 31 46 64 66 36 3 0 26 50 35 31 46 59 71 26 18 22 23 19 22 33 42 40 33 29 30 31 24 12 9 15 15 8 3 5 10 15 13 6 4 7 9 12 13 13 15 16 11 4 0 6 20 16 33 58 36 13 31 47 63 49 27 39 48 29 9 22 31 27 18 19 27 33 24 13 11 29 51 57 49 40 22 18 15 14
39 54 40 54 61 47 65 72 66 42 47 60 50 95 62 34 24 51 59 31 0 3 40 74 55 28 40 58 60 25 15 14 17 18 25 37 45 46 46 47 62 47 28 16 13 15 14 13 9 8 11 14 12 8 8 12 7 8 8 11 17 20 12 1 14 21 33 24 37 57 34 11 42 55 63 47 32 43 50 33 16 39 57 52 33 21 22 27 14 5 3 16 33 38 32 25 15 13 10 10
43 64 35 45 49 38 78 86 60 42 74 84 39 96 58 28 0 11 25 17 12 29 57 74 48 27 47 53 35 18 15 15 9 21 35 41 36 35 48 65 84 55 25 12 10 9 12 18 18 14 13 14 13 10 11 15 6 7 7 8 12 15 10 2 10 11 30 29 26 30 28 45 37 40 42 38 31 33 35 31 31 50 64 54 32 16 14 16 11 9 9 14 19 20 17 15 19 18 17 17
49 74 45 50 52 42 78 81 35 38 85 85 15 61 33 17 20 56 76 58 34 37 58 75 31 24 48 42 22 35 27 21 24 31 39 40 33 31 44 61 68 41 16 9 8 5 8 15 20 15 12 13 12 10 10 13 11 14 13 9 8 11 12 10 18 23 42 32 15 12 14 37 33 23 20 31 35 25 22 33 38 45 45 33 19 13 12 12 20 24 26 23 18 15 15 16 19 20 21 21
23 49 35 38 38 26 36 28 16 36 71 62 6 29 11 5 22 14 3 10 47 82 77 50 38 24 24 7 7 55 42 39 62 51 42 41 40 35 30 28 30 19 11 11 10 6 5 9 14 10 8 11 12 9 9 11 16 20 18 12 9 12 16 18 30 46 60 34 18 24 9 0 39 25 14 26 40 28 22 38 31 28 21 13 12 17 20 19 23 29 32 27 21 18 17 15 11 14 16 16
43 64 65 61 63 54 36 21 14 33 35 27 17 21 2 0 33 62 70 43 18 24 44 55 47 29 15 0 11 64 38 48 70 55 44 45 47 39 24 13 13 14 15 13 9 5 7 11 8 5 6 12 16 15 13 13 16 17 15 11 12 17 19 17 5 25 48 35 32 45 30 19 46 38 16 13 31 31 24 33 20 16 10 8 17 27 30 25 20 23 23 23 26 29 23 14 7 10 13 14
40 53 60 49 52 49 17 2 42 53 26 22 55 49 25 6 21 37 36 17 11 26 34 29 37 34 36 34 43 72 22 38 40 38 40 47 50 44 36 32 19 24 23 13 4 4 11 18 5 3 7 16 22 21 19 19 12 11 8 8 15 21 18 11 3 12 40 43 36 33 25 38 47 47 17 0 17 30 23 22 13 12 11 14 25 35 34 27 20 19 18 22 35 43 33 17 9 13 17 18
51 36 30 23 10 33 5 17 57 37 40 48 46 91 57 25 12 17 21 13 10 30 42 31 34 20 46 57 86 54 26 25 35 14 21 26 15 72 62 43 31 25 11 0 0 11 14 8 8 0 0 11 21 21 17 16 6 6 9 14 16 14 12 11 1 23 52 65 48 22 12 16 41 31 23 22 27 28 21 13 11 7 6 16 30 39 39 34 24 35 30 15 20 38 32 9 6 26 28 17
19 30 25 5 1 16 54 73 42 18 16 22 16 59 59 65 53 30 28 41 36 29 36 46 34 25 46 61 84 64 28 22 35 10 13 17 5 49 41 26 14 15 11 4 1 5 9 9 5 2 5 15 21 17 10 7 6 9 16 21 22 17 10 6 12 35 52 48 37 31 24 17 9 15 23 30 32 30 28 26 8 11 18 24 30 33 35 35 44 44 36 21 13 13 9 1 19 37 37 24
40 33 26 33 32 0 36 63 30 12 12 15 3 31 54 86 77 33 14 22 14 7 29 59 72 50 31 30 44 56 29 32 38 12 12 19 8 30 23 14 12 16 21 21 12 4 6 13 11 8 8 13 15 11 7 7 10 14 18 21 21 18 14 11 8 30 35 17 12 23 22 6 0 5 16 26 32 34 35 34 23 23 23 26 30 31 30 28 44 43 40 33 17 4 4 13 21 35 33 21
42 19 13 39 54 17 26 31 18 16 21 21 12 21 38 61 41 17 8 9 2 10 42 70 74 55 28 31 42 64 23 13 31 10 14 29 23 22 15 10 19 20 26 30 19 4 3 12 21 16 10 7 6 8 13 17 15 16 14 10 10 15 19 21 13 31 35 20 15 25 28 19 10 7 7 16 30 41 46 46 50 37 26 27 36 39 30 20 28 39 51 50 34 17 17 26 23 34 29 20
34 27 18 13 31 77 46 19 26 33 29 19 22 21 28 26 0 5 36 56 45 36 51 69 70 52 25 29 43 69 26 12 12 2 12 33 35 16 11 6 13 10 13 19 16 6 5 12 23 19 14 9 9 13 19 22 16 19 15 6 4 10 16 17 7 21 34 35 26 20 25 33 27 25 23 23 29 39 51 58 47 39 34 36 42 40 29 17 17 41 62 62 47 33 25 22 22 28 20 13
45 35 35 38 43 87 45 37 72 73 48 25 35 23 27 13 3 15 55 81 55 21 25 47 54 35 12 4 16 31 2 0 4 5 14 33 42 12 13 9 6 2 3 8 12 13 15 19 14 16 16 15 18 22 20 16 13 20 21 12 6 9 10 6 0 9 30 45 33 12 17 38 45 52 54 44 29 24 36 49 22 27 34 39 37 31 22 16 11 32 53 57 50 40 30 21 55 57 46 39
40 14 27 72 80 55 40 64 85 82 54 37 52 20 23 14 25 35 55 51 18 2 18 37 55 55 70 64 73 56 26 21 12 18 20 27 40 6 17 13 11 12 10 7 9 15 18 17 10 12 13 13 19 23 18 9 11 21 23 13 8 13 15 11 9 19 41 57 45 24 28 49 53 54 52 41 29 24 30 38 37 31 27 30 36 37 29 21 21 20 28 41 44 35 29 30 46 44 32 26
44 23 23 59 72 12 29 40 45 47 34 38 60 12 15 14 21 49 59 27 1 22 51 52 21 24 51 39 49 28 24 38 20 27 20 17 30 0 14 12 19 25 21 8 3 7 8 4 14 12 7 5 12 20 17 8 12 21 20 9 6 17 26 27 7 18 37 48 38 22 26 42 44 31 18 18 30 42 46 44 83 52 22 23 46 60 50 32 45 21 14 31 36 23 20 33 58 55 43 40
83 68 40 32 13 0 7 22 11 37 38 55 77 25 19 24 27 45 37 36 50 75 100 91 39 50 68 65 37 26 37 47 43 23 14 23 23 11 6 13 21 18 18 18 14 9 9 12 14 9 7 12 16 15 11 8 16 20 20 28 0 18 21 15 8 11 23 32 23 10 22 45 34 25 20 24 32 39 43 45 66 43 24 33 47 77 49 40 53 34 7 21 51 29 2 20 42 45 42 34
65 99 87 51 24 26 36 15 23 28 63 82 109 20 33 50 50 49 37 47 56 58 75 76 54 70 91 85 52 35 45 54 40 27 14 10 12 11 7 4 3 5 11 18 19 15 13 16 19 16 12 12 17 21 19 15 10 10 10 26 13 40 39 26 14 24 44 57 43 18 14 27 34 16 17 36 38 26 34 58 21 18 18 33 44 69 29 6 45 31 3 10 48 44 18 19 29 39 38 23
35 75 75 54 39 43 47 19 24 23 60 87 95 27 49 75 94 66 28 26 22 14 38 56 37 43 57 57 40 35 41 41 41 37 25 15 20 33 35 27 16 19 26 32 30 21 16 15 17 20 19 15 19 26 23 15 23 34 37 34 7 20 29 32 21 33 56 72 59 30 15 17 30 25 35 52 45 29 41 71 21 36 50 56 49 67 35 24 41 48 31 23 42 41 19 14 49 71 82 69
22 20 19 47 58 46 55 58 35 35 34 65 42 45 46 61 91 75 37 21 15 22 57 74 74 59 52 52 52 58 52 34 28 28 23 16 17 27 33 34 31 31 32 33 28 18 12 12 9 17 19 15 18 27 24 14 16 24 30 33 30 37 31 19 24 29 45 61 58 37 22 19 22 43 62 60 47 44 57 71 67 57 47 45 36 55 36 41 30 58 63 45 30 15 9 18 43 69 84 78
19 13 7 35 52 55 79 92 56 38 23 45 37 54 28 18 31 54 42 22 11 20 37 26 44 31 27 30 36 45 39 16 23 23 23 22 13 6 12 23 22 18 16 15 11 7 9 15 8 11 10 6 12 25 31 29 27 42 48 36 35 39 50 57 29 26 31 44 47 36 22 15 16 39 58 54 41 38 48 57 98 55 21 25 28 47 27 34 23 50 62 45 16 0 9 33 24 35 37 27
6 37 29 13 18 49 77 63 55 16 29 34 79 55 25 0 22 58 61 48 38 40 46 25 26 34 46 45 34 34 33 20 13 14 20 22 12 1 6 19 20 15 11 9 8 7 13 21 16 10 3 1 7 20 34 44 0 30 55 52 62 44 32 22 39 33 32 37 38 30 19 13 23 20 29 39 32 17 21 40 66 46 35 38 23 31 17 37 46 55 56 39 15 9 22 37 29 24 17 10
22 47 34 18 21 38 43 9 46 26 49 29 93 69 41 16 10 20 21 36 38 32 45 46 46 57 65 47 16 6 5 0 0 5 9 6 3 4 7 8 19 16 15 16 14 13 16 23 23 13 8 10 11 11 19 32 37 23 3 0 41 51 47 32 53 48 42 37 31 27 30 36 43 25 17 24 25 17 19 30 26 42 53 46 17 27 18 35 61 71 70 46 26 31 36 24 20 16 22 37
67 46 27 53 67 43 18 0 56 72 74 31 70 89 56 38 42 21 11 44 44 9 12 28 40 44 46 29 8 10 18 11 16 27 24 11 11 22 21 7 0 1 6 13 15 13 15 20 26 16 17 25 20 3 0 6 21 70 111 94 93 50 36 35 61 57 48 35 25 29 49 68 60 49 28 15 22 37 38 28 46 58 58 46 37 69 46 34 44 73 85 57 34 45 44 15 1 6 33 71
71 46 35 44 67 50 47 8 41 62 88 41 69 54 64 65 65 45 11 24 42 27 17 9 21 39 70 34 7 44 48 33 44 38 43 34 17 26 34 17 6 12 7 10 27 0 18 19 26 23 9 22 34 36 11 53 35 85 125 53 1 33 53 18 45 37 52 24 32 27 58 79 59 49 14 11 19 23 49 70 59 36 24 41 65 66 44 21 23 32 49 46 55 28 24 28 16 24 35 42
45 26 13 12 33 35 69 65 43 79 85 68 55 32 29 43 62 43 11 20 33 21 24 28 37 68 95 73 14 36 34 43 40 33 33 23 11 25 38 27 24 25 15 13 22 0 14 17 15 16 14 24 11 12 45 153 147 150 108 68 47 28 0 13 37 30 37 33 35 31 38 50 49 32 3 20 45 44 41 30 26 20 23 38 45 33 19 16 19 12 7 15 46 46 34 26 21 25 28 29
36 39 35 17 12 7 65 93 39 103 85 89 45 30 22 33 21 28 18 31 38 23 24 28 70 104 90 45 0 50 46 35 33 29 29 22 15 26 36 28 29 25 18 14 17 0 17 20 23 15 7 17 9 14 36 123 233 240 217 118 146 97 69 45 42 55 47 28 5 16 35 51 36 25 12 41 65 55 39 13 22 56 64 33 1 0 31 70 91 63 24 26 59 76 53 30 19 18 17 17
36 45 43 30 31 11 42 57 28 101 69 73 34 26 18 5 8 40 39 36 32 21 23 17 18 64 74 46 9 35 31 18 23 26 30 29 27 29 26 16 12 9 12 17 16 11 25 27 27 21 10 22 38 63 47 67 129 188 202 140 95 121 98 78 103 113 82 40 16 23 31 14 24 29 35 57 57 46 57 54 58 51 39 43 48 29 25 49 100 74 32 28 55 77 57 38 21 18 18 21
28 24 11 18 55 40 37 22 7 52 34 59 69 47 43 21 62 95 75 40 23 27 43 39 17 1 18 46 64 18 8 12 17 23 25 26 30 27 17 10 1 0 14 26 18 25 29 29 26 18 4 3 12 60 77 111 0 53 227 242 218 79 40 108 140 169 172 142 85 24 27 25 35 41 47 53 30 27 72 94 74 17 0 36 68 20 0 32 48 45 32 29 44 45 32 23 22 17 18 25
37 38 22 22 58 39 40 34 19 18 15 57 101 55 41 31 62 89 66 32 17 20 38 35 48 26 32 45 75 11 11 12 21 23 15 12 21 20 13 16 9 2 23 36 17 33 29 27 36 37 51 64 39 30 8 27 48 143 228 238 254 237 71 124 122 136 144 176 113 24 30 71 76 63 51 45 13 11 57 73 45 33 8 14 38 20 11 47 14 22 42 43 63 36 27 20 58 54 58 71
51 63 48 37 61 35 42 52 52 33 21 38 75 43 14 6 24 44 37 36 29 9 9 9 13 69 93 70 55 5 17 17 31 31 14 5 17 15 10 19 21 8 28 37 10 37 32 33 34 16 17 37 41 70 66 80 99 144 255 243 255 225 96 251 129 82 6 90 62 39 25 58 95 71 56 54 24 16 43 37 21 50 32 20 62 79 54 43 4 0 28 33 84 48 48 37 40 34 39 56
47 49 27 29 77 58 50 44 46 45 31 23 59 84 62 53 59 63 61 82 77 36 25 32 40 58 29 27 43 34 35 26 41 41 20 10 21 15 6 16 25 7 25 33 3 39 38 42 26 21 24 35 43 80 49 19 44 61 143 108 118 226 126 250 153 122 3 72 2 26 19 69 78 59 58 70 46 35 51 32 25 49 38 33 57 56 64 111 55 17 32 25 92 47 48 29 35 26 27 41
29 31 13 9 33 76 40 16 34 12 20 44 71 39 43 68 72 74 57 56 46 20 30 49 37 7 0 7 28 45 40 49 47 59 20 24 22 27 10 11 14 18 34 31 10 50 38 42 38 17 21 55 38 94 22 78 137 235 220 197 255 247 164 251 158 135 59 68 0 20 27 62 69 52 23 43 29 4 66 92 68 47 12 32 87 45 58 119 72 21 53 26 52 39 24 18 17 24 30 32
38 34 8 4 34 75 41 30 15 24 42 39 48 26 38 57 80 55 17 28 46 30 14 0 3 25 45 26 24 45 40 33 50 48 32 24 28 45 10 25 48 11 46 69 50 30 41 48 41 40 33 42 61 34 0 110 161 255 242 255 246 243 255 255 184 46 16 37 55 13 9 68 73 47 22 33 16 6 52 63 73 98 79 73 125 96 66 53 0 9 78 29 18 11 28 43 34 38 37 32
47 66 38 12 35 82 57 56 53 55 50 25 41 41 54 58 78 61 28 39 54 37 22 11 10 7 24 30 40 48 28 22 30 15 21 9 21 40 0 6 17 0 17 60 41 22 56 58 53 55 44 54 84 54 52 173 66 214 243 234 246 226 254 248 189 36 35 0 47 28 14 53 59 31 26 34 18 31 51 42 69 135 145 114 115 83 107 146 65 4 15 4 40 41 36 33 42 48 49 42
39 88 66 12 11 56 36 37 58 38 22 8 34 27 33 36 18 23 13 29 41 33 43 52 30 0 0 15 38 44 20 15 20 7 13 15 40 48 0 8 24 17 8 46 23 15 47 61 68 47 34 43 36 63 36 81 99 131 251 246 255 210 184 187 124 68 74 10 9 44 17 21 42 23 38 51 33 60 55 33 38 106 120 76 54 34 110 194 107 26 12 13 42 33 30 37 22 34 45 44
64 97 81 41 29 54 29 34 28 4 12 30 49 8 5 27 49 42 13 13 18 3 1 0 17 24 37 25 26 41 30 24 28 19 5 21 57 48 28 25 37 47 27 25 37 16 47 64 68 43 43 26 46 92 53 70 247 250 245 133 201 255 188 160 19 15 35 52 44 59 35 32 20 13 26 46 25 49 31 12 3 59 72 57 85 86 106 106 27 23 44 25 9 0 7 12 20 34 46 47
43 34 27 36 33 44 21 35 52 13 15 47 75 29 21 45 35 34 10 13 23 18 27 31 12 16 46 59 58 51 43 59 50 39 12 20 50 26 26 28 53 88 91 12 44 32 55 16 40 49 53 0 84 91 114 188 255 234 255 252 101 72 59 42 59 42 34 61 72 45 28 0 36 41 36 70 56 67 48 44 92 75 30 0 18 8 30 38 52 44 56 61 52 36 32 26 12 20 25 21
37 21 31 53 47 71 67 75 77 36 22 32 61 34 29 40 28 41 28 24 19 10 30 47 26 0 11 58 75 55 45 81 60 46 45 34 53 25 19 42 23 42 76 43 48 84 97 54 93 148 130 51 69 0 61 134 224 238 226 253 155 95 69 39 54 58 35 26 51 77 85 24 20 36 10 68 65 52 26 30 47 40 36 44 55 17 38 67 59 35 32 51 40 19 22 29 38 44 47 45
38 46 69 67 38 83 96 90 65 59 57 38 43 18 20 26 29 43 31 31 32 27 46 61 28 0 3 22 38 43 44 72 29 17 56 38 54 32 11 54 85 20 34 104 19 34 5 19 7 135 169 182 155 104 223 255 250 255 255 231 172 69 54 41 43 77 52 21 10 77 79 29 33 57 18 90 92 55 15 18 48 54 44 33 53 40 51 40 42 42 31 31 28 39 40 16 21 30 40 45
38 47 71 77 56 52 108 59 27 56 54 14 30 18 23 32 37 37 34 31 25 15 30 63 46 29 19 34 29 41 25 40 47 17 55 48 94 117 61 58 85 41 28 80 39 214 235 227 61 87 161 255 234 124 254 243 237 136 147 38 0 62 60 23 13 29 34 17 38 33 50 41 82 91 48 86 89 52 28 15 36 47 54 47 37 32 29 26 33 34 44 51 51 53 38 38 32 37 28 17
34 36 54 54 32 37 72 40 0 35 44 8 23 26 32 24 34 35 31 25 24 26 27 26 31 38 59 68 40 76 23 32 104 40 81 74 212 252 158 33 44 85 43 68 93 252 243 186 31 11 75 157 180 179 240 255 253 171 176 83 38 82 88 66 33 12 0 0 19 33 65 67 96 92 28 40 41 32 34 33 48 49 41 29 26 31 30 24 32 36 46 47 44 52 64 83 65 60 45 35
23 15 30 30 10 31 34 30 2 18 34 24 33 35 43 36 40 39 33 22 24 44 41 13 18 41 84 98 73 145 72 68 133 66 51 57 238 244 240 33 102 196 92 41 73 193 112 91 127 170 153 208 255 249 228 255 234 177 165 92 44 61 86 97 92 54 45 35 34 31 44 35 65 68 19 31 32 38 49 53 60 54 41 32 40 51 46 31 20 27 37 36 34 31 50 68 76 58 36 24
23 5 21 23 5 32 7 23 38 14 20 38 38 24 33 46 41 36 31 19 19 44 56 38 28 39 65 77 72 139 91 62 144 21 84 52 208 243 218 89 140 204 171 157 89 192 97 108 190 198 229 255 244 247 227 248 179 146 128 91 56 52 78 99 77 58 78 73 47 44 43 26 56 67 47 65 49 39 41 48 46 45 46 54 73 83 68 45 30 29 30 27 31 18 42 51 78 56 38 31
42 13 35 43 25 44 7 28 77 39 22 37 30 21 26 42 39 35 32 27 24 37 58 70 50 77 76 43 36 82 87 17 102 25 108 126 243 255 219 78 111 123 183 255 104 207 214 194 202 165 255 242 235 236 92 145 99 74 60 70 70 69 67 66 32 24 49 39 19 49 50 34 95 96 84 90 48 27 35 61 38 38 47 67 87 88 68 46 31 31 28 20 27 10 58 76 48 37 45 56
28 0 27 46 33 39 13 28 71 55 21 10 6 23 18 16 22 21 15 17 24 20 31 60 97 50 54 91 68 4 55 78 64 114 126 195 255 244 252 51 147 131 255 200 194 116 246 166 161 73 187 255 238 255 159 105 70 37 22 48 66 90 75 60 50 42 54 40 32 77 59 39 33 38 41 47 4 4 32 71 79 62 56 70 79 64 41 28 24 42 58 57 59 22 76 92 58 58 93 124
40 0 41 69 59 49 46 47 58 62 23 10 18 45 25 18 40 38 13 15 48 44 33 59 84 109 122 80 30 51 97 68 76 159 223 225 229 255 240 102 97 145 227 249 209 244 250 255 240 207 156 226 160 134 114 56 49 31 38 43 26 58 47 42 21 22 40 37 33 65 21 11 31 50 68 67 33 64 99 128 122 82 58 69 73 51 30 25 35 59 86 99 111 54 87 79 43 39 76 111
128 75 122 150 135 109 120 110 94 100 63 69 89 106 75 79 118 112 66 63 121 127 102 118 176 174 178 127 50 77 88 73 53 174 253 255 242 250 245 125 177 133 255 255 136 255 213 255 254 248 194 248 110 116 152 142 83 103 151 137 67 80 65 72 58 67 90 88 71 82 27 38 94 114 122 95 52 97 128 139 122 71 44 63 77 58 42 45 36 44 58 79 111 55 77 49 29 13 38 63
137 97 87 99 72 61 95 106 68 58 51 50 48 46 51 59 91 99 57 66 83 56 71 108 141 110 110 69 42 53 92 66 31 107 166 228 250 255 229 110 193 74 255 240 96 253 247 255 214 255 222 255 51 80 139 141 104 99 119 100 37 52 47 57 54 66 81 83 92 76 43 52 106 117 95 91 81 57 79 88 60 43 28 30 47 63 69 68 40 25 7 18 40 40 35 14 27 27 16 23
78 34 37 48 17 1 27 56 51 38 22 11 9 15 24 31 33 30 43 58 63 49 31 36 40 10 19 37 14 25 52 52 21 29 65 117 206 194 155 135 74 75 122 254 182 234 253 255 255 241 232 224 73 50 62 78 61 47 45 26 0 3 14 24 23 34 53 56 58 38 10 26 49 37 18 38 45 45 34 18 36 36 31 23 23 37 56 70 57 36 24 36 36 36 26 35 66 91 70 47
55 14 43 58 33 21 33 80 84 73 52 32 32 46 55 54 13 7 69 97 94 85 36 12 21 16 23 45 13 38 40 25 35 33 0 7 84 58 147 166 119 54 50 168 159 254 241 117 237 245 255 165 81 63 47 43 63 50 30 17 16 12 37 43 30 32 50 55 53 40 31 61 53 14 0 19 24 65 47 33 28 50 61 45 24 22 40 56 71 52 42 46 43 80 57 71 130 161 125 85
34 3 41 41 17 10 0 41 74 68 45 18 14 26 25 12 0 0 34 61 66 53 19 10 10 8 25 52 37 49 49 35 24 47 21 17 30 38 150 110 193 36 97 85 123 255 249 117 238 255 245 52 2 7 20 25 23 25 10 5 21 0 25 25 18 6 16 19 19 21 34 76 31 8 20 53 30 75 48 41 51 73 84 66 41 34 46 58 53 42 25 15 24 111 70 59 139 152 98 64
34 16 46 32 23 38 28 56 98 93 67 33 23 30 23 4 32 33 6 20 39 15 20 46 42 8 44 97 105 61 64 82 25 19 72 59 78 146 131 98 41 127 78 162 183 43 246 222 249 238 185 70 57 19 16 26 19 36 34 35 49 22 50 51 37 17 23 21 15 22 38 73 25 13 28 47 8 51 38 46 65 70 70 60 50 49 56 62 59 47 29 18 26 111 65 51 108 110 48 15
17 10 22 7 14 44 50 72 94 90 68 41 34 45 45 33 36 50 3 10 31 1 9 36 35 15 51 77 83 28 24 28 67 56 59 49 65 67 9 27 28 120 112 239 255 90 156 219 230 164 58 13 40 21 37 52 22 34 42 41 44 44 69 71 36 21 33 26 7 5 7 22 54 36 21 20 0 35 46 59 43 44 53 64 62 46 33 29 28 13 8 15 10 43 16 29 73 86 36 2
37 34 23 7 5 10 17 31 50 52 44 34 36 49 54 50 46 52 33 26 36 33 26 26 6 25 45 41 34 28 23 9 35 71 67 75 76 19 36 59 0 63 141 220 162 111 107 157 138 93 36 19 39 18 22 12 26 20 28 25 18 55 66 62 35 35 62 52 20 13 8 8 31 32 15 20 20 30 34 24 20 26 51 77 69 36 15 17 28 24 28 42 32 24 17 34 38 54 36 31
47 50 33 27 18 0 0 11 12 19 24 26 30 37 38 35 58 38 40 9 7 49 44 28 15 31 29 36 16 27 25 36 37 51 103 54 22 7 61 67 12 48 89 122 85 123 112 89 61 39 57 55 46 2 11 24 34 12 18 14 2 63 59 45 29 40 78 68 33 28 26 23 22 32 6 7 20 17 32 20 20 25 49 73 61 30 30 54 42 52 53 57 49 29 29 22 28 35 46 83
43 55 54 34 19 19 16 6 12 16 13 23 17 42 26 27 45 47 23 22 15 44 34 26 18 30 47 19 5 40 12 61 74 104 81 26 18 67 47 64 62 50 13 33 64 81 90 61 28 28 68 84 40 10 21 27 18 30 12 12 17 60 51 32 12 34 59 64 46 24 17 23 31 36 31 21 19 21 39 67 68 61 59 43 27 46 66 55 60 60 55 48 46 47 42 33 25 20 68 118
43 51 44 20 6 12 21 22 15 22 22 35 30 47 32 30 39 40 23 33 34 49 28 16 25 43 42 31 17 50 8 25 97 90 55 31 43 46 49 47 55 23 0 13 47 46 44 26 12 30 49 37 13 22 34 20 12 14 18 15 19 25 43 55 44 44 46 42 23 1 0 4 28 42 55 50 35 39 70 101 95 68 55 49 33 30 30 18 30 37 42 44 52 58 47 30 22 22 56 89
41 55 57 40 25 23 21 16 22 32 32 43 38 43 30 23 24 26 12 23 33 41 17 5 30 50 35 49 53 81 49 36 65 59 39 26 36 21 63 44 12 5 39 28 24 0 14 51 33 46 37 9 4 27 32 14 13 1 17 15 25 5 39 69 92 82 58 30 18 25 32 32 45 48 59 47 18 27 65 84 75 43 41 64 70 56 40 27 29 35 32 24 32 49 47 31 16 22 36 48
38 53 61 55 47 41 30 17 23 32 30 42 43 40 37 27 35 44 25 14 29 41 27 18 26 34 23 42 66 65 67 44 38 83 108 66 14 1 33 3 32 1 35 20 49 29 28 38 54 45 25 15 21 22 19 23 26 16 22 22 34 27 44 56 79 87 68 33 31 57 60 37 14 9 25 26 8 28 60 57 25 11 27 70 94 85 61 46 32 44 40 22 21 39 47 40 15 24 21 15
34 36 34 30 35 44 45 39 24 32 28 46 60 54 64 52 66 88 66 27 40 52 44 35 35 28 33 40 66 22 53 34 45 117 184 136 35 34 30 13 52 9 22 2 61 66 42 7 28 19 13 23 34 25 22 36 31 47 42 38 30 49 39 27 35 53 61 58 61 65 48 21 9 13 38 40 17 27 42 23 3 10 23 45 64 59 36 19 10 34 46 36 30 40 48 46 26 31 19 4
27 26 23 21 28 37 39 35 38 44 40 61 84 68 83 62 61 90 72 25 41 42 33 27 26 19 41 41 57 8 49 38 19 54 110 88 8 26 21 33 14 19 39 10 35 46 49 27 3 12 23 29 32 35 36 33 17 56 57 49 20 39 19 1 21 16 28 56 65 51 39 39 61 71 78 48 5 2 14 6 1 19 20 13 22 25 14 7 10 23 30 24 21 30 40 43 39 35 27 17
15 25 35 39 37 32 23 15 36 44 42 71 102 75 86 52 26 47 37 9 42 32 25 32 15 14 29 25 18 10 39 33 40 38 52 47 19 25 35 38 4 26 26 13 26 42 57 33 17 26 44 43 29 38 44 25 14 39 55 55 38 28 12 2 20 5 3 21 36 34 32 36 55 70 63 24 0 0 16 21 3 24 20 8 17 25 26 34 34 22 11 12 22 33 37 37 38 27 35 43
4 21 39 44 37 28 21 17 11 23 30 69 110 79 88 48 7 17 12 5 57 43 42 66 51 52 42 28 0 22 33 26 10 16 20 27 41 24 42 5 7 41 29 23 16 23 48 33 37 31 49 53 30 32 43 27 27 23 50 63 73 35 26 21 29 32 26 20 32 47 34 7 18 40 35 10 4 12 11 6 12 33 30 22 32 35 37 54 43 20 9 27 54 61 47 33 28 14 38 63
0 19 35 29 20 21 21 15 20 19 34 68 85 35 48 45 17 19 19 14 15 32 60 80 73 64 56 42 24 26 35 34 27 10 0 14 48 26 26 17 0 33 66 52 48 67 60 54 39 43 41 32 27 31 36 37 23 29 44 62 58 33 35 66 78 57 47 25 24 45 29 5 2 15 29 21 6 13 28 27 17 25 31 16 33 27 39 47 44 28 23 31 47 62 54 28 21 24 36 53
13 24 28 19 12 16 22 23 23 28 36 48 49 24 26 22 24 21 33 35 18 18 43 63 49 44 48 49 40 40 45 42 49 22 9 27 66 52 46 13 8 32 61 59 70 92 73 54 48 43 36 29 24 25 33 42 20 29 40 37 26 30 58 85 74 38 26 19 23 32 12 0 11 25 34 24 21 41 49 32 21 33 29 4 29 28 30 27 35 40 53 54 41 33 32 29 25 26 35 47
30 29 25 20 18 22 29 35 30 41 47 35 15 20 11 18 9 2 40 66 32 6 21 33 29 22 32 45 43 42 47 47 32 20 29 43 61 53 64 29 10 27 53 51 60 73 46 22 30 27 28 34 37 37 40 45 38 27 23 19 28 67 89 72 36 2 9 28 42 46 29 23 13 31 39 25 23 49 57 34 22 34 28 12 43 25 9 9 33 54 70 58 27 8 12 25 45 45 47 53
25 20 19 24 27 29 33 40 33 45 57 39 3 23 13 41 25 5 49 90 53 21 34 43 22 9 14 26 26 27 38 43 41 55 84 72 38 16 48 29 3 20 44 36 32 37 15 2 23 22 20 22 32 41 37 26 15 26 49 44 27 57 86 68 38 27 50 62 57 49 31 30 21 34 41 26 13 28 40 31 22 36 44 45 70 27 3 16 47 74 76 45 21 18 25 32 45 43 41 39
8 5 7 14 19 23 31 40 26 34 51 42 3 14 13 60 51 13 37 71 41 18 33 39 15 3 6 15 14 19 32 38 30 47 75 58 20 0 37 21 5 14 33 27 28 38 25 22 57 57 44 33 47 68 60 34 17 15 34 37 26 47 64 43 43 57 87 74 48 46 42 44 45 36 33 25 10 9 18 19 17 48 69 60 72 37 24 32 46 86 80 37 26 42 47 44 42 40 35 29
9 10 10 7 7 17 34 47 18 21 34 34 5 0 11 57 44 11 25 52 36 16 12 2 11 9 17 22 17 24 35 36 16 14 23 25 34 32 55 28 20 13 21 19 32 47 33 28 39 50 56 61 83 104 89 57 58 23 3 8 25 52 52 20 28 49 73 46 27 52 65 68 59 34 22 22 12 5 7 8 10 49 71 40 40 38 45 31 19 71 70 29 25 41 40 35 38 38 33 26
25 34 32 16 7 18 39 52 25 25 26 26 19 0 28 51 37 24 35 57 60 50 35 16 28 34 42 34 21 28 38 33 43 35 31 36 64 57 65 41 31 22 27 22 27 34 17 14 3 14 34 58 78 82 68 51 64 62 47 22 13 26 38 38 47 47 50 22 17 50 55 44 48 38 36 32 15 10 18 22 20 28 48 27 24 28 45 24 19 58 51 25 33 38 24 21 20 22 20 13
35 52 52 29 12 20 37 47 38 39 29 26 36 14 52 53 36 29 27 38 58 71 69 60 53 61 61 39 18 25 35 28 23 33 37 42 65 50 65 63 32 33 47 37 26 21 8 14 44 35 38 52 54 43 41 50 76 89 71 35 24 31 30 23 58 37 28 12 25 60 49 23 30 50 67 52 20 17 39 51 44 8 27 40 38 22 36 24 54 66 44 32 55 54 28 23 21 25 23 18
23 46 49 23 10 23 30 23 38 43 14 15 37 39 43 46 25 13 10 18 34 97 75 55 47 47 43 26 12 22 32 23 16 18 20 27 40 54 60 58 43 37 41 51 36 13 17 37 64 71 59 37 38 56 51 27 48 55 58 51 40 71 41 11 49 45 16 12 44 44 22 25 37 73 74 65 47 71 51 25 21 52 68 53 34 32 33 29 63 94 53 39 74 45 57 51 50 33 28 32
16 28 38 33 18 8 12 22 42 42 23 28 29 16 25 33 6 2 11 20 23 65 45 33 17 18 24 23 21 31 30 12 25 28 33 37 41 45 44 41 24 39 52 48 36 57 49 35 34 24 26 40 46 40 40 48 45 36 45 63 60 76 46 30 61 61 35 14 23 29 27 36 45 55 56 59 54 58 46 36 45 49 53 55 55 46 29 13 52 90 57 37 62 40 64 68 60 32 27 42
29 29 31 32 25 16 14 18 18 35 40 40 18 7 29 32 13 14 28 36 24 40 30 30 17 14 23 40 59 78 76 54 42 37 29 21 15 16 24 32 25 23 47 55 31 56 34 29 51 26 15 22 18 4 13 37 45 42 53 65 51 65 45 43 74 61 32 6 6 26 44 52 46 23 22 35 48 35 40 51 48 27 19 40 63 57 29 6 32 76 57 29 42 21 46 53 44 10 7 31
37 35 22 13 24 42 40 24 28 66 87 66 14 0 26 17 26 22 31 37 25 31 44 58 57 38 33 48 71 92 91 71 42 34 24 14 3 0 13 29 25 12 35 45 13 40 16 21 31 23 10 2 5 18 32 40 37 57 71 59 35 71 75 81 79 47 24 23 33 47 50 38 35 4 13 34 62 36 43 54 46 22 8 25 51 56 37 18 8 47 42 17 28 8 21 18 26 5 8 28
27 25 17 13 24 41 45 38 33 69 97 88 32 6 35 41 28 13 11 14 13 19 55 76 56 27 11 14 23 30 24 6 24 25 32 35 25 11 14 28 16 16 24 16 11 60 42 18 0 7 10 12 29 51 56 45 27 44 59 56 43 90 103 115 47 16 15 48 71 73 61 47 2 1 44 81 107 64 39 21 59 49 35 30 39 52 53 45 11 30 27 10 27 12 15 5 10 10 21 27
29 25 33 44 34 15 18 38 22 35 55 74 45 11 40 70 41 22 11 9 11 8 47 57 50 33 32 45 47 43 35 22 24 23 33 43 34 17 21 39 37 21 8 20 53 60 45 23 13 6 9 27 44 51 52 54 36 22 29 49 46 70 63 73 80 54 36 41 43 29 17 18 46 31 28 30 40 37 47 56 56 60 53 39 35 47 59 64 44 38 32 16 31 16 14 7 5 18 36 37
37 33 45 58 43 11 5 22 37 40 27 34 30 10 23 41 37 28 24 24 27 6 32 21 6 8 34 61 61 50 44 38 35 28 33 42 33 16 21 42 55 38 22 56 99 29 24 25 18 3 5 28 42 41 48 64 38 22 27 42 28 37 16 20 37 36 16 7 25 34 37 50 20 22 26 40 32 27 22 31 40 41 41 39 33 31 38 46 51 34 36 24 31 10 8 12 21 31 55 69
28 30 35 41 41 33 21 12 35 50 15 0 16 34 39 26 5 10 22 31 38 8 25 0 3 14 51 79 70 49 40 38 35 31 43 58 48 21 15 29 37 71 67 77 112 16 25 21 20 19 26 39 39 29 23 26 21 33 47 41 15 37 26 26 23 45 28 12 39 49 27 18 27 28 22 39 21 24 24 48 38 27 28 39 33 13 4 11 22 7 26 25 30 6 7 20 19 21 49 80
19 29 30 23 18 51 26 37 65 68 24 15 36 27 19 22 4 8 30 32 30 4 25 20 34 55 59 37 24 32 36 29 28 24 38 26 46 36 33 40 59 74 74 71 67 42 30 49 48 29 26 41 37 14 6 19 27 40 67 54 32 33 27 25 45 51 43 37 57 0 36 30 31 21 26 35 37 47 63 69 49 34 32 46 44 22 8 9 8 2 2 6 13 35 49 44 34 26 28 42
20 26 26 25 27 55 33 44 80 81 37 20 30 15 6 8 23 39 72 67 42 18 18 18 47 63 49 11 0 22 41 43 38 36 6 6 17 42 48 56 89 92 71 47 35 22 26 52 42 41 40 39 39 39 36 32 36 44 56 25 4 22 25 19 32 41 39 36 49 0 48 66 55 30 16 22 41 65 71 58 52 28 9 12 24 30 30 30 16 11 15 25 41 68 85 81 47 27 11 11
19 19 16 16 18 31 14 25 48 55 25 17 29 20 22 28 35 45 76 64 34 41 23 27 50 59 48 24 12 12 18 29 24 35 33 67 85 54 49 39 86 90 71 39 20 10 13 28 35 39 40 38 38 39 35 28 34 49 67 40 22 39 29 8 29 42 45 40 45 6 68 106 71 41 21 25 47 71 69 45 34 25 10 2 11 26 29 22 16 11 20 36 53 77 88 80 67 42 20 15
9 11 7 6 6 3 0 9 11 25 11 15 27 25 36 44 31 22 36 23 11 62 40 47 60 61 54 49 40 9 0 16 27 24 59 100 140 24 39 31 47 58 53 31 16 14 19 23 37 28 29 38 34 19 15 23 29 44 74 65 52 55 31 7 24 40 41 27 31 13 68 102 60 39 36 49 55 55 45 29 17 35 37 20 13 24 28 21 15 12 24 42 52 60 56 39 37 28 23 27
22 31 31 29 30 17 24 38 22 34 24 24 21 11 20 21 20 8 20 7 2 61 43 49 69 73 48 27 27 16 9 28 0 1 46 94 136 14 15 0 26 28 24 10 4 20 39 46 35 31 30 31 26 21 29 44 34 32 56 56 43 37 21 16 10 26 21 1 9 13 45 58 34 20 36 66 65 40 21 10 18 38 44 27 19 30 36 31 17 16 32 51 54 48 33 11 2 9 21 33
10 25 23 13 17 0 13 17 35 43 35 34 22 10 20 17 12 15 35 21 8 36 26 25 40 66 34 0 7 30 24 21 39 33 1 11 31 24 45 48 30 21 16 9 2 15 32 33 20 39 41 21 16 37 59 65 35 27 50 53 34 22 13 23 14 23 16 0 11 21 30 32 21 5 23 58 62 39 16 1 13 20 23 22 23 25 16 4 19 16 29 44 43 36 24 9 3 13 26 33
32 48 40 24 34 14 30 19 24 30 27 33 26 25 47 46 22 24 37 23 16 18 25 15 15 48 26 0 27 40 15 3 29 42 19 9 11 39 47 53 32 14 13 16 7 9 15 6 8 40 54 34 21 36 52 54 26 28 57 54 31 23 20 31 33 31 26 23 27 26 21 33 29 20 27 39 40 38 31 16 14 8 10 19 23 16 8 7 43 30 29 31 23 19 21 18 19 24 27 26
23 39 28 12 32 18 35 14 19 22 20 29 26 33 63 64 41 28 22 10 23 22 46 28 29 45 28 28 60 43 4 5 7 25 46 14 15 9 23 40 25 0 0 6 2 8 18 12 12 39 64 63 40 21 21 29 18 28 52 36 12 19 28 42 44 32 30 37 32 16 5 33 42 46 45 28 17 32 46 38 33 18 13 20 19 18 40 70 82 59 43 30 13 12 25 31 43 44 42 37
22 49 36 7 16 32 27 21 5 14 2 5 16 33 57 54 34 28 34 37 27 24 29 29 23 62 49 42 58 44 21 5 28 20 30 38 21 5 11 21 26 25 30 27 8 35 30 36 48 32 30 31 51 25 21 26 10 41 33 19 18 24 41 40 34 27 19 16 17 21 22 22 40 51 48 21 9 0 42 60 72 45 33 18 3 35 38 81 97 63 40 53 39 59 62 59 66 60 47 32
27 66 60 22 12 16 15 20 16 23 13 17 17 14 27 23 29 32 45 45 22 6 5 4 28 64 42 25 37 34 33 35 28 22 34 46 33 23 33 45 59 67 71 49 5 25 37 63 56 36 28 24 41 17 15 22 37 58 44 33 32 32 46 48 53 45 35 29 26 25 22 20 29 35 33 18 20 10 48 57 47 36 46 43 23 37 18 48 51 34 35 66 58 72 67 57 35 32 23 12
10 51 51 18 10 14 15 22 27 32 30 40 31 7 9 8 18 28 49 49 23 7 12 18 53 83 50 15 14 12 22 37 17 13 27 39 29 24 39 54 51 62 68 45 0 20 39 71 63 39 26 17 34 13 16 28 60 65 43 37 36 28 38 44 47 41 35 31 31 31 29 26 21 21 19 16 30 23 49 46 19 25 55 63 39 37 3 24 30 25 40 76 61 63 46 30 14 15 12 6
0 26 21 4 18 31 24 19 23 29 34 56 45 12 12 17 12 21 40 42 22 17 36 50 73 100 60 17 7 0 4 16 6 4 17 26 14 12 29 43 23 26 32 27 5 33 36 48 64 39 24 16 35 19 26 40 71 62 32 31 32 18 25 34 32 29 27 28 32 35 35 33 21 17 13 14 33 22 42 34 7 18 54 63 37 35 4 28 40 35 46 72 45 38 20 5 11 16 18 16
