15 10 21 37 42 47 52 48 32 25 30 118 151 112 45 16 40 37 67 42 54 68 94 121 100 55 12 16 17 11 22 16 44 58 88 69 55 31 36 21 8 11 10 5 7 16 21 20 1 11 20 21 16 12 12 12 15 24 19 1 0 11 20 17 22 41 27 13 20 8 0 22 32 12 55 15 33 17 3 3 36 42 38 35 33 38 57 39 39 58 69 65 62 62 52 37 10 5 15 37
16 14 22 30 32 41 48 41 30 20 0 40 60 49 13 0 0 1 32 4 7 16 39 64 64 40 23 43 50 42 43 25 35 42 59 67 44 32 32 35 30 31 26 15 9 10 12 11 9 20 26 21 16 17 21 22 16 22 22 15 14 17 13 4 0 18 14 2 19 25 21 33 22 17 56 5 20 23 21 18 14 43 47 39 39 61 76 42 11 48 60 41 48 79 76 43 16 22 36 52
16 21 27 22 18 31 36 21 31 35 3 21 33 45 28 10 24 44 74 48 41 54 84 110 82 55 25 30 35 39 53 40 33 35 45 78 51 46 37 52 68 69 62 46 31 23 21 20 17 29 31 18 11 19 28 29 17 17 19 23 26 22 13 4 3 31 24 4 12 18 7 4 25 35 68 11 21 37 43 35 45 44 36 46 32 26 43 44 44 55 47 43 83 134 125 78 47 63 77 80
6 23 33 22 15 32 35 12 28 40 14 30 42 57 45 29 26 52 70 44 23 31 61 87 79 53 18 17 23 34 50 35 13 17 36 70 58 54 50 57 63 66 63 50 32 19 15 15 22 34 31 12 4 16 28 29 15 9 10 20 24 20 19 22 33 50 45 33 39 43 35 32 30 41 64 19 24 35 38 28 29 12 1 29 5 0 25 64 58 27 4 19 56 78 70 51 45 60 64 51
4 29 46 34 26 44 45 19 39 42 10 26 34 45 39 35 39 65 71 51 14 2 16 32 19 17 18 46 60 59 50 16 0 0 23 33 43 38 51 46 42 46 49 44 30 18 13 15 26 34 28 10 3 14 24 25 10 6 9 18 20 15 20 32 38 39 37 41 46 44 43 50 31 29 37 14 15 14 15 13 21 40 43 65 27 22 41 62 50 23 8 15 15 6 16 40 42 48 39 16
27 50 62 44 29 42 43 19 32 35 8 27 31 33 28 30 32 59 64 73 39 17 15 21 14 17 27 59 67 55 45 17 11 7 29 19 27 18 39 33 40 42 46 45 36 26 23 26 27 28 22 14 11 16 21 22 9 10 16 23 21 16 18 27 29 20 21 27 23 13 14 23 37 27 26 22 20 11 12 18 48 73 92 138 83 42 26 39 49 40 34 36 40 49 68 86 69 70 58 39
37 53 57 34 15 28 36 20 10 27 9 23 18 19 16 19 24 46 47 84 63 41 35 39 38 33 32 48 39 22 31 26 32 24 36 41 30 18 27 34 43 39 36 34 26 17 15 18 22 16 13 18 21 19 18 20 17 18 21 23 23 22 23 24 23 22 29 32 23 18 22 24 34 37 39 48 40 24 21 23 25 32 49 126 80 36 17 46 33 24 15 21 45 68 73 66 59 62 61 57
21 32 34 12 0 19 39 34 27 50 25 21 6 14 21 28 28 37 25 68 49 25 17 22 13 17 30 53 35 8 19 24 17 13 24 61 37 27 23 43 59 48 38 32 24 14 12 16 16 5 5 19 26 20 15 18 28 25 20 18 22 29 32 29 36 42 49 39 19 16 15 4 15 37 51 66 52 30 18 11 12 25 22 73 40 45 45 62 42 30 20 21 27 27 20 14 22 32 43 52
58 49 18 26 1 36 69 48 41 46 32 22 24 12 7 26 23 20 22 17 8 14 25 25 19 21 26 60 45 34 16 29 2 0 16 55 49 38 53 41 32 40 27 14 14 2 0 11 14 14 11 13 21 25 14 0 26 21 0 21 41 37 37 12 27 46 58 53 46 43 35 24 18 28 32 20 13 24 21 0 19 22 24 41 42 46 70 68 51 42 48 39 38 42 31 34 41 60 68 57
110 75 31 43 24 49 78 68 34 35 24 12 9 7 10 20 25 18 20 19 12 24 47 58 46 40 39 31 27 24 32 34 30 37 24 40 57 43 39 41 29 16 0 0 1 2 3 11 21 18 13 11 17 22 16 6 23 25 10 22 28 21 27 12 1 28 62 86 95 87 67 49 31 34 40 43 31 15 19 36 11 14 19 40 38 36 60 64 48 34 32 17 12 18 17 31 27 37 43 43
87 49 24 54 46 44 47 35 20 23 30 31 34 53 68 66 28 18 20 21 14 26 56 77 72 68 72 35 37 41 68 57 72 74 15 6 48 38 22 37 36 15 8 15 14 11 13 14 25 22 15 10 13 18 19 16 15 23 17 21 19 16 29 28 18 28 48 67 73 66 57 54 22 27 12 11 41 52 28 10 43 41 35 42 30 27 58 68 32 19 23 18 21 35 43 65 76 61 43 34
50 17 1 17 15 17 27 29 20 24 40 45 44 67 79 62 29 19 22 23 11 13 36 55 53 62 81 58 42 40 56 41 60 53 0 0 35 25 11 22 2 0 22 46 33 21 26 27 22 19 14 10 11 16 21 23 13 20 20 24 29 39 52 57 47 46 58 76 75 53 32 25 40 73 63 47 71 78 50 33 72 79 69 57 37 37 64 61 24 12 25 35 47 56 53 68 86 59 30 18
23 15 20 13 11 16 27 33 21 21 33 36 35 56 66 46 24 17 22 24 10 3 12 18 29 47 76 88 43 34 28 18 24 27 25 41 36 18 25 24 15 11 35 53 35 19 21 19 15 13 11 11 12 15 20 24 22 19 20 23 39 59 64 64 50 26 20 48 71 61 33 13 16 22 12 23 54 43 19 28 53 80 81 65 51 63 82 58 39 18 27 41 51 43 19 20 53 39 27 25
3 18 44 23 23 23 22 21 28 24 24 24 28 45 52 42 20 15 21 24 17 17 18 10 19 29 61 94 44 39 33 29 12 30 55 53 3 0 30 22 45 32 28 27 18 12 11 6 11 8 8 12 15 15 18 22 24 14 16 12 28 50 43 38 74 32 10 44 95 108 82 52 40 30 6 10 47 57 33 17 33 57 53 41 42 74 102 79 50 22 28 46 59 48 17 16 69 63 52 42
18 18 33 0 11 20 26 37 45 41 29 25 31 29 19 16 27 21 22 25 33 51 54 38 11 3 33 55 25 25 37 25 13 46 60 33 0 14 48 15 27 29 17 7 11 15 14 17 15 9 7 13 16 15 15 18 17 11 18 6 13 32 19 17 37 16 14 47 86 90 57 24 55 75 71 43 36 49 43 23 27 32 21 19 27 55 83 67 39 12 24 52 70 61 35 39 76 71 53 29
12 8 32 11 38 40 32 37 40 45 39 46 64 54 34 36 38 30 26 27 45 78 89 70 28 4 31 28 15 12 37 9 30 82 88 61 64 110 114 42 52 77 70 45 36 24 14 19 20 11 7 12 16 14 13 16 15 15 30 13 12 28 16 20 34 28 24 29 37 39 34 29 18 8 15 36 49 55 49 33 15 12 8 24 29 29 34 13 24 1 18 48 63 49 22 27 41 47 39 21
17 19 41 17 56 71 50 28 14 21 18 60 83 55 41 28 40 50 38 22 46 88 85 49 19 17 38 23 9 36 35 7 59 121 140 89 100 161 138 66 116 169 99 44 42 26 28 19 18 18 19 19 19 17 13 11 16 18 28 27 17 23 35 36 33 13 28 43 34 53 86 90 39 0 9 20 32 34 46 6 5 5 11 21 27 24 19 17 28 13 13 35 30 24 39 26 17 13 40 8
46 34 39 16 52 63 42 23 16 34 22 28 31 16 19 12 29 31 23 17 31 53 53 37 1 19 37 27 34 48 30 22 93 146 154 92 64 77 94 71 166 165 70 18 13 0 17 25 28 27 24 17 10 8 10 14 13 21 31 25 19 34 52 51 10 2 23 33 11 12 33 33 14 4 33 30 19 11 33 17 12 26 28 17 11 18 30 39 60 41 25 29 16 18 53 60 34 28 48 18
31 24 30 18 42 44 33 31 51 74 52 22 13 18 31 27 12 9 10 16 19 21 27 34 9 22 25 30 74 85 44 39 73 95 89 60 43 13 44 34 111 89 33 35 42 16 19 18 26 27 26 18 10 7 12 18 19 28 35 26 18 36 56 54 18 1 13 34 35 38 31 6 24 30 46 26 12 11 37 38 29 46 38 14 11 25 38 46 28 38 49 64 46 25 35 30 39 33 43 19
8 23 41 42 43 30 29 47 67 74 46 15 19 36 39 28 1 3 12 20 18 13 23 39 27 20 16 18 51 72 59 69 55 54 36 41 52 8 37 19 87 49 13 31 36 16 20 13 15 20 25 27 26 25 26 28 33 31 34 29 17 23 37 40 21 0 0 26 50 61 44 10 21 20 18 14 31 48 47 29 37 38 16 2 19 27 19 16 17 32 39 50 34 11 15 11 42 39 41 31
33 51 58 66 52 30 29 50 65 48 21 12 40 59 37 15 7 16 25 26 20 18 23 30 19 11 29 16 0 15 48 77 50 56 36 39 37 0 33 26 66 34 12 19 17 13 23 16 14 15 19 27 36 41 42 40 36 22 23 28 18 11 20 28 22 12 11 22 34 44 39 25 10 10 14 44 84 105 69 21 53 40 11 11 37 30 7 11 57 62 47 45 38 23 29 28 26 29 26 32
53 58 38 51 44 32 29 40 64 38 20 23 59 75 38 16 27 33 35 30 26 24 19 11 9 5 45 48 21 28 36 32 22 39 26 35 24 11 25 20 19 14 18 23 22 26 27 17 17 12 9 14 25 35 38 38 27 10 11 22 20 19 26 31 35 25 13 13 26 37 34 26 27 28 40 73 86 102 71 32 53 45 18 18 40 22 1 22 68 73 53 52 55 39 32 24 13 22 14 35
37 41 9 28 26 28 31 39 44 34 31 21 41 57 29 23 46 38 33 36 41 37 22 7 18 15 40 60 80 87 44 7 29 37 23 41 31 50 36 32 28 27 25 12 8 14 16 20 19 15 11 13 19 26 29 30 24 15 13 15 21 39 47 38 35 28 11 6 22 32 24 16 28 31 49 69 35 45 48 40 31 39 16 11 34 17 0 12 48 48 14 7 20 16 17 17 23 33 20 51
19 37 8 28 21 25 36 47 31 41 51 23 23 42 31 41 54 34 27 43 58 52 32 19 30 30 24 31 84 103 57 36 65 61 33 40 11 48 33 53 15 21 25 16 17 18 11 21 21 24 27 29 30 30 29 29 29 28 22 10 20 54 63 39 37 52 49 34 27 24 24 32 15 26 60 83 24 30 52 60 37 55 34 28 60 51 16 18 26 34 7 7 26 23 21 20 15 26 8 43
38 43 32 31 24 22 45 54 54 37 38 19 35 44 68 57 41 31 34 38 57 71 37 11 24 25 21 17 25 41 47 43 53 69 51 39 14 47 26 68 11 27 31 18 10 17 19 12 24 44 45 41 45 31 17 25 31 23 25 18 28 40 42 46 60 49 59 11 23 40 40 36 17 37 66 48 52 80 68 61 65 58 23 59 48 77 67 53 40 25 20 59 64 74 46 27 16 11 0 53
50 47 39 46 31 12 41 70 52 38 41 27 49 67 90 76 30 27 56 43 56 40 26 14 10 21 25 17 8 7 9 10 8 28 31 13 9 33 25 51 16 25 22 6 2 13 19 16 31 42 50 57 58 41 20 14 11 29 22 36 33 32 25 21 62 72 58 2 3 31 46 50 46 46 53 44 74 114 87 52 69 43 3 34 35 62 70 67 34 26 31 56 63 78 75 66 37 32 25 75
38 33 25 44 51 43 54 58 48 36 31 18 40 71 99 88 43 58 101 51 49 19 25 15 28 36 39 30 16 10 11 14 17 31 41 21 30 41 43 55 44 45 34 16 14 28 37 35 24 15 20 30 26 18 13 7 34 72 59 73 52 43 39 39 89 107 53 5 4 38 53 50 43 80 118 90 31 1 10 48 74 55 32 51 48 53 72 78 50 45 51 41 38 41 57 53 29 24 25 64
59 67 49 43 48 54 54 26 32 28 25 13 18 41 56 43 32 64 101 40 30 26 38 27 34 28 21 16 14 17 24 30 39 35 31 30 32 38 39 52 47 44 30 15 14 26 31 27 25 10 18 24 11 12 27 29 32 63 68 53 33 43 74 109 153 153 67 44 53 78 73 54 27 24 29 33 41 47 42 40 32 45 57 62 41 24 49 55 28 28 41 18 18 19 48 46 26 18 24 47
50 69 55 35 19 21 38 32 33 42 51 47 30 32 28 13 0 17 44 26 17 29 32 40 33 22 14 14 15 20 32 46 43 29 10 46 28 31 22 40 34 32 23 14 16 23 23 16 20 19 37 39 17 15 31 33 0 35 100 78 51 51 70 98 163 140 56 54 63 73 62 46 20 36 34 27 35 49 39 8 5 30 43 38 14 7 38 41 20 20 34 15 18 21 47 41 30 18 28 33
37 40 37 49 40 19 28 34 30 36 41 46 23 30 34 39 8 3 24 40 26 12 5 38 49 40 37 40 36 31 41 57 48 41 24 74 36 28 14 28 28 28 25 22 24 28 26 20 18 26 33 22 5 9 21 23 14 46 121 125 85 89 108 107 109 75 29 27 23 26 34 36 35 62 95 125 100 40 21 20 37 40 24 22 3 14 41 45 44 36 39 27 22 22 32 25 33 19 35 23
74 63 51 70 65 30 18 10 10 3 0 14 0 11 27 50 40 32 58 51 32 1 10 48 67 43 30 39 46 40 35 39 38 48 47 76 34 16 23 25 21 21 18 14 14 15 15 11 26 38 29 12 20 37 39 33 43 65 76 137 91 145 208 183 71 34 37 24 12 23 44 47 61 89 133 177 121 19 11 46 52 43 21 49 25 28 35 44 46 34 28 33 23 32 36 38 41 26 51 30
63 65 47 39 22 6 14 12 16 7 6 33 13 19 22 42 31 44 84 34 24 6 46 77 89 41 9 26 55 57 38 24 27 51 67 71 37 20 55 50 31 29 23 15 11 11 11 11 9 32 25 19 51 73 54 31 50 94 76 209 149 201 249 169 52 13 47 27 19 38 59 47 38 52 46 58 53 32 37 24 40 43 44 110 78 59 44 61 58 43 26 39 20 31 32 41 32 18 48 24
41 34 28 22 9 0 5 20 49 31 35 44 28 14 23 38 16 0 43 26 18 22 49 74 69 27 9 63 55 37 29 25 21 30 28 55 20 34 59 44 27 13 33 5 17 20 21 26 28 37 23 60 67 50 80 67 80 106 122 224 167 163 178 66 18 45 54 18 23 16 36 52 25 13 26 39 22 11 14 10 17 20 53 112 105 56 45 45 58 49 21 46 23 26 41 30 25 22 33 25
36 28 30 40 36 20 18 30 25 18 14 2 0 32 48 25 0 8 37 31 27 29 33 31 50 31 30 76 52 29 28 29 31 17 0 18 0 18 53 52 15 8 33 20 37 39 34 34 27 70 56 63 28 80 78 121 116 121 183 72 97 120 90 37 0 38 31 19 15 27 43 40 55 57 73 78 53 25 16 17 33 31 44 77 61 20 18 18 30 26 13 23 19 30 45 44 31 7 14 27
62 48 46 55 50 31 23 29 49 58 56 28 34 95 97 22 8 30 17 17 24 43 47 38 36 30 32 69 43 35 47 53 16 21 33 62 31 22 41 49 34 19 27 16 28 28 24 24 25 24 48 99 52 48 58 213 117 118 102 105 93 109 107 99 35 115 50 27 70 86 30 16 80 98 93 64 40 25 16 14 27 58 51 22 6 30 53 23 20 14 13 1 25 38 31 26 19 5 15 21
73 59 42 30 20 11 9 10 14 24 32 18 34 103 104 22 41 59 8 10 13 27 31 29 13 6 3 41 37 59 88 94 43 40 54 74 54 42 58 74 65 45 33 24 23 14 4 0 26 56 73 39 68 129 224 254 183 52 46 62 21 88 136 79 57 86 66 72 103 81 11 25 42 73 55 11 12 28 15 0 2 12 32 62 51 24 26 21 5 18 42 7 30 34 18 23 30 53 72 45
69 63 41 13 4 16 22 18 23 15 18 17 29 74 85 44 35 54 19 41 42 35 26 25 22 17 10 41 31 50 71 69 54 30 33 51 71 74 66 56 60 48 38 50 47 31 13 5 0 21 43 43 39 9 195 232 244 122 171 173 25 66 200 209 255 72 66 87 54 19 2 1 30 53 50 49 79 89 58 30 13 13 31 70 60 22 19 18 19 52 87 33 23 10 5 26 46 75 95 61
73 66 43 17 15 32 37 28 28 20 22 28 29 32 35 34 25 33 26 47 51 41 31 31 30 31 31 59 35 37 45 37 31 28 51 58 88 87 54 23 38 29 12 41 43 39 37 40 37 32 3 55 85 103 255 255 254 169 152 148 37 31 117 162 204 33 17 10 8 31 51 36 28 19 28 66 93 74 44 37 26 38 28 15 10 29 52 33 34 55 70 40 32 33 34 41 45 44 55 45
81 55 26 15 21 28 25 18 14 29 38 47 51 38 37 59 49 30 33 20 25 34 41 40 32 23 17 54 46 59 72 65 50 59 75 40 63 84 78 64 47 32 0 24 20 22 35 49 42 66 64 70 58 49 47 36 107 114 175 103 167 158 121 135 67 104 84 39 51 74 82 77 45 29 43 72 69 46 42 53 37 17 7 29 25 9 23 26 12 28 33 49 49 67 79 68 43 29 34 30
106 59 23 26 40 39 33 33 24 51 46 33 35 24 27 61 59 31 49 22 44 87 115 114 90 49 11 41 44 66 79 68 65 67 68 14 54 104 113 100 74 60 17 41 23 11 15 25 54 64 76 18 61 130 120 184 186 200 45 110 227 246 233 254 142 187 87 52 56 72 77 48 27 37 66 71 44 38 55 60 85 70 47 44 31 20 27 12 17 53 63 85 40 35 54 47 28 30 35 14
91 84 26 37 44 57 47 30 26 52 60 16 47 22 52 93 56 26 37 61 65 87 116 114 88 69 23 28 29 54 60 34 32 29 37 55 53 70 103 90 68 43 59 89 64 39 10 43 36 69 58 163 94 103 88 106 138 133 39 89 169 206 215 255 206 121 51 75 92 76 80 35 55 56 72 47 48 27 32 51 51 53 36 68 40 26 32 35 50 85 122 75 32 23 61 56 42 34 33 13
108 89 19 16 27 51 53 42 28 40 46 18 63 60 91 112 61 26 27 46 44 48 48 26 26 13 37 51 59 57 36 12 6 22 33 71 80 43 36 52 27 15 62 78 62 76 69 63 83 79 78 36 47 146 141 63 46 160 176 250 234 255 255 243 255 157 242 177 198 152 112 117 94 83 58 86 90 58 50 54 53 52 31 64 53 36 30 35 40 48 83 92 84 83 101 94 56 48 51 37
81 76 28 16 20 43 54 56 34 28 33 15 57 71 99 92 31 8 15 33 35 42 47 35 15 20 64 32 39 70 68 40 25 46 44 85 107 36 6 52 66 18 52 56 17 29 58 94 95 33 78 91 55 145 35 173 57 124 212 255 226 254 233 233 236 131 223 178 149 123 89 82 174 153 70 91 74 44 41 35 54 48 25 61 78 60 40 48 44 23 39 80 69 53 39 32 43 31 34 26
15 50 54 42 31 35 44 53 36 26 37 21 37 52 77 57 40 34 41 40 24 30 56 71 43 60 91 80 58 74 73 39 34 46 34 65 89 40 19 52 30 3 51 98 64 50 21 72 74 61 94 119 85 202 74 218 255 118 254 153 143 208 255 249 89 171 216 201 119 38 24 61 67 85 46 51 41 30 31 18 33 25 8 46 92 83 58 72 72 48 56 100 73 56 42 50 41 21 18 9
0 40 75 57 40 31 29 35 27 27 49 36 24 30 54 38 44 49 54 42 19 15 38 59 80 72 63 132 72 32 30 20 22 25 21 41 57 61 66 50 48 48 42 58 41 61 0 58 56 102 116 83 31 159 158 171 255 236 194 57 65 255 210 255 163 231 223 206 55 3 48 32 38 58 73 56 64 57 57 56 62 48 35 54 100 89 61 72 47 28 30 62 38 42 46 58 46 24 15 2
23 60 88 51 39 31 22 20 15 21 43 37 12 7 23 18 17 25 32 34 30 26 27 31 66 59 17 97 26 9 33 22 29 23 21 26 28 71 107 70 58 65 40 31 41 109 105 253 255 187 126 4 98 142 125 255 207 252 247 255 25 239 255 193 144 98 243 99 39 9 61 54 31 21 39 21 37 17 12 26 15 5 14 25 74 83 76 90 56 31 25 40 33 48 57 52 40 29 28 12
57 84 107 51 39 33 26 25 12 12 23 28 15 7 10 11 28 32 31 32 38 34 22 17 19 40 25 65 11 42 74 35 37 34 32 30 17 45 86 66 58 72 92 47 30 36 9 119 197 255 255 159 6 255 174 177 237 255 244 226 253 228 199 81 128 188 36 60 25 27 29 20 8 26 40 60 75 57 48 43 54 40 56 37 58 66 68 75 53 25 28 39 52 62 72 54 27 41 60 45
61 96 129 64 44 35 32 38 17 8 9 29 35 33 27 30 46 48 38 31 37 38 35 40 42 39 46 58 18 61 104 83 43 56 66 72 47 33 51 49 76 97 148 76 108 163 151 179 213 203 237 210 236 165 187 255 255 175 255 255 252 205 254 69 74 21 82 69 30 37 31 0 12 59 26 33 16 12 16 0 7 0 29 7 24 46 67 75 43 17 32 39 52 43 52 30 0 34 71 58
36 95 112 92 62 46 42 34 18 17 28 46 56 54 49 45 51 54 52 42 29 24 45 50 31 51 60 73 28 62 97 76 33 59 64 101 105 26 10 74 80 99 178 238 154 57 97 156 247 124 127 209 247 177 244 250 250 247 236 209 216 252 179 16 144 0 77 96 50 40 31 13 39 67 71 71 66 61 54 53 28 27 59 12 27 14 29 48 27 29 69 50 33 28 39 33 3 6 40 77
47 78 112 79 69 54 52 29 27 31 46 65 85 94 62 12 26 74 75 43 29 29 42 58 28 22 72 73 51 52 74 65 45 55 61 96 84 9 7 69 43 64 128 215 224 155 204 108 152 81 187 44 193 228 123 223 236 224 255 239 255 227 206 155 49 8 67 95 35 9 26 41 73 105 73 54 53 60 74 43 25 21 56 28 41 11 19 43 51 63 107 75 39 30 58 74 32 24 40 66
71 54 87 29 29 32 60 56 54 39 29 29 57 101 81 11 23 94 105 62 26 12 22 68 70 23 82 57 54 19 38 43 10 28 47 73 55 12 20 44 42 71 103 222 255 238 255 255 255 240 236 255 242 203 213 245 255 255 254 251 248 210 107 76 28 35 43 55 43 14 58 65 31 88 84 70 39 14 55 45 4 0 32 31 55 29 41 72 55 48 85 71 60 53 57 47 49 31 33 49
37 13 79 55 44 36 40 45 45 30 23 26 56 111 111 54 15 35 50 47 15 12 22 68 98 42 66 45 48 0 19 15 13 33 38 37 32 49 74 59 77 3 108 225 232 255 223 234 220 244 255 250 183 107 118 185 231 205 156 145 167 147 54 72 45 34 27 23 70 64 106 71 20 43 47 20 12 18 51 41 22 9 21 24 53 39 54 77 58 24 46 56 81 83 64 27 33 16 15 25
25 0 62 85 69 58 30 34 32 19 16 22 45 94 127 123 62 7 11 34 6 37 36 31 79 51 33 51 59 14 41 15 4 25 28 39 55 74 85 60 108 76 187 159 250 255 210 254 255 255 177 254 255 216 201 220 253 255 216 64 85 54 49 61 58 33 45 54 69 103 93 34 33 38 87 35 34 64 60 45 37 23 12 15 49 54 68 75 46 11 32 39 60 65 63 45 28 19 22 27
58 13 26 47 46 53 34 41 40 30 20 20 31 55 102 149 102 40 48 52 0 40 39 10 85 68 16 52 63 38 74 50 0 11 11 50 82 64 72 104 106 162 255 253 247 238 240 255 238 131 53 248 235 255 248 254 241 250 183 74 74 54 53 58 67 31 36 77 54 146 97 50 57 22 113 86 71 52 25 52 43 31 5 15 49 58 69 67 24 0 29 36 44 41 47 43 21 20 26 27
58 40 38 31 44 39 34 22 30 40 39 48 59 51 71 128 87 46 66 70 0 44 43 42 109 75 22 44 56 34 66 64 37 53 27 49 78 43 86 207 135 249 213 229 209 206 179 242 255 255 241 255 255 209 230 245 255 167 32 94 73 38 19 84 54 12 7 45 54 156 140 120 109 14 58 44 55 40 34 67 81 58 13 22 37 27 34 37 25 4 43 51 52 40 46 48 18 16 18 13
62 77 79 34 50 29 48 28 17 27 13 16 42 39 62 130 123 69 74 96 49 75 46 66 104 56 31 40 54 18 30 43 22 81 69 76 90 32 69 216 137 255 247 255 251 253 227 255 188 247 254 246 255 249 243 255 255 187 60 96 67 40 45 63 60 26 28 14 52 93 123 119 99 65 104 49 50 72 109 111 92 59 6 20 27 9 23 42 24 10 50 46 30 17 45 70 57 49 40 26
50 84 93 52 59 48 32 13 7 26 40 32 33 67 92 85 109 110 31 135 76 50 49 81 88 23 35 40 60 33 59 45 31 50 37 140 113 75 96 140 202 242 249 233 238 244 207 255 232 255 255 230 245 245 255 243 209 160 93 60 52 34 43 86 67 31 32 13 48 31 68 80 61 106 104 57 62 123 149 124 67 30 55 17 35 9 11 50 40 31 34 34 0 6 53 63 47 43 51 68
16 40 74 44 44 36 22 18 31 35 46 65 96 118 98 54 92 80 17 84 34 7 30 83 88 47 62 46 46 30 79 87 41 71 33 54 82 146 149 96 232 102 232 248 255 244 91 244 248 245 203 255 255 238 233 255 217 103 9 14 37 18 34 100 46 19 21 22 65 66 83 78 1 48 50 10 26 99 131 107 32 32 73 26 30 3 18 74 52 19 31 36 27 25 46 47 2 13 40 71
23 10 58 40 43 44 26 31 27 12 9 41 96 126 103 62 74 55 20 35 28 25 46 67 52 38 59 34 27 21 69 75 45 37 24 26 27 41 66 88 123 139 153 118 132 221 255 248 255 217 100 213 255 239 125 77 35 58 67 73 96 100 68 35 51 35 25 26 38 38 33 24 26 28 24 15 14 24 33 36 51 32 41 18 69 60 39 54 49 5 38 33 41 32 40 47 68 61 53 51
76 18 57 43 55 66 38 41 45 27 6 11 39 57 53 45 38 42 42 4 28 59 76 57 29 24 39 20 28 35 59 43 41 32 49 26 47 75 97 116 70 104 118 166 152 204 253 213 248 255 204 255 249 222 99 91 25 52 75 77 65 54 57 69 87 78 58 55 24 13 8 25 35 14 8 21 22 13 22 45 19 15 29 25 72 56 34 55 60 32 81 37 30 13 21 39 48 50 48 42
92 28 60 45 57 66 35 37 46 46 30 19 22 18 14 25 0 21 50 0 11 38 62 53 39 39 47 41 60 72 75 50 16 31 64 20 60 113 114 85 75 75 129 214 200 255 247 219 249 241 204 185 160 141 39 77 21 16 49 90 74 25 19 49 83 75 59 71 34 25 27 65 71 65 43 15 6 16 25 24 5 11 33 46 73 46 33 62 75 72 117 44 22 4 4 13 24 37 49 52
50 19 54 38 48 48 26 31 23 32 21 15 30 29 22 33 5 8 29 23 30 26 26 28 30 44 64 74 86 80 63 42 42 58 95 58 59 60 51 40 23 44 92 214 201 222 205 187 201 224 239 117 61 60 21 85 7 14 39 55 43 33 35 35 63 51 37 56 35 28 20 43 34 37 37 33 33 39 44 45 50 26 22 47 77 62 35 22 41 55 87 33 31 31 26 16 25 20 13 6
12 14 39 26 50 52 43 42 39 45 21 12 41 50 38 42 63 37 13 43 43 35 20 25 34 43 53 66 66 45 21 14 39 67 82 42 34 40 25 0 15 34 76 76 58 84 65 65 129 185 235 111 69 89 94 140 47 19 23 38 22 8 23 41 51 48 39 44 37 38 25 21 22 18 35 61 61 39 34 50 55 36 28 38 44 49 36 1 6 26 36 21 39 57 59 47 23 11 4 8
9 22 28 18 63 75 72 61 51 62 39 34 72 87 71 70 110 82 17 32 8 24 36 62 77 57 31 29 27 11 0 12 45 69 82 66 34 14 20 30 7 10 13 11 32 8 22 18 62 87 136 81 68 66 87 135 53 22 24 47 51 53 56 46 14 31 36 30 35 52 53 41 38 45 51 50 44 39 42 46 65 44 30 36 46 80 76 15 19 36 24 24 40 56 67 64 41 15 0 4
15 11 15 37 67 84 74 55 61 63 47 85 68 63 76 79 99 82 37 7 17 28 34 50 72 51 32 28 30 27 24 23 51 55 53 41 29 26 28 30 14 2 11 18 37 57 48 49 18 0 9 11 26 57 28 85 26 18 17 82 75 67 65 53 5 12 21 18 11 22 31 23 10 22 13 14 46 58 39 25 37 25 36 53 71 105 95 32 32 48 19 9 33 48 53 43 31 29 31 38
54 53 42 34 45 55 46 29 44 45 55 82 53 22 29 48 35 42 46 50 52 39 20 14 34 25 14 17 33 45 35 16 26 21 19 20 19 17 23 31 23 31 40 16 9 26 24 24 8 4 18 42 60 65 12 32 0 19 34 67 49 58 65 45 37 36 36 36 41 55 56 41 46 26 4 13 47 58 38 19 19 37 60 57 57 88 73 4 3 23 12 6 8 11 26 26 35 45 54 54
21 50 70 65 45 24 25 44 10 34 57 25 26 56 55 19 21 17 27 36 30 28 35 40 22 45 52 32 16 22 31 32 26 18 19 33 42 41 41 46 41 39 46 41 58 77 51 26 65 56 24 28 34 42 31 58 43 33 20 39 25 25 36 37 23 44 57 45 32 43 73 95 66 39 24 27 30 34 37 33 11 10 35 52 39 32 25 2 16 23 19 21 12 19 59 74 68 63 52 39
37 22 15 42 75 76 81 110 66 38 51 23 38 49 40 24 6 0 12 24 8 3 14 16 20 60 84 58 15 2 21 42 34 32 35 48 60 60 48 37 27 18 38 72 119 133 81 36 72 85 40 37 22 21 42 77 81 55 31 29 12 4 21 44 52 58 53 44 47 53 57 61 55 40 39 32 16 27 53 57 35 13 25 52 42 21 24 35 29 18 15 27 19 35 92 115 97 58 17 3
46 30 10 33 80 82 65 74 76 42 62 43 47 36 26 27 20 17 40 55 38 26 27 20 38 53 70 73 60 46 46 52 27 31 30 30 38 44 29 6 12 33 66 78 100 116 75 35 40 74 44 55 43 32 46 63 65 41 13 7 51 84 63 22 40 46 40 40 54 48 27 19 36 32 32 21 15 47 72 62 45 39 40 44 44 42 35 23 22 23 37 58 38 29 67 84 70 27 0 0
9 41 45 53 82 71 29 16 31 22 42 46 54 53 35 12 37 50 74 87 84 86 93 95 64 50 43 50 56 55 54 57 40 39 34 30 34 38 29 13 18 52 68 32 32 67 50 16 46 70 40 60 69 69 59 53 48 11 0 1 80 116 83 42 49 55 37 26 35 28 16 24 28 43 45 20 9 35 58 53 47 38 37 47 51 35 11 0 16 46 79 102 69 22 22 25 18 5 9 30
30 31 16 50 120 119 66 46 51 10 6 67 66 24 7 14 24 64 96 102 100 93 86 87 47 39 27 19 21 31 41 47 59 51 51 60 60 48 40 41 31 37 32 0 5 43 40 24 62 71 41 59 80 86 47 24 28 22 37 20 43 41 50 85 117 86 28 11 44 48 21 14 31 54 50 22 8 16 30 42 55 41 35 50 57 35 17 21 18 47 65 85 73 28 11 7 15 23 35 41
43 29 25 86 146 101 35 40 34 38 24 58 30 14 26 34 69 113 121 94 72 52 39 45 22 32 36 35 48 66 67 54 55 41 51 79 76 44 31 44 58 38 38 36 44 57 63 84 91 77 27 19 35 55 25 16 35 46 54 1 19 31 30 39 61 53 19 11 42 43 26 34 41 43 23 9 23 28 25 34 36 50 38 17 26 46 50 45 37 43 27 45 69 56 46 43 51 56 46 24
58 30 37 108 121 56 15 5 28 33 59 24 10 15 41 54 99 101 117 39 32 12 15 17 22 28 36 48 70 86 75 52 52 22 19 58 34 22 22 48 66 82 105 54 64 83 68 56 61 58 22 3 23 23 9 18 60 61 48 0 33 70 53 11 0 0 34 21 43 34 20 25 48 46 6 24 41 50 43 50 61 40 38 5 19 39 66 61 57 24 6 22 53 80 75 49 37 43 36 16
17 5 12 60 68 35 38 54 43 17 32 23 31 27 31 31 26 30 57 0 8 12 30 27 13 16 29 32 29 40 49 40 43 49 22 16 26 23 6 23 62 99 126 42 26 56 47 15 18 26 15 9 22 27 29 45 81 55 48 26 40 26 25 48 44 33 40 9 21 21 15 19 57 50 14 33 48 69 66 56 72 44 43 24 25 21 43 49 54 31 16 26 61 91 65 8 12 13 8 0
33 23 7 22 28 24 46 59 45 23 35 18 26 35 51 55 10 11 44 8 21 46 77 60 20 22 47 49 20 26 53 55 61 32 0 28 74 11 13 127 121 66 72 38 13 0 6 34 43 57 61 42 19 21 55 92 88 64 50 19 31 18 24 58 39 28 27 3 20 42 53 56 59 40 9 26 26 55 64 43 28 29 45 39 35 35 62 69 37 38 62 81 64 43 44 53 17 13 11 15
26 37 37 59 80 82 72 41 14 41 72 19 0 12 49 61 33 32 60 40 47 78 112 82 36 32 65 71 31 34 66 66 66 75 50 25 58 26 69 184 158 57 45 33 28 17 23 42 61 64 66 45 10 8 42 72 52 37 23 2 49 55 36 34 28 27 28 16 26 54 73 70 48 19 0 20 0 17 43 31 31 52 52 25 10 28 60 51 30 34 62 76 40 7 23 57 44 36 40 57
32 61 66 69 74 77 72 41 25 62 106 52 14 9 28 30 23 26 47 40 42 67 97 64 33 22 46 52 22 33 64 57 57 81 69 14 19 25 90 161 140 46 54 69 80 61 43 43 41 35 39 40 27 23 30 34 40 21 14 25 102 101 53 36 31 33 30 28 25 58 92 95 51 26 25 55 8 6 38 40 62 63 29 10 5 33 61 40 18 55 79 51 7 5 29 39 51 42 49 71
57 96 97 73 45 39 58 55 64 53 75 55 45 28 21 12 16 26 37 40 36 43 62 38 20 11 22 24 16 44 76 70 75 43 32 36 30 3 42 112 75 24 57 69 78 61 46 52 44 54 62 55 35 20 32 56 64 58 37 19 89 98 52 32 45 40 27 35 24 63 116 130 75 64 74 102 42 23 43 44 49 34 4 45 65 80 93 73 23 48 69 53 18 14 35 47 46 37 39 54
40 76 89 91 82 76 83 69 50 14 22 21 42 38 22 3 21 42 43 53 44 29 37 26 18 23 27 18 20 53 79 76 89 90 63 45 35 32 24 40 17 47 79 15 14 52 52 31 47 71 72 48 19 0 21 73 86 82 52 14 69 67 25 17 68 53 29 45 18 43 87 95 66 70 74 90 41 34 46 35 36 40 24 79 79 76 91 84 57 17 9 34 41 29 23 22 43 33 26 27
50 41 18 30 62 84 91 66 20 7 31 27 50 56 38 4 11 39 37 53 44 18 20 20 22 41 42 20 16 38 52 47 76 121 88 55 55 78 51 50 45 59 81 24 15 19 16 28 35 52 43 32 32 15 20 61 114 82 67 81 135 78 19 46 49 34 15 46 15 25 53 48 24 37 32 39 13 33 49 31 25 57 40 58 21 25 74 91 64 44 36 37 26 18 20 20 40 29 15 3
26 9 24 0 31 55 45 28 0 29 43 44 58 61 40 20 29 38 12 32 33 27 12 25 48 44 34 13 0 10 21 15 69 84 66 36 39 58 51 34 63 87 48 58 30 32 21 46 43 32 29 24 38 45 30 38 67 60 42 157 148 106 33 58 43 31 30 45 52 43 34 34 30 23 3 0 0 31 64 21 19 56 65 5 4 2 26 63 62 54 46 43 43 42 34 25 45 31 16 8
1 21 57 37 31 20 27 32 13 15 2 8 41 47 33 35 69 70 27 34 34 13 47 54 49 55 43 21 15 23 25 17 52 41 7 14 11 22 0 0 49 67 29 31 21 38 45 65 80 69 56 41 59 74 48 35 39 48 43 102 88 61 33 46 51 47 56 76 82 68 51 44 39 32 16 27 36 49 60 24 12 39 48 33 25 1 13 42 28 11 18 72 84 67 35 34 43 36 31 32
16 42 62 55 42 21 41 46 67 43 12 11 26 22 19 37 63 67 45 50 52 4 70 60 8 35 35 26 46 64 62 60 36 20 0 49 48 44 1 11 46 66 43 36 37 47 52 48 39 46 56 58 91 108 63 27 7 29 38 49 31 28 49 53 34 35 46 63 68 54 36 26 22 31 21 27 34 32 42 44 54 78 44 20 1 20 62 70 36 19 28 90 102 78 33 25 18 19 24 32
35 57 44 35 25 22 60 63 56 31 30 33 17 23 52 67 37 38 59 59 59 2 60 48 0 35 33 20 42 54 46 50 31 32 32 68 68 53 22 31 41 63 57 50 54 55 59 39 39 39 37 28 51 68 39 20 26 35 35 40 10 13 40 39 25 23 25 30 31 25 18 13 51 65 48 39 51 41 29 34 45 82 59 73 50 62 90 68 54 51 55 56 61 46 24 1 10 11 17 25
44 87 76 52 16 17 65 81 40 16 41 51 21 50 97 84 36 19 61 49 42 7 37 48 48 72 53 27 38 43 39 51 63 80 86 50 42 21 26 29 64 73 64 56 48 40 44 24 36 37 42 32 35 37 21 30 46 33 17 55 28 31 38 42 41 38 31 24 22 25 27 26 45 53 34 35 84 92 42 16 12 27 26 97 79 38 33 23 33 40 56 17 26 8 20 3 38 33 30 32
45 91 99 82 34 24 39 53 44 20 31 34 21 58 83 45 24 8 47 48 35 24 18 49 92 90 60 35 41 48 53 67 75 104 117 47 38 16 38 32 66 64 59 80 64 46 36 17 18 37 64 64 58 49 39 62 69 47 19 65 51 47 40 48 41 43 37 25 20 27 31 31 14 22 11 8 58 83 46 32 60 48 16 40 37 14 13 10 27 25 49 36 47 16 32 34 50 39 30 28
21 39 62 75 42 25 0 8 27 25 9 7 38 60 44 20 24 29 31 65 41 38 6 38 97 70 41 31 33 31 26 24 32 57 70 34 41 36 56 58 44 30 31 99 91 79 58 45 54 67 74 45 30 34 42 72 99 88 53 50 43 25 23 24 37 43 38 24 20 30 38 37 45 47 43 20 31 45 37 60 109 103 65 37 65 75 61 36 49 31 33 61 65 46 33 42 36 23 13 14
5 5 41 75 50 31 0 20 54 80 44 33 87 78 27 29 58 75 28 77 39 35 1 30 76 40 25 39 48 42 25 8 7 10 8 13 36 57 80 104 76 39 20 97 83 74 49 44 41 62 68 30 14 25 28 44 74 84 59 15 27 12 34 32 53 59 53 36 33 48 60 62 52 43 50 41 47 55 51 85 103 83 63 47 110 116 87 70 56 32 1 48 43 56 18 20 26 14 7 14
19 21 36 92 53 33 47 47 73 70 79 67 81 64 60 42 60 68 49 63 22 32 18 38 77 27 48 55 72 46 25 24 12 32 38 18 13 52 83 78 61 46 76 54 56 48 35 19 23 24 42 49 29 42 12 16 25 46 42 18 35 38 28 43 65 50 46 58 60 50 47 55 38 22 49 74 52 42 59 62 45 18 35 30 79 93 63 30 53 54 24 19 40 30 25 20 36 41 36 22
59 56 61 97 47 24 47 63 43 52 62 52 50 42 41 33 26 28 11 38 19 42 36 56 94 63 78 60 56 36 22 16 39 59 81 78 61 54 43 21 23 28 72 44 33 41 46 25 35 17 27 33 72 51 11 16 33 43 38 28 39 38 23 27 37 37 34 29 28 32 35 35 30 15 31 44 29 31 43 34 5 0 25 20 43 39 20 8 73 93 75 68 76 62 42 17 22 23 21 16
61 56 63 86 40 18 44 68 47 61 65 62 37 27 19 23 29 27 15 46 34 41 16 20 26 36 75 69 65 58 49 35 42 41 50 53 40 37 43 42 17 25 66 40 23 55 73 35 19 46 83 53 89 36 24 49 25 29 31 41 38 31 21 20 37 51 48 27 22 38 46 38 28 14 17 20 13 24 30 11 16 9 25 10 7 3 23 53 76 73 34 25 31 34 35 29 35 30 31 40
60 45 44 53 27 16 39 61 68 67 59 72 42 26 8 21 27 25 19 46 40 41 17 14 23 36 64 69 69 74 76 67 17 14 21 22 15 27 56 74 57 39 55 45 36 83 106 54 17 39 62 34 86 79 74 49 29 27 24 47 31 25 27 30 36 49 45 25 22 38 44 35 34 17 16 21 19 24 25 12 15 16 34 39 29 16 37 75 77 60 28 57 70 72 67 65 48 33 29 42
73 46 34 28 33 42 55 63 69 42 22 49 37 26 11 31 37 34 23 29 23 34 33 39 40 25 15 24 24 36 54 60 43 45 47 31 11 24 60 83 82 44 38 47 39 85 117 80 38 29 27 35 65 114 128 85 82 60 20 44 30 33 39 39 30 31 28 24 28 35 37 32 32 15 16 31 33 23 19 21 20 13 16 37 32 19 33 61 59 46 21 65 84 104 96 82 58 34 19 24
39 27 36 36 76 98 89 70 67 31 6 26 34 33 27 39 48 57 52 40 31 43 49 50 50 37 28 62 57 51 50 46 40 53 69 57 29 28 55 73 66 36 21 39 22 54 96 89 65 52 43 65 23 60 104 107 128 98 21 43 40 49 44 34 25 19 18 26 32 33 32 32 21 8 12 33 38 21 13 22 42 27 6 31 26 19 30 50 52 45 11 39 46 99 114 105 55 33 16 18
19 26 53 46 97 121 94 57 50 36 29 28 47 50 46 33 19 46 58 44 43 62 70 61 39 43 39 79 58 37 23 8 9 33 78 100 71 36 29 35 51 40 16 31 6 25 60 64 74 58 23 46 12 30 44 39 89 92 24 54 52 53 35 26 16 14 14 16 17 16 15 16 16 12 13 29 40 29 16 18 30 36 26 65 53 35 31 36 32 32 21 66 38 52 59 67 39 27 19 22
61 66 79 39 76 97 68 30 14 30 49 35 59 64 58 22 10 38 44 18 19 45 60 47 40 43 19 41 17 22 42 48 61 60 88 106 70 21 13 29 56 54 19 29 5 17 36 32 43 58 23 38 38 51 39 14 8 60 25 68 59 46 23 22 27 32 30 21 13 13 14 12 18 22 20 26 43 43 26 17 28 40 25 58 40 31 42 57 77 62 62 129 63 18 13 54 45 41 39 43
101 83 62 39 41 33 49 22 8 21 41 46 36 34 32 21 22 16 24 31 21 19 32 42 56 32 41 56 36 59 47 32 10 8 29 59 55 25 18 36 61 55 16 20 29 68 62 17 43 47 58 31 88 74 41 17 22 30 39 51 41 41 16 36 39 43 58 21 15 11 11 7 22 36 29 21 46 64 40 5 22 39 47 21 32 35 57 67 87 71 73 101 75 25 30 47 42 48 73 97
48 41 32 16 20 17 42 24 10 13 21 19 11 20 33 32 42 26 23 23 14 17 34 46 43 34 37 33 2 18 13 22 25 24 41 64 62 39 32 42 62 53 20 35 50 88 85 47 45 81 107 48 51 20 25 49 27 26 24 34 31 40 21 43 57 55 62 20 15 18 27 30 30 42 37 33 52 59 33 3 16 31 40 23 45 51 68 70 50 40 33 48 41 35 68 86 54 57 79 99
15 18 21 9 12 11 44 34 22 17 16 11 7 24 47 55 38 27 32 41 34 26 24 19 31 36 33 27 11 26 19 44 98 64 22 0 0 2 36 65 33 33 23 64 83 105 86 45 40 66 83 23 31 5 13 40 32 22 12 22 25 39 17 34 50 46 54 14 13 20 33 41 30 41 42 45 57 51 23 3 27 34 34 12 28 24 24 14 19 21 12 11 4 12 38 33 23 23 38 53
23 29 34 22 21 17 49 39 32 26 27 27 24 40 62 69 60 36 24 25 22 23 28 27 28 37 28 35 52 71 44 64 77 72 62 54 57 67 70 68 48 31 7 45 64 90 88 67 35 29 28 0 43 31 11 3 35 21 9 23 30 40 6 12 24 25 44 15 18 20 28 33 18 30 39 51 60 43 16 6 26 33 34 12 31 27 26 14 8 19 17 19 16 23 36 15 5 2 13 24
