21 39 38 27 32 33 16 0 2 11 24 31 27 19 19 23 32 35 44 50 43 28 24 30 35 29 24 24 32 38 37 32 43 52 41 20 14 15 19 30 27 19 16 22 30 29 24 20 12 4 20 22 35 14 21 24 18 22 56 42 0 29 34 39 13 12 25 55 75 26 20 22 38 37 21 25 5 15 14 28 19 14 16 19 14 6 12 26 24 38 46 34 28 43 42 15 9 11 15 19
16 47 54 32 16 7 3 4 6 20 28 24 20 23 25 22 27 26 31 38 35 28 32 43 37 34 32 33 39 44 45 43 66 61 38 14 8 9 19 37 41 36 34 38 40 34 21 11 12 13 23 22 26 18 22 22 48 53 30 9 20 11 40 6 10 23 43 64 74 25 25 31 25 47 46 30 9 21 30 35 36 25 17 16 10 2 5 16 31 37 41 33 33 54 64 49 25 25 25 24
16 45 50 27 8 0 1 11 21 27 33 34 28 21 17 16 14 12 16 25 27 24 31 42 37 35 34 37 41 44 46 46 83 63 31 11 7 5 16 40 49 50 52 52 49 39 24 12 11 23 21 18 14 28 28 25 69 70 25 4 46 39 50 19 2 29 54 62 60 9 8 10 16 34 50 35 25 17 24 25 28 15 4 5 8 14 26 40 32 34 41 42 42 59 73 69 37 40 43 44
18 26 19 8 12 13 8 8 25 22 32 47 41 19 9 14 8 6 12 24 27 24 25 33 36 29 25 28 33 35 33 33 70 48 23 17 18 8 9 30 39 49 54 47 37 31 25 19 10 24 10 9 5 41 40 35 54 44 31 17 13 47 8 8 16 31 35 30 38 17 42 54 23 16 41 52 61 26 30 39 47 35 21 12 6 6 16 28 20 28 47 54 45 45 53 52 29 39 51 58
25 17 1 0 19 23 10 2 21 30 39 41 35 27 21 18 16 11 13 23 28 26 28 34 38 24 15 19 25 25 20 18 42 27 17 27 33 14 1 12 33 48 50 32 15 14 19 20 11 18 0 1 4 46 51 49 21 8 31 37 13 50 26 12 12 22 23 24 44 25 37 33 16 9 32 41 51 22 36 52 45 46 44 34 18 6 7 14 6 20 45 51 32 21 25 26 7 14 24 30
38 30 16 17 30 26 12 8 38 63 63 31 21 39 43 27 26 14 8 14 20 24 31 41 42 26 16 19 25 23 21 23 28 21 17 30 38 17 0 2 43 57 54 27 8 12 20 21 15 11 0 2 10 36 48 56 35 27 44 60 62 55 88 31 7 13 17 28 52 25 20 4 22 35 42 21 11 11 33 45 16 31 45 47 35 23 22 25 2 14 33 34 16 9 17 18 46 43 40 37
41 36 27 31 39 29 13 13 44 64 62 34 23 40 54 51 35 20 10 14 21 25 32 41 44 32 26 29 30 28 35 46 43 34 23 24 28 14 0 5 45 57 51 26 16 26 30 22 19 9 12 13 18 13 33 54 68 62 53 50 57 40 66 27 36 28 17 20 47 33 54 60 46 56 43 23 9 27 35 37 38 45 49 41 28 19 18 20 7 13 23 21 12 19 28 22 45 37 27 21
31 24 16 26 40 30 11 8 22 23 32 39 35 34 55 82 45 31 24 29 35 35 35 39 42 36 35 38 35 33 47 66 65 52 28 15 15 8 4 13 31 41 36 18 19 35 35 19 23 10 25 23 23 0 19 49 52 51 41 27 23 58 37 67 47 47 46 50 61 23 27 29 36 22 0 13 16 36 23 21 62 56 42 24 12 13 21 28 13 15 21 20 20 34 39 25 44 36 29 28
6 4 9 10 12 25 27 12 14 7 4 3 11 46 81 93 34 19 30 27 19 27 29 38 40 23 24 30 21 19 38 56 54 26 5 7 10 5 6 15 34 24 15 14 18 19 16 13 12 11 10 10 12 14 15 14 2 20 1 15 27 77 45 54 66 20 54 111 81 33 33 42 41 35 38 47 43 27 16 16 32 40 34 23 20 24 29 36 19 12 13 27 40 40 31 24 32 20 14 18
2 0 1 10 8 10 18 18 6 2 3 3 7 36 68 78 27 15 37 43 26 17 17 38 43 32 24 10 0 0 18 26 25 10 1 6 11 10 10 15 24 18 12 13 16 15 9 4 5 5 5 7 9 11 12 12 2 3 10 30 41 39 10 32 49 26 61 105 75 23 7 9 33 46 53 43 29 26 38 51 17 21 53 64 33 19 31 31 22 10 3 16 37 46 34 16 24 20 19 22
15 0 5 17 8 0 8 21 13 14 20 18 10 20 36 38 10 14 43 45 35 40 39 45 41 39 33 14 1 15 28 21 9 9 11 15 19 20 18 16 29 22 15 12 13 14 11 6 6 7 9 11 13 15 15 16 34 34 56 62 68 43 20 35 66 83 95 81 51 31 21 15 8 31 40 23 7 15 32 43 12 17 65 79 36 24 34 14 21 15 6 8 26 41 36 21 17 24 31 31
23 8 12 21 12 3 12 21 13 18 31 30 13 7 9 5 38 55 69 37 25 53 41 11 14 16 19 14 12 25 27 9 13 22 26 21 19 22 21 15 41 32 17 6 5 11 14 13 10 12 14 16 16 16 16 17 26 44 58 45 47 66 47 36 75 133 126 56 26 43 48 36 40 53 62 58 51 49 45 40 23 33 53 50 29 32 34 12 43 45 34 13 7 18 25 21 24 39 50 50
20 13 17 22 16 16 20 16 0 4 18 21 7 2 8 7 48 64 71 27 7 35 28 2 11 4 8 16 22 28 23 4 12 23 25 14 10 16 20 17 39 32 18 4 1 8 11 9 8 10 12 11 9 8 8 10 0 23 22 21 19 81 59 37 44 112 110 45 19 29 32 31 42 44 53 62 55 34 15 7 31 39 29 25 34 27 26 50 85 80 56 19 0 3 9 8 12 24 34 37
34 30 35 36 26 21 15 3 5 2 10 14 5 7 20 25 27 30 47 27 2 8 13 21 20 11 13 20 27 38 40 26 7 14 16 8 6 14 22 24 26 27 21 11 8 12 10 2 10 12 12 9 5 4 6 9 20 22 16 38 25 78 49 36 28 61 61 34 17 5 10 33 42 46 59 65 49 22 12 19 32 32 16 28 46 16 20 91 96 76 43 15 8 17 19 14 24 24 29 36
44 38 48 56 38 15 4 0 13 7 15 22 16 17 27 31 28 20 38 34 15 8 1 7 7 13 17 11 11 34 45 32 5 9 11 10 9 12 18 22 13 19 18 10 9 14 12 3 13 15 15 11 7 6 11 16 32 19 23 38 21 44 25 19 28 31 24 14 9 4 12 31 23 35 48 48 35 24 28 38 45 34 20 31 40 18 27 79 67 47 24 13 19 31 39 41 16 1 0 10
31 23 42 64 44 9 0 7 0 0 14 30 28 27 30 28 14 9 28 32 39 50 28 6 6 29 38 16 6 33 46 27 6 7 10 11 9 5 5 8 4 9 6 0 0 7 10 5 13 14 14 10 6 6 13 19 21 10 30 21 9 21 24 15 11 18 12 0 3 17 18 6 9 26 36 34 34 44 51 50 64 46 30 21 20 31 39 37 41 31 21 18 19 27 42 57 49 23 14 31
29 21 36 63 54 15 0 10 0 10 18 21 26 30 24 14 8 5 4 27 28 64 49 14 25 31 38 28 14 19 28 22 8 3 4 11 11 5 5 12 8 6 4 4 6 9 9 9 13 17 17 12 8 11 14 14 16 20 16 8 6 16 26 30 26 16 7 8 12 12 8 4 0 10 32 46 41 32 34 45 57 52 30 5 7 31 45 40 46 29 49 44 31 32 24 38 27 25 36 59
14 13 24 42 45 29 13 8 0 6 12 17 23 29 32 31 28 18 7 13 20 44 37 18 10 7 13 15 16 29 42 39 18 9 5 8 6 1 3 11 12 10 8 7 9 9 8 7 8 14 16 11 7 10 14 16 12 16 14 7 7 17 27 32 27 18 10 12 22 30 27 20 5 15 25 28 21 16 22 32 46 24 9 9 9 7 15 30 43 45 56 33 38 67 42 9 2 3 16 36
4 18 27 27 27 29 25 16 12 9 7 8 12 21 36 49 54 39 20 9 28 34 39 41 24 11 12 24 34 49 63 63 31 18 8 7 5 2 5 13 15 13 12 11 11 10 8 5 7 15 17 10 4 5 10 14 9 12 11 6 6 13 22 27 21 16 8 8 23 39 38 27 10 18 23 18 11 9 12 15 33 12 2 11 15 6 4 11 29 43 44 12 22 60 41 0 2 4 14 28
6 31 45 32 15 15 23 29 28 18 8 3 1 8 29 50 68 54 36 16 41 26 33 47 44 25 24 36 42 48 58 61 33 17 4 3 3 1 4 10 13 12 12 12 13 11 8 5 10 17 19 10 1 0 4 7 10 11 10 6 3 6 12 16 12 13 7 2 10 25 27 18 6 17 25 24 22 21 16 9 19 20 14 14 35 56 43 13 15 34 42 31 28 31 24 22 29 25 25 30
6 26 46 45 28 14 17 26 26 21 15 8 3 5 18 31 53 44 35 18 37 12 12 24 27 13 16 25 23 23 32 35 27 11 0 0 3 1 1 5 9 9 9 10 12 12 9 6 9 15 16 8 0 0 3 6 11 12 12 10 6 5 9 14 14 19 17 6 2 8 12 10 6 13 22 28 34 36 30 22 13 21 18 20 57 94 75 26 19 43 54 60 52 24 18 35 26 13 1 0
2 9 27 46 46 28 14 12 12 18 20 16 12 13 13 12 17 15 18 18 29 17 15 21 4 0 9 18 14 17 28 30 37 19 5 7 11 8 6 7 6 6 6 8 10 11 10 9 4 9 10 5 2 5 9 9 11 11 14 15 13 10 13 19 23 27 27 20 9 4 8 14 18 12 12 23 34 38 37 36 25 17 12 24 52 67 48 18 37 51 30 25 30 13 14 26 45 29 12 6
6 8 18 33 37 28 15 8 11 21 21 10 10 19 19 10 2 3 10 27 26 37 40 40 16 17 26 30 27 37 47 44 56 34 16 15 18 14 9 9 8 6 5 6 9 11 11 10 4 6 5 3 5 10 12 10 12 12 15 18 15 9 11 17 22 20 23 25 17 6 10 21 34 15 7 21 33 32 31 35 34 24 22 32 36 27 18 16 46 44 0 0 9 0 7 20 25 15 3 0
16 22 25 20 14 14 15 16 22 29 18 0 0 19 26 17 15 13 15 36 21 48 52 47 40 41 45 42 39 51 59 49 65 41 18 14 15 10 5 4 11 8 6 6 8 10 11 11 8 7 5 2 6 11 11 7 14 12 15 17 12 4 4 10 13 6 10 21 19 7 10 24 44 18 9 25 36 27 21 26 30 36 43 42 31 23 28 39 44 38 0 13 37 8 6 26 27 24 19 16
19 18 20 22 19 13 11 14 25 33 28 16 22 36 28 5 1 4 17 31 31 25 32 46 39 38 47 51 42 39 40 34 42 31 17 8 8 11 13 14 9 11 10 7 8 13 15 14 9 8 6 5 6 7 10 12 14 13 11 11 10 10 8 6 12 1 25 12 20 6 13 27 41 39 23 17 32 38 27 19 27 45 46 27 22 38 43 33 58 30 30 33 52 31 41 50 31 57 67 51
15 17 23 29 27 15 5 1 0 0 4 11 17 18 13 7 9 6 11 22 23 15 14 21 23 29 48 51 30 17 20 24 16 15 12 5 0 0 5 11 15 16 12 7 7 12 15 15 11 10 9 8 8 8 9 10 10 9 8 8 9 11 11 11 12 3 25 15 24 13 13 20 33 29 14 13 35 48 43 39 27 39 41 32 30 34 26 10 14 10 28 45 54 35 36 45 40 59 70 63
6 8 18 32 39 35 28 25 16 2 2 19 26 16 10 15 10 8 12 17 13 4 3 9 4 13 34 40 24 15 18 16 5 16 25 21 9 3 10 20 20 20 15 8 7 12 16 15 12 12 11 11 10 9 9 9 8 7 6 5 6 8 11 12 14 6 24 16 24 18 10 13 42 38 22 20 37 46 39 36 29 28 27 27 29 27 16 4 5 15 29 49 43 36 27 34 33 38 41 40
6 3 8 22 37 45 48 50 35 11 0 10 16 9 6 13 14 16 21 23 19 13 16 25 2 9 21 25 28 41 40 20 0 10 23 22 10 2 5 13 18 19 15 10 9 13 16 14 11 11 12 12 11 10 9 9 9 8 5 3 1 2 6 8 16 11 22 12 13 15 6 9 19 22 17 19 35 42 42 47 50 38 29 31 34 35 40 46 31 27 15 33 28 41 26 27 37 28 21 21
15 8 6 14 23 28 30 32 22 22 20 15 8 8 18 30 30 21 16 22 32 37 36 34 11 20 25 18 24 48 47 17 0 7 19 22 17 12 11 13 14 16 15 11 11 15 16 13 10 10 11 12 12 11 11 10 7 7 5 2 0 0 3 7 17 16 20 7 0 13 6 11 17 23 18 14 19 22 30 46 52 37 26 24 23 25 44 67 43 23 0 22 36 58 36 23 45 34 28 33
20 16 15 20 21 16 10 8 12 41 57 39 12 9 28 47 42 17 0 5 30 44 35 19 12 21 29 20 12 22 23 3 3 8 14 21 25 26 25 24 14 16 15 11 11 15 16 15 14 13 13 13 12 12 12 12 5 6 7 4 2 2 6 11 17 20 19 10 3 26 14 15 42 43 34 23 21 19 29 50 49 39 30 23 13 10 29 55 48 23 8 37 63 70 41 18 4 2 4 11
22 21 24 28 26 16 9 7 12 36 49 32 7 1 17 34 39 19 0 0 16 29 26 16 13 6 19 36 31 19 12 5 2 1 3 8 15 21 22 22 21 21 16 9 8 14 18 18 22 20 18 15 13 12 12 12 8 11 13 10 6 5 8 12 16 20 20 22 22 53 28 18 25 32 35 43 55 58 65 82 73 66 56 42 26 19 34 54 50 27 27 46 69 54 39 29 38 40 40 35
28 27 28 28 23 14 9 10 27 27 24 18 11 12 22 33 34 32 24 13 8 14 27 36 22 0 8 57 70 46 28 25 17 14 12 14 19 26 29 31 29 26 17 7 5 12 19 21 29 26 22 17 14 13 12 13 15 18 20 16 9 5 7 10 15 20 21 33 41 76 40 19 15 27 40 61 80 78 71 77 85 76 61 41 23 17 29 45 41 19 28 34 51 27 39 51 57 57 46 25
27 38 35 14 2 10 17 16 22 15 3 14 36 27 17 33 42 42 38 29 19 16 22 31 18 3 10 49 82 79 54 34 21 6 10 29 44 33 23 19 5 6 6 14 28 0 25 21 26 30 23 15 14 8 4 11 10 11 14 15 13 10 5 2 7 19 33 44 52 53 43 29 26 42 47 45 48 46 43 48 70 65 50 30 16 16 23 30 27 27 28 26 17 13 30 53 73 76 63 37
25 34 32 17 11 19 22 17 27 15 8 21 34 22 9 12 17 25 29 22 18 21 24 24 18 22 35 49 48 36 30 32 7 8 15 21 24 19 15 12 3 10 12 27 30 4 14 8 27 28 16 5 4 1 0 8 7 8 11 12 11 8 4 2 5 16 30 41 50 50 37 22 46 41 28 22 27 26 31 47 44 56 58 44 30 26 22 14 28 32 36 34 27 28 42 59 79 86 84 72
20 27 27 20 23 32 29 17 9 13 36 55 45 24 15 13 14 26 34 32 30 31 25 15 18 34 47 38 16 3 9 21 37 31 13 4 3 16 14 8 17 19 6 18 9 3 12 19 25 25 14 5 6 2 0 5 2 4 7 9 9 8 7 5 5 13 24 37 46 45 30 14 17 15 10 17 27 18 11 20 39 56 61 46 35 36 36 30 35 43 45 36 28 30 38 46 59 65 74 78
15 19 20 21 31 40 32 17 0 21 78 99 60 25 23 24 21 25 35 45 47 37 23 14 19 31 37 28 15 10 12 15 24 38 34 27 5 16 25 40 46 42 20 26 6 12 11 24 19 23 17 15 20 15 6 7 3 5 7 9 10 11 10 10 8 11 17 29 38 37 24 11 11 23 30 41 53 44 27 22 30 36 36 26 14 11 17 24 33 43 44 31 23 28 37 40 41 38 44 57
12 14 15 19 31 39 31 17 0 31 86 101 56 21 19 20 16 7 16 40 49 33 18 16 14 22 28 28 27 28 24 18 10 15 14 46 53 69 43 29 7 12 13 32 23 33 16 19 19 21 15 14 24 23 14 15 14 14 13 13 11 10 9 9 9 7 10 18 26 25 18 10 34 45 40 33 46 57 54 51 49 42 38 34 18 0 1 14 15 28 32 23 21 33 49 56 51 37 31 42
12 13 14 17 25 31 27 18 11 22 44 52 35 19 18 20 26 10 9 31 43 31 17 14 4 13 25 30 28 23 21 21 40 30 6 42 67 104 59 20 28 21 26 31 32 41 20 19 31 25 9 4 16 21 19 23 25 23 19 15 11 7 5 4 9 5 6 12 17 16 13 13 30 34 24 22 45 66 71 73 99 79 59 44 26 13 21 39 8 19 25 19 14 22 40 54 54 37 25 29
15 16 16 15 18 22 23 20 11 12 8 8 14 15 17 28 47 35 24 28 41 47 37 23 14 15 23 31 28 19 17 23 46 67 44 50 53 120 112 94 144 105 83 43 38 38 23 20 47 37 15 6 16 21 19 23 23 21 17 12 9 6 5 5 10 8 11 17 19 15 15 19 26 19 21 51 86 88 74 72 86 71 42 14 5 18 38 49 19 26 32 26 10 4 18 36 45 37 29 27
19 20 18 14 13 16 20 22 14 20 6 0 5 5 9 31 52 49 35 26 44 71 67 43 38 26 25 36 39 29 25 30 50 61 21 40 93 212 197 143 167 115 87 31 37 40 36 36 59 49 28 18 27 27 20 20 14 13 10 8 7 8 9 10 13 13 19 26 25 20 20 26 31 10 14 64 102 82 49 44 35 40 24 0 0 31 48 42 30 36 43 38 16 0 11 32 44 47 48 43
17 17 14 12 16 22 21 15 10 14 15 15 20 24 19 9 29 10 33 56 64 63 48 47 34 26 34 33 43 55 40 36 61 39 16 45 101 255 243 110 132 0 44 8 77 57 32 32 49 42 20 12 21 23 17 13 5 17 12 8 9 12 8 14 10 16 13 23 21 0 25 56 57 40 31 33 41 51 41 15 25 16 31 19 19 7 33 39 28 50 61 51 45 46 38 21 20 41 64 72
19 19 22 26 27 23 15 9 16 19 29 42 42 30 20 17 18 29 54 41 28 41 36 29 30 12 31 54 57 35 16 40 55 47 38 87 176 245 200 67 110 17 70 5 61 47 32 18 33 5 4 2 17 26 5 13 8 9 9 17 22 13 6 12 7 10 7 22 25 15 30 37 55 49 35 13 12 39 49 29 26 28 51 43 39 22 33 27 35 46 49 40 35 34 27 15 6 26 47 56
12 13 24 36 35 21 10 7 13 16 35 60 60 38 26 30 19 35 52 17 0 12 21 21 20 12 28 49 72 64 26 18 38 31 53 143 255 255 199 106 106 37 62 21 55 65 33 19 37 22 18 29 29 16 13 19 16 5 9 21 26 6 0 2 8 12 9 25 21 24 41 38 41 41 40 27 16 29 42 36 26 22 34 27 24 20 41 45 56 47 37 31 29 28 27 26 40 42 39 29
17 16 27 40 35 15 6 10 12 13 26 45 46 31 20 20 33 42 65 48 23 29 33 41 25 19 21 33 72 87 64 66 102 86 93 131 217 243 165 68 78 34 35 42 41 63 29 50 62 72 36 56 57 28 43 20 11 0 11 15 24 15 23 23 10 14 11 32 18 31 63 76 49 32 39 53 39 25 40 61 41 20 17 16 10 14 46 69 59 37 19 18 20 19 22 29 59 52 38 21
25 23 29 36 27 9 8 20 20 18 15 15 19 20 11 1 9 40 88 81 53 49 43 44 42 21 18 35 57 52 67 141 255 241 173 52 1 124 96 35 63 78 87 44 23 31 21 24 69 79 52 43 62 61 43 21 21 11 20 0 2 0 20 6 22 23 8 39 32 49 74 97 70 40 33 42 31 25 53 87 58 35 30 40 25 17 33 57 62 38 26 36 42 33 28 32 23 28 31 30
8 10 17 20 13 7 18 34 26 21 12 7 17 30 28 17 0 42 88 60 27 41 50 50 41 34 30 31 42 27 30 98 251 255 229 165 69 161 85 25 73 16 45 65 110 12 15 47 48 75 97 35 41 57 2 40 12 3 25 4 18 28 60 35 45 47 10 41 50 69 59 66 53 38 29 22 13 25 51 66 51 38 32 40 17 14 17 29 50 36 36 54 62 48 32 29 17 24 29 29
0 7 15 12 4 5 20 34 26 19 14 19 30 37 39 39 25 47 69 39 19 46 63 67 41 48 39 23 35 23 9 55 67 200 242 255 116 107 71 104 177 165 165 152 225 179 123 32 33 100 112 51 49 31 0 49 76 50 69 46 52 36 47 5 37 65 13 29 50 81 49 42 30 28 32 30 19 22 33 34 40 50 41 34 7 26 24 15 16 8 12 31 42 34 23 20 37 40 38 32
16 29 34 21 5 2 11 19 28 17 16 30 34 25 24 32 39 22 33 34 36 50 50 53 56 46 34 29 32 5 19 116 85 239 225 255 173 153 103 87 97 75 59 144 207 162 63 0 36 127 70 61 89 27 14 37 33 0 33 36 59 38 45 0 1 61 10 12 39 88 60 56 40 27 36 49 34 17 23 37 47 82 79 60 29 60 44 10 9 0 0 14 29 35 36 39 27 38 47 49
31 34 41 40 24 7 9 22 28 21 22 29 27 14 10 15 28 27 19 22 42 8 20 38 33 47 37 32 32 45 39 118 255 255 225 230 197 251 227 252 227 255 132 156 227 166 127 53 69 137 74 110 138 149 60 86 44 21 26 28 80 6 85 32 14 57 4 10 74 53 48 26 24 25 31 36 30 18 14 19 30 67 99 68 47 63 43 6 11 19 18 29 48 57 45 39 37 39 43 49
16 18 22 23 18 15 19 27 21 16 15 19 17 6 0 0 22 24 29 40 50 10 14 17 38 38 27 33 36 31 16 87 235 201 135 200 255 253 255 253 240 222 160 134 138 153 126 79 29 127 159 218 251 126 96 81 65 39 49 58 35 39 86 129 70 29 44 42 61 31 4 23 26 36 37 22 11 10 10 6 17 21 41 35 29 37 25 16 27 39 42 37 22 8 23 59 83 67 44 24
26 24 19 15 18 25 29 28 28 25 21 18 16 15 15 16 29 34 54 65 57 19 38 41 43 33 20 30 33 19 14 86 65 143 33 212 199 242 242 246 236 255 157 92 87 78 38 73 48 239 243 255 255 135 47 56 32 26 49 42 67 115 115 115 52 36 91 45 10 44 24 7 17 39 42 20 13 32 44 39 15 5 18 23 29 34 25 32 35 34 25 9 5 0 14 41 48 38 24 13
50 45 31 17 18 27 28 20 21 21 16 8 5 12 24 34 12 21 53 61 39 3 33 37 30 29 23 31 32 12 16 71 33 74 29 173 156 100 220 255 255 241 197 44 59 184 78 164 80 255 244 198 211 240 121 102 31 14 75 125 177 175 106 167 143 43 34 56 54 57 47 37 46 63 61 36 22 31 39 36 10 17 31 25 28 32 19 26 39 29 12 0 16 21 21 12 0 5 13 23
51 49 37 20 15 23 26 22 22 25 24 17 10 11 23 35 9 8 32 43 31 0 20 10 15 20 19 26 36 14 7 19 45 37 68 122 152 85 239 224 227 255 255 222 255 230 36 150 5 146 170 111 255 251 151 132 90 36 59 68 126 255 128 246 222 48 38 74 175 120 83 63 54 56 54 44 30 21 20 24 28 39 54 46 39 26 13 38 35 22 17 2 26 10 8 3 26 24 22 22
31 40 41 31 20 23 37 48 34 33 36 38 29 16 14 22 33 13 6 13 30 17 35 21 21 17 6 14 38 23 21 8 0 35 47 95 79 134 179 96 182 255 215 250 249 245 206 80 65 118 143 134 236 176 227 255 140 105 70 111 99 89 104 233 255 145 191 59 135 90 78 66 33 26 32 50 52 39 35 43 47 41 49 55 50 18 8 61 65 36 38 42 78 42 37 38 35 27 17 9
16 35 52 47 27 20 43 71 36 21 19 32 32 14 4 8 30 17 0 0 23 10 25 22 24 23 25 37 54 24 37 31 31 26 21 43 35 26 61 40 149 237 255 255 237 240 255 255 231 188 217 206 69 46 119 72 153 76 228 222 231 252 209 253 140 116 211 118 108 61 56 66 39 27 32 56 65 50 35 34 28 17 18 28 39 14 0 47 36 15 22 26 84 62 44 12 11 10 9 10
11 36 60 56 26 10 35 73 51 21 11 31 42 30 21 27 16 33 34 29 39 1 0 0 8 31 66 90 81 14 26 30 9 31 32 25 40 0 34 43 72 117 136 203 250 239 253 238 224 242 200 99 96 228 253 255 120 58 167 255 229 235 255 231 187 152 106 76 11 35 46 29 31 20 24 47 62 53 33 22 12 16 14 15 41 36 9 31 20 39 60 38 96 95 70 2 15 17 20 24
9 8 45 52 4 0 34 45 41 23 15 26 38 38 34 34 15 35 69 70 38 26 29 19 32 43 89 73 78 20 21 12 6 22 35 26 39 32 53 41 7 11 5 111 231 237 203 241 255 219 210 222 164 197 206 253 209 255 243 181 69 205 254 249 247 208 11 31 9 19 39 31 28 4 15 24 47 42 44 28 16 20 27 43 43 51 28 47 28 23 49 39 66 99 47 13 11 29 41 37
15 17 48 56 19 2 13 14 23 18 19 24 20 12 16 28 7 35 65 68 54 50 51 43 48 47 48 25 17 3 16 22 18 17 38 47 42 12 3 10 26 41 63 58 69 255 252 253 255 212 255 255 154 234 255 160 255 253 160 55 198 71 239 255 168 133 25 95 25 38 68 69 52 27 22 33 58 52 68 57 21 26 32 39 28 43 43 80 42 22 22 0 21 71 50 38 30 28 19 9
32 41 60 70 54 28 14 10 31 32 38 42 35 22 20 26 26 38 52 62 59 38 26 34 31 34 22 16 4 18 24 32 11 4 28 41 40 51 42 72 51 74 94 40 64 238 254 205 211 253 239 189 206 249 248 255 247 254 226 94 115 0 158 163 116 102 41 80 81 66 49 52 63 60 58 71 78 41 55 45 18 29 42 45 19 31 41 85 42 33 41 22 40 81 68 61 61 40 19 11
39 52 59 68 71 48 27 33 55 41 32 35 41 40 34 31 42 32 29 51 55 15 0 24 14 20 23 34 29 31 27 33 24 27 41 23 24 89 77 94 55 81 48 24 123 255 85 125 255 253 253 237 255 244 196 140 25 190 251 255 94 73 172 99 113 82 40 0 75 62 62 58 24 46 54 64 56 1 18 19 15 26 50 59 27 28 24 52 21 37 66 61 67 82 64 56 61 40 27 31
30 43 40 41 50 33 22 41 40 22 7 10 23 32 32 29 32 27 22 38 50 26 13 37 26 16 22 25 26 8 15 27 21 29 40 16 16 81 52 46 10 25 64 44 59 54 93 66 142 249 250 196 255 254 240 255 255 50 44 70 25 132 255 185 50 15 56 12 62 30 30 0 8 24 23 22 31 0 28 46 19 17 38 53 25 28 14 24 0 11 29 18 8 14 12 17 33 22 19 29
27 36 30 27 31 17 14 36 3 12 27 40 44 38 28 22 29 41 40 32 34 35 29 25 25 13 16 14 18 3 13 24 12 2 11 12 22 51 32 37 41 16 9 13 28 52 38 80 159 228 255 239 255 252 251 223 220 255 93 181 152 175 164 95 75 48 51 43 74 47 22 47 28 27 19 2 31 28 34 49 24 4 14 29 6 21 12 16 36 43 41 22 5 6 19 31 25 22 21 23
21 28 31 35 33 19 15 28 13 38 67 82 75 56 36 24 34 39 46 40 25 19 16 6 10 18 13 22 21 39 34 31 30 4 5 16 29 17 22 38 60 38 15 26 56 18 57 71 93 128 199 255 249 227 255 255 255 247 174 205 200 42 75 94 21 25 5 29 96 66 2 45 25 23 31 0 27 35 13 25 34 9 18 32 4 19 12 12 35 38 30 21 10 5 12 15 25 28 27 21
4 11 26 40 38 23 15 17 58 67 75 74 67 56 43 35 29 10 29 54 33 6 9 19 13 35 13 27 16 69 52 39 17 2 9 22 37 6 24 33 43 66 45 30 30 48 17 43 22 67 95 179 255 241 233 249 235 255 165 175 107 0 37 37 40 22 26 31 77 51 27 21 15 24 50 1 28 49 26 55 47 28 48 63 24 28 14 8 31 31 22 23 22 16 17 10 9 17 19 12
4 9 15 16 10 44 17 18 65 74 60 41 47 55 45 32 32 22 20 23 16 44 19 29 24 39 36 34 62 41 49 22 16 11 14 24 29 29 33 41 46 56 35 21 0 25 32 41 29 27 41 98 132 220 239 175 247 244 89 81 3 75 55 10 15 65 56 31 41 20 0 23 30 61 66 36 42 59 41 42 46 21 34 55 36 54 29 31 37 20 2 0 14 24 18 6 10 19 23 18
18 20 23 22 15 38 8 2 45 53 41 21 21 28 33 40 35 32 26 19 14 50 34 37 31 31 37 54 60 7 11 15 12 18 25 32 39 41 35 26 20 35 26 20 1 20 23 29 30 28 13 30 36 129 193 93 255 255 43 117 21 55 54 14 11 48 32 25 62 44 4 19 28 50 77 45 68 41 39 61 49 12 8 25 21 52 45 54 41 22 6 9 21 24 14 4 5 15 22 20
25 30 33 27 13 21 0 0 21 34 34 24 17 12 20 40 34 38 32 18 15 48 37 31 19 15 29 57 60 13 16 26 18 35 46 43 39 39 30 17 5 23 28 31 16 21 17 19 11 21 26 42 22 61 122 0 213 195 13 85 14 28 52 35 21 38 14 35 109 97 34 29 1 10 58 33 85 23 36 80 107 53 19 16 10 33 33 44 58 31 13 21 31 28 21 20 17 21 22 19
42 48 48 36 18 17 18 28 5 23 38 45 36 14 10 30 28 31 29 25 28 42 37 31 41 41 42 40 37 29 22 1 12 28 41 38 28 22 22 22 8 24 38 43 30 20 13 15 23 12 23 33 14 6 53 0 101 70 41 20 13 24 38 35 34 38 13 47 133 126 62 51 5 1 35 22 85 28 33 79 97 50 15 13 19 35 46 62 73 37 14 23 34 29 29 38 36 31 23 15
56 46 33 22 19 16 30 37 9 17 28 42 41 19 11 28 31 23 21 30 38 30 36 39 42 45 43 23 12 39 40 14 10 6 14 32 37 27 23 28 14 23 40 44 35 14 13 19 41 20 29 11 10 0 16 34 23 0 63 13 45 43 29 14 30 38 22 38 88 84 57 72 35 19 15 9 53 28 6 31 43 18 0 10 31 36 56 77 73 36 14 23 31 24 24 36 33 26 17 14
67 43 18 15 31 24 38 31 28 19 11 19 29 21 21 40 48 31 21 28 33 6 19 24 9 12 29 26 9 52 72 77 41 18 16 45 65 53 35 29 24 23 40 41 38 13 22 38 40 40 48 13 21 24 12 44 18 0 24 31 59 54 45 22 23 36 32 22 21 22 42 77 68 49 28 30 47 55 22 27 45 31 14 22 42 25 46 67 71 39 19 27 33 24 21 30 19 13 12 18
58 46 34 37 51 27 46 38 35 20 2 5 20 20 20 33 47 39 32 34 39 3 15 7 10 8 32 36 10 54 66 74 50 34 31 47 58 50 38 33 36 27 42 40 40 13 32 55 53 49 26 0 0 24 22 34 30 19 0 31 40 50 57 39 26 25 28 17 0 14 44 57 28 13 14 27 28 47 30 32 62 47 20 20 45 21 51 76 71 41 18 19 26 26 30 39 29 20 16 23
9 22 34 38 35 0 22 26 24 13 0 4 18 15 5 7 26 36 43 48 60 27 37 14 7 6 28 29 8 63 58 41 14 21 25 23 17 20 31 42 42 28 41 36 38 9 32 59 64 50 14 25 10 29 36 18 23 23 18 29 28 45 45 28 30 10 14 18 16 41 54 28 23 14 44 62 55 68 72 79 76 54 14 5 32 7 44 71 68 36 6 1 11 23 39 52 56 39 25 25
2 8 24 26 0 11 4 15 7 11 16 26 39 43 28 8 17 26 19 24 27 29 41 33 9 26 34 30 45 37 50 30 14 10 24 13 3 16 17 19 27 27 37 43 30 15 29 57 60 51 44 43 38 25 14 11 14 28 32 22 20 31 40 41 29 19 15 26 43 51 45 37 18 28 49 63 68 82 95 93 91 49 12 8 24 34 34 32 29 8 12 6 25 5 9 29 29 33 31 25
48 33 22 18 11 46 36 30 26 25 31 48 69 72 47 18 26 29 16 19 17 13 27 26 29 44 64 72 73 41 57 58 30 14 23 22 26 41 32 24 30 40 51 53 45 35 28 25 30 31 38 46 42 27 12 5 20 32 41 36 27 24 26 30 24 11 12 30 39 30 20 19 10 22 36 32 26 47 71 75 77 57 42 47 58 56 39 24 28 46 48 34 18 12 0 8 9 24 39 44
69 45 24 18 18 59 45 31 15 17 26 43 63 67 51 30 38 35 21 28 29 26 49 59 56 48 58 74 74 29 48 66 39 12 15 22 34 45 27 13 19 43 58 53 48 47 34 16 9 10 15 23 26 23 20 21 31 40 50 51 40 26 18 16 9 0 3 24 28 14 10 20 4 14 26 23 20 39 57 54 50 56 60 60 58 49 32 18 37 71 54 34 4 19 5 3 5 25 45 54
47 35 35 38 22 40 22 20 5 11 19 24 27 30 33 34 37 32 22 38 48 52 86 107 79 42 23 35 48 13 32 47 23 0 7 16 25 37 28 24 21 41 51 41 32 34 34 27 16 11 8 12 19 25 27 28 23 32 41 47 53 53 39 21 8 4 6 14 14 10 15 26 9 10 27 45 49 49 42 28 26 45 58 55 49 49 46 41 35 50 28 27 23 30 21 14 26 33 41 42
24 20 38 55 29 26 5 15 24 23 22 21 18 18 22 27 26 20 10 28 39 46 81 102 79 43 20 26 42 14 30 33 22 11 25 23 19 31 39 52 61 56 51 48 44 40 39 42 28 23 20 25 34 37 29 19 6 15 20 28 55 78 64 32 22 29 28 15 9 14 17 14 15 7 27 54 49 30 19 15 24 41 60 75 88 92 77 57 18 15 14 39 65 32 31 26 36 31 25 22
22 13 27 47 28 29 8 16 30 17 10 20 33 36 27 18 23 18 4 16 24 27 53 63 54 43 41 47 52 18 33 36 67 58 62 38 14 22 32 44 47 20 8 22 33 23 11 9 29 23 16 18 29 39 37 30 12 15 13 17 41 63 51 22 23 38 38 21 17 26 23 7 10 4 22 39 24 7 17 34 33 41 60 92 118 110 66 22 18 9 7 35 64 14 33 41 22 15 10 12
30 25 28 31 14 34 18 16 21 5 0 16 38 43 30 17 28 28 15 24 34 40 57 56 34 28 35 46 47 9 32 49 89 75 69 37 20 38 42 41 47 28 23 39 47 34 20 18 27 25 17 12 17 29 36 35 27 22 21 24 27 25 19 15 17 25 24 18 22 34 31 18 12 11 22 27 17 16 27 33 30 31 43 64 75 59 26 0 33 30 0 20 40 20 40 39 9 6 7 13
36 44 45 27 3 36 27 18 27 14 9 20 32 32 26 21 28 34 26 38 55 68 85 77 35 12 8 23 30 0 31 62 61 47 42 24 36 79 86 75 33 34 38 40 28 10 4 9 30 39 41 34 26 22 18 12 26 18 24 35 23 2 6 28 24 17 9 10 19 29 30 27 28 27 29 27 27 35 26 0 15 17 22 22 11 1 10 27 38 50 0 23 41 54 51 19 10 8 11 16
28 47 55 49 11 10 47 26 5 26 18 0 46 36 19 17 27 39 28 47 68 74 81 54 15 10 8 14 21 26 30 35 26 10 14 19 33 84 111 82 23 2 53 20 0 7 12 10 35 41 34 44 32 35 18 15 21 36 20 18 17 15 25 28 32 33 23 9 7 19 26 24 31 42 45 58 43 13 14 14 19 14 17 24 22 14 16 27 36 25 7 3 29 58 53 30 12 16 29 35
25 44 44 34 9 18 57 47 23 29 17 10 42 36 16 9 15 26 28 55 66 52 49 29 5 2 8 26 42 46 42 37 39 37 41 27 14 47 73 53 17 11 69 53 22 19 7 4 37 47 36 39 37 57 33 8 16 26 10 13 21 16 19 15 23 32 30 12 0 0 1 1 23 32 27 30 18 4 22 33 28 16 9 21 43 49 34 14 17 20 20 21 31 42 38 25 15 19 34 42
15 31 27 19 10 21 56 68 58 51 39 44 42 39 21 17 18 22 25 47 48 27 23 18 0 9 24 36 38 38 45 54 64 54 44 16 0 13 38 29 4 18 70 67 27 29 7 5 27 42 28 29 40 78 53 13 26 22 0 3 22 16 17 8 35 52 58 43 25 20 24 27 25 35 26 22 9 1 21 29 19 8 0 11 39 53 32 1 1 16 33 41 37 29 27 28 3 4 19 30
5 14 16 21 20 15 40 76 65 49 39 51 18 15 6 10 31 27 20 21 19 16 23 27 10 29 45 40 20 14 38 67 71 48 33 27 23 36 46 38 15 39 65 54 13 32 14 9 11 26 15 21 33 74 60 32 47 28 0 0 23 15 22 13 33 43 48 41 32 32 36 38 28 41 37 37 26 13 20 14 10 9 13 23 29 26 18 13 8 18 34 44 36 21 20 28 12 7 16 25
8 6 22 42 39 16 26 72 68 41 30 47 14 15 10 9 26 27 21 5 6 23 28 25 28 33 40 43 39 34 39 48 41 21 20 40 52 48 40 33 38 65 66 41 7 37 26 14 14 20 12 21 21 47 45 46 55 32 6 1 32 14 26 21 28 24 18 15 20 28 30 28 29 36 29 35 32 20 24 15 21 22 40 57 44 16 14 33 27 21 22 32 35 31 33 42 25 12 12 18
23 9 34 56 49 29 26 60 73 45 37 52 38 38 34 25 12 23 34 16 15 34 24 14 36 18 15 46 81 82 49 14 40 33 29 34 35 26 19 19 27 54 54 36 23 40 38 28 33 30 18 27 12 21 23 41 40 26 19 17 47 15 32 33 35 23 12 14 27 40 43 40 38 31 13 17 15 7 22 26 31 21 36 63 56 21 13 33 32 17 11 25 47 62 72 80 35 15 10 15
36 13 36 44 38 43 37 39 42 38 51 49 38 22 28 28 23 33 54 38 30 38 23 22 24 7 7 41 79 82 48 13 49 63 55 35 33 39 32 21 7 25 39 41 45 30 37 43 44 36 19 25 9 14 12 28 22 19 30 29 56 18 47 61 33 26 20 22 30 37 40 41 33 23 7 17 13 2 25 44 30 10 9 32 38 22 18 32 30 19 13 25 50 73 86 90 51 29 23 30
39 12 30 23 19 51 44 21 14 41 78 56 31 0 16 34 51 51 70 52 35 36 27 45 8 9 18 33 42 42 38 35 3 43 49 32 46 68 46 6 11 16 38 51 60 14 25 48 42 34 13 19 9 21 14 19 15 17 35 32 58 20 63 89 42 41 39 36 29 24 25 29 9 8 9 33 31 15 40 67 32 9 0 4 16 22 33 47 36 29 22 24 38 53 60 59 45 24 19 29
17 6 32 52 32 24 29 15 10 30 87 90 59 2 16 37 27 48 44 33 14 34 81 65 23 9 32 51 31 25 36 28 0 13 45 43 4 37 45 39 37 38 42 40 27 18 30 49 49 25 7 19 10 53 47 11 14 15 16 15 25 25 92 107 56 21 39 43 16 13 19 25 12 25 24 31 28 26 53 65 49 26 23 34 26 15 24 36 27 15 28 24 14 21 23 33 16 14 12 12
10 26 50 38 13 35 60 45 2 24 72 73 60 26 26 15 18 32 32 32 22 39 75 57 21 20 42 48 27 35 56 50 12 23 48 42 3 30 30 22 35 33 32 26 16 13 28 47 51 28 6 19 22 59 48 17 4 12 19 13 12 11 77 98 47 23 47 52 22 12 12 17 31 36 24 27 27 26 38 34 24 31 43 35 9 3 21 33 30 20 36 32 20 24 24 33 29 27 24 23
15 30 44 26 9 42 76 70 35 20 25 21 26 24 36 31 14 27 41 49 35 41 66 54 17 25 42 32 10 24 48 44 14 22 41 38 7 33 27 19 11 11 12 13 14 20 34 48 43 35 19 25 28 44 28 11 18 24 28 16 4 0 35 41 12 4 39 51 29 22 21 26 43 49 32 22 13 7 13 1 18 44 62 40 8 12 32 36 25 22 45 44 28 23 15 19 28 24 20 18
43 27 29 38 32 36 52 59 37 7 9 33 39 21 14 13 14 27 54 63 37 30 46 43 21 26 37 30 13 22 39 39 24 31 45 45 23 48 36 29 7 8 10 16 25 34 35 34 25 35 33 33 30 22 9 11 14 15 20 22 23 27 35 20 24 19 46 50 31 22 13 14 17 35 28 18 6 7 27 27 25 41 51 34 15 25 40 36 14 16 45 47 29 17 2 1 18 13 7 3
32 15 20 40 33 11 6 16 32 16 23 48 45 36 28 27 24 23 49 56 36 31 31 23 31 26 34 43 40 38 44 49 48 53 60 58 41 60 39 33 34 31 25 26 38 49 46 35 34 35 35 34 35 19 14 23 20 20 28 32 34 53 47 30 35 29 45 42 34 33 22 23 15 26 12 2 0 0 18 18 22 21 25 20 9 16 34 40 10 8 34 35 19 13 3 6 21 16 9 4
20 37 54 56 46 34 29 32 34 37 26 19 16 63 91 95 49 27 41 48 47 57 43 21 33 23 23 35 41 32 26 30 45 52 55 54 42 58 33 32 36 34 25 21 39 69 86 85 71 44 37 34 40 22 22 22 22 29 39 34 22 50 46 42 20 18 29 25 31 42 35 41 70 57 26 22 24 25 34 26 17 14 22 22 6 7 35 58 18 7 23 20 11 15 16 24 28 23 17 13
3 30 37 21 16 21 21 19 14 34 30 24 20 78 100 93 55 29 41 38 41 65 52 32 34 29 20 19 26 21 12 10 23 34 37 39 34 50 25 28 23 28 20 7 20 61 99 115 68 34 41 42 37 9 18 13 0 10 28 29 21 64 56 55 23 27 34 21 24 33 23 30 47 26 0 6 19 19 29 24 16 16 25 23 7 11 41 64 27 12 23 21 14 21 20 27 24 21 17 15
50 55 37 16 16 21 17 14 24 34 28 35 23 58 61 54 35 19 37 23 15 41 40 32 39 45 32 20 29 37 31 26 18 30 32 34 30 44 17 23 31 40 29 1 0 28 68 89 24 4 41 50 30 0 14 15 11 16 31 36 32 75 47 31 11 25 37 26 31 41 34 46 65 45 18 24 22 7 16 20 11 9 13 10 2 15 38 47 30 17 31 31 24 25 14 13 18 16 14 14
87 84 54 11 35 37 33 20 33 44 27 31 34 51 28 16 24 20 11 31 44 36 37 28 46 34 43 59 57 47 38 30 27 28 31 30 21 53 34 19 36 45 31 11 15 31 41 47 8 22 38 33 18 27 45 49 30 25 42 55 47 49 50 33 10 5 20 37 30 29 53 77 95 73 38 7 0 0 10 17 9 9 16 12 0 3 20 27 19 28 35 35 31 26 17 8 0 4 9 12
63 33 17 30 75 48 21 15 33 42 24 25 25 39 13 0 24 37 46 68 66 46 45 40 20 13 29 52 54 46 36 26 17 15 21 34 42 87 71 53 39 34 17 11 28 37 27 19 39 44 51 43 31 39 51 47 33 20 26 32 26 38 53 45 19 11 28 51 48 37 40 45 73 63 45 27 17 17 23 27 24 24 31 29 15 13 21 21 11 15 18 19 21 23 19 13 7 11 16 20
29 0 0 42 94 48 10 8 28 39 22 28 33 50 26 14 15 45 68 85 67 37 43 49 23 15 29 49 51 47 42 32 22 13 15 31 47 95 75 51 40 32 23 32 49 40 16 6 42 41 43 39 37 51 61 53 38 19 19 22 18 38 62 61 33 18 30 57 61 46 31 21 42 47 51 49 42 36 35 36 36 35 44 45 31 25 24 16 9 7 4 4 11 20 20 15 13 17 22 26
4 5 19 37 72 36 7 1 28 40 27 37 48 69 47 35 9 43 65 74 46 17 37 57 55 40 38 45 43 44 46 41 35 22 17 26 38 79 52 23 32 36 44 58 59 32 10 15 29 26 28 29 33 53 65 58 35 19 23 28 26 44 66 63 44 21 24 50 58 47 34 23 18 33 51 60 54 42 38 41 35 35 44 48 38 32 26 14 15 10 2 0 9 20 20 13 13 17 23 26
