50 45 36 26 0 80 49 26 42 214 205 126 54 72 51 0 20 68 80 23 22 31 158 218 158 102 62 31 92 98 99 63 39 48 45 35 28 42 41 29 34 35 69 50 96 88 166 141 17 0 32 0 13 0 22 24 17 4 6 33 80 81 78 56 39 86 135 183 186 207 128 23 0 43 55 3 18 47 44 32 94 125 109 158 105 111 71 51 59 84 78 44 47 73 80 63 63 62 69 43
22 29 33 18 92 69 70 163 98 135 92 42 22 45 43 12 23 66 90 49 28 59 157 197 140 69 43 46 107 132 121 49 25 31 33 35 24 65 74 52 28 45 35 42 109 71 70 80 29 37 19 0 37 13 14 39 14 5 20 55 116 75 51 46 102 117 138 145 196 162 117 79 59 31 22 25 43 40 38 74 103 81 31 19 32 106 71 21 79 84 73 56 22 72 97 88 79 82 73 25
10 50 86 60 54 51 106 189 154 100 45 21 49 68 48 41 65 68 75 57 29 93 113 86 40 15 39 62 75 96 98 42 19 37 51 49 39 78 80 40 36 44 31 52 81 70 59 58 70 61 41 37 36 31 25 19 40 64 70 46 114 74 56 64 84 158 124 60 32 21 31 115 112 54 44 71 105 83 35 20 14 29 42 15 34 90 53 9 47 86 94 74 16 122 175 153 114 124 103 48
43 64 112 36 76 52 99 50 36 58 109 104 55 50 33 76 64 52 58 61 33 126 96 27 49 22 8 10 17 50 62 40 41 54 40 0 26 69 93 69 45 85 85 63 54 64 55 35 62 46 40 34 9 65 69 80 113 130 118 62 149 104 71 81 153 157 99 7 52 40 64 104 91 0 11 38 68 17 33 72 69 106 122 100 70 60 33 24 46 72 69 51 13 98 131 103 89 98 78 58
60 13 51 133 44 65 82 0 76 95 220 255 89 65 13 0 54 79 103 87 32 112 92 44 40 38 12 8 34 47 44 55 43 79 92 64 178 162 93 0 31 127 132 81 99 85 40 43 33 79 98 82 68 114 35 73 161 247 219 59 141 174 100 0 63 84 55 104 47 61 35 94 33 12 54 0 20 42 114 89 55 81 30 46 36 43 54 53 9 0 17 73 93 72 41 32 28 31 18 49
54 39 27 94 74 45 72 74 110 11 90 180 37 121 141 90 56 106 117 64 14 62 68 46 18 40 38 40 69 40 17 40 49 127 165 103 169 121 80 34 41 95 117 97 96 81 45 55 57 69 72 61 43 116 73 120 163 170 150 51 91 71 36 36 19 14 49 103 70 60 36 8 3 5 99 46 55 32 84 43 93 131 41 28 10 25 62 59 41 38 71 116 114 43 12 35 181 125 26 17
138 104 0 72 24 103 108 65 82 39 100 161 42 82 78 42 81 133 115 46 63 102 142 135 108 70 39 22 59 35 42 65 132 148 125 54 81 76 57 12 54 53 74 84 22 30 18 38 112 69 34 59 28 74 65 71 61 35 49 14 24 5 29 112 54 38 33 90 36 86 47 0 85 121 203 117 71 85 144 98 93 139 77 29 17 28 72 78 46 55 79 90 39 28 75 141 195 150 55 64
189 159 23 56 27 108 109 22 18 83 110 115 69 61 8 14 46 101 65 0 49 84 154 162 119 77 74 48 58 46 130 194 245 255 237 133 34 21 38 30 18 56 52 67 9 33 6 78 159 119 7 51 76 85 82 107 75 20 58 82 83 40 40 121 115 43 32 73 70 93 90 48 187 110 87 35 10 51 78 27 24 54 49 31 81 77 70 45 36 26 60 115 32 26 64 122 255 205 78 60
156 142 0 35 63 54 17 64 69 65 32 107 119 92 81 81 72 18 15 44 41 88 170 177 84 38 115 147 95 95 199 236 255 223 237 185 14 76 124 64 44 73 93 82 92 102 34 81 177 127 14 42 37 60 100 147 129 59 41 58 50 103 74 125 208 122 19 27 26 22 72 138 247 250 194 193 144 117 56 30 69 116 125 52 93 95 100 103 83 65 65 87 39 49 82 120 224 231 92 108
107 87 12 59 14 73 66 103 134 159 76 47 130 66 62 120 90 41 34 82 156 108 119 112 59 100 161 125 109 113 232 228 232 100 96 81 50 132 147 77 47 70 92 87 91 72 10 32 70 54 12 36 36 8 34 54 53 41 0 7 3 55 58 77 201 175 71 110 76 50 8 73 118 92 40 99 217 197 110 65 53 25 75 64 18 60 117 179 179 130 74 53 46 70 92 108 127 145 75 159
71 45 11 43 25 106 90 95 115 208 138 46 128 46 13 57 106 85 80 101 98 0 4 5 36 151 198 79 51 48 217 243 255 123 137 87 59 66 75 69 39 39 38 34 49 34 19 19 25 23 32 44 60 4 25 18 24 41 0 37 53 55 45 30 84 128 171 250 87 13 2 78 30 70 69 139 255 255 181 142 94 12 80 96 38 55 86 146 132 113 94 95 126 88 49 41 143 132 36 67
78 76 30 22 88 90 38 27 43 88 47 36 120 103 70 68 43 63 121 187 91 64 121 85 7 91 156 87 73 54 157 171 204 124 139 98 77 36 19 16 47 33 13 14 59 79 111 82 39 21 22 21 44 10 31 11 10 57 6 16 27 66 144 202 141 114 162 215 71 19 56 104 7 114 61 86 143 107 29 113 90 25 59 65 108 69 37 43 49 76 85 87 186 179 127 78 91 102 54 65
15 52 9 31 114 74 42 52 47 32 31 70 127 98 80 77 56 33 68 121 29 66 138 67 58 50 99 67 16 7 32 38 135 93 35 6 22 39 65 72 45 42 27 40 104 143 170 103 39 25 20 24 28 28 35 10 40 87 47 7 32 98 112 103 127 88 67 100 80 80 42 26 68 36 0 95 107 57 0 36 76 53 51 72 150 99 77 73 43 45 89 129 180 79 65 127 172 96 18 25
39 44 0 64 70 44 27 29 15 24 60 67 142 115 103 72 51 51 103 125 88 80 112 75 54 31 88 92 30 72 61 47 47 91 52 39 27 30 45 52 33 40 26 36 84 119 121 49 17 34 57 78 61 78 71 45 28 58 56 9 8 48 49 63 74 79 63 82 56 119 77 43 54 33 98 166 106 27 34 30 42 36 33 83 70 23 33 41 52 53 57 41 105 96 97 87 82 73 80 61
70 23 0 72 58 65 50 43 54 33 32 15 79 109 96 29 41 63 99 78 51 62 105 161 113 62 40 29 8 108 110 67 57 83 45 27 23 21 10 20 35 41 20 20 33 58 49 17 0 23 60 75 55 84 83 56 39 11 12 17 29 36 39 67 45 62 97 110 63 84 46 14 51 99 84 80 117 105 93 105 82 70 99 142 108 68 65 55 47 75 148 169 163 100 91 88 46 58 92 46
100 36 28 73 82 80 62 69 54 12 26 52 0 21 39 33 35 50 54 42 7 89 118 187 83 79 49 31 15 99 121 80 76 59 28 3 23 25 1 26 27 34 15 14 3 18 5 12 10 12 33 22 11 48 61 32 6 3 17 23 17 27 82 129 96 105 115 66 69 14 12 87 154 148 130 127 39 77 108 83 47 29 86 106 162 146 121 82 17 58 185 245 183 83 105 158 125 94 110 60
101 65 80 95 99 78 72 35 23 19 77 139 5 13 22 40 37 14 23 54 50 99 73 96 30 144 99 50 49 63 37 28 42 42 24 30 56 39 10 18 27 38 21 1 1 0 0 16 18 14 19 11 1 22 40 27 20 26 38 31 10 27 90 143 108 92 62 28 67 40 82 116 105 78 89 93 30 72 96 51 14 34 86 133 131 145 119 89 13 46 102 162 107 36 106 156 112 122 128 116
100 84 74 60 29 54 82 111 105 98 109 150 89 64 51 61 49 12 32 75 88 71 34 30 73 171 135 36 40 28 11 14 50 41 17 22 53 44 19 24 18 29 19 7 13 11 6 14 21 20 29 27 14 23 32 19 21 20 29 28 17 30 71 102 65 74 48 11 72 75 81 45 9 68 43 0 71 92 63 41 16 58 126 169 138 100 106 89 94 123 144 144 31 91 157 107 39 87 125 125
57 46 67 0 26 46 113 157 153 151 97 84 106 118 121 92 31 21 41 54 75 49 63 45 70 139 139 45 19 76 88 60 43 32 9 15 42 35 11 10 10 18 14 13 25 26 17 15 18 17 25 26 15 15 21 17 18 9 12 18 18 28 42 45 71 53 29 21 68 37 29 10 42 149 177 97 77 37 18 19 23 16 52 120 146 76 76 63 98 194 189 134 80 148 132 76 54 96 106 88
49 76 132 61 92 68 82 101 109 90 36 36 65 102 144 92 56 48 27 33 62 54 75 26 39 47 118 154 90 184 156 51 19 20 14 22 38 29 11 10 12 12 9 13 28 35 28 19 14 10 12 13 8 9 20 30 24 10 7 13 20 29 28 12 68 34 20 39 57 4 27 70 22 73 138 145 39 14 34 52 73 66 54 32 71 24 16 46 56 121 93 35 81 89 45 59 65 91 72 41
47 97 96 61 30 56 58 121 135 90 98 149 76 28 58 9 16 61 50 72 54 55 80 50 43 43 145 189 70 93 90 49 1 14 25 33 36 30 27 34 21 12 7 10 21 35 36 25 15 14 12 12 14 16 25 40 35 23 17 18 23 35 33 13 39 33 25 30 41 22 46 62 70 78 94 106 39 15 37 90 88 114 97 33 126 150 50 55 55 17 8 9 25 39 40 41 46 77 65 40
57 100 96 90 76 61 42 64 77 78 156 207 107 42 68 27 35 70 7 28 59 166 163 70 0 11 70 82 134 152 115 29 3 15 27 28 19 15 23 32 27 13 8 9 13 29 38 29 14 22 19 18 25 23 21 28 34 27 23 18 19 34 37 19 45 41 31 48 77 79 67 27 31 48 67 35 21 3 39 68 59 94 115 101 164 178 27 78 45 29 36 71 11 46 62 48 64 69 51 37
45 45 42 42 96 50 80 72 35 73 129 103 80 46 58 28 59 102 40 22 18 131 144 84 61 103 83 15 110 140 128 49 12 15 24 24 15 13 17 14 24 12 12 12 8 24 37 28 15 30 24 17 28 27 14 13 23 23 23 15 13 30 34 15 55 40 30 70 111 122 106 60 62 79 98 68 85 110 119 67 57 16 0 59 95 140 21 101 30 63 36 56 14 23 35 51 57 36 20 26
69 68 36 57 78 39 85 95 50 68 68 0 76 44 34 37 57 79 63 73 15 26 38 59 101 133 95 47 73 70 78 45 15 14 25 35 36 38 33 18 19 9 16 17 8 21 35 26 21 38 27 14 28 31 16 11 18 22 25 17 15 31 33 13 45 43 27 39 59 88 91 51 49 110 100 79 90 144 116 76 77 65 43 90 22 79 10 85 52 56 20 52 77 30 28 25 26 17 27 42
89 49 47 70 53 6 48 62 46 97 147 114 67 65 46 35 42 54 71 82 37 43 35 35 59 68 57 37 30 55 68 48 25 17 14 30 33 34 37 23 14 23 16 8 13 18 17 21 22 40 33 19 23 20 16 28 28 28 18 4 4 14 15 7 32 37 21 45 51 125 109 68 64 104 113 64 139 150 110 57 90 100 63 77 61 51 32 8 71 0 70 68 79 57 43 62 44 43 49 82
56 37 35 48 74 28 54 68 43 91 136 90 95 98 51 68 29 13 53 44 53 63 41 18 33 132 92 13 91 101 66 53 8 14 17 43 13 10 5 13 10 21 20 17 23 25 19 20 21 38 33 22 25 19 12 19 21 23 16 7 9 17 17 9 42 38 14 29 28 49 20 2 7 40 40 32 212 202 133 56 37 31 34 14 30 54 76 19 107 7 53 20 33 56 61 81 74 70 65 83
77 72 58 44 77 36 60 91 99 66 57 40 52 95 43 78 87 23 53 9 33 21 30 46 133 152 109 47 108 93 91 71 30 21 7 35 4 19 9 25 22 23 14 14 29 29 13 4 18 31 31 25 25 18 9 11 14 16 14 10 13 20 18 10 17 18 11 46 84 88 83 118 161 195 141 72 136 113 105 71 53 56 86 43 23 41 70 42 121 35 65 8 1 48 76 86 59 58 57 77
62 42 22 22 41 24 38 68 92 47 51 95 15 46 40 83 102 69 75 9 15 6 78 124 128 58 33 44 66 49 88 57 36 23 18 24 9 30 27 35 36 26 9 12 35 38 17 2 19 26 29 29 29 24 17 16 17 19 17 15 19 24 22 15 35 36 22 38 78 68 77 136 247 240 129 53 3 56 129 120 32 75 76 63 57 48 9 75 113 75 92 51 33 71 107 69 23 34 51 99
81 37 24 59 55 59 50 56 74 65 71 121 64 41 43 12 20 59 44 11 11 9 87 91 74 70 25 47 95 94 99 77 16 22 58 29 17 14 18 16 28 29 25 31 44 40 26 21 21 20 25 31 31 31 30 26 25 24 21 19 22 25 23 18 40 52 38 34 63 66 82 128 149 141 71 74 56 111 167 155 116 42 73 115 60 68 44 12 19 32 33 32 34 69 124 52 26 46 66 133
58 23 34 58 38 57 68 82 66 73 24 10 100 96 134 65 26 54 17 68 90 53 93 79 75 96 27 38 86 95 116 127 47 37 77 29 29 16 14 2 17 38 51 51 40 20 12 23 17 8 14 25 24 26 29 22 21 18 15 14 16 16 12 8 25 45 42 37 39 69 83 90 98 71 4 0 51 45 83 119 96 62 56 59 113 104 70 45 43 88 72 54 27 37 93 36 77 106 101 150
36 24 46 26 48 76 109 128 121 136 67 0 61 68 131 102 51 48 10 77 114 64 83 81 84 71 33 52 66 59 143 167 77 40 65 37 41 35 20 20 24 40 48 44 31 9 2 16 19 4 12 25 21 22 25 14 15 12 12 14 15 12 5 0 7 26 42 58 44 111 131 106 110 84 52 60 147 118 84 78 66 56 43 35 69 62 64 37 45 95 95 71 51 65 85 55 95 141 101 112
80 63 67 6 89 103 102 79 84 90 65 54 56 76 95 64 83 107 77 62 80 53 62 37 51 66 66 68 71 22 101 106 48 20 58 61 46 35 14 42 36 33 25 25 31 24 18 25 31 13 22 36 30 28 28 14 18 17 19 24 25 19 10 4 25 31 46 68 30 110 129 85 103 90 79 79 98 119 88 62 37 35 21 64 60 88 113 98 116 128 127 100 108 124 62 12 41 103 43 25
117 49 88 45 157 104 85 58 74 33 36 30 62 99 45 4 39 92 95 41 42 38 49 34 29 44 96 83 92 18 7 60 0 14 80 93 43 32 34 34 31 25 25 0 32 27 18 35 32 20 28 37 32 32 31 15 13 20 22 21 24 26 18 5 7 39 35 64 56 103 79 66 84 96 63 41 26 72 107 145 148 106 96 74 58 111 140 107 84 68 56 69 81 105 56 15 24 34 39 30
56 75 106 118 116 86 65 106 97 74 33 0 14 85 60 66 68 85 97 20 101 118 85 73 60 53 68 78 75 18 15 7 4 30 107 82 67 41 11 14 21 18 29 31 38 26 22 27 27 24 21 27 35 32 24 21 22 17 12 13 16 17 17 16 2 29 29 54 50 65 51 67 102 96 79 65 118 119 131 150 157 142 106 24 42 62 69 29 0 21 27 3 26 79 47 73 96 83 84 84
59 71 77 85 107 47 25 27 71 80 46 39 47 92 85 168 151 85 108 61 117 145 84 109 63 44 75 36 49 15 65 67 27 45 112 81 57 35 63 19 32 39 46 58 29 13 18 21 25 21 10 12 28 28 22 29 26 19 15 19 22 20 19 20 20 28 23 38 50 27 13 47 109 62 41 62 140 145 109 57 64 61 49 20 34 52 67 50 38 36 71 50 42 97 66 89 104 88 115 132
107 82 39 53 164 127 96 24 50 124 139 123 111 77 26 89 95 10 46 43 0 52 9 33 83 47 86 27 0 20 100 116 55 80 100 18 33 46 40 51 56 83 65 63 30 23 26 34 31 11 10 22 30 41 52 51 39 35 29 26 29 36 38 36 28 28 28 47 97 66 56 90 112 61 28 52 61 127 146 125 63 86 121 149 40 40 47 24 54 62 28 9 59 80 19 71 74 25 43 55
87 109 10 61 118 159 108 62 99 182 161 45 41 34 15 27 49 39 75 68 10 97 65 35 0 77 32 56 94 102 38 27 70 14 80 17 2 99 72 60 11 49 26 29 52 80 62 64 53 12 23 41 20 25 37 10 24 25 15 1 7 30 41 36 23 34 49 66 122 90 82 109 130 90 44 57 54 63 43 43 78 137 212 255 125 82 60 9 76 83 68 87 87 84 47 18 21 56 176 194
37 94 1 22 23 57 18 12 44 102 97 13 52 62 70 58 60 79 89 75 111 133 77 43 42 104 89 107 61 23 122 19 54 72 70 82 110 151 143 97 65 74 60 51 89 116 64 40 39 3 29 63 52 60 72 43 0 8 12 11 20 36 37 26 15 44 79 93 117 72 63 86 95 60 14 31 126 95 69 112 99 108 162 233 216 114 62 0 126 173 94 53 53 54 60 88 76 57 135 123
48 73 29 4 68 45 29 14 41 50 47 23 54 69 118 143 150 129 110 100 155 128 58 72 39 50 13 28 91 78 160 24 32 59 72 127 97 78 157 57 54 19 52 37 50 80 53 39 59 33 25 34 31 19 9 2 17 18 29 46 55 49 42 39 19 49 101 137 140 90 75 94 79 106 125 118 124 48 30 73 91 64 88 148 179 124 119 54 115 112 81 69 34 49 84 111 65 23 102 89
88 78 50 32 147 107 79 50 48 64 64 48 33 58 121 155 170 126 96 75 67 80 27 64 107 153 73 86 134 176 100 57 26 33 140 128 92 91 148 141 112 38 98 56 5 19 29 37 67 57 22 19 48 39 27 53 37 14 9 28 33 21 24 43 47 60 110 162 155 96 64 72 69 112 163 160 62 57 85 96 115 135 149 125 55 103 178 89 101 57 39 62 57 50 43 101 68 0 71 68
109 53 37 57 111 113 91 33 30 80 83 34 116 108 76 83 59 73 62 62 64 90 32 79 121 181 129 83 113 151 96 81 64 85 132 165 182 152 140 164 120 146 80 34 21 39 26 31 53 47 0 8 20 52 60 86 66 51 25 28 41 0 1 30 29 21 71 130 105 65 36 55 61 72 101 86 50 84 76 110 127 142 119 87 57 68 93 46 116 110 58 2 58 41 16 67 52 25 76 47
87 46 45 101 144 146 139 83 83 82 65 45 95 90 46 40 56 54 39 48 114 138 51 44 50 131 42 31 124 54 142 96 76 195 81 183 242 215 65 103 163 211 54 22 49 42 17 6 37 42 13 30 8 1 31 72 93 53 52 48 34 0 10 34 44 9 14 59 72 59 35 96 160 126 92 91 72 26 42 91 95 41 3 29 38 30 58 5 103 101 48 9 44 27 11 55 46 58 127 88
68 89 51 124 199 161 113 99 102 82 63 47 35 33 31 67 103 106 72 24 67 76 39 70 90 129 90 72 93 8 111 132 109 204 61 228 200 230 136 116 229 255 106 45 59 74 42 4 31 27 22 62 72 68 70 56 26 16 6 11 69 45 52 113 133 71 28 38 61 70 51 150 255 210 78 141 96 57 52 94 79 20 0 29 47 44 92 10 69 74 54 35 10 25 44 40 42 76 149 114
44 107 69 144 179 90 27 38 30 28 45 60 82 68 41 54 91 113 81 36 44 33 15 84 107 84 32 60 37 15 17 129 92 165 166 231 129 236 216 118 255 180 70 41 83 87 56 32 38 6 12 9 45 92 87 49 28 65 58 44 76 41 121 226 252 156 71 47 48 72 34 104 239 181 52 120 75 73 49 21 31 49 53 51 46 75 155 52 108 119 67 33 16 54 47 0 25 95 201 197
114 105 65 104 43 0 46 79 82 98 95 34 51 27 36 79 164 141 73 81 98 81 12 47 164 134 67 93 39 124 163 44 255 235 255 238 223 255 189 255 203 234 180 81 70 26 49 30 22 3 71 29 36 59 27 9 54 32 23 51 85 95 240 255 192 111 59 77 87 140 90 93 230 140 102 82 76 61 85 4 3 49 65 56 45 84 169 99 80 139 99 46 22 30 12 22 21 36 83 92
93 65 39 84 54 12 53 76 72 81 77 38 123 122 88 65 98 60 0 51 79 78 24 57 81 79 42 108 195 95 105 165 230 254 217 255 235 240 255 134 188 21 199 202 113 57 22 59 65 7 54 0 17 19 0 10 32 41 36 51 102 85 182 177 111 61 7 20 1 71 77 93 239 126 102 39 20 31 105 78 57 51 36 62 65 72 112 115 70 97 157 137 50 41 54 60 39 6 0 10
78 44 0 28 71 36 38 72 52 66 78 53 105 122 92 53 35 33 28 74 66 34 13 50 76 89 127 140 167 53 39 225 191 250 249 217 255 255 171 246 155 126 159 254 255 111 61 85 93 49 70 30 75 50 46 48 7 25 0 0 133 108 70 50 11 36 12 61 38 68 66 89 223 130 69 18 0 32 110 139 114 83 38 70 72 51 28 86 102 58 124 94 31 57 56 13 0 17 51 80
106 50 35 48 65 35 55 80 82 51 26 2 23 87 87 52 26 30 49 76 65 27 38 67 89 113 105 93 17 43 43 196 104 226 255 242 231 137 145 255 255 109 122 228 255 240 123 70 86 101 103 31 47 11 80 105 80 76 80 39 173 168 102 85 54 75 0 50 52 71 63 95 166 101 52 0 39 23 94 101 130 131 83 89 74 52 0 67 100 119 126 5 13 65 61 100 44 37 40 68
74 68 81 136 70 54 48 56 67 29 0 15 31 69 77 66 41 55 80 40 112 50 39 74 59 74 52 38 81 70 38 131 130 156 173 255 200 213 175 224 169 118 198 244 255 246 193 108 69 71 100 102 7 5 77 164 137 101 94 49 43 114 84 57 84 22 61 65 33 46 60 50 107 63 109 84 23 30 55 26 67 150 116 122 58 65 98 75 71 122 83 68 94 135 159 109 52 0 7 42
80 86 90 102 45 28 0 15 62 54 56 111 53 57 70 67 39 68 111 99 41 73 87 81 62 32 55 87 188 157 112 0 91 95 128 113 229 236 253 134 180 187 255 241 255 248 94 142 105 102 75 92 65 38 93 103 54 65 88 128 89 84 74 0 42 24 131 163 75 70 77 50 101 61 160 150 36 56 99 17 11 74 100 79 154 74 97 39 7 128 52 31 146 160 134 84 7 4 50 95
105 89 52 33 20 33 0 35 81 80 95 195 89 56 80 94 69 77 97 95 1 86 103 68 81 56 45 122 188 146 118 8 12 78 146 14 104 255 186 242 134 255 210 197 217 218 127 155 169 128 44 47 49 70 106 98 106 103 142 255 245 255 145 96 74 86 192 181 115 94 96 68 88 54 129 139 68 63 97 66 29 62 37 43 150 87 65 36 56 61 57 0 48 78 73 101 73 68 63 69
109 96 57 74 80 71 33 42 98 84 64 165 96 58 94 117 57 52 55 43 32 78 86 78 121 89 16 22 162 34 67 163 48 59 131 47 0 113 227 227 209 69 200 237 75 254 240 186 101 82 77 85 53 138 183 226 204 148 118 192 194 184 81 158 103 163 211 94 74 65 72 62 61 48 109 50 76 37 106 99 128 134 43 51 60 47 34 90 63 0 90 76 73 72 57 46 49 72 67 81
33 78 103 201 196 127 114 88 76 74 14 58 57 51 90 97 91 91 86 41 39 32 34 53 95 94 53 44 19 95 103 79 0 83 68 67 63 57 203 244 238 255 254 255 135 226 235 118 215 127 97 105 112 192 248 216 194 139 31 26 141 229 219 174 141 27 0 39 101 79 26 55 125 53 3 134 99 101 40 63 87 59 43 103 145 124 82 81 73 65 60 101 167 111 80 0 16 85 119 170
78 60 22 165 245 212 211 136 94 114 51 52 74 94 119 109 101 85 70 35 19 64 89 96 54 40 62 60 48 56 55 109 56 22 0 80 66 140 102 115 30 255 238 206 194 254 255 141 255 212 179 188 187 120 196 83 107 79 96 129 129 254 175 84 147 255 255 157 13 170 153 55 113 171 146 91 46 46 73 105 142 59 35 88 129 135 94 73 88 75 38 85 163 109 97 75 68 110 121 184
100 114 56 105 129 93 156 179 140 133 98 137 134 143 137 143 133 86 51 23 23 80 85 60 66 94 105 106 15 87 132 255 193 133 116 151 94 49 59 32 110 154 248 255 247 237 248 194 255 220 132 172 209 140 226 138 122 57 194 233 61 111 77 214 255 253 248 229 74 159 110 33 69 155 167 162 128 71 62 105 40 16 23 55 20 36 27 79 144 99 118 150 138 61 23 52 54 67 69 162
74 135 94 82 68 4 49 118 125 65 53 164 132 112 82 118 113 72 49 23 66 66 34 1 37 121 137 75 3 62 103 176 165 196 130 126 149 0 31 78 208 55 222 254 255 248 255 255 242 233 130 192 218 204 255 255 145 104 249 248 237 255 242 246 255 220 252 255 127 90 55 64 99 56 91 205 178 114 109 112 45 41 74 70 50 43 48 114 143 123 74 104 103 50 48 50 42 57 75 187
73 71 85 143 95 101 72 56 21 21 39 38 67 52 41 61 101 86 70 30 64 120 135 71 40 81 122 117 88 90 23 77 61 87 89 62 75 134 95 111 57 92 133 92 242 202 255 252 249 247 166 169 255 255 230 229 126 197 255 232 255 231 191 216 248 254 246 239 63 39 45 77 57 61 39 82 22 56 94 78 45 87 110 46 48 53 60 92 137 84 52 78 57 54 80 44 38 98 92 107
29 52 59 77 117 75 18 40 54 15 66 100 100 78 77 68 103 131 99 57 70 144 185 142 67 62 95 111 154 124 62 130 94 117 58 78 99 96 157 59 37 119 143 144 241 148 160 244 245 237 191 100 216 238 226 255 140 229 247 219 255 215 198 255 247 210 254 237 73 47 49 48 57 31 32 51 61 61 93 76 36 73 52 4 34 36 31 76 95 60 53 63 14 30 108 92 93 114 78 82
13 66 63 10 32 15 0 80 121 89 105 124 152 116 79 75 118 198 165 101 35 63 72 51 48 38 39 3 96 110 88 134 109 142 55 72 89 19 160 81 92 142 116 196 220 153 174 243 255 185 248 91 144 245 255 244 203 226 255 255 221 255 255 125 71 100 152 34 143 62 52 100 98 54 77 113 194 168 120 76 82 89 44 35 67 90 68 40 37 41 24 45 67 66 111 130 157 150 100 96
61 46 37 40 34 61 32 62 116 142 113 25 46 82 74 54 129 221 222 161 46 33 1 26 14 44 29 49 91 162 70 48 1 88 90 76 82 0 112 180 61 146 0 125 48 61 152 206 221 92 255 73 236 255 214 255 254 248 235 240 203 123 121 239 254 213 167 67 72 15 17 75 74 57 68 50 73 67 50 98 128 51 0 37 24 62 87 33 24 56 63 81 81 26 55 96 92 106 93 109
89 41 54 85 50 33 13 35 24 1 61 85 65 33 51 74 101 148 174 133 51 51 19 87 106 31 53 16 122 92 76 21 29 59 67 64 117 83 61 78 114 94 83 1 58 47 45 115 110 171 196 166 242 219 255 255 255 233 252 255 242 233 161 196 146 62 67 173 98 47 29 0 65 35 40 0 34 39 15 49 121 28 0 56 23 30 72 59 48 25 60 91 67 45 98 56 32 73 90 123
77 63 57 37 79 63 77 81 53 58 96 85 85 73 63 52 55 60 86 50 23 34 24 69 71 49 48 78 85 78 13 0 37 61 56 48 73 104 106 72 48 54 0 7 19 24 11 7 23 103 184 232 223 255 241 218 240 237 247 247 251 255 136 157 115 111 112 182 113 50 49 29 74 41 95 71 136 109 77 51 56 50 20 19 26 40 33 9 26 61 109 84 28 0 63 34 33 65 47 48
59 115 101 34 36 0 25 42 25 49 73 76 128 114 67 56 25 51 76 30 35 38 75 53 42 90 82 82 100 108 38 21 108 106 41 16 52 83 89 32 19 58 73 72 14 43 82 81 83 55 67 93 217 239 245 253 251 255 254 251 232 216 74 111 116 157 153 161 17 11 53 87 130 33 40 39 108 107 90 38 47 103 85 0 4 58 56 24 8 55 59 31 49 6 34 33 69 103 55 22
130 123 62 73 59 6 42 73 17 34 78 54 54 71 66 23 8 76 99 31 38 31 119 50 58 100 47 28 113 139 67 56 103 108 37 15 96 77 28 0 46 157 195 159 93 90 38 23 102 136 126 143 82 240 255 211 254 249 237 255 167 115 27 75 97 46 57 50 102 57 89 118 115 65 90 113 70 49 43 33 26 90 143 51 7 36 72 74 81 73 68 56 61 0 44 59 66 132 104 75
172 107 49 40 108 73 86 65 21 31 59 21 60 58 66 50 44 78 130 88 59 46 92 53 60 150 64 46 29 89 68 46 57 37 36 77 133 125 44 0 72 180 220 184 97 124 85 17 115 177 145 78 48 149 240 255 255 255 237 251 255 199 129 158 148 90 89 68 21 25 52 87 57 25 10 70 44 21 59 88 75 127 131 102 68 2 15 115 184 186 105 72 78 29 62 61 63 71 86 99
153 83 25 56 62 68 55 38 36 35 50 56 100 91 97 83 75 88 105 76 86 64 44 10 50 129 102 63 29 78 123 103 42 9 35 65 105 99 46 16 44 132 164 149 34 114 122 80 87 106 52 22 60 150 224 254 246 192 198 192 160 147 122 51 42 36 90 16 25 73 124 202 180 132 38 46 39 18 44 97 117 121 125 145 115 49 33 95 162 103 86 104 82 41 102 65 43 63 48 44
70 55 28 67 21 103 68 32 80 80 79 107 95 44 55 68 30 46 67 70 116 100 32 25 28 54 78 62 50 89 198 199 86 55 95 67 64 47 24 20 48 84 101 119 47 54 36 33 11 48 115 123 66 67 153 178 125 163 174 97 81 75 83 39 40 50 135 25 75 89 53 90 49 125 77 53 51 34 31 71 102 97 100 134 89 54 45 93 77 20 23 76 112 28 54 83 76 107 60 43
22 41 51 75 26 96 48 22 107 70 30 96 87 35 36 43 30 37 77 110 170 180 99 89 78 41 43 32 22 38 176 242 125 108 125 40 49 50 39 45 112 127 114 89 101 35 26 85 55 27 53 59 39 51 130 121 82 217 224 85 88 52 72 90 82 42 73 0 51 89 61 75 47 121 68 61 102 93 36 11 86 103 82 92 50 44 23 53 45 35 39 48 105 9 0 38 101 130 76 76
33 20 42 70 77 70 29 47 63 45 21 87 50 12 53 100 68 29 59 91 136 166 95 47 72 82 107 114 86 53 117 191 192 67 39 55 107 13 0 124 163 124 53 16 100 87 48 31 21 61 50 19 39 20 39 59 50 128 158 60 56 33 82 48 94 68 71 23 45 85 75 37 57 50 0 45 119 110 52 22 69 91 48 71 91 99 34 41 48 41 108 87 82 70 70 56 51 54 21 46
82 66 71 74 120 105 90 97 96 54 20 71 60 62 98 120 64 0 16 28 40 62 41 0 30 68 75 63 53 49 72 120 118 97 62 21 62 44 53 108 128 93 69 79 53 53 31 8 6 48 44 31 53 53 68 76 18 30 66 40 57 51 110 41 102 93 59 35 27 107 150 86 83 94 51 89 116 93 47 19 47 61 20 57 113 117 58 79 68 23 98 87 48 48 38 40 79 36 24 46
59 77 62 38 39 67 79 49 46 26 24 33 9 36 89 118 81 17 29 38 49 48 75 55 34 65 74 46 43 43 35 31 37 75 68 40 52 82 122 118 93 34 28 77 34 42 39 27 40 54 88 110 56 39 63 53 30 30 41 38 69 44 85 38 80 75 41 35 28 97 140 81 89 126 58 46 80 99 66 26 65 76 50 49 66 61 43 71 59 26 63 78 105 107 50 140 140 47 48 38
37 70 59 66 9 57 97 77 96 70 71 55 41 84 126 134 112 40 36 60 107 88 122 110 70 78 95 45 21 7 22 21 41 43 41 75 81 107 146 102 51 29 38 53 59 61 60 37 36 48 65 104 52 17 27 54 64 44 47 59 73 44 85 35 48 46 35 35 18 33 54 27 62 108 27 9 60 84 66 62 75 92 86 52 36 40 48 47 45 51 65 60 127 176 92 186 201 79 88 52
90 74 87 76 36 87 91 80 102 97 73 32 17 63 52 56 73 92 68 82 51 58 86 88 50 52 70 25 24 50 75 62 39 35 36 53 84 103 92 70 48 51 56 83 64 63 41 34 23 64 46 54 30 44 47 26 29 9 30 32 65 58 125 47 54 8 23 67 18 0 47 12 21 77 43 11 50 95 48 45 58 47 101 97 21 73 93 51 46 106 84 62 71 118 42 156 164 72 97 62
48 41 59 61 39 79 74 62 91 81 47 18 54 83 35 13 110 109 69 85 61 45 62 77 35 23 33 20 32 122 138 78 35 50 43 17 16 38 40 21 29 65 77 55 83 58 42 43 73 27 47 48 11 91 126 43 17 24 32 57 77 52 121 33 25 6 24 48 39 12 68 56 16 56 69 101 112 132 26 45 63 9 92 144 40 69 97 54 41 96 69 67 74 123 53 82 91 31 69 76
60 49 48 47 43 77 75 71 90 91 82 120 226 251 153 87 127 127 62 60 81 95 88 61 54 26 40 53 32 113 129 83 46 64 67 47 32 30 23 8 12 23 49 61 87 53 58 83 60 31 61 50 73 118 117 93 85 56 28 92 94 25 90 37 51 18 26 63 80 4 45 76 26 45 67 112 76 106 35 131 116 20 82 125 57 38 72 41 42 59 21 68 88 144 125 83 59 28 51 93
119 92 56 32 30 48 49 47 47 46 25 73 141 180 110 66 128 130 55 42 83 101 92 58 91 36 55 94 59 57 71 97 77 62 69 99 108 90 81 89 41 3 16 70 48 64 71 60 44 20 10 42 179 149 89 114 153 96 47 94 86 27 77 50 74 43 41 86 86 5 15 35 17 38 40 53 6 52 53 162 150 20 37 74 93 0 25 54 37 38 18 91 69 82 130 84 75 54 37 85
203 158 89 35 21 25 31 19 29 45 23 55 24 52 26 25 69 70 30 48 92 97 140 176 99 26 40 93 107 45 42 107 134 81 48 58 61 43 45 69 67 32 12 29 42 121 111 29 24 1 18 78 161 92 101 137 108 94 81 66 55 52 80 43 37 66 73 104 65 43 36 4 51 96 75 43 19 32 39 54 110 105 94 44 55 62 66 9 23 61 90 149 73 36 115 85 50 39 2 46
19 21 26 35 57 60 54 2 24 60 52 98 61 62 25 22 53 62 28 22 57 75 137 162 89 41 54 81 105 34 16 70 114 85 49 32 44 74 103 120 96 84 45 15 99 148 125 55 68 34 29 70 127 70 84 73 36 43 77 57 50 38 55 32 28 75 89 138 89 76 63 39 95 154 123 57 71 77 116 104 66 61 46 64 13 54 73 50 0 40 75 101 54 25 78 37 51 58 35 70
58 36 15 0 16 47 87 38 56 83 43 59 84 59 23 31 65 96 74 48 91 144 202 169 82 67 87 92 72 24 0 25 76 77 52 22 39 88 104 84 116 141 123 69 96 90 78 66 64 79 73 53 80 32 36 76 47 26 49 57 75 26 59 52 55 72 63 132 129 79 49 58 110 138 91 3 22 14 49 73 117 121 76 62 8 46 67 47 49 42 46 51 71 58 58 17 34 51 41 47
121 87 51 13 16 47 97 39 62 102 47 19 83 27 8 50 65 97 99 83 110 139 192 156 76 64 88 109 63 50 23 20 52 55 32 8 34 81 76 33 66 157 182 117 22 38 59 65 69 57 53 21 48 41 48 112 97 62 40 43 94 57 118 87 58 66 25 72 130 75 24 24 69 68 46 2 54 39 23 63 68 82 35 0 44 43 66 68 48 16 24 37 94 75 48 42 42 57 46 18
34 28 59 78 96 54 34 18 46 87 30 65 50 26 31 76 51 70 94 50 80 66 92 133 57 11 73 105 81 86 62 54 37 52 36 0 4 50 58 26 66 139 145 66 106 64 89 95 63 41 37 24 82 68 37 53 71 71 57 56 120 113 150 112 59 39 40 80 134 87 33 30 47 69 63 56 33 62 68 44 0 15 28 69 76 27 15 39 50 30 43 57 68 43 32 64 76 30 19 2
39 68 89 83 112 38 14 45 94 72 23 80 47 38 72 90 67 90 118 75 98 85 98 118 87 35 56 80 89 107 83 56 46 58 43 18 55 44 30 31 47 67 83 76 131 127 93 76 61 47 46 51 85 112 87 84 116 97 58 64 86 89 124 68 27 57 61 119 166 116 84 86 51 29 40 67 18 20 53 72 58 73 68 77 58 7 12 52 59 51 54 64 24 7 6 68 70 4 43 51
90 129 96 19 50 35 41 74 105 97 33 79 65 41 76 134 83 113 141 83 86 95 137 168 135 116 105 89 81 75 72 67 65 49 28 30 137 80 33 37 43 30 59 89 95 100 44 35 53 46 44 79 108 172 139 105 108 122 86 80 38 78 120 28 22 102 87 93 124 90 84 70 70 16 23 57 12 24 65 87 130 86 14 5 29 35 65 101 108 72 36 56 15 34 16 53 53 0 82 90
8 40 83 62 11 42 73 36 66 94 60 116 120 75 76 112 61 71 82 22 24 62 118 143 153 172 151 95 52 0 15 46 62 45 37 16 108 52 65 109 86 34 31 72 64 69 36 3 101 49 0 49 138 220 161 87 57 96 101 132 44 80 132 70 82 140 119 44 56 21 58 88 96 41 24 44 22 24 11 11 40 70 64 53 39 38 107 185 129 70 18 39 31 89 59 41 13 8 89 93
90 81 6 21 51 68 7 16 73 46 11 53 39 40 75 47 96 70 65 30 41 81 99 79 39 78 81 51 52 13 42 92 51 24 38 38 111 71 67 51 75 51 40 52 28 28 115 123 59 76 87 138 179 156 74 15 48 47 78 166 80 50 82 98 46 74 132 68 99 18 18 55 46 54 50 54 61 64 16 27 108 114 85 75 74 53 48 53 80 57 49 48 31 98 93 56 55 64 46 7
76 56 51 90 35 58 49 39 72 81 55 73 53 33 43 0 94 66 79 66 49 64 65 39 20 63 84 48 65 32 44 84 89 70 82 66 54 32 62 74 29 22 21 63 95 73 145 112 51 57 71 135 173 151 98 53 58 47 82 153 139 106 97 131 66 38 76 1 76 51 35 25 51 150 150 64 47 85 42 46 110 98 47 39 66 70 58 42 40 54 88 81 34 96 107 69 143 165 102 36
65 76 64 61 47 49 25 14 88 123 80 59 40 5 22 12 60 58 115 122 61 43 52 54 27 76 120 62 85 74 69 87 109 82 78 116 93 63 35 39 52 45 30 35 50 22 101 127 65 79 113 178 123 109 102 71 6 27 63 68 145 153 100 110 80 43 60 25 87 79 48 3 39 147 162 62 34 94 64 59 85 90 55 51 79 83 67 43 34 48 83 104 33 97 90 47 67 111 132 115
55 78 53 40 97 46 6 45 105 97 75 73 31 14 59 18 30 42 132 164 89 48 46 49 37 79 125 53 92 106 80 66 79 68 67 145 111 62 4 38 64 53 46 51 60 15 34 73 71 71 104 180 74 110 151 125 56 76 102 59 168 154 58 65 68 33 60 106 104 36 30 51 66 98 128 106 80 84 28 35 61 90 72 57 61 55 49 38 24 31 56 106 13 81 54 16 27 36 100 114
53 81 41 36 106 58 67 112 99 43 63 109 89 65 103 56 58 47 134 130 57 30 32 61 48 52 75 30 61 91 65 37 63 48 62 166 46 47 51 39 39 57 102 133 134 31 37 36 35 64 34 50 47 79 126 114 58 63 113 91 64 91 29 65 72 34 49 31 103 34 25 101 102 94 138 203 87 88 54 26 48 111 69 12 27 48 65 73 47 33 51 58 66 47 9 18 66 95 69 23
58 28 40 83 47 31 118 158 86 24 46 130 118 58 101 86 109 95 176 115 3 34 65 62 49 36 46 50 54 73 47 18 22 55 106 164 96 56 37 34 50 68 88 106 114 14 13 21 33 46 15 0 20 48 52 43 19 28 81 84 25 35 0 35 61 44 89 82 85 63 64 98 65 106 136 138 78 60 41 49 65 107 105 21 32 62 81 77 60 52 51 59 51 68 24 10 75 71 60 66
33 38 42 49 24 10 85 118 82 104 121 140 100 49 108 85 90 76 176 113 11 95 103 36 49 24 44 136 123 83 50 43 39 71 108 97 114 73 38 34 78 95 61 20 43 23 51 39 33 65 62 32 53 82 71 84 102 67 63 81 33 31 17 39 39 88 157 83 54 48 56 47 44 59 68 47 61 47 57 63 67 116 150 40 29 61 94 98 74 67 47 52 24 78 60 49 11 19 66 121
85 108 76 56 88 29 27 37 110 237 248 164 79 53 136 111 11 0 101 79 20 116 103 44 56 18 42 214 253 140 64 51 35 57 83 39 95 101 89 90 79 81 54 30 52 66 102 59 0 31 25 16 16 72 93 119 136 83 36 50 58 34 49 69 25 84 147 25 42 0 24 51 47 32 59 68 81 58 76 48 23 101 121 44 40 58 62 48 45 30 26 44 11 51 68 80 107 63 54 68
62 36 18 87 82 45 35 29 100 252 255 159 79 51 133 148 106 64 105 81 17 57 42 68 0 21 68 186 208 58 20 53 0 50 106 66 52 74 81 87 50 17 36 81 66 38 78 52 67 86 29 50 30 110 163 173 137 131 93 73 94 20 56 92 41 31 77 21 65 14 48 112 165 93 27 33 85 104 94 26 18 102 65 70 106 107 52 0 95 54 60 94 69 45 61 76 69 48 81 125
117 110 53 125 45 67 37 22 67 196 195 106 86 72 104 120 89 41 45 65 32 36 19 92 52 62 40 69 117 49 36 27 32 97 157 140 54 67 69 56 53 48 95 144 91 50 91 72 67 87 19 45 19 71 118 125 151 175 146 90 86 6 55 91 34 0 37 49 50 57 52 51 65 105 68 60 76 55 31 10 16 69 0 50 94 93 48 1 101 35 22 73 85 55 79 104 88 52 81 137
116 161 64 76 49 111 65 37 94 179 153 68 106 105 66 53 54 28 31 90 67 52 23 69 52 59 40 42 55 54 52 11 6 61 96 110 27 46 46 15 6 58 98 116 75 54 78 52 60 83 34 30 47 53 60 87 154 178 155 104 64 49 116 136 18 0 32 42 20 47 22 0 51 75 53 67 77 28 23 21 63 49 1 63 91 103 117 108 191 119 43 60 51 31 47 75 84 27 18 61
105 117 30 25 81 126 96 41 138 167 119 51 115 94 7 0 21 26 39 95 45 33 29 61 42 52 86 145 131 140 99 12 0 52 68 93 25 34 37 4 4 39 20 22 20 21 59 79 96 91 34 0 80 70 39 78 107 135 129 90 0 30 107 114 56 28 46 42 55 36 40 105 126 72 77 135 123 40 58 39 100 23 17 89 119 144 182 177 194 150 48 46 13 15 23 55 31 40 52 42
80 106 43 62 62 143 98 40 89 104 58 48 20 63 43 46 78 76 38 68 38 25 47 77 106 74 91 125 158 128 89 41 43 50 46 79 36 59 44 44 40 47 38 3 14 49 40 72 85 61 65 35 62 76 65 72 67 35 47 76 24 16 41 66 99 108 86 9 61 43 63 120 123 89 41 91 153 91 127 28 66 0 29 78 113 121 132 90 73 78 22 109 9 69 85 30 45 82 61 25
88 101 113 128 43 110 141 80 21 15 18 49 73 74 58 58 101 78 47 61 76 46 60 48 105 80 105 112 94 61 63 46 58 53 45 48 54 70 65 50 51 58 75 87 29 61 25 31 35 22 62 58 79 92 93 105 59 25 31 70 60 95 120 116 107 63 55 51 65 88 77 48 60 54 36 48 118 146 155 45 26 7 6 56 70 49 109 88 30 78 29 118 78 105 93 64 49 72 60 38
54 57 104 116 34 82 147 93 20 1 25 33 75 51 69 72 40 57 94 96 120 40 45 2 80 59 111 119 76 61 115 120 68 95 107 48 54 32 49 47 65 54 76 128 8 60 27 32 17 5 73 83 79 81 97 115 96 61 51 73 71 125 141 111 89 74 90 126 91 125 97 70 96 64 65 79 109 144 116 65 27 58 19 78 84 30 122 115 55 123 47 98 106 82 45 50 31 32 30 30
4 27 52 49 46 65 108 88 50 51 71 18 27 20 75 79 49 69 92 46 51 0 60 60 95 52 102 105 36 15 64 45 23 105 146 62 55 20 53 75 74 45 53 113 0 51 33 59 40 12 85 92 60 51 79 101 95 61 40 34 4 42 53 23 119 179 172 154 83 60 2 45 77 26 35 88 72 77 47 70 30 80 25 93 113 47 120 117 59 126 40 67 107 55 20 44 31 11 17 37
