131 20 123 142 96 74 52 44 77 43 54 88 125 142 115 83 88 155 179 80 186 222 139 91 67 12 33 55 62 17 25 68 58 33 66 16 9 40 10 93 29 38 60 40 134 153 97 75 82 89 108 156 91 121 212 248 146 85 124 108 113 111 57 30 52 88 37 79 107 85 87 60 31 33 102 39 49 57 102 66 32 85 108 77 113 80 11 40 53 22 17 16 22 28 119 68 88 99 106 154
175 95 78 33 41 70 43 41 79 41 33 105 50 10 22 55 108 107 44 57 147 141 89 90 25 51 75 33 67 68 70 72 47 35 84 33 95 139 114 148 106 120 67 109 139 127 141 99 131 132 109 130 119 154 161 185 100 101 53 36 68 40 15 45 64 52 42 20 74 39 187 233 84 33 0 39 59 39 71 58 67 118 66 68 140 120 79 58 64 37 23 51 39 48 41 121 95 78 81 148
171 210 145 60 80 125 73 53 113 115 90 195 148 132 94 45 70 69 23 57 69 35 50 150 56 101 100 66 168 203 176 164 57 17 97 7 155 163 191 160 200 101 76 122 96 70 77 127 155 104 58 57 87 191 128 61 36 120 77 78 73 3 60 139 80 8 23 44 119 25 115 128 17 126 149 52 62 0 33 35 91 138 45 91 135 123 43 13 46 62 58 56 29 40 19 124 81 55 41 78
96 125 53 41 47 72 74 118 147 149 126 201 111 41 48 130 140 91 53 59 87 95 38 71 70 118 129 167 243 202 121 167 93 63 105 125 108 108 100 114 79 130 215 114 7 60 78 127 139 92 144 133 15 94 72 15 88 63 55 166 215 126 162 157 70 100 29 50 34 107 88 60 74 81 109 160 22 102 87 130 87 111 25 92 102 132 24 35 70 116 87 92 63 98 100 115 127 84 62 100
23 31 5 77 74 104 128 134 119 102 85 127 112 35 0 58 89 82 64 91 70 118 97 146 111 100 62 142 212 199 141 243 201 92 27 101 46 99 87 74 129 142 88 145 107 123 138 139 105 24 86 129 1 65 62 22 88 28 94 199 226 93 99 97 65 131 115 14 16 43 83 85 86 35 7 0 96 77 22 95 177 192 101 87 74 77 33 18 73 115 64 87 110 150 108 71 97 60 54 113
70 57 55 142 92 63 59 37 50 72 51 13 76 101 57 39 41 78 56 165 84 94 120 187 115 73 13 73 129 165 115 159 121 109 93 88 54 112 145 58 118 152 32 150 99 140 142 107 175 212 240 248 113 121 86 57 91 94 139 116 161 99 53 43 58 65 31 52 25 39 6 60 108 111 197 204 72 0 64 151 218 247 148 21 19 0 133 86 26 84 93 23 141 113 53 12 85 140 147 123
28 14 43 174 139 28 5 64 93 64 43 64 113 94 77 64 86 127 155 254 173 126 166 207 164 131 102 76 42 54 49 60 136 173 93 98 67 154 169 110 90 97 67 144 57 90 59 25 122 255 248 255 158 136 70 28 82 125 106 9 61 97 39 49 97 32 1 32 41 95 69 68 84 96 210 197 34 101 184 89 24 92 112 47 103 57 235 138 23 84 108 53 170 86 63 32 99 227 229 125
104 126 69 63 54 27 43 121 128 69 68 157 123 11 36 77 202 147 162 114 76 33 78 80 56 40 107 118 97 86 99 79 145 130 56 105 132 100 148 204 171 65 59 111 45 24 42 21 83 156 66 124 97 103 97 96 196 171 93 23 41 75 16 73 167 88 110 149 77 75 50 54 51 46 122 54 165 146 86 59 44 42 81 63 135 112 211 97 34 54 0 134 153 83 73 68 66 172 167 95
186 165 127 24 78 111 90 99 54 59 73 95 115 13 78 50 112 55 63 57 58 46 103 77 61 92 158 153 161 157 149 44 99 158 129 77 247 203 136 209 194 72 19 90 69 11 52 67 87 111 41 54 49 97 115 131 231 255 134 44 55 86 18 73 134 66 111 188 88 125 80 0 27 114 211 120 148 96 52 76 205 171 109 156 86 58 213 191 58 42 88 152 128 71 77 90 39 42 61 79
55 39 6 122 226 212 147 130 48 24 141 12 112 167 100 84 108 80 43 22 16 38 81 27 54 36 131 174 121 30 62 61 192 125 68 88 240 237 142 111 106 44 35 114 99 30 36 27 6 34 15 52 35 32 49 72 111 173 117 29 75 97 79 47 66 12 38 41 28 196 214 103 92 185 248 175 62 69 164 0 61 162 160 221 73 63 254 250 75 166 238 225 131 112 95 81 56 43 44 32
25 27 79 56 160 207 146 150 58 1 44 107 163 169 21 180 233 255 95 44 67 25 57 21 21 41 54 74 99 52 92 71 148 53 23 119 111 119 61 56 83 49 23 56 52 30 61 72 3 94 101 47 17 58 111 74 26 43 31 86 102 102 89 61 52 81 143 68 12 145 174 58 74 204 241 255 200 112 108 47 55 0 93 105 46 138 97 65 48 147 227 216 103 80 24 24 30 5 37 51
25 43 55 129 103 34 214 74 19 69 0 114 62 223 190 181 255 243 250 126 59 52 5 87 63 45 23 19 47 91 186 89 42 14 77 76 68 35 64 35 38 50 42 56 60 47 52 45 59 39 42 47 39 0 60 76 110 62 56 102 35 36 60 73 36 112 193 157 49 75 119 70 49 104 186 244 189 121 21 56 74 34 57 72 77 126 175 94 10 61 141 155 83 63 7 31 59 0 42 77
51 27 51 193 183 100 141 64 44 134 30 74 80 128 118 139 175 156 166 85 124 217 30 86 98 180 206 51 55 178 255 240 114 58 25 149 205 186 80 47 57 67 40 20 25 32 36 30 31 31 39 18 43 26 66 12 35 43 152 99 39 67 119 87 87 129 153 191 79 18 43 27 55 115 188 218 159 191 134 89 61 23 88 81 120 167 140 84 60 119 197 159 114 141 126 120 91 25 70 82
114 33 92 175 175 103 118 51 121 179 105 123 145 84 75 93 83 123 130 132 97 241 244 206 20 19 241 180 84 102 106 155 88 183 174 177 242 237 122 30 41 48 32 15 21 30 22 9 9 27 43 13 33 9 65 38 54 39 138 96 47 85 99 78 63 114 124 169 71 0 23 28 31 113 105 230 229 162 173 141 32 46 104 205 255 207 101 71 53 98 163 126 109 170 187 148 128 92 136 91
113 39 84 107 141 11 59 76 187 255 153 75 112 74 10 36 22 38 104 77 52 109 235 238 28 27 186 126 55 52 50 81 116 212 173 190 197 199 81 14 40 32 26 20 24 34 29 23 17 33 43 25 49 8 58 59 70 36 84 111 81 90 47 35 47 113 143 112 40 16 49 62 71 58 36 192 190 55 113 149 116 112 65 139 227 151 66 80 92 72 112 159 145 175 183 147 164 150 192 113
146 54 79 105 63 15 89 72 149 213 255 99 44 45 11 94 131 27 92 121 140 0 206 88 21 31 117 107 34 23 118 72 134 179 190 167 165 96 82 63 49 34 40 44 41 42 32 26 24 19 21 49 110 49 34 0 76 81 104 39 52 64 78 31 53 108 160 83 64 75 63 32 45 65 68 66 106 61 61 140 115 139 81 0 113 124 140 232 206 145 153 235 162 127 99 67 84 103 198 165
131 29 52 64 54 29 58 14 35 92 231 168 44 60 62 166 221 42 47 190 229 45 192 73 41 59 126 94 86 10 58 33 115 129 160 175 123 84 70 65 44 43 32 49 35 40 23 27 27 12 24 54 109 71 55 101 173 120 111 47 57 91 143 100 59 56 87 45 28 70 103 46 20 60 52 155 249 198 124 87 73 124 134 63 90 76 132 203 180 114 119 156 87 61 41 29 29 81 104 193
51 5 32 24 58 13 56 21 25 37 131 138 15 51 89 101 117 46 114 51 197 186 85 72 194 148 96 15 67 44 61 128 125 71 77 124 122 84 60 63 34 27 20 42 27 21 9 24 17 32 17 69 90 5 161 167 202 128 114 92 62 106 167 107 54 42 65 47 24 53 87 59 41 62 99 192 253 255 189 94 106 96 155 108 45 35 11 23 46 30 57 96 84 158 142 150 146 97 128 73
81 71 115 70 41 50 142 141 166 54 84 33 17 42 87 54 28 204 248 161 60 172 84 191 172 38 119 1 86 44 7 196 160 141 144 125 140 145 86 11 32 21 18 41 30 17 12 32 45 30 0 35 26 8 110 130 97 99 136 138 51 48 91 89 57 85 129 124 46 19 33 37 46 135 147 84 64 119 160 239 233 95 91 40 48 29 67 92 135 148 108 59 85 197 255 248 179 73 84 0
29 136 108 70 80 44 38 202 178 147 22 31 70 77 94 27 72 167 148 63 47 34 154 92 27 90 59 148 136 107 195 180 212 92 90 124 157 83 11 13 27 18 16 29 28 21 18 27 16 21 50 81 123 119 57 46 106 86 97 106 114 106 48 56 88 135 157 139 44 15 33 54 87 73 181 192 87 105 145 164 164 77 30 95 203 89 52 45 41 163 117 93 67 142 242 162 65 109 133 95
95 114 71 83 77 174 192 36 53 172 204 25 29 25 86 66 51 125 85 65 48 50 161 131 44 69 80 150 83 79 163 150 163 61 55 26 103 108 60 39 42 36 31 26 36 40 35 23 10 28 27 7 87 44 96 39 123 86 122 82 87 91 52 119 93 108 68 52 31 65 96 100 79 44 40 102 202 144 44 100 232 219 63 119 174 140 71 97 90 110 74 194 83 12 82 129 52 98 97 127
82 44 39 110 92 105 202 37 73 71 15 24 70 123 163 74 0 86 115 103 80 96 173 176 50 76 167 51 39 58 103 63 98 44 88 28 100 110 67 51 53 48 41 24 40 47 44 18 25 40 43 66 87 65 150 57 84 19 88 57 31 58 44 79 36 55 28 55 93 113 108 76 59 52 12 23 150 130 103 125 129 190 109 97 108 152 103 113 178 149 156 129 110 88 141 150 115 88 93 88
113 69 73 89 155 174 162 89 83 96 181 92 99 197 223 95 28 76 72 95 80 85 138 126 56 33 87 65 71 108 75 57 105 95 184 90 128 106 52 43 37 27 25 9 29 30 32 13 25 33 60 168 167 204 190 115 49 22 79 83 37 67 62 70 21 51 64 128 175 127 104 83 111 101 51 13 91 97 182 134 43 107 71 56 93 109 111 116 180 178 247 162 239 183 164 129 38 82 143 63
225 50 47 13 116 243 111 110 74 75 169 150 94 126 142 96 112 101 13 51 76 68 60 99 78 42 87 71 62 78 105 74 143 120 195 75 111 92 44 43 36 22 26 18 40 32 41 34 16 41 60 190 249 244 197 133 83 107 97 111 74 109 116 144 78 74 69 136 193 130 147 178 171 164 60 27 142 59 131 128 88 144 36 118 149 79 44 59 58 139 182 176 215 150 96 125 60 44 58 51
138 28 72 53 3 150 112 118 122 97 5 111 64 111 90 70 118 101 22 41 100 87 47 117 148 73 105 55 23 28 97 130 214 133 182 61 140 147 97 69 34 23 42 43 33 47 32 15 26 35 28 115 255 197 205 42 111 103 109 217 157 111 76 142 97 86 43 99 143 102 184 219 191 222 146 80 105 44 133 196 228 206 56 130 137 21 26 10 1 38 48 85 109 80 109 127 74 40 74 52
103 91 173 130 5 129 183 112 170 195 252 81 46 145 100 37 77 68 71 48 50 66 23 101 98 37 105 93 80 84 139 118 244 196 185 140 159 129 113 117 86 43 30 37 30 22 26 41 23 31 17 53 192 210 184 16 96 67 119 218 116 87 30 42 63 124 113 90 142 95 203 215 131 188 219 73 14 36 149 239 185 162 145 95 57 35 20 82 83 15 57 58 68 82 156 69 55 170 174 73
92 76 156 168 77 136 181 124 83 0 184 100 27 106 132 48 52 44 67 67 92 108 58 120 120 10 136 107 118 150 103 53 71 108 187 174 138 52 55 104 115 68 26 18 10 0 7 30 57 48 47 59 158 209 173 72 71 114 148 0 76 87 44 72 85 169 205 95 174 189 255 210 28 91 150 87 13 21 104 92 96 133 211 82 11 72 75 174 217 41 44 58 78 153 245 174 81 139 161 136
58 69 112 125 116 159 83 69 94 95 23 33 45 40 19 39 79 90 74 105 157 126 68 83 74 35 164 100 85 118 107 91 111 59 164 102 174 121 75 71 91 79 47 20 19 11 37 37 52 30 29 17 79 106 86 32 127 148 39 65 0 115 161 125 126 109 224 128 112 221 244 99 85 80 34 103 123 55 163 54 111 190 184 98 8 23 63 137 119 20 31 151 157 175 122 150 146 35 31 58
85 58 13 62 72 100 27 123 117 126 36 96 77 77 81 66 80 118 131 108 107 116 98 61 59 142 148 119 121 127 173 57 124 60 167 80 157 81 57 59 42 44 44 18 27 31 60 50 62 51 40 17 86 107 138 89 136 76 65 65 133 142 100 74 62 88 99 77 131 244 232 245 171 97 59 54 159 47 168 91 105 198 108 131 75 45 81 89 34 43 47 168 149 152 34 138 255 150 87 2
255 230 82 60 19 112 81 76 88 46 86 85 75 114 180 229 226 223 255 124 51 141 145 64 75 123 51 54 129 220 240 56 102 83 140 188 255 122 120 98 56 12 32 10 11 2 23 25 35 31 34 42 95 88 184 205 156 50 69 80 220 129 87 28 30 98 63 167 233 204 101 132 146 59 179 17 140 66 96 105 77 158 68 69 49 112 141 66 33 76 76 124 102 145 50 89 200 152 149 54
250 186 101 122 56 95 53 50 24 12 110 118 104 154 212 255 255 233 246 143 129 205 185 118 97 76 56 34 10 132 176 126 90 84 59 188 246 95 149 130 122 23 51 23 14 2 11 18 16 14 28 50 41 3 103 194 197 47 48 55 155 85 27 88 33 67 49 159 255 245 134 155 63 0 155 14 84 92 37 115 74 90 84 36 28 184 250 153 106 132 111 103 53 123 90 100 152 73 155 179
158 116 146 147 52 60 21 122 119 74 70 201 127 116 163 201 162 143 114 126 205 161 89 64 32 42 117 160 10 41 148 202 177 136 51 150 206 55 140 124 142 21 59 25 21 30 36 35 19 35 46 47 6 0 59 139 199 224 97 81 123 104 64 141 172 42 115 136 153 235 221 157 56 15 96 96 74 103 7 104 57 4 107 100 53 122 164 63 64 115 107 118 23 78 86 156 152 28 92 158
58 53 52 114 129 107 89 174 148 113 101 147 110 114 145 168 122 54 16 93 188 190 98 118 73 80 156 187 134 31 178 109 144 138 130 216 244 164 184 158 181 103 28 50 21 45 48 59 33 33 56 55 18 69 37 77 164 246 168 81 106 146 76 169 255 135 150 122 40 86 103 51 39 41 85 86 17 81 0 86 35 12 99 159 94 100 92 34 28 49 20 97 107 101 75 87 87 38 91 78
89 86 76 37 248 251 151 187 77 161 114 90 105 124 154 144 102 50 28 84 196 226 220 153 150 125 132 81 147 62 116 4 43 55 74 165 254 236 223 207 253 255 82 73 34 39 78 34 28 16 46 34 39 54 0 43 84 154 116 59 49 50 76 119 146 132 129 31 0 50 50 36 49 1 21 74 71 85 63 133 72 35 84 172 145 116 103 106 76 72 47 33 116 93 97 47 17 65 141 89
61 103 148 62 255 221 144 155 87 163 134 137 157 142 63 6 12 42 63 49 99 125 121 58 58 52 14 71 179 121 59 49 37 99 22 133 230 255 230 145 213 243 46 39 25 25 83 64 19 30 68 29 52 51 21 104 93 134 137 147 87 11 140 136 18 89 123 73 152 142 35 12 32 51 38 125 249 171 204 210 119 112 32 114 66 33 44 80 75 68 51 18 28 0 92 139 36 155 247 174
105 196 196 91 170 140 152 151 64 114 183 247 188 40 62 37 94 119 198 107 121 26 14 110 157 164 99 87 202 115 93 132 180 84 105 122 240 179 122 97 65 74 45 48 56 52 20 18 8 30 45 17 32 30 25 77 93 110 227 126 37 82 136 121 149 107 76 52 177 146 45 55 42 31 80 223 237 232 255 254 135 44 42 86 4 0 43 50 89 60 46 39 36 35 64 0 55 70 84 42
92 117 119 143 217 130 79 78 79 126 58 206 80 66 118 90 62 111 195 44 117 58 103 168 173 152 64 71 145 34 45 95 219 152 108 56 48 64 105 110 77 6 54 2 4 44 19 32 63 44 8 24 32 42 78 106 62 68 139 115 45 52 94 112 57 0 37 68 142 123 90 101 74 89 134 161 255 171 15 161 177 50 89 39 91 53 56 163 113 56 121 157 133 62 93 0 29 20 62 81
233 114 149 170 157 83 63 64 87 131 151 48 24 62 111 91 64 64 67 136 194 146 151 165 170 150 100 185 185 53 19 37 104 167 31 181 65 162 232 240 153 31 77 76 55 37 26 23 34 24 13 46 16 2 75 146 231 199 186 96 35 78 78 140 126 116 248 237 146 107 113 96 81 49 66 153 208 157 52 36 131 121 18 0 56 34 27 121 51 0 108 255 231 141 143 91 146 92 78 78
206 112 158 117 29 109 209 149 90 113 189 66 67 123 44 64 112 192 147 255 250 236 140 79 105 118 152 120 159 84 109 54 94 162 107 109 61 252 255 236 244 99 80 149 108 40 27 20 4 25 71 69 51 12 31 97 131 118 93 128 115 51 35 96 71 88 252 251 116 83 93 67 123 94 0 171 69 144 129 8 77 114 29 103 5 40 107 27 5 31 64 133 97 124 149 109 125 122 119 118
178 101 56 90 46 149 255 210 109 79 70 141 138 118 1 4 99 250 252 241 253 217 115 78 42 40 64 35 73 105 154 147 74 132 89 40 38 232 243 239 242 108 32 102 67 51 43 37 46 26 44 0 70 87 48 64 44 33 69 87 106 68 4 67 73 55 201 255 165 120 79 42 110 155 63 95 116 85 51 89 76 97 112 123 47 57 110 69 33 56 48 8 43 64 108 48 75 70 37 47
253 185 96 66 56 101 151 164 167 112 78 164 103 108 87 65 45 122 178 197 195 203 121 80 71 55 87 113 96 102 111 154 110 72 60 131 54 183 254 255 250 121 99 64 88 63 14 0 58 50 19 0 21 49 101 176 160 91 42 46 89 65 56 175 193 111 177 164 161 154 107 1 64 133 103 51 156 255 188 77 105 173 161 50 105 64 70 129 72 0 61 136 146 148 166 68 61 40 56 56
241 203 146 93 48 67 49 106 187 128 161 134 74 144 244 177 82 53 103 151 163 160 76 104 127 75 113 138 86 89 18 162 210 115 75 68 27 57 197 252 214 170 255 166 104 84 78 39 26 39 86 58 28 6 82 189 169 94 39 67 100 64 87 205 204 65 60 42 15 69 78 30 76 148 102 83 142 236 254 75 115 217 141 58 146 91 44 143 108 49 99 209 163 120 149 82 115 62 35 52
179 206 132 74 77 134 122 188 139 29 124 30 60 79 201 106 102 76 74 93 91 113 79 109 103 37 35 98 67 156 7 160 223 87 67 0 34 70 135 142 77 121 237 192 110 108 223 210 48 45 126 86 58 46 86 125 105 123 175 156 84 39 98 254 198 59 45 26 19 47 71 83 69 30 12 86 151 89 22 108 191 127 97 127 87 91 95 24 77 90 81 89 69 41 122 106 145 99 44 64
123 223 138 109 142 146 140 173 141 149 183 68 20 91 119 96 139 30 128 162 99 0 149 97 159 76 65 58 97 30 25 70 171 144 59 17 87 172 225 58 160 248 64 130 105 78 177 252 97 89 158 93 44 73 72 48 91 118 214 148 51 33 27 113 44 11 113 116 152 90 66 65 140 207 43 151 103 5 99 38 215 174 79 74 56 48 64 50 9 79 101 83 147 20 33 78 136 127 75 75
85 141 73 100 211 208 158 148 125 144 222 112 77 55 20 0 122 63 75 66 111 112 203 50 49 13 154 41 75 140 145 133 95 34 13 44 86 168 247 217 121 194 255 122 140 203 198 211 70 30 62 41 2 64 52 45 36 25 106 141 131 119 70 56 35 10 111 87 116 136 132 60 110 190 95 162 84 72 104 39 33 115 179 226 203 124 117 92 50 125 163 127 184 72 17 64 51 53 41 50
124 119 83 71 173 237 127 93 90 18 98 140 119 145 96 32 131 78 170 165 87 0 83 120 193 82 14 95 63 129 167 127 91 75 36 93 84 60 217 255 167 153 197 252 196 255 153 154 170 104 91 95 37 49 23 63 54 16 27 107 99 39 40 26 114 29 67 59 71 251 243 50 21 42 21 51 0 60 129 153 93 126 175 197 199 121 109 72 41 118 171 166 129 128 48 32 47 33 93 144
77 95 126 131 117 176 57 54 103 0 82 17 0 40 121 14 67 143 255 138 210 165 181 97 122 88 101 129 48 54 127 86 95 171 176 99 101 182 234 255 155 211 188 249 254 216 23 86 125 150 162 137 63 39 28 79 110 52 28 42 35 35 55 55 117 27 34 24 24 236 245 78 56 87 52 51 114 91 83 229 194 87 38 34 75 76 99 76 45 76 99 150 64 103 78 89 83 44 141 172
61 35 54 186 142 156 47 70 167 93 203 175 86 83 134 42 26 43 94 181 139 96 100 92 118 64 64 44 22 115 137 49 91 171 135 81 100 188 173 239 221 255 187 246 246 220 109 98 42 141 164 105 80 83 48 14 30 29 102 58 69 156 105 75 37 35 95 54 13 89 89 29 131 116 97 47 143 113 63 109 149 50 27 55 100 94 87 80 22 94 84 90 19 86 109 108 94 31 110 60
103 33 63 116 125 157 109 114 128 97 212 103 99 136 210 90 108 139 115 91 56 36 63 31 42 14 31 41 41 110 117 102 156 152 100 121 174 49 66 248 247 242 218 242 255 173 141 147 45 177 189 126 91 83 65 59 89 57 80 174 94 171 112 110 36 72 131 56 51 126 130 69 90 96 87 34 121 84 74 79 112 53 76 100 118 89 77 59 33 144 139 90 18 53 135 101 53 19 29 12
81 107 71 28 72 92 109 129 79 67 149 155 69 141 230 52 46 86 88 133 63 33 53 112 85 51 35 46 58 56 89 125 178 176 112 154 230 121 137 235 252 205 255 174 134 102 56 107 72 106 196 219 94 52 27 144 214 147 72 238 92 100 140 103 95 96 97 13 105 207 255 216 136 111 140 81 115 98 52 157 90 34 0 36 101 89 71 41 46 107 141 97 33 56 123 117 33 48 51 35
157 124 97 35 51 2 73 170 112 137 252 245 57 6 123 13 26 118 166 117 75 70 108 128 47 52 47 33 83 68 59 109 96 79 110 220 128 67 169 176 250 235 115 97 96 163 71 76 52 73 173 183 78 36 37 154 222 172 142 175 112 156 180 81 121 68 71 17 68 62 182 255 109 72 58 20 62 118 28 105 73 117 48 40 77 112 116 70 46 56 69 78 68 48 150 111 63 117 71 30
149 174 194 32 38 66 92 159 186 101 219 198 119 53 49 70 0 39 95 62 75 63 104 138 25 104 108 28 74 108 47 90 101 139 36 101 72 32 39 133 154 242 255 239 111 205 4 46 85 33 45 36 44 74 32 141 236 239 168 129 82 186 79 59 122 77 97 92 135 97 135 110 46 93 45 30 5 54 29 97 55 87 29 33 30 69 93 100 142 93 111 115 92 70 114 76 95 162 81 37
117 137 142 69 128 84 30 196 239 112 37 129 137 59 34 12 70 51 41 74 47 36 18 67 0 121 74 7 24 72 38 84 33 40 4 72 61 68 51 61 70 228 243 255 40 70 135 103 133 15 78 195 238 177 0 59 208 255 125 50 51 100 60 52 95 144 156 130 127 89 68 45 79 71 0 36 33 56 5 15 27 83 93 76 11 82 140 185 191 101 167 129 24 112 29 89 42 101 35 27
67 86 69 80 136 61 8 151 158 0 46 75 56 42 0 22 30 33 20 36 13 36 28 16 26 113 13 51 66 63 57 78 40 65 116 136 118 125 160 130 213 249 243 235 50 164 192 183 57 9 118 236 255 82 75 34 155 165 88 0 62 38 67 0 8 117 133 153 194 166 62 60 71 41 77 101 96 109 17 9 0 91 149 100 0 73 120 139 76 58 134 179 61 185 52 102 44 65 22 26
44 48 60 79 125 79 38 146 139 0 54 61 18 21 36 41 32 27 28 64 56 73 103 75 81 93 9 61 67 51 46 58 77 88 118 203 236 232 217 128 255 246 255 228 95 249 191 255 148 179 247 250 250 33 156 68 92 86 58 80 79 117 83 53 28 108 128 125 123 133 64 86 70 25 165 141 113 105 43 66 88 80 65 93 54 32 16 28 41 46 33 71 20 87 95 103 97 83 75 75
17 50 93 59 161 156 77 226 240 107 19 70 0 46 63 64 45 69 38 118 73 158 183 147 125 92 65 32 14 61 82 145 213 137 46 207 247 250 172 42 242 218 225 254 201 248 255 196 220 208 248 254 240 128 116 139 117 217 181 123 68 157 140 85 75 29 99 157 71 30 42 146 146 55 206 167 102 35 56 155 195 147 52 87 88 30 10 25 41 36 63 16 24 0 76 68 48 32 74 89
0 67 85 43 131 137 102 190 187 83 34 36 40 76 41 33 90 98 12 145 125 163 167 111 111 47 125 168 42 106 172 158 255 232 139 194 230 147 93 21 238 246 249 255 192 255 252 193 92 93 183 243 183 210 101 254 67 255 234 98 53 127 100 68 114 9 85 84 67 65 61 116 123 85 160 173 86 16 79 148 237 133 33 93 74 1 56 74 23 36 45 43 90 64 37 137 4 107 26 75
25 89 57 96 57 150 130 101 56 4 75 65 39 55 47 18 67 87 0 144 189 189 106 76 98 61 187 190 46 159 193 42 195 226 166 148 95 0 62 17 174 255 252 200 97 254 211 243 82 192 245 255 207 247 241 252 65 84 140 109 106 206 108 96 170 159 127 8 65 76 111 90 2 40 79 71 69 0 54 87 121 63 1 35 62 21 40 49 22 58 50 29 63 162 111 251 151 169 170 26
79 125 50 101 125 168 169 131 142 85 15 121 35 61 113 27 57 105 53 137 255 229 100 65 149 86 243 207 24 159 215 12 108 108 117 113 99 16 110 64 61 189 255 167 103 96 150 193 207 245 236 203 252 226 248 102 232 146 194 104 254 208 114 63 194 253 100 148 111 96 240 179 26 88 97 0 52 58 107 51 107 79 46 42 75 22 16 34 126 173 76 60 158 255 247 255 255 66 91 12
58 95 96 77 146 233 255 161 29 158 45 54 82 117 47 131 34 53 78 67 216 126 76 73 120 110 220 170 63 117 155 132 18 107 208 99 44 37 99 84 81 117 237 207 103 255 220 252 23 255 224 76 83 215 254 237 233 230 221 233 255 255 76 130 215 153 224 169 101 115 253 120 250 96 70 15 41 14 52 105 110 72 50 64 98 24 37 51 57 199 150 47 106 110 235 164 90 114 0 74
86 26 45 109 153 158 106 186 92 91 129 52 36 46 152 196 200 98 117 81 181 68 54 53 112 93 216 202 81 87 144 177 88 133 157 67 61 96 133 186 226 31 255 202 177 250 250 214 72 254 235 202 248 255 188 255 229 155 255 255 254 219 16 73 255 209 207 157 119 77 245 15 255 221 198 99 64 92 100 92 49 20 9 58 85 14 63 38 22 130 114 4 17 31 123 8 9 17 84 22
65 75 89 33 66 108 45 146 138 78 154 112 97 102 242 150 94 43 80 57 95 61 60 41 54 71 120 95 27 42 77 122 84 101 80 140 173 111 107 200 255 4 239 251 255 197 253 224 205 227 255 238 255 245 254 219 255 201 252 235 193 163 20 40 246 205 89 105 64 108 99 67 69 246 230 141 88 132 136 53 3 45 60 87 64 8 81 42 0 81 51 115 59 75 122 92 135 30 40 85
47 71 168 29 0 107 214 154 98 130 180 109 47 138 97 39 0 102 159 70 53 70 81 64 53 42 48 54 6 68 114 100 95 116 60 105 181 188 199 255 241 92 255 201 251 255 234 235 242 225 255 255 186 242 255 242 255 255 255 238 84 51 48 68 167 154 106 44 72 142 113 112 6 169 129 74 31 94 130 39 19 109 129 108 56 28 93 89 68 118 61 158 95 101 85 109 253 185 157 68
60 85 181 99 39 95 255 205 35 97 79 151 52 54 10 44 69 176 167 34 87 116 96 49 77 92 47 81 90 113 94 89 97 101 81 83 155 202 201 255 163 210 255 217 255 248 219 255 253 244 254 227 255 234 141 208 187 83 184 234 19 30 74 80 89 105 101 74 149 125 250 102 82 78 47 54 13 60 84 5 77 146 132 77 39 34 62 85 80 105 115 51 63 161 85 124 151 142 169 53
139 109 137 89 128 33 250 247 64 3 69 143 90 34 38 42 155 115 101 45 97 122 46 20 42 92 22 61 42 20 42 25 91 81 49 131 119 149 102 136 26 237 215 255 245 217 142 255 253 216 182 255 254 214 105 97 82 23 89 114 17 52 93 86 85 89 40 64 130 106 211 99 82 51 21 80 44 57 47 3 58 87 63 50 28 79 81 44 74 150 156 54 70 144 160 198 72 27 65 76
85 44 38 83 179 83 178 208 92 51 114 10 36 0 75 36 82 77 100 70 70 57 3 28 12 75 44 29 46 38 78 39 96 75 88 90 62 98 92 125 88 115 45 192 238 241 175 134 106 104 192 223 222 233 165 36 70 128 137 67 28 74 81 60 45 64 7 142 49 112 86 101 26 29 64 76 48 45 46 37 42 58 72 35 55 74 64 59 84 116 161 113 110 92 106 179 110 134 148 113
29 14 49 58 39 111 163 8 45 22 21 58 26 25 5 68 7 0 44 10 3 19 3 88 86 86 94 0 73 97 176 52 69 8 22 181 64 47 42 146 184 140 89 163 180 226 183 123 132 71 128 107 135 116 23 32 48 68 157 167 87 30 29 16 50 94 129 175 99 111 78 59 100 37 73 53 34 5 32 69 42 74 107 69 33 78 32 21 147 147 68 35 215 203 102 142 87 135 102 51
36 91 124 201 252 236 134 96 90 75 31 62 52 59 14 89 55 0 43 44 81 63 48 145 193 226 172 98 82 178 166 60 10 134 126 105 49 38 26 110 255 230 95 175 228 161 139 108 63 105 126 25 17 99 18 139 51 43 207 217 97 68 95 54 62 89 62 43 31 85 123 78 46 56 41 18 95 35 0 67 69 44 140 96 41 0 57 130 81 29 57 58 43 85 87 21 85 95 57 84
0 37 117 216 255 241 126 76 111 92 36 0 47 39 42 66 94 52 46 110 171 33 32 70 113 235 225 118 121 89 53 67 53 79 122 76 37 96 53 94 182 224 210 172 214 176 128 153 62 23 37 125 86 111 70 161 105 67 197 213 164 113 68 90 100 114 94 74 46 43 47 50 75 80 51 25 32 45 57 23 37 49 79 151 171 167 150 164 134 62 35 66 26 75 77 61 106 71 52 128
58 61 87 135 158 123 48 63 92 85 30 33 107 85 95 103 149 212 101 132 197 66 139 100 36 229 255 144 18 86 84 11 48 92 4 51 52 81 83 62 55 33 51 98 165 112 160 172 106 110 104 206 100 23 64 102 117 85 186 245 255 194 71 85 96 47 62 15 81 62 36 69 60 49 0 0 5 46 70 37 59 128 123 115 254 249 184 109 95 89 94 162 88 93 57 61 62 23 19 64
80 76 64 78 90 82 32 44 84 104 63 49 126 94 146 105 98 223 78 40 114 97 149 86 16 147 129 67 107 91 81 113 58 16 92 18 40 92 127 171 83 2 123 94 80 56 97 88 35 73 43 104 87 58 84 148 103 44 103 217 217 129 70 125 145 78 14 43 172 209 87 74 78 35 49 106 82 62 46 17 30 54 65 171 255 251 127 108 141 153 158 189 77 75 71 86 117 94 87 60
109 38 19 72 77 116 93 53 77 104 40 83 105 75 126 103 53 154 66 32 113 143 60 17 111 155 97 94 67 133 118 50 73 171 146 69 115 156 164 153 53 9 223 230 148 47 116 137 110 131 123 121 106 129 45 139 82 162 151 117 65 69 84 84 102 96 17 85 189 150 46 37 43 62 65 54 68 36 14 103 93 72 164 231 179 114 71 126 168 108 59 91 43 50 50 57 75 78 86 43
100 59 42 58 49 99 113 37 46 56 36 64 74 53 126 99 26 109 97 102 30 93 79 30 123 112 121 38 137 86 80 172 170 145 216 104 107 133 151 148 65 0 136 223 120 49 124 133 132 171 86 105 108 134 68 131 52 194 169 84 25 88 130 58 13 79 69 96 94 52 13 28 54 22 25 100 142 81 53 124 80 22 94 72 108 53 73 93 107 4 4 54 73 68 55 64 67 0 27 59
78 88 66 67 54 136 163 67 74 124 90 0 10 43 57 104 54 41 145 158 17 49 59 62 86 108 71 40 103 100 99 128 143 118 124 65 44 79 80 176 137 67 176 221 230 208 194 133 100 147 88 42 40 111 192 218 54 96 48 68 61 81 88 62 54 107 128 142 82 46 59 87 74 82 34 7 28 4 33 62 15 38 107 47 105 141 96 75 34 51 47 74 102 136 91 107 170 106 118 69
49 12 10 82 74 144 123 99 82 107 69 20 61 66 96 122 112 98 211 255 249 176 59 0 180 230 62 125 154 129 16 43 30 25 85 76 65 69 53 48 53 46 124 85 182 255 194 59 0 165 207 137 54 26 184 175 81 85 108 155 148 115 32 43 7 0 99 165 36 11 59 5 0 46 73 98 79 85 100 15 17 61 105 125 144 86 10 34 84 83 38 69 142 100 15 76 140 52 98 73
41 145 186 138 19 154 79 43 176 49 66 61 11 39 215 193 116 152 47 214 253 234 72 59 214 255 208 88 156 0 89 169 132 149 130 87 74 97 149 121 53 106 163 75 98 186 150 51 5 117 166 113 136 88 3 22 10 36 145 124 129 128 14 28 47 98 48 39 83 23 0 98 109 79 171 255 124 149 178 46 42 137 166 243 250 145 106 71 74 116 82 21 116 96 105 183 88 26 152 206
42 205 249 237 28 71 32 82 130 39 86 39 93 140 205 206 174 167 79 255 255 171 75 34 115 182 180 138 148 154 207 164 93 167 30 44 75 104 91 69 58 89 135 115 24 43 59 47 48 50 22 145 134 92 75 63 42 42 90 16 54 76 31 10 25 35 10 27 86 46 31 127 124 156 215 252 232 153 65 77 118 154 155 188 229 212 238 143 78 129 110 28 73 72 123 180 135 112 198 177
97 225 169 217 105 114 100 71 78 73 138 82 22 13 122 149 88 97 60 184 109 86 28 23 88 125 131 118 189 230 222 116 52 132 51 73 121 174 196 131 77 58 93 154 65 94 105 77 68 97 6 153 178 104 0 57 100 85 55 33 71 51 98 58 99 28 16 19 25 19 38 64 30 30 125 168 254 198 145 182 134 75 121 107 162 218 255 210 91 113 140 194 162 89 69 108 87 135 221 208
66 125 56 107 132 147 145 67 63 116 79 107 74 33 109 162 107 114 96 63 43 56 64 62 66 83 70 127 251 208 140 75 27 86 162 134 88 138 255 219 74 40 88 135 74 140 131 74 3 97 7 135 124 42 8 9 87 91 75 89 58 7 62 43 75 32 43 20 16 28 49 49 7 3 64 108 163 110 61 83 11 10 129 80 106 187 211 160 77 151 212 255 150 64 29 31 80 129 177 211
28 90 115 64 64 44 60 52 63 91 19 68 82 110 84 148 253 173 62 80 105 171 125 41 31 67 51 227 250 202 103 70 37 45 131 133 28 56 107 142 68 45 135 144 65 117 126 127 120 137 69 50 10 38 55 47 0 17 62 75 9 21 58 80 17 60 103 46 34 39 59 84 35 33 67 137 62 39 41 74 84 93 164 94 62 87 111 80 120 159 178 158 89 49 71 59 73 118 126 183
50 84 127 112 33 10 41 25 5 61 64 88 70 46 15 99 207 148 122 210 178 150 90 41 54 87 3 174 144 174 157 39 30 84 32 67 52 22 40 78 98 75 53 106 62 84 98 184 163 160 123 105 55 35 40 31 80 69 9 13 9 98 88 112 8 108 175 58 38 26 42 60 60 44 44 70 61 129 120 116 188 251 207 69 23 74 27 28 119 133 96 141 89 41 71 56 63 56 50 94
89 57 78 54 24 74 77 14 0 62 131 129 87 34 43 103 112 78 194 192 155 109 58 62 98 70 18 26 24 98 128 89 50 57 35 31 60 66 57 87 97 72 23 11 38 81 79 140 95 120 138 177 113 35 24 45 146 122 0 14 0 44 69 70 31 44 125 124 79 71 62 50 80 75 61 47 99 99 55 0 106 184 180 80 19 49 25 27 92 77 60 128 115 72 55 32 30 15 27 65
55 0 53 48 9 43 48 39 122 53 6 115 113 122 76 104 89 34 113 48 88 158 134 90 43 36 44 17 26 78 98 92 32 0 141 93 5 4 65 54 67 73 61 47 102 84 78 161 119 95 135 162 48 95 172 79 0 38 59 111 55 8 33 39 51 0 31 110 94 109 56 42 101 145 77 63 64 54 46 83 32 42 37 30 27 63 64 52 118 86 59 52 32 40 59 102 79 16 14 35
86 63 117 117 60 40 48 89 99 71 47 25 23 13 58 82 137 95 52 23 58 175 188 105 104 102 24 33 25 50 56 39 71 107 96 107 94 145 26 113 26 114 110 63 81 63 80 109 73 106 26 59 106 104 92 128 110 59 70 35 33 24 45 30 67 53 24 68 99 129 72 131 12 74 0 46 88 115 89 78 69 38 32 50 15 0 18 30 25 44 70 33 15 32 21 55 96 17 15 35
18 33 49 78 110 124 137 153 184 148 86 22 81 57 58 7 45 34 19 103 105 129 115 45 54 82 13 72 107 154 144 94 94 104 98 111 100 95 37 87 33 95 75 117 116 77 85 61 84 98 20 88 106 53 11 38 42 51 102 84 56 63 100 111 79 63 0 3 90 127 61 123 30 115 85 44 41 42 110 97 69 49 62 78 42 7 25 29 31 45 62 32 52 72 48 75 47 16 40 80
38 45 41 83 118 102 101 114 148 142 80 59 71 41 39 36 106 51 48 70 50 44 46 26 58 91 80 21 37 93 93 58 43 50 14 90 73 105 120 166 178 148 118 254 217 97 62 53 112 164 70 95 104 103 57 17 19 64 109 233 173 96 80 95 124 80 35 46 106 126 64 81 10 72 67 82 41 18 72 82 61 43 40 32 55 61 41 1 23 34 32 25 52 24 18 67 42 44 44 99
71 46 73 99 69 28 33 72 88 60 29 15 93 86 106 30 62 25 58 46 20 17 41 42 62 110 168 63 69 128 144 126 110 96 54 57 94 82 171 200 244 210 188 255 183 68 15 24 116 155 37 94 140 137 83 64 59 95 128 248 200 92 49 60 83 99 114 100 62 67 41 74 50 78 44 104 53 27 18 42 15 26 37 0 40 61 45 46 56 55 10 38 103 52 51 75 46 70 19 82
88 38 84 75 27 50 72 92 63 29 20 140 147 139 126 91 115 40 16 49 43 45 79 79 62 93 130 58 64 108 108 66 56 52 0 28 38 21 36 11 76 52 106 201 166 60 6 78 163 176 30 80 109 86 37 39 45 76 116 83 91 77 61 44 42 94 97 66 26 61 26 53 72 100 64 51 69 53 33 0 32 47 66 22 56 50 23 65 95 72 0 88 253 216 153 66 18 83 26 99
96 83 119 58 54 56 55 32 0 0 52 225 134 31 49 160 245 119 5 27 35 76 70 78 39 25 75 111 117 158 160 120 85 100 25 77 105 64 84 19 67 49 87 141 104 61 110 168 236 231 99 43 99 70 55 56 62 51 46 33 65 88 76 40 26 56 77 65 44 126 78 24 31 62 44 15 54 52 44 112 177 149 74 26 81 99 37 17 30 37 48 102 245 232 135 73 72 67 13 85
134 94 145 70 64 58 10 33 50 72 65 43 88 11 55 45 121 79 47 0 58 16 43 79 55 43 79 58 129 225 217 145 111 120 103 23 24 35 87 48 59 30 49 70 69 43 78 132 193 246 129 28 90 86 72 89 53 20 51 40 84 66 62 33 21 56 79 79 38 131 111 3 0 0 36 86 55 16 61 166 232 161 76 11 66 105 92 37 34 92 93 73 96 112 45 73 58 24 2 11
168 100 119 52 79 89 95 163 253 218 118 76 97 76 117 34 58 26 0 46 97 70 27 71 96 70 93 49 153 254 253 185 133 89 96 72 95 98 126 126 132 157 164 92 75 66 60 87 126 232 207 88 90 73 38 14 41 14 46 14 23 24 42 35 42 41 30 27 11 59 76 13 70 44 21 57 63 76 75 86 68 75 89 48 36 17 103 159 187 130 83 58 53 85 28 43 51 11 52 25
77 100 168 115 88 32 141 209 240 255 139 141 85 124 175 121 16 32 61 79 50 41 91 165 102 100 104 55 101 179 217 147 108 140 98 64 13 22 106 196 172 163 161 139 118 63 9 89 81 162 232 158 123 122 126 78 30 17 44 56 32 37 15 7 68 81 75 62 85 68 38 44 4 79 96 31 11 42 49 89 134 68 29 48 68 38 106 188 255 132 70 55 68 106 109 54 29 6 62 37
129 105 132 58 57 42 184 185 85 186 74 43 80 152 186 115 72 26 17 75 99 75 66 101 28 88 67 31 20 114 225 138 47 84 52 94 137 136 107 146 165 93 41 83 124 116 23 76 28 31 74 36 43 49 87 77 67 37 42 72 71 55 32 16 61 87 95 83 72 94 15 54 44 99 189 143 117 118 117 189 216 101 39 68 49 72 107 114 241 170 62 38 63 129 172 88 86 80 93 83
76 134 241 135 68 78 211 247 93 131 25 28 61 93 95 29 80 104 100 152 170 85 10 69 44 97 42 46 29 102 255 218 70 62 84 132 227 170 23 7 91 89 63 57 59 99 78 122 57 36 27 33 121 64 44 56 8 29 42 15 86 105 194 179 254 189 162 160 57 91 9 70 40 29 137 144 87 89 98 137 137 58 68 82 17 129 146 38 234 217 39 36 46 94 113 86 76 89 85 113
62 192 255 163 61 85 174 223 93 108 44 78 11 2 13 19 14 108 170 114 122 14 26 103 162 172 77 63 61 61 204 226 89 56 27 38 131 172 119 100 61 28 21 40 70 86 91 91 72 70 75 139 255 168 117 119 3 79 87 35 111 94 199 162 228 112 108 131 90 72 33 90 41 39 65 87 30 89 94 59 71 69 138 92 4 125 164 102 195 168 34 59 18 23 46 63 25 38 49 94
102 196 93 49 22 81 105 73 22 109 60 32 45 75 80 76 51 20 35 156 140 65 49 172 196 210 100 22 38 12 126 169 99 64 8 112 112 80 52 40 3 31 83 62 68 61 93 42 50 34 44 111 210 105 92 85 18 61 30 49 119 40 94 68 165 73 87 60 147 80 86 107 44 126 81 91 12 76 74 41 46 78 145 73 29 95 109 138 157 77 28 63 30 55 93 33 31 19 29 49
77 184 35 79 59 80 84 48 109 148 125 19 171 212 157 147 146 76 7 51 74 62 52 121 56 53 10 33 102 96 119 113 74 84 56 21 74 86 93 75 59 5 3 42 49 39 83 47 58 74 64 114 146 49 80 187 128 115 30 33 113 24 65 76 132 106 111 97 251 195 153 105 13 151 128 137 17 80 80 52 67 52 47 65 48 30 37 123 92 9 64 58 83 192 223 111 27 19 46 60
48 96 83 122 80 56 147 96 179 169 144 79 185 167 93 112 161 106 50 54 64 84 143 237 127 126 68 54 94 75 79 58 0 5 67 53 54 41 0 32 25 69 89 52 37 81 120 15 99 83 86 76 48 22 78 101 112 84 48 19 108 60 42 53 58 0 23 114 255 198 122 87 0 112 136 180 65 113 119 61 74 61 24 62 35 48 7 62 26 1 79 108 108 238 236 150 39 22 38 47
13 47 76 49 39 76 156 2 110 73 59 42 111 80 11 55 47 45 67 67 64 79 171 252 108 61 12 43 83 19 25 59 14 16 60 79 56 45 9 24 16 36 100 147 127 86 94 27 64 53 79 38 4 22 61 48 67 56 104 17 72 58 10 71 64 54 55 74 82 54 58 100 69 105 117 157 51 76 88 0 46 43 10 42 35 62 9 31 43 33 39 62 56 127 206 160 52 32 44 54
56 25 31 74 50 0 26 32 50 28 29 25 77 95 51 90 80 95 154 125 65 4 52 83 55 32 0 6 49 17 26 48 51 85 19 71 45 48 86 17 71 116 119 57 37 98 140 22 3 23 50 11 31 30 18 63 36 46 144 19 35 32 0 109 187 159 81 58 27 93 90 80 116 171 68 55 97 76 21 9 5 17 24 18 43 56 37 43 43 65 44 96 129 9 157 68 49 37 61 76
