47 37 21 14 25 39 36 23 11 11 12 14 18 23 27 30 25 12 8 20 29 24 19 19 15 32 49 50 35 19 12 12 22 14 13 21 26 25 28 36 33 31 33 38 40 33 21 13 0 7 8 2 14 36 34 15 20 7 16 43 48 27 16 24 18 17 19 22 21 18 16 16 15 12 15 23 24 23 36 55 54 39 23 17 15 11 9 8 14 27 43 46 32 15 10 15 25 27 31 33
33 17 2 7 33 50 39 17 0 4 16 27 34 39 43 46 31 23 12 5 9 21 30 34 1 9 20 25 25 24 26 29 18 15 15 18 19 17 19 23 29 24 24 32 39 35 20 7 5 6 9 13 21 30 38 41 27 16 19 35 37 20 6 5 14 17 24 31 32 26 15 8 11 9 14 21 22 21 33 49 47 33 20 16 16 11 6 2 9 14 23 29 26 20 21 27 35 37 39 42
17 7 0 6 24 34 25 9 16 23 33 36 33 26 20 17 17 23 18 5 6 21 30 28 25 22 18 15 13 11 6 3 22 27 30 27 24 26 29 29 22 17 17 28 40 40 24 7 13 4 6 17 18 15 30 54 58 47 38 37 37 30 17 8 31 27 25 27 30 32 27 22 21 19 21 24 20 15 20 31 29 18 11 16 23 22 17 14 7 4 4 9 15 18 23 29 26 27 30 32
20 28 35 32 19 10 12 19 17 20 24 27 28 26 22 18 9 13 11 6 8 17 22 20 21 18 15 15 16 14 9 5 6 16 19 11 8 14 20 19 18 17 20 29 41 43 29 12 17 7 6 13 11 6 19 42 51 43 27 15 18 26 19 5 37 33 27 26 33 39 37 30 25 24 25 27 22 15 16 23 21 12 9 18 28 31 28 26 18 13 9 11 12 13 16 21 25 26 27 28
26 45 66 67 43 20 20 35 27 21 15 17 24 30 31 29 21 8 0 2 7 11 18 27 12 11 11 11 11 13 16 18 9 18 17 5 0 4 9 8 20 24 28 31 36 37 24 10 16 12 9 7 8 11 17 23 23 26 19 10 21 40 36 17 20 25 30 36 43 45 32 17 12 14 19 23 23 21 23 27 28 19 15 20 26 26 24 23 30 30 30 27 19 11 10 15 20 20 21 21
18 26 47 67 63 41 27 27 40 30 19 14 16 17 16 13 18 6 4 16 22 16 16 22 22 19 12 4 0 2 10 17 37 38 34 23 15 13 14 13 24 30 31 28 29 28 16 1 6 9 5 0 4 15 17 11 16 30 36 37 53 74 69 48 18 22 24 24 29 34 27 14 10 13 16 18 18 18 19 20 21 17 16 20 22 21 21 23 27 31 35 32 19 6 4 10 16 15 15 15
27 13 17 45 61 49 27 16 11 12 14 15 14 13 12 11 7 11 19 28 29 23 17 14 15 12 8 5 7 14 24 31 35 31 29 29 25 18 15 16 26 28 26 22 26 29 16 0 4 6 4 1 5 14 16 11 16 28 34 34 47 66 64 49 27 27 20 8 9 19 23 18 17 19 19 17 15 13 12 10 10 11 17 22 22 18 19 23 22 25 28 25 14 4 4 11 29 28 27 26
57 28 15 36 55 49 31 23 0 10 22 25 17 7 2 2 10 22 25 16 13 20 25 22 23 21 19 19 21 23 24 23 25 20 24 35 39 31 27 31 24 24 19 18 28 37 24 3 13 12 11 11 12 14 18 21 26 31 26 17 23 41 46 38 23 29 26 15 12 17 16 8 16 18 19 17 16 17 16 15 12 17 25 29 22 12 10 14 28 26 25 22 15 9 12 19 26 25 24 23
57 29 17 34 45 37 32 39 30 20 11 10 10 10 12 16 19 19 17 14 11 12 17 22 27 25 19 14 17 21 20 14 17 12 8 16 37 57 63 59 50 16 0 13 32 29 18 15 13 10 8 9 8 10 18 28 32 21 2 24 4 2 15 26 16 14 27 20 17 21 14 23 18 24 23 19 21 28 25 16 17 35 40 35 32 24 16 19 13 18 27 30 25 18 20 26 30 26 19 14
29 17 11 15 18 17 17 20 13 9 5 7 13 18 19 17 15 16 17 17 14 11 7 5 13 19 19 10 2 5 14 21 13 22 17 7 25 70 101 106 72 34 4 10 26 24 8 0 8 6 7 7 5 6 15 26 35 23 6 33 13 4 8 13 0 2 20 17 27 45 34 27 19 23 27 29 30 31 26 19 23 31 39 51 58 40 22 22 23 23 27 31 31 26 26 30 26 22 16 13
25 26 21 12 9 13 16 15 14 15 10 7 14 22 19 8 8 8 9 13 16 16 11 6 7 12 11 2 0 2 15 23 16 26 23 9 10 39 75 95 60 34 9 4 10 10 3 0 6 7 9 10 6 4 13 24 24 16 2 30 15 9 8 4 2 11 25 17 29 53 38 20 35 29 26 28 28 21 15 11 36 30 32 55 71 52 28 27 26 21 20 24 28 27 26 27 25 20 15 15
45 36 25 17 17 20 21 20 23 24 16 6 13 28 27 14 10 6 4 10 21 29 30 28 11 7 1 0 5 17 22 21 26 22 27 32 17 0 13 44 31 30 22 10 0 0 5 13 10 12 16 16 10 5 11 21 22 24 10 30 21 33 35 22 17 22 34 23 25 39 26 20 49 30 17 19 24 19 14 14 36 27 18 28 45 38 21 19 22 16 13 17 20 21 23 27 29 22 17 19
49 24 5 9 19 20 19 20 19 19 10 1 12 34 43 36 22 15 11 15 26 33 33 29 8 7 4 5 13 23 25 22 28 23 32 44 30 5 7 28 26 31 32 22 8 3 8 15 14 16 20 20 13 6 7 14 12 25 9 17 7 32 40 21 7 10 32 32 27 25 17 30 41 21 9 20 34 35 29 26 19 22 11 2 13 18 8 1 19 15 14 15 16 17 25 33 33 22 16 20
41 14 0 8 22 25 25 29 21 18 9 2 10 28 39 40 26 21 16 18 21 20 13 5 2 12 19 16 11 13 19 24 21 26 27 21 19 23 27 28 25 18 16 21 24 20 12 9 13 14 17 19 13 5 2 5 6 22 12 21 3 18 25 12 0 1 29 38 31 20 10 27 22 15 14 27 41 39 26 14 7 24 22 10 15 19 7 0 15 12 12 14 14 17 26 36 34 19 10 14
28 22 18 20 26 31 35 37 29 25 19 13 12 16 21 26 25 20 16 17 19 19 14 9 11 21 25 19 11 9 13 16 15 19 16 7 9 20 23 16 17 3 3 21 33 26 15 12 10 9 12 16 15 7 1 0 15 26 32 66 41 28 29 32 17 13 29 30 30 29 15 19 10 17 26 32 35 31 17 4 6 25 32 32 38 32 16 8 18 12 10 14 20 26 33 40 35 18 6 9
13 30 37 26 20 27 34 33 30 27 25 24 19 12 13 19 28 23 18 18 25 34 41 44 30 27 21 16 15 17 11 3 13 7 10 20 23 15 9 10 19 8 11 30 35 20 13 19 8 6 9 16 18 11 3 0 3 9 31 90 64 28 23 41 38 27 26 16 27 45 32 24 2 20 34 33 30 30 25 17 6 18 28 40 49 36 19 19 29 19 14 21 32 40 44 47 38 18 4 7
6 26 34 21 12 17 17 9 13 11 19 30 30 22 22 30 27 21 17 24 37 44 42 37 26 18 15 21 24 18 12 11 11 13 17 25 36 39 27 12 32 36 25 21 29 15 2 12 6 12 12 8 11 18 13 1 8 14 35 50 43 38 40 38 23 13 18 25 22 26 38 43 21 23 30 26 13 18 34 39 21 12 14 29 38 31 20 15 33 32 24 15 18 35 51 57 55 28 7 8
3 7 17 24 19 12 21 37 30 25 28 35 34 26 24 29 42 28 21 30 37 33 22 16 16 14 18 29 32 24 13 8 13 13 11 13 21 27 23 14 17 20 13 7 11 13 14 20 11 18 19 14 14 19 14 4 1 10 35 51 43 35 35 33 18 17 28 32 21 21 37 47 28 21 19 16 10 23 41 47 35 22 10 10 15 18 18 18 41 37 29 25 34 49 58 58 51 29 13 15
12 9 14 21 15 9 22 44 49 34 22 22 23 23 28 36 19 7 4 18 32 34 32 31 12 12 17 25 29 22 13 8 5 7 6 6 10 16 18 15 13 9 10 7 5 14 22 18 12 20 23 18 16 18 15 8 0 12 40 55 43 29 26 21 25 32 45 41 16 9 26 41 43 28 23 26 33 50 66 66 43 29 10 0 6 18 23 21 33 28 25 31 47 63 66 60 37 24 16 19
34 35 27 12 4 10 20 25 36 20 9 12 21 25 26 27 22 20 13 9 13 21 23 20 13 10 8 9 11 12 11 11 1 8 13 14 15 18 20 18 25 10 21 37 31 27 22 5 5 13 18 15 13 14 15 12 5 18 47 61 44 26 18 11 23 31 44 35 7 1 21 36 28 10 8 22 36 52 58 49 33 26 13 10 24 41 39 26 25 21 19 28 43 53 50 43 21 16 14 18
53 42 25 11 7 13 21 27 20 9 6 19 34 36 23 10 25 41 39 18 10 21 22 8 12 11 8 7 10 16 20 21 13 21 25 21 18 19 23 23 34 13 35 74 74 51 25 0 0 4 8 8 8 11 14 16 9 22 49 63 47 28 19 11 11 17 28 22 4 8 30 43 22 2 1 17 29 39 38 28 19 16 12 20 44 62 55 35 32 26 21 24 28 28 21 14 14 14 16 20
52 21 6 18 22 15 29 58 48 27 9 13 33 44 36 23 10 38 48 34 29 39 36 19 15 21 27 31 35 40 40 37 27 29 25 14 7 10 16 20 31 18 39 81 91 65 31 9 1 3 4 5 6 10 15 18 9 18 43 58 47 34 27 19 22 24 31 25 12 20 39 45 38 19 16 27 31 32 32 26 16 10 8 19 41 57 54 42 37 26 17 18 23 21 16 12 19 20 22 23
36 9 1 19 24 19 41 79 83 50 15 9 30 50 51 41 26 37 42 38 34 32 23 12 18 29 39 43 46 49 45 39 28 29 24 13 6 9 14 17 27 31 36 52 67 57 31 17 18 14 9 9 11 14 17 20 9 13 33 49 43 35 31 23 35 38 43 35 20 23 35 35 31 19 25 36 30 23 22 19 21 14 11 17 25 30 34 37 39 21 8 14 27 34 33 31 23 23 22 21
21 15 13 14 14 22 49 77 84 54 24 22 45 61 52 35 30 20 18 26 29 23 18 20 15 25 32 32 33 34 31 24 26 30 31 25 21 22 23 21 28 45 34 20 34 39 24 16 34 26 17 14 15 17 19 21 11 11 28 42 39 33 30 22 25 31 40 33 18 20 29 26 21 19 37 53 44 30 25 22 27 21 19 20 14 7 13 26 50 25 6 13 32 43 42 38 22 21 18 14
21 17 41 7 18 28 24 21 42 39 44 47 44 48 47 34 27 13 4 8 14 15 15 16 8 14 32 50 48 31 22 25 18 32 39 29 14 10 15 20 23 39 33 37 56 51 27 9 31 45 13 13 3 12 17 22 24 16 20 35 38 25 17 20 22 24 26 27 26 28 36 44 20 33 24 66 48 26 19 23 30 25 20 18 19 20 20 19 42 24 20 30 37 40 34 18 14 8 6 11
27 28 36 13 10 12 12 13 0 17 55 71 58 44 34 21 22 19 11 4 7 15 15 9 19 25 34 48 64 66 43 17 14 31 32 15 12 25 21 2 16 21 23 90 107 82 46 3 15 38 15 11 0 1 18 37 11 20 30 35 36 32 22 12 1 6 17 31 42 49 52 53 40 46 31 61 45 28 19 16 20 23 28 32 34 31 24 18 35 26 26 27 24 28 28 18 9 3 0 5
41 47 33 32 14 9 16 19 33 46 62 51 14 0 12 25 22 27 20 5 7 22 22 9 10 18 22 34 70 94 64 13 13 24 39 40 16 0 3 28 11 31 45 136 165 148 104 30 7 43 39 48 25 14 7 12 23 34 29 11 8 22 22 8 24 26 30 37 42 38 25 13 42 45 30 46 38 32 26 18 7 12 20 26 25 19 9 2 14 17 24 19 11 21 34 31 24 18 16 20
40 48 19 39 18 12 22 27 19 31 51 47 15 0 16 33 21 21 14 8 15 28 25 12 5 14 17 25 57 81 57 12 0 31 80 104 73 25 18 43 46 25 30 101 149 99 54 31 12 31 11 21 12 14 15 22 32 33 20 4 11 36 45 37 29 30 29 28 28 25 16 6 20 25 22 27 28 33 31 24 25 26 27 27 25 21 16 12 3 10 19 12 4 19 38 38 21 16 15 19
25 30 1 27 13 9 17 21 0 5 30 47 33 18 22 28 16 5 0 9 24 29 23 15 17 25 30 30 37 42 32 16 36 43 30 2 0 7 6 0 14 87 137 91 89 30 22 58 29 40 12 16 4 7 15 29 14 6 1 11 32 49 53 50 31 33 28 16 11 17 24 28 8 15 25 19 21 23 22 18 28 25 22 22 25 27 26 25 12 13 17 11 4 17 33 31 16 13 14 19
20 22 11 24 18 14 18 22 28 12 16 29 22 12 16 21 16 4 3 20 36 36 27 21 15 24 32 29 20 15 22 31 31 27 20 23 45 65 57 35 55 169 237 182 139 34 0 13 26 50 35 39 15 8 18 42 52 28 14 24 37 38 37 40 43 45 35 13 1 10 29 40 20 19 37 21 21 13 6 5 8 3 2 9 20 27 25 21 16 8 11 13 11 20 32 31 19 19 23 30
17 18 36 27 25 20 21 30 27 8 14 33 30 17 17 20 17 19 24 33 42 44 35 25 5 16 23 20 13 17 31 43 50 23 8 12 8 0 0 21 71 66 91 235 246 104 45 34 12 30 11 16 0 7 36 73 91 66 46 41 38 30 29 34 25 32 27 8 1 16 39 52 31 18 40 22 27 15 4 5 24 14 8 14 28 37 34 27 15 2 7 18 18 21 30 34 11 13 20 29
3 6 45 20 21 15 16 30 55 28 21 28 17 5 13 26 13 31 40 37 38 44 37 21 10 21 24 16 16 29 40 42 31 27 25 22 17 17 29 45 69 84 74 250 217 119 117 73 27 42 24 37 23 17 19 34 42 36 33 33 29 21 15 15 23 30 25 6 0 9 25 32 29 9 32 18 34 24 13 16 48 31 14 14 26 35 32 24 24 7 11 25 20 13 20 27 12 15 25 35
6 6 18 35 32 16 15 27 48 35 9 6 10 27 52 40 25 22 27 33 36 43 38 19 10 26 32 23 17 26 36 38 29 43 53 3 39 61 31 6 9 27 26 169 148 84 122 93 55 55 48 31 26 23 10 13 15 55 38 27 38 22 14 19 21 15 18 0 16 20 12 9 18 9 6 33 56 32 12 31 59 45 7 22 24 35 32 23 14 30 10 23 17 21 23 32 13 8 30 33
28 26 30 34 26 11 7 12 44 29 12 22 24 29 52 50 32 19 14 14 18 31 32 17 16 26 32 25 19 24 35 43 21 59 84 21 22 50 56 101 166 177 176 125 82 73 88 83 30 47 16 18 4 2 32 64 101 129 161 40 3 4 23 19 26 7 9 5 41 29 9 17 16 12 15 40 57 31 8 20 36 37 10 24 22 32 27 15 10 30 17 33 25 27 22 21 18 4 15 11
7 12 20 28 33 31 26 21 34 20 15 37 39 33 55 61 32 16 6 3 4 14 16 4 9 12 16 16 10 5 10 19 66 64 61 26 60 110 75 117 255 249 255 192 126 56 12 37 40 128 31 24 65 31 20 42 75 160 212 204 96 40 51 24 58 38 25 8 45 28 1 10 7 5 10 30 41 20 2 10 30 36 14 28 21 27 20 6 16 38 30 47 37 39 31 19 40 20 24 15
12 18 25 34 44 46 27 4 10 6 7 28 28 23 44 46 28 22 25 26 22 24 26 17 24 16 17 26 24 13 9 16 64 69 74 42 47 82 43 116 240 255 240 255 255 208 144 57 119 158 10 0 66 44 102 129 230 239 203 205 130 70 61 38 44 48 37 3 41 49 39 51 25 17 15 26 29 15 9 18 32 26 2 28 28 27 16 7 25 40 31 47 34 44 45 34 32 17 26 21
21 22 23 31 49 57 37 9 0 3 2 11 8 11 28 17 8 12 27 32 20 18 26 28 33 15 8 19 26 22 22 30 39 55 69 32 2 14 0 92 192 239 243 236 255 233 227 94 75 44 7 54 62 18 129 85 255 244 252 102 99 66 34 50 25 38 49 24 48 46 48 71 41 24 22 34 30 16 14 22 39 18 0 44 53 42 23 18 21 26 17 35 20 38 58 56 26 22 43 43
7 4 2 11 33 53 52 40 20 23 16 20 18 22 33 13 12 15 26 21 0 0 13 26 26 7 0 0 9 14 25 38 44 22 15 13 22 25 0 18 87 167 255 209 255 245 250 144 55 52 50 57 43 21 91 4 198 229 172 27 17 0 0 49 32 21 51 52 48 8 8 45 45 23 34 62 60 43 39 44 68 50 31 80 82 60 33 25 16 13 10 37 17 33 63 70 43 44 71 73
18 13 7 6 12 23 31 34 35 27 18 33 38 38 43 24 37 34 37 27 4 3 27 47 38 30 22 18 15 15 25 38 30 13 19 32 40 21 11 0 24 119 194 134 224 233 148 42 35 108 90 53 55 71 69 38 142 171 0 22 34 24 24 55 34 0 28 44 36 4 23 64 62 32 48 90 88 63 56 58 74 75 58 83 66 47 29 22 14 10 18 57 27 25 49 58 37 34 58 59
21 21 20 16 10 11 22 35 24 5 0 28 40 34 37 24 23 19 23 21 6 12 41 63 45 50 51 40 22 9 10 17 27 25 40 43 27 0 29 25 0 59 51 96 154 115 23 68 9 71 68 59 17 37 42 112 209 196 29 33 38 21 30 73 57 5 22 23 18 20 63 94 64 23 34 74 65 30 18 19 41 60 46 47 19 16 16 16 12 8 26 72 32 12 25 30 23 15 33 32
23 24 26 18 9 20 31 24 12 9 17 8 11 25 19 20 32 19 5 20 0 13 49 49 35 33 44 45 22 6 15 28 28 22 42 19 34 3 18 13 0 58 55 125 128 53 72 101 10 46 87 40 33 5 16 127 255 247 193 13 0 42 59 39 34 42 25 15 13 29 70 85 45 15 12 19 27 21 0 0 5 26 30 46 9 0 12 21 10 17 24 27 29 30 25 19 31 36 38 34
9 9 19 27 29 38 42 32 9 23 45 32 20 28 36 56 66 44 21 34 10 33 60 51 27 36 34 20 12 18 29 38 22 5 16 14 37 14 18 13 11 123 141 101 171 37 47 38 93 3 14 12 77 3 77 101 246 250 222 28 13 46 70 32 18 29 25 26 17 15 51 73 28 7 12 20 32 33 13 13 20 26 26 57 30 13 15 21 7 12 14 13 17 28 39 44 55 58 56 49
22 12 17 27 26 24 18 6 11 33 60 38 11 19 45 86 102 67 28 34 11 36 57 39 28 51 34 3 9 26 27 26 28 23 21 13 21 24 34 35 62 166 244 240 183 36 50 85 14 64 93 97 29 12 160 160 235 255 255 147 48 29 17 34 27 30 23 31 24 14 38 54 39 21 18 11 19 32 23 25 26 17 12 52 36 21 19 24 10 16 18 14 13 26 44 56 39 39 34 25
22 5 5 16 15 13 14 10 26 33 44 19 0 11 41 84 90 52 10 15 0 28 51 31 27 53 33 4 20 30 15 10 22 34 24 3 2 27 31 16 19 129 240 236 249 158 114 136 97 64 0 117 96 78 149 159 207 238 255 91 31 7 50 37 36 32 12 17 24 27 43 40 43 35 35 21 23 35 23 19 26 21 11 42 25 17 19 22 8 22 32 30 26 32 44 53 25 26 22 13
30 15 15 22 16 13 17 18 35 23 21 5 2 20 34 59 40 17 0 9 0 34 59 39 15 34 18 6 28 30 12 15 24 31 25 18 22 36 29 12 14 41 111 231 233 255 114 112 100 157 79 30 105 150 253 221 190 119 46 26 5 37 30 31 20 33 17 8 13 27 43 27 12 21 44 44 47 49 19 1 21 33 27 44 19 18 23 18 11 26 40 41 36 36 40 43 23 26 26 21
29 22 27 32 24 20 20 14 23 9 13 11 17 28 22 31 16 9 1 25 13 42 60 35 16 20 9 7 22 21 13 21 29 31 41 34 27 17 41 65 34 8 8 92 255 206 36 78 79 247 255 186 234 213 255 207 161 126 100 20 17 34 77 47 15 54 54 30 9 12 27 13 0 8 31 34 40 42 13 0 1 24 26 44 23 29 33 22 32 39 43 38 30 27 24 22 13 19 22 19
0 0 9 22 28 39 41 29 12 11 29 29 24 21 11 23 28 22 13 32 13 36 48 18 20 21 18 16 17 19 20 20 16 25 41 11 11 4 44 63 58 39 14 144 242 255 158 107 69 172 187 255 252 203 233 210 194 110 30 28 13 42 41 21 28 73 81 57 22 9 22 16 19 11 20 20 29 38 23 20 10 16 10 36 25 32 34 23 44 44 40 32 27 23 16 7 23 28 31 29
5 2 6 12 22 39 39 20 15 27 55 48 25 11 9 33 39 27 10 22 0 26 40 12 13 20 29 27 21 29 33 22 16 29 41 0 36 51 57 3 5 32 80 255 251 205 207 169 101 64 60 255 227 89 104 83 106 73 53 42 28 37 48 11 33 66 72 61 35 21 35 36 28 17 26 32 46 58 47 48 51 31 4 30 22 24 23 15 32 32 30 30 34 34 25 13 33 38 39 35
11 20 24 19 17 22 23 19 30 36 37 28 15 12 22 35 51 13 11 10 0 26 55 22 18 22 28 25 19 31 40 33 13 16 27 35 38 58 46 2 0 46 47 202 233 126 202 171 183 167 225 135 209 170 243 220 208 82 48 36 26 30 52 36 50 57 36 33 40 36 37 30 28 30 37 47 55 61 69 76 73 47 15 16 35 22 6 18 25 32 7 35 48 42 22 23 45 48 42 27
8 18 23 18 15 18 21 20 19 24 24 17 8 8 21 33 27 10 19 24 14 37 58 38 25 21 25 29 29 36 38 26 15 13 22 14 8 8 34 45 65 23 4 252 255 167 254 171 189 200 238 158 255 211 255 255 221 186 148 58 28 43 67 63 79 52 6 6 19 15 26 36 5 22 39 45 46 52 66 78 89 60 21 10 31 42 30 16 37 43 18 33 28 27 22 25 38 35 27 19
13 20 25 23 20 21 24 26 25 28 29 22 13 8 12 17 10 18 31 37 35 37 39 36 4 12 32 36 19 13 27 37 19 4 14 9 26 1 29 61 56 83 70 255 216 149 250 56 247 255 136 50 164 255 231 220 211 202 155 63 57 57 59 76 88 69 25 18 25 20 32 39 27 36 35 22 13 19 31 38 43 39 40 34 15 9 19 27 14 20 10 29 11 15 27 32 38 25 12 9
19 19 20 22 24 24 24 25 26 30 33 31 24 15 8 4 12 31 35 41 51 35 18 29 0 5 27 32 10 3 26 49 31 16 24 15 50 11 27 50 37 106 47 233 235 51 240 128 251 239 242 250 255 203 171 153 168 120 72 36 73 63 31 25 21 49 40 29 29 27 28 15 20 19 11 3 10 26 30 23 30 7 27 59 47 23 24 32 8 5 9 49 26 19 32 41 48 29 14 16
23 12 8 16 23 21 18 18 15 15 17 21 23 22 18 14 21 36 28 37 62 39 10 29 25 11 13 21 20 24 38 46 40 39 44 12 38 11 33 50 43 112 105 24 160 146 251 255 122 246 255 219 255 244 169 182 158 95 73 58 76 64 33 3 15 46 45 46 54 52 51 35 15 15 13 15 28 41 37 25 24 2 20 49 39 27 46 65 59 36 33 83 55 27 28 40 53 37 28 34
31 16 10 20 27 22 18 20 22 15 8 10 19 27 29 27 34 37 19 31 63 35 0 17 35 22 20 21 18 25 39 43 31 37 43 17 46 48 59 45 38 79 190 34 212 246 166 221 65 217 255 46 242 252 255 251 165 96 108 108 71 19 22 40 72 50 15 26 45 35 36 39 50 41 28 18 16 20 27 32 20 27 31 15 0 17 63 94 89 59 39 82 59 22 14 30 45 38 33 34
38 25 22 32 33 23 22 31 37 25 15 15 25 32 30 24 40 35 18 37 69 38 0 15 23 25 31 25 12 19 34 36 16 28 43 40 59 78 73 36 51 104 137 156 253 226 231 229 255 107 183 158 246 238 246 244 232 162 175 180 137 68 78 125 136 89 30 34 51 38 41 50 60 38 16 9 10 15 29 44 46 44 23 6 21 46 58 62 63 49 22 53 44 18 4 20 32 36 35 27
37 28 28 36 31 17 20 36 32 23 17 23 34 37 28 17 36 30 21 50 84 56 21 35 23 20 22 22 23 36 37 20 11 37 64 59 40 55 62 38 39 21 96 249 255 253 251 253 253 133 249 242 254 235 219 255 254 208 197 173 167 136 121 123 119 93 42 33 42 37 40 40 62 32 13 22 32 27 18 17 14 30 32 32 35 20 10 25 32 40 15 38 39 23 5 14 24 37 42 31
7 17 26 25 14 8 19 34 45 32 13 17 39 40 18 3 31 25 19 65 52 31 43 79 61 10 17 29 28 52 49 19 17 61 90 95 17 50 61 50 59 12 65 251 217 255 202 227 223 247 255 229 255 251 255 255 255 254 240 72 93 73 66 51 54 43 21 31 41 51 31 59 67 38 0 50 54 35 24 23 26 34 49 10 32 34 26 35 40 51 51 38 32 36 31 18 18 32 38 33
20 17 20 25 21 12 11 19 27 28 22 25 38 32 13 4 38 19 1 39 21 9 53 123 91 24 19 39 38 37 34 40 43 79 103 112 40 60 88 120 130 48 79 153 222 232 255 237 244 250 26 255 248 241 255 234 255 255 248 73 82 55 76 85 97 103 66 40 50 63 54 47 81 65 42 61 61 51 45 43 53 57 60 24 64 90 77 62 55 42 23 20 43 62 48 18 17 34 44 39
31 15 14 32 41 30 21 23 13 22 22 23 31 34 38 50 53 47 11 17 9 32 62 84 82 40 36 45 45 41 48 85 127 90 46 67 53 63 45 54 107 120 58 211 148 218 208 255 255 220 255 226 255 236 229 255 250 217 197 49 82 52 78 84 40 99 73 34 31 51 74 60 49 45 52 37 42 48 52 57 53 59 51 15 54 96 87 58 41 37 24 13 17 29 25 10 17 34 44 39
37 15 13 38 51 37 25 26 32 43 41 32 27 23 27 43 32 44 23 31 25 37 27 5 18 33 39 18 20 37 47 79 116 81 32 45 46 41 15 34 67 69 41 144 228 242 255 243 190 231 251 254 255 255 252 230 183 129 117 27 81 37 55 61 0 77 45 34 13 29 49 38 9 2 28 0 10 20 29 42 36 47 39 12 24 52 52 32 30 50 57 38 15 9 15 21 20 28 32 26
36 16 13 33 38 21 11 17 23 39 44 41 36 20 8 11 13 21 27 73 55 20 3 12 0 31 36 6 18 40 31 40 53 56 33 36 37 28 12 36 36 35 0 51 175 217 239 199 151 225 255 242 248 249 255 203 74 46 73 38 68 0 23 55 18 62 5 43 30 51 40 33 23 3 23 0 8 5 5 21 30 37 36 39 33 32 27 14 14 33 47 43 31 26 24 22 24 21 14 7
22 10 11 23 23 13 14 27 21 30 29 27 30 22 13 16 19 24 23 62 49 27 17 24 23 25 22 15 39 49 21 19 23 25 6 7 30 35 11 2 19 25 20 26 50 38 91 171 225 255 200 253 252 247 208 86 14 11 48 48 56 0 12 45 16 40 0 39 35 57 44 58 46 24 28 25 30 19 13 21 21 16 17 55 47 32 18 2 0 11 26 29 25 21 17 12 25 16 4 0
9 5 8 14 15 16 29 45 53 47 28 13 13 10 9 16 19 34 19 32 21 24 13 0 19 5 4 7 25 28 8 13 2 13 11 5 17 27 26 25 22 18 26 42 6 15 11 133 255 194 160 254 255 208 124 64 21 22 27 34 37 18 18 21 10 37 25 24 26 34 27 40 31 27 15 37 40 36 31 28 16 5 0 43 30 20 17 6 14 27 36 30 19 14 18 22 23 15 8 6
9 8 8 8 8 14 30 46 38 36 20 10 15 15 15 22 25 42 42 65 34 9 3 12 14 10 18 8 5 12 9 22 28 21 10 0 4 12 15 8 20 20 32 8 3 78 14 54 138 87 94 136 137 146 52 6 36 45 24 18 9 24 22 8 7 29 43 8 41 49 38 20 6 20 0 34 34 38 37 23 27 18 0 34 8 8 27 28 38 35 28 19 15 17 21 23 20 17 16 18
17 8 13 17 3 0 12 26 33 24 18 18 21 21 19 19 22 51 67 62 44 19 10 20 33 18 17 0 8 15 34 20 23 24 25 22 12 5 11 21 24 30 22 7 11 29 28 11 25 20 7 22 32 25 25 11 34 36 23 32 15 22 8 11 18 28 37 30 58 93 59 12 12 21 11 38 29 29 31 35 24 32 37 32 21 15 18 25 33 27 15 8 16 29 26 14 11 11 11 11
15 9 17 24 14 9 15 18 45 44 42 35 26 22 17 9 28 60 67 43 21 12 17 29 21 20 21 5 9 23 38 28 9 14 22 27 23 18 21 29 26 36 39 25 7 8 28 49 54 39 11 17 27 26 31 21 0 10 16 40 29 28 10 12 29 25 30 25 43 67 49 32 7 21 26 69 63 46 26 18 34 35 33 25 16 13 17 23 41 37 29 21 21 24 24 21 9 9 9 9
7 7 19 27 22 20 18 10 9 20 31 28 23 31 30 14 21 39 31 10 13 25 24 17 12 20 18 20 19 34 31 23 11 14 19 23 22 20 25 33 41 30 29 36 30 18 22 39 23 21 8 16 19 11 18 12 14 19 29 56 51 43 29 34 35 22 28 27 33 41 36 45 44 33 11 40 34 27 29 40 39 34 28 23 20 20 20 19 40 37 32 26 16 10 12 19 12 12 12 12
6 10 24 30 24 23 23 14 16 22 32 26 20 34 29 0 4 16 13 8 20 26 15 4 11 12 6 40 55 66 35 25 34 27 18 12 7 7 16 27 39 21 19 41 52 37 15 5 6 24 29 39 29 11 20 21 36 23 17 31 31 25 22 31 30 22 32 31 30 31 25 39 33 23 5 38 26 9 9 25 28 23 17 18 22 23 18 12 32 26 24 22 12 1 3 14 13 13 13 13
18 21 33 35 21 17 22 20 36 33 39 34 29 50 46 2 0 21 35 35 24 5 0 15 17 7 0 56 96 101 50 33 47 34 19 8 2 2 10 19 21 25 34 40 39 30 21 16 30 41 39 46 37 19 27 26 30 9 1 9 22 20 22 26 25 24 33 24 22 30 21 23 13 20 23 63 43 12 0 11 24 15 7 6 12 16 13 9 27 19 17 20 16 8 8 16 6 6 6 6
24 22 32 36 18 5 11 16 13 10 27 30 24 52 62 26 14 22 27 32 28 9 5 23 26 21 10 49 96 94 42 18 36 27 18 14 12 11 12 17 22 33 35 25 19 26 37 41 29 30 24 42 49 36 28 11 15 5 11 20 46 46 48 41 26 26 31 13 13 29 20 15 25 38 40 73 50 24 17 30 35 24 11 5 7 12 17 18 21 16 15 17 17 15 14 16 5 5 5 5
23 13 25 40 26 7 7 14 9 13 41 41 12 27 50 29 30 20 5 9 26 28 18 17 21 42 35 24 58 56 25 2 23 17 13 17 19 17 15 15 25 26 22 16 18 28 34 33 23 25 22 44 55 44 36 17 10 9 21 17 40 40 47 35 29 27 33 18 17 28 18 15 13 36 45 81 60 35 20 20 35 30 22 16 14 17 22 26 17 20 19 16 15 17 17 14 13 13 13 13
22 8 24 50 44 22 17 23 16 29 70 67 21 27 61 55 34 33 16 5 17 26 19 14 3 52 54 4 27 34 28 9 21 13 9 12 15 14 13 13 10 16 24 27 23 16 14 15 26 29 19 25 22 13 26 27 31 29 32 6 18 17 34 25 29 27 38 32 29 30 15 18 11 29 28 55 39 26 17 17 17 21 25 25 21 19 19 21 19 28 30 21 16 20 20 16 17 17 17 17
22 21 33 44 38 35 35 29 26 51 121 111 48 51 65 44 32 44 40 28 20 14 14 26 34 43 47 37 11 13 51 48 26 27 7 16 34 29 23 10 11 8 13 24 27 22 22 27 33 28 20 13 15 21 21 16 24 27 28 22 13 8 10 14 16 25 31 29 26 24 19 13 17 18 5 24 39 24 16 7 9 12 34 46 24 5 12 27 9 22 28 21 18 25 30 26 20 35 38 24
10 16 29 33 28 35 42 36 35 62 125 120 72 63 47 14 0 27 50 51 40 24 18 27 55 59 49 29 6 24 68 64 30 37 21 28 40 34 36 31 14 12 18 32 37 33 32 36 20 23 21 16 24 33 27 11 6 17 27 25 15 9 12 18 34 11 6 22 21 3 4 22 20 19 4 11 20 23 29 13 6 12 26 29 16 13 20 20 11 30 36 25 22 30 28 17 18 31 37 30
28 32 37 29 16 22 28 19 0 10 40 32 18 26 12 0 9 40 61 62 56 38 21 19 23 37 38 35 11 23 45 26 39 50 33 31 31 20 26 28 23 19 23 32 34 27 26 31 29 29 21 16 25 36 27 7 0 11 20 16 7 5 17 30 35 19 22 37 27 0 0 19 25 20 11 15 18 41 67 46 2 10 21 20 19 30 28 7 18 34 37 23 18 28 32 25 11 13 16 17
51 44 42 36 24 22 24 18 5 17 37 37 49 55 28 15 32 46 52 61 76 68 35 11 15 20 16 26 0 4 23 15 48 58 40 34 30 17 25 29 44 40 41 44 40 35 41 53 61 41 19 12 18 22 18 12 16 24 30 27 17 12 18 26 33 52 60 43 17 5 10 18 34 21 20 33 29 48 82 64 17 23 36 46 53 64 52 22 9 12 9 1 0 1 20 36 28 13 3 6
48 30 29 40 38 36 40 41 23 31 41 38 49 47 12 4 10 24 34 53 83 83 46 13 14 16 17 50 16 9 15 16 24 34 18 17 20 14 23 27 37 35 37 39 36 36 53 73 75 41 16 16 18 12 13 22 26 34 43 46 41 33 26 23 52 67 59 26 6 15 28 29 35 15 19 41 27 23 48 38 18 17 31 48 58 66 58 36 18 9 8 12 4 0 24 60 63 33 8 7
40 23 22 31 30 32 39 39 37 35 41 37 47 47 22 22 15 30 30 30 44 47 29 13 2 7 12 60 26 19 11 6 13 23 8 10 16 10 17 19 25 21 22 27 26 26 39 56 54 30 19 27 28 16 16 29 21 21 22 26 32 40 49 55 62 48 34 30 31 31 32 33 25 10 12 36 22 3 19 20 16 14 24 32 35 45 51 44 28 19 24 38 33 19 34 64 60 31 4 0
32 32 31 22 16 32 46 41 24 23 46 59 67 65 39 30 48 56 39 13 10 14 13 13 24 17 0 19 0 25 35 30 39 51 36 35 34 21 24 24 32 25 26 38 44 40 37 39 26 27 31 33 30 23 22 25 18 14 9 6 11 27 49 65 49 27 23 43 50 35 26 32 29 28 22 32 24 7 21 27 37 50 58 44 30 44 58 51 10 8 14 27 31 25 26 33 29 16 2 0
14 35 42 21 18 55 83 75 60 38 43 43 45 54 47 45 50 58 42 19 19 25 21 17 32 32 0 21 4 55 61 39 39 55 43 40 34 17 19 21 20 12 16 38 55 52 36 26 15 34 43 33 24 26 24 17 24 28 30 24 16 14 20 28 35 25 25 33 30 19 23 40 49 59 41 32 25 14 26 33 43 72 82 49 22 36 48 33 5 9 11 17 30 39 34 20 16 18 18 15
11 23 32 41 62 90 104 104 67 39 30 39 40 37 36 33 41 44 21 9 29 35 15 4 23 31 29 32 25 28 45 33 27 40 15 34 14 11 13 10 10 6 15 32 40 33 27 29 27 32 28 18 23 36 31 14 9 39 39 41 17 17 5 18 26 32 35 24 9 8 28 51 55 46 31 18 18 24 24 18 33 68 77 41 12 18 35 41 6 18 23 20 27 42 45 37 32 28 18 8
34 48 52 49 63 90 103 98 46 25 22 34 36 38 42 41 53 47 25 8 10 16 17 20 20 38 37 27 4 2 22 12 36 42 14 27 13 15 20 17 32 26 24 25 17 4 1 8 10 16 18 20 28 37 32 19 15 34 34 30 17 13 13 31 35 32 27 18 9 11 27 44 56 37 20 18 27 33 29 23 45 73 78 47 24 29 39 37 7 14 17 15 19 31 38 36 12 9 7 7
20 31 30 16 13 23 23 13 13 3 11 28 36 48 64 69 53 42 35 23 6 6 24 38 29 53 58 45 15 9 32 28 29 29 7 17 14 19 20 15 13 13 17 20 17 14 24 39 44 39 34 32 32 28 19 12 13 25 30 19 26 27 47 66 47 35 22 15 10 8 12 18 22 19 17 16 11 5 6 12 26 47 50 28 14 20 22 14 11 12 13 12 13 18 27 34 18 16 23 38
23 30 37 40 38 34 30 28 23 16 19 21 16 23 39 43 38 31 48 56 31 20 35 44 24 35 41 46 24 9 29 31 14 14 7 16 24 31 26 15 12 12 17 22 24 28 40 54 57 42 30 28 26 22 21 26 37 49 50 15 24 22 41 47 45 34 27 29 28 19 12 10 14 24 31 29 28 29 27 23 16 33 39 26 20 25 26 18 19 17 17 18 15 13 20 29 17 15 27 49
24 14 19 36 35 19 15 27 28 24 23 15 1 7 22 26 31 28 55 77 57 40 42 42 27 16 16 43 36 12 22 25 15 12 17 18 34 45 43 35 21 13 9 12 22 33 46 56 52 34 20 17 14 6 8 15 31 49 51 11 19 18 30 22 33 29 36 51 56 45 32 28 27 26 18 20 50 79 69 37 17 33 41 34 28 31 33 31 28 26 27 29 25 19 19 24 11 8 19 38
46 24 17 28 25 6 3 17 25 29 34 27 17 29 48 50 35 33 49 66 59 44 38 37 38 16 12 49 54 34 41 42 23 17 27 12 29 44 50 51 27 13 0 1 18 40 56 64 47 35 26 23 17 8 4 7 11 31 38 23 31 31 32 29 39 33 39 56 61 46 32 29 23 20 8 3 29 61 59 35 21 33 39 33 25 24 27 28 31 32 34 34 32 29 24 21 12 11 17 27
31 20 16 26 32 29 27 30 35 43 51 43 32 42 54 50 33 35 33 37 42 33 26 32 30 17 12 35 38 31 44 40 24 18 35 7 19 30 39 45 43 29 13 8 18 32 39 39 26 23 21 22 25 28 32 35 32 37 39 56 51 32 15 29 63 43 33 41 43 30 18 17 21 24 25 22 21 25 30 32 32 37 38 33 26 23 25 27 28 33 33 30 33 37 31 20 12 15 18 18
26 29 30 32 39 42 30 14 6 20 36 35 31 45 58 51 24 31 19 15 27 23 16 27 34 33 24 25 17 18 34 24 22 20 45 12 18 23 27 33 27 21 15 16 24 32 31 26 31 27 19 11 11 18 25 28 33 25 28 76 68 38 14 47 80 48 24 25 30 23 17 19 20 12 19 35 36 20 12 17 25 24 22 18 15 13 13 14 24 30 29 24 31 42 36 20 29 35 36 31
15 23 32 38 37 33 28 25 19 15 18 28 34 33 34 37 19 25 24 14 12 19 23 19 33 29 17 0 0 13 27 31 13 25 53 38 25 29 13 20 24 22 25 12 20 41 31 25 17 23 25 11 1 13 19 5 13 23 26 40 56 38 22 35 74 58 35 28 34 27 14 14 20 26 37 42 37 27 24 26 31 19 11 12 13 11 13 17 33 38 34 29 41 57 48 24 32 48 30 3
11 23 36 42 40 37 38 41 48 38 29 24 20 21 30 41 25 25 22 21 25 30 29 23 57 26 6 5 12 24 30 23 34 47 69 43 19 18 13 27 31 25 18 8 29 49 38 44 35 26 30 36 31 27 22 11 13 20 23 36 47 28 10 21 61 49 35 36 45 37 30 38 42 31 33 45 44 29 23 31 25 21 20 24 23 16 11 11 21 29 38 53 71 74 47 14 16 31 19 0
17 24 30 29 26 28 37 47 29 46 60 52 26 10 21 41 57 47 34 27 24 29 41 54 71 27 9 19 23 31 36 25 36 54 73 46 18 18 26 48 48 35 14 4 34 42 21 39 44 13 7 24 27 21 23 28 11 11 12 24 32 18 6 16 32 22 14 23 34 25 21 36 42 16 9 26 32 16 12 24 24 25 29 31 27 19 13 13 13 16 32 62 84 75 39 6 10 21 15 5
21 23 26 30 31 28 23 20 13 72 129 126 71 22 15 31 62 54 44 31 16 12 33 59 55 27 23 27 20 29 41 30 11 34 51 35 16 18 30 46 52 38 14 12 49 42 7 32 40 8 1 18 24 25 37 47 29 21 19 28 32 21 14 21 41 26 16 29 43 32 26 40 51 27 13 20 22 12 9 17 17 19 21 20 15 11 11 13 13 6 15 43 59 47 22 5 15 18 16 14
17 19 28 44 55 46 20 0 16 77 135 134 80 24 3 6 27 25 28 31 23 13 16 27 32 26 27 25 25 44 49 27 0 18 28 28 25 26 33 30 32 24 14 27 69 59 22 48 43 33 38 48 48 50 56 55 49 38 42 55 52 37 26 23 45 27 15 31 51 45 35 43 50 40 27 15 8 5 3 2 9 13 16 15 12 11 12 13 17 3 4 20 24 12 5 9 19 12 11 15
26 20 19 31 45 46 32 17 13 36 58 62 51 37 25 18 19 10 9 21 35 39 33 27 30 32 24 26 56 80 62 28 16 29 27 40 55 62 65 47 18 11 13 30 65 57 28 52 52 51 54 49 40 45 52 47 31 23 41 66 64 49 35 23 15 5 0 13 40 41 28 26 25 28 23 11 6 10 11 7 20 28 34 35 35 34 32 27 19 9 8 15 11 0 2 16 25 10 12 23
38 30 19 13 16 25 36 43 33 23 15 24 49 69 65 51 24 19 14 19 36 51 51 44 29 34 19 32 86 100 63 34 47 48 29 43 67 80 88 63 24 11 13 19 33 29 14 34 45 39 37 31 20 25 35 34 8 0 17 47 47 38 31 18 1 4 4 18 42 44 27 16 13 16 20 24 28 30 32 33 33 37 39 38 40 44 41 35 24 18 19 22 16 8 14 28 33 13 22 42
36 39 37 26 13 13 27 41 58 39 20 24 50 68 57 34 6 20 30 30 32 39 40 36 16 26 12 34 94 93 49 37 66 57 20 26 48 61 71 45 35 15 14 9 8 9 6 25 28 22 30 39 33 29 30 27 14 0 5 26 22 18 19 8 0 12 18 27 44 44 22 6 8 1 7 24 30 23 20 26 27 25 18 12 15 24 27 23 30 25 25 27 23 20 28 41 35 15 29 55
41 31 29 9 34 27 19 33 59 55 49 42 33 25 22 23 21 12 31 35 33 38 24 16 27 15 11 52 41 44 50 42 40 37 40 30 26 20 9 28 12 18 8 22 33 23 30 37 28 17 40 24 24 23 35 40 16 19 21 19 15 14 17 21 6 17 33 46 50 42 27 16 33 23 13 13 19 21 16 10 6 14 11 8 12 11 10 19 20 32 31 15 10 25 37 38 20 20 25 32
29 23 30 17 48 42 33 46 60 49 37 33 30 25 18 15 35 38 64 58 37 32 24 27 14 18 19 38 0 3 41 67 18 23 41 48 54 42 11 12 23 28 17 30 39 24 24 25 18 7 29 11 9 5 13 16 11 12 14 16 17 20 24 26 13 21 32 43 48 43 33 25 31 29 28 33 39 40 35 29 9 15 15 19 31 27 15 13 9 23 26 14 12 25 37 37 15 14 17 23
23 21 32 21 51 39 23 32 23 10 4 17 37 49 51 49 26 32 62 59 41 39 35 42 43 19 1 38 36 48 52 37 24 22 34 41 56 52 21 18 29 32 20 34 44 25 18 13 18 7 31 13 9 3 8 9 14 12 12 17 23 29 30 29 13 16 22 28 30 28 22 17 9 15 25 34 37 35 29 25 18 18 13 21 40 39 21 11 19 32 35 22 14 18 22 19 28 27 30 35
23 21 32 20 46 30 8 14 23 7 0 15 38 51 55 56 13 8 32 42 46 56 48 44 18 11 9 50 41 42 38 17 41 32 30 27 42 47 27 29 24 26 13 29 43 27 18 10 23 14 41 25 23 17 22 22 26 20 17 21 30 35 33 28 10 11 12 13 13 9 3 0 8 21 36 44 42 35 29 27 27 20 7 11 32 37 24 18 34 46 48 33 19 14 10 4 22 22 26 33
