58 24 132 183 133 99 5 5 62 66 146 9 126 111 138 239 212 109 68 92 206 211 243 17 147 125 132 119 208 148 255 163 166 119 105 81 150 71 159 150 88 111 74 105 147 91 148 130 115 148 101 0 151 255 247 107 55 146 140 16 108 188 181 123 74 69 22 98 89 67 87 139 126 63 65 64 49 105 159 151 133 149 109 42 209 230 222 255 184 54 136 105 52 225 131 31 175 179 115 144
72 36 60 81 8 38 22 47 50 3 10 8 69 40 38 187 204 92 146 78 152 128 228 20 119 140 211 234 149 203 255 226 153 189 122 0 136 15 201 243 208 243 102 85 88 107 116 177 233 255 127 127 122 126 176 172 58 64 111 92 32 28 63 56 26 34 21 50 93 65 75 145 182 115 80 177 132 108 111 87 148 165 138 149 201 255 250 114 85 79 63 243 180 252 143 55 131 83 149 137
44 0 33 24 0 92 41 10 37 73 29 24 42 17 0 113 111 38 115 75 61 58 110 15 18 62 177 78 161 127 185 164 59 13 151 138 65 35 56 175 255 118 129 72 12 106 41 156 249 255 48 73 217 146 96 121 90 91 70 52 72 69 58 29 74 74 8 14 187 255 201 193 216 136 47 55 18 82 158 166 106 131 204 71 113 189 149 12 51 170 166 105 83 215 103 119 114 26 182 242
122 128 129 179 135 88 95 26 48 58 32 15 52 25 80 108 50 41 61 64 28 75 41 52 86 148 138 3 164 77 135 123 95 63 143 85 48 67 52 84 121 255 105 30 56 100 63 75 155 151 52 71 67 247 209 76 151 191 226 125 73 61 96 0 69 160 116 144 244 255 105 73 77 70 126 78 96 209 255 241 239 132 75 226 119 215 65 30 21 50 95 83 68 153 177 86 132 25 86 251
209 234 223 230 216 255 255 185 113 49 47 23 86 122 255 216 24 49 82 96 104 111 62 59 37 79 62 86 141 130 115 49 29 115 171 67 98 101 155 140 143 196 90 152 69 111 82 141 110 172 182 237 177 255 215 197 243 249 255 202 171 147 165 119 47 67 21 152 233 160 68 118 113 74 140 100 128 210 230 229 245 222 195 120 21 100 44 87 139 50 19 153 119 126 178 62 112 68 81 245
245 179 52 196 238 233 209 157 104 106 92 20 49 100 215 213 105 103 108 179 143 56 37 30 45 43 79 108 52 104 50 35 56 111 76 110 77 62 195 126 196 211 178 218 97 101 63 71 15 123 149 203 229 230 255 249 242 230 245 255 204 182 158 197 56 92 57 55 56 40 112 164 185 130 118 110 106 143 121 93 169 214 251 38 41 71 49 179 255 135 57 19 26 91 103 98 131 80 112 195
99 41 22 64 113 124 61 79 112 136 133 64 43 81 110 128 206 221 114 218 138 33 62 99 206 222 255 220 102 147 31 94 131 133 202 49 31 40 58 69 146 186 187 170 160 150 64 27 1 82 53 179 186 122 165 169 105 221 227 250 255 237 98 205 184 97 111 180 110 12 65 133 85 90 123 88 79 123 69 4 39 90 154 148 167 107 152 130 194 53 53 5 79 118 178 135 172 65 65 72
48 47 100 11 70 72 86 139 147 134 174 94 61 235 238 57 110 243 111 203 201 126 190 215 255 187 218 142 201 255 187 193 125 96 204 24 63 105 69 63 81 102 65 70 125 164 4 4 27 59 14 38 105 23 132 144 38 154 205 178 167 176 78 159 179 17 42 189 120 77 75 103 58 74 176 43 40 117 92 65 78 53 28 92 150 120 96 67 68 0 56 20 127 105 100 95 121 114 151 130
175 90 0 164 118 81 141 194 107 81 209 195 145 255 249 108 50 131 103 184 251 248 255 158 147 52 131 81 213 255 189 205 105 0 98 130 139 154 71 182 189 143 8 153 197 173 31 38 0 24 31 0 43 39 160 184 92 103 3 138 41 103 55 108 125 56 125 18 11 44 94 112 76 57 123 149 70 95 92 152 216 122 44 39 34 28 69 60 72 65 124 9 161 80 57 45 84 100 154 151
173 90 100 235 186 111 73 95 22 44 147 219 156 207 194 188 122 34 87 81 249 241 199 108 163 102 182 204 205 99 81 76 72 110 104 191 124 107 81 237 255 180 102 255 227 194 86 126 82 69 75 51 78 39 74 89 137 190 66 136 47 119 145 131 92 255 255 102 46 0 51 39 36 75 50 200 82 72 81 142 219 193 140 106 82 55 51 63 71 99 65 142 243 107 111 57 79 48 0 139
84 0 118 213 235 134 20 32 21 0 76 16 103 183 160 248 230 26 99 30 180 107 128 51 116 28 93 81 108 37 134 61 60 119 94 36 46 70 158 129 207 61 165 77 135 120 13 96 98 109 118 65 51 46 54 72 185 255 199 85 85 210 127 115 6 255 109 149 73 65 88 103 159 117 51 63 41 102 108 118 185 123 105 130 95 110 6 22 41 143 54 65 196 82 26 27 42 53 77 157
62 25 57 152 197 255 67 48 39 10 155 78 183 237 165 142 160 63 66 73 156 122 42 50 162 64 36 24 11 131 110 0 52 77 82 155 73 135 110 161 18 183 127 58 78 88 102 127 81 119 103 48 9 32 50 69 139 217 215 193 255 219 246 30 127 0 142 153 102 79 91 166 146 138 89 25 198 181 53 81 120 46 239 255 219 99 57 97 152 80 60 87 35 73 109 79 65 74 106 90
129 136 127 103 159 206 98 136 123 79 117 162 69 100 126 94 57 21 193 205 154 180 110 64 93 59 68 61 30 166 93 12 44 99 131 85 76 143 96 154 70 134 0 85 115 121 3 60 54 76 28 42 29 40 46 42 70 92 107 218 244 255 144 87 137 167 116 136 68 150 160 119 169 245 163 118 149 112 79 46 123 74 182 254 236 100 79 103 127 106 52 226 70 62 97 171 191 145 67 143
109 140 57 15 53 111 67 105 102 106 94 164 67 58 38 72 64 108 246 212 108 148 167 106 54 118 207 103 41 35 48 19 79 71 30 67 89 175 141 163 109 186 138 124 73 49 13 0 15 56 5 32 37 67 71 37 26 44 44 52 162 176 99 172 63 126 10 112 109 197 134 98 109 255 239 175 94 38 57 28 37 142 37 137 83 54 51 119 87 107 76 199 94 74 47 57 139 112 91 127
105 201 180 8 15 26 82 28 34 138 201 195 231 188 94 117 138 123 83 166 17 146 163 105 31 133 243 176 103 110 130 134 167 120 34 134 76 93 105 140 88 207 248 198 3 0 35 40 6 68 39 20 10 62 68 40 33 48 51 97 76 130 180 170 18 84 103 143 244 234 36 115 83 106 242 246 145 79 114 131 90 249 160 85 72 18 17 42 35 4 36 9 83 207 174 103 80 59 82 43
11 87 116 53 18 7 93 79 0 131 190 142 166 147 190 189 142 73 53 102 101 148 83 124 17 0 113 55 78 81 82 73 82 116 103 247 187 70 32 111 112 200 255 222 27 35 45 44 0 34 33 18 8 52 48 59 71 79 42 145 39 50 149 109 85 7 136 138 255 158 13 93 42 42 153 155 89 56 54 115 52 191 216 41 48 45 34 57 28 24 85 14 54 160 142 138 173 101 21 144
60 33 75 150 95 17 165 156 57 36 54 19 44 36 121 187 158 136 121 59 131 136 71 106 60 0 51 98 135 93 65 35 49 109 167 182 249 170 51 69 109 224 255 151 79 49 31 43 31 57 10 36 3 23 49 60 105 123 133 167 73 87 135 102 191 21 92 108 99 130 59 59 27 99 102 56 73 91 154 189 117 155 175 57 110 113 111 74 56 56 101 115 26 45 6 93 199 176 58 89
133 44 178 253 236 123 213 254 164 51 11 68 105 74 79 116 97 127 83 57 129 171 118 81 151 77 57 81 149 91 73 60 26 87 47 50 183 125 65 54 64 142 180 84 48 71 3 48 38 44 8 26 19 20 53 61 97 180 164 99 114 77 14 37 52 71 51 96 95 150 124 117 80 130 151 58 37 51 128 142 125 53 63 108 186 217 154 112 39 18 47 58 32 92 101 152 207 162 91 33
235 52 211 251 230 149 195 237 255 89 126 95 124 45 119 157 63 83 43 154 161 208 189 50 129 112 43 71 227 237 243 186 73 112 141 98 72 21 66 148 140 108 89 80 23 23 35 55 0 22 35 52 58 28 29 0 34 103 102 93 167 252 169 213 37 139 37 79 147 129 54 100 18 52 231 228 95 65 56 34 162 102 91 46 166 211 187 127 69 69 93 73 52 106 118 86 143 129 104 54
191 170 234 114 255 116 104 223 187 206 190 104 98 15 197 205 141 31 31 92 191 197 167 111 109 191 102 134 192 249 249 167 185 125 165 171 160 44 59 50 144 0 127 38 51 51 20 71 63 56 24 17 58 87 96 50 0 36 89 88 77 176 189 255 125 26 60 59 31 46 72 102 40 1 150 231 86 102 77 137 38 147 228 150 56 133 181 79 52 138 245 254 136 69 47 5 17 53 29 79
84 91 84 54 114 68 88 77 116 255 247 131 182 223 142 143 16 0 76 166 96 49 110 112 69 108 190 177 250 141 255 212 174 165 105 172 245 109 135 49 18 72 21 41 18 25 13 23 43 58 48 49 45 59 61 49 59 26 47 33 108 104 101 100 220 110 128 30 80 102 13 52 87 76 125 253 180 137 62 33 101 203 227 129 66 54 143 92 32 90 177 218 81 30 106 192 254 232 117 57
78 142 89 168 186 150 151 88 86 235 240 205 101 210 113 57 179 252 221 172 82 39 89 166 75 0 90 219 223 87 153 140 126 145 40 117 81 95 83 47 107 110 126 67 73 22 46 34 26 37 40 37 0 0 9 49 54 33 31 28 56 77 154 202 255 140 102 35 75 149 48 43 84 66 38 130 108 98 195 55 129 94 36 122 32 94 140 96 37 32 45 94 65 104 152 176 198 202 194 59
118 195 149 148 228 127 220 255 225 213 255 109 255 242 194 112 216 216 255 59 50 59 106 233 194 38 100 187 187 82 97 41 25 29 68 140 52 100 80 173 140 36 155 109 66 47 24 32 41 20 18 16 45 54 57 49 27 67 119 165 75 146 217 253 169 134 190 178 67 113 86 79 33 15 20 80 74 65 195 72 108 76 74 89 66 64 112 117 31 13 16 46 106 184 178 117 112 133 168 56
37 102 62 177 202 187 208 244 133 102 128 245 249 255 244 42 163 254 117 87 101 121 132 237 255 154 205 156 127 117 166 93 81 19 109 133 224 93 126 255 113 44 88 66 32 19 32 27 23 29 48 0 36 49 60 23 26 61 119 140 94 196 249 248 58 138 244 190 47 77 85 134 68 79 105 147 188 113 60 59 25 4 106 88 67 44 79 63 69 64 100 82 87 83 91 86 66 66 41 35
44 92 13 117 86 190 255 122 72 148 145 228 255 161 106 221 167 207 83 139 171 150 176 201 140 68 148 139 79 157 125 111 186 98 212 88 255 176 60 212 150 136 199 80 39 18 43 37 30 29 28 41 18 31 21 31 33 69 114 2 113 147 208 121 150 158 142 115 69 157 128 237 147 105 95 153 247 221 43 47 27 51 30 95 108 91 90 85 69 55 65 71 48 23 41 82 59 4 13 120
183 164 66 162 166 253 255 83 29 134 156 131 121 254 254 251 133 118 35 97 127 158 218 152 49 59 103 96 122 123 67 34 198 220 244 144 191 241 90 87 125 88 191 81 69 38 31 59 25 28 44 25 56 74 64 67 84 115 145 100 151 91 150 60 159 237 145 138 143 233 165 255 130 85 61 143 205 213 79 59 132 230 189 186 172 120 105 113 99 43 48 69 88 83 86 105 36 10 109 192
255 167 33 113 191 245 227 130 100 118 255 135 102 93 180 231 238 43 161 127 200 190 234 141 65 115 79 0 166 152 74 21 203 234 255 113 170 234 244 159 73 129 28 59 16 0 63 48 36 33 50 0 50 43 42 31 22 84 187 95 131 238 255 177 27 160 215 255 221 222 102 155 48 42 184 209 149 199 198 11 114 171 98 245 219 118 22 69 80 111 133 103 78 39 67 94 25 48 159 245
247 154 51 25 16 67 141 135 84 50 94 72 113 143 102 136 170 234 185 163 255 179 123 127 173 108 158 214 122 41 100 230 124 226 255 195 157 217 236 172 18 73 97 56 65 85 57 44 25 15 28 12 47 16 63 57 51 93 89 136 50 191 240 255 213 123 243 215 88 143 111 60 67 106 190 83 151 102 79 30 66 79 32 138 173 74 79 125 134 168 249 191 69 76 174 119 63 116 104 144
178 197 97 47 180 232 141 39 74 68 19 78 127 247 201 255 209 242 224 238 204 192 239 187 126 61 115 232 227 144 158 140 167 107 36 99 83 127 67 91 1 79 58 0 16 25 65 48 46 31 36 91 84 39 138 152 46 118 187 151 64 136 208 242 220 108 119 72 100 235 159 52 44 65 163 59 64 66 71 123 175 156 37 135 117 27 33 163 102 91 209 215 147 60 35 133 165 165 90 55
117 202 115 39 190 255 208 177 115 128 98 28 58 165 236 246 241 255 229 255 165 231 255 75 46 99 63 167 244 81 48 106 241 237 196 81 81 136 105 85 106 125 74 30 20 39 28 36 28 10 0 75 45 0 89 117 42 64 164 1 101 251 255 176 132 48 114 237 113 83 126 204 255 98 93 140 90 91 28 165 180 175 73 40 82 31 108 239 236 38 77 98 107 92 0 90 111 26 101 153
135 146 129 64 39 118 241 255 169 103 64 78 38 55 112 221 214 206 233 66 111 232 251 65 60 94 23 122 87 92 76 217 246 255 244 130 107 166 137 125 178 137 117 43 67 33 29 30 28 17 4 39 42 11 52 86 83 112 113 76 89 113 58 27 98 118 139 205 95 101 164 250 240 109 134 163 128 141 71 99 64 71 56 114 50 28 56 159 137 116 128 78 59 115 42 57 116 0 146 252
42 116 96 43 57 109 195 240 233 128 36 92 97 128 82 164 158 200 142 165 119 101 150 38 32 93 189 89 48 59 63 208 224 233 251 175 129 108 60 42 85 111 69 65 26 4 20 35 50 46 33 14 59 46 30 64 125 113 141 0 90 163 136 136 159 111 67 47 32 113 165 229 157 16 92 48 125 161 198 101 73 54 106 151 55 122 121 22 61 111 169 224 64 41 96 39 207 116 170 191
26 31 78 28 69 83 116 160 225 194 140 65 124 206 172 174 143 160 148 105 119 73 95 120 138 86 94 68 70 12 47 97 238 175 201 170 154 65 113 76 78 71 58 53 26 7 21 33 43 27 28 39 25 43 80 73 76 67 153 255 228 139 76 136 204 136 39 34 30 101 71 144 190 38 0 70 108 140 224 157 161 138 212 171 20 137 129 70 102 95 89 163 97 110 136 117 254 184 109 143
28 53 52 28 7 3 41 67 74 118 193 46 93 179 181 183 118 142 107 133 142 69 62 66 146 120 143 97 133 153 175 177 232 112 40 86 174 84 220 169 109 143 33 28 44 54 56 68 51 32 47 60 32 86 117 137 70 63 244 226 243 246 226 153 102 83 17 25 47 191 133 103 155 117 83 115 105 91 167 153 141 140 222 198 8 14 24 55 128 39 65 135 154 255 255 218 190 150 81 92
59 101 94 160 93 35 29 10 30 98 164 100 31 91 107 183 106 72 91 95 37 94 247 164 120 146 246 223 164 249 189 255 255 130 80 27 122 39 179 142 120 172 15 22 35 64 90 108 123 112 74 47 0 86 134 126 79 60 255 255 245 255 254 242 255 178 71 0 38 222 232 155 181 150 116 85 5 67 79 125 54 81 88 82 96 91 85 146 161 43 153 95 132 244 211 255 8 0 84 200
97 146 170 253 125 34 60 94 61 113 226 224 177 39 87 114 93 0 66 94 175 193 214 73 151 155 223 250 255 217 245 255 190 118 51 43 42 118 150 156 54 100 19 60 82 129 143 97 83 68 1 0 22 124 172 91 7 45 180 251 243 235 216 255 241 196 198 89 105 196 255 172 123 170 205 178 29 0 53 68 86 98 39 12 105 111 135 177 241 177 85 143 255 250 185 124 171 108 181 255
37 48 99 192 139 110 135 157 131 135 144 133 100 61 121 127 123 16 104 107 226 247 166 40 92 138 234 219 188 160 205 223 137 97 75 113 144 225 255 235 121 68 1 23 113 158 123 50 11 0 50 64 38 6 55 110 122 202 223 240 241 229 255 252 185 139 234 243 255 248 245 134 37 145 255 77 48 131 183 152 84 56 31 89 96 125 148 102 121 82 190 231 255 234 72 126 98 137 183 188
42 37 71 92 51 76 124 155 129 86 79 84 100 157 110 71 27 77 177 134 141 143 75 69 43 109 120 213 105 58 160 237 203 140 104 126 90 255 230 222 152 26 7 90 255 234 135 115 73 0 40 0 60 100 50 55 150 190 166 219 146 75 130 217 173 184 243 226 188 193 218 162 102 210 208 152 144 94 104 188 220 147 9 38 20 139 154 84 64 15 255 244 227 124 115 150 255 228 157 149
26 11 27 77 71 93 83 66 95 106 102 252 171 239 53 51 17 3 113 195 116 97 173 136 74 63 120 46 79 172 214 181 124 118 229 201 89 194 173 210 244 83 61 117 255 240 174 173 113 36 55 46 98 87 51 131 219 131 34 77 144 125 98 198 172 76 71 154 158 114 120 147 182 223 148 147 195 191 78 173 255 245 102 38 46 123 148 131 141 51 164 140 144 77 211 147 226 219 123 117
42 30 31 110 82 71 56 61 39 89 139 240 147 87 17 67 74 47 32 113 124 102 227 108 64 41 173 113 109 143 129 135 175 98 72 184 93 196 179 185 202 73 43 16 107 178 165 64 56 80 23 31 156 219 158 63 76 191 248 60 179 136 29 47 63 53 89 150 233 226 164 54 67 153 121 87 210 243 223 224 255 233 199 112 127 83 154 169 187 95 52 76 35 164 247 225 83 221 113 57
58 59 85 55 44 60 49 64 48 77 106 114 75 109 92 114 99 106 45 35 88 53 133 9 119 80 142 97 148 189 100 56 108 68 91 111 62 112 88 36 74 0 56 70 37 109 72 34 43 70 1 109 136 159 165 160 179 226 255 3 78 104 154 160 122 96 81 219 255 244 253 164 80 174 245 89 108 214 252 247 174 169 202 255 189 29 111 143 134 78 32 129 68 129 183 199 117 151 98 115
39 62 56 127 140 117 106 76 94 127 108 82 168 158 232 96 75 116 72 27 98 24 53 53 167 158 135 170 73 117 50 82 170 69 78 100 71 29 98 0 52 60 99 107 113 52 53 93 91 36 8 19 100 177 200 189 191 221 255 223 72 60 139 171 167 155 140 67 87 84 158 118 65 70 85 30 92 198 255 98 51 126 252 245 151 16 59 109 140 55 123 69 80 125 203 16 110 54 103 119
107 112 123 252 255 168 80 32 111 90 27 66 147 39 144 124 158 241 188 39 61 79 31 42 42 82 53 86 45 143 125 50 74 41 97 119 90 25 96 100 112 118 57 20 58 38 50 112 51 0 46 60 56 52 124 190 241 255 226 167 64 83 196 194 210 252 255 255 231 189 198 181 140 148 43 90 72 118 123 83 137 183 175 170 77 109 93 100 201 88 196 146 78 147 79 199 244 154 41 68
87 150 136 239 167 145 91 85 110 149 106 171 24 96 92 160 180 161 124 51 29 115 47 82 76 54 41 46 67 145 217 178 169 35 111 147 130 145 0 46 38 58 5 47 83 77 0 140 134 117 85 127 67 92 212 242 248 241 179 42 91 102 210 147 207 150 255 213 237 253 148 121 164 201 173 19 171 173 237 251 181 196 184 138 101 106 139 40 151 255 214 242 229 187 115 138 210 199 65 75
96 67 68 51 245 232 221 20 158 91 226 236 61 34 31 113 114 43 48 52 24 74 19 43 74 70 83 78 74 161 131 84 123 89 147 240 147 87 116 123 33 12 30 99 38 135 136 235 254 175 65 155 107 124 227 252 255 207 167 103 108 59 196 117 217 79 150 255 250 235 76 50 91 197 225 160 191 255 246 255 237 125 107 67 151 204 250 69 118 242 229 248 219 130 74 89 100 92 121 90
115 42 81 52 199 255 180 78 71 106 255 233 78 44 36 145 184 157 117 55 41 60 97 98 132 57 59 69 100 168 42 40 56 45 127 85 89 57 171 121 64 71 112 99 16 136 234 248 255 255 236 225 184 223 255 241 240 207 151 72 82 48 210 89 242 41 147 86 116 144 88 71 78 85 15 131 134 179 143 183 159 31 77 53 141 255 255 109 152 215 111 100 100 136 98 86 78 92 85 102
63 9 66 9 39 53 80 147 110 125 242 185 105 24 48 143 255 255 193 228 171 57 78 47 79 66 107 60 124 206 60 66 105 70 61 17 102 60 198 97 11 79 86 24 76 57 49 202 247 219 248 246 242 246 229 255 240 255 217 32 117 165 232 103 135 42 87 133 108 62 52 39 65 124 49 133 129 113 118 203 185 69 120 34 154 243 237 92 86 136 50 8 104 107 55 29 72 148 71 117
9 112 117 151 127 30 143 131 148 0 105 157 98 73 110 127 180 177 90 255 178 53 75 18 34 27 84 129 199 251 70 146 179 92 94 160 104 6 179 169 43 52 133 123 241 225 65 138 254 234 237 253 252 249 208 251 255 242 253 41 85 201 160 131 91 61 80 129 107 67 90 92 103 155 130 120 130 80 130 210 178 127 70 37 127 255 205 52 60 130 106 71 156 172 102 90 160 143 101 40
59 192 178 120 148 94 120 73 128 33 146 143 115 66 144 134 95 94 86 180 101 69 140 135 67 35 43 246 255 250 100 137 185 89 134 70 83 28 178 174 100 89 125 126 149 255 212 65 81 116 140 239 245 236 217 255 254 204 197 100 37 108 63 127 87 129 151 69 132 128 231 173 75 100 20 42 187 119 91 91 47 139 157 126 131 218 164 114 136 186 155 99 126 128 137 119 124 68 39 87
86 142 203 139 115 150 12 54 11 35 64 207 124 36 91 4 107 220 250 164 86 40 125 160 66 95 132 217 255 224 131 135 140 47 155 71 150 163 144 153 128 109 17 100 100 235 255 102 33 39 193 255 224 195 220 254 255 159 168 228 102 124 39 105 81 93 126 225 228 140 255 215 165 127 52 84 255 255 133 53 39 169 248 201 85 141 76 157 207 162 106 88 74 37 0 52 95 81 27 42
147 121 252 154 107 60 183 89 140 70 117 20 148 82 94 57 184 253 179 89 29 50 175 233 71 139 103 62 189 200 163 140 151 59 233 240 135 158 117 180 160 162 128 69 148 117 120 139 149 41 113 255 241 150 218 255 248 163 196 242 139 106 78 133 121 143 210 231 195 57 223 255 252 185 83 71 192 238 106 49 98 9 76 142 9 64 55 103 96 73 24 86 144 195 143 153 247 185 77 54
108 241 240 123 153 235 193 38 133 141 119 65 83 95 55 126 171 122 174 120 51 136 126 145 57 75 28 43 185 255 255 178 102 136 95 148 169 68 72 219 129 170 95 176 237 145 96 83 92 114 118 60 107 99 22 246 255 172 138 201 43 97 86 82 245 252 246 255 241 234 91 140 130 255 196 137 94 161 251 79 104 184 182 47 146 128 124 100 49 93 112 220 208 158 156 223 166 80 50 122
199 199 204 121 91 149 251 234 203 83 42 49 70 90 67 47 41 76 241 191 152 236 248 167 64 68 86 88 124 217 246 93 113 115 87 25 71 248 147 100 160 0 131 255 170 182 35 14 82 79 85 187 138 247 157 127 110 114 30 68 0 54 84 203 255 136 212 62 182 94 13 103 104 63 96 148 99 147 255 143 194 236 198 127 195 213 188 145 24 68 150 243 244 169 150 200 188 100 78 152
121 112 30 130 61 87 227 252 234 68 114 37 65 121 51 24 15 22 154 73 67 228 137 96 74 84 124 68 63 30 81 50 66 50 135 165 133 144 113 55 149 65 222 250 250 223 216 158 51 203 98 249 46 255 231 206 45 169 206 219 149 101 96 196 131 23 138 24 93 8 48 106 76 83 108 44 25 97 154 154 192 216 255 54 120 133 192 128 61 145 235 146 111 140 198 255 255 227 202 249
83 70 79 196 191 149 103 164 210 96 104 21 57 87 88 62 59 55 66 141 149 219 82 40 77 55 93 49 85 0 30 98 87 19 204 125 106 43 186 243 172 191 197 232 226 27 42 196 60 165 0 204 153 238 217 255 65 85 166 255 71 117 112 56 83 112 185 160 58 57 132 109 52 253 133 60 56 28 68 47 69 103 163 35 78 113 136 83 35 128 179 92 30 14 109 159 212 171 143 195
74 144 252 167 250 224 112 94 162 21 13 78 49 79 95 81 97 66 117 226 217 180 85 89 254 252 255 100 108 205 245 117 55 12 116 111 86 213 255 247 255 242 255 223 255 246 136 240 191 77 255 222 253 255 206 241 83 41 92 148 70 117 156 131 184 241 226 185 28 78 160 86 92 250 224 209 136 57 32 84 46 19 10 75 86 67 50 20 46 124 69 60 39 11 172 184 202 90 66 151
81 148 218 102 192 169 109 130 171 27 53 157 45 77 124 81 62 136 248 191 235 149 138 181 251 209 170 118 122 116 228 209 118 129 67 127 158 135 97 126 101 255 170 240 255 215 148 255 234 47 250 251 230 255 242 255 92 92 150 237 252 175 143 209 224 123 100 86 97 17 131 62 182 180 255 243 160 84 83 245 203 105 21 63 78 53 53 27 119 185 89 22 85 44 178 198 214 80 135 147
194 143 157 63 79 83 129 150 138 67 141 189 87 111 136 87 111 139 227 18 89 40 178 216 176 141 182 63 118 19 47 224 147 181 96 234 245 127 204 175 94 253 146 217 255 68 167 129 49 158 255 215 250 255 235 111 104 141 53 241 255 170 68 122 108 86 82 81 85 79 88 56 230 158 205 221 65 62 126 242 255 185 69 127 120 113 109 61 93 157 68 122 185 34 43 56 81 13 231 217
204 149 152 93 97 140 181 118 80 1 89 147 195 197 127 104 210 200 95 162 180 24 221 210 39 98 255 64 129 118 119 165 65 235 15 255 106 147 223 123 142 97 255 255 194 74 255 229 255 223 217 255 255 170 238 179 107 84 105 255 216 195 210 77 97 199 153 140 39 165 37 51 239 189 150 180 64 85 112 219 163 129 35 116 113 130 142 84 58 142 66 24 154 80 152 108 86 75 239 224
99 76 56 11 95 192 158 58 55 46 129 90 39 124 48 98 229 79 78 102 126 205 219 255 103 35 37 27 30 120 186 194 74 50 253 255 244 164 164 240 247 255 240 235 231 32 197 231 251 196 253 252 215 238 255 48 102 131 157 95 115 130 178 168 234 241 239 241 148 109 29 161 94 150 121 155 93 70 55 167 85 60 45 96 111 118 159 120 144 166 85 99 89 125 198 234 106 196 168 186
44 73 99 6 18 86 66 73 105 48 118 124 34 130 14 63 147 72 197 72 122 246 255 220 130 115 100 102 114 117 227 209 55 112 251 239 255 249 223 254 233 247 201 236 240 137 255 255 255 208 224 253 255 255 249 50 107 89 165 152 95 94 105 166 213 241 255 255 255 248 174 133 20 127 228 245 122 53 108 185 68 12 71 47 79 68 146 145 68 89 71 87 28 255 253 153 65 173 62 111
89 88 140 50 36 102 80 66 89 85 123 28 112 158 115 108 158 150 156 92 50 149 240 233 90 83 111 82 98 45 149 169 106 197 251 253 232 245 139 209 243 255 249 255 255 210 254 174 209 225 173 239 254 196 234 70 80 10 136 235 153 110 119 118 104 114 88 183 193 227 176 87 15 97 251 230 118 57 177 220 156 67 135 63 99 101 195 211 99 55 98 98 37 252 198 76 40 88 57 62
149 146 198 101 26 21 31 42 46 34 39 49 233 133 189 204 104 163 61 120 51 182 255 246 99 100 43 46 12 142 130 108 140 100 166 118 232 255 164 255 247 234 236 229 250 255 232 128 215 255 236 255 255 229 255 184 251 144 217 205 147 152 255 246 211 164 135 157 130 33 79 56 53 58 148 96 91 79 186 193 184 98 127 83 114 161 233 220 83 66 118 142 31 152 92 119 0 65 141 94
145 156 221 182 101 0 43 146 170 126 52 191 170 69 207 222 49 98 140 173 202 255 221 125 119 192 157 85 87 205 175 113 109 59 112 110 220 215 120 226 255 249 247 255 220 233 255 199 255 230 255 214 220 207 167 250 247 195 213 84 37 89 199 255 223 178 155 240 229 115 105 70 128 44 71 0 22 37 113 62 71 15 18 46 89 193 242 194 95 32 83 88 127 143 127 208 73 124 123 23
70 79 120 169 99 48 60 122 139 101 26 206 45 87 114 177 172 99 245 254 245 232 142 88 138 255 243 139 163 114 182 183 155 171 83 21 118 132 143 193 248 253 233 247 229 255 248 246 255 242 251 253 253 248 141 225 240 169 102 136 96 99 175 158 125 125 103 231 223 115 112 105 167 107 56 142 106 117 205 142 83 106 173 38 81 228 229 174 96 37 31 130 192 255 250 172 177 252 134 8
42 56 66 131 220 173 141 117 104 121 99 75 37 86 69 138 226 186 254 241 159 154 182 242 189 194 194 184 189 90 122 246 216 163 108 139 122 60 98 25 204 255 241 255 235 240 247 255 253 201 255 247 244 223 135 122 99 23 49 41 36 68 67 33 11 26 48 153 99 17 41 108 169 102 62 120 47 83 122 92 21 92 156 111 38 198 255 112 75 53 53 124 255 249 194 101 214 251 148 90
125 121 54 100 180 141 138 100 77 133 23 91 137 0 85 124 46 216 210 112 100 72 8 95 113 156 166 207 236 249 157 155 157 22 86 168 164 155 229 78 188 185 125 124 150 234 238 229 255 232 255 245 255 253 221 132 125 61 121 29 58 102 121 62 54 61 16 58 31 18 44 73 71 35 71 82 31 90 85 43 0 95 56 173 15 140 162 15 2 56 67 132 216 170 79 64 140 25 3 80
105 152 62 93 59 105 151 95 119 131 53 25 37 52 79 66 98 95 153 129 195 227 119 35 30 119 122 184 255 255 217 94 178 76 157 129 144 255 226 173 159 204 32 90 152 68 69 158 22 208 255 233 135 97 145 119 20 163 176 119 41 197 208 98 91 106 71 140 138 37 37 101 155 56 111 104 94 75 72 62 27 16 49 131 112 42 144 50 59 88 105 83 77 54 48 122 95 88 198 182
250 178 11 73 40 64 95 90 101 97 37 72 88 152 168 108 177 127 175 53 230 255 118 56 77 100 203 36 151 229 172 19 64 26 117 103 204 244 255 21 61 54 97 194 217 160 27 53 49 177 189 142 81 125 160 118 54 171 189 172 157 244 255 146 180 113 55 84 195 143 69 132 189 53 53 43 71 66 109 134 91 16 3 103 45 85 119 70 153 118 194 78 48 23 62 47 115 131 196 219
190 225 131 62 58 70 78 55 58 61 78 9 85 255 255 208 255 80 108 56 255 232 70 84 83 59 96 150 204 145 135 60 31 95 113 6 255 243 173 38 41 90 113 147 180 204 87 33 42 15 76 52 89 232 227 163 67 79 82 120 103 182 211 216 145 93 112 52 153 207 128 246 238 103 63 100 113 108 120 165 185 143 105 36 31 111 112 61 139 114 172 97 53 120 176 87 81 113 8 40
182 177 156 68 109 79 59 37 27 22 81 17 71 157 170 126 159 70 114 66 121 134 101 88 78 69 98 255 200 118 102 124 45 151 233 45 136 237 6 109 227 147 61 100 170 255 217 166 68 27 109 136 143 214 118 62 90 88 144 76 46 29 89 118 43 17 143 204 237 238 127 251 166 39 50 149 164 111 62 122 126 146 149 0 47 57 107 93 47 90 71 110 27 97 114 15 73 159 102 106
52 70 201 166 139 61 56 74 35 5 12 86 84 19 156 125 59 73 119 103 42 112 189 144 57 74 90 129 114 180 230 194 79 249 244 51 143 127 77 109 96 211 49 147 242 202 217 167 78 106 97 134 62 78 26 95 217 131 130 186 176 99 100 139 66 46 127 255 241 224 113 141 107 82 153 148 188 204 137 100 95 48 52 34 85 85 145 107 31 79 0 72 31 49 103 42 26 105 175 127
126 57 90 124 112 130 128 63 27 75 107 130 144 70 246 246 120 72 93 97 12 150 244 166 42 79 119 124 83 151 228 199 97 208 218 203 132 147 184 43 105 19 155 81 212 110 130 101 117 146 36 0 55 128 117 128 170 59 58 132 235 190 114 167 157 150 129 28 135 243 106 60 94 124 129 157 197 209 156 137 92 69 93 89 27 172 117 107 78 29 42 24 28 89 141 94 26 0 118 171
74 107 124 85 90 144 146 52 26 106 177 206 165 106 255 246 135 141 130 40 0 98 205 140 106 158 168 160 29 106 126 99 73 131 140 254 217 72 209 172 105 100 154 28 225 158 144 98 139 167 105 58 226 162 197 75 74 28 53 5 125 97 128 112 138 121 61 11 105 232 218 12 62 67 16 98 102 82 80 95 84 64 72 94 26 106 104 119 80 68 139 48 66 48 60 69 50 52 123 176
187 109 151 172 59 22 109 66 83 74 22 143 122 150 242 250 197 85 69 162 162 102 51 131 143 116 120 80 14 149 127 71 113 162 252 235 221 134 91 255 204 127 183 83 204 255 166 52 86 91 226 140 244 226 232 233 151 93 51 71 134 126 193 195 69 108 61 133 94 178 210 27 70 81 42 118 63 50 72 118 84 51 49 71 34 78 98 129 2 175 179 129 119 124 122 51 34 57 55 57
115 123 93 149 180 49 15 72 24 70 66 40 62 53 173 155 68 0 94 116 222 163 105 151 106 43 142 106 65 93 89 95 236 255 97 166 119 255 223 147 249 176 42 102 140 255 137 100 77 113 215 255 241 157 253 250 215 223 120 130 70 121 211 203 114 66 0 148 121 131 114 71 39 39 57 91 55 105 81 85 178 0 89 153 14 88 166 12 130 176 230 208 240 197 183 129 98 130 99 10
50 88 103 165 149 58 28 24 17 82 141 72 78 37 109 3 86 68 120 100 134 94 45 12 73 129 162 94 1 47 123 111 135 166 111 89 132 233 232 88 96 140 181 56 146 255 246 255 124 27 193 239 200 103 187 227 138 161 97 76 38 58 147 65 7 78 91 70 47 61 112 77 53 14 39 79 101 157 109 63 78 22 2 65 104 111 128 37 231 117 98 75 93 127 249 253 196 244 255 132
60 125 161 188 96 67 73 70 66 23 18 23 42 115 185 74 214 229 125 134 44 89 110 61 118 153 33 144 41 26 75 73 85 72 58 77 143 255 149 37 75 78 69 125 254 240 231 234 204 75 191 255 224 109 199 251 129 73 43 90 98 59 116 59 1 58 91 126 73 23 91 80 52 36 49 98 75 58 71 70 15 87 0 79 205 125 116 64 195 61 17 96 53 60 214 254 134 176 232 133
100 210 225 219 148 175 81 0 39 67 128 35 61 50 131 44 249 253 233 238 158 111 188 163 178 214 112 217 135 76 86 93 204 230 155 27 72 79 16 94 134 123 91 48 205 167 154 170 148 72 101 252 237 144 186 220 91 55 63 114 57 6 42 57 36 86 80 122 43 27 69 77 39 77 104 122 39 25 65 120 43 106 88 176 239 199 213 125 150 75 138 52 50 64 112 95 74 91 129 108
44 165 203 255 223 253 101 11 98 135 136 43 84 12 64 114 253 234 255 224 158 139 133 85 34 88 194 255 250 119 76 98 254 233 131 86 80 42 82 82 103 124 122 17 30 88 247 163 137 87 81 158 154 57 80 145 57 37 136 221 161 30 6 24 28 75 84 44 20 13 23 46 41 87 129 116 59 146 131 170 144 126 122 99 101 172 214 155 65 72 90 71 85 77 59 30 35 43 67 136
54 41 53 255 232 205 132 124 179 94 0 139 136 65 124 191 211 171 255 176 213 240 255 240 100 55 178 208 166 75 86 61 148 56 12 185 249 179 60 42 158 193 50 53 18 64 164 94 105 214 164 50 75 48 94 118 57 37 81 213 212 113 79 71 35 66 61 9 20 40 50 33 32 55 66 61 158 222 97 95 151 165 220 72 32 86 64 101 68 152 64 113 53 60 71 77 34 0 62 126
168 95 43 116 163 112 57 51 63 105 145 210 101 63 73 79 86 189 236 255 244 224 213 229 97 77 127 43 105 52 140 108 138 70 80 126 165 114 76 35 215 255 38 37 106 84 72 69 93 197 167 40 44 91 121 108 87 31 11 15 79 62 75 124 80 77 76 18 68 78 58 51 33 65 37 12 193 137 77 99 108 133 225 173 183 69 79 165 181 220 166 128 6 37 119 152 166 84 120 93
251 252 231 49 99 21 65 92 16 76 117 92 27 141 152 128 61 183 187 241 250 255 212 131 97 100 115 69 184 183 207 79 123 66 99 30 9 40 107 85 52 176 77 82 147 188 227 240 83 91 87 56 9 24 35 71 97 73 41 49 88 43 52 104 102 71 63 0 54 96 35 34 98 99 82 31 166 58 194 220 74 70 137 185 238 62 122 203 186 140 195 173 22 9 67 131 181 82 133 111
151 228 207 68 49 71 59 105 107 30 68 142 120 112 106 206 63 56 174 60 88 242 2 213 174 84 11 27 67 181 205 128 50 8 92 104 62 133 124 57 61 47 0 37 46 85 188 246 242 116 24 58 45 74 28 0 60 91 35 130 131 64 86 113 59 21 38 10 56 166 106 102 45 37 70 47 75 14 184 114 17 30 15 23 69 33 121 113 115 82 248 226 88 98 70 111 127 65 77 75
37 25 54 7 29 26 40 111 103 58 111 136 140 215 255 251 88 66 102 253 236 253 62 184 251 122 81 94 41 98 128 176 196 138 211 228 120 137 76 26 56 19 0 69 107 90 74 96 99 70 43 106 65 82 95 61 44 80 1 89 127 43 45 93 52 53 156 113 68 107 109 135 201 161 136 109 77 171 255 135 49 71 83 131 148 50 80 148 66 20 187 189 86 102 58 164 252 235 118 69
106 17 0 40 30 57 21 65 89 46 111 124 110 235 255 131 28 134 90 222 241 151 88 108 200 89 128 90 59 7 47 147 168 131 206 189 106 91 59 43 79 98 92 71 123 174 105 42 64 125 126 129 69 56 78 33 4 25 33 92 191 42 9 143 75 91 236 206 166 119 168 187 255 228 251 223 76 215 207 98 39 131 132 75 72 14 63 210 154 76 143 183 114 62 37 153 198 212 79 75
90 82 135 112 67 37 33 31 64 31 68 73 16 122 120 51 32 80 116 70 92 82 112 33 112 36 101 91 102 92 127 141 124 118 144 83 82 121 111 80 65 29 38 28 85 143 68 8 76 178 173 77 77 131 169 116 57 70 136 152 192 31 21 139 84 88 129 131 165 139 149 98 196 191 255 217 23 92 66 88 163 197 157 128 87 82 108 235 177 204 189 197 152 74 103 60 36 77 55 121
37 76 106 100 43 71 62 52 58 47 42 59 27 108 35 68 42 12 61 10 47 83 85 56 55 3 47 105 73 170 177 71 63 153 170 61 33 98 94 69 54 24 58 57 95 86 0 8 92 130 125 36 63 48 42 43 57 104 170 165 120 51 100 79 29 108 65 58 55 79 82 46 104 128 184 108 40 47 14 199 250 201 103 135 43 132 95 81 79 197 176 216 197 94 223 111 91 145 181 193
63 78 20 81 56 104 115 85 70 33 11 94 36 89 38 86 73 16 60 78 34 39 38 58 53 51 46 123 63 74 122 23 32 147 120 90 57 42 31 94 120 71 110 203 211 162 126 139 162 133 71 144 121 62 17 60 134 157 193 113 60 112 157 70 64 99 114 169 85 27 30 91 136 110 76 41 94 76 14 167 205 100 18 56 0 29 76 67 123 175 73 183 190 131 197 158 226 189 129 178
68 149 48 136 107 164 162 104 98 42 43 172 41 119 54 49 49 66 76 96 46 27 74 49 37 84 41 73 123 83 96 126 95 137 112 166 107 49 44 115 108 33 98 184 255 248 176 255 232 83 86 42 112 66 91 131 116 59 13 34 54 137 152 98 124 132 200 240 144 8 50 56 167 23 38 85 132 33 24 60 62 48 0 97 68 45 92 166 205 119 27 100 104 115 116 181 248 191 81 82
116 84 115 165 126 188 192 85 84 102 145 186 6 180 165 64 50 54 48 97 120 105 124 59 54 40 29 22 101 43 107 197 127 59 75 38 46 55 65 90 75 15 116 110 193 149 122 173 117 43 122 127 145 129 82 78 50 8 103 51 28 115 45 130 160 41 226 255 184 40 124 3 150 30 105 124 101 2 79 54 71 72 29 22 140 88 86 113 145 83 122 92 9 115 44 206 255 255 144 65
102 105 169 102 92 135 119 75 170 50 41 137 126 246 168 22 107 74 74 22 31 34 33 31 75 68 89 102 75 113 153 202 129 79 37 73 65 73 71 56 45 46 57 122 55 37 19 2 33 80 99 143 93 165 89 56 0 85 63 51 73 54 106 63 105 100 121 175 251 198 82 128 195 80 103 47 50 80 143 111 52 58 62 62 124 75 0 111 140 163 142 174 107 195 87 72 111 160 97 51
98 66 36 66 72 70 51 60 176 106 68 114 187 255 153 35 68 59 107 53 93 95 89 122 98 136 176 95 77 97 101 103 110 86 138 39 71 72 43 21 55 60 25 151 98 84 86 76 84 149 161 121 162 248 179 89 53 117 80 34 44 29 72 57 126 90 75 88 153 86 60 141 185 30 70 10 65 152 148 129 77 55 56 89 96 61 29 182 250 206 123 103 0 84 0 21 47 49 31 113
144 14 23 90 117 90 58 58 166 88 49 160 250 208 68 95 88 28 14 51 155 83 111 169 92 111 175 102 85 28 14 28 9 25 42 125 131 59 25 46 102 104 87 78 111 57 54 81 89 99 141 21 127 187 134 56 120 106 55 111 132 109 81 68 139 122 78 108 57 10 105 207 234 91 180 86 50 59 43 34 36 59 92 180 154 48 78 123 206 159 33 66 0 49 55 62 97 76 65 172
128 76 119 63 110 108 69 90 135 104 122 185 241 146 59 132 105 59 43 138 239 72 125 216 138 167 219 232 134 112 72 100 99 94 122 102 114 74 61 57 72 100 83 54 74 80 45 105 89 71 122 75 130 129 89 52 158 129 90 179 165 91 65 44 127 114 110 22 49 0 54 81 141 59 124 125 85 80 98 103 104 80 35 234 205 147 151 121 174 100 40 76 43 80 64 76 60 60 47 93
225 103 78 144 134 162 210 214 139 174 199 58 84 73 106 117 70 59 51 105 212 81 158 253 161 194 241 72 48 7 60 41 46 95 103 106 75 80 117 94 48 18 31 30 78 47 46 73 92 39 49 90 111 52 79 64 128 99 77 99 76 14 74 70 106 112 126 3 132 168 79 44 115 95 96 223 162 68 8 8 32 53 67 149 143 138 188 102 110 45 0 140 158 110 87 40 51 45 33 68
252 125 8 80 83 117 152 182 44 83 183 189 95 161 255 249 219 183 124 27 115 103 182 255 157 179 255 113 115 122 117 65 49 125 214 174 111 84 114 94 36 34 109 12 66 63 32 62 84 32 23 7 37 27 80 61 45 49 99 23 23 15 137 128 141 59 102 0 170 230 108 0 84 37 80 57 43 82 92 47 0 5 35 127 121 103 119 111 90 39 45 192 208 123 98 42 57 57 138 73
161 141 78 64 18 73 164 197 91 212 247 255 79 155 191 246 255 118 84 67 75 114 233 252 210 188 255 165 154 137 114 69 44 94 183 195 129 72 74 69 54 69 131 106 99 97 94 91 125 127 29 1 75 57 43 106 66 45 76 38 57 57 148 127 111 70 110 78 198 224 132 38 136 129 175 126 60 61 87 57 33 85 173 251 210 158 138 155 112 94 171 185 206 47 121 78 35 45 126 49
94 76 50 47 26 39 104 103 41 171 222 234 176 181 178 238 250 190 180 190 91 63 140 240 211 129 158 75 47 65 66 34 41 58 112 145 79 38 37 51 36 49 22 65 75 92 90 69 107 114 56 91 100 87 57 104 76 41 62 67 65 33 56 15 86 75 59 46 34 36 29 14 95 130 212 212 123 56 82 67 69 68 115 206 248 240 179 176 70 136 237 225 183 58 176 186 36 54 134 70
48 28 53 83 70 12 58 58 42 89 157 148 215 91 52 61 77 142 142 211 134 78 70 249 190 108 136 60 18 80 81 18 38 44 53 70 9 23 34 46 116 162 60 70 69 46 23 54 62 54 114 220 130 110 113 103 244 157 98 73 23 3 54 68 71 117 127 167 63 38 18 22 18 11 59 108 58 0 99 158 6 53 98 169 171 120 74 94 32 151 229 250 146 74 166 206 95 102 164 115
