11 5 9 12 10 16 21 14 9 19 12 1 8 15 14 14 7 2 8 13 10 16 22 18 10 12 16 21 22 19 12 6 9 10 14 21 25 20 8 0 8 7 10 18 26 27 19 11 0 0 0 0 4 11 18 23 18 17 6 3 15 19 12 12 14 3 20 30 11 15 24 7 13 21 21 19 21 14 9 18 16 22 20 16 14 4 2 16 34 28 27 29 25 16 15 22 20 25 16 8
17 11 13 16 20 34 39 27 17 27 23 17 21 22 21 27 27 21 22 18 6 9 20 21 10 16 25 32 32 26 16 9 9 10 13 16 18 15 6 0 10 8 9 15 21 20 13 5 8 6 4 2 4 8 12 15 15 15 5 3 16 21 18 21 37 40 54 46 12 0 10 9 10 16 14 15 22 18 11 15 17 21 15 10 15 12 8 13 20 18 21 26 24 18 20 26 26 31 23 14
22 18 17 17 23 43 48 31 23 28 25 23 24 16 11 21 25 21 22 17 5 11 29 36 20 26 33 38 37 32 26 22 17 18 18 18 18 16 15 13 19 17 16 21 27 28 24 18 11 9 6 3 2 4 6 8 10 12 5 5 19 23 23 30 37 36 35 31 24 19 16 14 11 16 12 13 22 20 9 8 17 20 9 5 21 31 23 17 6 10 16 19 16 13 15 20 30 35 25 15
20 20 21 14 14 32 39 23 16 15 11 17 23 13 6 16 16 13 17 16 9 17 34 39 27 29 29 27 24 23 24 26 20 20 19 18 17 19 22 26 30 26 23 24 26 26 22 18 5 4 2 1 1 2 4 5 6 10 7 11 22 23 25 35 29 24 14 18 36 39 26 20 17 24 20 17 22 18 6 4 13 15 2 0 25 43 33 17 9 16 22 19 12 8 8 9 31 36 26 13
14 20 26 18 9 20 28 19 11 7 2 13 27 23 16 23 20 14 16 16 9 11 17 13 23 21 19 15 12 11 12 14 12 11 11 10 11 15 21 25 32 27 20 15 12 8 3 0 2 2 1 1 2 3 4 5 3 9 10 15 22 20 22 36 38 39 32 28 33 28 17 15 18 30 29 22 22 18 10 11 13 14 1 0 23 40 27 9 19 28 31 23 15 13 10 6 27 33 25 12
13 19 30 28 15 17 25 22 23 20 11 12 23 20 13 17 14 6 8 9 1 1 3 0 20 19 19 19 19 16 10 6 7 7 7 8 11 16 19 22 22 19 15 12 11 9 7 5 6 6 5 5 5 5 4 4 4 10 11 14 18 13 19 39 42 30 21 21 24 23 13 1 11 27 28 20 23 24 21 24 23 24 13 10 27 33 19 6 14 24 26 17 14 19 17 8 13 22 17 7
16 16 29 36 25 18 21 20 33 36 25 11 11 8 3 7 6 2 6 7 1 6 17 16 26 23 21 24 28 27 20 13 11 10 11 14 19 22 21 18 12 12 11 12 14 15 16 15 5 6 6 7 7 6 5 4 6 10 8 8 10 7 19 46 44 19 12 17 17 26 26 6 5 19 19 14 23 30 29 30 26 28 22 22 30 24 11 9 7 17 18 11 16 29 29 16 5 16 14 6
19 12 25 38 29 16 13 12 27 40 31 11 5 6 8 15 16 13 18 17 10 19 39 47 31 23 15 16 23 28 25 20 14 12 13 18 23 24 19 13 9 8 7 6 4 3 1 0 0 1 3 5 6 6 5 5 8 9 4 2 3 2 20 52 58 42 48 41 11 14 34 28 4 15 11 7 22 34 31 29 15 20 19 21 25 13 3 8 9 19 20 14 23 42 42 28 10 22 21 13
11 9 16 30 36 25 9 0 25 23 15 6 3 8 11 10 12 16 24 22 13 23 43 50 45 15 13 24 14 12 21 20 16 21 26 30 30 24 18 13 10 6 2 1 3 3 0 0 1 3 6 9 9 8 6 4 5 6 3 4 7 4 16 43 57 36 40 36 12 18 35 23 12 16 19 11 3 16 28 22 13 10 14 20 13 0 0 6 11 15 26 30 31 38 33 11 20 32 16 0
11 7 10 21 27 22 13 7 13 14 10 2 0 3 6 6 15 11 10 11 4 0 13 39 47 17 11 22 16 13 17 12 22 26 30 30 26 21 17 16 9 6 3 4 8 12 12 10 9 10 12 13 12 10 7 5 4 6 3 5 9 4 10 32 32 14 20 24 9 16 26 9 14 25 25 13 7 11 15 16 16 14 18 22 14 1 0 8 25 25 30 28 23 29 24 5 13 18 11 4
21 14 11 14 17 14 9 6 0 5 9 6 6 10 14 15 14 9 4 16 20 0 2 42 45 17 9 19 19 17 15 9 15 20 25 25 22 22 25 29 23 17 11 8 8 9 7 5 11 12 14 14 14 11 9 7 4 5 3 6 12 5 5 19 19 4 12 22 14 18 19 0 2 23 20 9 14 14 12 22 29 28 31 30 19 5 3 11 18 16 20 21 20 30 32 19 15 9 14 20
24 19 15 15 17 15 10 7 7 16 22 21 19 21 22 22 17 22 16 29 45 19 6 38 37 17 8 14 18 16 15 15 8 15 21 21 18 18 24 30 28 21 11 5 3 2 0 0 5 6 9 10 11 11 10 9 5 6 2 5 13 8 4 13 21 13 21 28 21 19 14 0 0 22 13 4 22 21 12 26 44 43 43 38 24 9 6 11 11 11 19 25 29 42 49 41 24 10 23 38
18 18 19 20 22 22 18 13 25 31 35 30 25 22 18 14 24 37 26 23 40 26 6 18 29 20 12 12 14 9 9 17 13 19 23 20 12 7 9 13 15 9 3 1 2 5 5 4 4 5 7 8 9 9 8 8 6 8 2 3 13 12 9 16 21 21 28 30 22 15 10 1 17 31 15 8 30 27 12 22 41 40 38 33 22 11 7 9 25 24 34 41 40 46 49 40 24 11 24 40
25 26 25 22 21 20 16 9 18 23 24 22 21 22 18 12 22 37 25 9 18 22 16 18 28 29 20 15 17 7 2 12 14 17 19 16 9 5 7 9 10 6 1 1 5 8 9 8 9 9 9 9 8 7 6 5 6 9 4 3 12 13 12 19 18 25 30 31 27 20 15 13 24 30 21 20 37 34 22 25 22 21 20 18 15 12 9 8 25 25 36 43 37 36 34 24 15 10 17 26
29 29 23 14 12 16 17 13 7 8 8 9 15 20 18 12 15 29 28 11 5 15 26 29 33 39 31 28 34 21 5 10 17 17 15 12 10 10 13 16 14 9 5 4 6 8 6 4 9 9 9 8 7 7 6 5 4 11 7 5 12 12 10 17 15 23 26 30 35 30 20 19 19 24 29 34 36 31 24 22 12 10 8 10 15 18 15 11 13 13 26 34 28 24 21 12 13 20 16 12
18 17 10 3 6 19 30 32 13 11 6 4 9 14 10 1 16 27 38 25 1 2 19 25 37 45 39 40 53 39 15 15 31 26 19 12 8 8 11 13 10 6 4 4 8 9 8 5 4 4 5 5 6 7 7 8 2 11 10 7 12 11 7 13 11 17 18 24 37 32 18 14 21 25 40 44 29 17 12 5 15 11 7 10 19 25 22 15 14 13 24 32 24 18 16 7 20 34 22 7
11 7 5 10 20 29 33 33 22 22 18 16 19 21 16 8 16 32 19 3 15 21 13 15 31 28 36 53 58 43 17 0 24 29 29 22 15 13 11 8 10 9 8 8 8 8 8 8 5 6 7 9 9 8 7 6 8 9 10 10 10 10 9 8 11 15 17 17 19 22 21 16 24 33 52 50 20 1 4 9 16 20 18 13 20 33 30 16 11 13 14 23 31 24 18 28 38 36 32 26
19 22 25 24 23 26 35 43 18 22 25 28 32 32 24 13 10 25 14 2 17 27 22 22 10 21 39 52 47 26 7 0 6 18 27 27 22 18 14 10 8 10 12 12 10 7 6 6 6 7 7 8 8 8 7 7 5 5 6 7 7 7 7 6 4 8 11 12 15 20 20 17 19 27 47 52 31 13 9 4 13 19 18 13 17 29 32 24 11 9 16 25 27 24 27 31 34 33 30 25
11 31 50 50 32 15 11 14 19 23 25 27 31 32 26 18 11 24 18 8 20 32 31 30 7 10 17 21 19 14 15 20 14 23 28 24 17 14 13 11 6 10 14 14 11 7 5 5 8 8 7 7 7 7 8 8 8 8 8 8 7 6 5 4 5 10 12 12 15 20 22 20 17 17 31 41 31 21 16 9 18 26 27 19 17 23 30 31 16 8 19 27 16 18 29 24 19 19 19 17
4 28 52 52 31 9 0 1 25 22 16 10 12 19 22 20 27 39 36 24 24 33 36 34 19 8 0 0 5 15 23 27 24 28 29 26 22 19 12 5 5 9 13 12 8 5 6 9 10 9 7 6 6 7 8 9 10 10 9 8 6 3 1 0 5 9 9 6 7 12 15 15 16 8 13 19 13 13 17 15 28 36 39 31 20 17 23 30 17 5 18 23 4 13 31 20 7 10 14 15
11 21 30 28 20 16 21 28 22 18 9 1 2 12 20 23 38 47 48 31 18 23 29 24 18 14 8 6 10 15 17 16 22 25 27 30 34 32 18 3 5 7 8 7 5 5 9 13 11 10 8 7 6 7 8 9 5 5 5 5 4 3 2 1 1 4 4 0 0 6 11 13 21 13 15 16 7 6 14 16 29 36 41 37 23 13 16 24 22 10 20 18 0 14 33 18 10 14 19 23
19 18 18 18 19 22 24 26 13 14 11 8 10 19 25 26 30 32 34 20 5 13 19 8 8 17 20 12 4 8 23 34 43 35 22 15 18 24 21 14 10 8 5 4 5 8 11 13 11 10 9 8 8 7 7 7 3 4 6 8 10 11 12 12 9 13 13 10 10 18 27 31 31 27 35 38 25 18 21 20 21 24 30 32 23 11 12 20 45 36 31 16 0 11 21 6 12 16 20 23
28 22 17 18 22 21 13 6 8 12 13 12 14 21 25 25 22 15 17 13 9 27 34 13 8 18 21 9 0 7 25 38 49 39 21 5 1 9 18 20 16 11 7 7 10 12 10 8 10 10 10 10 9 8 7 6 6 7 9 11 13 14 14 14 14 18 18 13 13 22 33 38 24 23 36 45 36 30 28 22 18 14 17 25 21 11 11 20 54 51 34 10 3 14 15 3 6 10 14 15
42 29 14 10 15 21 20 16 11 13 12 8 9 15 20 21 29 15 16 21 30 58 64 36 14 21 25 20 15 13 8 0 17 23 24 18 12 12 14 14 20 15 10 11 15 15 9 3 10 10 11 11 10 8 6 5 5 5 6 6 5 5 4 3 3 7 5 0 0 4 15 21 4 1 13 27 26 25 26 19 22 13 12 20 20 12 12 21 37 41 21 0 8 25 25 19 2 5 10 12
45 38 23 7 1 8 16 21 22 15 7 2 2 6 15 23 28 36 37 31 29 34 34 29 5 20 11 10 29 17 0 16 29 37 34 18 8 12 16 15 19 16 12 13 15 14 9 5 1 6 12 12 9 5 5 6 10 9 7 5 3 0 0 0 3 0 0 8 14 11 13 20 23 24 21 14 8 10 14 17 23 28 29 25 22 25 29 30 18 12 12 11 13 28 33 20 14 22 28 28
37 34 23 10 4 9 17 20 25 17 6 0 0 5 17 27 36 42 42 36 33 36 36 32 29 37 20 12 28 25 22 46 56 51 34 12 4 12 17 15 14 16 16 15 11 10 10 11 6 9 12 12 11 9 10 11 8 7 6 5 5 6 7 7 12 8 7 8 7 4 8 14 22 20 18 13 6 2 3 8 16 24 31 34 37 41 41 38 16 9 9 11 17 33 35 18 26 39 50 50
20 23 19 11 5 7 11 12 14 12 7 3 5 14 26 34 34 36 34 28 25 26 28 28 51 51 28 13 20 16 17 40 64 53 32 12 9 16 17 11 8 14 18 14 7 5 10 16 12 11 10 8 7 7 8 9 7 7 6 6 7 9 11 12 9 13 11 4 0 4 11 14 12 9 11 15 12 5 8 16 15 22 29 32 35 34 27 18 9 2 3 11 24 42 41 20 26 41 55 54
11 18 22 18 14 11 8 4 9 14 17 17 17 22 26 28 29 26 23 20 18 19 25 31 48 42 23 13 17 10 2 11 37 35 27 20 19 21 15 5 7 12 15 13 7 6 11 18 19 15 11 7 5 5 6 7 10 10 10 9 9 8 8 7 1 10 11 4 7 22 29 26 11 8 12 21 20 13 15 26 17 19 19 18 18 17 8 0 10 3 7 19 35 55 53 30 21 33 42 40
14 23 29 30 27 23 14 5 19 26 29 23 19 20 22 21 27 21 18 20 20 20 28 39 30 21 10 13 23 20 10 7 8 16 23 24 22 17 10 3 13 13 13 14 14 15 17 18 18 16 12 9 6 6 8 10 11 12 14 15 14 11 8 6 4 12 13 10 21 40 42 31 18 16 18 22 18 10 11 19 18 17 12 8 9 14 12 7 18 13 17 26 39 56 54 33 24 27 28 24
18 22 25 26 28 26 16 4 19 26 24 14 11 19 28 31 15 8 9 17 17 11 15 27 26 13 6 13 22 25 19 13 3 13 22 23 16 9 6 6 19 16 14 17 22 24 21 17 7 9 10 8 4 4 7 11 9 12 15 17 18 16 14 12 10 13 11 9 20 35 32 19 15 16 17 14 10 9 12 16 26 23 15 6 5 11 14 14 17 14 17 19 22 34 35 19 16 15 11 7
19 15 10 10 18 23 17 6 9 17 16 6 3 16 29 34 8 3 10 23 21 5 0 8 29 16 14 19 19 20 20 15 15 21 27 25 16 8 6 9 16 14 14 18 23 23 18 13 5 12 17 14 6 1 4 9 8 9 10 11 13 14 15 16 12 11 7 5 12 20 20 13 15 22 19 8 5 13 19 19 32 30 23 11 5 6 8 8 10 11 15 10 4 13 19 10 3 6 5 2
24 14 3 1 12 23 22 13 8 19 19 7 1 8 15 15 19 15 26 43 38 14 1 5 24 18 24 31 25 22 25 22 24 28 32 32 24 13 8 8 9 10 12 16 18 17 13 8 17 26 32 27 15 6 6 11 9 7 5 3 4 8 12 14 13 11 9 7 10 17 21 23 30 38 32 11 4 14 20 14 28 31 28 18 11 10 11 10 9 13 18 11 1 10 21 17 3 10 15 12
34 18 24 34 0 16 30 14 15 13 17 23 17 3 2 10 29 44 36 36 52 32 4 11 39 33 30 30 27 21 23 29 32 36 48 57 4 9 14 9 10 8 19 23 58 44 34 20 17 6 12 15 6 13 20 6 9 8 7 6 9 9 8 7 13 13 4 10 0 20 18 11 28 37 29 15 12 11 11 19 22 30 24 16 18 18 15 19 15 18 13 10 12 9 13 29 28 13 6 14
32 27 32 34 0 29 42 20 12 13 23 36 33 19 12 15 33 45 33 29 42 29 15 30 31 25 23 26 26 21 19 21 32 38 52 58 12 18 24 19 20 27 26 32 35 35 28 32 21 23 29 28 17 15 19 16 14 19 22 15 26 17 16 19 9 11 8 18 2 17 8 0 8 22 22 15 14 11 10 17 24 32 27 19 21 19 15 18 16 19 12 8 10 7 11 26 23 11 6 13
22 28 35 34 5 44 58 34 8 7 14 27 29 19 11 10 23 36 32 32 42 28 14 25 14 9 8 15 21 20 15 13 16 25 40 46 12 19 24 17 13 25 21 40 27 36 18 19 16 21 19 17 20 18 16 22 20 25 30 26 63 47 35 28 14 11 4 14 0 13 7 0 0 9 15 14 17 13 7 10 11 21 19 14 18 18 14 18 11 15 11 10 17 18 24 40 27 19 16 21
8 16 25 34 14 48 59 45 18 10 6 11 16 15 13 14 20 26 23 25 33 22 9 14 5 0 0 8 19 24 20 15 11 12 20 21 8 20 34 33 15 30 40 48 27 28 22 22 20 19 3 2 21 20 10 18 27 25 29 36 94 79 52 28 18 10 4 22 14 28 18 10 3 14 16 18 26 23 10 6 8 19 16 11 14 13 8 10 8 13 11 13 22 23 26 41 27 22 20 22
4 6 14 35 19 38 43 44 32 21 13 14 20 25 28 29 31 22 9 7 14 16 16 22 13 8 4 10 22 30 27 20 23 17 22 22 21 24 39 46 24 36 62 45 22 11 34 38 19 22 12 12 24 16 4 14 28 23 24 32 77 67 42 19 21 12 11 40 37 44 25 12 23 26 19 21 36 36 19 8 18 27 23 14 14 9 1 2 13 16 12 12 18 14 12 22 23 18 14 13
13 12 13 33 17 25 25 34 24 19 15 18 25 31 32 31 24 16 12 16 20 22 23 23 20 16 11 12 21 28 25 16 18 21 43 50 46 13 10 18 18 10 35 24 26 21 38 13 0 7 16 21 17 4 3 19 17 14 15 25 28 29 18 6 34 17 7 30 22 30 22 22 28 25 12 13 31 34 19 7 9 19 15 8 11 9 4 7 12 14 9 10 17 15 15 26 35 28 20 14
26 29 21 27 11 22 21 28 16 14 13 15 21 26 27 26 11 14 28 39 33 26 23 19 20 20 18 19 25 31 27 17 12 17 44 49 43 0 13 48 56 34 35 30 25 40 48 19 11 5 13 20 11 6 17 27 14 8 12 43 21 40 27 8 35 19 9 27 8 13 16 30 26 25 12 9 23 25 13 6 0 9 6 2 8 10 9 14 11 10 3 5 17 22 28 43 49 39 25 16
33 43 29 21 5 26 27 29 25 23 19 17 19 25 29 29 18 21 37 42 26 18 23 26 21 25 28 30 37 43 38 28 25 15 24 16 18 0 67 149 135 120 96 68 8 36 72 84 70 33 19 22 16 23 35 31 25 11 18 77 55 90 63 24 17 18 29 55 29 19 13 26 33 35 24 17 24 23 14 11 10 18 13 5 9 9 6 11 15 11 0 0 9 17 26 43 46 34 17 6
35 40 30 19 20 22 26 37 19 32 35 23 16 22 29 29 21 28 38 39 31 20 16 17 22 21 35 16 53 50 34 32 27 0 31 34 10 91 156 195 207 199 174 48 10 43 76 79 71 39 31 24 21 37 39 26 16 10 70 98 68 114 91 27 2 0 24 47 77 38 53 32 37 30 38 18 30 31 38 10 7 10 12 10 5 3 5 8 11 18 14 9 13 11 11 20 29 22 13 8
32 31 18 14 25 29 27 30 24 23 24 26 25 20 15 13 16 28 39 36 21 11 13 21 9 22 29 43 42 44 26 32 13 25 13 49 60 74 83 132 181 255 199 69 46 27 40 46 30 29 37 27 13 24 36 34 8 44 77 84 11 73 80 37 39 56 14 45 95 92 51 40 28 20 32 28 50 52 51 17 1 5 10 12 10 8 6 6 20 27 24 18 18 10 4 9 13 13 15 17
16 20 17 21 34 34 27 29 19 12 15 26 26 14 10 17 40 34 27 24 25 26 24 20 26 31 41 58 52 40 37 26 26 20 38 28 32 46 54 75 104 160 182 118 63 47 54 25 33 38 39 30 27 45 54 38 39 48 59 75 86 93 79 38 51 91 51 37 112 82 48 44 37 23 28 30 47 47 38 7 0 10 23 33 34 26 16 8 15 25 26 25 28 20 11 13 27 24 19 13
0 12 20 27 33 26 19 26 14 14 17 19 12 4 8 19 44 36 25 19 23 28 25 20 44 31 51 39 66 42 68 25 22 2 10 21 70 49 93 80 86 83 156 132 99 98 59 69 65 62 43 27 30 62 84 60 50 70 69 39 255 230 139 79 108 91 40 7 36 31 39 42 54 40 36 31 29 29 27 11 0 14 33 48 49 37 18 4 14 24 26 28 34 28 20 22 30 30 29 25
16 17 13 16 23 16 10 17 21 24 20 12 11 14 11 3 13 32 44 34 17 12 19 28 32 24 42 18 42 46 75 36 57 104 47 79 82 1 108 237 109 52 131 119 16 24 37 33 16 30 38 45 47 92 142 116 174 62 124 110 212 113 79 45 25 24 79 150 52 71 51 52 22 23 22 14 0 0 10 12 10 20 33 42 40 29 15 6 28 34 30 28 32 25 16 18 8 23 44 59
56 36 9 6 20 20 15 20 32 26 16 15 34 49 36 10 16 36 51 48 41 39 41 40 30 37 36 29 11 54 41 38 58 68 79 115 86 117 68 180 119 121 59 76 109 102 73 41 34 9 0 0 0 68 162 137 249 255 222 150 226 255 205 176 156 70 154 166 37 32 29 29 51 69 75 65 33 45 57 62 38 41 44 42 35 30 28 28 31 34 27 23 29 26 19 23 24 33 48 59
63 45 20 14 23 23 24 38 42 26 12 17 38 54 51 39 44 40 33 34 52 72 73 61 52 42 36 44 26 72 9 28 71 45 125 90 65 246 166 237 239 255 217 246 208 162 152 97 44 22 38 73 45 70 116 31 220 255 213 248 214 255 245 248 214 38 119 54 57 36 26 6 66 88 88 74 39 60 66 62 52 57 58 51 41 35 38 43 20 24 18 18 29 30 28 33 42 37 30 26
35 37 32 28 23 14 24 52 51 31 14 12 16 22 37 54 46 34 15 6 26 61 82 85 67 23 30 39 67 92 5 21 86 86 79 26 97 248 237 255 255 211 193 255 255 244 200 139 88 77 120 164 111 125 187 107 241 174 75 255 244 247 179 90 98 0 119 62 96 71 22 45 53 72 61 44 13 46 49 38 40 50 58 54 41 31 30 33 17 21 16 17 28 31 28 33 20 14 8 5
31 44 46 37 22 8 16 41 46 33 23 19 12 9 21 40 33 22 8 3 17 40 53 55 36 28 27 36 55 52 74 25 88 107 30 20 91 188 247 243 206 111 216 255 255 241 231 159 83 82 139 249 234 220 201 7 109 75 52 251 246 174 121 72 146 134 60 7 67 64 59 47 48 31 20 13 6 12 17 10 4 33 35 25 28 24 17 27 25 24 7 7 33 37 25 27 14 8 3 2
31 24 20 31 36 18 9 23 34 25 24 34 37 25 13 10 16 16 20 28 35 34 25 17 15 9 39 54 17 58 121 101 89 130 32 101 173 150 255 248 255 177 240 248 250 245 236 178 127 95 136 241 222 221 230 114 215 193 83 79 255 169 118 83 84 113 60 38 28 35 33 55 34 33 33 22 8 12 18 11 10 19 8 5 27 35 24 20 27 22 10 11 25 28 21 19 28 29 29 29
29 16 15 39 54 34 18 28 21 25 33 37 30 19 20 30 26 19 18 24 25 19 17 20 34 31 49 56 21 72 86 71 92 106 99 158 255 216 250 254 252 215 242 214 230 255 255 223 183 159 191 255 245 255 249 150 254 255 189 150 104 145 135 248 132 107 24 12 12 43 47 54 45 37 34 31 30 38 32 11 11 27 25 15 19 27 33 42 34 24 22 24 24 29 30 22 29 35 40 41
12 33 63 93 97 61 26 21 17 21 27 28 22 20 34 52 43 25 13 13 14 15 31 53 50 58 38 16 42 70 14 7 69 57 103 33 255 255 227 250 255 244 255 255 243 227 230 255 255 217 223 255 213 229 238 239 242 218 165 84 110 192 95 254 217 150 64 21 25 33 56 42 38 24 23 30 27 26 23 14 26 46 51 35 22 25 40 55 28 17 24 29 20 25 33 22 19 23 27 29
28 39 33 20 18 18 20 28 27 20 19 32 46 48 39 30 40 28 24 30 31 28 38 56 75 78 63 21 68 86 56 61 64 92 93 99 21 180 246 252 246 254 252 240 233 254 251 255 250 250 255 246 219 242 231 225 255 241 179 71 240 255 137 191 250 173 74 26 14 33 65 58 48 45 61 68 39 18 38 69 56 46 35 31 38 50 46 29 15 6 15 20 8 12 21 11 16 15 15 17
21 39 39 32 43 52 43 33 42 39 39 46 54 52 41 30 37 33 35 41 41 36 37 44 60 32 39 14 30 45 60 36 27 56 35 23 61 147 199 183 161 219 253 255 216 234 210 176 186 221 248 244 255 255 251 250 250 255 252 241 253 209 233 235 253 213 109 86 29 62 61 64 36 30 46 55 28 6 26 58 58 35 22 25 41 58 47 14 15 13 18 19 12 12 14 9 15 12 10 13
13 23 20 18 34 45 43 40 34 41 45 43 36 34 36 40 32 30 28 29 31 35 39 41 46 22 15 19 13 19 33 2 23 15 36 14 55 66 34 18 36 58 91 126 56 90 166 234 205 126 72 113 237 240 239 255 227 225 227 240 223 136 231 239 237 251 180 150 53 50 25 31 34 26 34 42 32 25 29 31 33 22 22 23 22 36 39 16 13 19 17 17 21 17 11 14 10 11 13 16
0 9 18 23 27 16 7 12 10 13 18 24 31 32 25 16 16 18 19 19 27 37 41 39 9 31 0 10 6 7 16 32 40 25 49 30 72 38 29 18 22 33 22 39 33 178 236 188 176 250 253 192 241 234 255 255 253 245 255 255 155 156 238 252 231 197 94 36 9 24 24 12 4 17 33 30 15 16 18 8 17 8 12 12 5 19 27 8 0 8 4 3 16 11 1 9 6 12 20 23
10 25 34 29 19 14 12 9 14 16 19 21 21 20 17 16 17 8 17 21 9 19 38 36 28 8 3 35 27 44 40 34 29 29 15 15 31 28 24 40 47 24 48 41 28 120 155 49 40 157 219 171 135 169 198 186 227 250 248 217 52 180 136 150 186 103 12 0 42 49 31 34 8 0 14 32 12 4 9 0 0 7 15 9 2 15 22 8 0 3 6 7 10 14 11 5 9 15 21 23
0 12 21 17 11 10 12 13 12 11 12 15 18 19 18 15 21 13 21 23 11 18 31 27 19 16 20 31 15 12 15 24 15 10 1 2 10 8 6 13 5 7 5 40 72 43 42 109 82 15 19 61 56 52 61 47 78 145 104 44 17 100 22 40 125 34 30 45 6 23 54 13 6 1 25 35 9 2 11 1 2 8 14 9 6 20 26 12 10 14 15 15 15 15 10 2 7 15 24 29
12 19 23 17 10 11 16 20 21 15 10 9 13 15 12 9 16 12 18 20 13 15 22 17 14 19 25 20 20 2 5 19 28 19 21 29 31 34 39 36 9 0 22 29 2 13 29 0 8 46 61 52 48 33 10 0 11 28 25 0 17 59 33 1 20 1 9 17 0 0 11 7 17 14 29 33 17 19 25 10 10 14 20 15 11 25 32 20 10 13 14 12 12 11 6 0 5 14 25 32
24 26 26 21 16 18 27 34 38 26 12 6 8 10 8 5 4 3 8 12 12 14 15 12 17 12 11 7 43 28 23 23 10 0 8 19 16 23 30 19 2 45 6 0 52 41 0 19 17 52 23 0 4 7 5 40 23 0 21 35 23 22 63 12 6 43 18 7 50 38 11 48 31 18 16 17 23 38 36 10 13 18 25 18 8 16 25 18 3 5 5 3 6 11 11 7 6 13 21 27
13 14 15 15 16 22 33 44 42 29 13 7 9 14 15 13 0 2 3 7 15 16 12 11 17 9 5 5 52 44 34 25 22 12 21 28 21 26 29 13 19 2 9 26 25 22 29 32 30 4 0 16 24 27 23 13 23 16 22 26 26 0 22 25 16 17 13 13 24 29 26 25 29 17 6 3 13 29 26 6 10 18 28 19 0 1 12 11 7 7 4 2 7 17 22 22 8 11 14 17
11 10 11 13 13 15 24 33 28 21 12 11 16 22 25 26 10 13 7 8 21 20 12 13 14 14 17 17 34 28 21 17 11 10 16 20 21 25 24 13 15 16 23 14 0 19 31 9 9 25 23 2 0 9 22 22 10 35 21 11 24 27 36 53 33 14 32 42 19 25 39 19 19 19 13 5 5 8 10 11 13 21 32 24 4 2 12 12 14 13 8 4 8 17 23 24 11 11 10 9
18 15 15 17 14 9 12 19 16 16 16 19 22 24 23 22 20 23 11 9 26 25 14 18 16 23 30 33 12 9 6 5 3 12 14 16 29 35 29 26 22 21 9 17 42 35 22 36 18 27 14 11 21 6 1 32 8 6 16 12 6 39 61 57 25 18 25 33 25 18 17 15 8 13 12 11 10 3 3 13 14 18 29 27 14 14 19 16 16 15 10 6 8 15 18 17 13 12 9 8
11 9 12 17 15 9 10 16 14 18 23 26 25 20 13 8 23 26 11 8 28 28 17 23 22 27 33 42 3 8 3 0 0 12 8 6 23 26 15 17 8 23 19 14 27 27 14 14 16 1 22 30 7 17 31 5 23 3 20 11 1 12 27 40 26 1 7 23 15 11 12 0 0 0 0 7 18 9 0 6 9 8 18 22 16 19 21 13 17 17 15 11 13 18 18 15 14 13 11 11
4 8 7 13 24 21 11 12 14 13 26 37 33 31 29 21 36 34 34 21 6 15 33 36 33 20 15 23 26 16 7 6 15 14 11 9 12 17 16 11 7 8 12 17 19 16 13 12 7 8 11 14 15 16 21 27 17 15 16 18 12 3 3 8 6 17 7 5 28 29 11 7 9 12 10 16 31 31 19 16 11 17 15 17 27 24 16 17 16 13 14 19 17 12 12 17 15 16 8 7
16 14 7 10 21 20 11 8 10 11 25 32 24 19 18 10 20 18 20 12 3 14 31 33 27 17 15 22 23 14 8 9 25 24 19 13 11 13 12 8 8 10 13 15 13 10 8 8 12 12 13 14 16 20 26 31 16 15 18 22 20 11 5 6 17 24 11 2 14 17 9 12 6 8 5 16 39 45 35 31 20 24 19 20 30 26 15 14 13 11 13 18 18 14 15 19 18 19 10 7
31 22 12 11 18 20 14 6 11 9 14 12 2 4 13 13 10 7 11 11 9 21 36 35 20 14 14 20 19 11 8 12 34 35 30 20 13 11 9 6 10 14 16 15 12 11 12 13 16 15 14 13 15 20 26 29 16 13 14 19 21 19 17 17 24 29 18 5 8 8 7 13 14 11 3 9 30 34 21 15 13 15 11 13 26 24 12 10 8 7 9 13 14 12 11 13 21 22 11 4
32 23 18 14 13 17 17 7 7 5 11 12 6 13 21 17 9 4 9 14 15 26 35 32 15 14 16 18 14 7 7 12 31 36 36 28 20 16 14 11 13 19 21 18 15 16 20 22 15 17 16 13 13 17 19 19 13 11 10 10 13 20 30 38 28 30 25 19 17 14 13 15 20 17 6 5 16 13 0 0 2 4 0 6 21 23 13 11 10 9 10 12 13 12 11 10 22 25 13 3
22 19 25 22 10 16 22 13 3 7 20 27 26 30 28 13 9 2 7 14 13 19 24 19 15 16 18 17 11 6 7 11 21 29 34 32 27 24 21 17 14 20 20 15 13 16 19 18 15 22 25 19 15 15 14 10 9 12 13 10 10 18 31 41 28 22 21 21 19 20 21 20 15 18 13 10 15 12 5 9 9 11 5 8 22 23 14 14 14 13 12 13 16 18 17 14 24 29 18 5
19 19 33 32 15 24 37 25 18 17 20 17 13 24 31 21 14 6 11 17 14 14 18 13 16 18 18 16 11 8 9 11 12 21 28 29 28 27 23 18 11 16 15 8 8 13 13 8 18 31 37 28 19 16 15 12 9 16 20 18 16 19 23 25 19 6 5 8 3 7 17 16 10 18 17 14 17 13 10 17 20 22 13 9 16 14 7 10 12 11 9 7 12 18 19 15 23 31 22 8
17 14 30 30 14 28 44 27 29 28 26 11 0 15 35 36 19 11 17 24 18 15 19 17 17 18 17 15 13 13 14 14 13 17 20 20 21 22 18 11 8 12 10 6 11 21 19 9 19 36 44 33 19 18 20 20 17 20 20 18 21 24 20 12 10 0 6 10 0 0 11 11 12 18 14 11 14 8 1 6 17 20 11 5 8 6 4 11 19 17 10 5 8 15 16 11 15 27 20 5
8 0 14 16 2 20 38 17 21 34 47 37 19 25 39 39 19 11 18 26 18 15 19 20 16 17 16 14 15 17 18 17 18 18 15 12 13 15 11 4 5 9 9 9 20 33 32 20 18 37 46 32 17 17 24 27 28 22 14 11 20 29 24 12 10 5 24 32 11 4 14 13 11 15 9 7 14 9 0 0 8 13 7 2 7 8 11 23 36 32 21 12 12 18 17 10 6 20 14 0
10 7 11 13 14 22 20 3 15 38 52 39 21 18 29 38 20 7 5 15 21 16 14 19 16 17 19 17 16 16 20 24 23 18 13 12 14 13 8 3 6 7 12 11 11 25 30 16 19 30 36 28 19 17 23 28 27 25 18 11 11 15 17 15 23 28 52 58 34 24 21 4 8 6 11 19 22 15 5 0 11 15 16 11 5 7 18 29 33 32 27 14 7 20 23 5 7 7 7 7
13 13 22 30 30 32 23 2 6 21 29 22 15 19 26 29 18 8 4 9 16 18 16 16 15 18 19 17 14 14 19 24 22 17 13 12 14 14 10 6 5 5 8 4 0 9 11 0 12 21 27 22 15 15 18 21 20 21 18 12 10 14 16 14 27 34 58 65 44 32 26 10 4 2 7 19 29 28 22 18 22 25 25 19 9 4 7 13 26 25 22 10 3 16 23 8 3 3 3 4
19 14 17 18 14 18 18 6 15 18 15 8 8 14 12 4 18 15 11 8 13 20 19 14 13 18 20 17 11 10 17 24 22 18 13 12 13 14 11 9 12 12 16 13 8 14 14 0 9 16 21 18 15 16 17 16 11 16 18 13 10 12 13 13 15 20 37 43 28 20 19 12 13 6 4 14 23 22 15 9 15 21 25 23 17 11 11 13 25 26 26 15 8 20 29 19 3 3 3 4
16 14 18 16 5 6 11 7 26 22 13 4 7 12 6 0 16 26 27 16 13 20 21 15 13 17 20 15 9 8 15 23 24 20 15 12 12 12 11 10 10 10 19 21 18 25 27 16 7 12 15 14 14 14 12 8 4 12 17 14 9 9 11 12 3 4 10 12 6 6 14 20 23 11 3 8 15 13 4 0 6 12 18 21 20 18 17 17 22 25 30 23 14 23 31 22 7 7 8 9
8 17 37 43 26 14 11 6 16 16 10 5 10 19 16 6 11 31 39 23 11 14 17 14 13 16 18 14 8 9 16 23 26 22 16 11 9 9 9 9 0 0 9 14 11 16 20 12 3 7 9 8 8 9 5 0 4 12 17 13 8 8 10 10 7 7 6 7 8 7 15 29 18 6 0 7 18 21 17 12 10 13 16 18 17 15 12 11 11 15 23 20 11 15 20 10 11 11 12 13
10 15 33 40 24 13 12 10 10 13 11 7 12 21 20 12 6 27 36 22 6 6 12 13 15 15 14 12 10 12 18 24 25 21 15 9 6 7 9 11 5 3 11 14 7 8 12 6 6 11 13 11 11 12 11 7 10 15 16 11 7 8 10 9 7 11 9 12 16 7 4 19 12 2 0 7 18 23 22 21 9 10 12 14 16 15 12 9 7 8 15 15 7 10 12 2 10 10 10 11
16 8 14 20 13 9 12 9 13 16 14 10 13 20 16 7 6 18 23 14 3 3 10 15 17 14 11 10 12 16 21 24 21 17 12 7 5 6 11 14 15 11 17 20 12 12 17 14 11 17 21 19 18 21 23 22 19 20 16 9 6 9 10 8 5 10 6 8 14 0 0 9 14 6 2 7 13 14 13 13 3 4 8 14 19 19 14 9 9 5 9 10 6 10 13 4 8 8 8 8
15 4 12 26 27 22 13 0 12 14 12 10 16 24 20 8 10 13 13 8 3 6 13 19 18 13 9 9 14 19 23 24 17 14 9 5 4 7 13 18 10 6 13 18 11 13 21 20 9 17 21 19 19 23 28 29 26 23 16 7 6 10 11 8 11 15 5 5 14 2 0 18 16 10 6 9 13 12 11 11 7 8 11 17 21 19 10 2 9 1 2 3 1 9 13 5 7 7 7 7
21 17 18 24 25 16 10 9 14 11 11 15 16 14 15 18 17 6 1 7 11 10 16 28 24 18 13 13 18 22 22 21 18 13 6 4 6 10 14 16 14 11 11 19 26 26 23 21 13 8 7 16 26 27 18 10 12 15 18 16 9 2 2 7 5 0 2 9 10 5 7 15 18 14 11 10 5 1 5 14 5 13 16 22 28 16 2 3 8 10 0 0 15 22 12 5 12 13 11 5
24 21 23 27 24 14 7 6 14 13 14 16 15 14 18 24 21 8 2 8 13 11 14 21 23 20 18 20 24 26 23 19 18 16 12 10 10 11 14 15 11 11 12 16 24 30 29 25 7 3 4 11 13 7 3 3 0 1 5 9 8 6 7 10 11 7 8 12 11 6 10 21 22 15 11 11 9 5 5 9 7 14 18 24 31 19 6 8 16 21 11 3 12 17 15 16 10 14 14 12
19 21 25 28 24 14 8 6 12 11 12 14 14 13 18 26 28 15 8 12 15 11 10 13 15 15 16 20 24 23 18 12 10 12 13 14 14 14 16 18 0 3 3 3 10 20 21 15 5 1 5 12 8 0 0 11 11 6 6 12 16 13 11 11 16 13 13 16 11 3 8 19 15 7 3 8 16 19 18 17 6 13 15 23 30 21 8 10 23 30 23 11 9 8 9 17 5 10 13 12
12 17 24 28 26 20 15 14 13 10 10 15 18 17 19 22 27 21 16 16 14 8 7 10 9 10 12 17 20 21 17 14 12 15 17 16 13 10 9 10 1 6 5 0 4 17 19 12 7 1 4 14 13 3 8 24 26 17 15 23 28 24 19 18 17 17 22 25 18 6 6 14 12 4 0 8 21 28 25 19 3 8 9 17 27 19 7 9 21 32 31 23 19 9 2 6 8 12 12 10
6 12 19 23 24 23 19 16 15 8 7 15 22 21 16 13 14 14 15 14 9 5 8 14 12 11 11 14 18 22 24 25 27 26 24 18 12 6 3 1 14 18 17 12 16 26 30 26 11 1 0 10 14 9 13 23 18 9 9 21 27 23 20 23 13 15 25 34 29 15 10 14 22 14 7 10 19 25 19 10 2 6 6 14 25 19 8 9 17 31 39 43 44 28 9 6 19 20 16 9
0 4 9 13 17 20 17 11 11 4 2 9 14 12 6 3 1 4 7 7 6 7 13 19 12 9 7 6 10 16 24 29 29 24 19 16 16 17 18 18 16 15 15 16 18 22 26 28 20 12 7 11 15 16 15 16 8 1 3 13 13 4 3 11 8 8 16 27 26 15 10 13 20 17 11 10 16 22 20 13 7 9 7 14 27 22 11 12 14 28 40 53 60 43 20 15 21 20 14 6
4 7 10 14 25 34 32 24 15 11 9 10 8 4 4 7 6 5 3 4 9 15 17 17 12 9 4 1 3 10 19 26 24 16 8 8 18 29 35 37 17 10 9 14 12 6 7 15 26 24 18 14 16 20 18 12 8 5 10 17 9 0 0 11 21 12 10 15 16 10 8 12 14 16 14 10 12 20 23 21 10 11 8 15 28 23 13 14 11 21 29 39 44 29 13 14 14 14 11 4
19 21 23 30 46 60 59 50 28 28 27 22 13 8 14 25 21 13 5 6 14 22 19 12 17 14 8 4 5 11 19 26 31 18 5 3 14 27 35 37 30 18 15 21 15 0 0 9 21 26 23 12 12 19 18 9 7 8 18 27 19 5 13 33 46 29 16 14 13 10 10 16 19 23 21 12 7 12 17 17 11 11 8 14 27 23 12 13 7 13 15 17 17 3 0 3 11 13 13 9
30 24 24 28 39 57 57 35 16 33 39 26 14 17 26 29 28 24 17 10 6 7 13 18 17 15 15 16 18 19 19 18 13 18 22 18 11 10 18 27 35 28 19 12 9 8 8 8 28 21 12 6 4 6 8 10 10 10 20 35 38 32 33 42 57 35 18 20 24 18 13 13 12 21 23 13 5 10 20 26 20 12 10 18 24 19 6 0 0 7 16 13 4 0 1 4 9 10 9 7
23 27 24 8 2 22 26 4 9 21 25 17 12 16 19 16 13 13 11 9 7 7 10 13 17 19 21 24 25 21 15 10 11 18 24 22 13 5 2 3 30 26 20 14 11 11 13 15 18 14 9 7 7 7 6 3 4 10 25 38 35 24 23 31 39 23 14 20 25 19 11 9 15 19 18 11 7 10 15 15 16 13 12 14 12 7 5 7 7 5 5 11 19 22 17 10 6 6 6 5
22 26 21 1 2 31 37 9 10 16 18 15 15 20 18 10 8 10 13 15 15 15 16 18 16 16 17 18 18 16 11 7 7 12 17 20 17 13 9 7 19 19 17 12 8 9 14 19 6 4 6 11 18 19 14 8 0 3 18 27 21 9 11 20 13 11 22 40 48 36 19 10 15 16 15 12 12 15 14 10 11 14 18 17 8 0 3 11 12 18 24 25 20 16 17 20 8 6 4 4
27 18 11 12 32 62 60 29 14 17 17 14 14 18 16 11 13 15 16 16 17 19 23 26 21 15 8 4 6 10 14 17 15 13 12 14 18 22 25 27 10 12 13 9 5 4 10 16 12 11 13 19 26 25 17 9 0 0 9 15 12 7 11 20 10 12 23 38 43 32 18 10 7 9 11 12 13 13 12 10 8 11 19 23 19 9 5 6 12 22 31 29 16 5 7 16 17 9 3 2
27 9 8 24 39 48 39 18 11 15 15 9 4 5 9 12 19 16 11 7 6 11 19 26 28 21 11 5 6 12 18 22 26 21 15 12 14 18 22 23 11 14 16 12 7 6 10 15 25 22 20 21 21 17 7 0 5 7 12 19 21 18 16 17 18 14 10 9 8 6 7 10 2 5 9 10 7 4 5 8 8 4 6 16 25 23 15 10 20 14 13 20 22 16 9 5 28 16 5 3
17 8 18 33 27 15 12 9 10 15 16 9 1 0 9 17 25 19 11 3 1 6 15 23 25 21 17 15 13 12 11 9 14 13 13 13 14 13 12 10 18 20 20 17 13 11 13 15 15 14 14 14 13 10 5 2 7 10 16 23 26 22 13 5 4 6 9 10 10 12 17 22 14 14 16 15 9 3 4 10 9 0 0 4 19 27 27 24 35 28 26 27 21 11 10 16 39 25 16 17
10 10 22 28 14 6 8 8 10 15 18 15 8 7 15 23 25 22 16 9 6 7 13 18 19 19 20 20 19 14 7 2 2 5 10 13 14 12 10 9 16 16 15 14 13 11 10 10 3 7 11 12 11 9 9 10 5 9 14 17 17 15 12 8 0 9 18 21 21 24 30 35 26 20 15 15 12 7 8 12 8 2 0 6 15 22 27 33 41 37 34 25 6 0 6 27 34 22 18 28
10 9 13 10 3 7 9 0 7 10 14 16 13 12 17 23 19 19 16 12 9 7 9 11 21 21 22 24 24 20 15 10 9 11 14 13 11 9 9 10 9 7 6 6 7 6 3 1 11 16 20 19 12 7 5 6 10 12 12 8 7 12 20 26 26 25 18 5 0 7 25 38 25 13 4 6 8 7 7 9 7 10 16 20 18 15 21 31 38 18 2 0 0 0 5 19 15 6 8 25
28 12 2 8 12 7 6 10 17 11 11 11 10 21 28 20 14 12 14 18 16 9 3 2 12 17 20 18 15 17 25 33 23 22 20 13 6 2 1 3 2 11 18 17 11 12 22 32 37 33 27 20 14 11 9 9 16 10 3 3 9 18 24 27 30 25 17 8 5 11 26 37 31 19 7 4 5 4 4 5 14 22 32 35 25 11 7 10 4 11 7 3 9 13 20 36 16 3 9 22
33 19 11 15 17 13 13 19 18 12 12 11 9 20 27 19 9 8 11 17 17 12 7 7 8 10 13 13 12 16 23 30 28 28 26 20 11 5 2 2 17 24 31 33 32 36 46 55 51 41 27 14 6 6 10 14 14 12 11 14 18 20 17 15 14 14 15 16 20 27 36 42 34 22 12 11 12 11 10 11 14 19 27 31 23 10 3 4 12 21 20 18 24 25 29 41 19 6 9 20
27 18 13 14 13 9 11 19 20 14 14 12 9 18 25 18 4 3 7 15 19 16 13 13 7 7 6 7 9 12 16 19 29 30 30 27 20 14 9 7 14 18 24 27 29 35 43 49 49 39 24 11 4 5 10 15 13 12 13 17 21 22 19 15 21 17 14 16 23 30 33 34 27 17 9 9 11 10 8 7 9 11 17 24 22 13 4 2 8 18 19 19 25 24 22 31 23 8 9 17
19 14 11 10 6 3 8 16 21 16 16 13 8 16 23 16 2 0 4 13 19 18 16 15 11 8 4 4 6 8 8 6 21 24 28 31 29 24 19 16 4 5 7 9 12 16 21 24 28 25 19 13 10 8 9 10 16 12 8 9 17 25 30 32 37 24 9 4 11 21 27 28 17 8 2 4 7 6 3 2 1 1 7 18 24 19 10 5 0 7 8 9 15 12 9 15 24 8 7 14
