39 48 10 42 41 50 36 54 67 87 81 64 43 98 86 25 29 107 121 39 52 82 41 54 0 61 74 71 24 46 57 34 18 8 53 104 24 94 65 26 58 70 36 7 69 72 83 99 89 74 96 58 53 27 59 52 52 73 83 86 28 69 72 27 17 50 55 23 56 45 84 98 38 41 68 59 27 34 47 61 82 99 64 56 35 30 9 6 58 70 78 89 60 55 63 92 97 77 97 125
77 89 62 89 69 74 58 62 56 52 39 25 36 43 48 47 33 57 78 53 34 28 21 100 67 39 21 56 57 28 22 56 17 49 92 104 42 128 95 43 66 73 37 21 44 45 43 63 87 52 85 53 72 21 55 80 55 87 92 103 39 74 76 48 46 59 82 90 79 18 35 58 24 22 58 62 52 34 28 37 45 45 43 47 25 43 37 32 42 33 0 9 13 48 41 66 94 101 109 101
90 93 67 83 42 56 54 43 43 45 40 19 35 0 3 41 17 15 29 32 5 38 46 97 125 32 39 57 35 21 47 43 24 82 109 82 54 137 90 30 80 64 21 43 46 67 40 52 56 57 143 139 129 12 27 51 56 83 54 59 63 42 31 57 60 51 80 114 99 20 32 63 16 55 103 69 74 59 42 20 8 0 33 40 9 27 15 7 27 34 42 58 36 34 29 35 75 130 141 118
76 69 45 60 14 43 50 23 36 57 69 54 54 27 25 37 8 23 53 77 43 89 52 14 84 52 111 77 23 12 60 41 0 45 72 48 49 85 35 10 62 44 18 71 56 102 75 97 83 83 132 161 124 27 62 27 27 93 49 29 117 58 10 28 27 13 30 52 93 28 57 100 55 77 93 33 73 90 101 88 61 18 33 39 57 79 25 3 59 42 23 44 122 93 33 9 47 135 162 165
59 44 23 48 12 54 61 22 3 26 46 48 17 35 48 48 32 24 46 92 63 108 95 73 59 44 45 26 88 64 53 46 30 20 57 76 107 72 18 30 85 81 70 90 23 49 26 62 184 134 59 85 30 42 158 77 47 114 32 0 52 76 65 59 26 23 40 42 121 31 65 130 59 40 57 45 93 60 36 29 34 40 63 41 53 52 23 69 47 72 31 96 232 199 65 54 0 71 80 111
82 52 12 35 13 68 84 54 47 73 95 86 10 28 76 113 135 92 47 42 14 57 73 71 62 84 93 61 78 66 155 216 144 47 72 127 191 111 41 41 32 31 40 46 17 56 41 63 186 224 206 254 127 110 198 82 26 60 16 90 32 78 72 49 55 67 102 106 153 25 44 119 95 75 79 43 40 5 1 16 43 37 30 22 80 64 10 28 35 82 68 113 84 104 73 122 32 59 27 61
117 81 29 48 32 83 99 78 76 105 116 84 31 26 53 79 76 86 69 53 43 62 62 46 67 66 69 49 10 31 210 255 174 49 82 127 185 107 76 78 41 24 31 12 39 83 52 33 125 204 238 255 119 73 138 72 48 49 8 116 36 56 61 52 35 57 100 118 109 14 32 82 59 83 122 97 69 58 57 60 69 66 63 60 96 59 27 32 21 67 86 92 18 51 66 80 36 45 5 51
105 81 40 68 51 82 75 50 73 92 80 46 82 75 39 0 0 66 109 114 98 64 60 73 62 53 28 44 22 11 175 251 110 29 106 120 136 79 131 180 76 60 68 19 61 92 53 15 57 89 116 141 84 60 90 48 29 69 22 61 48 45 36 0 1 26 63 89 48 30 62 75 45 39 79 104 93 88 75 73 72 51 42 41 60 31 42 42 0 73 55 0 62 77 72 86 3 27 12 86
89 63 45 38 52 70 57 42 32 38 54 1 61 83 78 31 31 82 113 106 59 60 52 72 60 64 88 102 81 36 119 171 71 90 148 94 90 79 182 222 121 77 62 32 58 32 47 39 56 20 47 79 65 76 83 38 49 77 36 25 43 62 38 32 18 24 58 56 19 41 87 87 75 38 38 26 117 107 83 65 50 33 28 48 39 17 40 48 26 79 93 3 52 91 84 123 69 36 23 55
93 49 11 25 39 79 86 39 22 63 55 24 10 37 57 70 40 36 60 71 17 32 52 55 47 56 86 103 58 37 105 110 51 96 119 33 33 50 118 123 54 47 62 31 35 9 45 62 48 19 13 36 61 74 60 32 53 108 111 75 26 53 63 46 43 49 47 55 68 50 28 33 56 84 89 103 89 98 67 65 41 39 48 72 29 32 39 38 69 78 128 110 51 82 86 126 53 51 43 66
66 87 26 14 38 85 77 40 23 50 104 152 35 48 64 55 46 34 4 4 20 51 38 14 27 49 70 78 6 32 114 105 62 57 46 18 39 36 47 47 33 28 41 17 27 10 35 39 17 26 13 12 36 36 31 52 71 77 102 98 26 38 59 46 55 56 57 48 56 91 84 32 50 95 109 138 52 41 26 38 19 27 61 92 22 43 28 8 80 37 103 159 105 90 38 43 28 69 65 56
35 73 79 46 1 85 114 60 49 94 173 197 86 74 72 111 92 58 21 38 71 89 71 31 34 81 84 81 2 51 139 160 100 29 14 74 115 100 69 49 47 29 25 10 32 25 28 12 0 23 22 8 4 0 11 55 54 25 44 64 20 35 45 42 44 61 71 44 48 130 170 120 46 26 45 96 76 55 75 78 64 55 95 123 56 68 44 14 72 20 50 84 120 85 30 73 45 51 41 55
72 127 121 50 20 57 35 39 78 41 167 164 79 107 98 29 68 0 13 57 21 29 82 34 36 101 84 87 28 56 107 146 107 42 46 113 142 162 133 66 37 29 29 20 30 25 32 29 19 14 16 14 1 1 16 25 18 27 38 27 7 47 49 57 131 158 117 56 60 82 90 105 103 42 28 46 56 37 41 21 89 46 53 64 31 24 25 12 10 4 25 40 77 58 25 118 75 26 23 85
73 57 88 79 47 55 61 38 109 74 111 52 53 109 82 27 37 36 37 22 4 40 107 55 34 86 51 63 33 41 55 84 72 36 53 86 84 106 104 53 32 24 24 26 30 24 29 36 48 24 34 42 22 27 40 24 32 36 38 26 22 53 38 69 139 152 105 39 36 70 84 83 88 102 94 78 47 73 61 85 107 61 20 28 35 23 61 88 65 47 66 128 116 120 36 77 45 60 77 95
57 70 53 46 61 32 84 92 114 100 130 140 59 74 80 63 29 117 70 0 33 64 86 49 46 76 47 63 35 37 47 48 40 29 36 36 27 15 28 37 37 17 10 26 33 23 17 23 39 31 48 54 31 28 41 36 49 23 26 30 28 46 17 45 110 112 88 35 20 66 78 31 31 101 108 73 31 84 51 123 91 94 23 50 74 59 102 159 151 71 59 137 122 124 21 31 27 110 109 62
46 76 33 6 6 1 171 183 156 123 56 151 77 53 44 90 46 124 91 34 50 24 38 29 40 64 63 80 33 26 39 12 32 58 49 9 17 0 5 36 25 9 9 31 30 15 10 25 11 15 25 30 23 16 18 22 24 19 40 22 0 38 14 9 56 84 66 52 76 64 24 18 30 70 68 34 51 104 37 109 71 129 49 98 113 89 110 175 142 61 63 117 124 83 12 66 71 120 67 32
69 1 57 19 86 65 151 120 61 47 16 141 74 45 27 110 51 83 70 66 43 20 0 35 58 68 42 26 40 55 57 36 64 93 84 38 50 23 20 39 46 10 0 20 33 19 14 28 13 6 9 20 22 12 5 7 0 17 31 35 38 39 26 9 28 82 97 133 147 89 42 26 47 70 28 52 38 73 76 78 82 95 77 91 96 56 37 44 50 60 81 147 111 103 55 110 120 121 83 35
14 39 52 26 192 128 53 50 11 33 35 62 135 46 42 103 82 65 64 92 58 45 32 71 103 74 65 15 32 53 59 51 68 89 92 62 70 41 27 28 35 14 3 16 30 30 23 19 31 19 13 19 20 13 9 11 18 28 34 35 38 42 34 20 27 55 96 176 134 61 31 45 66 45 39 10 51 78 77 90 88 70 11 45 39 17 16 25 52 45 52 69 71 144 92 96 54 100 87 26
0 70 79 2 85 88 47 103 84 84 26 1 100 68 55 80 124 63 30 68 54 62 41 106 152 86 106 67 97 110 89 64 47 48 56 54 67 56 46 32 9 26 36 31 26 33 42 46 45 30 18 18 19 17 18 23 28 30 27 23 28 35 32 23 45 48 64 119 67 68 60 40 36 12 44 39 64 137 92 114 51 106 16 46 57 16 26 115 98 17 11 50 58 111 48 60 33 66 61 44
76 36 4 72 70 111 0 38 0 49 99 89 43 13 12 3 104 65 15 24 14 25 0 81 114 90 159 180 181 160 124 98 52 24 25 46 62 56 28 0 7 31 46 35 23 27 40 48 35 25 16 13 12 13 22 31 30 26 19 14 20 29 30 24 58 48 34 37 25 73 82 45 2 49 32 10 101 173 68 137 11 95 25 72 119 56 51 109 101 45 28 138 37 42 0 77 37 53 36 30
54 40 72 2 107 98 60 63 39 20 113 102 123 99 108 0 84 76 66 63 18 29 19 67 123 101 116 171 160 150 116 79 41 39 60 65 22 5 19 31 32 24 17 18 23 24 18 12 17 16 16 12 7 7 17 29 31 28 23 21 26 33 34 31 44 31 36 37 63 48 56 78 81 72 87 7 29 78 115 130 99 127 105 121 105 40 90 73 77 21 44 54 108 56 118 89 20 71 56 24
101 99 89 64 106 90 22 61 34 30 133 124 174 149 126 4 69 26 28 52 22 50 72 45 55 65 60 117 109 123 80 25 16 37 80 103 48 13 12 29 33 18 12 20 27 23 17 17 15 21 24 22 15 12 18 25 27 26 26 27 30 32 33 32 28 22 38 37 96 56 48 89 96 101 130 105 101 101 88 35 32 76 100 101 80 14 81 73 28 61 32 25 10 19 93 65 9 49 34 32
89 99 94 34 61 70 63 64 40 59 116 108 100 137 116 45 105 43 0 41 89 90 104 69 40 82 72 27 2 75 99 101 120 63 17 35 31 34 16 13 15 18 25 29 26 20 23 31 18 22 26 26 23 21 20 19 17 19 22 24 22 20 20 22 21 22 23 11 89 104 81 86 87 94 156 157 54 54 80 80 108 118 71 38 43 0 37 73 42 55 26 36 63 71 117 90 72 80 49 69
83 62 40 11 83 43 32 49 39 32 73 44 13 106 144 88 124 104 18 53 158 88 69 89 110 143 133 29 27 107 73 23 58 46 40 70 47 24 0 12 13 15 16 17 19 18 11 2 12 13 14 17 21 22 16 8 11 14 19 20 15 10 11 15 16 12 12 17 83 131 106 101 88 54 69 49 107 70 37 50 76 100 123 136 88 24 31 50 42 40 30 45 82 61 56 27 58 94 61 50
64 42 48 63 56 30 17 37 17 54 23 38 26 93 107 59 80 69 14 97 136 27 30 83 115 131 112 35 40 109 83 28 68 53 39 78 33 21 0 22 19 8 3 9 15 14 10 9 12 7 8 14 18 14 9 6 2 9 13 14 22 32 35 31 39 27 32 36 52 141 87 80 77 43 37 38 55 55 34 57 64 54 95 139 148 74 99 61 1 22 39 102 88 67 42 1 56 59 33 66
34 34 64 110 56 22 74 56 40 93 61 39 0 18 46 45 26 59 14 42 55 12 26 65 94 84 56 51 2 99 108 84 119 80 33 18 19 24 18 16 17 9 5 11 17 18 17 19 19 19 21 23 18 9 4 6 9 10 11 14 22 29 28 24 22 23 32 25 31 112 62 54 98 59 73 61 19 24 51 77 59 19 28 86 85 92 138 88 27 22 56 182 127 120 140 68 21 39 32 66
29 58 36 108 107 53 95 59 79 112 74 66 50 19 42 89 27 117 67 35 49 63 41 70 82 95 70 67 88 94 60 18 32 74 102 55 51 15 17 12 15 12 13 18 21 18 14 14 19 18 18 14 7 5 15 27 21 15 14 20 26 26 24 22 30 23 27 27 44 111 42 8 88 91 96 91 81 40 11 45 46 36 56 84 74 58 126 136 69 53 90 153 124 44 124 66 0 12 18 38
34 73 46 121 126 49 80 65 58 93 46 38 62 24 23 54 10 89 82 53 23 58 32 42 122 141 87 53 115 97 71 29 10 60 84 40 60 33 26 13 13 15 19 22 20 13 5 1 6 8 11 12 8 7 15 26 27 22 23 29 30 26 25 29 39 19 18 27 52 102 45 18 105 90 47 45 71 32 19 99 148 121 106 94 161 78 103 141 131 117 24 0 86 6 35 63 23 40 43 38
83 49 54 135 102 28 37 0 44 100 49 16 45 31 12 0 18 35 77 91 12 42 51 59 123 106 39 30 6 35 58 46 46 59 34 5 27 31 19 17 13 15 16 16 15 14 12 9 3 6 15 24 22 11 0 0 23 25 29 32 30 26 29 35 26 9 13 19 28 60 48 63 40 23 61 134 132 80 100 168 179 130 85 52 116 53 65 95 127 113 107 116 56 51 52 41 26 31 33 16
68 29 47 137 148 99 83 58 66 81 32 49 83 72 52 42 34 39 35 58 47 44 29 76 116 83 50 45 40 16 22 29 29 50 38 33 19 17 4 20 13 12 9 8 14 24 30 31 18 13 13 18 21 14 6 1 14 22 27 26 25 28 32 33 20 9 19 25 29 40 32 46 59 47 76 151 135 37 24 82 99 86 79 59 13 33 74 83 100 106 110 107 77 85 47 33 39 37 56 43
37 63 75 112 95 27 30 59 75 64 31 90 91 70 60 64 58 80 58 70 92 66 43 85 62 37 50 23 73 17 9 21 37 33 19 25 22 29 16 14 11 12 11 13 23 33 34 29 22 14 10 14 19 20 19 20 10 19 21 16 21 34 34 24 21 23 33 32 40 46 31 20 42 46 64 153 180 74 16 43 19 16 37 49 0 52 71 34 26 61 123 119 99 73 83 57 41 39 76 72
50 59 72 102 46 4 57 50 102 144 131 142 64 49 47 31 50 61 121 140 68 50 97 72 17 9 66 67 29 28 22 11 28 20 19 18 14 18 18 7 8 14 20 25 34 36 24 9 8 11 20 32 35 26 14 8 11 20 17 10 21 41 37 17 11 34 47 23 21 40 51 48 40 20 72 184 183 98 53 16 7 11 43 52 44 71 70 37 12 48 40 70 53 51 56 36 37 33 80 79
54 32 21 53 27 34 44 39 84 173 140 111 41 32 40 43 48 51 72 84 73 65 100 57 29 105 127 74 13 59 66 23 10 21 26 2 18 14 21 12 13 11 14 24 31 27 12 1 2 22 29 30 23 19 22 15 15 25 23 36 16 47 37 8 14 34 46 42 33 39 41 35 50 57 64 115 124 53 32 40 29 48 74 86 43 45 56 91 57 26 5 6 27 41 46 40 48 21 59 87
72 42 14 36 32 27 52 0 47 142 113 89 24 50 74 82 68 43 53 48 124 95 69 38 86 162 168 96 18 83 90 31 9 28 37 14 8 14 23 12 16 23 28 22 7 1 13 30 26 22 11 12 15 15 15 7 8 9 37 27 38 43 48 31 27 41 41 54 56 50 26 25 112 90 78 85 46 25 35 61 66 79 88 77 89 56 20 65 66 48 64 79 58 41 49 51 39 32 44 41
70 92 51 39 59 44 88 38 71 152 122 107 30 61 73 75 90 56 70 60 114 90 49 56 107 121 142 164 85 87 80 72 45 8 2 31 21 11 7 11 11 12 17 24 25 20 19 22 42 31 19 14 18 25 28 28 37 17 18 50 34 54 38 83 62 66 45 37 102 66 33 48 91 110 82 61 48 59 57 103 82 58 79 60 67 52 48 49 57 70 103 107 58 38 46 50 26 35 30 3
62 137 95 43 59 39 49 41 53 98 85 117 50 67 55 53 39 32 58 89 61 72 53 60 62 26 78 204 140 74 41 76 73 10 0 45 26 17 11 20 21 13 16 35 48 42 25 13 15 27 35 16 6 17 20 24 7 0 36 26 38 49 68 114 108 70 32 60 75 103 87 79 83 66 78 96 45 28 58 59 53 41 41 28 11 23 73 48 61 78 62 50 52 72 46 17 26 26 33 23
52 102 98 57 37 59 45 43 36 31 37 118 74 71 45 44 95 87 48 58 44 76 90 76 46 32 74 165 128 100 69 70 62 46 39 43 5 25 36 31 40 41 44 43 30 16 22 38 0 31 58 30 17 35 22 11 40 60 23 54 29 140 82 63 152 75 32 110 10 113 102 45 92 80 27 28 46 23 76 110 20 63 15 38 34 17 53 50 11 90 83 56 41 43 25 62 57 29 57 80
47 41 84 76 16 84 118 120 65 22 35 109 74 61 41 32 97 112 45 0 56 58 82 71 60 56 59 78 81 113 115 98 64 49 37 28 5 19 28 22 34 40 48 44 21 4 18 45 10 32 65 47 55 83 52 27 28 9 0 8 21 74 70 28 63 25 21 55 69 123 137 104 62 65 52 56 97 197 241 133 15 48 35 115 90 48 73 55 20 70 54 76 86 66 16 59 45 2 34 66
41 20 54 62 29 66 112 117 52 10 35 68 39 46 54 31 12 78 102 63 129 106 106 100 65 33 12 19 60 78 92 98 84 49 28 22 29 17 15 14 24 25 36 47 40 23 21 32 14 11 40 36 58 88 52 37 62 61 46 78 12 20 45 27 164 128 113 37 107 36 41 29 83 130 98 39 75 255 251 168 18 31 86 140 81 50 82 49 11 44 54 103 83 59 23 66 67 47 74 95
12 14 10 38 96 72 65 57 43 18 52 45 14 40 69 31 5 61 140 124 122 125 118 120 89 42 22 33 89 65 59 69 84 83 71 31 39 30 34 23 37 36 45 56 49 30 27 38 30 10 33 31 47 67 35 39 59 48 52 76 119 144 170 26 161 93 94 76 85 66 109 101 50 90 133 103 19 154 106 100 13 65 128 82 35 12 25 30 14 27 46 98 61 64 47 60 73 90 117 130
40 16 62 97 147 86 59 58 45 73 85 27 14 10 27 52 72 124 131 26 68 88 146 145 120 53 52 58 134 118 109 101 96 90 60 53 30 29 29 37 44 29 44 17 43 6 2 17 49 42 40 87 57 82 43 38 72 67 93 127 0 134 216 94 228 110 72 131 134 89 133 103 28 22 99 84 29 97 32 87 56 90 102 38 34 13 0 11 30 40 24 84 13 53 57 35 33 127 129 172
63 33 80 125 112 98 103 89 35 51 87 29 28 35 42 29 39 84 88 37 76 91 146 195 153 78 52 57 32 73 98 106 79 40 51 60 22 33 48 36 37 21 22 8 27 29 22 27 30 42 38 66 85 78 71 51 88 125 173 196 148 232 218 157 255 139 18 6 137 119 76 47 37 68 55 39 103 125 48 127 69 91 61 56 30 25 38 38 64 67 11 52 40 52 93 55 48 115 113 164
28 0 33 39 99 51 84 99 18 40 94 25 34 74 77 44 2 20 33 62 104 99 121 184 165 73 28 39 10 41 49 62 56 58 52 39 57 73 61 44 54 32 27 39 69 102 59 9 44 27 13 29 99 70 71 29 75 104 117 166 255 161 80 120 224 255 255 188 80 127 118 87 39 49 128 169 163 117 113 97 41 75 17 72 56 92 129 82 114 111 25 47 79 24 98 78 124 118 67 106
66 53 51 28 114 69 78 70 13 50 84 13 20 72 58 52 89 42 33 55 56 22 39 84 92 30 31 58 117 59 25 45 115 142 99 81 93 66 70 66 50 34 43 45 80 123 92 25 69 46 54 53 20 81 74 129 173 221 233 255 204 80 153 255 223 223 237 242 73 63 33 0 66 22 45 87 176 120 93 46 47 120 67 88 70 120 174 132 139 118 29 38 92 6 73 99 149 109 43 64
45 63 41 62 54 90 63 0 24 45 41 21 36 52 1 37 67 5 21 40 44 22 60 69 112 68 69 42 86 31 51 110 87 92 65 115 93 81 194 204 74 92 126 53 19 16 38 19 34 63 47 31 58 0 145 36 95 160 244 232 18 106 254 248 235 255 254 252 219 95 119 197 70 60 66 24 95 29 34 103 159 156 61 35 83 116 116 66 126 113 61 48 96 41 68 115 79 72 54 70
35 65 43 82 83 73 43 19 30 20 5 54 105 87 28 63 79 25 31 46 85 83 86 43 65 68 85 57 14 16 31 49 91 99 19 45 31 73 181 160 80 77 105 61 87 81 65 10 0 26 41 17 0 149 245 255 183 117 150 158 244 208 109 246 252 255 249 242 171 55 105 148 81 53 115 74 58 20 56 111 147 132 89 51 80 42 48 74 46 86 116 68 66 27 19 56 41 43 52 62
94 114 74 66 113 41 37 58 31 13 14 58 130 122 116 88 116 94 40 25 87 118 96 74 69 104 99 75 20 81 86 99 202 193 78 63 47 119 147 107 40 82 131 97 87 63 51 45 25 13 33 40 72 255 226 250 190 58 166 112 255 255 153 238 255 197 206 244 119 62 83 62 26 31 59 39 55 48 62 122 110 86 84 92 111 47 64 99 27 70 145 93 74 25 23 42 40 30 50 64
123 142 80 50 49 65 93 69 35 30 42 24 85 106 159 60 87 138 69 35 78 106 67 99 54 121 93 52 27 69 55 106 255 166 106 126 35 87 99 77 38 61 62 30 18 27 29 60 60 25 57 94 143 243 82 111 196 150 255 198 221 245 154 254 227 255 237 143 130 125 99 64 45 40 24 31 66 79 70 85 82 65 74 99 85 27 72 93 23 0 54 28 53 11 36 44 9 16 73 107
110 143 59 25 42 52 93 87 43 74 97 83 80 44 76 21 51 105 53 95 143 110 31 90 36 84 86 129 40 85 6 40 177 78 60 125 36 59 126 155 161 122 84 85 53 61 12 47 45 7 118 129 146 196 63 109 203 235 255 247 249 252 245 210 214 255 184 73 64 83 68 49 51 47 30 36 60 63 62 75 70 62 56 41 79 92 46 58 57 49 0 40 26 0 45 64 34 50 88 131
67 100 52 38 43 0 39 75 28 54 122 137 69 0 30 119 147 84 6 100 128 117 59 111 96 90 51 97 165 225 107 6 65 0 67 28 75 65 120 183 164 137 163 162 52 91 31 84 74 83 120 133 169 200 205 173 170 201 203 234 255 220 255 192 205 203 113 52 0 34 45 18 30 20 12 35 47 42 54 59 85 76 51 36 88 100 51 45 83 112 99 137 73 56 87 113 97 129 173 206
49 127 80 34 54 12 27 47 12 74 156 140 70 73 74 189 217 68 19 41 63 57 106 129 141 76 53 39 172 241 75 80 46 26 62 33 71 46 105 133 70 62 181 171 0 69 32 89 127 116 212 172 204 234 250 252 124 175 219 255 231 225 59 45 85 145 126 47 56 51 89 93 72 52 50 66 57 32 35 52 88 105 102 74 88 52 13 1 71 152 174 110 143 88 91 131 145 175 202 208
51 121 110 74 37 54 90 63 0 112 185 122 95 149 99 115 146 51 60 26 26 44 112 81 139 67 74 36 85 152 53 187 165 134 150 151 96 117 232 245 87 108 182 117 51 97 7 35 79 94 249 206 244 255 225 252 220 255 255 226 111 243 82 141 36 66 67 7 82 88 89 111 91 59 73 87 112 84 9 31 62 119 195 212 93 39 33 42 60 180 253 108 169 87 60 77 123 137 150 152
156 79 60 117 64 110 123 22 25 103 122 40 50 84 92 112 74 42 36 52 17 84 79 63 48 67 111 121 99 97 124 226 239 68 115 125 196 252 255 191 230 255 176 7 111 129 56 121 35 162 242 249 253 205 234 255 251 236 73 128 224 154 34 107 146 82 49 34 22 98 66 117 152 72 42 3 82 111 9 77 156 140 145 0 150 0 26 80 32 128 213 62 19 34 71 95 41 40 53 74
86 75 59 93 47 44 36 22 2 49 69 27 71 50 72 83 63 30 27 64 40 58 41 97 67 50 41 27 116 86 111 255 255 201 255 251 255 238 246 221 226 229 160 45 178 172 119 117 14 24 200 228 255 250 126 227 211 147 172 101 90 155 70 62 134 108 83 26 20 93 51 98 128 92 100 43 109 148 58 155 199 146 163 71 94 9 25 70 73 165 254 100 47 21 29 47 62 38 27 38
33 107 95 65 90 72 50 71 41 46 45 8 72 59 69 55 40 17 60 80 69 28 28 120 166 81 47 29 175 158 87 234 208 192 136 192 224 255 254 245 255 248 219 118 86 92 159 251 185 112 128 203 255 226 164 159 87 111 51 76 3 95 109 77 76 91 81 25 99 100 53 59 39 55 93 31 39 83 76 182 183 108 133 81 77 66 47 66 79 167 232 97 103 30 19 83 157 121 82 62
49 93 129 77 73 44 69 56 33 15 25 10 81 80 66 50 38 35 53 70 33 52 57 160 188 129 90 53 18 54 117 241 254 255 255 250 192 229 209 255 242 255 244 255 254 216 113 172 142 150 228 253 250 250 245 192 73 104 7 86 27 70 42 88 68 55 54 87 74 11 9 46 50 79 115 59 20 44 67 124 138 62 88 72 61 107 42 32 31 120 186 144 81 27 8 103 150 124 86 56
84 34 100 24 60 58 76 46 0 40 83 80 78 81 63 59 52 42 61 51 33 76 79 118 113 108 109 77 137 123 211 237 255 232 238 244 232 242 255 251 251 227 238 254 255 247 202 243 228 255 215 216 204 248 119 117 60 0 110 77 82 38 55 95 71 29 50 95 121 0 50 100 109 102 82 59 70 61 40 93 112 61 56 32 66 73 49 45 60 56 166 208 61 76 79 50 41 60 59 28
85 8 89 23 111 114 90 44 18 46 101 99 69 72 64 46 47 55 69 50 41 84 64 77 60 88 128 147 102 78 123 136 245 255 253 244 255 255 244 244 236 226 247 255 168 253 230 255 255 226 255 250 215 178 32 45 3 48 70 109 82 43 110 98 58 55 47 62 113 42 76 106 121 113 40 53 65 60 54 77 93 89 83 49 59 50 40 87 68 18 95 165 52 104 91 43 18 29 74 86
81 29 131 41 88 58 53 74 50 30 60 62 40 64 76 57 76 91 90 59 38 56 33 61 92 76 143 164 132 98 131 79 117 207 217 252 226 253 248 255 237 226 237 251 144 255 235 240 249 254 204 249 255 120 109 60 32 104 28 173 55 63 123 93 48 96 64 27 49 11 18 29 99 175 94 79 38 37 57 30 59 105 101 73 59 37 26 94 57 9 71 54 32 36 47 25 41 51 94 125
49 33 116 54 50 6 50 147 167 109 89 75 57 56 53 54 77 108 118 97 53 33 33 114 121 59 78 70 84 105 153 88 6 102 144 255 179 239 249 243 255 255 255 255 216 245 246 255 236 176 104 78 55 124 73 160 89 6 51 77 90 6 131 73 11 55 46 57 101 97 56 8 61 131 57 33 27 66 111 51 21 73 62 51 30 31 34 73 54 73 109 48 93 44 44 84 130 135 83 70
78 54 64 87 81 30 42 101 108 68 51 67 91 72 47 80 132 106 50 29 24 21 1 39 74 37 0 27 48 138 111 43 77 107 113 234 202 240 255 227 244 255 251 240 183 150 211 230 255 69 107 160 157 7 25 132 110 46 55 63 54 54 80 80 38 55 63 66 42 47 72 80 62 70 50 47 65 53 62 0 35 62 44 50 34 78 129 137 103 98 44 49 58 33 27 112 50 114 77 53
40 35 35 127 123 80 58 65 47 13 0 26 84 60 3 24 74 60 17 28 68 102 65 39 43 55 48 61 77 145 105 57 75 105 124 213 255 214 245 202 255 255 252 255 169 178 255 255 254 61 131 180 77 81 38 45 54 96 69 0 34 27 38 47 16 0 26 63 46 40 57 63 93 54 39 7 37 60 112 85 18 32 21 46 39 82 167 163 96 61 79 195 169 74 59 45 2 62 101 180
43 53 71 127 90 58 37 27 50 34 36 60 98 81 30 30 69 75 39 14 1 44 75 92 118 66 44 50 107 167 118 41 76 94 83 112 135 94 234 255 246 229 233 255 217 254 255 233 205 9 103 82 53 130 80 28 30 89 68 0 51 20 75 87 49 33 62 81 68 42 56 82 90 53 34 14 44 94 146 99 54 57 33 63 68 60 138 145 78 46 116 255 252 137 164 49 79 59 15 92
59 47 64 74 49 61 56 39 34 66 121 125 97 73 51 51 76 60 33 50 47 57 39 13 40 75 120 158 71 98 50 40 87 102 92 126 54 44 225 255 255 234 247 251 255 233 127 107 119 0 75 34 101 127 92 35 68 61 32 64 22 22 69 111 70 49 58 80 120 90 53 46 46 40 42 55 25 36 113 120 113 96 35 51 68 15 79 104 71 78 88 226 232 177 189 26 135 184 89 70
58 38 33 17 40 71 81 35 14 57 103 134 60 68 57 40 54 23 1 66 40 91 90 105 146 120 87 84 67 80 66 50 79 108 77 43 66 41 226 217 197 198 255 219 182 85 35 13 67 74 95 101 103 91 51 36 56 17 11 79 28 18 89 112 91 84 116 155 127 110 61 70 33 17 28 70 32 4 50 54 80 88 49 85 60 0 64 115 95 52 63 163 220 203 144 42 143 117 131 92
53 46 43 28 39 71 89 66 23 34 77 124 108 93 55 16 7 4 5 51 128 108 58 47 63 84 102 108 73 78 63 37 39 52 26 12 48 19 147 129 196 228 234 141 78 28 67 42 62 70 80 103 38 77 44 24 20 38 29 65 65 62 104 120 96 103 189 210 128 110 107 93 72 38 60 78 63 24 51 43 47 49 67 150 67 43 115 122 80 16 25 154 196 214 184 163 127 29 47 95
74 73 58 38 25 39 52 57 48 36 59 99 119 87 47 18 16 15 9 32 27 29 45 97 133 71 36 50 24 29 30 28 10 60 73 46 60 44 125 112 242 255 215 70 75 88 57 111 94 24 53 84 39 44 70 68 59 72 46 31 42 57 92 68 24 64 141 138 102 80 108 139 120 44 52 79 103 44 67 69 31 12 48 158 132 71 97 99 67 17 29 109 106 110 172 235 106 58 48 113
86 77 50 37 21 12 15 44 42 35 31 59 81 63 29 26 61 22 0 41 47 68 81 126 133 48 22 92 121 136 100 58 10 24 37 22 50 38 56 32 145 160 112 45 63 75 27 159 140 47 81 102 71 37 89 124 77 44 42 32 39 87 152 93 45 61 91 67 76 37 54 81 108 58 34 70 104 51 75 60 55 30 21 63 180 96 50 22 33 39 15 55 88 57 197 195 54 38 0 40
92 81 58 63 80 61 59 99 121 136 105 106 83 74 30 37 47 39 32 42 111 53 35 80 139 88 49 74 104 150 108 31 54 27 45 42 66 40 42 34 77 88 39 163 152 100 55 51 64 50 67 93 44 38 43 91 75 48 78 92 103 141 200 158 38 25 69 63 78 68 93 41 53 91 48 72 79 46 81 47 58 44 51 50 200 236 231 143 49 73 170 61 45 71 68 104 123 50 2 56
88 91 80 76 124 98 90 116 173 214 181 147 70 60 38 69 52 43 24 34 56 45 42 75 105 81 53 77 108 140 92 30 32 43 92 52 65 78 120 93 83 118 63 123 78 38 32 62 49 38 60 87 102 63 24 38 54 62 71 64 69 72 80 72 56 80 94 52 72 64 68 1 35 95 59 87 81 49 107 126 182 41 26 58 125 229 225 68 0 60 30 14 44 84 82 54 85 67 39 45
48 82 85 41 100 67 51 48 73 107 96 71 23 24 28 55 80 120 120 112 0 25 45 74 110 85 43 60 82 92 58 50 23 38 94 37 67 111 175 100 64 106 67 19 57 66 25 66 77 28 57 66 128 65 28 7 58 69 62 48 50 78 57 22 56 107 88 39 65 41 42 30 39 79 71 68 89 73 112 152 142 39 71 99 60 61 82 74 155 186 47 52 73 49 49 57 31 79 80 34
17 81 97 21 84 52 35 10 21 13 10 19 41 43 21 0 18 75 73 48 41 86 81 63 99 118 81 57 57 74 62 77 30 25 100 58 52 37 130 96 42 104 87 19 65 59 75 51 45 42 63 70 90 112 98 78 47 34 46 59 60 142 118 13 39 46 54 54 43 11 46 46 22 78 100 22 75 101 83 53 37 25 65 74 134 66 54 152 255 202 15 45 126 46 47 78 45 23 50 29
27 78 124 54 32 42 44 27 16 44 49 86 77 51 15 19 68 146 113 81 51 92 69 61 101 119 68 48 27 60 98 123 46 35 120 79 66 5 79 72 45 120 105 71 54 36 46 16 27 52 69 85 74 133 135 93 34 32 34 31 76 144 120 37 32 44 21 68 27 24 47 50 3 61 91 52 2 55 70 53 22 40 21 17 58 120 80 171 241 95 33 56 88 41 46 97 31 19 34 56
19 49 90 40 15 15 29 37 33 51 64 103 50 17 12 59 157 216 177 118 72 80 44 25 69 87 39 26 9 72 81 98 54 33 81 72 116 76 90 54 42 69 32 63 76 76 46 2 21 52 69 65 56 89 81 40 36 73 83 80 41 67 42 18 44 74 72 61 26 70 50 35 14 28 97 105 26 25 26 88 24 27 0 31 15 81 38 56 98 99 145 80 15 44 100 37 32 75 73 30
46 31 62 83 109 98 63 30 27 45 64 90 33 11 24 85 102 105 61 18 24 46 41 39 78 82 45 26 5 77 53 72 44 26 50 58 102 90 87 53 43 48 11 71 74 88 68 55 50 76 75 38 60 87 82 40 32 77 101 92 42 28 36 58 51 74 89 56 49 125 55 34 59 48 105 109 25 36 4 55 24 40 17 63 38 43 13 0 54 102 94 73 0 59 57 18 44 90 92 75
89 91 135 160 133 78 32 3 0 30 49 44 50 36 25 55 103 59 35 19 40 30 41 75 97 67 50 29 52 113 45 26 85 23 58 78 34 64 113 64 66 81 72 108 75 69 52 35 88 120 106 40 98 135 130 73 29 40 66 43 58 28 75 89 54 59 70 57 56 111 52 79 102 101 112 88 8 42 18 33 4 48 30 44 68 8 33 41 32 76 57 93 52 52 9 22 73 80 98 132
48 81 140 167 117 77 73 70 29 65 87 62 136 96 48 64 49 23 75 106 107 32 25 82 36 74 144 78 88 123 100 101 74 73 28 15 29 38 37 75 94 72 49 46 48 86 104 64 82 139 136 50 110 145 137 68 28 31 46 28 47 18 61 49 54 60 53 63 44 65 50 108 159 104 30 48 51 82 50 15 15 59 39 23 47 30 101 106 7 26 66 55 100 75 130 119 108 57 53 72
56 80 123 168 133 107 83 40 23 50 80 60 139 81 28 67 77 55 129 171 162 68 10 30 6 30 89 7 58 108 107 86 107 62 58 70 19 39 79 88 100 67 68 70 78 102 82 0 47 114 116 22 60 96 106 56 21 54 69 91 44 26 44 29 38 46 26 63 62 81 58 61 90 104 54 48 38 35 47 49 46 69 65 55 25 98 139 74 46 49 47 34 94 71 180 255 211 82 33 59
31 59 98 146 98 75 64 26 27 44 71 51 75 51 21 72 86 55 97 121 148 136 71 40 34 35 77 17 38 44 60 83 72 36 46 61 11 23 84 122 103 52 50 70 50 82 80 34 36 81 74 0 22 59 83 57 19 55 84 136 62 43 65 49 28 22 2 46 64 105 60 11 50 100 73 25 43 43 38 33 41 42 68 66 42 134 110 17 67 104 76 111 83 46 106 229 172 62 23 64
43 43 46 80 35 41 72 63 39 49 62 29 0 24 12 50 62 42 60 54 102 168 128 79 76 47 82 82 74 11 1 59 53 18 11 26 11 26 89 152 121 47 27 61 8 42 51 49 50 69 58 10 35 63 73 46 28 31 69 119 69 36 80 52 38 17 2 23 22 78 47 18 54 87 78 21 69 62 30 36 28 16 59 46 86 146 92 40 64 80 85 118 80 111 151 95 27 35 46 49
37 25 22 56 39 60 87 82 29 39 51 9 31 81 44 19 29 64 77 59 34 121 88 67 88 81 74 77 184 56 37 71 73 33 48 23 38 53 88 164 149 48 23 37 20 52 45 4 11 47 70 45 50 31 64 32 19 35 30 52 84 21 53 53 55 50 10 21 6 37 31 37 77 48 40 68 81 89 62 82 68 50 50 75 82 69 95 128 90 58 52 0 2 80 140 98 42 117 110 47
59 74 77 83 39 45 58 40 9 12 43 40 109 149 81 15 15 83 150 102 25 69 29 52 159 148 118 100 191 59 33 76 42 40 51 31 99 79 93 155 119 68 40 31 43 36 43 34 31 46 28 50 35 26 28 38 42 33 38 68 69 10 14 35 74 74 35 52 25 23 15 47 63 44 35 72 52 49 83 127 125 68 64 88 62 11 55 129 67 36 40 4 0 14 80 102 80 112 111 99
89 101 95 90 29 15 22 13 3 34 83 68 99 113 76 49 47 72 140 104 23 21 0 93 167 136 157 137 128 17 31 37 9 15 49 24 100 111 126 94 92 64 36 33 50 46 55 60 45 58 11 0 69 55 55 80 67 27 33 75 64 22 26 67 78 70 22 65 59 37 17 59 94 67 33 67 38 24 75 119 108 42 46 76 81 67 64 61 53 54 74 64 103 73 77 72 10 6 8 20
107 90 74 99 65 42 42 49 60 84 84 30 0 18 44 91 96 44 17 1 24 58 54 121 120 37 74 110 87 0 19 56 8 31 87 65 106 104 87 75 34 40 46 53 67 59 13 33 35 35 30 8 113 87 107 134 95 44 43 87 91 42 70 85 70 72 17 63 64 34 9 49 123 106 59 59 43 33 42 87 101 50 55 107 80 165 100 91 102 76 44 34 119 85 71 63 44 34 39 42
85 55 29 75 85 83 72 65 85 106 94 90 55 70 49 72 31 106 97 40 37 36 44 45 5 87 119 46 29 17 76 152 177 113 46 41 142 128 35 117 90 0 100 88 31 45 67 17 32 16 60 123 141 92 88 134 120 85 66 94 119 35 89 52 18 56 10 43 29 5 2 44 35 61 45 11 32 64 41 115 42 52 12 78 136 21 255 240 114 85 60 96 170 80 36 42 44 21 29 44
83 57 4 20 43 71 61 35 65 77 56 61 32 46 46 83 32 134 99 21 44 61 128 137 83 77 71 52 58 44 60 123 130 110 100 122 150 114 23 87 94 42 90 3 104 67 62 74 62 78 97 104 182 99 40 79 113 97 63 68 105 11 94 51 53 92 35 58 47 43 47 60 50 88 77 12 40 96 50 112 63 49 0 70 73 15 186 224 116 89 33 50 97 52 42 51 59 17 19 53
106 92 33 27 32 53 44 25 23 48 65 63 43 17 41 82 29 148 147 55 58 39 111 160 86 48 61 50 10 17 28 33 65 60 79 101 81 94 97 45 26 34 53 0 131 73 73 89 86 119 121 41 176 104 40 38 69 75 55 54 80 0 79 78 86 100 21 42 34 43 46 25 29 72 74 21 25 86 68 100 64 35 0 47 98 73 134 108 94 82 10 10 29 48 70 59 56 32 33 55
91 93 62 72 60 46 27 24 27 27 52 47 73 25 48 60 12 147 175 61 66 37 48 56 70 48 48 33 14 29 30 58 36 51 39 48 43 55 133 72 14 62 51 34 77 50 117 161 83 75 117 89 108 90 68 35 30 57 69 78 82 0 43 73 66 82 14 45 38 60 87 72 85 142 155 96 24 45 60 75 74 32 8 38 101 76 82 43 57 50 0 28 11 18 48 51 25 44 56 49
49 52 6 92 108 46 22 33 4 47 52 34 73 41 28 61 8 146 131 62 95 97 52 26 43 58 66 40 65 82 110 117 127 112 101 114 71 47 113 36 30 153 73 31 26 38 178 255 94 25 117 225 71 70 72 33 38 59 98 91 108 30 66 79 58 42 38 71 36 69 105 88 98 147 163 113 18 37 60 48 87 53 24 12 6 71 64 21 43 23 9 91 9 32 33 8 12 21 31 14
44 41 17 86 116 50 49 53 24 26 67 28 12 28 32 71 51 91 77 39 97 139 131 49 38 38 28 48 65 73 98 129 113 132 134 126 64 48 97 43 24 61 71 100 142 96 157 215 135 50 83 143 69 43 38 32 67 115 95 64 93 60 58 69 50 43 68 48 35 40 50 33 13 70 59 19 58 72 46 28 84 35 28 25 48 84 40 33 87 117 62 25 42 42 25 35 15 28 46 44
52 60 54 69 79 20 77 107 44 25 83 49 30 66 9 35 62 48 12 88 89 130 94 67 74 48 9 66 62 31 30 66 88 56 55 83 58 21 39 44 2 0 77 157 182 118 85 101 118 58 45 46 61 31 14 25 57 88 70 72 71 55 53 81 58 52 82 27 71 63 50 33 21 45 63 37 25 50 56 11 62 39 57 53 115 109 15 28 109 127 79 0 48 52 29 32 23 27 53 82
19 56 70 65 65 37 113 149 53 52 78 56 66 85 0 40 36 41 12 129 106 94 27 59 107 74 37 98 99 50 54 90 92 29 32 55 73 12 2 27 17 50 130 177 122 108 51 29 46 68 72 34 51 40 31 56 45 26 48 73 45 50 82 78 105 117 117 51 91 44 25 19 0 23 93 94 0 22 53 3 53 0 56 72 72 96 86 27 15 25 86 65 17 16 27 30 34 7 23 82
27 69 67 56 53 34 54 54 91 92 78 52 30 33 16 92 125 87 52 60 73 66 98 122 105 122 153 192 173 68 35 34 11 20 57 15 56 37 46 45 24 101 139 109 36 56 61 33 58 112 131 86 34 26 25 63 65 39 70 47 54 80 111 50 34 91 76 59 81 31 63 100 47 62 55 15 13 19 41 51 72 51 39 26 38 22 31 17 6 18 91 80 66 46 44 46 90 28 16 74
46 74 50 36 58 57 79 104 98 71 64 68 35 49 99 128 85 40 60 93 52 27 63 51 32 54 88 68 55 14 35 71 72 86 94 20 53 45 56 39 42 108 123 53 53 40 103 106 66 64 67 75 28 49 49 79 60 70 116 66 110 86 90 60 53 84 25 36 59 39 97 131 75 79 71 31 104 51 25 19 23 20 28 68 65 23 39 32 70 185 215 78 98 28 80 196 221 163 138 165
57 55 23 1 57 31 61 120 92 44 33 53 82 119 147 112 54 34 57 133 54 30 46 66 48 53 65 22 16 41 56 96 87 51 25 41 84 61 41 35 24 64 74 28 90 20 52 107 118 66 39 54 24 47 29 28 39 66 139 94 126 76 86 95 86 63 0 20 74 90 119 100 62 43 63 71 70 40 45 43 26 63 70 101 104 49 8 26 125 234 206 54 91 49 126 239 254 251 255 250
49 29 22 34 146 79 77 123 158 102 39 3 74 106 83 39 7 23 35 58 61 46 73 101 110 87 66 20 13 66 30 45 76 36 14 112 146 103 38 23 23 57 64 57 125 25 0 80 94 71 65 63 39 65 61 60 46 61 136 76 81 89 130 104 59 24 8 33 101 119 103 38 25 27 47 110 20 30 34 69 96 79 100 99 36 48 37 21 61 116 107 55 44 56 141 179 127 184 229 207
37 41 15 58 117 87 71 116 156 77 31 23 27 93 131 97 97 82 30 6 37 13 29 62 67 85 67 37 56 53 7 5 158 168 115 148 174 132 69 42 52 70 57 81 94 58 57 55 31 19 51 55 79 86 76 50 32 30 67 46 35 85 126 59 12 77 17 12 74 70 52 32 44 73 80 127 99 79 14 8 36 55 66 88 24 9 1 30 5 27 57 92 35 48 103 87 39 100 128 103
67 58 32 40 55 53 70 83 37 13 10 12 20 82 140 142 81 73 46 36 57 24 31 47 23 59 72 45 47 57 52 75 226 222 136 134 147 118 74 61 73 66 46 85 74 35 43 57 31 73 60 19 83 96 85 122 79 67 111 102 67 74 101 50 60 112 51 33 58 39 32 18 42 130 179 180 104 66 40 63 62 59 53 85 47 42 18 25 76 37 25 106 75 7 33 98 84 82 60 35
53 63 80 87 74 101 132 95 72 59 41 21 29 51 66 56 22 16 17 30 51 33 59 71 57 66 75 57 65 93 98 105 166 181 101 95 114 96 59 48 69 38 21 88 47 9 27 51 60 104 78 27 90 97 108 195 196 162 197 184 111 59 69 38 76 120 83 72 66 38 53 45 33 115 154 118 71 71 100 132 116 91 63 89 59 60 29 27 103 77 16 61 67 17 25 95 93 57 27 27
26 66 113 127 109 130 139 70 56 50 29 18 72 94 88 71 68 46 45 53 61 58 110 126 72 43 33 20 33 71 65 40 78 125 72 80 113 102 60 45 84 48 49 138 77 49 73 91 52 35 45 32 40 33 83 165 135 93 135 139 73 22 51 45 49 91 89 106 89 62 95 89 28 56 55 11 34 84 144 166 128 99 59 68 25 27 12 24 92 114 29 0 20 51 70 84 44 19 18 42
