45 44 34 23 22 29 28 21 15 4 1 9 15 13 14 20 18 27 46 47 15 22 10 19 34 39 40 35 32 28 18 7 5 8 13 23 23 6 7 31 51 70 54 14 0 8 10 8 16 12 6 7 17 26 24 17 10 21 23 14 14 24 26 19 17 8 9 22 27 23 27 37 19 23 27 28 29 34 41 45 51 44 43 42 28 12 20 42 46 42 37 30 19 16 35 59 36 19 30 47
30 25 19 15 9 4 6 11 16 15 18 24 26 22 18 17 17 25 43 47 20 32 21 28 24 30 30 21 13 14 18 20 10 13 12 17 26 27 27 33 44 53 44 21 6 3 12 26 18 16 11 11 22 38 47 49 41 23 5 5 21 36 39 34 19 11 14 28 33 28 26 31 22 30 32 26 24 32 44 50 63 61 48 25 11 14 27 37 47 36 27 23 20 23 41 61 28 12 21 38
19 23 37 49 39 17 6 10 24 32 37 36 35 36 36 34 24 26 38 40 16 30 16 18 22 25 23 15 10 13 20 24 19 20 17 18 31 45 42 31 15 13 22 37 39 26 19 24 14 16 14 11 20 40 61 73 59 26 0 0 14 30 39 44 37 28 25 30 32 27 23 25 22 39 45 32 22 28 37 39 39 35 27 16 10 14 24 31 38 25 17 20 25 29 38 49 35 18 18 29
0 14 34 47 41 23 7 2 33 41 42 34 34 47 58 60 16 18 29 36 24 50 39 39 29 31 31 27 24 22 22 22 25 20 19 19 24 34 36 25 15 0 8 42 62 56 32 11 16 20 18 10 7 19 37 50 51 38 19 7 7 18 31 40 48 39 27 19 15 13 15 19 26 51 63 47 29 26 26 21 19 8 16 41 44 25 20 33 19 13 16 29 38 37 37 41 42 22 9 8
0 12 18 12 12 20 19 9 28 33 31 24 28 44 57 59 18 16 22 27 18 47 36 32 27 37 44 38 24 17 24 35 34 18 17 17 6 11 27 32 34 16 17 33 47 57 43 11 16 23 23 12 0 0 7 13 37 48 44 24 18 29 34 28 31 27 19 9 6 9 14 17 30 52 63 49 31 24 21 15 17 9 19 41 45 26 14 17 12 12 20 34 39 33 31 36 60 42 18 6
10 25 26 12 13 30 33 20 17 17 16 17 25 34 36 32 25 23 26 28 21 54 44 39 21 35 45 33 8 2 27 57 48 24 23 22 4 10 36 46 8 12 32 39 32 43 42 12 1 10 16 12 7 7 11 12 24 39 39 25 29 45 38 13 12 14 14 15 23 33 33 26 24 34 38 30 19 15 17 18 30 37 33 21 21 32 29 15 25 22 24 27 22 11 9 15 61 51 26 11
16 29 32 22 17 22 24 19 17 7 5 16 29 31 23 15 13 16 27 37 41 88 88 87 30 30 28 19 7 8 31 56 48 29 34 35 20 32 45 29 0 2 41 55 37 37 36 7 0 0 6 8 12 19 22 21 16 23 21 14 23 37 31 12 19 17 13 20 41 59 51 31 17 15 16 19 18 15 16 22 55 67 57 30 28 47 48 30 24 20 21 26 22 12 9 14 26 26 8 0
40 41 37 24 11 11 24 37 25 7 0 16 33 34 24 18 9 11 18 24 23 68 66 64 48 27 9 11 21 29 34 38 33 24 37 41 33 47 39 0 19 18 47 62 41 37 35 8 6 7 6 5 9 14 15 12 16 17 15 11 12 19 24 24 36 24 9 13 42 65 53 24 18 11 15 29 34 26 22 26 60 62 55 39 31 30 23 12 5 5 17 36 46 43 41 44 10 19 6 0
41 52 44 19 12 32 45 42 40 16 6 22 36 32 26 26 17 10 10 16 13 6 8 19 21 18 9 12 27 26 15 15 10 17 25 33 40 39 24 7 24 48 35 51 62 36 28 22 12 6 6 11 9 3 4 12 10 11 20 34 41 38 34 34 40 19 5 10 14 12 18 30 27 23 23 7 18 51 58 62 75 64 39 21 17 7 0 3 2 13 26 38 51 65 77 82 37 22 19 34
38 41 38 29 25 33 47 56 48 27 13 19 31 33 32 33 29 14 4 7 10 10 14 22 31 44 35 17 17 21 15 10 7 2 11 30 31 17 15 27 60 58 26 36 59 50 43 33 20 11 7 10 9 4 5 12 11 11 16 30 46 49 35 18 14 11 7 8 15 22 18 10 19 19 26 18 32 60 58 56 57 52 34 19 16 12 16 30 33 21 17 23 26 35 67 102 52 37 34 48
24 30 30 24 20 26 36 42 28 24 17 11 11 20 33 43 41 20 3 3 11 15 18 23 43 51 47 44 47 37 19 12 27 22 25 33 26 17 28 50 74 58 20 23 43 43 41 35 23 12 5 9 11 8 9 14 6 2 4 21 46 53 32 5 17 26 25 20 33 52 45 22 14 14 25 22 37 62 53 47 50 42 25 20 27 25 21 29 42 42 41 36 24 21 42 68 42 24 13 19
28 40 40 26 23 34 35 27 25 40 43 26 12 18 38 52 39 24 12 13 19 20 20 21 44 26 31 71 94 62 27 27 39 41 31 12 8 22 36 40 55 47 29 24 23 19 22 26 17 6 2 9 15 13 12 15 3 0 0 21 43 43 27 13 25 26 16 9 24 48 48 30 18 16 24 20 32 52 42 36 41 25 9 21 47 44 22 12 23 52 63 44 27 30 30 20 43 22 5 4
33 28 24 28 33 33 27 22 37 49 49 33 22 25 30 31 21 20 22 28 30 27 23 21 28 8 13 57 83 56 32 43 48 40 19 2 10 35 49 45 42 34 33 24 11 7 8 15 11 2 2 11 17 13 8 9 27 14 20 44 53 40 36 45 38 22 5 2 13 26 28 25 25 26 38 32 35 44 29 25 16 5 0 21 52 50 29 21 13 33 36 17 10 24 31 23 35 20 9 10
43 10 2 32 50 38 27 32 56 54 48 46 52 59 51 37 7 15 27 34 33 29 24 23 11 11 11 20 29 25 29 49 51 25 4 8 25 41 55 65 39 16 17 10 2 6 3 4 11 4 5 14 16 8 1 2 4 0 0 12 11 0 0 18 48 24 8 13 18 15 13 17 25 35 56 50 42 38 19 17 5 6 11 27 40 32 25 37 19 8 0 1 2 6 21 38 10 3 2 10
60 29 13 34 64 68 50 35 17 13 11 13 19 24 22 17 12 19 26 27 25 22 20 19 8 14 15 14 14 11 21 46 41 22 5 4 12 22 35 45 27 0 7 2 0 6 1 1 11 6 8 14 13 4 0 3 10 8 7 8 9 9 14 19 34 15 5 10 14 8 5 10 19 34 61 52 34 25 11 17 12 20 28 39 39 20 14 31 21 6 1 9 13 14 30 53 28 19 14 18
50 41 17 8 41 75 52 0 20 26 30 24 10 5 16 30 27 27 24 18 14 13 13 12 14 7 13 37 43 20 16 42 49 54 39 11 3 18 29 25 12 0 14 10 0 6 3 8 9 5 7 13 11 4 4 10 2 8 4 0 4 22 24 12 29 17 9 11 16 19 21 23 13 29 54 40 17 9 5 20 17 22 32 47 51 27 11 19 20 19 16 13 19 40 64 79 63 47 28 20
14 22 12 12 29 26 17 26 48 56 44 23 17 19 27 40 41 33 7 13 21 6 3 2 1 5 34 40 67 51 42 41 63 50 45 15 5 29 31 24 6 9 8 12 18 8 1 8 6 7 8 8 7 6 4 3 2 5 16 6 6 18 6 2 13 30 26 21 46 63 43 13 3 2 25 40 27 26 32 23 24 28 17 22 24 19 26 16 20 30 23 2 12 60 76 47 28 27 26 27
6 22 29 41 58 54 49 65 69 53 22 5 11 20 30 46 40 38 15 18 26 15 14 9 6 7 27 34 43 31 23 20 17 25 37 16 15 48 43 21 16 15 6 6 13 9 5 14 6 6 7 7 6 6 5 5 10 5 10 0 9 27 18 14 29 27 25 36 50 42 29 32 4 16 37 36 23 36 49 36 26 25 14 23 22 14 29 33 34 26 15 1 0 23 41 37 26 24 22 23
12 23 34 47 53 44 47 70 66 43 12 6 24 31 27 29 38 51 39 43 50 38 29 15 1 2 8 21 10 12 14 14 11 5 24 33 49 68 42 12 12 9 0 0 10 9 5 10 7 6 5 4 5 6 7 8 13 4 6 1 14 33 21 14 31 28 25 31 35 22 15 28 21 45 58 40 25 44 54 35 38 35 29 44 40 24 44 63 55 27 13 12 2 3 29 52 55 47 36 31
29 25 25 31 30 26 42 71 83 69 37 19 29 33 19 9 36 52 38 36 42 35 28 13 3 5 0 16 0 20 39 47 47 1 11 53 83 78 36 13 3 4 0 2 16 15 5 5 7 6 4 3 3 6 9 11 9 3 10 7 16 28 10 3 17 34 29 16 26 39 33 22 24 46 56 42 35 45 43 24 18 17 16 37 30 9 33 61 67 31 18 24 16 15 46 80 81 66 48 36
43 28 21 24 24 31 55 78 120 113 70 19 8 18 17 11 34 41 16 7 13 14 17 7 14 22 0 15 7 33 66 80 59 11 15 50 73 65 31 18 11 13 6 7 19 20 10 8 8 6 4 2 3 5 9 11 8 5 15 9 10 17 5 5 16 36 29 15 39 67 55 28 3 15 25 36 47 46 32 21 11 10 6 21 17 7 42 73 72 40 24 26 23 28 54 75 41 31 19 13
51 34 26 22 14 20 36 41 91 96 65 18 3 11 15 16 29 39 24 29 40 32 23 7 14 32 0 3 11 23 54 67 46 31 37 30 28 36 20 6 23 23 10 2 10 13 8 9 9 7 4 3 3 5 8 10 11 7 15 5 1 10 9 22 34 31 18 20 42 48 30 15 5 5 9 31 52 41 23 24 39 40 24 23 24 36 82 109 73 48 32 27 22 29 43 47 29 32 36 42
45 33 31 22 6 14 25 16 22 34 33 26 24 17 9 12 21 34 33 59 78 59 37 15 12 42 6 1 29 15 36 42 38 36 43 20 9 24 15 0 18 22 11 0 6 9 7 9 9 7 5 4 4 5 6 8 12 6 13 3 0 8 10 26 42 28 15 23 33 19 3 7 25 20 10 21 39 29 15 25 47 54 30 14 16 44 87 98 58 39 30 28 22 24 31 30 13 21 31 38
28 26 34 29 18 38 58 49 0 0 9 30 40 20 4 11 15 18 13 42 67 52 37 23 20 61 28 18 62 30 41 41 37 20 26 21 23 36 23 11 9 19 15 9 15 16 12 12 9 8 6 5 4 4 5 6 9 3 12 6 3 8 5 17 34 30 24 27 32 21 15 26 30 27 7 3 19 16 11 28 41 56 32 7 9 39 73 66 33 17 18 25 20 19 26 28 29 35 39 39
15 18 23 4 0 58 99 75 24 25 15 21 50 59 32 3 3 0 0 16 20 19 35 28 47 73 57 18 50 50 56 46 43 13 27 36 11 48 28 8 21 5 24 18 16 0 15 8 13 8 6 8 8 5 3 5 6 6 6 6 6 7 8 8 24 33 31 25 22 14 13 26 39 36 6 24 18 29 32 33 48 29 29 18 17 0 28 35 11 7 6 35 42 24 28 30 35 48 60 62
27 19 29 26 13 33 52 34 55 52 43 59 103 115 68 16 11 24 25 26 12 7 22 10 38 61 48 12 38 39 49 50 46 34 32 32 22 22 8 17 3 15 23 35 29 24 13 16 14 9 7 8 8 5 4 7 10 10 8 6 4 6 10 14 20 27 25 19 14 5 3 10 26 34 24 40 42 43 37 20 20 18 40 41 34 6 26 31 24 33 24 27 29 27 33 20 27 48 69 78
31 28 39 34 13 14 17 0 25 31 28 47 94 109 63 10 13 33 37 33 21 23 34 12 1 24 28 8 25 22 19 22 27 31 18 30 61 34 24 37 17 31 25 18 12 11 6 17 15 10 8 9 7 4 5 8 10 11 9 5 2 7 19 28 18 22 22 19 16 14 15 18 27 29 22 24 35 26 28 8 1 10 51 63 51 24 34 44 46 51 33 26 23 22 32 20 18 37 56 62
41 58 64 37 12 26 35 15 0 18 22 24 46 58 35 7 12 19 17 28 36 45 52 25 3 16 24 12 23 25 14 18 23 28 8 12 44 12 23 24 20 25 46 31 21 10 23 15 14 10 9 10 7 4 5 9 7 8 7 3 2 11 28 42 21 17 16 14 12 20 29 28 46 34 28 28 41 12 18 4 0 7 45 55 43 33 39 53 58 47 28 34 30 16 29 36 28 33 34 29
39 58 60 29 4 15 31 29 15 35 33 20 21 22 11 2 14 7 2 24 35 38 48 31 31 22 16 0 5 28 18 28 30 27 10 0 9 1 41 33 37 24 40 43 0 3 24 9 12 11 11 12 9 4 5 9 7 9 8 3 2 10 27 41 21 9 5 2 0 16 31 24 63 52 62 81 88 34 26 15 5 3 28 29 19 31 26 34 46 41 26 35 35 25 41 47 40 36 28 19
40 42 41 29 8 0 5 25 32 37 29 23 31 28 14 6 12 8 8 29 32 31 50 47 34 23 24 9 6 39 16 17 28 13 0 0 20 35 48 23 47 35 34 76 9 47 47 42 12 13 16 17 13 7 6 11 12 12 10 5 2 7 17 27 16 2 4 7 8 32 48 33 65 60 71 98 95 44 35 33 11 8 25 17 8 39 17 10 23 40 31 26 28 38 54 43 27 27 24 23
60 58 52 46 35 18 17 33 40 30 18 29 52 51 37 33 12 14 15 31 37 45 64 53 35 39 59 50 37 71 30 17 20 12 0 0 24 35 4 8 15 9 15 54 51 54 34 29 14 16 22 24 19 11 10 13 12 12 10 6 4 5 8 12 14 3 15 25 26 48 58 30 45 51 45 60 44 24 27 33 16 18 34 19 11 61 28 11 12 32 25 18 19 29 44 31 10 18 23 24
58 67 56 38 37 39 32 28 34 17 4 19 43 43 34 39 19 21 13 24 40 60 68 36 35 45 71 58 37 76 35 22 1 27 17 9 19 26 8 93 149 99 64 11 73 23 34 44 15 19 26 29 24 15 12 15 9 8 7 6 6 5 5 5 17 6 22 34 27 41 38 0 19 40 26 32 5 8 12 15 15 21 38 18 13 76 44 23 15 18 10 18 16 8 22 25 14 24 30 26
41 43 23 15 31 31 21 27 26 15 1 8 25 25 20 27 7 8 14 28 47 52 35 13 18 34 45 31 15 50 22 18 5 35 30 18 23 54 22 143 133 51 25 0 82 28 47 15 23 17 21 21 30 6 17 18 12 11 10 7 1 0 4 11 3 21 13 36 27 5 23 0 6 36 13 38 16 0 11 26 31 36 53 39 34 54 47 31 28 17 30 38 21 19 33 34 22 34 31 21
27 27 14 13 27 22 14 23 26 17 3 6 20 20 15 21 14 1 3 28 45 36 17 6 28 44 51 33 16 30 20 18 14 30 27 18 18 48 16 114 123 77 98 41 51 44 34 23 11 12 18 15 30 7 10 10 6 4 4 5 4 3 6 10 10 6 0 31 22 1 25 7 26 27 0 30 24 1 10 20 32 35 56 43 24 28 27 31 40 37 47 45 30 37 41 21 9 25 24 12
60 45 23 24 44 47 36 34 42 37 24 23 35 38 37 44 31 3 0 30 43 19 0 0 24 41 43 30 22 16 36 36 30 27 23 9 0 27 13 89 154 177 201 134 52 38 26 32 26 25 18 1 24 12 12 19 14 9 7 10 11 7 7 9 14 3 0 22 17 19 46 15 31 24 0 45 33 3 5 18 22 25 51 40 12 7 15 36 36 41 50 40 29 45 43 7 0 22 22 6
84 58 23 13 41 65 53 28 34 33 21 16 29 39 44 53 41 14 10 39 52 32 12 10 23 34 29 22 28 11 51 50 46 14 9 17 22 55 21 33 124 172 144 158 127 69 57 39 33 25 13 0 17 13 4 10 15 9 8 12 12 8 10 17 13 14 11 16 19 54 73 13 25 23 13 49 27 5 10 22 18 22 45 31 7 8 16 32 14 18 29 24 14 31 36 8 8 32 31 12
62 55 30 10 31 70 65 26 22 24 11 2 16 32 40 47 35 23 24 44 61 59 47 38 37 37 23 16 28 11 49 45 23 12 34 40 31 73 91 120 241 223 118 150 191 88 50 39 39 21 21 2 30 27 6 6 7 1 1 7 8 5 13 26 13 12 13 20 31 65 69 14 25 37 44 63 25 14 18 23 26 29 44 26 14 31 30 24 4 0 13 19 6 13 29 25 28 47 43 25
23 41 47 30 32 65 70 36 25 29 15 4 19 35 39 39 26 26 28 37 50 57 49 35 43 36 21 14 24 26 47 46 2 13 47 36 4 37 89 136 248 251 214 221 232 101 62 116 47 13 26 9 22 22 11 17 21 11 7 13 12 4 8 19 13 0 4 26 40 41 34 22 22 70 121 129 49 15 10 18 22 23 37 26 31 59 53 34 16 4 21 35 17 10 29 42 42 50 41 28
9 23 40 36 28 46 50 23 20 28 17 6 22 37 32 22 19 20 22 27 34 38 32 23 40 32 24 16 18 46 48 56 30 14 20 17 14 27 20 1 109 199 237 243 174 24 0 19 43 1 40 29 16 6 2 11 38 20 12 21 24 13 6 8 8 2 6 23 33 14 4 33 25 66 128 142 57 15 4 14 15 12 30 32 40 63 56 43 30 20 41 56 33 19 33 42 41 38 24 19
38 27 35 42 38 44 41 15 25 35 28 20 37 51 40 24 10 10 15 26 33 34 32 32 43 37 32 21 13 54 42 57 56 39 32 15 17 41 62 63 183 255 234 246 167 59 74 7 49 18 93 98 63 30 11 11 30 9 2 20 33 25 12 7 0 16 20 15 19 3 0 38 40 19 40 70 32 23 13 15 22 12 32 39 39 46 37 34 32 29 52 66 43 29 34 33 34 23 7 7
29 23 31 35 35 52 53 22 31 62 37 13 48 63 39 32 18 17 16 1 10 25 18 28 43 48 36 23 27 32 32 36 44 61 24 9 24 43 60 36 68 121 133 146 119 193 169 45 72 9 126 220 210 176 79 29 17 8 0 35 1 36 30 14 0 9 21 12 17 25 19 34 37 9 0 0 3 11 12 2 0 16 18 34 55 28 1 16 27 29 52 66 43 13 9 15 10 12 19 27
16 25 34 23 13 31 33 4 13 49 37 18 38 40 25 35 31 35 35 12 5 9 3 19 44 35 17 14 27 27 16 13 57 67 46 25 32 62 79 57 72 82 78 124 119 143 167 41 69 33 90 255 245 223 101 52 5 0 38 41 22 24 20 10 7 2 14 25 43 41 14 18 38 20 15 19 20 24 26 19 11 18 22 44 59 22 0 15 38 29 40 52 36 17 17 24 33 33 39 48
5 12 22 15 3 10 16 5 30 68 62 35 30 14 3 21 35 47 55 31 17 15 14 38 58 61 45 33 40 38 16 0 20 55 89 54 7 14 18 6 80 78 29 48 49 67 68 32 56 46 59 145 200 139 52 14 14 0 31 46 34 4 11 7 9 0 13 34 53 42 10 15 26 15 17 22 20 23 32 32 32 24 26 60 82 47 16 31 42 22 23 34 25 14 16 22 22 19 21 29
19 10 10 17 15 11 15 22 55 88 79 41 24 9 0 4 25 40 55 38 26 23 21 46 59 77 62 28 25 37 30 14 21 34 84 72 49 67 40 0 19 33 0 75 133 160 23 104 74 112 21 45 40 45 5 13 31 11 0 71 71 32 27 12 0 3 20 24 30 26 12 30 15 5 8 14 13 20 33 36 33 21 19 51 77 56 24 22 34 12 10 20 13 4 9 15 20 12 8 12
16 9 0 0 9 18 14 9 43 70 57 24 20 26 17 7 19 27 39 27 21 14 1 17 44 41 21 5 14 24 28 33 0 7 63 50 21 46 52 45 101 49 0 121 238 235 23 80 45 113 31 43 26 37 44 49 43 22 45 87 113 92 46 16 0 7 19 6 9 21 17 32 18 7 11 21 23 28 34 32 17 19 21 31 39 28 9 0 29 8 6 14 6 1 13 27 29 18 9 9
23 38 24 9 35 66 57 33 32 43 31 13 24 41 35 18 25 22 27 22 26 22 0 8 50 16 4 40 66 42 18 27 35 15 20 23 35 63 60 37 30 39 35 125 218 254 237 255 153 41 150 61 22 88 34 51 59 38 133 53 92 89 32 9 1 9 11 0 12 34 23 21 14 5 13 27 31 32 29 18 36 53 64 57 43 40 42 42 30 11 10 18 10 8 27 46 27 18 11 11
10 28 21 15 40 55 43 32 45 36 25 25 36 39 31 24 29 19 20 21 37 39 20 26 58 27 23 70 99 63 20 15 12 14 11 22 26 30 47 51 36 44 23 65 161 249 255 211 224 255 94 29 62 43 13 64 54 60 147 33 51 33 17 10 21 15 11 3 23 41 25 23 10 2 11 25 29 33 34 27 19 21 27 23 11 11 20 24 27 12 17 31 25 18 28 39 24 21 22 26
48 48 46 61 72 47 30 49 55 33 25 40 44 29 21 26 28 13 11 13 33 40 24 32 47 34 24 39 60 51 27 18 35 29 0 9 22 13 32 38 47 44 22 57 127 221 198 224 200 203 100 36 63 42 106 43 24 73 105 65 52 0 27 23 37 23 18 13 28 37 26 39 18 9 15 26 31 42 55 57 54 26 14 20 20 18 19 15 20 9 23 44 38 22 16 16 10 13 21 30
36 54 55 69 68 41 31 28 40 23 37 42 51 19 26 37 36 26 8 31 74 59 26 33 47 15 0 18 15 40 6 44 80 70 23 0 36 0 27 32 31 53 36 57 140 162 20 244 222 0 163 25 67 75 163 81 20 53 78 53 85 64 25 31 16 33 11 20 46 21 18 39 30 18 21 36 40 38 55 81 62 41 22 20 41 26 33 16 20 14 25 34 20 9 15 22 7 18 36 42
40 36 6 2 10 10 25 32 8 5 22 39 51 35 28 24 23 19 16 50 88 67 39 53 48 21 6 33 20 46 21 46 81 75 36 8 43 17 47 24 24 40 21 67 110 197 0 255 243 77 241 51 91 62 158 104 19 40 44 62 70 59 64 4 10 12 26 24 22 21 22 42 42 26 13 12 18 26 36 46 49 43 38 34 37 10 29 29 41 27 21 15 3 7 23 32 24 26 41 51
36 40 17 17 26 19 13 1 0 17 31 42 33 29 16 10 23 21 21 46 68 44 23 42 43 24 20 41 18 47 38 47 44 34 26 27 54 30 51 16 6 0 26 21 81 139 192 253 252 248 254 181 81 74 147 121 34 83 51 43 57 60 39 1 30 11 32 21 7 38 38 45 44 35 18 2 0 8 17 21 32 35 43 46 40 0 15 20 30 32 37 28 14 20 37 41 46 33 36 46
47 54 31 24 26 19 17 6 0 36 47 44 10 20 22 32 51 45 30 25 29 15 5 16 28 16 20 38 16 53 69 70 38 11 24 51 54 21 48 36 19 34 25 12 16 85 247 197 184 155 243 255 129 167 94 167 74 123 101 26 29 83 41 61 63 43 19 11 15 53 46 30 32 36 35 22 4 0 10 25 42 41 53 68 72 26 25 17 32 37 36 16 2 28 67 83 52 28 22 32
13 29 15 11 10 2 9 10 22 54 55 43 6 17 22 36 65 61 39 16 16 23 23 20 20 12 14 29 18 60 97 95 50 25 41 50 20 0 32 40 31 49 45 0 27 75 62 169 255 68 248 228 255 240 116 171 55 106 122 27 0 113 106 74 49 67 0 1 26 47 39 14 25 29 41 48 30 7 9 28 33 32 44 60 69 30 29 19 20 24 27 20 23 53 79 78 33 14 15 32
0 18 19 31 31 9 5 4 0 12 19 30 32 49 57 66 37 38 27 14 18 38 45 36 34 27 14 19 16 42 78 73 30 42 72 57 12 3 28 24 41 29 23 56 46 0 123 83 209 126 255 244 246 255 179 206 158 110 52 45 52 72 122 196 31 84 6 26 44 51 53 38 28 22 34 54 49 22 9 16 10 19 31 35 37 8 26 26 11 12 25 42 60 78 69 39 14 10 26 48
62 50 21 25 32 20 28 38 47 33 32 34 38 21 18 19 18 12 13 15 16 26 35 34 49 44 16 14 17 20 41 34 17 46 84 71 32 31 38 30 46 61 56 28 31 34 29 58 126 116 138 171 143 234 43 35 51 82 59 30 82 97 90 117 47 79 15 23 4 14 16 7 23 22 31 43 40 22 10 9 22 37 47 41 40 19 40 38 28 20 20 26 36 53 58 44 21 25 42 54
92 57 7 10 28 24 37 51 39 19 29 31 40 11 21 35 32 15 15 24 15 6 15 26 48 47 15 15 28 19 31 22 19 28 50 44 15 13 20 34 48 52 51 43 11 26 10 0 115 180 112 184 180 100 93 114 49 0 55 59 91 101 92 154 179 163 102 84 25 41 32 18 12 26 37 34 21 13 12 15 36 50 56 48 52 33 43 25 6 12 26 27 15 18 32 37 41 44 52 47
51 50 34 27 29 16 15 41 37 8 10 19 23 18 14 38 27 31 24 20 29 28 16 11 23 13 8 31 59 54 34 29 29 24 15 10 15 21 15 2 16 38 56 59 47 56 10 11 207 245 255 225 218 202 69 55 41 166 76 59 60 94 153 187 253 154 98 78 34 72 22 33 20 37 45 30 10 5 10 14 28 40 38 45 43 34 38 27 17 8 30 32 17 11 13 31 42 41 39 36
11 42 66 62 36 10 12 35 39 18 19 22 31 33 15 16 37 24 9 14 30 27 15 16 24 21 15 23 40 35 18 12 28 26 24 27 40 50 45 34 37 64 94 107 93 88 42 47 209 253 243 182 100 237 52 99 0 133 60 116 96 191 211 218 255 135 75 40 6 27 17 0 26 42 49 37 22 17 18 18 12 19 20 35 31 18 33 43 23 3 15 18 13 16 15 26 29 26 23 21
0 38 89 92 53 27 28 33 20 14 22 19 28 41 26 20 51 36 20 24 30 18 12 27 36 35 24 19 29 29 22 23 42 39 36 38 47 55 52 45 65 69 72 70 56 58 52 85 76 196 117 140 8 92 116 245 103 44 0 143 127 229 233 133 184 92 56 59 3 14 30 12 17 26 26 14 6 10 14 13 6 1 0 23 27 15 37 56 28 1 5 8 11 22 18 20 21 17 12 11
34 54 83 77 43 29 21 0 3 4 18 12 14 27 24 32 57 46 31 34 45 39 28 32 42 32 16 15 27 29 33 47 35 33 29 23 21 21 22 22 37 39 46 56 50 33 28 57 42 90 60 150 72 255 116 221 245 115 49 61 48 88 141 27 62 45 9 67 1 21 23 29 27 28 19 5 4 16 27 29 27 15 1 20 28 20 33 39 25 7 15 15 15 25 19 18 19 15 10 10
68 59 57 45 33 45 46 20 9 2 13 10 10 12 4 15 39 38 27 32 60 70 51 31 32 15 3 15 30 24 25 46 27 31 35 32 23 16 16 20 1 7 25 54 63 27 13 23 29 17 25 176 235 244 205 255 254 22 74 114 49 0 140 59 64 71 0 39 13 24 14 33 33 35 27 13 11 21 29 30 38 39 25 26 21 10 17 12 18 16 37 33 21 24 18 18 33 30 28 29
52 44 33 20 19 40 53 46 15 3 13 16 22 21 1 1 11 35 42 38 47 52 41 29 28 19 15 29 40 28 21 34 27 33 41 44 37 26 21 23 8 4 7 32 54 23 27 35 25 59 82 193 241 255 231 236 210 136 232 232 128 63 158 139 106 119 63 30 40 10 16 36 23 34 37 27 18 16 14 10 13 34 33 29 12 0 12 12 10 20 48 39 20 22 16 16 8 10 11 13
31 38 30 16 11 8 5 8 14 20 35 27 26 34 21 20 14 37 45 39 35 28 19 19 24 33 31 28 33 32 29 34 21 16 15 21 24 22 20 21 17 17 18 40 66 33 42 42 27 2 53 89 156 137 193 255 239 102 145 223 147 142 170 128 76 96 81 25 33 0 11 20 24 44 57 49 34 25 19 14 0 14 17 27 18 2 14 19 7 15 39 28 12 20 14 10 20 26 32 34
13 36 42 43 49 34 15 18 17 46 68 38 17 31 37 45 43 28 12 23 49 45 18 1 10 34 29 5 7 25 34 36 32 13 0 8 25 39 48 53 24 20 11 19 44 14 37 40 34 30 29 77 100 76 129 182 137 44 57 152 164 222 183 109 50 56 45 17 14 22 18 5 19 43 59 51 33 24 22 21 20 10 1 25 30 9 8 7 7 8 25 12 4 19 13 4 10 19 29 31
40 39 25 22 43 58 55 50 54 56 62 38 0 0 20 25 18 18 16 23 42 55 40 16 24 22 15 8 15 29 31 23 9 23 26 20 29 53 60 50 39 18 15 10 24 0 11 39 37 40 44 40 69 75 43 63 62 14 50 104 91 163 115 57 7 23 23 24 33 23 15 30 27 34 40 41 28 4 9 41 38 38 26 11 12 24 23 11 3 12 22 23 9 0 2 14 18 19 21 23
78 53 24 19 28 28 29 38 34 33 44 40 14 7 11 4 11 7 9 21 32 32 22 14 17 19 32 61 88 83 38 0 7 30 41 28 18 26 35 33 35 28 37 35 44 10 11 26 39 27 16 0 19 30 8 19 63 77 87 59 6 54 14 0 3 10 20 34 41 31 24 33 30 28 26 34 41 26 10 14 32 47 53 38 22 18 21 23 12 9 14 21 17 8 10 20 26 29 32 32
75 41 12 8 9 6 16 36 28 16 22 34 30 23 21 15 20 10 11 21 23 14 13 21 27 21 34 74 108 99 52 9 11 32 44 33 19 20 26 28 32 33 34 24 28 9 14 27 32 25 21 2 1 13 6 8 32 57 52 35 17 37 0 30 36 14 10 19 17 13 23 34 41 28 12 21 49 52 25 4 12 31 48 47 32 23 29 40 20 14 19 31 28 17 22 39 48 50 49 46
55 44 36 29 22 28 43 51 25 14 23 46 52 40 32 33 30 23 18 19 17 14 18 27 39 29 29 46 59 54 42 36 21 26 27 22 18 19 20 20 24 29 22 6 7 5 13 26 23 35 51 39 21 24 29 25 2 16 13 24 35 41 0 25 56 14 1 9 0 0 14 25 48 34 6 3 35 55 39 18 4 6 15 25 29 29 33 39 21 19 29 40 31 15 23 47 49 43 35 29
17 36 51 35 14 23 29 11 16 21 41 68 68 39 17 19 18 22 21 16 19 26 26 21 29 27 30 33 25 14 16 27 30 24 18 13 9 7 11 18 21 37 33 24 20 18 9 10 9 18 23 18 5 6 15 7 14 41 47 34 20 36 14 4 48 18 23 45 38 26 28 27 40 38 13 0 13 35 34 26 18 9 4 9 18 24 29 34 23 15 20 32 30 16 17 30 49 37 22 15
34 52 77 68 38 36 35 10 30 36 42 53 50 19 0 8 2 14 21 21 28 38 33 18 12 16 22 24 19 15 19 28 31 28 28 28 18 12 26 48 43 55 42 36 27 29 12 11 44 33 5 5 16 22 34 29 8 7 10 9 0 8 15 11 10 0 8 31 30 15 5 1 33 43 30 9 11 22 24 24 24 21 16 13 15 25 36 44 34 17 9 21 34 32 22 16 46 36 24 19
53 31 49 68 41 18 21 19 47 43 27 24 30 16 4 17 9 14 19 23 27 31 30 26 13 18 18 11 8 17 31 41 32 26 30 40 37 28 37 58 61 59 30 26 20 34 25 35 52 40 0 0 17 11 19 25 35 13 0 18 29 18 21 34 23 21 20 28 35 24 14 18 31 43 36 21 23 26 23 21 16 21 22 19 24 38 46 45 34 23 13 17 31 39 35 26 19 19 19 18
83 19 24 68 46 5 14 39 41 37 19 19 40 34 18 24 24 15 12 15 14 10 19 34 22 32 30 9 0 3 22 36 35 18 15 33 40 28 21 27 54 49 18 23 23 44 38 52 78 83 43 42 49 16 15 32 12 36 24 16 35 25 18 20 1 12 9 12 26 17 5 14 29 35 26 18 26 31 23 19 14 19 18 18 32 48 42 24 20 24 23 16 18 30 40 43 6 16 27 29
49 44 74 58 0 37 7 30 39 35 27 19 22 31 31 23 19 21 22 22 20 20 23 25 32 32 25 11 3 7 16 22 29 7 8 37 49 31 17 20 46 31 0 1 41 20 38 39 83 71 79 95 78 34 11 18 8 12 12 10 15 22 22 17 21 13 10 24 31 12 0 7 15 17 14 19 26 17 8 13 7 13 15 18 34 48 38 17 13 21 20 10 7 19 31 35 25 30 37 42
38 65 70 44 25 25 15 11 0 13 21 16 17 28 33 28 30 32 33 33 32 33 34 36 19 28 32 26 18 18 22 24 19 32 45 50 47 39 26 15 23 7 0 21 34 3 5 17 38 32 35 45 40 22 10 11 10 14 13 7 7 18 29 34 37 35 35 45 48 24 0 0 12 17 18 22 26 14 1 5 2 6 9 13 24 33 27 15 10 16 19 14 10 12 16 19 57 47 34 25
35 49 41 65 105 26 23 12 0 23 37 28 16 14 14 10 11 14 18 23 28 32 35 37 17 30 38 32 20 14 15 17 15 34 47 45 41 39 32 19 23 9 20 39 36 39 26 31 11 8 7 13 24 33 34 30 17 23 22 11 2 7 20 30 31 35 36 45 53 37 14 7 20 25 22 21 22 12 3 9 8 9 10 11 13 16 17 17 17 16 17 18 14 9 11 16 54 37 15 1
23 27 31 71 100 14 28 31 30 38 46 44 28 10 4 7 5 6 10 17 24 28 29 27 17 29 35 25 11 7 12 18 28 20 19 29 38 39 41 44 27 35 56 44 15 59 56 58 45 33 20 18 23 25 19 10 19 24 24 16 6 4 11 18 20 24 21 25 38 37 26 23 31 33 23 14 15 12 13 24 24 20 16 13 8 7 15 26 33 24 20 22 20 16 20 31 20 14 6 3
10 28 48 35 4 0 36 42 36 21 24 41 39 20 18 33 33 30 29 31 34 32 26 20 12 26 34 28 18 17 25 32 39 30 26 31 38 44 54 66 52 70 92 59 0 18 11 20 37 22 14 23 29 23 13 9 19 17 16 14 13 14 18 23 25 27 20 17 26 25 17 19 28 30 18 8 11 12 14 23 28 22 16 11 5 6 19 34 42 31 26 30 30 25 27 34 4 12 21 27
22 16 36 27 0 28 38 40 34 12 11 31 34 16 16 35 34 30 28 31 35 33 23 14 20 36 48 46 36 29 28 28 27 46 55 42 31 38 51 57 28 26 49 72 63 58 43 49 6 2 11 33 49 50 48 49 31 20 11 10 13 16 22 27 22 25 21 20 23 13 4 10 21 25 16 7 12 11 5 6 19 16 11 6 5 13 25 34 34 30 29 32 33 27 21 18 6 16 27 31
23 13 24 41 39 52 28 27 31 25 27 31 22 7 9 22 20 16 16 23 32 33 24 14 27 41 53 50 39 27 18 11 11 32 48 42 27 20 26 35 56 40 40 75 100 60 34 22 23 32 41 47 52 54 50 43 30 19 10 10 13 14 17 22 17 18 18 23 23 7 2 18 31 33 21 11 15 13 1 0 14 17 14 9 14 25 29 25 21 21 20 20 23 23 16 6 7 12 17 19
0 42 47 28 33 32 16 11 15 32 44 36 21 14 21 29 30 25 24 32 41 41 31 20 20 32 41 38 29 21 13 6 10 3 14 36 31 7 6 25 19 34 34 47 69 22 25 21 23 43 51 39 35 43 39 24 8 4 5 13 17 16 17 22 27 24 22 27 24 5 6 31 52 49 28 13 17 16 5 0 18 24 23 17 24 35 31 17 12 13 8 4 9 19 17 7 9 10 12 15
41 63 54 26 19 23 18 10 13 44 44 32 11 34 33 30 19 32 38 36 40 45 36 19 18 30 39 34 25 20 19 18 26 13 16 31 31 16 15 29 30 21 16 20 21 16 12 13 21 30 36 35 33 32 27 21 18 10 5 9 21 30 33 30 30 23 21 2 0 11 9 15 45 37 27 22 22 19 13 7 16 10 13 26 31 22 12 9 9 12 15 16 18 21 23 23 22 21 21 22
58 61 48 32 26 22 21 29 30 44 33 28 13 31 23 16 15 13 15 22 29 31 30 28 28 33 33 26 23 27 35 39 36 27 26 31 25 13 15 27 19 21 18 11 11 18 22 19 24 7 12 35 34 9 6 26 25 17 10 12 21 31 34 33 25 19 23 12 12 21 9 8 14 12 12 18 25 24 14 5 24 16 8 10 21 29 21 7 5 11 17 20 22 24 27 29 28 26 23 22
40 32 23 25 26 15 22 49 41 42 24 28 27 50 36 23 27 17 16 26 29 22 24 34 36 34 28 20 21 31 39 42 52 50 46 37 23 12 13 20 15 28 27 14 15 32 40 35 27 5 10 39 39 12 11 36 35 26 16 12 16 21 23 23 29 21 27 21 24 29 11 6 7 5 8 18 29 31 22 13 21 15 6 8 30 49 39 15 11 16 19 17 12 10 15 22 22 19 14 11
16 16 18 27 27 12 18 49 48 52 33 35 41 74 57 34 21 20 24 28 22 13 18 31 42 38 29 21 22 26 25 20 41 51 54 42 27 18 18 20 27 35 35 28 29 38 38 30 23 26 31 36 36 34 33 35 39 32 23 17 17 18 18 18 35 27 33 25 24 28 13 13 11 3 0 0 8 13 11 6 19 15 17 32 52 58 39 15 10 14 15 10 0 0 5 17 13 9 4 2
20 36 46 47 38 18 13 29 51 65 46 35 34 70 53 23 3 17 26 18 4 3 18 34 52 45 32 22 21 21 15 6 14 33 48 46 36 31 30 29 31 27 28 35 39 34 23 15 21 36 39 28 25 34 32 19 27 25 24 24 27 32 37 39 25 22 33 26 21 22 12 19 23 14 4 2 6 12 14 13 26 19 28 49 56 38 15 5 0 8 18 21 12 4 10 22 17 13 8 5
17 39 50 48 39 21 9 12 37 53 35 21 13 46 35 14 26 43 50 33 12 11 29 47 58 47 29 16 15 19 18 12 16 34 51 53 43 35 31 30 14 8 13 32 46 41 30 23 31 33 31 24 18 17 15 13 7 10 15 21 29 41 52 60 10 10 28 26 20 18 9 19 27 24 21 20 23 27 30 31 19 11 19 40 38 15 3 10 7 17 33 42 33 16 12 19 22 18 14 11
12 21 24 29 34 23 11 14 27 29 11 7 0 23 22 23 50 58 67 61 39 22 29 46 47 36 20 7 7 14 17 14 28 37 46 47 36 23 18 21 8 10 15 25 38 44 39 31 39 32 25 18 13 11 16 23 16 16 16 16 20 29 43 53 16 11 23 21 18 17 9 20 13 15 15 13 12 14 19 24 2 1 9 21 20 9 10 21 23 27 37 42 31 12 7 14 19 17 14 13
26 17 9 20 35 27 17 24 36 21 0 5 0 8 13 32 32 34 51 66 49 18 12 29 29 22 11 1 2 8 9 5 18 20 25 27 19 8 8 16 23 31 29 19 20 31 28 15 34 34 23 7 5 18 30 32 45 40 31 20 13 16 26 36 37 21 22 14 13 16 11 24 19 19 17 9 3 5 14 23 0 6 13 15 13 12 14 18 25 21 22 23 15 4 7 20 16 15 15 16
17 15 14 18 23 27 30 33 38 23 4 4 14 8 0 6 22 29 41 45 30 10 6 14 14 14 23 38 44 34 20 12 14 1 9 15 2 4 13 4 20 38 45 41 38 28 18 21 43 26 12 8 7 6 14 26 42 43 44 39 24 9 7 12 41 41 9 0 16 17 7 21 27 23 17 13 13 17 22 25 17 13 14 22 22 14 11 14 23 21 19 13 2 0 12 31 29 16 7 12
16 20 24 26 25 27 34 42 46 34 18 20 35 29 9 0 16 36 53 51 38 24 14 7 5 14 37 66 79 68 46 32 19 8 13 20 16 23 25 10 12 38 58 63 56 34 19 24 28 25 14 4 8 20 23 18 27 33 35 29 18 11 10 13 44 39 8 0 13 13 9 30 34 32 29 25 22 21 22 24 22 13 12 21 26 24 25 30 39 34 26 16 6 6 24 44 48 30 13 7
13 21 29 29 24 24 29 35 45 40 26 27 46 48 26 10 35 65 85 76 62 54 37 17 12 23 46 70 79 67 45 30 16 11 15 19 21 31 30 10 12 32 53 71 73 46 19 15 17 26 19 5 15 39 37 14 14 23 25 15 9 11 13 11 33 27 6 2 14 6 5 30 39 40 39 33 24 18 15 15 29 15 8 14 20 20 20 24 27 23 18 12 7 10 26 42 48 33 17 9
10 16 21 22 23 23 18 12 30 35 25 20 35 44 37 30 30 55 72 66 57 50 37 19 23 31 42 47 43 32 21 16 15 21 24 20 19 27 26 15 14 14 20 47 70 56 25 13 19 25 19 11 26 49 44 20 19 27 24 9 5 16 21 17 14 10 5 13 19 4 0 23 38 38 36 28 17 9 7 7 29 12 1 7 16 17 15 16 12 14 15 15 12 11 14 19 18 15 13 15
13 11 11 17 30 33 17 0 14 30 29 19 22 27 28 33 21 31 40 41 38 33 29 25 25 38 50 46 31 18 14 15 25 39 41 31 24 23 24 26 19 9 2 19 44 43 26 22 23 17 10 13 27 40 37 27 28 32 24 8 8 23 31 27 10 6 9 21 22 8 8 28 31 30 25 18 12 10 13 17 22 6 0 10 24 26 24 24 20 22 23 21 17 13 6 2 3 7 13 17
20 17 13 20 37 45 29 5 8 28 35 29 24 16 12 19 34 33 32 30 26 24 25 27 31 53 71 67 47 29 20 18 33 45 43 36 33 24 20 29 36 36 23 13 15 13 12 20 19 7 2 12 22 24 26 31 26 24 15 4 6 19 27 27 23 15 16 23 19 14 22 38 24 19 13 10 12 20 30 36 24 10 4 15 27 28 24 24 17 16 13 10 12 15 12 6 20 24 24 20
29 30 26 24 32 41 34 18 10 21 28 34 36 22 9 12 25 30 26 15 15 25 28 23 34 51 62 56 41 29 23 20 37 36 28 34 48 34 16 21 43 54 43 19 10 8 8 15 13 7 7 14 19 20 27 37 27 20 11 7 9 14 17 18 28 20 21 21 14 14 24 30 20 12 3 2 11 24 35 41 29 15 9 17 25 24 22 23 16 14 8 5 12 22 22 16 23 28 27 19
35 41 38 26 22 28 30 25 12 11 13 28 43 33 18 19 6 24 26 13 22 50 59 45 23 29 27 18 13 18 25 28 41 29 15 34 64 49 17 16 29 44 37 20 23 30 26 22 11 14 19 21 22 27 36 44 38 28 20 20 20 17 14 15 21 17 21 20 10 11 16 12 17 7 0 0 7 20 29 33 27 14 9 18 28 30 32 37 36 33 27 22 27 33 28 17 1 10 14 9
50 75 49 36 8 8 11 19 4 20 22 11 16 32 29 10 7 5 6 14 29 44 55 61 25 7 0 1 0 7 17 17 13 6 14 25 28 29 23 7 11 17 32 17 20 50 44 23 16 22 26 17 4 44 38 32 33 35 30 22 22 26 21 12 16 13 12 14 13 9 8 10 14 16 21 21 15 10 15 25 8 8 8 11 16 20 21 21 25 29 26 17 15 18 15 7 0 0 0 4
51 73 46 36 11 10 11 16 32 46 43 24 17 23 15 0 5 12 19 21 19 17 18 21 5 0 12 28 30 27 22 11 20 14 16 16 9 15 27 27 19 9 16 14 34 68 55 27 27 32 32 20 2 37 29 21 21 26 25 20 23 31 30 22 6 4 4 8 9 7 8 11 26 32 42 45 36 22 17 19 16 14 10 8 7 6 4 2 8 16 17 10 8 13 14 10 5 2 4 10
45 65 39 35 17 18 16 18 41 57 56 34 23 27 20 3 2 16 30 29 17 8 11 18 12 6 16 30 31 32 32 25 19 19 23 14 0 3 28 43 26 6 13 19 39 65 50 29 34 38 36 21 1 33 23 14 14 20 21 19 24 34 36 29 10 8 9 13 15 13 14 18 30 38 49 52 40 23 14 13 18 15 12 11 11 11 9 8 20 30 31 19 9 8 10 7 13 10 11 17
36 53 29 34 24 27 23 24 33 53 57 38 28 35 33 20 4 18 30 27 17 15 27 42 29 15 14 18 17 24 35 36 9 17 29 22 0 1 25 40 26 12 26 29 29 38 31 30 32 36 35 21 1 35 25 16 15 22 23 20 23 31 33 27 24 21 20 22 21 18 17 20 30 34 39 39 28 15 11 15 17 15 14 16 18 20 21 20 39 51 51 33 14 8 9 8 17 14 15 21
