61 73 70 61 49 46 55 32 44 42 46 65 99 121 98 53 50 47 47 34 70 49 24 56 86 88 78 29 19 48 96 72 46 58 16 28 30 24 35 53 57 29 53 30 11 24 15 24 19 35 25 15 29 34 26 27 34 26 22 22 18 12 17 27 61 101 126 50 50 39 79 126 135 100 31 25 21 35 34 23 33 46 9 70 68 53 27 37 53 82 100 172 132 83 35 61 58 36 40 8
74 30 2 73 86 61 34 40 21 39 50 67 85 74 60 73 102 92 53 51 70 47 4 13 57 101 128 122 56 74 96 91 82 99 27 37 19 43 61 64 42 24 20 33 21 5 0 12 19 18 15 23 40 40 28 25 39 28 23 26 27 25 28 36 57 93 102 19 8 13 37 53 67 30 3 19 47 61 42 26 68 79 28 67 64 55 27 23 77 88 107 149 118 51 18 47 52 32 45 25
110 104 49 76 66 84 62 62 47 49 27 29 58 50 31 47 77 82 29 55 77 66 47 50 0 17 70 103 60 74 96 98 104 99 54 88 66 30 70 80 26 52 8 38 31 8 2 16 19 11 24 44 45 36 33 31 30 19 16 24 30 29 29 33 59 80 93 48 33 41 38 31 66 44 24 20 38 53 29 3 65 87 49 89 99 97 67 46 60 74 104 110 93 33 15 30 36 14 34 29
88 92 41 39 11 18 24 51 59 46 19 8 32 53 39 12 94 109 53 62 69 33 50 48 38 0 55 78 76 45 73 72 96 58 56 88 95 4 65 44 21 102 29 39 25 20 27 19 13 16 42 54 30 20 31 33 15 11 16 28 32 26 22 25 22 15 31 31 20 24 15 19 76 90 38 22 4 34 38 14 18 37 2 42 67 76 70 65 33 57 83 67 62 49 47 60 50 24 45 45
44 58 40 34 33 40 54 52 30 28 56 55 22 45 76 52 71 83 46 43 71 24 78 68 64 11 80 97 84 11 21 36 28 2 15 48 72 58 133 75 21 108 40 40 14 14 26 10 8 18 41 40 16 17 28 21 12 17 30 42 38 26 21 26 35 15 16 10 2 15 20 34 71 100 22 50 12 28 43 25 26 42 17 56 74 61 59 64 38 41 48 43 40 59 64 104 76 49 68 66
36 57 68 63 60 69 94 72 47 30 81 93 26 40 111 118 70 65 36 22 64 10 57 24 56 19 68 99 87 48 29 56 53 43 48 87 16 48 91 55 34 56 21 43 18 7 16 16 15 21 28 29 31 39 33 11 18 23 34 42 34 20 19 27 33 36 38 1 3 21 24 21 67 78 21 97 72 51 38 22 48 57 24 42 48 21 28 41 37 12 21 41 43 41 26 77 47 28 51 46
78 57 76 125 78 47 77 106 64 31 57 70 32 54 108 105 46 39 24 24 63 21 42 2 39 5 24 24 59 65 37 44 41 42 69 121 8 83 113 100 84 15 5 36 20 14 15 22 21 25 27 39 59 56 31 13 25 21 21 21 15 8 13 25 38 56 67 18 37 38 29 18 40 38 42 94 98 74 42 30 82 78 19 3 11 8 47 72 38 5 29 32 51 31 0 26 6 0 32 27
36 43 62 105 35 44 59 50 23 11 26 36 36 67 79 42 36 40 36 49 67 34 34 0 40 16 46 0 79 93 87 71 40 44 87 113 51 199 239 182 145 15 9 24 10 18 12 9 16 26 32 54 74 52 20 17 33 19 7 3 0 0 11 25 49 52 58 10 42 19 11 16 33 28 76 52 64 54 20 9 52 70 33 22 38 36 61 63 61 31 55 9 48 42 23 19 9 13 53 48
28 10 59 50 32 62 43 16 4 33 75 6 50 68 44 15 43 49 44 57 50 21 59 0 30 42 36 58 106 152 115 95 49 36 70 75 63 227 229 137 81 24 36 14 12 13 17 14 25 19 16 44 48 22 18 16 28 13 7 12 13 9 13 25 31 33 43 11 32 10 0 32 51 49 73 32 25 32 37 25 52 79 62 63 66 42 36 26 18 31 86 4 60 76 62 40 25 14 41 58
52 32 50 31 34 69 50 39 60 120 144 35 36 62 47 32 52 69 62 39 5 10 74 1 28 30 23 57 72 80 57 51 25 16 41 20 41 134 109 26 57 40 11 13 19 17 11 10 26 38 31 29 20 13 24 19 16 20 22 17 12 15 30 43 44 24 10 0 39 18 10 72 57 29 85 7 28 61 64 45 66 67 45 52 52 25 16 4 7 0 55 60 100 78 47 44 46 27 59 54
70 37 32 36 53 41 24 82 159 195 180 66 22 52 55 62 57 78 77 52 16 35 91 10 22 27 24 75 61 37 38 39 52 46 56 0 40 70 62 34 46 60 0 9 19 17 7 8 22 19 17 39 39 20 33 47 0 11 25 24 21 25 31 33 36 57 44 1 22 18 20 65 57 31 66 33 42 71 74 44 20 24 34 54 40 17 30 37 24 5 37 81 81 39 27 43 84 86 109 77
57 56 51 52 65 23 8 100 103 81 75 55 24 69 89 99 130 114 56 19 8 37 87 47 82 73 32 54 31 45 110 127 29 30 55 24 59 58 58 56 58 59 11 9 11 13 9 9 12 17 31 75 84 49 28 13 40 43 46 46 40 31 23 18 22 57 66 25 10 22 33 34 36 43 22 94 58 52 65 33 9 19 50 69 48 37 53 57 3 9 28 49 30 7 49 61 41 86 72 48
38 92 81 40 51 40 22 69 106 49 65 109 69 96 92 56 64 94 65 66 86 86 66 29 46 58 17 24 8 42 94 76 7 0 27 34 34 37 49 56 62 31 39 16 9 11 13 7 24 42 23 5 10 34 49 24 0 0 4 25 33 31 43 63 44 25 35 43 16 40 75 58 20 41 14 95 49 34 52 36 34 32 53 62 62 77 77 57 1 18 33 26 18 0 59 48 23 80 18 49
59 86 54 19 37 32 12 30 37 3 28 75 52 93 92 34 23 71 48 41 57 73 62 50 73 75 21 8 6 52 74 42 19 29 61 73 12 8 40 68 49 7 45 26 17 12 14 10 25 63 72 66 52 44 45 24 30 28 44 64 55 30 31 53 79 63 62 54 1 47 113 96 40 40 48 39 26 27 33 39 40 42 55 44 45 67 63 52 44 34 32 28 41 15 49 36 35 79 2 53
106 72 25 24 40 17 2 17 12 12 7 20 35 83 89 53 43 58 47 50 25 34 34 29 51 51 24 39 60 78 36 0 11 56 106 122 55 18 22 38 37 16 22 28 27 14 14 23 48 54 54 63 37 0 0 13 26 25 38 59 58 36 24 27 72 108 98 61 0 24 80 72 60 53 52 19 27 27 19 35 45 55 67 42 30 30 15 26 50 33 23 48 69 52 49 54 70 130 87 55
134 92 45 41 46 33 25 19 35 53 19 14 65 95 88 79 58 43 79 143 100 78 63 44 61 38 16 50 91 102 44 29 41 71 92 106 92 54 31 23 38 41 0 24 30 14 13 39 39 41 30 33 28 22 44 54 61 39 22 28 44 46 32 17 36 78 64 59 9 0 8 21 53 63 15 43 48 31 19 35 34 36 48 42 52 46 13 27 43 49 44 83 85 68 22 33 80 176 179 35
78 53 52 72 22 12 12 19 52 57 12 25 67 51 39 73 64 59 117 147 72 60 66 59 57 59 33 61 101 127 74 41 54 38 50 57 76 70 20 13 42 45 29 16 18 12 19 48 38 32 0 12 54 69 74 49 54 84 128 166 176 139 73 16 15 31 56 104 45 27 5 17 73 79 11 54 57 53 35 28 32 39 44 46 67 96 75 20 0 70 112 90 73 35 32 25 83 193 205 42
22 16 35 64 25 18 17 18 63 71 9 0 47 66 56 54 46 49 81 94 47 60 57 29 61 85 79 83 66 59 46 69 56 58 59 45 37 26 8 15 21 23 18 14 13 11 19 38 28 21 5 15 25 14 16 20 33 78 127 235 248 182 88 11 27 31 45 93 58 63 44 46 71 85 44 74 79 69 40 27 56 41 28 33 60 90 84 52 27 48 91 85 53 18 42 50 79 164 163 50
46 39 50 71 53 58 55 43 61 84 46 34 89 100 81 59 20 39 59 83 70 80 57 27 32 53 65 81 63 38 21 41 66 81 60 31 12 5 21 33 11 8 15 18 11 13 23 28 32 19 31 42 40 30 34 66 79 81 32 146 149 114 85 52 57 38 14 25 0 33 53 68 45 67 59 63 69 63 41 40 50 61 64 43 14 14 52 92 57 46 82 64 13 0 56 77 84 105 72 35
51 46 42 33 17 33 49 49 53 48 16 24 80 66 53 48 31 48 48 85 91 81 55 50 47 31 13 18 28 32 21 17 69 87 48 22 13 17 48 50 23 13 21 24 11 17 31 27 27 9 34 39 39 51 57 90 214 191 61 131 84 46 44 29 22 42 64 80 40 45 36 26 58 73 69 38 37 33 17 25 56 36 22 40 70 70 44 24 19 28 68 39 19 48 120 150 68 42 3 46
60 71 72 45 26 39 74 92 95 53 2 0 51 40 62 84 69 72 22 36 54 55 44 52 58 50 30 0 0 17 25 9 60 82 47 23 17 22 50 46 35 21 21 20 8 19 35 30 30 26 54 36 16 33 38 52 142 155 66 127 83 54 59 43 12 24 34 31 0 15 30 29 65 69 57 35 55 63 39 32 19 27 31 49 79 86 80 84 62 73 90 45 43 45 47 54 34 19 10 84
40 43 43 23 30 35 49 47 41 42 29 5 28 8 52 81 66 78 6 0 23 46 44 32 35 50 52 9 5 33 55 28 49 75 62 35 17 14 28 33 31 21 14 7 5 18 31 30 35 63 96 64 16 25 46 48 82 99 58 72 45 39 58 56 30 23 23 20 10 37 56 47 46 49 27 48 94 112 74 42 27 35 32 45 76 85 87 108 78 73 87 61 82 62 11 0 30 36 39 68
33 29 26 10 31 25 24 10 17 53 82 58 58 10 39 51 28 64 14 13 23 34 36 22 35 37 35 0 8 60 102 72 35 55 62 36 19 15 10 23 23 23 10 0 8 18 21 24 25 66 94 67 10 18 66 67 28 28 43 13 15 16 29 35 35 17 15 18 24 51 70 57 50 62 17 51 75 81 44 11 3 28 49 76 89 52 29 55 87 73 100 68 77 85 59 43 42 40 44 32
52 67 78 49 49 31 50 65 89 85 89 70 82 23 29 19 7 52 23 37 19 0 12 26 24 29 42 13 34 76 106 65 19 26 43 23 20 24 3 17 21 28 12 1 15 19 13 18 30 62 71 51 0 7 72 72 27 9 61 10 33 30 28 37 5 0 12 25 34 53 69 56 40 67 7 38 30 28 14 4 1 19 38 65 65 12 0 54 67 61 99 32 11 70 103 90 38 19 39 37
89 116 109 68 42 0 37 103 133 65 8 50 60 42 57 44 0 62 43 43 19 0 9 47 46 29 46 55 38 51 57 21 1 22 18 16 31 17 0 16 26 27 17 13 19 17 10 13 27 42 45 29 11 21 74 130 74 46 68 30 41 40 57 35 32 13 25 27 9 19 51 52 59 49 39 35 38 26 15 24 20 39 53 47 48 29 21 47 76 49 66 59 39 55 128 88 45 20 84 48
110 109 87 55 26 0 22 79 93 45 15 13 62 48 83 56 29 71 68 47 26 36 39 25 34 30 50 55 35 37 39 13 12 27 17 15 33 26 12 24 33 30 17 11 19 18 12 14 44 37 14 13 25 18 59 148 141 66 45 22 42 46 61 58 53 36 34 31 0 10 40 51 82 73 8 37 29 46 67 63 39 42 45 48 53 39 41 76 68 62 91 78 74 79 73 65 46 34 73 38
95 102 84 52 37 50 52 47 43 77 96 44 42 19 68 77 47 63 84 41 19 51 79 67 16 23 40 43 28 22 22 12 31 34 17 12 30 28 15 20 28 27 17 17 29 27 16 13 32 39 18 21 43 14 22 102 123 49 23 32 70 86 73 57 24 21 19 33 0 18 37 54 60 43 19 42 43 65 86 73 29 22 26 57 59 32 24 53 62 53 65 64 97 109 23 39 37 26 22 7
47 41 35 24 22 53 49 36 70 71 43 30 68 101 70 38 57 49 70 28 30 53 77 90 60 59 59 58 53 48 46 46 34 31 12 8 27 31 19 15 11 16 17 27 45 41 22 13 11 47 51 41 42 23 14 40 34 46 73 73 64 65 44 36 10 15 10 40 6 26 16 23 45 0 66 30 41 46 46 45 37 29 37 96 95 56 37 56 99 66 21 19 39 72 23 75 94 74 23 4
57 5 10 25 17 12 47 120 125 98 66 42 72 105 75 75 83 72 65 23 59 66 43 45 69 45 25 22 26 27 26 25 28 23 11 12 30 40 31 20 0 7 12 28 50 49 31 22 26 43 58 49 34 40 42 26 3 36 73 71 63 61 35 26 18 18 3 35 17 40 20 22 83 21 67 12 9 9 17 27 11 5 9 82 75 43 31 44 54 58 42 90 46 35 37 75 76 80 58 50
84 53 85 74 61 43 107 220 203 113 89 40 92 93 70 68 98 113 80 25 51 64 45 46 76 36 15 20 27 36 43 39 33 29 23 22 31 40 32 15 4 9 10 21 41 44 34 31 50 27 40 55 41 41 44 20 23 36 63 61 76 67 42 38 31 24 1 20 17 42 36 47 96 62 22 32 9 10 31 34 24 30 30 104 82 55 44 44 30 38 36 130 64 33 91 106 75 66 71 67
65 72 122 68 74 58 109 190 135 47 75 64 114 100 52 39 71 91 55 24 18 42 71 91 61 20 16 32 29 37 52 44 30 28 26 23 23 31 27 10 14 18 15 20 33 34 25 25 45 26 36 55 45 26 23 24 53 89 122 71 58 31 30 43 45 45 31 28 21 23 25 41 50 51 14 70 53 34 39 42 39 56 47 107 68 50 46 36 3 21 62 197 137 61 83 53 93 30 23 0
53 39 78 17 48 11 37 102 53 5 78 131 149 136 34 9 34 25 0 21 7 30 78 97 45 7 18 37 16 15 31 20 10 11 15 14 14 27 31 16 18 24 23 25 33 27 13 11 30 42 44 42 33 14 21 56 94 114 114 31 55 62 58 29 19 38 51 48 42 28 34 53 11 16 47 85 86 43 21 42 45 59 31 72 26 28 48 44 26 56 121 246 168 48 33 0 60 3 42 8
86 34 65 47 41 13 2 34 33 70 153 109 113 86 53 22 35 38 17 14 54 78 73 63 80 42 0 26 13 5 19 29 14 22 33 28 18 26 36 31 42 28 37 34 36 37 25 15 29 26 34 32 31 22 27 63 84 93 61 58 86 75 50 30 3 23 40 91 65 24 66 71 0 44 84 91 81 59 40 37 35 58 53 48 16 19 29 43 20 63 104 255 111 33 93 59 44 14 79 37
43 28 35 64 53 39 30 67 108 109 116 60 58 46 50 55 53 67 63 29 58 91 77 40 46 44 34 38 15 12 31 40 25 28 36 32 17 19 28 26 15 26 25 0 45 68 21 43 13 56 14 14 28 38 59 28 55 77 78 73 79 64 60 36 32 15 12 54 56 9 63 71 34 76 73 45 59 78 55 23 42 47 37 54 47 33 28 22 15 34 73 143 64 68 77 108 35 23 34 43
34 50 16 66 44 45 30 67 80 71 31 14 25 26 53 82 61 41 53 10 9 19 29 32 1 17 41 15 3 20 38 37 0 0 9 15 4 0 7 10 31 0 0 22 46 82 72 46 44 0 30 21 63 41 4 0 18 76 107 79 71 59 67 24 32 22 24 27 42 0 59 58 51 87 60 16 38 70 55 31 31 41 24 22 21 11 17 0 16 47 56 59 31 50 0 39 35 50 9 66
60 77 30 51 39 65 40 74 49 55 6 40 57 48 63 83 62 51 105 76 46 23 39 68 45 37 60 22 40 73 77 58 31 22 27 29 15 9 19 27 25 72 55 61 63 83 71 3 133 71 0 24 0 67 56 55 90 92 88 79 81 18 30 59 96 37 3 2 62 10 70 52 30 54 45 42 71 62 20 4 19 62 56 23 19 36 60 29 27 80 53 64 64 62 50 67 27 61 22 74
66 72 56 44 64 115 82 107 73 84 34 77 76 54 53 51 27 41 91 57 24 24 49 64 70 38 46 20 49 75 65 39 26 11 10 13 6 8 25 36 43 33 52 57 0 37 83 88 92 25 106 76 56 14 16 21 54 147 127 56 98 123 109 69 106 65 50 67 99 8 50 55 53 37 10 23 62 54 18 11 27 57 54 25 24 53 50 15 49 77 75 106 75 26 22 3 2 39 42 49
51 47 66 51 84 124 86 95 45 64 39 75 68 64 70 48 43 33 28 29 15 19 45 67 72 48 52 51 67 79 70 51 21 18 31 46 46 46 45 38 33 62 97 73 62 74 0 72 118 93 45 82 91 0 81 72 40 159 128 52 96 159 122 47 64 126 132 102 60 0 32 38 50 34 8 0 19 41 56 67 66 37 21 20 33 82 51 50 67 24 100 144 102 59 33 12 0 21 54 27
36 29 53 72 86 90 56 54 30 53 55 70 60 88 115 80 49 39 3 62 55 25 18 37 44 43 38 56 52 57 59 46 36 36 47 57 56 52 37 13 32 79 134 86 34 157 152 108 0 83 125 54 138 80 86 71 80 205 171 85 106 254 255 160 81 145 85 39 10 31 58 35 3 17 40 40 26 40 70 81 57 15 13 16 13 94 65 121 140 11 81 104 72 65 57 52 30 26 49 28
24 21 34 95 90 68 49 46 76 86 86 60 33 76 117 76 51 74 10 58 43 27 16 15 32 41 18 39 21 25 33 17 29 20 16 18 29 53 62 49 35 54 84 109 3 108 248 206 94 132 63 32 193 232 46 6 188 246 228 208 170 252 249 178 52 90 24 50 41 65 68 63 29 18 38 47 24 34 72 85 99 92 115 85 24 105 70 155 172 17 54 82 68 63 71 52 55 33 30 31
35 31 38 105 105 70 79 63 88 70 60 50 20 30 61 36 27 38 32 15 32 56 40 45 59 16 25 27 6 33 44 41 62 36 22 26 26 48 64 45 42 65 90 96 29 62 159 144 164 197 24 52 121 222 145 71 176 255 247 255 186 160 107 44 47 95 69 26 63 105 38 66 123 122 32 30 35 15 27 101 171 241 255 113 24 46 55 102 118 25 28 36 22 10 33 34 29 42 51 49
68 102 49 26 91 63 86 35 81 29 37 28 32 18 8 34 33 0 0 24 53 58 47 66 60 45 10 43 49 41 70 103 80 73 65 64 56 11 22 41 58 89 106 112 92 81 208 138 27 114 198 122 82 96 190 175 104 170 250 137 215 187 162 123 185 162 99 47 31 141 0 70 127 104 102 115 109 94 96 115 208 251 247 77 38 47 51 28 31 0 24 20 9 9 31 28 29 18 24 50
73 131 69 14 47 13 58 10 68 58 106 56 56 60 31 88 34 14 38 51 58 63 57 50 59 60 39 43 43 70 87 105 106 92 52 36 20 50 56 83 66 45 45 181 198 58 154 255 255 154 157 114 129 44 98 90 74 211 126 95 255 241 130 111 255 186 82 87 15 119 79 70 38 88 161 254 255 229 187 146 167 183 151 39 44 67 84 44 4 12 41 12 15 39 60 51 45 34 40 62
57 86 73 73 34 21 65 52 41 76 141 97 65 84 37 58 75 34 34 8 15 70 112 98 21 24 79 85 95 93 24 87 75 99 56 46 65 67 135 194 116 57 88 184 255 27 193 61 44 220 120 60 86 159 152 243 112 255 237 2 202 241 225 212 137 179 115 37 206 213 15 91 44 164 193 255 223 156 106 83 80 89 67 98 110 105 65 16 27 49 69 31 48 67 56 27 5 22 32 26
76 81 104 100 80 88 75 56 47 67 106 142 122 158 109 63 26 0 29 63 114 153 156 100 46 33 87 95 105 48 7 153 78 7 168 93 125 241 255 161 104 146 136 0 255 217 234 255 238 247 200 44 175 234 255 228 175 205 163 71 97 248 248 178 199 207 151 66 255 238 171 152 131 208 252 231 158 91 67 72 104 64 3 56 72 77 70 56 58 62 59 15 32 44 36 23 15 34 46 41
39 85 136 70 116 114 50 12 47 68 62 92 94 176 176 92 24 4 49 52 100 151 165 101 29 77 164 132 69 32 76 56 23 60 90 210 255 203 250 253 253 80 75 86 243 255 180 227 216 246 232 48 213 255 149 81 106 246 255 247 177 245 240 64 246 255 246 206 255 208 239 137 66 26 150 98 77 65 55 25 31 21 19 42 47 28 54 48 45 42 47 16 29 38 53 72 53 44 44 57
0 39 93 43 89 80 41 23 78 114 86 34 43 119 163 99 32 34 69 16 33 77 111 64 53 110 177 77 24 38 119 0 43 69 73 230 243 201 255 243 249 73 160 121 255 253 127 234 248 243 240 125 255 226 135 69 216 243 228 199 201 219 224 230 118 245 196 254 254 149 255 148 76 1 76 42 37 58 66 23 0 13 42 52 26 6 23 23 10 12 45 39 50 50 65 84 92 76 61 58
48 25 35 50 34 29 35 47 72 90 77 10 46 66 113 102 43 26 67 44 63 62 79 56 69 80 102 23 101 53 51 58 76 43 193 228 203 162 255 182 230 177 191 110 177 242 210 204 200 255 235 247 250 103 82 109 212 203 118 179 255 237 255 236 193 255 249 213 215 137 111 92 33 52 38 56 17 22 53 42 44 28 12 49 14 42 34 45 40 10 13 0 1 18 57 84 92 96 76 37
132 96 75 79 52 45 83 113 87 63 45 22 72 33 77 91 36 62 35 76 77 72 63 50 66 53 63 119 62 67 86 57 55 114 222 189 113 73 186 115 124 92 128 149 204 255 222 128 106 189 229 230 255 181 195 210 247 255 233 205 254 220 254 195 243 81 245 58 206 175 15 1 27 110 11 43 22 36 67 48 18 28 26 29 72 101 86 80 66 52 20 20 25 26 38 57 66 42 37 50
131 114 99 96 83 73 79 84 60 48 45 5 65 51 69 58 36 81 53 52 85 91 65 54 44 45 31 177 25 91 150 88 91 237 182 106 150 171 167 84 38 16 127 70 205 236 255 222 214 254 225 122 172 224 255 243 238 251 255 244 246 249 220 252 246 68 78 19 120 158 26 31 92 191 85 36 10 81 112 38 15 21 29 58 116 138 108 86 73 70 50 41 44 46 47 47 31 18 21 33
67 81 91 85 66 20 7 32 41 18 39 5 75 68 56 45 30 49 56 33 82 120 93 42 35 62 42 96 91 118 113 207 250 255 246 249 152 190 227 183 196 230 67 106 255 194 222 253 251 246 244 244 255 235 243 255 226 255 231 247 244 131 124 163 125 137 11 110 81 33 78 40 58 79 22 37 23 44 91 98 53 21 9 71 155 158 78 3 44 44 36 18 20 25 21 8 26 22 29 32
21 34 69 98 121 70 56 113 88 30 67 44 103 66 30 50 18 30 132 91 59 93 128 87 72 114 136 34 62 135 174 255 234 214 136 111 115 174 115 164 101 183 245 214 50 227 232 255 211 255 242 246 249 222 248 230 253 176 120 205 66 54 50 82 42 47 67 74 15 38 41 66 61 71 63 78 36 16 49 78 72 70 59 58 44 33 67 106 34 25 36 25 40 54 64 60 39 40 45 39
45 25 42 85 184 174 139 161 82 23 72 47 94 50 22 70 76 43 134 98 78 95 119 87 101 113 93 104 59 105 175 255 240 245 224 231 242 252 214 255 231 249 252 254 150 208 245 255 255 251 235 244 164 63 90 185 241 247 159 129 57 26 58 57 75 93 106 104 48 33 53 28 47 78 87 89 45 38 58 72 89 89 94 123 109 67 67 70 82 50 68 46 44 33 36 37 51 54 63 61
58 36 36 36 146 168 114 85 47 24 77 26 62 44 46 94 57 43 87 46 56 30 35 79 69 99 51 73 52 73 0 22 145 95 95 213 255 227 237 255 252 234 240 238 245 162 172 170 241 243 255 253 184 130 106 203 180 162 9 125 91 57 64 42 23 39 61 114 66 46 40 28 63 63 33 57 29 17 23 45 57 47 48 97 96 52 40 15 21 0 33 20 22 10 19 24 38 39 52 62
39 42 65 27 101 119 75 42 58 65 107 29 51 46 74 115 79 31 12 4 68 37 3 35 70 0 32 115 92 89 0 2 250 174 193 232 249 233 253 245 252 239 255 213 246 165 155 254 255 234 148 188 196 160 97 99 64 134 108 14 29 62 50 76 70 31 11 74 44 53 15 23 57 79 12 36 33 61 61 60 42 24 11 62 74 61 88 77 30 3 61 33 29 19 27 26 22 9 14 27
30 36 76 32 76 70 29 7 26 45 86 16 42 45 97 146 124 58 43 59 98 64 38 48 35 24 16 106 22 39 45 36 164 126 255 255 244 255 223 255 255 249 251 163 255 211 134 252 230 255 127 249 251 114 53 0 34 45 50 42 37 66 83 88 76 47 23 67 35 42 24 47 71 90 7 58 57 70 63 76 54 36 10 36 30 32 105 127 50 29 91 48 40 40 53 45 43 15 5 12
92 82 29 31 32 23 6 28 12 32 17 57 59 63 82 102 96 74 62 0 66 55 21 35 23 29 46 114 63 74 66 44 124 137 213 210 255 244 218 252 248 249 236 161 191 166 40 215 203 241 224 119 148 82 106 48 109 100 88 85 84 83 91 97 70 53 47 75 42 43 64 64 103 82 34 11 32 40 24 17 28 39 24 76 20 20 62 80 13 0 63 21 26 26 42 45 44 24 22 57
116 102 45 89 44 49 76 56 55 55 63 68 39 64 97 75 51 41 34 17 4 30 50 3 6 37 53 21 40 52 0 17 122 139 89 109 221 227 255 236 255 204 172 59 30 105 78 153 142 133 116 147 190 143 81 37 13 61 35 69 45 79 108 125 78 101 110 108 39 27 49 51 57 63 47 38 50 49 37 37 60 55 58 161 126 65 40 45 24 6 44 13 21 22 24 32 33 43 61 81
99 109 33 96 37 39 81 45 16 28 57 36 42 98 124 89 66 69 28 63 10 44 87 24 10 32 50 68 109 78 0 72 46 86 0 27 145 160 248 223 234 74 42 53 42 73 29 31 52 15 25 109 146 110 34 33 0 75 44 84 80 95 134 104 38 49 68 93 27 0 2 28 23 15 0 8 41 56 43 32 37 30 34 144 136 63 20 37 53 29 35 30 49 57 36 50 50 72 83 68
64 95 21 55 34 22 45 37 9 45 62 11 60 101 87 74 118 124 30 67 43 38 36 23 21 23 17 113 83 52 60 159 124 140 72 24 46 8 29 52 34 14 37 48 14 20 17 55 43 3 49 55 78 48 32 56 30 44 150 54 79 97 33 31 37 21 22 76 61 39 34 38 36 23 15 35 72 89 75 56 27 38 24 77 74 35 21 60 86 54 29 44 64 67 17 27 113 122 105 54
71 65 40 35 35 33 53 63 50 78 99 44 58 67 57 61 81 91 28 54 75 70 49 74 45 53 40 66 24 58 142 232 91 99 72 26 56 56 50 80 58 85 71 46 35 56 38 43 73 37 103 66 71 45 44 52 69 102 182 63 78 45 28 25 46 39 10 37 61 90 62 7 0 21 57 76 69 53 42 35 39 58 38 49 48 26 21 63 81 50 18 52 74 74 19 22 74 82 66 18
95 22 53 36 11 29 60 57 48 48 103 89 30 33 78 83 57 57 47 45 31 34 16 18 41 41 64 4 54 65 63 102 45 81 58 29 58 76 65 35 63 70 66 71 55 52 33 49 57 39 113 124 89 61 28 24 64 73 95 13 17 33 9 46 82 74 37 56 74 91 62 19 10 41 87 99 66 35 28 26 22 22 10 34 60 48 41 79 69 45 24 61 72 68 34 36 28 47 62 55
82 3 44 44 7 23 33 32 37 34 85 108 23 15 70 68 64 54 53 69 36 45 38 33 66 70 101 37 121 65 0 0 26 70 77 63 73 96 81 35 117 152 124 68 47 63 33 42 56 33 89 136 89 69 30 16 42 78 0 18 26 21 36 36 70 67 46 74 63 42 28 36 45 42 59 68 49 35 31 21 19 5 4 36 79 80 70 91 66 49 39 56 37 21 17 23 28 33 56 90
52 16 35 58 43 44 14 36 32 50 69 109 51 26 46 46 85 65 24 70 50 45 29 46 59 106 107 63 103 66 79 88 18 21 56 42 43 78 46 29 129 202 155 67 64 71 21 69 84 23 42 77 63 61 42 4 41 70 8 53 57 40 18 33 35 69 64 70 40 21 19 33 51 33 39 50 41 39 39 24 37 30 35 47 78 78 53 46 42 35 42 52 24 11 40 57 56 31 34 84
42 67 37 45 36 35 39 32 50 74 78 64 51 39 28 28 78 73 6 13 10 11 28 26 27 49 37 41 128 60 75 84 67 63 32 52 50 31 2 13 91 140 73 54 56 53 29 47 62 23 18 42 46 52 45 10 23 42 41 50 32 39 27 25 47 73 101 46 59 87 77 41 31 54 61 133 90 67 39 19 24 54 49 51 78 63 35 48 28 22 43 67 57 39 49 67 60 43 28 26
42 39 39 33 45 40 29 31 44 69 71 45 25 25 38 54 92 84 0 31 30 30 46 42 53 39 41 44 145 46 48 23 148 96 35 130 96 59 8 86 107 89 62 20 56 62 20 14 35 0 52 58 73 50 30 35 14 24 47 27 21 15 30 44 58 65 80 40 69 104 91 52 26 37 73 157 127 68 21 24 27 53 47 47 73 61 38 52 51 37 43 65 75 75 69 57 54 38 23 20
47 11 24 15 53 59 52 76 69 73 68 55 48 51 58 63 79 89 30 74 53 23 11 0 29 44 85 93 124 34 74 94 140 63 26 99 98 36 19 111 136 46 34 1 48 104 42 24 47 34 71 84 92 68 53 64 35 43 102 61 57 18 28 43 54 42 36 15 50 84 70 35 18 8 34 74 70 28 4 38 35 43 24 23 55 55 38 48 46 37 42 60 78 89 74 44 36 27 20 22
30 27 40 33 19 13 35 100 161 112 76 71 66 46 23 7 34 58 63 84 70 47 42 57 39 24 24 72 83 65 63 49 30 56 53 17 43 70 59 43 73 3 23 33 21 86 22 17 28 83 42 80 42 28 29 17 17 24 93 67 64 24 19 37 46 31 17 8 33 57 52 33 8 13 43 29 47 30 2 12 44 36 6 2 35 45 34 39 35 39 55 68 71 75 70 53 23 24 29 37
39 45 8 34 7 6 17 57 119 55 33 60 62 45 50 67 84 77 97 49 33 20 18 54 49 78 110 117 52 27 40 41 24 26 11 49 59 86 23 29 33 27 99 120 62 57 33 38 13 75 45 95 65 54 61 54 32 26 52 48 31 13 1 26 29 27 16 17 20 31 39 40 36 44 64 24 47 39 6 0 48 48 31 22 33 34 30 40 37 38 50 54 41 37 47 52 29 33 38 41
101 92 6 32 9 31 27 37 102 63 76 102 59 8 26 69 45 30 60 35 42 36 15 42 38 64 124 85 39 7 57 58 44 41 24 11 54 106 53 23 39 16 81 69 68 15 46 46 51 9 27 55 93 87 71 76 70 62 47 71 38 22 4 23 34 45 33 41 26 24 32 37 63 41 33 4 25 20 15 10 45 66 73 60 41 26 31 50 62 49 44 38 23 20 32 39 36 37 34 26
114 127 73 51 0 18 20 48 87 71 107 130 68 5 13 45 41 37 38 83 83 63 26 38 29 38 97 58 42 23 85 96 71 38 47 11 68 73 55 56 58 1 41 22 95 41 63 55 113 16 31 41 86 74 43 33 45 56 37 92 66 38 30 39 58 72 55 75 61 58 57 50 42 23 16 26 37 27 36 25 38 58 70 60 37 25 34 53 82 77 72 56 39 42 46 37 31 35 33 25
62 63 52 31 29 64 31 30 52 33 66 97 62 28 37 47 96 90 26 105 72 44 27 53 47 47 83 73 45 33 55 66 25 46 63 43 35 56 13 33 37 4 65 80 157 99 57 48 63 26 33 66 61 48 37 12 43 61 39 98 73 28 37 42 48 62 44 79 79 85 77 58 31 24 13 33 33 32 55 32 34 36 35 30 24 27 37 47 58 77 85 64 42 46 43 19 25 37 44 43
16 29 46 49 27 63 71 65 70 25 83 43 55 70 48 85 127 82 31 75 65 31 23 64 72 45 80 106 89 78 58 29 20 53 74 33 27 32 20 56 53 30 50 101 102 76 123 78 31 0 52 68 83 53 17 13 30 48 60 48 36 21 5 36 28 38 1 45 49 80 74 59 47 52 38 70 35 32 67 51 34 10 26 9 42 58 57 55 67 93 111 61 57 58 57 55 72 61 63 48
26 56 66 52 43 109 126 105 107 55 76 77 70 72 65 54 49 37 35 29 43 31 41 62 27 27 68 79 110 121 86 57 41 51 54 14 4 47 50 72 76 49 110 63 5 48 100 132 59 49 1 55 45 38 46 47 37 49 79 44 11 15 32 38 51 41 19 49 29 24 27 53 65 59 57 107 56 13 37 48 25 27 49 22 44 65 65 54 51 71 92 59 66 64 52 42 54 45 44 63
30 45 57 84 94 139 151 143 97 43 34 97 61 38 64 54 31 45 69 14 44 33 59 50 40 41 38 0 74 120 87 86 88 33 28 43 15 40 29 51 81 72 185 156 37 25 17 64 101 107 14 29 2 20 53 62 54 61 75 28 32 32 59 85 86 50 39 53 44 28 14 40 48 43 47 98 50 8 34 61 42 40 53 35 46 52 45 35 24 29 42 14 29 31 28 29 36 31 24 63
55 67 53 46 0 0 28 66 90 65 59 149 82 14 31 68 70 79 77 34 66 35 69 43 0 27 47 16 120 132 43 31 55 57 79 67 4 72 72 56 78 43 61 87 21 24 49 56 47 73 46 3 2 25 37 48 54 67 56 22 92 53 43 109 89 51 52 50 58 51 15 13 23 28 19 42 19 25 51 59 53 24 17 27 38 25 16 20 38 33 38 13 30 35 40 52 27 30 28 45
51 75 48 43 28 43 56 54 43 71 89 160 100 33 9 72 93 82 32 47 79 33 65 41 0 28 36 21 115 122 49 61 55 84 126 99 4 63 89 106 147 102 34 40 28 68 80 8 0 33 35 14 35 27 0 5 35 48 53 34 97 41 18 74 84 53 61 59 63 53 17 17 26 28 6 17 21 54 58 40 31 9 0 17 24 18 23 38 25 10 13 0 28 31 23 20 25 40 56 41
38 47 18 60 77 66 40 13 0 46 54 81 58 48 12 58 104 85 19 53 77 41 54 31 2 29 40 61 100 85 35 49 68 50 80 94 40 47 45 85 123 81 36 0 0 45 48 28 39 55 4 39 70 38 4 24 31 23 63 48 38 16 37 54 82 37 24 53 63 51 21 28 23 14 0 30 56 84 64 45 16 32 22 32 26 38 52 56 49 24 15 0 43 56 42 29 28 47 75 59
24 33 4 45 34 0 12 49 37 51 30 42 34 49 35 47 88 88 63 53 73 76 64 37 25 47 51 91 58 37 25 33 14 19 36 37 65 102 53 25 58 53 68 31 38 49 18 22 44 40 8 24 91 68 38 83 43 19 72 77 28 16 45 53 63 33 0 39 43 43 21 20 15 8 0 28 53 77 53 47 24 48 35 54 47 56 55 40 45 34 33 10 43 58 56 51 40 44 58 69
56 67 14 35 38 25 33 38 50 34 14 62 59 62 73 65 41 69 99 42 70 117 93 62 38 59 62 114 37 24 46 48 25 27 38 39 93 111 48 25 38 70 73 37 98 121 71 8 6 0 57 0 90 70 14 62 46 30 79 117 81 32 12 33 58 80 45 67 36 42 36 29 25 27 9 5 12 40 21 21 27 30 11 59 66 60 38 13 6 29 59 34 45 47 50 56 54 36 27 65
90 130 84 2 50 64 41 19 9 19 27 41 29 45 86 64 16 38 107 35 85 134 100 64 73 33 73 64 7 36 62 48 37 59 51 41 136 54 44 69 77 89 73 34 71 109 79 71 44 8 52 13 57 20 5 7 28 29 79 104 54 19 35 49 63 59 66 78 53 42 52 39 46 37 34 19 16 13 4 25 38 40 11 27 38 62 57 34 12 21 34 69 51 35 14 27 46 38 44 61
101 135 106 33 41 32 28 33 34 21 5 23 37 51 65 34 48 51 56 40 26 97 62 69 88 46 55 27 0 35 73 46 34 67 40 101 146 53 68 119 104 72 47 28 50 35 37 106 73 29 53 11 33 6 0 4 33 55 49 54 62 18 13 87 60 12 49 88 56 13 29 47 44 54 61 42 37 38 23 30 69 59 25 40 36 45 52 56 61 50 42 54 45 32 19 25 27 30 31 29
108 126 122 82 63 34 36 49 89 65 30 48 87 101 99 82 65 49 13 36 0 67 40 44 125 92 65 17 22 55 99 49 51 70 66 116 154 105 114 147 81 61 46 37 89 64 37 60 9 11 56 33 36 37 31 24 46 71 55 66 90 30 0 64 42 18 84 70 30 7 32 41 34 40 49 38 37 34 15 23 45 32 7 33 20 14 29 55 69 49 34 21 31 31 33 27 20 33 28 5
85 88 116 136 136 126 123 113 61 47 19 35 82 96 100 119 126 90 49 43 26 59 60 22 19 75 100 31 0 1 97 99 118 75 92 39 105 124 74 30 24 57 61 23 58 51 46 49 40 26 60 80 81 74 50 44 40 19 23 44 37 15 14 28 34 56 122 45 22 27 46 52 44 24 21 22 29 20 1 17 48 45 31 60 41 20 18 35 50 51 47 16 36 54 73 56 50 62 55 29
97 88 114 146 137 130 109 72 50 49 38 55 103 114 114 150 128 87 65 50 48 48 86 63 58 76 87 80 131 129 135 54 105 96 144 54 42 56 43 42 43 61 63 47 62 40 40 45 34 0 14 102 129 89 39 44 23 0 18 48 39 60 84 60 50 61 98 37 58 44 36 70 67 44 30 22 34 34 12 17 22 30 26 63 61 56 44 39 27 51 54 4 10 33 60 42 42 43 37 24
51 45 70 100 76 77 69 48 32 29 27 42 86 94 75 98 67 48 60 80 60 35 71 101 64 42 40 49 106 127 141 94 82 48 20 48 48 57 54 52 87 89 86 104 99 75 50 19 23 19 26 57 64 29 0 10 30 24 34 50 65 88 95 77 64 59 61 26 69 54 26 44 59 56 47 24 30 42 22 18 29 33 22 63 86 109 103 87 66 89 86 35 15 28 49 45 50 43 37 35
61 53 65 84 35 24 26 34 29 16 13 15 44 53 27 38 51 53 92 107 85 41 57 103 45 34 74 89 74 47 34 23 90 69 38 79 68 61 65 75 75 89 84 97 42 49 61 40 25 57 36 0 1 9 46 95 108 89 62 51 63 80 88 92 56 57 47 21 34 49 48 33 35 35 42 32 26 22 22 53 81 58 16 40 59 80 72 53 52 60 54 40 13 11 20 38 41 31 20 15
54 41 50 76 27 12 21 50 52 35 29 14 27 39 21 35 31 39 94 73 92 61 87 121 69 28 62 87 68 66 72 102 81 88 119 74 58 54 57 71 63 41 21 72 22 46 62 41 48 56 31 16 44 11 33 98 97 62 52 54 44 45 49 37 45 37 37 32 5 31 78 70 32 15 34 52 37 6 28 113 133 91 28 43 55 68 56 40 16 10 10 42 24 15 15 49 42 33 16 2
3 39 84 46 24 16 31 44 56 30 50 0 36 36 39 50 23 24 50 40 45 87 97 100 66 33 34 32 31 65 123 179 110 81 14 51 55 51 62 59 42 18 44 60 30 38 70 64 47 49 30 58 24 5 25 42 42 9 30 37 43 17 8 10 33 35 35 43 18 31 102 114 47 29 55 79 38 1 32 84 118 57 10 65 79 58 43 56 51 27 18 59 33 15 22 33 45 37 19 14
49 72 93 41 27 30 34 26 17 49 99 67 63 40 38 41 41 0 19 43 49 64 57 47 62 54 39 77 55 41 11 82 51 66 43 71 49 34 50 51 60 37 46 65 51 39 66 99 67 28 40 81 88 46 45 90 61 25 38 41 53 30 10 2 22 25 33 41 27 36 77 89 55 33 45 70 57 29 28 44 59 44 4 14 7 13 15 16 9 26 29 58 39 29 27 26 27 29 27 31
8 36 72 47 64 80 66 31 28 76 116 122 84 36 41 55 45 44 98 104 60 62 66 39 77 137 85 39 72 141 75 50 3 49 68 92 53 29 44 43 38 50 58 57 42 22 37 78 30 17 50 42 75 64 55 88 40 7 17 23 54 47 33 26 30 19 23 20 22 34 44 62 71 45 32 48 65 58 35 19 32 67 61 61 35 35 26 10 22 50 37 49 36 22 13 24 15 18 17 21
14 37 80 72 96 99 70 30 31 47 55 120 89 36 54 81 53 80 143 126 45 48 92 87 124 99 59 32 86 64 13 17 9 37 63 84 48 18 27 20 2 53 82 57 27 29 39 36 50 80 91 46 54 54 47 66 76 44 40 27 50 45 39 45 47 23 20 10 23 33 13 30 59 47 33 38 60 67 44 17 31 53 42 49 23 18 18 18 59 70 37 56 60 34 15 46 97 101 87 73
88 82 96 72 78 71 59 49 56 58 45 120 92 51 64 70 38 34 79 110 70 45 59 51 21 42 63 13 24 39 66 76 40 29 45 60 29 0 11 9 0 23 58 41 10 41 57 12 14 41 34 68 68 39 42 87 81 55 44 18 33 26 33 62 65 37 33 24 35 36 5 15 24 34 42 40 41 50 45 27 46 48 22 34 25 31 33 31 34 47 10 38 66 50 21 41 103 126 116 84
98 74 70 36 35 31 41 56 78 92 72 100 64 57 77 56 49 47 50 83 96 73 44 8 5 13 57 66 18 23 61 111 53 21 40 50 27 5 35 44 32 2 17 27 9 33 51 12 18 25 6 71 58 4 0 23 24 9 12 3 31 25 40 87 88 59 46 35 29 30 33 50 29 31 44 31 4 19 49 49 42 53 24 27 30 58 54 27 29 49 0 3 33 45 22 21 63 107 115 82
71 52 50 15 17 17 24 30 44 61 53 48 19 42 78 53 80 96 46 34 74 77 64 53 27 20 82 134 109 70 53 73 46 9 36 42 33 29 61 59 51 15 23 47 34 24 33 35 29 28 33 60 55 35 37 56 47 33 42 46 76 46 33 71 81 66 59 55 26 23 68 93 65 42 51 41 0 10 54 55 58 73 39 30 31 70 77 51 53 68 16 6 18 35 27 30 47 78 85 67
54 44 48 16 30 44 49 43 50 52 53 44 15 27 51 24 42 62 10 26 86 61 43 73 59 37 94 107 130 61 35 26 38 0 26 25 27 33 54 27 7 14 36 58 44 7 8 43 41 13 45 32 30 26 57 104 94 76 84 93 118 61 16 36 42 55 74 89 44 24 82 101 85 48 69 76 26 25 53 32 14 44 39 51 44 55 43 17 21 32 1 15 18 17 15 34 55 55 44 38
41 44 49 60 42 66 65 47 44 38 45 23 19 20 53 59 52 36 35 85 81 44 6 24 33 33 48 30 81 85 0 31 38 17 24 18 35 37 33 35 13 21 28 43 41 13 21 72 38 3 11 57 23 0 57 112 96 86 120 137 145 82 30 25 29 63 86 130 86 55 65 59 42 56 68 49 22 32 38 12 25 49 50 51 47 42 42 21 31 78 38 49 21 12 10 35 40 35 18 12
55 44 47 66 42 52 61 67 32 36 56 35 18 19 85 132 83 50 39 80 70 43 8 8 29 38 19 16 55 46 6 20 29 22 39 26 41 44 44 45 58 47 27 25 30 17 27 70 64 42 80 140 128 82 101 110 113 110 138 131 120 61 29 40 58 65 69 127 114 95 83 49 16 18 37 40 23 27 39 31 79 100 71 33 27 47 48 4 55 107 93 120 74 42 25 36 33 30 15 4
48 28 35 67 36 28 40 66 53 32 36 25 24 28 86 127 65 32 31 65 41 35 27 24 52 64 14 26 46 26 39 31 15 22 51 27 39 40 44 38 56 45 24 29 56 58 55 74 79 103 192 229 186 84 86 76 76 70 84 62 56 21 7 22 47 37 31 106 128 134 125 82 19 8 32 56 45 39 55 65 95 96 49 10 16 47 52 9 19 81 128 217 182 130 79 50 36 43 46 40
27 10 24 65 34 16 19 42 69 29 15 7 28 36 63 64 16 3 29 58 10 21 52 62 60 65 12 25 29 10 45 30 9 24 59 23 36 34 36 18 29 29 20 41 88 104 92 91 80 137 255 255 178 37 49 43 84 59 52 31 56 51 36 32 51 33 8 53 48 40 33 0 23 8 30 56 44 33 48 61 71 43 3 7 28 39 46 30 47 48 51 136 115 101 88 69 41 61 89 91
