66 60 113 116 61 52 48 24 29 0 43 169 104 32 102 146 182 111 40 130 152 158 134 126 110 52 64 93 100 113 97 64 61 72 79 123 171 123 43 25 26 47 103 82 57 53 32 32 24 19 30 62 67 108 100 60 46 25 19 84 76 68 15 58 52 76 80 138 161 104 41 26 40 38 85 79 116 117 72 36 15 35 48 0 67 83 78 77 59 55 65 50 19 44 77 55 82 87 99 41
33 49 60 71 61 85 53 41 68 45 68 164 78 4 61 125 58 47 22 63 129 140 87 86 108 69 87 118 142 160 128 80 22 55 84 127 152 99 47 61 91 92 90 48 53 46 42 16 35 25 15 33 40 78 71 45 47 49 0 7 26 0 36 58 104 73 128 161 163 104 62 23 27 38 82 0 8 39 26 15 7 22 60 29 75 59 23 13 59 50 98 67 46 50 38 38 24 14 25 0
65 40 14 31 24 73 51 45 62 26 7 108 88 70 66 82 77 76 89 87 157 176 100 55 50 43 83 136 183 190 114 36 21 56 63 62 72 50 28 41 72 50 24 79 85 47 33 71 60 58 30 33 50 94 93 89 58 69 36 24 75 24 105 94 57 1 31 43 83 66 48 52 42 78 70 26 29 58 64 67 12 13 61 33 54 45 33 54 18 61 127 107 69 20 17 54 41 24 38 28
117 37 37 64 30 76 103 91 92 68 24 76 46 72 73 108 121 99 133 117 69 57 99 142 132 107 92 75 72 67 30 8 35 56 66 82 102 83 56 59 84 85 18 71 36 89 59 137 44 67 32 13 33 81 82 89 54 19 57 46 83 46 116 100 103 39 38 43 45 47 84 103 4 81 4 90 47 41 75 104 82 99 103 0 0 56 64 39 96 91 16 36 46 15 39 45 34 37 73 92
89 33 69 67 36 42 82 72 79 64 49 81 11 24 28 87 122 49 39 140 162 117 87 72 54 69 103 98 63 32 20 42 32 13 16 63 99 75 46 56 91 88 39 54 0 77 30 134 58 101 66 24 25 60 50 53 51 5 99 139 104 53 107 74 48 0 61 96 55 39 171 123 0 103 48 164 119 106 109 94 67 37 38 30 45 35 17 14 48 67 30 127 150 118 75 33 0 20 57 95
57 61 87 42 48 23 40 60 59 25 61 121 63 74 59 88 184 157 59 96 195 206 142 87 24 32 81 99 76 52 41 54 71 53 36 58 111 132 100 61 89 87 126 118 56 60 17 127 82 126 98 59 44 58 38 40 29 20 116 197 105 39 95 39 30 0 67 73 89 15 127 44 52 92 74 106 161 233 173 47 15 52 34 1 15 50 81 69 21 5 38 126 151 162 75 25 44 64 47 57
23 23 37 24 49 18 19 68 45 17 82 94 16 71 93 90 179 206 125 61 157 198 140 76 18 2 41 69 69 74 59 38 51 88 115 130 157 170 127 66 74 92 128 72 13 31 11 58 36 61 48 42 30 30 12 24 55 48 112 144 62 53 94 53 17 38 35 8 79 16 50 25 90 76 50 12 90 223 190 49 5 58 31 41 32 0 12 23 32 32 128 131 70 59 47 39 76 108 52 27
62 9 32 86 84 36 22 65 41 31 108 69 0 96 122 50 97 115 146 107 169 153 91 40 29 7 36 42 27 52 62 42 42 95 162 181 130 64 48 69 76 36 15 32 4 28 0 27 0 4 1 28 26 20 7 31 45 26 101 72 29 78 48 14 8 56 36 20 30 31 41 74 17 64 67 44 16 92 116 42 73 81 0 34 51 0 35 69 34 34 123 106 39 0 49 5 29 100 57 33
117 56 46 170 115 71 34 61 51 78 133 101 38 109 120 58 48 58 89 94 100 89 60 84 78 44 51 101 91 77 103 85 54 54 55 120 48 12 22 47 74 28 53 0 34 45 41 49 23 18 29 0 0 20 0 17 38 17 66 78 73 95 22 20 20 68 50 64 98 113 29 105 75 88 58 54 19 35 45 9 45 60 17 23 19 43 94 141 87 13 21 47 14 21 45 14 6 61 123 106
117 41 58 168 93 34 47 57 55 104 122 96 24 40 44 92 97 53 30 26 37 55 68 90 70 37 58 127 121 95 115 109 63 11 0 5 13 30 46 62 50 80 114 27 5 20 35 36 24 18 30 6 10 27 4 20 36 0 53 89 66 53 13 71 43 56 73 57 153 126 46 45 122 77 33 40 42 53 47 16 9 36 60 67 26 23 56 71 65 72 27 0 28 53 40 36 38 51 109 137
8 20 89 121 2 0 85 55 73 98 97 73 40 38 53 125 213 123 65 75 49 0 13 48 40 56 66 59 40 61 76 25 0 15 72 30 44 54 75 99 73 83 90 70 49 38 44 53 49 40 48 31 35 41 14 25 52 0 22 50 19 10 18 112 71 70 97 35 116 76 36 11 80 48 53 47 32 20 46 82 71 33 49 37 16 45 78 57 59 77 24 17 85 67 22 60 64 47 67 74
81 47 16 22 14 130 225 113 48 49 60 32 43 81 133 141 255 224 111 37 21 30 53 42 102 110 117 100 70 73 73 36 38 71 87 11 28 50 98 136 161 92 20 53 57 38 41 59 54 46 48 39 45 45 21 28 32 7 17 31 10 23 23 63 20 38 59 18 57 76 86 89 65 40 63 39 35 23 39 75 38 67 154 109 28 8 44 59 50 25 14 58 89 43 13 52 59 26 20 18
122 84 40 83 88 161 196 122 125 146 116 62 37 83 116 109 124 135 68 58 107 103 72 44 58 90 126 118 99 102 82 40 28 55 40 34 47 25 43 76 134 91 11 32 29 29 29 22 22 21 21 18 30 35 22 27 27 26 19 18 7 38 36 29 35 45 46 21 30 56 51 36 51 50 75 38 43 49 56 73 77 73 108 65 44 45 56 57 42 30 39 54 47 39 45 52 60 20 19 58
120 79 40 82 89 126 111 70 106 156 73 52 21 68 59 101 97 177 140 70 90 118 87 38 13 63 102 75 65 95 73 26 21 39 22 72 66 17 36 100 100 83 24 32 22 24 21 7 11 20 17 11 23 30 25 24 35 32 6 9 0 21 39 38 28 32 46 26 46 43 45 20 32 78 109 69 42 38 59 91 42 38 62 68 83 89 73 46 29 54 67 54 39 41 53 61 88 77 58 67
24 30 76 102 118 155 127 70 100 130 62 59 37 48 40 74 48 86 118 96 58 43 59 103 67 49 57 46 32 26 17 35 57 60 49 78 84 72 70 107 143 92 25 15 9 11 13 17 19 40 34 23 30 38 35 25 18 20 2 32 18 17 27 20 30 40 60 52 68 47 57 51 65 102 104 103 76 46 42 63 61 44 56 90 75 84 86 43 15 43 74 69 36 26 40 47 93 116 67 25
12 6 89 87 104 148 150 99 65 65 78 65 42 14 61 48 98 104 175 166 76 32 47 92 98 80 68 22 3 17 13 27 83 98 94 35 25 64 73 92 92 62 30 18 25 31 19 6 13 43 40 27 34 45 45 30 34 28 0 25 18 20 36 23 9 23 31 59 70 57 47 48 45 83 87 136 116 68 60 92 74 49 59 101 44 65 115 82 32 49 101 89 23 37 74 43 65 88 39 16
65 1 55 49 49 71 116 86 26 14 63 49 74 39 85 100 169 177 250 210 158 108 66 75 76 89 105 28 45 31 38 33 76 99 60 65 34 23 38 28 41 33 29 32 35 30 22 15 6 15 22 22 27 36 39 35 48 30 22 21 15 16 18 13 4 25 40 24 37 28 27 18 20 27 35 130 139 75 37 62 52 31 50 23 13 64 139 112 60 29 66 121 92 121 148 131 118 49 48 34
65 9 43 69 58 78 96 90 22 57 117 115 134 71 51 96 78 57 126 139 168 144 86 53 45 73 91 63 94 125 109 64 70 78 43 81 59 40 36 30 39 31 25 30 40 43 31 16 4 7 18 31 37 33 26 24 33 20 18 19 14 19 30 33 21 42 48 13 14 7 15 12 1 14 15 77 76 32 7 27 34 0 21 0 41 77 97 89 70 36 26 80 112 148 158 170 110 47 45 33
89 3 7 103 90 52 19 58 54 72 137 149 159 113 55 90 69 51 76 39 98 131 107 36 37 44 31 79 171 253 206 124 88 88 64 131 107 79 57 63 41 34 24 24 37 48 39 21 16 24 33 37 38 35 24 13 17 13 20 26 21 25 38 43 45 69 78 40 28 9 13 13 12 27 22 46 41 22 15 29 18 15 40 12 98 133 67 20 35 41 0 16 62 88 83 127 50 14 37 60
0 33 38 32 36 90 75 42 32 0 61 74 101 122 96 85 60 82 107 34 49 69 82 25 0 55 37 53 68 74 47 37 57 61 43 104 69 42 11 21 26 27 19 10 14 25 25 16 18 38 43 28 25 36 36 23 14 12 25 35 29 28 33 33 45 58 70 48 42 14 23 38 36 37 30 35 31 26 28 36 55 43 22 17 83 129 80 50 45 57 8 17 71 80 19 12 78 122 139 90
74 71 59 35 28 0 13 49 90 47 103 50 74 81 58 24 49 59 80 48 39 19 71 81 110 133 40 29 69 65 49 47 56 57 36 70 48 41 9 2 0 12 18 10 1 3 6 7 10 22 29 26 20 23 33 40 20 13 21 30 25 23 25 21 41 31 36 34 43 20 45 84 55 35 35 38 44 42 42 44 34 35 37 126 101 62 23 20 17 36 40 69 75 70 57 86 127 116 91 85
94 67 41 7 41 0 27 40 19 64 118 39 95 78 55 62 100 73 38 33 40 43 106 121 101 143 67 71 74 46 46 45 50 45 26 38 53 76 54 27 0 17 34 35 22 12 13 18 23 14 24 42 32 7 12 39 22 11 13 18 14 16 22 21 28 14 24 34 49 20 38 75 50 18 30 39 58 63 63 60 57 74 66 127 39 4 35 58 40 8 30 112 107 71 42 54 113 52 1 56
119 63 19 3 71 41 67 59 26 94 115 52 114 107 96 124 131 95 30 62 89 102 115 76 28 68 66 185 131 64 50 35 53 48 44 33 65 94 92 64 26 27 35 42 36 23 21 29 39 30 34 45 36 13 11 25 15 10 16 21 14 14 23 24 11 14 35 43 55 24 28 47 36 3 24 22 45 58 58 45 40 77 76 67 13 29 84 88 44 7 22 85 63 44 63 114 129 161 121 101
181 80 21 41 91 35 87 143 118 125 92 41 70 86 88 90 133 72 0 89 126 115 97 58 76 29 10 208 121 56 58 53 47 48 58 23 44 56 67 52 43 24 15 21 21 11 11 21 32 42 40 26 24 34 32 19 6 10 27 36 24 18 23 24 28 44 67 63 75 59 69 82 56 24 45 23 36 51 48 24 24 48 74 49 49 46 47 24 38 35 64 120 98 56 7 0 17 51 45 94
199 97 49 53 94 84 105 114 87 67 45 51 67 41 15 36 79 47 22 79 146 174 69 79 102 95 96 134 105 85 105 136 109 59 54 67 39 14 10 6 25 15 28 18 14 19 10 30 42 48 50 22 22 47 40 30 12 7 32 54 25 9 31 31 37 51 85 42 45 70 87 108 79 51 75 50 61 54 33 37 30 35 46 42 58 69 49 34 28 59 72 51 49 45 31 54 89 181 232 115
189 69 39 39 78 113 57 59 59 36 48 47 47 55 25 0 26 40 46 116 197 220 86 61 153 115 155 83 58 91 166 209 135 80 49 77 59 30 15 9 21 23 34 20 18 23 15 35 29 45 59 35 23 39 41 46 22 11 23 42 29 18 39 55 38 71 97 33 28 40 48 78 66 54 78 80 73 48 39 61 72 56 47 75 27 33 83 107 32 19 48 58 41 31 28 39 48 100 136 67
108 57 56 42 16 59 27 68 121 58 86 76 36 47 37 31 19 49 75 171 237 173 40 97 227 131 62 66 15 58 174 191 128 88 35 73 63 38 29 33 28 33 26 6 16 21 4 12 19 29 46 32 23 35 38 51 41 34 29 30 28 19 26 50 39 34 64 56 67 28 0 32 25 79 97 83 33 16 31 44 65 43 43 125 32 14 86 113 57 1 29 57 30 27 44 50 36 40 56 48
45 66 67 64 14 32 54 86 121 99 162 126 48 35 18 39 60 11 34 136 143 80 58 175 185 104 57 173 100 84 147 96 39 56 42 101 91 47 8 0 35 35 9 0 14 26 6 0 26 32 60 72 78 72 40 27 29 45 40 22 33 40 36 60 65 34 39 13 56 104 95 66 106 79 45 112 97 43 37 54 26 15 45 135 69 37 61 55 55 14 39 56 37 45 57 55 51 36 42 77
19 56 84 71 20 9 22 37 94 130 182 117 80 97 48 40 74 0 29 78 16 29 117 191 118 71 144 179 112 118 173 122 58 72 55 86 82 57 27 8 31 36 13 0 18 33 34 30 18 11 27 37 47 46 17 6 21 59 62 24 44 76 73 96 109 38 43 18 31 87 103 62 65 38 0 74 79 37 33 35 9 14 50 83 75 62 44 27 14 35 61 55 58 67 45 31 15 11 14 63
57 46 99 83 67 93 64 88 125 106 90 76 148 187 97 52 69 45 31 68 109 117 110 129 83 61 100 148 85 128 182 133 81 64 65 78 91 73 34 0 30 43 36 26 14 20 50 57 37 37 52 54 60 71 65 71 70 102 98 37 41 76 66 83 89 13 64 81 38 1 4 7 11 76 63 47 26 38 63 27 0 20 42 26 44 55 36 29 6 55 68 42 60 69 32 25 43 51 40 73
68 4 9 47 87 162 103 104 114 54 19 59 152 157 69 31 77 79 7 46 188 172 90 114 150 101 41 129 63 115 170 161 130 52 51 29 42 33 21 16 36 41 44 44 11 9 53 54 24 47 88 99 101 101 78 71 90 100 97 37 30 54 32 45 39 30 86 66 36 25 32 44 114 147 111 51 43 65 80 23 0 27 19 17 19 41 45 43 34 60 60 37 52 55 26 33 68 72 36 46
75 43 3 67 58 93 48 39 92 69 41 35 48 46 39 52 80 113 75 30 31 23 77 176 138 93 142 168 110 117 119 147 168 67 91 56 53 19 8 19 40 29 32 48 18 17 62 48 41 51 71 64 63 68 48 37 39 38 53 21 26 51 29 45 50 43 73 58 69 55 52 93 199 250 200 61 45 104 125 38 20 43 1 35 15 43 73 69 48 45 51 51 56 44 16 25 67 63 8 6
114 112 76 39 52 75 25 22 70 59 50 62 51 6 53 67 71 110 78 116 14 0 75 222 171 98 172 158 95 91 36 133 189 98 172 96 49 41 21 17 32 20 13 37 21 35 45 69 40 19 16 44 45 54 33 53 40 40 27 14 13 33 57 66 62 17 60 99 116 92 27 58 207 250 224 63 75 107 99 62 46 40 35 49 33 64 79 79 67 32 15 43 46 32 19 30 51 32 10 26
60 100 76 29 46 93 51 36 63 17 27 74 101 46 66 84 73 101 55 148 121 58 41 171 200 111 94 88 42 105 45 106 191 85 155 100 85 42 37 24 25 31 42 19 31 31 54 56 51 43 24 15 47 98 99 107 113 65 23 9 4 32 44 57 52 0 43 41 56 92 89 122 164 173 103 30 61 72 73 79 69 36 64 46 59 24 63 92 78 54 35 29 23 32 42 44 53 32 16 0
45 117 91 19 3 52 35 43 35 6 28 19 61 57 81 90 64 113 70 125 80 27 20 133 184 123 78 75 52 124 91 115 151 52 86 84 73 32 28 13 19 41 50 23 40 33 44 49 73 79 62 29 76 123 134 151 127 72 55 55 18 29 26 61 52 0 59 47 54 63 35 33 82 106 28 29 67 44 34 76 62 62 76 39 38 45 54 81 61 65 79 67 69 85 86 43 0 13 34 12
56 59 24 38 43 62 78 163 155 61 63 51 90 50 44 86 86 58 0 46 40 48 47 50 79 65 60 62 71 87 104 115 85 26 6 54 18 28 17 3 26 48 31 40 39 39 22 51 83 85 78 48 84 83 101 155 114 56 55 68 23 25 21 71 70 8 87 104 143 96 18 12 19 0 32 76 36 60 109 76 43 53 57 28 29 43 8 17 59 87 117 59 25 26 61 37 17 67 66 72
55 49 0 8 64 170 198 223 164 51 54 92 183 152 88 95 88 93 97 131 97 43 56 65 79 95 91 90 69 28 55 73 82 59 16 58 13 43 38 13 46 58 26 26 29 39 22 46 68 61 53 27 51 31 48 117 117 36 2 18 16 33 31 62 58 19 47 46 117 75 26 70 89 68 81 64 68 91 91 70 98 133 142 33 69 106 113 69 41 56 86 31 34 36 83 64 80 107 19 39
145 157 64 27 52 212 246 199 157 89 78 92 159 141 43 9 95 140 146 114 114 28 41 54 29 108 118 139 83 63 106 156 136 118 94 104 71 61 60 22 55 64 46 0 26 37 46 34 47 47 43 22 35 26 21 58 80 36 3 16 45 45 41 42 67 91 70 17 64 46 51 120 143 64 58 49 72 104 84 46 100 152 139 60 29 46 43 6 0 15 60 27 75 55 73 39 95 123 29 33
153 123 56 77 37 98 122 113 143 102 79 88 95 68 23 65 132 141 128 49 95 45 126 143 47 154 158 132 73 75 127 160 127 104 108 145 115 69 46 23 41 53 56 20 38 51 60 32 30 40 46 39 32 35 21 42 73 94 71 48 67 28 46 39 39 125 103 44 45 37 74 123 130 81 17 16 41 49 10 8 38 62 65 164 93 45 27 69 64 98 137 67 101 51 71 59 46 97 79 39
82 83 66 118 55 81 62 9 57 91 71 44 39 89 113 174 197 104 92 38 93 48 191 213 163 236 207 103 86 100 155 134 53 33 52 155 118 73 21 30 18 36 46 68 54 70 55 41 18 23 31 37 11 23 30 75 139 174 116 38 42 0 47 52 35 134 114 73 41 32 87 115 113 66 16 47 0 24 61 47 44 71 61 106 63 44 91 101 75 85 101 52 157 137 137 95 35 77 110 18
25 70 102 120 117 155 123 40 58 36 70 52 55 112 114 127 122 24 98 101 80 24 103 169 132 163 93 122 118 113 126 88 31 8 48 87 88 74 57 92 69 36 52 110 77 63 74 40 26 33 22 45 38 24 60 145 224 148 46 54 7 46 115 89 43 118 110 42 21 40 78 105 85 85 46 101 23 36 116 105 68 60 99 78 89 115 129 119 90 89 132 57 173 155 88 38 33 76 70 27
6 14 46 95 125 178 110 90 83 38 96 44 37 101 21 42 70 2 70 100 91 39 31 32 39 51 51 95 84 67 56 53 23 21 17 30 70 63 82 120 103 46 87 82 85 75 85 79 58 40 34 68 66 41 33 182 205 127 49 81 67 169 213 104 101 80 57 59 17 76 123 74 66 82 63 109 23 23 97 83 21 11 39 33 48 62 47 44 47 83 101 45 138 61 21 41 57 72 65 53
60 46 85 77 70 78 23 85 96 45 65 17 27 112 46 86 131 41 24 42 91 120 67 10 41 98 163 122 53 73 100 132 153 105 51 12 49 29 42 122 79 66 81 120 108 100 113 114 77 52 56 0 72 31 36 124 165 108 107 130 131 255 219 88 73 52 46 93 54 129 160 102 57 106 93 115 60 72 120 76 22 67 98 93 66 56 67 118 172 172 115 24 45 0 59 143 44 54 51 46
106 38 59 54 83 74 27 40 75 71 34 42 50 68 42 48 61 41 34 0 36 96 70 21 64 10 86 147 106 23 15 82 109 123 124 54 91 157 149 185 56 67 131 23 94 64 21 71 86 54 107 38 105 48 21 79 79 20 59 153 41 255 239 129 251 189 107 115 144 163 118 156 138 143 80 82 78 84 152 183 126 130 50 60 87 91 76 64 46 107 128 45 28 66 127 82 33 58 60 35
114 107 157 195 122 65 63 73 120 128 52 62 50 22 39 42 51 103 140 47 40 75 75 44 46 37 99 145 149 88 61 13 70 45 67 169 249 255 180 129 107 91 118 110 59 75 80 8 41 85 0 98 50 14 73 103 139 117 129 197 152 36 73 100 171 255 246 130 184 232 136 159 202 230 140 64 61 49 76 78 57 125 66 106 145 138 129 90 89 52 65 64 54 73 87 76 23 36 37 15
94 101 103 201 102 76 75 48 58 71 68 60 50 32 44 58 101 150 187 72 24 29 43 38 20 13 59 109 116 19 35 18 125 100 41 141 234 248 247 146 111 112 146 76 122 42 31 174 159 72 155 96 76 0 102 255 168 98 255 187 192 40 109 255 255 241 192 98 162 226 182 235 232 229 131 31 40 43 61 15 20 96 79 129 193 198 179 128 127 109 61 34 47 84 36 12 44 23 21 30
27 51 22 89 77 137 175 114 60 68 99 43 38 62 108 131 123 173 238 181 94 62 62 91 100 58 74 124 183 93 88 52 180 127 51 57 126 116 217 249 246 61 6 71 20 37 130 141 147 146 164 70 34 148 99 140 255 213 139 105 167 217 255 246 221 228 250 239 233 255 240 234 109 46 47 62 68 33 69 25 54 68 66 44 81 91 58 46 81 73 30 87 106 107 58 52 72 49 55 76
53 108 77 15 47 119 185 92 27 68 123 61 55 73 130 114 86 97 158 191 134 106 59 75 117 84 73 61 164 151 130 38 96 76 104 71 229 255 254 239 255 161 86 67 90 144 191 184 110 123 129 171 133 180 132 255 241 81 252 255 232 238 248 239 255 249 230 255 217 241 243 223 140 118 178 137 58 50 127 30 27 21 87 50 75 75 0 6 31 30 12 122 100 84 72 41 29 32 51 58
81 86 103 23 26 42 67 22 0 64 97 63 64 64 82 53 23 25 71 180 113 59 48 25 94 71 37 25 71 111 91 38 17 75 87 82 255 253 250 212 239 240 247 132 255 215 235 255 211 115 247 255 0 139 162 147 190 42 246 223 255 250 247 230 192 255 226 255 249 217 161 79 100 109 131 185 131 76 141 39 67 5 112 121 159 136 51 51 74 106 79 58 59 41 26 44 19 32 55 61
49 6 28 123 64 93 66 58 47 73 73 44 73 64 39 23 12 43 82 190 97 89 28 68 106 76 95 158 110 117 73 103 33 91 145 152 86 43 95 251 253 255 247 204 169 242 255 222 212 255 244 218 255 255 103 204 238 221 255 241 231 133 174 255 255 247 226 123 144 83 79 66 145 112 125 126 92 119 157 12 98 42 108 72 107 124 98 76 67 78 78 67 94 93 55 58 114 94 62 78
68 33 133 118 120 152 160 64 29 53 38 0 38 78 42 25 47 94 113 134 91 58 45 67 53 82 105 84 34 93 57 132 14 148 248 160 151 182 126 208 255 238 235 253 246 229 222 252 255 193 255 248 247 238 205 255 255 234 242 255 244 234 227 243 241 4 110 87 57 37 152 139 146 89 59 0 48 141 122 34 144 77 101 29 69 100 110 83 55 42 50 63 110 121 61 45 94 59 11 44
88 36 90 147 96 144 52 89 62 73 81 23 34 70 29 11 82 104 64 92 98 50 145 158 82 66 50 0 100 129 15 57 54 186 167 129 230 248 255 252 211 255 255 146 230 246 253 228 232 108 255 255 242 253 230 188 255 232 255 241 192 254 245 164 107 69 86 22 97 119 85 132 55 25 85 43 77 117 38 17 116 47 71 4 64 80 81 95 118 77 22 47 79 87 50 44 53 26 15 30
22 8 105 41 112 130 11 44 24 0 64 95 77 78 45 40 69 112 73 197 86 33 64 104 144 83 62 19 143 128 16 48 16 29 55 51 105 175 202 250 255 212 247 225 250 252 255 226 255 81 249 248 186 251 224 115 194 219 192 95 76 66 101 59 62 60 30 91 178 97 8 159 81 46 195 160 67 62 46 63 102 64 104 23 61 57 41 99 210 158 18 35 42 32 57 80 39 36 64 40
44 3 62 33 135 131 0 66 85 36 91 140 105 106 77 43 65 109 124 247 161 169 77 49 42 16 82 140 129 89 57 114 40 112 141 64 129 188 255 248 243 127 240 255 255 243 236 181 230 106 229 255 252 224 122 127 129 103 111 54 113 56 35 60 86 81 42 81 135 63 32 71 83 73 173 124 37 28 45 73 96 103 146 49 26 24 27 77 179 164 28 29 49 4 69 101 5 41 74 63
76 12 11 27 77 98 30 75 105 62 61 87 64 89 73 21 32 115 176 146 96 97 111 130 162 74 73 171 70 2 39 131 94 138 167 3 74 121 234 255 252 100 247 235 255 236 252 237 253 137 176 223 244 177 89 118 49 0 77 85 119 73 19 71 98 90 95 60 65 94 159 18 47 100 139 126 134 94 54 32 37 62 100 59 0 13 68 56 76 115 59 23 89 8 81 99 16 81 52 100
80 29 13 31 34 89 110 88 97 49 16 55 50 57 45 21 48 92 90 45 70 32 116 164 149 136 99 130 40 24 103 153 48 85 55 35 53 98 255 211 245 78 245 244 238 238 255 255 255 162 163 139 99 85 94 42 29 37 22 55 61 26 26 58 63 88 139 84 64 148 255 79 87 115 103 102 116 85 83 30 28 36 64 93 12 31 118 42 35 98 103 17 120 21 95 105 54 118 2 91
101 54 40 50 32 190 244 76 72 78 13 74 38 36 43 91 127 135 64 71 132 83 94 73 8 77 67 90 64 105 128 139 22 107 124 31 53 41 139 49 66 0 56 88 139 187 213 148 108 80 62 69 61 43 96 85 26 57 52 38 35 36 31 46 31 86 109 99 129 115 145 166 111 83 114 100 85 48 87 87 20 45 64 82 26 58 61 52 114 112 36 11 95 48 64 98 96 111 22 46
78 79 85 0 26 131 142 59 75 40 24 103 23 46 109 129 132 135 86 102 62 0 24 60 98 78 28 36 4 88 76 55 31 135 139 115 88 64 141 85 71 206 134 12 37 81 71 46 5 8 19 81 121 70 116 178 41 14 77 0 57 54 16 26 57 45 8 75 59 42 54 147 110 64 163 180 182 110 117 61 0 53 51 58 70 42 36 70 112 83 25 19 42 22 19 84 105 83 34 38
21 66 109 37 76 64 31 3 139 72 59 134 60 82 136 127 74 47 69 58 34 90 50 61 93 38 78 54 42 60 89 78 10 68 22 89 93 43 93 16 56 235 153 70 50 40 44 38 63 62 28 129 20 65 176 84 14 92 6 72 52 96 116 74 115 118 41 50 7 49 57 100 70 210 242 75 178 150 81 16 39 143 123 82 60 73 82 107 72 35 44 39 25 24 20 69 72 57 81 78
64 64 34 24 34 35 73 33 53 37 32 106 105 96 90 92 37 39 83 123 107 111 45 28 25 62 170 126 115 79 72 0 75 71 153 138 92 31 26 81 67 81 77 176 183 59 80 113 14 52 103 130 114 48 36 40 108 64 148 163 205 216 235 215 114 89 43 39 36 58 100 128 115 74 113 47 97 77 107 106 137 167 163 135 12 137 145 64 49 18 83 57 47 51 87 77 41 54 105 110
42 37 15 21 47 86 124 13 49 65 58 85 90 51 24 44 52 76 188 127 122 174 42 39 164 151 112 133 134 130 91 45 115 89 105 132 106 25 26 48 70 83 64 42 135 95 116 81 57 51 35 135 88 53 47 35 95 36 82 247 215 176 217 194 100 89 72 44 56 91 150 136 97 53 62 71 129 91 59 73 92 125 50 29 75 204 77 29 68 29 80 68 52 61 127 93 40 41 46 71
29 20 59 37 73 80 96 32 27 34 68 98 107 86 73 60 31 38 109 160 175 133 45 61 175 117 25 43 68 53 31 4 82 41 54 88 58 41 1 35 55 44 54 22 106 59 69 44 24 61 152 86 34 16 27 67 91 25 90 161 109 77 164 165 63 32 26 75 80 121 178 197 119 48 16 34 23 29 69 104 118 122 57 3 91 202 103 29 75 21 43 80 43 57 98 82 32 11 0 33
38 24 72 89 94 68 83 50 73 32 25 4 17 48 94 93 57 47 103 96 42 66 25 81 159 135 102 16 25 40 69 14 98 68 41 61 49 39 25 17 61 52 55 31 17 36 115 131 37 70 63 114 36 13 37 103 96 44 109 56 34 28 105 126 66 86 73 76 55 151 186 133 118 108 99 90 5 30 115 104 163 229 141 37 72 119 107 113 94 23 49 71 43 58 64 64 32 31 53 50
71 47 21 98 74 103 150 58 68 65 68 19 19 17 39 44 49 62 113 174 81 82 50 61 41 0 46 80 74 90 93 89 132 48 88 21 52 82 41 50 29 79 80 104 27 48 121 180 149 79 67 168 78 42 62 96 76 24 49 30 55 6 17 25 47 45 40 45 27 89 117 57 46 112 135 149 85 60 98 62 80 173 83 42 6 10 83 191 147 56 96 45 46 62 64 64 62 98 161 76
66 44 59 5 79 110 170 72 60 42 101 68 66 37 31 47 22 37 83 62 31 60 23 39 94 110 114 135 91 57 94 76 93 35 54 70 55 84 105 77 71 66 90 165 90 71 41 99 201 180 79 132 55 40 23 65 49 3 27 3 55 52 32 38 49 58 0 44 25 67 58 9 6 73 148 97 75 85 135 112 73 73 50 45 55 46 88 158 181 149 149 44 49 71 76 57 49 72 113 110
28 74 70 68 38 47 134 33 49 56 81 33 43 55 71 90 77 80 129 90 44 68 25 52 121 85 86 118 111 93 91 72 156 90 121 111 77 58 90 114 72 95 92 84 47 118 77 74 191 136 35 43 0 6 0 100 59 34 43 63 92 78 84 118 92 105 47 50 45 51 54 49 20 49 102 80 63 102 182 177 126 139 74 141 121 78 80 90 120 158 98 119 110 83 58 30 14 26 58 55
40 77 122 156 63 0 63 12 63 75 78 79 102 83 73 96 31 61 132 54 36 21 15 79 141 91 96 104 85 69 56 62 186 170 189 141 57 56 65 113 65 57 72 102 77 95 21 14 66 84 77 44 34 67 31 124 126 97 94 153 125 20 0 21 32 63 49 9 46 51 67 87 42 0 56 140 97 0 28 75 43 120 132 185 82 0 3 24 80 141 61 124 126 83 50 36 40 34 47 35
59 0 78 80 104 56 69 42 40 18 0 46 129 121 69 48 40 62 114 38 90 27 19 28 64 4 12 67 61 21 38 94 131 99 48 46 0 86 46 85 93 89 88 82 32 55 35 0 22 73 123 70 61 88 45 76 43 80 100 95 89 66 38 16 5 37 58 5 45 70 80 86 94 116 124 81 53 4 68 61 12 2 43 64 50 39 39 36 90 102 81 64 79 46 18 25 54 38 41 26
48 44 136 73 133 95 60 14 125 116 54 18 27 46 59 64 40 84 151 127 94 33 63 29 13 48 27 27 61 107 115 38 21 24 25 74 14 54 22 105 137 123 97 76 27 72 131 79 15 30 81 66 49 40 24 13 24 28 82 64 82 59 43 59 43 42 71 38 34 59 71 88 116 130 109 69 102 19 92 109 90 46 74 84 52 33 37 51 59 38 79 51 58 23 12 31 31 18 31 29
17 69 80 113 222 207 147 32 88 54 39 28 45 68 68 35 75 70 89 135 51 94 119 40 31 54 32 74 124 139 144 81 37 48 83 108 77 48 37 75 148 77 50 82 67 41 69 44 21 49 101 99 77 74 105 82 35 51 107 39 59 67 62 66 76 41 57 49 12 12 38 90 132 133 70 32 88 15 93 96 97 58 31 111 63 31 44 71 36 22 40 83 67 21 37 67 45 31 48 56
0 94 41 95 143 153 204 135 79 9 38 25 26 63 107 90 85 90 73 85 40 124 105 81 31 81 78 60 53 67 97 91 74 70 72 52 27 1 64 98 206 126 82 65 103 75 29 22 107 123 133 102 93 119 162 162 128 76 65 44 61 47 63 109 89 64 59 47 27 2 17 65 78 72 22 55 78 7 76 68 68 31 0 67 35 27 48 86 59 56 22 72 62 19 37 76 84 51 49 47
5 127 67 48 31 76 208 156 82 16 75 33 26 87 123 54 66 88 43 7 113 188 76 85 27 83 106 50 13 48 121 196 154 71 5 43 54 34 74 86 187 106 68 37 141 136 54 103 122 76 46 41 78 89 81 101 103 65 16 29 59 65 66 69 49 60 49 28 62 39 35 48 56 46 24 126 101 32 106 107 53 10 43 65 90 97 54 45 39 44 10 19 55 39 43 88 113 60 33 17
52 101 89 31 40 31 104 81 45 2 27 61 78 106 96 87 57 61 27 43 184 188 52 57 34 62 121 85 57 77 147 181 123 79 62 71 89 89 61 58 110 59 23 73 101 98 88 129 80 3 29 83 62 36 14 5 44 35 53 40 46 56 52 46 30 38 69 0 52 63 37 46 48 54 63 108 109 21 162 152 85 28 76 61 110 106 61 34 49 60 15 24 62 84 66 102 129 79 26 15
143 59 57 1 39 22 38 0 52 28 40 43 40 50 63 99 119 97 110 92 133 99 74 42 81 77 72 95 71 85 118 80 25 52 93 60 52 65 15 61 139 132 124 119 132 49 39 106 56 44 82 104 63 63 86 47 4 34 106 93 83 34 11 31 50 32 73 40 38 38 39 33 66 60 69 79 80 5 104 101 79 55 59 70 74 66 57 49 40 52 47 98 132 124 99 141 119 82 49 41
223 83 65 63 81 71 85 48 35 26 44 66 72 24 12 74 84 33 86 89 36 29 104 39 105 89 41 77 62 74 160 130 73 64 138 117 89 108 13 53 120 194 197 159 179 116 71 101 120 61 108 62 67 118 195 138 0 8 91 100 109 18 13 58 71 82 101 94 58 11 11 45 88 74 75 69 73 16 47 47 62 65 46 119 93 61 63 66 46 44 50 108 142 130 109 139 83 50 38 39
116 49 2 86 62 67 103 88 76 41 31 68 102 28 14 101 125 141 104 87 81 85 74 94 146 82 76 197 190 63 135 223 102 80 114 74 44 79 28 113 229 255 177 114 112 128 68 77 56 26 88 13 143 89 56 75 13 6 39 31 78 43 102 67 61 214 151 40 36 65 82 136 195 143 55 39 40 35 64 99 134 106 51 109 67 18 14 23 28 24 21 46 73 81 78 92 74 26 20 36
31 27 0 90 68 81 91 78 59 91 148 209 235 113 52 85 91 95 75 52 54 96 72 111 186 151 122 183 173 85 75 156 147 83 42 60 145 189 92 78 200 186 78 42 31 57 26 58 96 35 111 120 170 64 91 161 62 8 0 22 72 38 171 106 26 176 108 54 77 58 45 138 249 200 70 79 59 47 42 67 130 106 86 95 74 52 41 33 37 53 62 58 57 56 85 125 115 51 41 71
37 27 55 81 68 78 71 74 62 150 240 255 242 131 100 105 68 99 90 18 50 56 18 81 150 113 66 119 102 73 9 91 183 72 76 126 115 94 82 52 34 75 61 50 76 91 80 100 135 127 128 208 183 38 44 116 86 37 21 48 76 43 217 176 4 91 46 14 19 33 44 85 164 139 45 63 43 25 15 31 12 31 77 57 62 74 59 29 32 59 76 58 41 13 58 134 130 75 63 95
68 37 80 110 70 69 78 74 28 98 178 172 134 54 79 81 68 77 103 81 70 82 67 55 98 74 40 14 14 69 81 114 126 67 149 179 100 22 38 16 24 92 54 24 73 105 60 58 90 54 63 138 126 82 63 37 40 69 74 39 70 92 231 182 27 39 46 62 44 47 81 115 69 87 111 107 104 73 57 59 30 41 78 61 59 59 44 19 45 66 70 59 87 57 54 84 80 62 59 77
69 34 44 155 85 71 85 35 3 18 77 88 63 0 49 52 23 71 56 100 110 132 73 39 70 2 41 35 68 39 90 88 58 111 141 80 130 108 72 63 129 157 32 30 96 138 27 32 40 19 51 25 149 190 93 53 26 23 51 67 122 89 153 172 97 130 124 51 9 65 130 143 103 105 161 64 46 12 20 35 4 4 43 97 104 73 43 26 32 51 47 58 154 143 64 1 28 43 50 53
72 28 41 108 73 36 18 32 14 32 58 70 39 0 47 33 14 83 55 45 52 74 59 22 0 5 48 62 95 19 19 40 51 123 50 50 143 107 129 68 75 139 22 108 131 134 44 31 60 82 147 35 109 171 110 33 30 21 42 58 95 54 36 96 129 160 196 41 27 34 66 92 134 98 35 206 161 92 62 84 72 43 108 132 147 113 52 35 42 43 24 12 140 163 70 18 30 75 116 81
101 30 23 41 29 30 28 36 47 69 71 65 39 36 88 63 62 102 47 53 21 64 96 72 57 48 126 95 71 48 49 36 51 51 42 85 93 22 96 82 0 94 29 86 71 74 41 14 66 87 185 98 59 111 85 43 35 26 110 60 65 0 0 88 109 144 185 91 78 56 66 85 115 85 56 129 178 92 14 86 71 32 65 85 129 138 89 30 24 44 24 28 90 115 85 51 45 82 131 145
70 7 19 46 62 75 61 45 75 66 31 37 36 73 122 107 101 112 52 73 4 52 110 100 66 53 181 140 88 135 142 92 24 6 44 106 100 22 84 83 74 107 8 97 34 47 28 47 82 62 147 125 63 171 180 99 46 41 109 79 82 26 56 127 129 124 89 26 43 53 68 69 43 80 83 59 122 80 23 77 81 38 46 63 104 124 107 39 48 60 69 75 63 53 107 98 44 45 58 105
80 45 38 71 61 67 71 54 0 12 30 70 30 23 73 124 96 74 44 90 80 126 142 117 72 49 137 99 38 82 72 5 13 50 60 40 53 6 43 68 51 26 50 71 90 5 38 78 2 86 100 67 27 26 26 60 41 49 29 77 84 54 99 113 71 105 80 70 102 114 93 42 25 72 68 50 55 66 80 66 63 60 84 73 41 33 95 107 51 3 32 36 27 25 117 107 13 54 99 153
120 102 27 33 13 70 132 112 85 45 5 31 27 68 157 251 237 140 67 53 94 124 88 47 37 29 41 63 61 83 75 36 19 47 31 0 52 32 35 30 81 45 87 10 57 22 40 52 84 93 76 102 97 32 36 17 13 26 0 71 102 94 134 126 102 157 133 112 95 83 85 69 74 41 22 35 30 34 60 38 52 35 41 49 78 120 189 189 128 43 38 30 19 76 104 60 5 22 60 93
105 102 34 38 69 172 220 142 45 43 35 37 33 65 127 191 200 115 50 11 52 72 57 25 51 78 30 97 131 95 54 39 32 13 34 54 86 62 84 44 72 58 65 33 9 82 32 10 110 133 99 69 96 39 34 3 75 42 39 43 93 73 53 37 29 69 66 77 76 63 92 123 104 57 50 21 34 20 11 29 35 51 63 32 52 85 101 70 44 34 37 53 17 116 86 49 66 15 32 34
76 91 122 96 119 165 171 93 60 52 45 39 69 78 55 26 59 55 44 57 51 51 75 20 63 126 64 137 174 111 43 48 73 66 111 111 66 47 142 111 150 131 153 112 12 68 107 83 104 83 114 66 67 91 96 46 108 69 50 42 106 105 68 61 66 50 20 26 66 72 88 107 100 104 83 75 62 44 28 61 66 62 59 24 81 115 57 0 13 58 72 92 47 70 45 52 51 47 152 134
52 79 200 110 58 23 56 74 90 71 60 38 80 92 80 58 60 70 38 83 49 72 150 73 1 85 32 101 146 114 62 97 110 125 147 131 119 139 219 126 107 126 156 204 47 147 195 124 79 39 93 71 109 119 56 92 79 85 16 43 81 100 94 108 134 98 54 35 91 106 90 67 81 93 23 136 79 49 49 74 92 63 52 23 104 144 82 47 51 68 69 82 87 20 45 89 43 70 219 178
105 152 167 96 26 30 57 65 88 97 56 106 95 89 65 76 98 51 39 94 31 74 240 158 25 87 60 47 78 98 113 114 89 67 64 129 124 184 236 60 0 39 78 170 117 197 216 126 85 14 4 71 100 105 28 83 39 81 28 13 10 65 66 75 116 77 37 68 85 44 31 66 95 53 11 123 97 50 61 82 82 67 33 3 74 92 55 35 41 40 27 21 71 55 160 223 71 68 120 192
184 175 92 29 73 140 133 79 69 89 88 114 62 45 49 52 32 33 47 62 21 81 255 186 75 174 126 108 72 92 88 83 39 33 44 35 56 115 195 53 74 103 110 39 150 160 125 81 39 73 20 39 27 62 60 69 49 74 56 53 27 62 52 62 96 24 46 71 36 20 60 67 59 28 33 75 82 68 51 33 42 56 57 26 65 72 48 35 73 71 24 0 57 98 181 244 120 30 65 83
220 149 68 36 67 129 144 101 97 80 71 66 36 60 97 73 42 29 41 60 47 67 217 163 59 232 225 156 72 61 77 49 42 123 142 57 72 108 160 115 205 173 71 30 101 77 95 63 16 77 118 27 46 65 79 62 69 23 30 67 36 43 14 30 59 10 95 103 46 25 64 63 9 22 92 47 50 59 56 48 33 64 83 28 20 28 44 58 87 56 12 31 52 56 32 82 90 16 126 94
136 58 100 85 2 32 73 54 56 75 99 72 65 91 124 87 64 41 40 75 59 43 130 108 96 82 104 182 234 64 52 40 84 81 89 80 45 19 60 174 232 156 57 139 78 31 77 64 47 47 92 2 60 59 60 46 65 21 77 122 80 73 19 4 50 53 127 87 68 32 42 85 107 44 44 7 83 127 84 24 65 100 118 38 0 5 52 86 106 123 102 62 0 55 54 116 195 70 107 47
111 47 144 109 18 68 68 34 49 76 91 54 89 112 111 70 64 72 66 99 62 62 107 108 104 98 111 85 136 12 55 26 39 13 44 39 10 27 54 115 56 17 46 103 75 27 29 63 117 102 23 61 82 84 93 99 26 21 80 70 17 53 51 46 69 81 111 40 49 29 45 117 145 90 47 34 63 74 62 53 85 121 143 66 19 18 55 84 64 60 71 77 10 83 83 146 211 170 210 187
109 34 73 30 4 53 21 30 87 61 34 4 67 102 101 91 94 73 49 103 76 80 90 108 80 86 108 122 170 104 93 46 42 48 81 55 109 68 48 118 154 154 142 102 58 35 48 56 54 68 51 132 122 93 66 102 40 40 93 100 62 52 34 35 66 67 100 61 60 54 71 102 116 85 23 34 28 15 24 49 70 98 114 55 34 26 37 56 32 18 47 73 0 0 45 217 199 176 138 106
89 53 77 50 12 14 17 69 77 31 37 41 46 39 58 107 103 43 15 72 73 70 57 64 64 57 75 115 136 109 68 46 44 99 96 7 71 65 45 90 199 203 159 129 61 65 105 98 44 43 85 154 154 103 28 62 121 89 70 67 55 24 10 27 52 54 81 81 71 62 65 55 63 65 21 15 4 0 15 40 40 59 66 29 44 32 15 24 19 44 41 47 61 60 44 136 96 114 77 29
53 110 194 177 72 48 96 110 116 20 31 69 39 1 12 67 72 47 45 58 68 86 79 53 27 48 92 100 98 97 78 82 78 33 47 53 33 50 55 55 43 36 116 113 116 89 52 99 156 111 0 121 123 101 33 30 70 88 45 2 19 39 61 72 57 60 37 32 33 26 28 32 54 70 43 2 5 23 28 34 20 39 50 35 74 52 7 3 57 84 57 93 205 154 37 63 25 108 148 110
22 137 198 183 94 61 82 160 137 28 98 26 74 99 66 97 59 38 45 22 60 77 85 72 83 100 179 137 70 108 69 78 60 78 69 71 62 31 45 81 80 41 55 68 56 87 56 89 103 55 59 75 89 153 149 40 13 18 70 45 78 80 58 83 60 89 57 13 12 36 43 12 51 91 15 1 39 55 46 55 49 88 71 57 94 83 28 8 83 94 57 37 147 95 63 114 154 134 163 187
19 97 95 99 47 51 36 93 100 52 96 66 175 174 100 166 140 41 11 60 70 63 57 95 117 152 158 125 17 98 34 23 23 58 58 51 32 8 40 89 125 125 92 8 19 36 97 60 25 29 51 54 81 168 167 56 3 51 56 88 112 71 65 38 40 138 141 57 11 39 71 52 55 101 33 22 55 61 44 48 69 99 87 64 72 65 45 49 56 58 44 10 30 5 54 137 255 74 196 223
77 109 60 37 47 50 19 52 58 47 95 138 244 191 68 108 191 126 92 135 78 89 41 35 95 128 103 111 36 124 82 64 30 72 70 53 35 26 68 115 97 53 159 33 56 92 45 70 114 43 10 47 109 142 86 0 48 72 10 35 46 36 62 53 62 162 164 77 28 42 46 0 87 133 60 36 51 41 13 13 76 91 88 60 33 32 59 91 51 17 37 68 56 41 48 41 123 16 240 255
105 121 85 15 93 68 71 98 142 51 50 107 139 107 64 90 78 119 146 157 71 138 93 25 48 43 31 64 58 65 66 50 45 79 63 43 39 44 78 106 66 77 58 61 63 52 112 144 91 36 30 83 98 56 41 71 35 45 42 62 62 79 25 39 10 68 72 59 75 92 66 4 82 135 74 65 99 112 107 121 71 68 75 52 5 9 67 109 56 18 53 109 61 45 30 0 44 84 208 226
