139 179 211 112 168 136 57 63 85 118 160 94 45 132 117 157 98 109 38 50 75 44 91 125 86 144 132 45 104 145 125 160 197 95 2 136 88 45 89 159 149 103 60 101 105 114 79 201 230 55 46 16 35 93 93 41 87 104 36 36 56 100 111 86 59 127 221 204 173 130 103 113 239 177 108 22 79 107 100 54 27 58 86 50 75 72 51 32 29 15 35 111 184 148 9 123 106 46 91 117
161 186 167 125 198 227 168 127 124 122 138 33 0 60 117 147 94 95 36 99 168 62 135 162 59 57 75 83 73 83 78 39 60 134 87 52 41 67 116 178 145 79 87 139 162 115 79 159 138 90 44 45 111 135 27 70 119 132 54 140 179 126 203 120 8 94 87 58 117 140 59 30 181 187 157 48 71 69 37 12 21 76 115 97 76 54 51 43 43 53 61 170 195 161 12 108 106 81 142 176
145 212 210 116 167 178 205 144 57 112 162 129 80 23 60 49 99 69 95 52 128 34 104 167 57 78 73 37 123 128 192 163 139 122 142 101 81 76 101 129 71 44 109 132 201 153 106 83 108 85 85 65 108 71 16 81 61 47 52 66 122 149 255 215 82 142 0 143 95 60 145 116 115 13 101 123 56 7 30 35 55 87 119 126 60 27 32 47 35 84 103 203 192 142 8 43 120 153 187 157
158 206 178 186 140 85 64 111 119 96 162 104 74 65 8 103 86 12 125 184 28 64 42 14 2 115 110 39 124 100 116 122 48 96 141 23 13 52 97 190 241 183 129 166 217 230 140 119 90 60 46 236 203 107 105 126 83 22 107 70 73 64 93 149 191 134 132 67 65 161 187 60 26 72 80 0 36 54 47 118 123 40 0 37 98 206 154 69 176 167 97 82 77 75 80 112 114 112 110 107
77 100 71 23 63 39 55 97 140 142 115 99 171 146 116 164 138 52 98 176 108 138 136 83 18 79 49 41 0 53 57 94 110 38 91 132 179 164 128 219 255 247 252 171 170 50 63 138 181 111 173 182 155 89 14 56 73 93 162 178 164 80 47 61 85 122 82 127 99 105 75 66 45 61 148 154 115 55 27 63 97 72 75 64 91 244 169 60 137 120 60 85 109 103 109 100 105 107 83 80
84 153 134 153 81 37 0 66 182 170 129 18 124 87 79 110 82 17 55 109 73 176 133 90 16 13 0 26 30 152 177 147 145 68 120 188 209 190 116 108 149 141 151 27 166 156 246 243 199 85 243 56 104 83 16 38 69 94 79 73 80 64 54 44 102 114 83 186 211 80 22 74 76 75 156 167 77 31 51 59 38 33 71 69 53 154 106 61 94 78 33 137 157 139 98 87 130 172 139 104
0 118 142 132 86 110 178 167 116 136 95 2 79 19 104 130 57 62 125 0 85 102 32 62 49 35 28 8 88 135 196 116 7 86 91 95 180 139 25 24 45 6 19 123 113 81 131 255 151 50 33 33 35 29 87 87 25 5 49 74 82 65 31 42 30 27 30 159 138 75 36 100 84 76 72 66 33 47 94 86 57 35 32 40 0 27 52 80 86 72 22 85 82 71 71 106 171 153 103 121
43 72 0 56 45 143 223 137 72 53 98 41 69 36 57 122 64 98 129 45 109 53 30 69 88 90 108 113 112 50 133 79 21 115 80 13 73 59 38 54 78 63 47 37 32 90 95 12 7 38 78 60 0 5 41 58 66 60 89 50 9 9 34 17 25 83 130 93 80 56 80 57 103 88 28 29 61 104 117 50 50 86 78 84 25 16 56 53 61 83 73 67 76 82 161 229 200 144 50 48
165 122 14 43 50 91 91 103 106 85 45 14 98 75 37 45 53 83 49 49 99 25 50 92 172 122 157 215 89 177 194 173 209 120 114 8 52 51 29 75 109 123 113 74 14 28 71 60 98 115 12 42 38 46 13 27 104 120 69 133 86 49 73 71 28 47 54 111 63 102 104 46 81 88 0 47 85 174 159 62 33 81 61 75 69 16 52 26 29 123 216 160 95 138 195 235 181 121 81 12
19 114 152 66 39 47 142 187 191 67 23 95 139 170 72 13 74 92 126 50 78 28 71 77 140 101 151 130 59 207 237 191 185 92 73 50 80 63 72 56 73 98 186 146 85 53 21 13 44 80 45 64 48 60 46 7 68 127 24 56 71 71 75 110 143 119 103 82 133 132 101 57 62 65 20 6 65 166 213 72 25 29 39 10 74 35 40 31 8 169 234 60 117 110 99 80 82 84 86 66
79 95 168 111 132 94 156 174 120 91 182 151 137 184 126 56 58 89 232 116 103 28 67 43 64 52 28 92 73 84 183 87 21 110 3 50 111 146 132 94 76 105 226 244 156 61 28 98 81 83 66 53 9 16 44 0 21 106 70 145 145 85 38 56 155 115 56 0 123 128 67 57 66 31 42 44 1 124 188 83 12 25 82 59 70 9 49 81 45 126 135 48 108 164 97 22 34 117 140 141
71 31 86 48 40 68 147 160 93 129 135 126 140 31 84 40 61 70 196 88 76 21 124 153 50 0 83 52 23 58 16 4 63 82 97 2 91 189 160 76 2 60 92 132 104 79 46 29 61 44 44 65 26 11 30 13 35 18 55 139 77 63 111 48 0 125 150 75 68 38 36 146 96 140 86 122 10 41 139 107 14 60 73 67 37 36 99 51 42 118 158 141 34 102 85 92 68 171 147 107
94 21 98 118 98 157 250 244 105 65 50 67 144 105 134 172 138 130 147 74 71 16 86 96 0 5 37 59 40 48 66 72 132 139 81 39 67 123 144 104 151 139 104 80 74 28 26 34 27 21 14 63 48 34 19 34 41 66 22 0 50 69 101 62 57 145 134 118 99 60 69 152 95 106 39 16 49 77 49 46 95 71 41 69 74 20 41 42 53 132 150 86 58 86 47 51 80 140 72 9
188 66 103 92 86 127 252 239 73 87 96 51 93 90 203 171 206 170 60 7 36 55 129 121 60 75 31 79 84 71 75 51 82 141 108 0 116 210 226 121 38 125 214 68 52 9 13 20 44 49 15 26 20 26 4 27 24 32 39 40 76 111 174 126 94 215 212 90 57 80 158 148 84 91 103 90 47 55 5 26 45 90 114 38 107 77 36 33 44 105 104 35 65 79 38 55 48 76 48 30
129 150 213 126 69 64 175 147 81 66 126 58 74 72 170 136 177 158 60 36 42 79 147 135 85 138 84 52 83 132 120 61 80 115 88 206 127 107 185 176 122 151 187 61 58 10 1 35 29 43 40 28 27 27 13 17 25 13 5 19 7 45 136 163 117 174 255 205 128 20 98 181 129 146 54 72 15 39 166 164 25 7 64 82 182 127 69 74 69 83 76 52 40 70 46 78 31 62 96 90
95 129 170 159 139 91 126 105 56 95 36 58 47 61 160 106 101 128 125 134 78 63 105 96 115 147 99 32 47 86 129 169 158 108 44 210 130 55 17 81 237 238 128 39 39 41 26 22 40 38 63 40 38 22 34 34 39 32 32 68 24 106 198 209 139 130 194 175 145 53 26 47 117 172 190 53 116 137 140 141 95 0 35 177 201 112 103 104 51 87 104 56 39 56 53 92 42 78 122 67
88 148 119 139 108 93 80 92 86 115 73 65 48 47 156 84 79 69 147 100 87 61 127 134 123 135 82 90 87 93 123 116 111 100 75 7 35 101 77 60 120 120 83 40 15 30 37 13 19 40 48 46 29 17 26 29 23 37 24 12 30 65 40 64 66 16 23 81 105 69 73 35 89 143 195 105 171 97 18 57 69 69 117 129 138 109 158 174 86 68 85 20 67 102 21 43 89 103 102 44
136 130 25 96 109 57 108 82 82 168 138 69 136 60 125 92 53 73 77 113 84 46 125 153 105 103 103 178 169 166 105 42 62 103 104 83 45 94 193 208 117 62 14 30 51 30 14 23 11 26 37 42 30 10 1 0 10 16 9 14 30 44 8 28 108 63 120 112 106 3 74 79 95 43 0 65 75 77 44 101 29 29 104 100 41 51 183 176 114 59 26 39 71 99 36 21 47 130 65 55
138 238 194 135 114 143 210 130 66 97 132 149 217 82 98 80 82 46 18 157 148 27 41 100 46 51 136 197 177 176 158 145 116 132 111 149 118 133 162 153 149 97 44 26 34 14 0 10 26 21 25 31 30 19 8 6 19 19 15 39 56 63 32 53 47 16 58 1 29 13 94 33 2 14 81 41 81 30 13 38 30 1 84 106 33 0 85 64 53 87 33 91 29 107 83 40 28 113 59 53
189 230 142 159 150 97 145 124 123 31 74 123 65 114 195 94 29 101 112 86 88 101 132 141 78 47 120 87 90 65 81 97 63 102 196 214 73 186 173 45 80 55 52 20 14 34 64 68 23 11 20 33 42 40 26 28 48 45 28 39 40 44 27 46 21 44 64 10 5 84 126 32 31 118 56 104 81 80 41 4 67 59 82 18 13 33 71 59 41 25 22 79 89 46 54 0 48 61 83 29
74 78 68 37 41 67 0 70 66 74 49 64 73 156 120 105 123 133 113 93 79 83 121 167 143 89 93 79 157 141 87 58 45 131 238 252 83 156 118 77 124 59 88 67 18 7 46 49 22 22 57 79 89 79 40 31 43 49 28 26 12 22 24 37 24 38 54 58 27 92 94 42 130 184 223 109 49 71 124 95 91 68 96 9 16 27 19 53 41 32 11 112 92 69 36 28 46 36 56 0
57 114 115 159 172 151 53 65 44 59 62 53 61 125 79 125 236 172 83 136 92 56 43 43 38 52 26 90 134 131 62 62 97 74 155 237 103 79 59 53 71 15 73 48 0 3 70 89 40 43 83 93 99 90 39 24 31 48 34 40 20 28 40 46 38 11 17 34 43 86 86 66 152 255 217 114 69 66 122 75 93 0 71 58 38 6 1 49 72 71 81 81 63 32 84 108 127 140 95 96
173 209 199 173 114 93 95 144 12 51 98 50 23 126 102 151 241 138 83 133 84 68 61 49 129 183 142 238 181 136 114 153 171 184 151 24 32 32 0 34 94 79 124 48 15 28 65 64 39 30 54 44 52 65 24 12 41 51 38 54 24 11 15 14 26 24 39 28 24 50 59 78 148 174 105 74 87 72 23 107 110 20 57 33 23 77 172 185 137 64 38 75 45 3 67 78 115 84 60 109
178 169 105 165 129 37 98 66 66 7 95 112 0 116 146 207 230 84 98 79 80 115 76 10 29 51 7 152 120 59 67 73 95 177 249 50 170 175 21 7 17 17 59 10 49 66 51 29 33 19 37 20 35 66 30 18 35 35 23 57 30 6 9 11 17 27 45 68 54 63 36 72 156 148 60 61 84 96 68 114 151 94 107 94 77 101 222 234 120 46 81 77 119 49 152 36 114 0 59 112
88 34 59 242 251 129 97 49 105 51 70 102 39 91 137 188 156 48 114 37 68 112 81 57 67 118 96 184 91 68 108 92 100 151 190 41 217 213 84 27 33 34 79 57 102 98 29 24 53 74 49 62 61 71 47 33 41 31 11 10 8 15 29 15 9 9 30 36 47 53 64 134 186 125 62 63 10 86 102 167 104 64 112 136 60 43 115 137 89 115 197 122 193 178 237 84 147 54 69 143
17 109 86 124 175 114 14 34 111 104 71 86 105 97 113 118 82 43 110 51 105 98 67 14 23 18 98 105 70 92 126 65 35 55 9 200 254 207 119 25 0 2 5 70 92 80 40 36 71 99 86 70 61 74 31 56 59 47 0 31 29 37 41 21 9 45 46 0 45 53 90 151 151 106 98 84 17 93 93 94 46 9 8 67 28 30 103 167 139 111 127 152 220 210 156 83 83 58 54 8
109 176 101 23 48 73 6 71 23 75 64 87 199 146 57 34 38 75 72 20 95 98 113 124 85 83 174 115 161 229 202 72 54 75 47 214 185 128 96 86 46 67 59 65 21 19 42 64 75 64 63 9 34 30 0 32 68 64 10 52 39 42 35 22 4 64 86 66 64 42 48 51 95 107 147 103 72 126 76 39 20 41 9 86 74 54 72 129 127 91 50 89 138 137 35 56 76 198 217 36
119 160 178 151 112 29 0 84 0 72 74 24 101 125 5 42 95 123 120 90 54 36 82 134 78 52 75 126 197 160 71 49 46 14 19 41 93 115 73 38 63 74 113 34 0 25 49 41 90 40 73 35 87 24 6 16 18 33 23 35 26 33 27 32 72 71 69 107 17 21 54 53 82 131 151 64 103 149 90 92 36 88 18 76 123 92 46 41 52 29 102 113 31 96 198 220 189 188 161 88
120 212 198 132 199 134 76 84 84 100 58 23 57 152 20 49 87 52 87 41 21 98 147 63 48 139 165 124 113 128 83 91 81 58 47 55 59 95 117 73 29 93 192 128 37 11 46 63 112 27 41 73 115 47 55 54 14 37 68 26 34 43 33 39 57 44 46 106 24 14 36 36 54 101 136 58 97 99 40 42 5 95 42 40 69 27 41 87 82 71 94 86 49 113 233 230 153 64 32 65
134 115 92 120 214 81 96 175 188 84 14 87 88 114 18 61 67 60 118 24 47 92 188 214 200 109 83 40 29 32 8 40 35 61 82 112 173 166 101 26 22 57 75 119 46 19 92 138 227 103 41 119 142 84 34 10 0 18 53 0 41 61 62 58 46 44 23 12 30 16 41 72 53 42 84 37 29 38 73 83 48 77 13 11 60 27 35 65 79 61 79 94 14 43 140 118 96 122 148 109
197 54 27 89 153 92 177 210 165 73 155 255 202 93 12 82 52 15 31 28 90 58 110 238 207 61 32 146 245 203 112 60 52 82 110 52 130 137 46 17 80 105 83 96 17 0 90 153 206 98 54 138 216 159 58 36 93 123 96 44 59 45 53 33 30 36 27 4 75 70 70 106 85 82 147 133 66 14 53 46 49 69 31 29 31 19 11 25 20 45 56 59 80 132 166 154 53 65 89 41
132 22 38 71 76 75 171 163 100 28 217 236 202 127 53 98 58 53 32 21 7 90 99 58 86 136 60 111 138 115 125 105 20 42 58 35 25 95 100 101 65 92 118 62 32 29 56 50 126 36 23 20 137 64 0 30 85 135 67 45 39 10 44 29 38 25 37 54 87 85 44 58 34 87 168 183 120 26 43 49 49 69 33 24 0 42 34 30 39 64 128 53 59 145 200 137 56 36 68 70
70 56 40 25 9 16 67 119 153 105 159 103 151 196 173 169 82 138 109 47 72 106 97 36 22 88 76 90 77 29 170 247 113 102 96 31 91 174 172 94 18 24 56 97 86 47 52 18 99 50 89 94 115 46 50 109 88 109 87 52 16 0 15 30 32 43 29 0 80 91 107 95 75 83 125 100 83 31 117 79 90 95 43 58 40 58 81 37 49 110 149 77 54 91 113 78 55 158 247 108
158 149 72 113 0 76 57 125 203 181 142 85 165 255 232 128 35 166 95 109 160 87 60 129 75 12 61 111 141 56 152 180 84 83 78 57 116 142 107 57 58 44 20 91 74 63 94 49 147 109 121 100 113 27 48 70 34 25 15 26 15 4 44 82 64 34 16 29 53 124 180 162 151 151 120 94 116 25 55 0 85 145 110 111 58 78 106 48 44 96 128 83 79 114 132 70 81 162 250 201
211 180 86 69 4 149 102 55 36 92 89 71 102 202 181 72 54 184 133 175 95 55 80 54 82 93 70 20 137 82 44 77 87 191 94 220 99 38 55 54 5 13 70 31 52 58 76 69 122 80 44 133 127 70 50 73 73 69 57 45 20 34 93 116 108 51 7 41 61 80 95 85 98 105 42 47 105 69 51 27 43 92 79 94 41 53 86 47 41 79 91 60 58 91 129 58 41 147 215 151
119 128 134 51 6 111 113 27 58 111 164 168 54 68 79 63 47 222 174 203 97 94 127 160 254 59 20 159 195 143 60 41 130 124 33 118 82 1 35 155 77 36 74 48 72 21 41 165 154 91 30 124 92 63 26 60 98 82 61 45 32 78 152 160 105 82 75 73 74 45 76 52 107 131 76 83 80 92 49 94 64 54 56 38 25 61 84 43 44 73 65 39 43 100 201 168 74 58 135 165
124 143 200 172 51 42 33 7 122 116 161 243 92 34 91 95 157 143 32 142 172 182 92 158 255 148 61 173 137 97 46 61 75 64 22 92 205 150 67 77 205 119 0 95 58 32 37 90 105 51 51 41 56 72 116 155 152 86 37 33 23 41 97 113 96 100 149 144 74 85 167 92 29 88 61 81 52 58 93 147 133 86 107 10 23 97 101 32 0 51 82 91 103 131 201 160 71 66 156 112
60 60 133 161 90 46 66 55 166 130 129 245 156 79 157 117 134 55 68 151 101 149 76 119 117 66 78 220 152 70 81 87 98 101 129 255 247 189 190 125 182 125 67 136 11 66 98 90 109 42 50 46 53 72 92 124 128 100 68 54 35 52 114 140 111 91 100 195 162 171 160 60 40 106 56 68 60 27 147 157 139 67 113 28 28 76 79 41 33 59 52 29 42 68 123 105 42 55 148 104
50 84 169 147 116 58 142 112 124 93 111 156 141 111 171 162 105 141 242 191 69 123 45 72 41 41 96 174 86 46 136 154 94 78 143 114 34 104 255 166 195 82 74 107 34 129 109 107 157 65 17 75 54 58 33 49 100 121 107 77 52 65 114 133 98 66 48 198 229 208 143 55 51 104 41 52 67 64 138 139 99 30 76 74 35 30 48 60 53 66 49 4 21 40 71 77 65 87 129 141
71 129 186 161 116 58 131 82 61 47 151 112 130 122 90 130 53 72 209 166 70 130 40 27 69 70 43 78 94 169 225 211 153 100 1 221 184 102 156 43 218 252 202 200 71 145 63 56 172 78 5 28 36 42 83 79 82 74 49 53 52 36 48 65 67 60 94 171 148 144 184 96 5 56 25 59 79 150 103 134 66 35 60 95 20 4 31 37 78 95 80 18 28 38 57 85 92 107 85 158
171 138 63 117 73 0 83 119 62 86 143 74 132 199 59 107 48 102 99 182 80 165 129 88 68 22 56 149 212 244 226 193 147 82 8 98 137 149 176 91 207 203 81 237 194 167 22 56 222 201 157 6 29 90 82 86 69 57 35 30 35 41 57 70 54 54 78 46 62 104 183 115 77 103 40 36 105 146 61 111 31 59 63 153 94 68 28 26 26 56 66 13 36 39 39 75 104 125 79 116
241 157 55 33 49 36 41 164 42 116 88 0 126 176 154 144 124 179 247 255 115 221 255 138 83 48 164 230 239 255 168 101 82 61 41 72 84 167 240 204 245 235 255 250 255 149 55 118 201 255 243 62 114 64 62 35 62 62 85 47 65 79 118 78 71 24 12 12 46 76 104 99 156 178 47 28 42 66 75 48 26 54 120 179 110 73 51 15 27 25 24 36 102 99 60 82 130 147 88 92
108 84 59 44 122 126 22 108 10 51 34 71 53 91 214 85 20 41 206 157 144 255 239 83 142 131 242 232 255 248 218 153 120 137 93 41 132 243 255 249 242 255 255 221 254 151 118 142 180 147 156 98 107 100 53 24 46 119 138 33 44 57 55 46 22 36 77 131 36 54 106 81 50 94 55 42 47 27 49 59 48 25 149 183 72 0 48 63 99 99 51 37 91 105 31 9 64 84 62 63
32 41 62 52 115 129 82 50 77 121 69 133 225 96 148 50 115 100 57 105 133 225 158 198 130 10 143 164 209 146 45 143 180 72 94 169 30 75 139 132 181 237 225 235 230 220 232 248 244 139 75 116 157 97 46 139 99 81 73 39 88 150 58 64 140 34 101 107 98 121 166 69 154 179 101 0 34 4 65 133 71 17 116 108 38 48 99 45 43 68 18 9 75 137 85 52 57 77 109 104
148 59 79 35 31 71 147 49 12 64 47 199 215 133 93 34 132 43 40 0 77 130 23 92 202 144 208 255 207 121 82 186 157 249 244 133 193 245 249 58 225 196 255 253 244 255 231 241 252 242 136 43 110 33 213 246 213 70 106 100 75 147 70 77 154 128 169 38 36 191 189 121 105 202 151 77 176 153 229 190 165 88 121 100 47 85 122 78 58 78 43 47 70 85 40 20 38 55 96 32
247 85 148 123 96 134 208 119 47 127 106 89 132 59 38 43 196 28 19 153 169 115 85 130 106 52 146 81 72 137 193 237 118 226 226 255 117 146 250 253 231 164 215 246 254 255 246 245 233 244 197 37 67 35 251 205 164 72 118 50 75 231 246 245 247 238 255 255 196 142 104 36 183 208 190 72 76 97 170 171 173 74 32 55 76 83 49 10 0 52 72 67 34 23 37 48 78 108 133 29
186 70 121 122 115 129 143 116 159 233 86 13 87 84 63 115 234 59 70 80 143 102 155 192 69 68 130 177 255 224 233 182 139 255 239 249 223 161 206 250 249 240 239 243 233 227 255 255 199 222 252 255 255 113 37 46 95 201 255 167 148 248 255 241 255 235 255 247 231 81 147 54 241 211 234 138 74 109 33 79 64 156 152 106 124 118 78 44 57 105 147 131 57 12 62 84 72 110 125 71
135 111 88 82 82 62 40 60 179 246 146 90 179 99 98 111 136 100 38 76 220 171 106 53 0 89 67 131 161 125 92 196 255 221 243 235 242 123 249 254 255 232 255 157 225 255 239 231 255 255 223 224 157 89 98 111 209 255 212 146 76 180 242 236 250 252 241 255 250 234 120 106 64 80 60 97 156 255 112 106 23 190 169 48 45 8 6 30 37 15 66 120 83 6 56 87 44 70 77 98
97 195 184 108 99 80 61 65 101 204 225 139 172 68 76 46 41 145 79 32 133 121 134 95 27 108 154 176 116 153 112 246 130 64 158 255 214 0 198 253 237 219 248 190 233 238 255 248 255 224 162 255 130 34 149 26 113 145 141 91 67 150 251 252 239 255 226 219 255 230 118 175 126 78 92 3 129 204 186 95 73 86 88 151 114 53 46 55 45 25 43 64 74 0 74 85 17 71 69 99
55 159 141 171 149 44 60 83 39 111 210 141 98 113 108 56 89 165 178 140 149 157 199 151 11 37 107 166 147 170 138 255 76 169 234 198 211 196 101 171 202 255 255 240 252 255 205 200 185 223 217 73 18 31 255 80 145 246 255 243 255 231 217 244 255 231 255 228 255 232 193 194 166 31 28 130 110 21 65 78 152 67 138 170 61 72 101 41 2 10 25 9 46 26 99 90 45 108 77 41
127 139 81 199 144 48 57 126 91 120 194 118 31 145 147 62 82 79 96 72 58 84 115 104 97 105 79 129 134 23 115 90 69 131 77 222 137 158 111 30 152 32 240 75 226 236 240 255 255 239 93 202 76 97 186 119 84 233 251 226 255 239 217 255 252 223 242 249 252 241 8 130 0 129 189 112 126 52 81 161 147 94 105 48 7 129 234 181 80 42 34 24 96 81 100 100 10 91 89 75
150 60 109 107 153 109 124 88 106 100 120 96 105 228 208 37 10 96 130 70 91 139 65 7 57 87 143 93 0 125 83 108 136 104 94 79 126 170 52 106 119 46 19 185 228 255 254 210 255 244 245 255 239 239 235 239 149 240 255 239 245 249 249 242 122 198 246 245 187 197 12 124 141 181 182 44 66 64 141 192 147 105 3 0 81 128 187 142 55 37 56 41 83 34 18 56 121 119 58 42
144 0 41 34 38 47 41 0 61 73 186 185 191 244 255 110 58 134 174 138 140 123 61 96 105 84 77 163 78 205 114 110 47 10 38 11 6 113 41 154 109 80 39 79 154 230 231 227 231 252 217 180 253 244 253 255 222 223 225 249 255 253 254 231 195 255 237 255 8 0 78 71 64 78 86 125 77 67 164 144 43 36 40 118 102 0 47 125 87 72 52 1 80 106 72 59 99 70 9 24
78 43 66 191 86 129 74 46 131 73 243 255 248 255 240 103 54 103 117 56 26 41 87 125 166 155 114 64 0 72 58 24 14 21 97 124 64 127 96 212 136 80 61 4 19 34 81 124 238 242 255 102 255 255 245 227 247 255 247 245 247 234 231 228 209 229 159 255 137 118 118 85 58 88 96 69 56 65 118 111 12 17 51 106 107 45 63 118 118 130 110 43 97 129 100 78 80 63 14 24
59 128 141 119 71 89 98 26 101 63 189 249 197 171 133 60 44 43 60 88 93 59 119 124 120 126 102 103 41 96 40 35 92 119 190 114 143 70 151 140 207 82 58 184 132 63 16 92 128 83 39 44 227 185 184 124 186 240 252 249 251 248 255 254 255 206 94 35 180 225 151 242 250 48 25 14 68 68 78 92 63 96 65 85 130 122 87 77 25 28 33 49 129 139 91 53 50 50 23 41
92 132 133 64 79 32 45 33 91 77 42 127 97 71 52 40 68 88 68 91 154 144 211 169 78 100 126 102 98 111 105 116 182 182 120 53 102 38 112 136 217 145 77 69 77 48 61 166 163 106 69 136 224 152 204 220 255 242 239 255 247 237 255 250 251 236 224 255 254 196 1 147 173 70 34 83 86 72 80 102 87 101 51 142 128 42 80 127 128 122 98 78 103 91 75 63 84 65 29 48
158 181 149 96 120 17 71 71 163 180 110 36 52 40 64 108 149 140 141 39 120 155 255 203 73 155 156 72 61 56 84 92 169 153 97 32 75 127 29 176 137 145 32 28 116 98 109 155 112 47 94 106 131 60 77 109 136 131 159 182 196 255 252 244 236 241 251 181 8 90 111 198 123 139 123 151 86 35 125 147 105 95 109 86 107 66 132 244 242 241 201 49 52 67 61 65 87 59 13 29
149 204 234 63 33 17 43 135 255 198 194 69 70 56 82 128 196 159 184 131 151 112 216 183 42 77 121 108 89 61 107 71 108 81 87 80 87 66 9 114 22 95 0 24 98 108 101 147 69 42 98 42 85 81 67 92 79 136 120 99 193 255 230 242 255 239 251 135 0 123 103 50 0 76 130 96 95 94 165 184 119 123 87 76 86 96 241 235 135 68 70 24 43 48 60 70 71 54 17 34
109 147 207 201 82 100 63 89 203 62 91 98 96 43 70 116 182 214 240 183 165 65 133 146 51 112 121 7 0 11 178 108 83 68 87 100 118 68 49 123 51 160 142 31 109 64 155 198 140 17 47 5 47 59 76 165 134 149 38 37 67 123 59 126 251 231 203 114 125 170 73 77 97 61 87 53 139 156 185 193 159 98 10 37 74 72 226 251 125 47 40 27 73 74 57 44 67 64 38 56
124 67 86 72 100 76 25 180 68 104 13 55 76 31 45 141 172 137 144 130 117 74 142 109 118 136 255 139 129 66 61 66 36 82 91 65 97 72 43 103 67 162 84 47 9 108 68 77 20 30 60 71 70 45 123 93 64 30 103 140 131 90 115 106 117 75 73 69 180 230 116 0 147 77 108 91 129 93 122 165 109 50 37 116 202 111 89 197 122 118 76 14 89 124 79 38 62 70 52 69
48 74 34 125 197 141 18 111 99 122 16 97 107 102 79 45 53 53 52 112 209 173 146 151 202 152 87 98 76 57 69 93 31 85 94 43 59 107 84 116 142 172 195 114 56 126 137 170 64 29 65 35 102 143 97 65 11 89 97 29 63 34 74 142 141 146 143 104 110 79 68 40 71 79 53 52 133 122 71 29 27 28 65 102 183 108 17 133 95 126 95 17 52 105 94 55 24 36 23 42
255 200 229 102 149 140 34 35 104 72 45 52 92 127 128 123 80 128 172 159 125 104 113 170 68 46 69 12 30 46 204 213 110 104 117 89 96 177 136 54 175 137 193 170 133 145 88 78 75 105 166 36 107 183 57 80 103 172 132 104 62 102 90 87 71 15 44 115 93 5 23 74 76 173 68 17 110 138 81 52 57 77 100 86 99 93 99 178 87 70 86 59 11 35 80 60 35 47 39 68
251 255 217 86 43 58 81 90 87 0 98 43 63 182 211 105 86 127 101 74 152 187 75 99 125 180 126 230 166 118 130 61 20 37 75 96 172 255 212 28 75 42 45 76 97 150 97 79 104 112 69 130 193 94 66 75 246 212 131 39 53 70 121 100 30 48 20 44 116 92 42 169 212 255 127 56 107 143 127 127 124 109 107 60 13 52 150 243 72 23 55 82 23 24 71 53 21 33 33 76
255 151 142 94 0 3 163 101 138 50 154 73 49 111 149 110 61 75 66 63 138 178 67 132 143 179 174 161 153 34 21 19 11 84 85 59 173 252 246 61 41 75 26 42 55 122 83 63 71 26 72 207 230 119 82 60 195 171 127 49 27 51 122 84 86 122 132 92 80 107 49 160 255 240 172 127 126 156 155 110 49 74 150 119 55 65 88 159 91 56 62 93 75 72 73 37 22 33 40 94
160 216 175 59 11 22 97 88 160 128 111 75 14 40 118 127 103 86 120 224 143 105 59 97 35 46 90 133 170 114 104 68 59 53 23 48 154 194 246 120 92 178 98 80 5 35 86 71 64 49 153 129 190 255 164 139 90 146 103 120 69 64 82 34 87 121 100 167 61 94 44 158 231 162 158 124 55 89 188 146 89 82 120 132 104 118 42 106 128 131 48 30 73 93 79 85 88 86 25 102
180 196 150 30 49 40 102 94 177 175 83 46 44 52 105 100 48 34 78 181 247 152 45 32 105 69 51 139 135 59 65 54 70 169 243 171 105 169 222 147 152 235 170 49 21 51 156 163 180 74 86 115 142 183 138 179 117 93 44 110 46 50 38 35 95 148 46 42 101 181 237 216 174 89 73 65 38 76 157 172 118 111 78 105 87 143 71 98 111 115 81 64 57 91 105 109 124 103 39 57
100 180 168 34 60 111 178 166 173 219 78 18 38 53 153 192 90 57 114 66 84 63 147 118 96 89 143 125 124 105 107 45 32 123 240 250 68 131 117 127 222 245 214 136 151 101 107 101 243 134 66 209 155 40 9 19 126 64 22 68 38 74 63 63 120 142 9 33 227 255 224 84 93 116 136 86 59 147 161 57 45 90 106 121 24 88 67 95 37 39 136 196 98 80 93 86 91 51 25 20
101 28 9 101 164 181 186 224 96 146 84 88 102 73 100 85 149 124 233 172 103 92 248 204 61 49 30 168 146 136 171 155 46 55 113 184 46 64 67 119 23 93 141 140 114 92 50 67 114 44 96 255 211 106 34 30 9 43 83 84 60 31 35 43 98 69 22 43 98 214 200 65 87 86 78 72 65 139 156 35 39 127 31 56 32 52 170 161 157 147 178 182 76 63 81 121 126 49 40 28
26 73 164 248 209 238 255 231 142 48 25 110 162 153 116 53 143 202 245 176 103 77 156 159 125 112 130 123 158 204 175 82 29 101 146 164 120 95 151 117 158 75 66 160 124 90 27 112 124 124 121 170 129 95 116 20 24 54 37 63 112 85 71 66 90 87 47 93 116 155 73 75 141 103 25 70 111 83 99 76 99 154 146 101 174 158 155 160 193 249 172 94 60 77 37 71 151 53 42 18
75 164 255 253 144 172 255 200 245 92 92 166 194 192 141 99 91 163 176 183 118 36 28 67 125 192 109 151 118 149 101 18 53 136 91 87 59 105 161 84 151 162 200 231 135 105 88 206 236 200 191 48 25 132 150 53 9 77 38 100 139 158 101 78 107 58 21 156 233 161 82 90 166 191 82 67 137 60 85 176 126 159 237 157 133 84 106 94 68 130 68 40 15 59 55 71 98 55 87 94
178 192 172 149 42 83 220 198 212 182 201 182 191 240 240 255 131 91 120 253 243 139 111 112 147 168 117 111 87 64 45 110 167 124 58 98 55 98 105 71 10 107 164 196 101 53 14 150 151 132 113 22 22 96 141 46 39 58 17 68 84 148 86 59 4 80 63 109 207 88 39 63 71 128 122 111 193 93 73 165 132 137 255 197 124 143 112 105 19 68 26 75 46 57 69 84 56 69 109 125
169 118 37 141 72 79 144 139 56 169 186 90 119 214 216 218 79 91 128 182 208 202 198 89 35 66 0 93 85 46 62 223 253 66 71 74 63 39 111 169 23 134 79 78 54 105 0 48 63 21 63 61 61 66 64 34 7 0 63 128 97 108 91 136 109 152 175 160 160 62 116 198 123 137 170 102 170 137 78 50 86 204 219 210 200 201 129 121 141 214 58 58 85 63 15 53 120 127 101 63
143 117 75 125 113 77 89 117 0 144 142 36 112 178 132 74 35 94 144 189 196 159 172 161 131 150 104 45 63 75 97 212 175 6 68 51 145 76 178 109 128 171 91 48 170 232 129 42 54 68 130 118 151 85 42 57 45 30 88 202 118 69 56 181 141 180 140 65 69 58 142 169 49 71 103 64 145 191 175 85 108 216 178 211 136 124 138 132 179 232 165 116 85 30 44 72 103 113 71 145
129 108 120 82 125 71 54 104 61 49 191 103 151 124 115 111 118 119 144 217 151 104 60 89 172 226 192 86 48 164 153 112 107 5 64 149 209 196 152 32 73 94 128 44 198 246 170 65 164 112 107 161 134 107 127 94 73 110 84 110 67 126 13 106 77 97 35 99 56 169 177 132 104 74 64 69 162 229 246 155 106 181 142 206 83 55 169 166 167 237 153 246 116 14 117 114 20 47 87 167
49 90 59 81 112 73 103 96 132 0 158 152 36 0 167 163 190 96 90 192 255 238 207 98 137 252 255 148 74 233 196 97 130 136 110 215 72 176 73 52 76 42 104 83 217 197 165 114 255 119 85 132 86 134 182 62 69 102 94 64 150 255 112 122 90 184 127 135 119 132 58 31 170 105 18 115 206 202 192 132 56 99 145 206 105 52 173 112 178 190 67 64 51 0 74 137 146 187 170 60
44 66 127 162 140 126 76 2 83 115 90 83 125 33 72 113 70 169 85 77 214 197 251 176 42 110 151 147 100 115 43 46 56 168 250 252 54 86 58 86 118 115 66 86 147 137 105 53 101 38 36 40 105 114 133 195 122 36 97 111 139 221 195 185 141 52 84 86 74 94 246 245 58 29 28 49 38 89 56 214 140 36 48 39 77 73 156 99 186 255 177 16 59 47 26 117 231 248 219 139
62 58 116 94 98 77 84 20 147 145 99 61 147 72 62 51 121 134 0 77 42 48 105 132 58 91 84 34 53 90 72 55 56 164 255 229 74 67 80 84 84 67 2 122 188 172 69 63 52 38 57 61 104 79 50 92 68 35 55 127 135 146 92 107 216 244 189 43 113 174 245 210 108 124 64 105 70 153 101 112 72 64 129 111 112 46 69 96 192 210 119 92 68 31 36 119 212 221 156 113
27 77 32 35 55 52 113 128 231 181 71 105 130 91 128 114 69 142 60 98 45 198 164 164 78 75 84 78 129 120 137 94 49 101 153 184 92 125 109 54 53 46 23 26 114 186 63 45 0 92 100 170 165 70 5 71 97 96 173 188 137 183 226 85 104 225 196 63 176 152 153 202 187 114 46 47 0 135 119 91 70 82 28 28 70 128 142 132 208 110 38 65 68 34 75 109 112 87 46 83
97 101 43 36 20 82 71 170 175 142 27 167 213 183 152 99 12 28 57 86 83 255 253 200 60 134 95 16 84 111 164 96 163 99 86 81 66 68 107 7 39 17 90 77 130 139 57 86 39 0 0 148 143 57 11 49 93 120 161 58 33 55 174 97 22 164 184 88 196 131 81 107 173 111 41 29 5 43 92 90 97 72 21 6 29 132 120 38 56 27 100 54 79 93 110 94 64 67 63 12
8 21 10 72 71 50 44 39 70 38 38 100 207 189 101 77 79 105 84 71 77 171 205 255 113 246 131 5 120 172 232 195 225 117 32 55 26 60 110 20 81 61 114 50 17 0 32 105 150 87 41 30 82 109 76 87 109 88 67 78 110 35 21 39 47 83 30 46 192 183 58 47 51 56 107 27 62 46 6 68 111 63 171 122 41 75 127 146 128 45 108 125 41 0 2 40 51 33 105 69
54 34 6 44 91 3 171 50 126 9 106 90 129 67 63 115 138 112 90 107 73 43 110 172 117 255 225 65 203 255 198 131 119 88 13 64 42 59 91 125 159 100 75 136 125 17 62 36 69 0 0 50 101 116 91 78 105 104 54 49 92 31 34 88 112 115 147 73 148 168 77 32 17 9 49 66 108 19 9 101 161 61 132 146 61 86 176 253 215 123 137 255 144 78 82 138 165 123 127 129
35 1 4 24 70 36 205 182 183 77 170 126 101 52 52 100 49 4 58 139 109 14 8 74 87 165 195 50 117 174 155 95 81 94 105 50 30 95 63 120 120 63 24 66 96 72 56 43 28 26 129 26 77 77 30 18 67 96 56 58 100 135 96 30 7 36 73 143 88 125 47 66 109 19 14 66 83 66 78 84 160 54 92 56 68 25 15 140 84 125 131 172 104 1 63 115 99 43 7 74
25 64 70 141 26 70 113 221 111 108 160 55 154 146 66 134 114 77 122 178 151 116 65 85 123 108 146 84 117 202 234 255 198 190 199 71 98 194 111 126 79 83 134 61 33 49 33 136 85 95 97 2 59 91 75 68 129 113 19 93 54 142 60 5 130 166 103 96 82 110 58 54 143 121 113 109 99 119 132 28 101 107 115 36 77 51 25 129 38 47 8 76 44 30 69 84 111 90 61 33
118 80 131 69 77 11 49 96 222 172 90 178 68 69 80 60 107 49 76 169 137 69 5 36 75 121 137 81 78 205 244 255 153 113 123 48 50 41 31 87 178 175 107 67 3 62 53 132 31 42 83 137 91 0 27 173 184 90 53 66 76 49 89 128 42 68 20 0 80 69 97 101 106 167 117 27 42 67 116 36 121 149 108 103 78 39 44 102 107 70 27 75 77 111 45 21 137 167 96 113
69 35 45 53 122 107 93 90 243 234 152 51 6 39 79 123 117 36 12 75 149 107 89 63 70 103 159 152 86 64 109 119 66 96 142 38 24 76 172 192 208 255 210 183 114 26 188 231 226 87 69 130 234 255 168 130 85 35 64 36 118 78 176 252 181 92 61 136 133 47 74 109 93 144 83 76 100 65 67 40 74 67 27 72 79 84 73 49 28 53 39 44 175 180 67 16 87 125 5 205
92 71 66 126 208 172 93 23 136 184 127 85 102 66 37 77 89 177 186 46 45 11 80 43 61 73 167 125 66 34 143 68 54 15 102 61 58 73 132 169 201 213 255 255 243 81 148 149 130 79 65 205 248 247 180 129 32 26 41 58 152 160 172 215 148 71 73 136 136 83 103 146 136 123 46 94 73 59 80 96 106 65 74 77 126 141 69 14 46 77 43 94 181 142 84 71 79 103 82 158
132 82 45 153 249 227 99 0 73 108 178 54 131 79 50 46 68 194 224 126 79 34 51 87 74 29 88 51 39 59 200 175 78 25 76 21 41 95 188 255 250 185 194 250 243 164 27 44 0 130 85 185 148 165 192 140 69 43 85 62 152 108 140 185 92 83 141 107 111 92 93 108 96 92 71 84 62 62 135 152 149 61 118 177 168 113 52 75 55 61 54 142 117 46 39 126 170 166 193 147
85 58 47 195 255 249 119 55 14 118 199 164 147 11 37 69 109 149 89 89 48 97 89 238 112 134 139 47 34 141 239 253 98 59 74 59 106 116 182 245 241 173 141 136 211 82 89 145 52 129 59 51 106 140 157 82 32 51 101 62 33 20 118 255 251 123 152 136 77 77 34 4 39 59 104 66 93 29 110 118 104 46 104 208 97 48 42 57 65 58 94 125 179 74 0 93 251 208 110 255
61 79 98 170 221 201 116 92 4 30 160 197 155 71 45 55 68 97 29 29 32 141 60 223 109 180 213 71 54 196 255 242 117 87 77 106 172 100 2 77 115 47 49 59 61 41 253 254 147 25 38 5 109 187 142 81 115 135 88 77 10 31 119 231 193 93 112 165 115 95 26 38 48 33 44 93 75 24 73 38 44 29 98 155 63 29 57 57 34 83 157 202 190 109 31 69 125 105 91 141
81 136 127 8 109 101 11 81 60 83 159 79 69 101 110 70 51 24 53 112 145 161 22 79 27 99 80 99 108 143 218 243 155 83 38 98 180 157 96 96 75 55 63 35 37 74 236 220 132 46 79 158 157 149 140 131 186 216 164 109 45 101 83 49 76 40 58 111 74 125 89 76 67 16 74 50 39 22 64 23 63 47 74 128 72 22 58 56 38 98 174 239 135 108 119 96 38 81 131 17
113 121 48 46 121 92 4 83 50 134 150 145 78 81 58 78 150 140 255 77 138 152 59 91 91 97 35 115 88 62 94 93 130 58 70 65 199 152 101 92 114 119 245 129 74 69 5 146 178 188 178 236 103 76 99 68 68 138 159 100 11 104 91 49 126 135 51 0 7 115 87 14 40 26 141 43 16 36 70 28 65 61 22 105 80 60 53 57 90 72 126 255 118 56 125 92 123 166 230 128
72 66 70 184 125 104 47 62 27 72 126 189 85 80 27 78 237 254 251 172 84 98 161 169 143 165 208 183 44 59 129 140 103 9 87 92 73 107 37 50 45 179 246 249 128 42 92 102 170 255 245 255 77 37 99 129 187 81 66 80 12 56 36 59 93 116 75 83 96 16 0 66 49 87 137 43 30 86 95 42 87 123 79 62 52 57 21 5 20 85 95 75 3 41 139 30 44 128 169 151
63 104 141 208 249 179 26 157 72 27 140 139 107 163 129 93 157 255 223 214 121 47 64 120 151 188 255 149 19 45 121 122 53 27 99 43 90 95 16 0 0 153 241 252 148 19 20 77 172 252 193 148 80 114 167 214 156 100 133 105 25 94 84 67 123 137 49 40 55 67 42 23 144 181 78 50 67 114 103 78 115 166 171 36 44 66 55 60 66 130 107 1 68 79 174 166 122 61 71 190
45 0 62 208 201 163 58 79 97 90 67 114 118 87 97 98 173 221 255 130 78 43 21 24 68 138 178 81 45 0 68 98 61 62 101 191 99 39 66 134 193 117 108 128 112 67 83 72 122 232 187 44 0 10 49 144 98 3 57 84 71 114 87 39 90 69 17 76 10 76 82 58 217 255 118 124 118 91 90 156 208 187 167 104 57 67 8 96 102 180 150 20 175 171 184 168 123 41 80 80
74 94 140 235 198 196 170 136 157 150 21 166 136 9 38 119 188 255 151 37 102 125 80 86 92 98 70 33 96 12 26 18 38 114 61 21 70 64 131 92 146 117 84 7 79 89 77 41 57 123 118 56 65 45 44 164 185 77 93 73 89 131 102 0 101 47 31 105 19 33 63 106 157 176 114 90 95 29 22 122 161 120 127 189 119 86 0 103 104 162 131 66 205 230 196 119 144 34 50 40
38 33 96 70 154 104 101 206 172 50 56 190 153 71 54 55 101 201 172 13 143 196 150 139 124 106 108 76 118 52 65 60 42 114 82 46 95 100 130 69 76 77 132 34 96 89 72 69 78 131 96 13 34 49 45 125 113 25 83 104 157 173 145 30 104 58 57 84 79 30 57 134 159 104 92 29 116 83 39 80 87 112 226 248 208 97 39 70 74 104 65 61 136 230 248 161 118 92 70 65
105 71 69 39 75 81 174 191 214 153 149 131 125 74 29 30 72 163 126 136 226 215 127 70 94 84 141 139 87 50 81 100 24 54 92 161 111 107 131 157 189 92 7 94 159 101 37 69 62 165 178 103 62 80 149 229 187 79 97 107 142 161 126 58 90 64 43 29 124 110 62 162 199 129 24 130 181 96 52 87 99 128 235 165 143 66 22 64 103 49 43 14 52 157 243 134 115 92 82 66
136 53 76 173 90 135 144 44 126 136 31 78 7 51 41 59 146 121 64 157 255 203 100 74 31 78 148 79 13 22 67 90 39 42 112 35 53 70 142 164 106 121 51 6 80 63 36 35 9 81 182 106 69 127 155 255 243 147 74 88 77 99 50 94 96 63 50 24 78 110 112 142 159 160 50 132 107 38 46 87 104 34 47 76 80 17 74 32 114 108 106 47 36 48 77 0 30 39 59 74
35 68 112 155 249 152 76 29 109 114 83 51 1 91 69 103 150 107 32 70 138 89 41 27 31 0 36 8 31 57 31 38 177 106 112 111 109 153 77 132 76 50 14 30 70 22 37 101 73 13 63 47 111 211 147 148 255 206 78 63 56 82 55 190 161 89 73 36 10 39 78 26 99 96 36 72 76 65 84 96 84 24 26 102 117 35 110 31 147 105 138 208 226 87 32 25 62 64 42 24
11 60 99 255 189 171 57 15 52 92 79 16 16 24 73 37 92 117 65 19 51 95 151 141 27 0 82 88 97 66 24 110 136 180 255 40 60 68 66 42 51 69 51 44 4 81 103 45 39 34 76 74 57 89 113 121 96 132 98 80 121 92 35 113 115 112 52 38 103 91 99 122 107 26 45 8 89 115 85 53 43 58 82 81 112 41 63 50 57 52 55 67 138 119 96 38 73 89 55 39
