3 14 29 37 32 22 20 24 10 29 66 81 70 24 27 11 29 30 26 16 8 16 40 63 19 9 54 75 57 39 9 18 39 37 31 31 35 35 45 66 51 27 18 31 49 63 56 35 13 17 20 31 56 73 58 29 30 34 39 32 3 37 0 45 71 7 10 37 13 7 24 12 7 22 42 39 30 9 8 60 87 40 20 15 13 71 73 80 28 11 24 40 22 10 31 52 56 38 24 23
9 12 10 7 12 22 24 18 24 37 61 72 70 34 37 19 16 22 23 20 22 34 46 50 10 0 46 64 49 45 65 71 41 43 46 45 38 35 50 70 73 54 37 33 48 74 69 39 15 11 25 49 54 42 48 69 53 29 18 28 31 62 26 48 66 11 18 53 33 8 11 10 6 19 35 28 23 20 33 87 103 50 25 30 35 63 59 46 49 40 32 34 38 37 42 55 40 28 22 29
37 34 21 10 23 46 46 30 14 39 59 49 32 0 21 26 23 25 23 23 37 56 62 57 19 16 67 86 78 54 94 85 44 39 44 49 44 47 58 60 65 70 66 46 41 60 55 22 21 18 34 56 51 37 57 96 61 21 6 30 50 58 47 38 39 16 21 39 31 15 11 10 3 15 29 20 19 29 47 91 99 53 34 45 47 33 40 24 44 43 29 25 46 55 48 44 22 14 15 27
44 39 29 23 30 41 39 28 34 42 40 31 37 15 31 29 31 19 8 9 20 32 39 43 44 44 68 86 103 42 66 61 60 39 33 43 53 64 57 33 48 70 84 61 31 29 32 20 21 29 32 31 38 54 68 74 43 21 26 53 60 31 50 35 25 40 32 8 7 22 22 11 1 10 27 18 18 32 38 59 60 34 30 41 30 0 29 32 40 32 36 44 48 57 54 35 32 23 21 29
44 37 34 33 27 18 19 27 8 44 64 58 53 17 41 63 51 35 30 41 44 36 38 50 61 48 27 39 91 17 23 46 65 45 31 37 57 69 50 18 33 44 62 57 27 10 16 21 14 26 21 6 16 44 48 30 22 26 53 83 80 32 64 52 42 63 44 5 3 21 23 16 4 5 21 16 17 32 30 34 43 28 33 42 29 0 53 68 30 8 34 51 23 29 49 28 36 24 18 20
50 41 39 39 25 8 15 35 74 53 36 68 132 102 62 26 14 12 26 48 51 39 39 51 64 41 12 25 82 21 3 35 40 40 25 25 55 69 49 30 45 40 64 95 89 62 43 36 12 20 19 8 6 16 20 15 14 28 57 84 90 48 70 62 45 47 33 18 16 17 20 30 14 4 18 13 11 30 36 40 38 23 28 37 28 23 58 64 23 2 29 41 6 17 54 48 36 26 22 26
39 34 32 30 21 12 15 26 44 30 18 53 106 59 22 4 31 41 52 59 64 72 81 88 56 31 33 50 73 41 9 19 36 47 21 16 63 77 50 39 11 0 25 70 79 53 23 4 10 19 22 15 8 12 18 22 26 38 49 58 66 40 41 44 29 21 17 19 18 17 26 38 26 10 24 18 5 22 39 53 26 18 30 33 16 30 25 15 45 51 55 41 25 36 57 64 36 33 39 52
36 39 39 36 36 36 31 24 29 39 47 71 96 38 33 60 77 85 75 52 52 80 101 103 44 14 44 58 46 48 24 15 70 76 30 18 79 91 45 28 16 0 11 41 47 35 22 13 3 19 21 9 10 26 33 25 45 55 50 37 35 17 5 20 24 21 18 11 6 21 35 31 34 18 35 28 3 12 33 54 43 48 73 69 33 52 19 2 59 93 70 28 30 31 21 31 8 11 26 47
39 38 38 33 30 40 41 23 15 38 92 95 72 54 46 78 109 100 78 59 37 47 78 68 50 45 51 55 45 44 54 58 75 66 37 35 74 29 28 66 74 48 34 32 23 16 12 4 5 11 11 9 15 25 22 10 32 46 49 34 20 18 16 10 9 31 34 20 16 18 21 28 22 53 63 50 40 12 46 42 40 64 110 102 44 55 26 10 45 68 35 33 9 9 29 38 33 31 30 33
29 29 36 38 33 34 25 4 0 11 57 62 44 34 33 65 76 89 53 40 51 37 39 58 101 84 71 57 43 59 98 124 87 36 24 38 38 7 30 87 104 65 37 27 16 10 8 4 3 8 7 4 10 19 16 6 15 34 51 53 43 31 20 12 18 29 26 13 9 12 16 23 29 55 78 80 60 22 24 25 32 50 67 53 19 19 15 23 25 19 25 46 33 50 44 44 44 41 36 31
12 14 28 39 38 38 35 22 8 12 32 26 9 0 0 13 28 37 17 29 51 33 30 46 86 69 44 19 24 77 138 164 86 18 27 44 16 27 48 85 85 43 16 12 8 5 9 11 8 11 9 5 8 16 15 7 16 31 52 64 56 35 20 15 22 20 14 7 6 11 20 27 35 48 81 105 89 61 19 13 16 39 36 34 44 17 21 43 9 0 15 25 21 67 46 35 26 33 42 47
11 12 25 34 31 36 49 52 22 10 6 7 10 10 7 10 33 18 20 47 44 39 47 20 39 49 47 25 21 65 117 136 84 46 60 51 25 76 57 44 37 8 0 8 8 6 11 15 12 13 9 5 7 13 14 9 18 21 34 47 41 24 19 26 25 16 13 14 15 24 37 42 27 31 61 92 94 98 30 10 38 49 19 26 74 32 37 61 58 30 0 0 49 117 65 6 11 18 26 31
27 29 37 33 18 21 38 46 46 24 2 11 32 41 36 23 33 32 27 45 61 67 63 29 0 19 55 66 36 12 27 49 42 48 57 28 24 85 45 28 26 12 14 22 13 6 11 14 11 10 7 3 4 7 9 7 8 3 9 21 22 15 22 38 29 21 25 27 22 32 46 43 13 27 52 65 66 90 34 8 35 44 21 46 107 53 27 25 78 79 10 20 83 121 83 44 66 58 42 27
32 40 50 40 21 22 30 26 63 44 14 21 37 39 34 12 19 59 14 10 78 72 31 32 25 8 51 123 125 70 39 45 97 110 98 53 41 51 16 23 33 29 31 26 10 8 16 17 14 12 10 8 7 9 10 11 13 8 11 20 20 14 20 33 27 25 36 32 15 25 40 29 13 48 72 61 48 61 37 16 43 45 40 71 115 86 52 37 55 64 0 12 49 61 62 69 45 42 29 14
21 34 45 37 27 35 34 13 28 31 16 26 34 32 42 29 48 86 16 5 82 56 0 10 28 0 19 96 137 114 69 39 28 41 46 31 38 33 31 38 24 26 27 15 2 12 24 18 17 16 15 14 13 13 14 17 23 21 22 24 20 13 13 18 20 28 48 38 12 28 48 32 23 63 85 76 67 55 53 28 22 4 0 6 11 36 36 41 55 46 12 14 16 43 33 12 17 32 39 35
11 23 31 23 22 39 32 0 8 31 28 38 32 23 44 41 61 69 17 30 94 74 32 37 34 31 41 62 86 96 66 17 15 24 40 39 52 39 42 10 13 19 21 7 0 16 25 11 14 13 13 14 13 11 12 15 16 16 17 16 12 9 9 11 20 36 62 50 22 45 73 56 25 57 76 84 95 65 70 34 18 11 39 44 13 46 37 36 34 86 149 104 9 31 22 0 22 40 48 37
17 29 34 50 63 3 11 27 37 49 49 18 16 31 20 19 31 23 17 25 82 69 58 63 87 62 57 55 37 30 29 15 47 67 64 46 39 35 24 18 8 9 8 6 8 12 15 14 13 14 14 10 11 13 12 7 18 13 12 15 15 10 7 6 22 47 76 66 37 44 58 45 16 29 45 51 60 78 73 45 44 61 110 101 74 76 50 27 36 134 188 119 21 2 31 41 42 31 23 25
24 40 45 50 52 2 19 42 57 49 35 8 9 16 0 0 25 12 8 37 43 13 7 50 78 52 52 59 33 10 15 22 60 78 56 9 0 12 15 7 4 5 10 15 16 11 5 2 5 8 7 5 7 13 14 12 16 13 12 14 13 11 14 20 25 44 72 68 47 57 71 58 34 45 44 36 44 61 63 53 43 52 97 98 62 31 13 32 32 40 57 55 24 12 37 64 26 29 32 31
16 23 22 24 34 16 43 67 37 26 23 16 22 26 21 44 83 70 49 64 42 39 32 57 85 49 49 70 56 25 23 38 58 70 51 14 2 7 6 4 8 5 10 20 21 11 4 3 5 8 8 6 7 13 16 15 10 10 10 10 7 9 21 34 43 50 70 73 62 77 94 83 66 65 54 51 51 29 19 38 24 41 63 62 64 54 19 7 38 30 26 20 15 21 20 5 18 39 55 52
40 26 6 1 11 14 28 36 18 23 47 55 51 42 51 100 134 102 78 82 59 57 65 86 109 61 40 59 65 41 21 19 41 38 31 31 25 6 1 19 21 10 7 15 18 12 11 17 14 18 18 15 13 15 15 13 7 7 8 6 2 5 22 40 42 36 48 53 44 54 67 56 65 83 64 38 35 16 0 14 39 53 50 52 84 86 37 0 0 28 45 27 17 35 34 3 3 30 50 47
44 28 16 13 10 17 14 14 31 41 72 81 68 46 46 92 116 62 64 85 69 16 49 111 159 115 71 63 70 58 33 19 27 18 10 14 14 0 5 32 28 15 8 11 14 12 13 17 17 23 25 22 18 16 14 10 9 9 9 8 4 7 22 38 32 23 38 50 39 36 36 22 30 74 51 0 0 27 27 21 53 50 37 46 54 28 11 24 14 3 6 11 7 18 50 74 6 23 36 36
28 26 42 49 25 26 16 24 25 27 47 60 67 58 45 69 61 29 39 50 56 9 31 72 118 98 56 27 26 22 10 5 17 27 21 9 9 12 15 24 23 17 11 10 13 13 9 5 11 18 22 19 14 13 12 9 14 12 13 15 15 16 23 31 21 15 42 69 60 49 45 33 20 33 23 12 22 26 28 40 34 38 20 15 11 7 37 64 13 0 10 52 58 33 17 15 28 26 26 28
42 35 57 67 27 25 8 22 25 18 21 25 47 59 45 52 30 42 34 17 23 17 13 21 69 74 56 37 39 31 18 20 9 28 29 20 20 19 15 15 14 15 11 6 11 20 16 4 8 14 16 11 6 7 9 10 15 11 13 21 27 25 22 20 16 7 33 60 49 38 42 41 32 6 9 42 47 17 10 34 27 42 33 30 29 52 95 94 53 23 14 29 37 41 45 43 41 21 7 11
38 17 34 52 23 37 24 42 61 49 34 13 23 36 21 21 49 80 60 44 17 7 0 40 47 62 62 64 74 54 24 21 9 10 10 14 15 3 3 21 10 14 9 0 9 27 28 15 11 15 14 5 0 2 7 9 12 8 10 22 32 29 19 12 43 24 36 49 28 15 27 36 29 14 12 19 19 20 19 12 28 31 42 73 57 42 78 85 47 27 35 57 53 43 54 72 62 31 10 14
35 3 25 47 4 62 64 92 109 96 56 19 14 18 15 15 56 65 68 47 20 21 35 38 30 41 66 61 35 41 41 7 7 11 15 14 12 11 9 8 14 8 6 12 17 17 15 15 13 8 8 12 12 8 7 10 13 8 22 22 20 19 12 24 60 51 42 38 41 31 23 32 38 40 33 13 0 3 15 23 19 31 43 50 55 53 36 16 28 50 74 59 31 44 67 58 46 33 23 22
50 3 8 31 6 69 68 86 97 88 52 25 26 21 15 25 42 42 19 0 4 38 45 27 17 23 33 23 6 13 21 7 14 14 13 11 11 14 16 17 12 12 14 17 15 11 11 16 16 12 12 15 15 9 6 7 9 2 15 18 22 25 16 24 58 28 33 79 101 44 74 98 97 76 34 2 11 37 35 12 23 22 21 26 43 60 61 52 45 64 79 58 25 32 50 43 38 26 16 16
62 22 25 38 6 41 26 31 35 41 27 28 49 38 27 50 54 37 9 8 30 30 21 30 40 47 44 37 35 28 16 11 18 16 15 15 17 17 17 17 11 16 22 24 16 9 11 19 16 12 12 16 17 13 9 9 17 8 18 22 30 39 29 34 16 7 47 113 120 41 118 158 151 82 24 23 48 54 43 34 22 25 21 11 9 24 51 71 62 38 21 28 60 94 85 44 44 33 23 23
28 17 35 44 3 20 21 41 55 55 31 25 38 16 2 33 72 58 30 36 62 47 26 43 65 66 50 52 75 61 28 24 15 14 17 23 24 17 10 6 6 11 19 22 17 11 13 20 13 10 8 11 15 17 16 16 10 2 10 8 14 24 18 25 0 33 99 121 73 27 98 136 117 55 16 33 55 48 41 49 31 30 24 11 0 3 25 46 58 55 49 43 49 67 73 63 54 44 34 31
20 19 34 35 0 12 38 73 117 102 60 33 32 18 16 46 66 73 36 14 55 83 63 44 56 46 16 26 73 71 38 36 11 9 13 21 21 13 7 6 4 4 10 18 21 19 19 22 16 11 6 5 11 17 19 18 15 9 16 6 5 14 13 23 29 61 114 98 24 33 40 56 46 36 20 14 27 44 46 36 51 29 13 19 29 28 18 9 38 63 70 46 18 11 32 57 45 38 30 25
33 28 31 33 15 16 29 46 54 47 27 11 15 26 36 45 56 66 47 29 44 55 41 31 50 45 23 36 82 81 46 37 12 7 8 13 12 6 9 16 14 10 12 22 31 32 30 29 21 16 8 5 9 16 17 13 25 22 29 16 11 20 18 27 15 9 33 35 0 39 0 0 42 31 24 26 31 36 45 54 66 41 25 33 41 29 9 0 17 22 15 8 15 18 21 32 28 30 28 24
19 13 15 32 40 34 35 32 39 42 45 36 37 66 78 55 54 48 49 52 36 9 5 21 51 60 55 59 79 70 39 28 16 12 13 16 9 1 5 18 22 17 16 24 31 32 30 29 20 17 12 8 13 20 17 9 12 10 18 8 6 16 8 11 29 22 33 51 48 69 30 32 52 25 28 54 46 16 34 83 90 65 44 37 25 7 1 7 14 21 12 5 12 7 5 20 23 35 43 43
33 22 15 27 41 36 41 38 48 46 46 28 25 73 98 63 48 33 25 21 14 17 23 20 39 53 49 37 34 28 19 19 18 18 23 25 14 0 0 9 18 13 12 17 20 18 17 18 15 15 13 12 19 25 20 10 7 5 15 9 13 23 10 6 10 34 46 47 35 15 8 15 18 20 38 51 27 1 27 78 122 79 39 25 19 9 9 18 33 34 17 13 26 18 5 15 24 43 60 64
17 43 27 15 50 27 33 24 40 42 46 26 13 51 76 52 56 36 21 24 31 33 31 30 17 14 49 41 31 48 32 16 7 7 4 0 0 7 17 23 19 14 5 0 0 8 16 19 14 18 17 13 20 29 24 9 11 9 20 7 9 36 32 17 11 18 23 19 16 30 60 86 82 34 67 66 31 28 31 66 76 58 22 20 31 37 5 31 40 29 19 20 31 37 31 20 38 63 77 70
26 28 16 29 60 21 23 32 45 61 53 24 14 29 54 72 77 71 50 28 27 39 39 28 30 55 89 86 76 78 59 38 19 14 16 21 16 5 6 16 16 12 7 6 6 8 10 13 23 25 21 14 13 18 19 15 29 9 18 18 13 14 2 0 26 30 34 36 47 73 110 138 80 33 54 49 32 47 46 61 69 18 8 28 21 52 43 30 46 37 28 28 35 39 35 28 30 54 70 64
39 33 29 45 57 20 29 50 51 68 52 35 37 28 37 80 73 62 38 15 11 24 32 31 45 68 63 57 60 57 48 29 15 8 16 33 28 6 3 17 12 9 13 22 23 18 17 22 24 26 25 20 15 16 21 25 23 33 49 22 3 22 27 23 7 30 57 71 71 70 76 84 49 0 32 76 71 51 41 75 95 36 21 36 25 53 33 3 12 28 28 11 15 38 42 27 26 33 38 34
22 22 25 28 22 13 32 48 48 43 36 47 57 35 24 45 44 24 13 21 25 17 14 21 41 42 3 15 41 30 24 8 4 0 7 19 15 0 0 10 7 6 14 29 33 26 25 32 30 29 28 27 23 20 21 24 28 28 38 22 23 48 33 7 16 31 44 45 39 43 61 79 81 43 82 123 97 44 28 71 71 46 20 28 42 56 15 11 34 75 73 24 7 35 40 11 23 14 6 7
37 12 14 27 21 30 36 35 43 23 37 65 64 52 46 36 30 20 23 44 57 47 27 15 40 41 26 72 103 65 42 29 27 26 24 21 17 14 16 19 10 9 16 26 26 20 19 25 46 37 25 20 21 23 22 19 25 14 47 67 49 20 0 12 10 18 31 43 50 51 47 43 67 64 77 68 44 32 34 50 44 32 28 45 43 48 15 20 56 88 87 44 19 30 37 25 12 16 24 31
90 22 14 50 48 55 33 16 16 9 35 52 41 55 74 62 34 40 33 28 49 77 71 42 12 19 41 89 94 43 12 10 14 13 8 2 4 9 11 9 23 25 27 25 20 15 15 16 45 33 15 6 17 37 41 34 3 8 46 53 31 16 12 29 36 21 12 26 52 65 55 38 23 18 18 27 39 48 57 67 60 27 69 103 44 40 36 23 44 45 46 43 29 20 30 48 1 37 74 86
94 19 13 47 36 61 40 16 3 22 27 9 6 37 61 58 41 50 36 16 36 80 87 60 35 32 65 85 70 41 17 19 27 20 19 28 35 33 27 25 23 32 34 24 18 21 22 19 35 32 18 8 26 55 61 47 11 9 17 6 21 56 36 0 2 5 20 50 76 76 50 23 39 22 20 58 83 67 57 65 44 20 85 132 60 43 47 49 50 34 25 30 29 19 20 31 9 55 97 104
66 19 25 38 19 79 82 58 47 82 55 3 12 43 48 45 44 52 51 46 57 74 66 44 37 23 58 61 47 48 27 20 19 3 5 27 33 14 0 0 8 24 28 18 15 26 31 24 36 43 37 25 38 64 62 39 27 47 80 67 44 43 25 9 15 16 16 14 10 6 2 0 5 11 8 27 46 37 21 7 21 29 79 118 68 26 7 44 19 12 0 0 12 31 28 13 27 61 86 86
30 31 31 37 2 62 96 42 62 195 173 28 9 48 80 57 43 55 46 42 68 44 50 25 37 36 39 30 18 49 24 31 22 9 15 10 15 67 37 19 25 63 46 67 41 13 0 42 46 85 56 43 25 33 34 33 13 38 61 44 50 15 23 61 47 40 0 0 7 25 11 37 40 43 37 48 48 36 12 14 24 41 51 104 129 53 51 55 31 36 49 32 31 39 21 34 70 76 62 44
19 40 39 22 0 34 57 9 58 158 154 59 41 48 68 51 35 49 47 53 80 45 38 25 28 52 56 40 28 11 13 16 27 30 32 37 20 65 44 40 31 23 43 17 7 47 43 79 53 78 30 39 28 27 35 41 46 23 52 101 85 30 53 23 12 41 27 65 64 13 45 20 34 24 44 25 45 21 50 56 57 52 36 73 110 53 44 33 23 16 40 54 32 22 18 60 70 68 45 20
17 57 53 21 22 39 57 31 40 67 61 35 47 38 47 28 13 34 36 48 73 31 10 8 27 52 37 16 23 0 22 30 34 47 43 49 8 22 0 0 0 2 11 44 15 61 32 113 32 79 45 91 57 67 89 73 47 35 41 91 121 67 40 16 40 75 117 90 25 1 21 11 10 19 34 6 45 14 34 53 41 40 1 0 53 55 63 33 21 54 78 58 7 35 38 37 74 75 54 32
8 48 38 9 41 38 55 57 29 15 15 26 41 17 28 16 16 40 34 34 55 32 7 12 24 31 9 6 42 42 70 86 61 59 52 49 28 37 43 44 38 52 64 74 121 37 38 83 14 79 21 99 76 117 104 40 30 0 20 50 74 107 113 96 84 70 85 58 20 58 52 52 13 21 49 49 37 29 37 25 22 83 75 25 48 81 119 100 111 114 120 115 53 62 59 51 41 57 57 48
22 44 21 0 29 0 0 6 35 36 56 62 44 7 39 51 39 53 30 7 23 43 34 40 40 35 26 27 41 65 46 63 65 66 96 86 79 56 42 21 17 15 14 56 64 17 42 117 9 76 0 62 24 60 57 38 36 86 140 212 255 254 234 220 127 56 8 53 94 72 78 42 34 0 37 40 17 42 73 3 23 127 164 98 72 78 126 142 124 142 132 102 66 104 96 32 18 47 62 61
0 6 0 12 48 37 39 48 29 35 48 42 30 15 70 97 73 67 35 5 16 73 77 78 56 57 67 54 24 51 26 43 0 34 128 130 115 89 54 41 47 19 99 51 116 115 91 9 45 106 0 22 53 34 42 134 40 48 120 254 228 220 255 213 87 133 160 43 74 158 181 35 93 54 34 0 113 148 162 91 25 82 107 62 48 42 81 116 100 48 39 88 94 57 52 46 38 64 75 70
33 43 27 36 38 44 47 36 14 17 16 8 18 16 66 88 83 59 42 31 35 96 90 75 41 64 100 90 52 66 86 85 35 106 216 192 101 90 47 86 1 0 106 217 235 147 51 106 145 23 41 94 76 53 144 90 46 76 111 196 243 252 236 255 132 35 62 27 84 230 191 26 190 176 106 1 135 140 111 44 30 55 57 12 19 29 61 90 58 27 30 67 100 48 49 37 45 62 63 53
30 38 16 17 0 28 42 20 8 33 45 35 32 3 29 44 42 10 13 29 26 73 46 16 27 70 122 117 80 58 98 56 0 119 255 245 90 78 7 73 44 75 23 101 239 205 120 166 85 47 114 95 129 10 63 45 53 56 57 27 122 196 98 201 129 92 106 128 13 131 158 38 133 143 154 85 92 128 151 72 25 86 105 31 13 24 56 78 60 31 44 80 116 29 31 34 42 53 49 41
23 22 21 37 56 10 19 18 30 46 65 85 64 40 53 56 37 27 49 57 61 0 35 36 24 50 59 79 68 30 92 97 0 53 214 193 96 72 149 207 109 77 169 158 116 144 129 134 119 173 240 224 253 187 95 88 102 0 83 170 194 162 42 78 103 156 218 186 15 147 185 29 39 74 165 109 57 106 176 170 68 80 187 123 1 18 38 55 33 28 45 87 97 27 24 19 28 38 40 30
28 22 50 112 135 54 34 39 41 47 43 48 42 37 48 36 34 29 44 67 49 16 34 55 60 36 21 23 13 51 176 255 146 58 64 92 179 111 162 197 134 160 245 239 156 193 105 181 255 236 221 255 233 255 56 64 166 41 153 208 253 195 210 59 139 35 189 135 144 255 179 40 73 124 114 108 85 14 142 177 88 78 150 104 6 15 30 35 14 7 19 47 52 17 19 26 26 34 34 23
14 7 36 99 116 37 8 16 27 35 20 15 16 24 37 23 0 24 28 27 3 55 43 31 51 87 95 25 0 115 240 255 233 195 153 132 227 180 0 84 62 245 162 248 243 247 255 213 250 211 68 142 169 211 55 127 226 230 184 125 226 255 255 148 59 124 96 153 196 187 161 56 51 76 99 110 72 19 33 77 112 63 76 64 18 31 50 40 27 24 31 35 25 25 16 31 33 39 37 27
5 7 10 20 26 3 0 7 36 55 45 35 26 21 36 39 70 57 61 72 32 48 21 44 60 67 93 72 50 92 223 244 223 222 199 129 200 203 139 175 23 229 209 235 252 221 241 179 121 211 115 78 222 255 135 198 252 255 255 188 255 254 228 236 113 239 74 172 129 48 91 40 7 0 77 99 0 47 0 65 93 47 41 56 35 36 65 60 57 60 66 52 23 38 10 20 21 28 29 23
12 27 21 2 1 18 26 40 63 74 55 47 34 11 21 38 27 53 81 46 23 63 61 56 49 10 16 49 59 34 212 255 156 112 71 63 191 250 198 241 198 240 255 237 255 255 244 255 195 246 255 125 149 110 9 252 238 194 251 254 70 231 255 201 254 113 169 127 106 115 77 66 67 28 1 73 23 79 30 34 82 64 63 76 39 6 27 35 55 62 68 50 21 38 9 15 7 14 21 21
2 18 23 16 6 17 5 21 74 68 31 26 34 15 18 35 60 22 25 22 28 14 11 10 41 61 59 69 67 22 151 120 27 118 238 180 94 255 195 137 141 203 243 255 241 228 248 243 255 250 255 233 212 223 98 218 255 247 255 255 255 255 240 210 255 243 191 253 89 143 68 5 45 96 63 69 60 57 48 50 41 22 16 38 45 45 66 78 41 45 47 38 26 38 32 39 29 37 46 50
77 85 85 76 60 70 40 53 77 75 32 27 52 50 51 59 63 51 29 12 41 69 76 25 12 47 58 112 107 70 146 134 132 210 255 238 217 241 255 224 237 250 249 254 244 255 255 233 249 214 197 255 255 243 183 207 244 243 229 241 242 255 243 149 208 255 255 238 135 100 55 32 36 70 57 30 66 95 86 84 84 48 19 18 42 57 53 54 43 40 36 38 44 36 54 58 45 51 59 64
117 119 98 68 53 86 62 70 68 83 46 32 57 61 62 64 65 71 47 41 42 60 90 66 105 104 58 77 45 58 134 178 233 255 252 226 171 255 244 252 249 255 246 253 238 207 244 255 247 249 255 207 240 255 252 232 255 234 255 251 248 214 249 227 254 248 179 224 133 51 65 70 54 36 19 72 80 91 93 74 72 61 55 41 51 60 44 52 51 45 36 42 55 25 53 50 23 27 33 37
93 69 56 33 29 67 33 55 55 45 30 12 33 60 48 44 43 29 33 59 88 30 76 83 132 122 69 59 11 43 116 239 238 252 255 235 111 255 241 252 255 254 254 231 254 247 255 255 253 248 255 225 255 206 228 186 231 255 229 243 239 250 255 226 252 255 179 119 15 28 63 71 43 27 26 56 74 55 43 59 71 70 35 33 40 70 45 29 37 28 10 16 40 80 54 48 29 11 18 29
37 22 31 42 44 17 1 17 25 16 21 16 16 15 13 38 50 35 27 45 85 42 62 33 81 81 49 83 66 50 78 214 255 225 253 255 197 255 251 253 251 243 248 255 255 249 213 248 248 248 255 233 229 255 255 194 247 244 236 255 254 240 225 206 204 211 143 84 3 23 31 30 11 13 17 28 30 16 19 45 78 80 47 34 29 50 34 27 39 30 9 14 45 94 68 54 33 30 38 46
0 2 25 44 52 0 7 8 24 15 24 19 11 11 18 50 64 51 29 22 55 33 45 3 39 58 51 117 127 65 14 100 191 142 187 254 245 255 252 245 243 255 251 241 200 222 175 239 245 244 255 188 200 255 210 162 148 131 128 122 97 137 148 142 112 65 13 29 34 52 17 28 19 31 33 28 29 29 39 58 78 83 56 34 20 32 28 35 32 35 26 30 47 82 50 39 37 46 46 42
13 28 44 28 25 21 30 13 13 6 16 10 16 36 30 24 44 50 43 29 41 24 41 17 72 67 31 59 79 58 14 44 61 62 126 240 240 254 254 242 254 249 229 226 221 255 144 152 99 118 166 101 204 217 123 129 82 53 77 82 74 121 70 10 15 34 26 8 20 68 25 14 37 46 37 26 37 49 45 40 57 62 42 21 14 22 29 43 22 32 35 38 30 42 23 40 57 63 42 22
33 37 52 23 8 61 47 35 13 0 17 27 38 53 30 3 3 24 47 52 52 29 36 29 64 39 9 16 22 43 42 45 20 60 156 255 255 240 252 245 226 212 232 240 228 208 112 142 85 69 76 0 81 98 28 71 50 22 66 60 5 29 27 53 65 41 30 45 74 80 15 6 36 43 32 21 34 42 27 11 31 30 19 7 16 20 30 41 23 19 20 30 18 22 18 62 86 75 35 7
17 8 44 49 42 109 92 100 50 11 25 43 40 39 32 31 3 12 30 39 38 21 18 18 10 1 23 49 32 23 24 20 27 53 163 218 212 139 165 169 130 87 89 83 97 99 44 46 29 21 42 25 25 73 26 23 34 2 24 29 18 67 52 52 22 71 88 54 42 64 46 24 18 29 28 24 31 30 20 16 23 17 13 10 34 31 33 36 24 14 15 36 33 32 14 49 85 58 20 2
3 0 41 60 58 93 109 115 61 14 21 29 15 19 29 39 21 20 22 19 16 18 15 19 9 12 31 46 32 9 9 24 15 12 83 97 78 22 46 65 29 25 43 34 20 37 25 14 34 36 49 53 19 57 58 37 29 31 36 19 6 57 46 36 43 42 42 49 39 26 34 28 17 20 18 20 24 14 8 16 26 17 20 23 55 41 35 29 24 25 27 38 31 34 10 30 61 30 12 16
14 19 46 38 23 21 67 53 47 18 32 32 19 36 37 21 12 24 35 29 24 36 33 35 9 27 25 21 37 26 21 41 29 18 33 34 0 8 21 49 45 5 4 42 34 46 38 27 34 57 68 66 65 36 54 43 47 36 28 31 22 39 27 38 19 31 35 38 14 6 50 49 57 41 25 27 30 11 0 7 22 14 23 28 62 42 30 19 26 37 31 16 0 22 19 47 49 19 22 43
11 12 20 3 0 4 0 6 3 2 71 130 101 58 37 10 3 24 36 23 20 43 48 23 28 22 31 42 13 27 31 63 52 49 68 50 20 47 52 110 94 46 0 41 57 57 42 42 44 54 64 65 59 54 58 64 65 41 21 17 19 20 28 40 34 22 31 44 34 25 37 51 55 44 41 37 25 20 19 10 16 8 16 11 25 13 22 21 23 36 34 25 14 31 14 28 40 54 27 56
3 0 9 8 8 14 12 28 17 0 68 156 138 72 33 13 7 25 36 32 28 33 38 37 21 24 62 44 35 13 14 17 56 44 66 72 54 60 23 41 56 73 33 13 3 37 46 32 44 39 29 21 28 49 74 89 52 43 30 20 13 18 39 60 35 21 23 31 29 27 24 15 23 30 30 15 9 30 40 23 24 20 27 16 27 22 40 46 56 45 26 26 30 42 0 0 44 21 0 7
17 3 11 13 12 12 7 25 26 20 71 118 94 54 27 0 2 11 20 33 42 35 32 44 33 38 64 32 24 12 20 27 29 10 33 59 53 62 28 38 68 72 26 8 5 28 39 35 30 33 34 36 46 59 62 57 68 49 27 18 30 45 48 41 15 11 18 27 29 34 28 10 18 27 29 15 8 29 41 29 26 38 58 42 42 37 67 83 68 42 16 27 46 68 32 29 58 36 53 50
41 28 29 19 16 22 13 20 3 12 45 56 29 19 25 15 31 28 23 32 47 36 18 19 18 38 50 52 27 34 13 31 49 16 25 55 50 61 37 40 108 90 40 32 37 29 32 41 51 51 45 38 42 51 52 46 39 51 52 37 29 38 47 49 5 9 30 46 41 39 42 39 47 38 40 39 24 18 25 29 25 49 79 63 53 37 61 76 67 48 25 26 31 56 51 81 68 27 66 69
43 42 42 22 28 54 49 42 25 12 30 51 30 6 13 26 37 38 30 27 37 46 43 38 26 36 34 38 25 32 9 34 41 15 30 72 64 69 42 26 105 137 98 39 21 16 31 35 36 40 43 43 42 41 39 36 52 58 52 39 37 45 40 25 17 12 34 61 53 35 37 47 39 26 25 25 12 7 18 27 27 34 55 47 47 25 28 26 28 28 24 25 17 38 45 90 29 31 118 137
31 37 40 19 33 71 66 50 55 41 38 43 45 50 50 41 29 33 35 22 15 42 66 61 38 31 30 2 33 33 32 46 24 32 70 109 76 79 82 78 70 120 90 18 6 2 22 27 0 15 45 67 63 38 15 6 32 17 5 24 71 105 92 58 15 0 19 54 53 30 24 31 42 41 39 28 24 48 70 69 25 8 18 30 55 35 22 6 6 21 34 45 39 49 33 58 101 47 37 40
25 27 31 17 32 62 50 33 26 30 23 16 43 89 98 74 46 33 41 32 10 31 50 24 2 23 36 12 61 69 42 20 10 19 44 62 14 25 49 48 37 63 40 8 32 13 18 25 18 15 28 47 42 20 11 20 41 50 58 60 61 58 47 34 6 3 29 60 55 33 26 28 22 20 18 10 10 32 50 46 26 11 32 59 84 52 36 26 42 58 66 69 55 51 8 6 29 26 29 68
25 20 26 22 36 53 35 21 13 9 9 21 42 59 64 61 37 6 23 43 34 56 61 12 0 37 23 9 37 88 38 9 32 10 3 26 8 40 52 18 10 48 39 18 57 36 29 23 32 12 9 24 24 9 14 37 23 41 61 70 62 44 22 8 12 31 69 86 64 41 37 40 41 22 21 31 24 17 21 25 34 36 79 106 108 52 36 42 49 65 70 66 51 51 9 4 24 25 0 34
20 22 29 16 27 51 41 29 33 36 27 42 54 12 40 27 16 16 30 55 64 53 39 35 18 22 10 14 28 26 34 37 49 0 0 52 76 71 69 35 40 45 74 78 81 43 36 29 54 23 8 0 23 56 45 28 4 16 22 37 36 28 32 17 20 39 76 76 32 55 51 63 53 47 37 49 65 40 4 27 42 6 71 115 67 35 29 17 28 17 52 48 33 85 51 48 56 44 14 7
30 24 32 27 29 37 29 36 54 62 53 59 61 28 68 71 57 34 33 53 46 16 14 38 35 30 30 34 14 9 17 44 25 37 72 78 39 81 53 38 48 67 86 81 52 47 46 37 52 37 14 5 41 58 31 31 54 51 16 16 33 19 16 25 12 17 40 42 17 54 62 73 56 39 26 38 57 44 23 38 39 6 43 60 28 21 20 6 15 12 35 45 55 112 75 42 45 40 18 17
33 20 30 31 25 18 14 36 61 67 54 55 55 33 67 69 59 39 36 47 34 7 15 47 63 17 12 32 9 26 8 30 9 51 109 90 6 74 11 24 26 41 49 51 10 41 48 32 40 38 16 7 44 43 6 23 95 107 56 32 47 32 27 46 45 33 39 38 22 51 54 51 38 18 13 27 45 36 32 32 7 0 29 32 19 28 23 8 0 10 18 35 58 105 84 34 14 19 10 18
29 16 25 23 15 9 4 25 37 37 23 29 38 32 44 31 21 27 37 40 31 21 25 37 64 2 0 27 9 54 19 29 38 39 74 81 22 67 4 32 48 27 34 52 29 54 67 47 27 22 18 14 27 20 0 15 56 97 84 57 47 42 56 67 57 40 41 40 29 41 37 17 27 18 22 28 29 11 21 10 15 21 43 41 35 37 20 11 2 23 19 36 50 67 72 39 20 32 32 44
31 25 30 16 11 16 6 9 28 35 26 33 39 48 50 37 8 17 31 37 31 19 13 15 35 9 28 41 1 48 31 54 82 40 30 59 62 79 64 88 88 38 56 76 62 42 60 53 19 2 25 28 9 11 16 24 2 25 48 54 27 31 75 82 55 36 35 39 41 53 68 50 29 35 41 30 26 8 50 50 8 14 36 39 36 33 24 39 21 38 29 50 63 48 63 51 59 72 72 84
39 40 42 20 17 30 15 4 6 25 21 13 0 14 17 18 26 14 20 38 34 12 10 28 25 22 40 41 1 30 29 55 79 45 11 29 68 77 110 116 69 33 61 71 50 3 26 38 11 0 28 33 1 14 35 33 31 5 21 54 31 32 86 98 74 49 36 33 42 55 92 80 7 31 37 25 46 47 125 144 77 12 0 33 103 122 61 11 33 37 30 52 76 48 54 50 36 46 42 51
36 39 45 26 24 38 23 13 27 49 45 29 4 27 24 27 28 13 12 26 25 16 29 57 37 26 19 25 16 21 25 42 44 38 14 16 48 50 75 65 38 39 58 57 29 8 22 35 12 4 30 27 9 24 33 32 57 37 32 52 44 48 86 92 75 47 28 22 29 27 62 41 0 32 36 25 68 65 135 146 86 61 73 87 92 87 57 40 34 34 31 32 60 35 37 40 37 45 40 49
26 28 39 28 27 37 26 24 17 35 32 24 9 41 27 20 13 14 12 6 5 19 43 62 45 29 9 21 31 14 27 49 24 31 25 27 40 27 13 0 26 54 52 43 16 34 30 28 22 28 37 23 24 35 25 28 19 47 39 29 36 54 74 66 61 39 29 31 41 24 46 10 13 58 55 37 76 41 71 56 51 26 35 35 32 47 44 36 34 40 40 15 32 15 22 36 7 15 11 23
20 27 35 29 23 34 36 19 22 30 28 19 19 28 26 14 12 20 18 7 7 26 43 48 30 26 33 32 15 13 31 45 27 47 85 66 18 33 0 5 31 65 41 25 26 57 34 21 25 31 41 54 63 60 43 25 24 33 20 16 21 53 27 20 32 11 14 57 81 51 21 27 40 49 42 37 52 35 54 26 22 38 51 37 19 28 48 51 60 65 63 57 19 0 21 38 9 3 2 9
21 25 28 19 14 29 37 25 21 27 28 24 23 25 23 17 12 18 23 25 28 30 27 20 23 33 44 31 8 8 23 27 22 74 132 100 28 27 0 0 37 51 22 19 38 72 48 30 28 35 55 83 99 90 64 43 44 55 43 43 43 42 22 11 16 16 24 51 73 55 19 3 25 31 36 33 33 35 48 25 30 38 46 45 36 31 37 45 59 95 100 75 37 29 48 40 34 31 34 43
25 27 28 17 7 18 25 14 17 17 20 25 24 22 26 33 28 23 26 39 48 39 19 4 10 36 57 40 10 9 19 14 29 82 133 90 18 18 0 5 37 40 20 24 41 65 50 42 35 34 51 82 92 70 39 22 31 41 30 44 61 43 61 61 83 59 28 18 27 25 21 28 34 23 39 40 15 31 32 20 4 9 18 34 40 22 10 18 42 76 74 51 33 40 61 52 30 30 36 46
24 28 34 28 17 23 26 14 22 16 20 33 34 29 39 59 50 28 19 36 52 45 27 15 10 37 63 52 21 14 20 18 29 48 75 54 28 43 37 35 33 34 25 19 16 31 54 80 60 47 52 70 67 38 17 16 50 47 18 31 58 32 80 90 75 45 23 31 38 25 33 67 66 30 52 69 26 40 33 42 56 53 43 43 43 20 0 4 25 24 11 26 42 39 47 47 20 22 27 33
18 24 34 34 28 37 46 40 52 44 52 69 69 55 59 77 53 22 5 21 42 43 34 30 19 28 47 48 27 21 37 48 39 21 34 43 57 69 65 56 28 25 27 15 3 12 60 102 56 43 46 57 47 20 16 31 64 55 20 29 54 26 71 78 43 32 31 47 51 32 38 71 46 0 14 55 16 14 7 33 32 35 31 29 32 35 36 40 45 29 10 50 94 82 60 45 17 19 21 21
20 21 27 25 19 31 46 47 29 23 32 48 44 22 15 25 39 13 0 12 32 37 33 31 17 10 18 29 28 41 69 87 104 61 44 36 38 20 15 4 15 15 43 52 47 32 48 55 29 28 39 51 38 13 13 31 43 46 26 33 48 30 47 47 46 50 42 33 33 35 46 65 61 5 22 75 57 30 23 46 22 36 59 60 35 22 16 2 33 31 0 13 63 73 52 25 28 32 33 29
18 17 21 18 9 18 32 34 34 25 27 38 35 19 14 22 32 16 6 13 26 32 32 32 22 14 15 24 35 59 79 80 39 8 3 7 31 30 50 43 3 10 64 93 100 66 49 17 17 25 43 56 45 23 17 28 50 63 48 37 27 26 16 16 17 28 33 39 50 51 48 53 50 14 25 76 86 41 35 36 26 42 98 119 74 48 51 39 54 72 28 4 34 56 58 45 48 56 59 56
7 9 21 23 15 21 32 32 27 13 5 10 12 10 16 28 38 28 18 18 25 32 36 37 44 40 38 35 43 62 61 36 32 15 18 21 43 31 35 4 1 8 66 97 112 85 74 39 0 9 29 45 40 22 15 20 57 74 59 35 13 36 24 35 31 19 16 37 51 33 21 34 26 12 22 71 105 57 54 35 46 40 93 112 48 19 47 54 56 85 46 8 11 14 22 28 40 51 58 57
15 0 25 16 22 10 12 10 15 21 13 16 0 20 22 20 28 15 16 28 28 18 25 46 46 50 38 26 29 31 30 35 41 50 45 32 23 8 0 0 10 17 20 48 43 93 65 52 25 10 36 47 78 49 24 26 44 75 63 50 45 34 48 65 42 28 29 12 45 33 17 21 19 16 37 69 70 80 37 40 25 21 49 48 8 14 43 34 22 54 49 19 22 1 23 8 5 19 40 58
18 0 21 11 14 4 9 13 15 16 8 20 14 36 28 18 14 13 21 30 25 15 22 40 50 41 20 10 17 17 14 18 23 33 24 4 0 9 16 22 25 24 32 28 10 33 33 41 37 21 47 73 122 103 58 35 50 69 68 78 69 31 35 61 57 40 38 34 56 41 14 20 32 24 39 63 53 53 21 36 45 22 23 18 10 51 82 58 35 54 42 24 33 3 14 13 24 29 37 42
19 2 25 20 15 2 2 8 17 22 23 37 34 42 28 21 4 20 38 41 29 18 25 38 39 30 14 8 9 2 0 13 8 19 23 25 39 54 48 31 29 14 25 12 13 27 31 31 42 25 38 52 94 84 36 6 17 35 42 63 57 22 26 47 59 37 21 20 26 29 10 28 39 23 30 48 35 24 9 36 54 23 38 61 39 31 53 61 54 67 51 38 45 7 7 25 37 39 39 35
28 21 48 50 36 19 4 4 14 30 42 50 41 27 17 24 15 41 63 57 36 23 26 33 19 22 20 21 16 2 8 34 18 10 21 54 83 88 61 25 36 15 14 23 51 88 64 29 26 20 22 16 38 48 32 32 27 43 40 43 38 27 34 33 36 29 15 12 5 32 25 45 37 20 31 61 53 19 0 10 32 23 63 95 56 13 23 46 66 64 34 30 62 47 25 29 20 29 37 38
49 49 72 73 52 43 19 12 11 25 39 47 49 23 12 27 43 66 80 65 36 18 14 16 19 19 18 23 28 23 34 63 52 12 10 47 64 58 47 35 43 37 22 36 50 114 77 37 34 35 31 15 19 37 34 50 70 63 44 41 31 19 24 13 22 39 49 45 29 65 61 68 65 50 66 106 107 50 11 0 8 22 46 51 42 51 59 47 62 45 6 10 69 99 58 28 12 27 41 47
53 56 67 61 39 51 30 19 19 20 29 44 72 41 23 34 61 72 74 58 32 14 8 8 43 33 19 22 39 48 60 80 83 32 27 53 43 24 36 52 28 38 25 28 11 78 63 54 56 56 51 48 49 60 34 39 68 36 20 43 38 15 24 26 34 49 68 54 38 70 79 82 73 54 57 89 99 48 32 23 19 22 30 34 38 55 65 57 49 47 31 23 49 96 68 40 49 59 62 56
34 42 44 33 16 50 34 18 28 26 35 51 87 47 25 37 52 50 47 43 36 30 32 37 65 65 53 45 53 61 71 88 93 44 44 68 46 23 31 40 17 15 16 23 17 61 58 61 50 51 53 75 86 98 57 55 48 18 12 46 45 30 51 58 43 31 49 31 21 35 56 64 33 21 22 41 52 11 27 31 43 35 42 54 45 29 32 46 39 48 58 41 20 65 57 44 69 73 66 48
15 29 31 21 7 54 38 17 28 33 47 57 84 30 11 31 32 24 23 33 45 55 66 77 73 94 97 79 65 61 72 93 88 36 32 53 39 24 22 11 33 2 13 35 65 83 67 52 45 44 45 70 74 80 36 37 38 24 19 32 23 25 52 48 32 3 29 22 19 9 23 29 15 25 43 63 67 15 33 35 50 54 52 43 37 35 30 24 36 25 36 31 10 62 51 29 45 50 43 27
22 33 24 14 28 43 34 20 21 30 23 21 45 58 38 13 23 22 16 31 52 17 49 39 31 54 74 70 41 54 56 85 73 9 0 34 39 17 9 7 19 5 12 57 108 120 91 57 31 11 33 51 41 21 2 9 38 16 35 54 29 20 44 54 36 12 21 43 41 45 64 71 52 39 43 54 34 39 14 15 29 56 56 32 26 73 49 19 3 23 36 41 31 39 14 26 38 30 18 8
28 33 21 12 24 32 22 13 21 30 23 22 47 62 45 23 21 31 24 22 38 39 49 27 2 23 41 42 21 40 41 66 51 1 0 36 38 19 9 5 27 14 15 51 99 113 81 40 9 24 55 46 30 36 28 22 21 15 59 98 76 51 46 36 32 30 55 69 46 32 39 38 44 33 35 42 26 41 24 24 30 52 50 30 22 64 44 23 5 21 28 30 25 44 32 52 63 53 40 30
41 34 18 13 22 20 10 10 25 33 24 20 44 60 45 25 31 51 51 37 52 108 91 58 29 40 49 47 28 44 36 52 34 0 6 33 30 19 19 15 22 20 16 24 49 65 47 15 0 31 71 54 29 39 44 46 44 28 59 90 68 45 42 31 8 8 26 31 14 18 33 29 29 35 53 66 54 73 46 33 34 46 43 28 16 50 36 31 33 39 32 24 14 37 31 57 69 56 39 30
54 38 19 18 25 15 6 12 31 37 25 16 36 50 36 17 24 45 49 36 50 144 102 71 53 54 53 46 26 38 20 28 34 9 13 26 17 17 33 36 37 52 47 21 13 31 40 32 14 25 68 72 40 24 36 70 77 36 35 45 25 21 41 46 24 10 12 20 34 71 94 78 36 35 36 32 24 65 61 57 39 43 38 27 13 39 31 39 60 60 43 23 6 25 20 46 60 43 24 15
