34 25 20 21 15 3 0 0 5 12 25 34 31 22 18 20 24 22 21 23 26 26 22 18 28 30 18 13 25 30 19 13 19 17 17 22 30 34 29 21 14 12 8 8 13 19 19 15 17 19 19 15 9 5 6 7 11 6 4 5 8 8 7 7 12 13 9 9 23 37 31 14 0 10 18 12 11 20 27 26 36 26 9 27 19 27 12 17 15 22 16 4 10 26 18 0 1 19 29 22
24 17 16 24 27 18 11 11 2 4 14 27 33 29 23 20 19 19 20 25 29 26 17 9 24 25 14 10 24 29 21 16 27 29 31 35 38 37 32 26 16 12 9 12 17 17 14 11 8 9 9 8 6 6 7 8 8 6 7 10 12 13 11 11 8 9 8 9 16 22 20 12 12 15 21 22 16 5 0 0 17 15 6 24 18 26 16 22 15 26 27 18 16 22 17 4 6 29 43 37
28 20 23 38 46 38 26 21 12 5 5 18 32 36 31 27 14 11 10 15 21 21 14 6 19 20 9 7 20 24 15 11 21 23 23 22 17 14 15 17 21 13 11 18 21 15 9 8 5 3 2 2 5 7 8 9 6 8 10 12 13 12 10 8 6 4 6 9 9 7 8 12 19 13 17 27 24 8 0 4 27 25 15 21 11 15 10 15 14 19 23 26 30 30 21 10 15 39 55 50
44 36 37 50 56 44 26 16 28 15 7 15 29 36 37 35 21 13 6 7 16 23 23 20 22 22 12 12 24 24 12 8 31 29 25 18 9 7 16 27 24 14 11 19 20 11 6 8 9 5 2 2 6 10 11 10 9 10 10 8 7 8 6 2 9 2 4 13 11 3 6 17 20 15 15 19 18 16 21 30 39 33 20 10 2 5 4 6 13 7 10 27 41 39 24 11 7 24 35 30
48 39 38 46 45 29 10 2 27 18 13 20 29 33 34 34 33 25 17 17 24 31 32 31 25 25 17 21 34 31 18 14 32 29 25 20 11 7 15 27 23 16 12 14 11 3 2 8 11 6 2 2 7 12 14 14 11 11 7 2 4 10 10 5 12 4 6 18 19 10 12 24 27 30 25 12 6 12 21 23 22 21 17 6 9 12 13 7 15 12 17 31 38 30 17 10 14 22 24 19
31 25 24 28 24 10 0 0 18 14 15 22 28 27 25 25 29 27 25 26 29 30 27 24 18 16 9 16 31 30 20 20 22 17 17 18 13 3 3 10 22 23 21 13 3 0 0 5 7 4 1 1 6 12 18 21 12 10 4 1 10 23 23 15 11 7 12 23 24 16 18 28 32 39 34 17 10 16 17 10 11 22 34 23 29 25 25 10 17 26 35 35 23 10 6 10 23 26 26 23
17 15 18 21 15 7 12 24 29 19 11 12 17 18 18 19 15 16 18 20 20 20 20 20 17 11 0 6 23 24 19 24 38 26 19 22 21 12 9 14 25 38 39 22 5 1 3 3 9 7 5 3 5 10 18 23 14 10 4 3 18 34 31 18 4 10 21 26 21 14 18 28 31 27 20 17 20 23 19 12 21 40 59 36 35 22 25 11 17 25 29 24 14 9 7 7 6 13 19 20
16 17 22 25 19 16 31 51 52 30 7 0 2 9 15 20 9 10 10 10 11 16 24 30 27 17 2 5 20 23 21 30 51 30 13 12 13 10 11 17 32 52 57 33 11 8 8 4 15 15 12 7 5 8 16 23 15 11 4 5 22 38 31 13 0 12 27 27 16 9 16 27 32 10 0 7 20 20 15 15 26 47 67 32 23 8 21 14 14 11 5 5 14 23 16 2 2 15 28 33
23 41 43 21 5 18 44 60 47 41 24 8 10 25 30 24 29 6 2 14 15 18 32 43 39 29 19 14 9 9 19 33 49 41 26 14 14 20 21 15 30 41 50 42 23 9 7 11 16 12 10 12 11 8 9 13 13 15 7 22 31 24 24 11 3 5 22 40 33 14 19 40 32 26 9 2 7 6 4 11 24 41 70 15 7 14 16 11 12 8 3 2 12 21 15 3 0 8 26 40
32 39 32 9 0 6 25 35 25 38 41 30 20 21 22 19 22 12 17 24 19 23 40 52 54 30 12 12 12 5 7 16 45 40 31 24 26 28 20 8 11 26 41 41 27 11 3 1 6 5 7 10 9 5 4 6 8 15 12 24 25 12 13 3 9 11 22 30 24 16 31 55 58 33 12 16 21 5 3 25 44 36 45 6 10 18 20 20 21 20 13 5 5 11 14 11 11 16 23 27
36 34 23 6 0 9 19 22 15 31 42 38 31 26 20 13 10 15 27 26 12 16 34 42 46 28 21 29 27 14 11 22 40 37 30 26 27 25 16 5 1 13 27 31 24 11 2 0 2 3 8 13 11 6 3 6 8 19 19 31 25 7 10 5 7 11 15 14 8 9 26 45 58 40 23 27 32 18 13 30 45 27 30 12 20 24 31 42 28 25 18 12 13 15 13 8 18 18 18 17
23 22 18 15 16 21 24 25 23 21 19 23 34 40 29 13 8 18 29 21 4 8 21 20 16 26 40 44 32 18 19 29 35 33 27 21 16 13 11 9 11 14 17 17 14 9 5 3 5 7 12 16 14 9 9 13 10 18 17 31 28 10 13 10 8 13 13 9 7 13 22 27 28 40 33 20 25 30 23 18 15 15 22 14 8 4 14 28 22 18 16 23 32 30 15 0 18 19 20 20
7 11 18 25 27 23 20 20 20 12 6 13 31 42 35 22 17 22 28 19 6 13 19 10 0 20 36 30 18 14 16 16 30 32 32 25 14 7 11 17 24 21 17 14 12 10 7 6 8 8 10 12 9 6 10 17 16 16 10 27 29 12 13 7 14 14 11 9 17 30 33 29 11 30 25 6 8 18 13 5 14 26 24 19 4 1 6 9 7 10 19 30 36 32 21 13 35 33 30 28
12 15 24 35 33 20 11 11 5 9 15 20 25 29 32 32 25 20 19 14 11 21 26 14 1 9 12 10 12 20 22 17 26 31 37 34 22 12 14 22 24 23 21 19 17 12 7 4 7 6 6 4 0 0 5 15 26 21 12 32 38 21 16 7 6 2 0 1 15 30 35 33 20 21 9 0 6 8 4 7 21 28 11 19 11 15 19 17 1 13 27 31 24 19 26 38 57 49 37 29
27 22 25 35 34 20 10 11 4 14 25 27 21 18 25 35 32 18 12 12 13 25 32 24 10 4 8 20 27 24 26 33 28 27 28 27 21 13 15 23 19 19 19 18 16 12 9 6 8 7 7 5 0 0 4 14 27 23 19 44 51 30 23 13 1 0 0 8 16 21 22 22 22 22 9 7 28 40 29 19 6 9 0 18 8 4 13 24 15 20 27 28 21 17 27 41 47 39 29 22
32 19 16 27 30 20 12 14 17 21 25 24 18 16 23 32 42 23 14 16 18 28 37 35 18 11 24 47 40 13 13 36 33 22 12 10 10 9 14 23 16 15 13 11 9 9 11 13 12 12 12 10 4 0 7 17 16 17 18 48 55 33 25 16 11 14 24 35 33 21 13 13 8 27 22 16 53 88 68 28 12 20 9 48 20 0 9 38 33 23 19 25 30 28 25 25 20 17 15 17
54 26 12 24 32 23 20 27 22 27 32 30 18 10 14 25 32 24 23 21 19 31 41 36 16 15 27 42 33 11 11 30 27 2 0 12 21 12 10 21 23 12 5 8 13 14 11 10 7 5 2 3 9 14 13 10 14 17 21 26 30 29 24 18 22 24 33 91 63 31 20 9 17 26 14 12 48 76 57 20 4 4 18 34 28 11 18 41 33 28 33 34 27 26 26 17 3 2 7 15
60 38 24 32 38 33 29 33 30 28 28 27 22 16 16 21 26 24 30 31 27 34 40 33 16 12 12 20 29 31 24 18 6 6 9 12 13 13 17 22 27 17 10 11 14 15 14 15 6 5 2 1 10 20 22 16 17 29 37 35 30 26 19 12 20 21 25 67 55 25 23 22 17 16 29 38 51 52 22 1 15 16 20 24 25 25 26 28 11 27 54 58 32 15 23 32 17 12 9 12
44 36 32 39 47 45 36 30 31 23 18 19 20 16 11 9 20 26 38 40 30 31 34 27 3 2 0 6 35 59 44 13 0 17 28 17 11 21 27 23 26 18 12 12 12 11 12 15 5 8 3 0 8 23 23 12 12 34 47 39 28 23 17 8 1 3 6 24 34 6 13 24 22 8 46 65 57 39 10 16 26 27 19 12 25 44 39 19 0 20 56 65 33 9 21 42 34 22 12 10
14 20 28 37 45 43 30 15 26 18 14 18 19 14 6 2 17 25 38 36 22 21 27 24 4 7 7 15 40 58 41 9 0 21 32 21 19 30 31 20 19 13 10 10 8 4 4 8 6 11 8 0 6 19 15 0 2 25 38 30 21 22 18 8 3 8 13 10 34 8 15 32 19 1 44 58 44 35 21 44 33 28 14 7 25 48 42 20 11 9 29 44 28 12 22 38 42 27 15 13
6 13 20 24 27 26 14 0 21 19 20 23 22 15 8 6 12 19 29 23 8 11 26 29 26 27 27 27 27 24 15 6 9 14 17 21 32 41 36 25 15 11 8 8 5 0 0 1 6 13 12 6 8 15 8 0 0 12 19 14 13 18 15 5 9 16 25 9 27 6 5 19 20 13 35 29 19 23 21 41 35 22 8 8 21 31 29 20 16 1 9 27 23 14 20 29 37 25 16 18
20 20 18 15 13 12 8 2 16 16 18 21 19 13 10 12 11 15 22 14 0 8 27 34 32 28 25 22 11 0 5 18 19 11 9 24 46 57 53 45 22 14 8 7 5 2 0 2 6 11 14 13 12 12 9 3 4 7 7 7 10 12 8 1 10 15 28 10 9 1 0 0 51 66 49 23 17 18 19 24 36 19 9 11 14 11 10 13 9 2 14 28 19 11 17 24 28 20 16 21
22 19 18 20 20 19 20 23 17 13 11 13 14 12 14 19 20 22 26 17 2 7 24 29 17 12 10 12 10 8 15 25 20 14 12 22 44 63 67 61 34 20 8 4 4 4 5 8 7 8 12 15 11 5 8 15 14 9 8 13 15 10 4 3 17 19 34 23 4 19 9 15 89 122 66 28 27 14 24 24 34 24 16 15 13 8 6 9 7 8 20 25 13 8 16 20 22 17 16 20
8 9 17 31 37 35 37 43 26 16 9 11 15 19 23 28 31 32 36 25 6 7 19 19 6 4 4 9 19 24 21 14 10 15 14 14 30 55 66 61 42 24 5 0 1 5 8 12 10 7 9 13 6 0 3 19 19 11 13 22 21 10 5 10 7 5 22 19 0 24 19 25 102 143 62 22 26 4 25 31 33 29 24 18 16 15 13 10 16 12 15 15 7 10 18 16 20 17 16 18
9 20 27 24 23 33 46 52 32 35 28 14 9 19 31 34 33 32 29 17 2 0 11 29 7 16 9 2 18 33 25 14 5 11 12 11 22 42 50 46 31 20 9 4 2 3 7 13 6 12 14 9 6 10 17 21 17 16 24 26 16 13 15 10 21 14 10 11 9 7 15 27 80 53 33 33 27 14 16 31 34 27 22 23 20 15 14 19 26 23 17 9 8 12 16 17 18 26 24 13
11 26 37 31 22 22 30 36 16 22 22 15 15 25 33 36 35 28 19 9 1 0 12 26 17 25 20 12 15 17 23 36 37 32 23 17 23 35 36 29 16 8 3 3 4 3 5 9 10 7 4 11 26 37 33 22 18 15 20 19 8 10 21 22 19 4 0 3 13 23 42 62 48 22 13 28 30 13 11 25 27 19 13 12 12 13 22 32 30 22 14 11 12 14 16 17 17 22 20 28
23 44 60 54 35 20 14 15 0 9 19 24 27 30 29 26 16 10 6 8 12 16 23 30 26 25 18 17 21 19 29 53 61 47 29 20 21 23 17 10 3 0 0 5 8 6 6 7 11 7 6 16 33 42 32 16 9 8 14 12 0 3 17 23 30 16 11 17 21 26 48 76 49 23 15 32 35 15 5 14 18 14 10 8 7 9 19 30 26 14 8 13 18 18 20 25 27 26 22 52
29 48 66 64 45 22 8 2 1 8 20 32 35 29 19 13 4 6 13 23 28 26 23 24 19 12 1 8 31 39 36 39 58 44 28 20 18 14 8 4 6 3 4 10 13 10 8 9 7 15 20 20 18 17 12 6 2 5 15 15 1 2 15 20 28 24 29 37 30 21 33 57 62 43 29 31 32 22 11 6 12 13 14 12 8 6 9 14 16 6 5 14 20 19 23 33 28 21 15 52
16 25 35 38 31 20 13 12 19 14 17 26 29 23 17 17 24 28 35 38 30 17 9 9 9 13 5 8 35 49 33 14 45 40 32 24 18 15 13 12 15 10 8 11 12 9 8 9 10 19 24 17 7 3 4 5 6 8 18 18 6 10 27 34 14 9 15 31 38 34 33 38 36 34 26 19 24 30 19 1 9 12 13 10 8 8 10 12 15 10 10 15 15 12 17 26 14 8 1 24
3 2 5 10 14 18 27 36 35 18 8 13 19 18 22 31 38 41 43 38 23 8 6 11 15 32 31 25 37 45 30 14 42 46 41 27 20 23 25 22 19 12 8 8 8 6 6 8 15 16 14 11 12 17 16 13 12 9 12 9 1 13 37 47 21 7 1 17 43 54 45 30 9 17 18 14 21 29 16 0 10 10 6 3 6 15 22 24 19 18 16 14 12 11 11 12 13 15 15 6
5 5 9 14 15 17 28 41 35 14 4 13 21 19 22 32 27 30 33 30 20 11 13 20 24 35 31 26 33 35 29 28 45 51 41 20 16 29 33 24 14 8 4 5 6 5 6 9 13 12 9 9 15 24 25 21 17 9 8 4 0 11 33 42 29 25 17 17 34 50 44 26 13 13 14 18 21 18 7 0 15 13 8 4 10 22 26 23 14 15 11 8 15 25 22 11 21 35 48 6
10 17 28 33 25 13 15 24 26 9 6 23 31 22 16 21 15 18 25 28 23 14 12 16 23 15 3 7 23 25 24 34 45 50 35 9 9 30 35 20 9 4 2 5 8 7 9 12 6 12 14 11 10 15 21 23 22 15 15 12 5 13 28 31 15 33 37 23 18 28 32 24 24 9 6 17 19 8 5 13 20 20 16 13 18 24 19 9 2 4 0 1 20 43 39 19 19 43 65 3
30 18 24 38 25 0 0 22 36 30 15 15 9 12 31 22 22 26 21 8 4 9 12 8 9 3 0 0 0 1 14 28 30 25 13 7 18 33 31 17 0 9 12 6 5 12 15 11 13 19 15 14 22 23 21 26 32 12 21 37 20 20 24 14 1 19 45 25 29 0 3 32 39 21 12 20 25 18 10 7 28 21 11 17 28 19 5 7 6 9 5 2 12 27 29 20 28 39 35 11
34 27 33 44 30 0 0 8 26 22 12 16 13 15 33 23 27 31 27 14 2 0 4 8 19 18 20 21 14 4 4 9 14 14 9 9 21 36 35 23 6 11 13 11 12 17 21 22 11 23 18 9 16 22 18 15 27 26 45 8 19 18 25 27 21 17 33 25 27 0 11 39 40 26 18 22 23 16 12 15 32 29 19 17 20 11 5 14 9 16 20 23 33 44 41 30 21 27 23 9
25 28 42 56 47 22 6 5 16 14 9 20 20 23 40 31 28 31 32 25 10 0 6 18 33 36 40 39 28 15 9 10 17 20 20 19 26 35 32 22 10 9 11 16 18 18 23 30 25 27 20 18 23 20 14 19 20 28 41 3 26 23 18 32 11 20 48 49 35 5 8 8 37 27 21 22 20 15 17 23 33 36 27 16 12 5 7 21 29 32 31 28 32 39 37 29 17 13 9 7
14 23 41 55 52 33 14 3 11 9 5 20 21 23 41 34 25 25 28 30 19 6 8 18 25 28 29 24 15 9 11 17 7 10 9 6 8 11 8 1 9 4 7 17 19 15 18 26 19 5 0 13 23 9 6 27 8 6 10 31 44 36 42 46 66 71 72 51 18 14 40 31 24 18 15 19 21 20 21 26 27 35 27 14 10 7 11 24 52 46 31 18 18 30 41 44 27 13 5 11
17 20 27 32 30 20 9 3 18 12 6 19 18 15 32 26 18 13 17 27 27 17 12 14 10 15 15 8 0 0 6 13 8 8 6 3 3 6 6 3 6 2 6 17 20 14 13 18 31 26 21 30 45 43 42 55 54 51 72 97 85 32 55 0 23 17 8 23 7 3 20 6 10 5 5 13 22 25 24 22 18 29 23 12 14 16 16 21 49 40 24 12 15 34 56 70 39 21 9 16
24 16 10 9 9 10 16 25 36 28 19 31 26 18 31 25 6 2 7 22 37 40 35 31 23 34 40 34 24 19 20 21 30 26 19 15 14 14 14 12 6 4 7 15 19 17 15 15 17 31 26 16 27 39 31 20 27 7 34 8 34 31 125 40 155 96 23 34 20 3 19 26 2 0 1 10 20 25 22 18 13 27 23 12 17 22 18 15 23 21 16 12 13 24 40 52 33 18 6 8
23 11 5 8 8 8 20 38 42 34 28 44 39 29 40 33 9 7 8 17 34 47 44 35 31 48 61 58 47 39 34 31 27 19 12 9 9 8 5 2 6 7 8 9 14 21 22 18 24 35 36 40 54 54 40 32 14 4 50 50 99 139 141 43 76 61 4 34 31 14 17 20 4 5 7 10 15 18 18 16 15 33 30 15 17 21 16 10 8 14 20 22 17 13 13 16 18 12 5 1
21 10 9 16 12 1 6 22 30 25 25 45 44 34 44 38 26 24 16 10 18 28 24 11 10 30 46 45 36 30 26 23 15 9 5 8 14 16 14 12 5 8 6 2 9 23 27 22 20 11 24 69 93 71 58 77 65 25 23 62 109 212 121 62 50 92 49 51 34 29 35 30 10 13 15 12 9 11 15 17 19 40 37 18 15 18 13 8 10 21 34 39 32 20 12 10 13 14 12 5
20 14 24 39 29 3 2 21 14 32 52 49 31 28 32 25 7 20 28 27 30 34 24 8 10 15 22 28 25 20 21 27 26 32 21 7 13 19 12 7 5 10 8 0 15 30 28 26 29 22 25 87 55 36 34 68 57 68 23 99 180 254 116 120 3 46 0 38 30 29 23 28 3 8 15 21 28 29 19 6 23 23 30 26 8 4 16 22 19 20 33 53 34 28 0 6 22 19 13 4
14 36 43 27 18 24 24 13 9 24 53 62 40 23 22 22 16 28 36 36 32 29 25 20 6 9 17 24 25 22 24 30 30 29 19 17 23 17 7 10 9 10 10 7 7 26 18 19 24 61 89 96 110 67 34 74 77 55 89 0 60 80 49 136 51 21 46 17 31 28 20 19 6 16 26 29 31 30 26 20 24 31 44 37 11 3 16 25 28 27 35 32 16 13 0 0 20 19 16 12
7 37 40 11 4 25 25 1 3 19 53 69 44 16 13 19 10 17 25 25 15 6 8 16 18 16 17 20 18 13 11 13 12 6 2 13 26 16 8 17 12 12 12 19 4 38 18 13 39 63 111 170 122 98 24 31 14 29 57 239 224 128 15 62 45 2 52 16 26 23 37 25 2 11 20 24 28 29 25 18 20 36 56 48 17 5 16 24 21 23 34 8 5 10 8 8 21 21 21 22
14 23 22 9 4 9 8 0 4 23 55 61 34 15 18 23 23 20 25 29 21 8 13 28 32 26 22 21 18 11 6 6 4 1 0 6 20 17 9 15 12 14 14 22 8 65 28 8 68 22 17 96 44 43 27 52 38 97 49 237 87 55 21 45 8 31 10 37 17 5 45 20 2 8 15 21 28 30 21 10 15 31 50 45 19 11 21 25 7 15 35 0 6 13 21 16 19 16 15 18
30 26 22 21 18 15 11 9 14 36 56 45 21 22 35 34 29 19 19 27 26 15 18 32 30 24 21 22 23 21 21 23 26 29 17 8 18 20 8 1 11 16 15 13 11 82 30 3 70 42 24 49 85 32 50 70 35 74 238 223 79 36 30 34 14 67 0 33 20 4 31 7 14 28 40 40 35 29 24 20 21 23 30 24 12 19 33 34 8 20 49 18 20 18 18 11 15 7 3 6
33 37 33 26 28 35 28 14 22 40 51 34 17 32 48 42 17 5 3 12 16 10 10 17 20 16 14 16 18 18 22 28 38 42 28 14 22 26 13 0 16 20 20 2 12 69 19 15 36 45 45 65 80 116 137 116 119 60 210 173 72 29 8 47 30 48 3 5 37 36 37 30 23 45 61 54 35 25 28 35 30 22 16 10 11 32 47 42 13 28 62 54 47 35 22 22 22 10 4 6
23 30 29 25 32 42 34 15 19 28 37 30 22 34 45 38 15 9 7 13 17 15 14 16 16 13 11 11 9 8 14 23 32 32 22 20 33 33 21 15 28 29 35 5 19 44 8 57 44 66 85 114 46 174 96 9 241 232 180 168 67 52 26 31 20 16 33 14 39 53 53 54 25 34 39 35 31 32 34 34 29 24 24 26 33 50 53 35 10 23 59 78 62 44 21 35 30 17 11 16
19 15 16 27 38 38 29 20 12 11 22 30 27 30 35 29 9 8 9 11 12 12 10 10 13 11 12 12 10 11 20 32 33 25 19 31 46 37 23 26 40 37 49 15 28 26 7 101 103 108 106 75 74 244 130 71 254 253 130 90 97 49 53 25 7 20 58 55 24 34 49 45 28 13 1 8 32 49 42 26 21 25 39 51 59 66 51 21 5 15 47 81 55 34 3 27 29 17 11 19
17 26 27 21 26 37 33 18 1 1 22 39 30 20 22 24 11 13 12 11 16 22 17 8 11 16 20 18 18 23 32 38 40 22 21 33 36 34 33 28 47 46 52 22 41 23 15 160 109 147 125 74 152 251 187 238 252 113 35 48 74 22 34 31 33 10 99 69 26 0 21 24 22 36 21 0 19 47 42 22 13 23 38 54 65 59 36 12 0 11 33 43 30 7 0 7 8 9 12 14
16 20 15 9 17 33 32 19 20 17 29 35 20 10 19 27 13 11 6 6 14 22 19 10 6 13 20 20 20 25 35 43 45 36 30 36 44 39 25 16 23 50 65 100 131 102 68 220 125 171 142 156 209 170 146 255 216 123 85 19 55 9 47 26 32 4 86 75 54 27 28 16 20 28 28 27 33 28 22 26 20 24 29 34 38 33 19 6 3 4 10 19 21 13 3 0 6 6 6 6
24 21 11 3 14 31 31 19 28 27 37 40 22 13 22 31 19 13 7 6 15 25 25 18 13 18 23 25 24 26 32 39 40 40 23 21 43 44 24 17 48 44 48 181 255 212 141 255 160 207 172 179 246 249 233 153 123 45 13 48 38 5 0 52 52 5 52 51 57 45 42 27 17 22 23 29 34 22 13 20 16 12 8 8 10 11 11 12 16 15 12 10 12 15 11 4 11 9 5 2
30 25 13 6 15 27 24 11 10 13 31 43 34 26 27 25 18 16 13 12 14 19 23 24 26 21 19 22 24 22 20 20 41 47 21 12 48 60 45 45 77 64 33 117 212 244 179 182 164 221 154 98 228 255 255 246 187 79 37 37 69 29 11 29 61 9 22 23 45 43 40 31 27 31 20 14 31 41 31 19 20 9 2 3 6 8 13 19 23 35 35 19 5 6 13 17 21 17 11 6
23 22 16 12 16 21 15 3 0 0 15 34 36 34 29 17 13 18 21 18 11 9 16 26 31 18 10 17 26 25 17 11 30 37 13 5 38 50 37 39 58 88 86 47 42 111 174 199 255 235 255 207 252 245 228 255 246 142 67 42 37 16 15 34 36 12 19 24 44 35 22 15 22 24 9 0 15 27 19 9 33 20 14 20 21 13 10 15 24 39 43 24 5 4 12 18 24 20 14 9
21 26 26 22 20 20 18 14 13 5 12 25 30 36 33 20 16 24 31 27 13 6 18 34 38 20 10 21 35 36 28 23 22 28 17 14 32 33 19 19 48 82 115 88 132 238 251 183 251 122 231 237 223 255 255 187 151 86 2 54 22 49 22 9 17 25 28 24 32 21 13 17 25 24 17 15 16 4 0 8 24 16 19 33 31 14 5 10 29 32 31 25 21 20 19 16 18 16 12 9
30 37 38 29 19 17 23 29 36 23 19 21 21 29 32 22 20 25 30 26 13 7 21 40 46 28 19 27 36 33 28 27 34 35 39 46 51 47 44 45 23 74 87 35 89 235 222 169 255 209 255 255 252 209 137 51 15 70 85 69 11 16 72 16 8 42 34 14 11 7 15 37 52 55 45 35 31 22 12 15 14 14 28 45 35 8 1 13 31 25 23 28 33 30 24 20 14 14 13 13
37 43 42 27 10 7 20 33 41 28 22 17 11 17 22 15 16 17 18 14 5 2 17 37 48 32 22 25 24 15 11 14 27 23 35 51 51 53 65 73 62 60 78 103 93 92 47 163 219 255 248 212 224 252 255 134 67 50 0 51 0 35 63 1 0 47 40 14 5 4 16 43 52 62 40 9 15 32 18 0 26 31 49 61 39 3 0 14 25 20 22 30 31 22 19 23 14 16 18 20
30 27 30 35 28 12 7 12 12 12 4 0 10 26 21 3 7 12 24 0 4 6 10 18 30 19 20 19 3 0 7 15 17 22 32 8 20 51 67 100 104 100 78 19 15 1 10 157 172 246 255 253 217 141 107 52 75 67 37 11 17 25 17 8 9 17 32 29 8 7 26 38 29 26 22 24 36 42 26 3 17 28 43 47 29 6 1 10 20 24 22 18 23 31 25 11 8 12 14 13
21 17 18 23 16 3 0 5 6 14 17 12 11 16 17 12 4 9 22 0 14 20 21 25 15 15 16 10 3 11 26 30 8 11 22 15 27 36 41 88 138 119 87 68 61 103 68 59 63 89 30 238 189 90 10 32 59 32 12 26 39 19 1 8 16 13 23 32 32 38 42 36 3 3 16 38 51 42 21 5 8 6 8 13 15 11 8 8 14 21 22 17 19 25 21 11 0 7 12 11
12 11 16 23 21 11 7 10 21 23 25 25 24 22 20 19 10 13 26 5 31 40 35 31 13 22 23 13 13 30 44 46 23 15 14 34 55 40 17 58 108 102 71 61 97 160 84 65 255 158 143 230 254 133 0 27 54 24 13 42 63 40 18 28 23 15 20 33 42 53 55 44 2 0 6 30 37 21 10 12 18 16 13 10 12 15 10 3 8 18 22 18 15 18 17 12 1 11 19 19
7 9 17 28 31 25 22 23 48 28 14 19 31 32 22 12 16 18 28 8 37 46 35 23 21 28 26 21 24 31 38 46 85 54 14 45 94 106 94 135 177 171 134 175 171 49 71 144 228 254 2 163 125 79 35 0 27 23 13 19 39 42 32 28 27 22 26 28 24 34 48 50 15 7 10 20 18 4 1 9 18 34 41 29 15 9 7 3 8 19 26 23 18 18 19 18 5 17 28 28
12 11 12 18 22 24 27 31 52 25 2 3 17 21 13 3 12 14 23 0 28 38 25 9 16 17 14 20 27 16 14 35 67 56 23 60 86 81 39 42 79 107 78 168 223 106 242 176 236 215 37 56 64 22 19 9 8 23 18 6 17 32 32 28 30 25 26 20 8 12 26 31 6 9 15 19 16 8 4 4 2 22 33 23 10 7 9 9 17 26 33 32 29 27 27 26 4 17 27 27
30 22 12 7 10 18 27 33 38 27 13 4 4 8 10 10 10 15 25 0 23 34 23 8 10 10 5 17 29 10 2 29 48 43 5 32 28 48 54 74 102 210 255 220 243 202 255 211 166 159 57 48 32 16 4 28 11 25 29 27 28 24 26 38 35 23 19 16 9 10 13 5 0 0 0 2 7 13 17 18 17 16 12 9 12 18 20 19 26 30 34 37 38 37 33 29 6 16 24 23
38 31 20 14 15 22 27 29 25 32 31 19 12 15 20 20 17 25 35 2 21 32 25 14 17 24 13 15 29 12 0 22 37 37 16 54 16 21 32 44 94 129 220 225 255 243 127 217 73 123 57 65 18 25 21 30 8 21 29 33 29 14 13 31 37 24 18 16 12 16 19 11 12 0 0 5 15 17 22 31 40 23 9 10 18 24 26 25 26 23 23 31 38 37 29 21 11 17 21 20
30 29 27 26 28 28 25 20 19 32 36 27 24 30 28 18 21 31 40 3 17 26 22 13 27 41 24 11 22 11 0 9 27 17 3 60 16 16 27 32 26 50 107 243 253 255 117 149 16 77 32 52 5 2 20 24 14 33 39 33 28 22 21 31 37 28 25 18 8 15 31 36 29 9 12 41 50 30 17 23 35 19 9 13 18 18 21 28 20 13 11 20 32 32 21 9 11 15 16 14
24 21 23 27 22 12 11 18 20 22 42 17 24 24 22 18 18 23 23 4 9 21 7 7 26 24 25 25 19 11 11 17 20 19 12 2 0 12 33 48 38 63 88 100 224 246 250 111 68 18 32 38 23 31 33 41 26 17 16 25 28 22 20 23 27 28 22 11 13 30 49 58 68 44 39 61 67 43 20 17 34 18 4 2 6 10 18 28 25 32 23 14 23 28 18 9 19 13 10 13
9 12 18 19 13 17 39 64 39 24 36 21 35 30 21 17 5 10 21 18 25 26 10 19 23 17 16 20 23 23 25 31 14 10 9 18 32 36 22 5 16 3 14 29 93 217 255 108 54 30 72 98 82 65 36 21 28 20 15 17 19 16 12 11 10 19 24 17 10 14 28 40 71 46 33 43 48 34 23 24 60 37 10 0 1 10 19 24 33 42 37 34 44 41 19 2 23 17 16 21
8 10 11 9 7 17 43 66 56 28 33 23 41 32 18 11 17 17 29 31 36 28 8 20 31 22 17 20 26 29 32 34 27 17 10 20 40 46 25 0 0 16 50 59 20 145 238 147 74 54 82 99 77 50 17 0 29 24 15 11 15 19 16 9 7 12 20 25 22 18 18 23 39 19 3 5 12 16 20 26 63 48 30 22 28 35 33 26 21 31 31 34 49 48 28 12 18 12 9 13
17 13 8 8 16 26 31 31 22 9 23 12 34 39 35 29 31 28 32 26 34 34 11 13 37 30 23 20 20 20 20 20 30 27 20 19 29 39 32 18 2 31 24 40 5 32 47 33 63 39 40 46 34 27 26 28 27 25 16 10 18 31 31 22 17 8 7 23 37 35 24 15 16 7 0 1 12 26 39 46 37 33 24 19 25 31 25 14 14 21 17 17 32 38 31 28 35 26 19 19
14 14 12 14 25 35 32 21 18 28 48 15 20 29 30 20 21 25 26 17 37 54 26 9 25 26 24 18 13 12 14 15 21 28 31 31 37 44 38 25 10 12 0 26 51 29 11 41 40 26 21 29 26 20 28 32 22 21 14 9 17 33 36 29 23 11 5 15 29 32 23 14 6 8 11 13 19 27 35 38 34 29 17 7 6 12 17 17 23 26 17 11 17 20 20 25 36 25 15 12
9 19 20 14 15 26 30 24 39 62 83 33 21 26 26 12 17 26 30 22 50 72 35 3 14 20 22 19 17 21 26 29 33 36 34 33 44 56 49 32 21 20 31 44 36 5 6 30 28 28 20 30 27 10 13 12 19 16 10 6 11 20 25 24 25 26 23 16 13 16 19 19 3 9 16 17 12 6 5 7 24 19 17 17 16 15 18 24 17 21 14 10 15 12 7 11 12 3 0 0
16 24 21 10 12 26 28 18 18 40 68 32 32 39 43 35 20 22 25 23 49 65 27 1 16 19 18 13 14 21 27 27 39 41 33 24 31 46 46 33 14 16 30 38 26 24 18 18 13 21 9 23 27 12 21 22 21 15 10 8 7 8 13 19 29 39 36 17 7 13 18 15 13 17 25 28 18 6 6 14 8 1 5 19 22 11 6 12 9 9 3 6 18 15 3 1 12 6 4 10
24 24 15 10 26 45 37 13 11 20 45 20 24 25 24 17 11 4 5 8 34 45 16 5 23 19 9 0 0 8 9 4 15 30 34 22 16 22 23 15 25 52 45 36 14 16 0 29 30 42 23 32 33 11 17 15 24 16 13 14 10 4 9 21 31 39 31 10 7 19 16 0 8 11 20 27 20 10 17 33 40 17 7 18 21 9 7 18 19 12 0 4 22 19 3 0 17 14 17 25
30 21 12 14 33 50 48 36 17 16 17 23 36 44 38 26 18 4 25 10 33 19 3 11 32 26 7 0 8 14 11 13 19 26 26 20 17 18 11 1 16 49 65 42 13 9 19 25 41 40 38 35 29 21 17 16 19 18 23 30 25 12 11 19 25 18 11 12 18 19 14 8 10 16 19 12 7 15 39 61 67 49 31 18 7 0 6 17 28 19 10 18 27 13 2 10 21 20 27 41
21 16 10 9 21 36 40 36 22 24 18 10 17 35 42 37 47 30 31 4 32 36 15 3 13 22 19 12 12 10 14 26 26 30 28 22 21 23 16 5 13 39 54 38 13 5 11 19 44 42 39 35 27 18 16 19 21 16 16 20 16 9 15 27 37 28 19 18 22 23 17 10 8 23 32 23 7 7 28 51 62 46 30 21 13 9 15 28 36 29 17 18 25 14 0 2 30 32 38 46
15 18 19 18 21 27 31 31 25 31 26 12 11 27 39 39 38 41 42 15 39 52 31 6 17 26 26 21 20 12 9 18 20 25 24 21 24 30 27 17 19 33 44 38 21 9 13 22 34 35 36 34 22 7 0 2 13 9 9 12 10 7 12 23 39 31 23 20 21 22 19 15 8 19 28 24 13 9 19 31 39 28 21 21 18 12 14 22 22 20 9 9 20 18 7 4 25 32 37 36
17 24 32 34 31 28 25 23 24 29 33 33 28 24 23 25 15 36 42 23 28 35 29 23 34 26 13 15 30 27 11 7 22 29 31 23 20 24 24 19 23 26 32 34 25 14 19 31 61 64 71 73 59 36 23 22 16 17 24 31 30 24 23 26 25 24 21 17 14 15 19 23 8 7 7 13 19 22 19 15 14 10 13 21 22 13 7 9 10 13 6 4 18 23 13 8 14 24 26 17
17 20 24 28 28 24 20 19 26 23 34 51 44 18 5 10 17 32 28 26 22 17 19 32 36 19 1 8 33 36 22 16 40 50 50 34 19 14 13 10 17 12 14 20 18 13 20 34 36 36 41 45 34 13 4 6 13 16 23 29 29 24 20 20 17 22 24 19 12 12 21 30 8 4 2 8 18 24 22 18 15 9 10 19 21 13 9 11 20 25 17 12 21 21 9 4 13 20 18 7
11 7 6 9 12 12 13 16 29 24 34 50 41 12 0 7 20 27 20 55 60 42 25 26 33 22 9 15 31 29 21 26 41 53 54 39 22 17 16 13 11 7 7 13 15 15 23 34 23 15 14 19 15 4 3 11 13 12 12 12 14 15 18 20 25 29 31 25 18 16 23 30 9 14 17 15 11 13 22 31 26 14 5 8 11 10 13 20 17 22 19 17 21 14 3 3 18 17 10 2
5 3 4 9 8 4 4 9 26 35 45 44 30 13 9 14 23 33 23 74 85 65 34 21 30 25 19 27 37 28 18 24 21 32 35 27 22 23 21 15 9 10 13 16 19 22 28 33 22 9 7 16 18 9 8 16 28 25 20 17 21 29 36 40 34 32 28 25 24 24 23 23 15 21 24 18 9 9 21 33 30 15 4 5 8 8 13 21 4 10 13 19 21 8 0 9 24 12 2 0
5 9 18 24 18 4 0 1 19 45 58 43 24 20 21 19 42 51 23 59 60 48 30 23 23 17 14 30 50 42 26 25 9 15 17 13 15 19 13 2 6 11 17 18 20 25 27 27 29 17 18 33 36 23 14 17 21 19 15 14 19 28 35 38 35 26 19 20 27 29 22 14 22 21 17 13 12 15 20 25 28 16 9 13 17 14 14 19 5 11 16 25 25 5 0 12 29 12 0 1
16 15 18 49 28 13 0 14 13 51 49 28 28 19 13 33 63 39 21 26 41 45 35 25 37 38 36 31 29 32 33 31 16 30 35 25 18 21 23 19 17 17 13 18 26 21 20 34 37 37 33 24 16 12 11 11 12 2 7 19 23 31 37 34 37 19 10 20 27 21 14 14 18 18 17 15 11 11 19 28 24 9 16 38 24 23 46 31 12 12 35 17 28 23 12 1 17 19 17 9
28 24 22 36 27 16 5 10 21 41 36 32 39 22 4 19 65 42 20 20 35 42 28 10 29 28 22 15 15 24 33 37 19 28 41 48 43 32 25 24 23 30 23 12 12 12 14 23 27 22 18 17 12 5 5 10 10 0 6 16 17 22 27 23 13 12 16 26 30 22 8 0 19 14 10 13 21 23 15 4 17 17 33 49 24 16 49 49 21 21 43 26 36 33 23 13 13 16 14 8
42 36 32 23 31 29 28 19 16 24 19 24 32 11 0 13 49 33 16 17 38 54 41 18 18 18 13 5 5 13 22 26 7 9 23 42 44 31 25 30 9 24 17 1 2 13 22 29 30 20 14 15 11 4 5 12 15 5 10 17 14 15 19 15 9 9 11 14 18 18 12 6 18 17 14 13 20 25 14 0 11 15 29 42 17 6 37 41 23 23 44 25 34 31 24 15 16 20 21 17
42 39 40 16 34 39 51 37 21 26 20 16 14 1 0 14 20 17 12 15 38 59 50 27 4 12 17 17 17 21 24 23 16 11 11 19 23 24 29 37 36 39 25 9 8 9 10 17 46 39 28 18 15 16 17 16 23 14 18 23 17 18 25 24 19 11 11 21 27 24 19 19 12 25 29 18 9 12 16 15 16 9 8 23 14 5 20 13 25 23 41 19 25 21 15 8 17 22 24 21
26 30 36 12 26 30 47 38 37 38 27 16 19 22 16 11 2 10 13 15 29 43 35 16 0 13 25 31 33 37 39 38 42 40 29 16 16 30 41 45 52 39 23 23 29 19 13 25 53 53 39 18 17 31 32 20 23 17 23 29 24 28 39 43 27 20 33 63 71 47 22 16 6 24 33 22 8 7 15 21 20 12 1 17 19 10 17 8 32 28 44 17 20 15 11 5 8 13 15 12
10 17 26 17 18 15 24 26 29 22 12 14 34 53 41 14 0 8 14 18 25 32 26 13 11 21 28 27 25 28 32 34 36 42 36 22 22 37 48 47 36 17 5 19 35 25 19 34 43 44 32 16 20 35 35 20 16 14 24 32 27 30 43 48 39 36 52 79 83 56 30 21 9 15 22 23 19 13 10 8 12 14 8 20 21 10 20 23 32 29 43 15 17 13 11 8 7 11 11 7
10 14 22 39 28 17 11 22 17 3 0 11 30 45 42 24 10 9 11 17 25 27 22 16 12 20 24 18 13 14 17 19 21 27 30 29 27 30 37 41 38 24 8 10 18 9 0 9 31 23 17 20 28 30 25 18 16 16 30 37 27 22 29 30 31 38 46 47 45 42 37 33 19 13 15 24 24 13 5 6 8 16 8 20 23 10 20 28 27 24 39 12 17 16 18 18 20 23 22 15
18 20 26 62 46 32 14 30 26 9 8 16 12 13 24 30 24 13 6 12 19 17 10 6 0 10 19 18 15 17 21 22 31 30 35 40 32 19 21 32 26 23 10 3 10 11 7 12 28 9 8 29 38 24 13 17 22 24 38 43 26 13 11 8 0 25 33 17 11 27 36 30 30 19 18 24 18 4 5 19 17 19 4 17 29 18 20 22 25 23 40 15 22 24 29 31 32 34 31 23
25 30 28 18 13 16 18 14 15 10 8 7 3 3 14 29 23 15 21 27 20 18 21 18 18 15 14 15 13 10 13 18 19 20 26 32 28 18 14 16 21 22 19 14 10 11 15 17 33 19 14 28 40 38 30 25 26 46 55 39 18 9 5 2 7 8 22 38 32 12 7 16 27 27 24 17 10 8 13 19 22 11 7 16 23 23 21 22 26 27 28 32 36 39 36 31 27 25 22 22
18 22 19 9 4 4 0 0 0 1 0 1 11 21 20 11 16 15 26 34 29 31 41 45 52 33 11 1 2 8 18 28 18 10 8 15 22 22 21 21 21 18 12 7 7 10 14 16 37 24 14 16 24 28 29 29 28 37 34 18 6 10 17 20 0 4 19 35 36 24 16 17 18 15 9 3 1 8 20 30 26 17 9 7 9 11 12 13 12 13 14 17 21 26 27 27 21 17 11 8
9 12 11 11 21 34 36 29 0 10 10 3 9 23 19 3 11 11 23 27 16 16 31 39 48 32 20 26 38 43 38 33 27 23 21 22 21 20 21 25 29 21 11 8 12 17 20 21 33 25 13 3 6 18 28 32 24 27 22 10 10 25 41 48 27 22 16 16 22 26 27 26 12 8 3 0 2 10 20 27 20 20 17 13 13 18 20 19 14 13 12 11 10 12 16 20 27 22 14 9
67 55 33 14 11 15 10 0 17 30 30 12 0 4 12 14 24 21 28 29 15 13 26 33 19 13 20 46 69 66 43 21 25 38 49 43 24 13 18 30 37 26 17 18 23 26 26 26 21 22 15 2 2 16 28 30 12 18 20 15 15 24 36 41 40 30 12 1 9 26 31 25 13 13 12 13 15 15 14 12 10 19 25 22 20 22 21 17 17 16 15 13 10 8 12 19 34 29 24 21
43 33 17 9 21 38 40 31 23 26 25 16 2 0 10 26 24 18 23 25 16 16 27 31 15 3 3 22 43 44 26 9 20 36 47 39 22 13 19 29 30 22 17 20 24 22 21 23 19 25 23 14 13 21 25 21 0 8 17 14 7 6 11 16 19 16 8 4 15 30 27 13 15 15 16 19 20 19 16 13 16 21 23 18 11 9 9 8 17 15 16 17 14 10 13 21 24 23 22 23
29 26 19 20 36 53 51 40 11 6 8 13 13 10 16 26 28 21 24 25 14 13 22 24 19 6 0 10 24 27 20 13 33 33 29 21 18 18 17 15 13 9 11 16 15 10 13 21 32 32 29 25 24 23 19 12 0 5 17 19 15 14 22 30 27 23 13 7 14 25 24 15 13 11 9 9 12 19 27 32 34 27 19 14 10 11 20 31 36 28 24 24 18 8 7 13 13 13 14 17
12 10 7 9 25 40 38 26 8 13 17 16 14 17 22 25 47 43 47 44 26 19 28 32 17 13 14 22 28 25 19 16 27 25 18 13 15 19 14 5 4 5 12 18 13 7 18 35 47 33 22 20 22 19 13 9 6 15 27 34 36 37 42 47 42 33 19 9 8 14 19 21 14 11 6 2 4 15 31 43 43 25 13 14 14 14 29 50 47 33 23 21 15 5 2 8 13 12 11 12
28 23 12 6 14 26 24 13 17 39 45 23 5 10 23 28 38 39 48 44 22 14 25 34 19 19 21 23 19 11 7 8 0 4 12 13 13 15 13 8 6 11 20 25 18 13 30 55 53 28 8 8 14 13 10 10 23 27 35 43 45 40 34 31 21 18 16 16 14 12 12 15 17 15 11 5 3 12 27 40 40 17 4 9 8 1 12 33 32 16 5 7 7 3 5 13 17 14 10 8
19 25 25 19 17 21 18 11 30 50 70 43 30 12 23 22 29 29 29 25 16 8 13 21 9 14 17 14 14 16 17 15 2 18 35 38 28 15 9 9 13 24 28 23 22 33 44 48 41 24 7 7 18 26 21 12 31 40 38 28 33 47 44 27 18 15 19 10 21 0 4 15 14 10 6 7 13 19 22 23 19 16 11 8 8 12 18 22 28 20 13 8 4 2 6 12 17 15 12 12
15 21 21 14 13 16 14 6 23 44 68 47 37 16 19 12 15 16 18 17 10 6 12 22 12 22 32 34 34 32 26 20 16 47 76 74 44 17 12 20 41 47 43 27 15 16 18 17 32 22 15 20 32 37 30 21 31 31 23 13 19 33 38 32 22 25 28 10 17 0 5 13 17 13 11 11 14 16 14 11 10 9 8 7 8 10 13 14 21 21 23 24 19 10 8 10 11 9 9 10
12 19 19 12 11 14 12 4 9 25 46 31 28 10 13 4 14 16 19 18 13 9 16 27 16 26 35 37 35 31 24 16 6 40 71 69 39 14 12 22 43 48 43 26 14 13 13 10 21 21 25 35 43 43 34 24 31 23 13 10 13 19 24 27 26 38 40 10 11 0 7 10 15 13 13 15 17 14 8 2 2 3 6 9 11 11 10 10 16 21 29 32 24 13 10 15 13 11 11 13
14 20 21 14 12 16 13 6 1 7 20 5 12 4 14 10 22 23 25 24 16 12 18 27 26 30 29 22 17 16 14 10 1 16 31 32 21 11 10 13 25 32 31 21 16 21 25 24 16 22 31 41 45 39 27 17 31 20 16 22 21 12 10 15 25 45 48 7 5 0 10 9 9 9 11 15 17 16 9 3 1 4 8 12 14 14 13 12 15 20 26 24 14 6 12 22 23 21 19 19
