101 73 50 55 10 20 50 65 58 23 12 23 21 0 13 44 61 66 101 128 32 63 45 45 70 89 139 140 51 61 98 108 145 157 86 27 53 86 163 168 57 0 28 23 19 19 27 43 59 75 67 54 80 76 82 30 47 75 39 94 66 125 136 102 65 29 9 57 40 91 72 116 187 114 34 100 149 106 121 155 149 62 60 99 100 106 106 83 68 82 77 59 13 36 62 48 21 11 65 118
55 27 27 62 60 69 97 121 62 13 29 60 41 36 51 39 67 88 115 109 5 58 61 53 85 92 118 68 70 42 38 82 128 132 113 92 66 58 54 99 35 58 29 16 46 20 11 39 46 52 40 37 81 99 115 72 49 60 0 47 86 149 137 95 75 40 49 54 27 64 73 97 135 109 98 149 232 142 92 122 127 78 66 69 63 77 86 73 55 65 40 31 96 97 67 43 40 56 50 53
45 43 40 45 110 169 166 116 95 82 85 96 106 145 135 75 76 130 90 69 75 137 80 70 106 128 152 36 68 44 20 25 82 135 169 135 71 86 0 20 2 84 28 31 55 15 6 9 36 62 73 69 83 84 95 71 63 80 30 89 182 215 152 85 47 36 19 38 29 53 37 55 68 65 83 114 172 124 40 27 49 73 76 55 41 41 40 34 52 39 28 54 197 182 106 45 25 62 51 36
43 88 103 51 90 141 131 70 76 176 181 130 116 143 124 110 111 177 104 34 13 39 16 73 134 138 135 33 11 45 98 86 117 174 198 157 148 212 97 41 8 54 23 47 18 6 30 0 46 78 97 84 62 42 36 26 80 106 97 147 226 216 129 44 49 85 60 64 92 35 35 57 29 29 9 16 0 55 46 6 11 108 147 134 105 52 21 26 40 27 68 122 209 187 116 55 24 45 110 103
48 31 46 48 100 104 67 37 83 139 127 103 78 85 93 147 173 112 36 28 4 40 40 28 48 74 60 88 34 59 123 125 154 210 228 163 122 112 70 59 39 28 20 38 0 5 43 23 4 20 40 53 62 83 93 103 105 113 112 126 160 146 96 30 64 82 60 43 114 42 97 52 28 72 63 78 19 61 71 11 0 32 21 72 155 131 69 50 49 49 61 87 85 78 35 52 32 6 119 67
63 35 71 90 88 54 25 49 50 21 84 225 204 130 61 61 111 64 34 65 37 44 65 72 0 83 23 73 41 44 62 75 88 107 101 59 77 58 57 40 35 21 21 24 6 15 21 28 25 33 46 52 43 58 58 81 101 100 90 76 81 87 82 65 97 96 46 61 53 92 135 68 55 66 17 13 39 23 52 37 63 77 17 33 88 63 83 160 213 173 64 40 35 79 39 119 118 59 132 16
59 10 31 65 88 118 92 93 66 28 97 243 195 108 37 35 89 89 57 59 23 10 45 91 11 180 171 190 187 125 60 32 42 76 89 48 73 62 65 45 20 17 20 16 26 20 15 12 14 25 47 53 24 23 4 29 75 108 92 56 42 45 50 90 119 120 60 74 9 88 51 68 79 47 7 10 71 44 64 77 116 102 14 29 82 52 94 196 255 179 47 32 40 110 50 101 137 92 97 7
85 17 18 41 43 90 72 80 71 49 32 88 75 72 37 51 77 74 79 105 67 80 131 128 20 176 237 249 255 141 67 45 37 55 83 69 102 89 58 43 33 17 15 7 15 15 43 13 34 27 39 55 41 47 10 23 88 159 136 75 40 23 20 104 181 115 60 42 132 160 35 82 170 117 99 88 62 60 79 108 123 106 31 82 150 90 74 126 144 74 40 75 48 98 24 9 72 59 31 23
135 59 69 81 31 62 61 57 80 51 48 61 74 158 133 30 3 43 103 123 86 114 253 149 44 39 206 240 180 74 31 33 17 25 45 59 46 37 31 24 21 19 27 22 8 25 42 31 19 8 33 52 138 93 36 21 77 141 135 97 69 49 66 115 163 79 33 25 134 231 94 24 95 140 123 24 42 22 62 114 145 129 74 125 159 137 69 33 32 49 48 83 8 95 59 13 38 41 25 40
136 82 77 110 87 64 35 61 68 48 80 170 109 194 161 56 11 26 91 126 73 23 163 87 75 58 136 126 53 12 56 66 51 39 40 38 47 44 35 11 5 5 15 14 7 26 44 36 20 4 25 53 147 108 41 18 37 69 60 49 72 94 101 109 79 58 18 46 53 143 76 35 36 11 9 43 30 1 42 111 203 221 126 128 66 74 37 6 74 90 33 0 37 104 86 40 48 51 28 24
107 67 65 67 25 37 41 21 45 48 60 123 59 142 148 96 54 57 72 122 106 33 87 16 81 64 25 20 46 52 93 121 114 95 83 48 63 53 49 18 10 10 17 17 14 29 41 35 27 15 27 38 110 75 31 34 38 25 20 36 80 100 85 57 73 40 28 70 77 95 134 104 66 57 37 65 53 44 77 100 170 197 114 129 30 49 40 57 100 89 36 22 77 90 98 66 7 66 85 57
51 25 57 48 56 105 68 38 76 114 86 39 62 74 55 25 55 28 47 99 58 22 47 17 43 18 28 74 67 52 77 90 90 92 92 35 43 25 39 22 26 26 26 22 20 26 29 23 29 29 33 19 57 38 43 97 76 44 69 99 118 89 42 0 60 87 91 66 97 139 197 107 46 97 59 12 72 91 105 64 96 111 77 82 63 88 76 113 124 64 66 118 18 49 139 92 43 83 74 11
105 158 0 77 149 45 106 92 61 105 102 42 124 110 76 76 103 20 67 74 48 49 86 69 22 43 49 70 101 73 68 168 27 52 66 11 22 6 29 26 22 23 19 17 21 23 18 16 20 15 19 33 92 81 58 89 68 35 70 74 86 77 63 38 0 35 49 87 69 73 48 22 47 80 48 17 66 78 78 45 28 36 52 4 120 174 150 157 73 141 100 107 49 63 92 119 63 90 77 18
29 52 36 86 120 38 56 124 53 69 125 98 66 49 33 84 74 97 127 11 86 76 57 34 71 47 67 66 48 19 41 108 42 67 69 24 36 20 23 19 7 12 8 11 26 28 21 23 26 37 39 30 48 36 43 112 83 59 86 40 40 43 37 12 32 53 46 32 43 111 131 129 113 112 104 97 21 38 57 79 94 60 82 10 151 150 103 84 62 96 86 79 47 38 64 67 71 90 100 84
69 24 107 67 23 35 51 110 67 66 192 191 69 58 37 99 34 214 235 82 133 80 37 48 26 52 82 112 123 21 25 99 71 89 71 36 42 27 10 8 7 13 7 12 31 30 19 23 24 15 10 39 96 82 25 34 47 36 90 60 70 59 55 53 27 0 14 42 71 106 145 131 79 78 99 88 4 44 66 116 115 67 71 36 109 74 64 46 89 90 65 23 29 16 44 80 107 50 13 27
188 93 187 103 86 145 89 134 66 38 170 158 67 89 56 95 96 236 251 215 163 102 85 91 87 34 25 111 157 32 45 71 62 84 63 39 43 36 19 29 16 21 10 11 29 23 6 9 8 18 17 28 60 65 64 128 107 52 74 30 31 9 46 115 164 156 107 108 23 92 110 48 18 9 42 42 75 105 82 120 110 90 59 22 10 6 55 22 119 153 145 78 59 84 103 120 166 97 66 101
237 48 157 167 82 187 132 123 78 59 179 88 45 104 57 17 121 179 247 255 255 129 94 173 140 31 0 72 133 6 34 22 51 72 27 59 17 15 24 33 29 31 26 20 23 31 31 25 23 39 43 46 58 61 87 134 101 73 108 96 53 11 25 170 255 250 138 57 12 53 60 46 63 92 80 73 65 63 46 112 100 60 58 28 44 56 77 0 78 138 220 168 48 91 54 23 45 72 46 97
152 35 55 76 63 127 82 82 106 103 157 73 16 88 36 7 150 79 151 213 255 105 74 148 190 99 19 40 82 33 71 23 39 68 24 40 7 15 24 23 20 22 15 14 20 17 10 13 22 23 20 36 64 63 54 64 65 65 186 200 93 78 99 145 166 130 66 41 48 52 67 66 105 129 118 91 52 78 73 99 134 68 48 28 74 67 63 20 53 108 160 95 132 156 140 80 91 100 71 49
86 67 0 24 65 87 80 100 100 77 53 43 16 77 20 22 102 79 104 140 155 90 54 107 130 86 69 41 95 39 118 42 111 110 40 28 4 9 15 11 18 24 17 17 29 19 8 19 14 31 34 21 8 11 53 110 105 69 143 136 26 63 89 82 63 53 75 149 84 90 81 48 70 115 93 82 68 66 41 122 114 66 63 53 93 69 40 54 63 101 68 54 105 98 98 107 41 44 47 6
21 131 17 98 28 25 65 119 137 63 0 67 78 70 13 50 10 111 101 56 88 108 86 44 17 35 39 4 26 14 112 45 168 147 72 46 38 29 23 19 11 27 20 15 30 28 17 26 9 20 28 26 22 27 54 87 66 70 103 87 27 60 64 91 77 82 71 60 128 117 103 56 22 84 105 128 108 59 0 66 88 49 88 133 116 58 16 99 74 113 80 128 95 46 55 79 52 34 36 54
65 0 126 28 56 71 23 66 57 111 63 40 53 107 91 31 75 146 160 89 183 158 188 29 16 90 44 77 15 76 102 55 62 89 63 20 24 18 12 0 1 21 16 3 13 22 18 17 12 10 16 29 34 33 28 20 28 38 42 62 114 151 78 44 111 124 69 44 6 42 37 14 41 36 70 75 30 40 44 40 0 51 98 77 29 88 48 32 58 84 117 168 118 101 162 127 74 40 0 54
100 61 131 84 29 76 54 82 8 49 62 90 73 50 88 96 89 115 170 156 206 174 255 133 42 97 62 142 76 63 59 57 9 94 108 22 19 26 37 22 8 17 19 11 8 19 23 14 13 15 25 21 1 0 13 19 0 19 48 61 120 159 103 36 73 102 76 52 145 95 70 77 54 24 54 72 92 90 88 83 48 37 53 70 65 110 86 74 63 56 82 134 28 54 95 65 63 69 44 62
180 132 104 65 62 112 102 95 33 48 92 158 114 62 97 106 75 92 133 137 129 81 131 116 128 120 74 97 94 18 63 90 29 114 133 26 20 14 30 26 21 7 21 33 18 18 30 23 17 11 22 29 20 21 22 7 13 15 46 76 178 198 139 54 45 58 73 112 100 55 77 136 95 64 44 27 113 66 59 122 89 65 57 45 100 102 101 83 38 43 68 124 41 95 67 70 46 74 106 57
119 106 31 22 92 143 146 132 61 61 107 195 157 130 132 87 57 45 85 94 192 86 67 133 198 188 78 38 61 44 83 64 56 111 132 48 54 18 17 22 20 0 11 43 21 10 27 25 27 21 32 36 21 26 35 24 25 31 53 75 186 155 104 80 60 44 58 71 68 4 71 160 101 88 85 28 98 57 72 115 131 110 101 60 140 64 75 80 53 62 81 31 58 119 75 52 68 56 107 12
120 88 43 52 78 74 110 82 83 36 71 103 98 107 97 54 36 97 130 108 147 141 170 150 149 118 64 12 54 97 66 21 48 81 101 162 74 33 0 27 30 7 8 34 39 16 7 18 16 26 30 43 12 17 11 14 18 27 38 41 94 47 44 38 28 45 45 36 78 52 85 81 13 84 124 48 126 91 106 120 133 143 108 50 83 46 58 77 44 64 66 35 44 89 29 56 56 57 87 40
126 86 78 85 57 20 35 50 75 40 29 24 32 41 37 46 39 78 106 59 87 119 133 111 58 88 53 36 15 127 85 26 101 82 73 164 62 47 29 31 32 34 31 26 29 32 22 5 20 26 22 26 3 14 13 18 18 20 27 32 88 71 87 74 52 54 64 46 34 54 94 64 11 51 120 73 86 76 104 82 109 145 117 0 53 59 97 106 47 67 99 88 59 52 55 42 60 41 65 42
137 28 69 15 57 4 43 49 89 41 64 63 3 13 62 90 62 45 68 52 59 74 58 52 75 143 157 142 11 75 82 110 153 106 51 71 28 48 53 26 26 56 65 38 14 14 19 15 27 30 17 12 1 17 21 25 44 37 40 38 83 97 132 108 59 87 98 43 4 65 96 76 73 68 74 32 21 14 44 93 80 84 79 41 0 101 113 83 99 97 77 64 71 49 87 37 16 45 45 26
219 82 115 0 59 43 73 40 105 45 95 131 46 48 112 155 121 69 50 52 46 49 45 41 85 129 180 181 89 56 50 98 125 117 88 0 30 43 40 18 21 36 50 43 16 0 9 31 28 30 16 7 9 22 23 26 35 25 30 24 47 76 123 92 19 85 136 101 87 77 42 47 60 27 20 23 18 10 26 118 113 61 35 19 16 73 35 26 101 144 66 0 62 109 135 62 63 151 102 58
180 16 37 61 65 17 27 136 145 82 76 114 68 26 18 82 144 107 32 15 7 20 55 21 21 61 112 139 143 110 105 174 102 83 117 29 59 46 7 15 33 16 12 26 30 19 18 28 22 26 18 12 27 25 19 21 6 3 15 15 20 51 105 84 30 43 101 86 100 67 40 37 53 11 36 35 12 43 56 76 114 50 0 69 55 140 31 0 75 56 26 42 80 58 80 143 181 228 168 151
130 97 106 65 45 58 77 125 101 48 65 140 108 79 68 130 185 152 87 106 103 47 61 23 29 52 57 90 63 23 20 157 182 55 59 61 35 43 0 20 62 49 32 24 29 35 32 25 24 27 27 26 51 31 19 24 11 9 20 29 23 46 104 105 37 29 107 98 117 155 161 38 79 89 91 4 20 61 35 17 48 63 27 23 197 198 72 39 35 22 60 59 37 39 76 125 134 92 109 193
127 124 102 50 68 60 84 83 39 5 45 121 71 69 83 138 170 120 100 161 173 45 20 16 35 24 8 72 52 37 15 123 212 82 31 52 9 45 32 41 89 84 60 29 20 32 39 34 26 26 30 34 64 29 15 29 24 15 15 32 26 44 105 134 75 40 59 37 38 127 175 36 40 83 102 23 120 97 23 41 99 62 16 82 138 180 104 65 64 33 67 53 55 43 80 108 69 5 104 246
117 102 29 69 69 31 12 32 31 30 14 49 43 57 55 143 138 80 76 110 142 34 12 34 57 45 26 41 33 74 78 121 126 126 88 64 34 58 79 68 103 76 39 16 20 36 43 40 22 18 22 28 61 18 4 26 36 20 11 36 37 57 124 173 145 74 38 57 35 45 73 17 31 7 78 78 193 114 63 117 155 51 30 178 134 154 123 95 32 44 49 0 67 51 74 74 41 10 128 244
35 30 14 114 71 42 7 30 56 66 58 24 36 33 64 122 141 75 29 107 48 23 45 51 57 67 51 67 51 57 143 136 57 110 166 131 39 59 46 111 116 56 34 84 52 40 48 43 21 7 23 14 49 24 0 21 32 13 12 13 22 38 82 159 159 124 84 106 190 50 3 23 117 83 91 68 58 113 111 53 76 45 50 111 131 112 59 69 51 34 87 44 69 74 75 68 50 75 103 122
31 84 35 59 30 64 58 42 56 85 89 86 0 35 84 137 122 74 39 80 44 33 68 57 57 70 55 65 163 51 121 160 76 72 117 136 100 82 64 106 111 32 9 88 82 68 61 49 47 33 13 3 35 23 23 16 19 21 23 16 28 34 35 71 118 76 76 128 158 74 63 47 131 103 110 49 16 35 45 37 48 7 5 83 98 107 70 128 149 93 95 48 91 78 79 71 86 75 43 29
116 150 57 29 7 42 48 47 41 86 83 64 49 63 95 130 127 52 30 78 96 64 87 66 44 42 36 110 123 60 117 132 123 138 98 90 147 102 54 104 102 34 0 50 73 63 54 38 34 46 26 14 18 17 45 12 8 30 29 9 24 29 2 10 60 42 44 71 66 49 76 41 87 75 98 64 70 68 36 35 94 43 41 138 150 144 86 188 251 123 27 0 85 83 79 65 82 82 72 66
173 163 86 47 40 53 21 35 80 118 105 63 87 93 134 180 143 16 6 94 151 56 59 71 47 11 25 145 28 49 76 74 182 237 139 84 135 106 46 60 100 86 43 19 71 57 51 31 50 47 26 6 7 41 65 13 11 39 34 3 16 28 13 32 99 76 59 78 99 51 52 26 105 70 47 50 115 147 66 37 107 163 156 133 112 72 15 167 255 188 93 83 103 64 43 63 34 59 148 219
9 17 33 15 61 128 78 65 30 90 152 151 72 75 94 130 89 75 74 65 133 130 105 15 90 30 38 98 46 30 18 70 195 236 216 250 238 226 176 119 120 156 125 46 104 67 75 75 16 39 82 57 16 42 43 14 16 39 41 13 14 23 27 62 41 14 63 152 211 101 77 50 51 111 123 114 76 74 22 39 70 109 202 157 64 79 74 31 45 59 28 70 51 45 46 118 122 64 121 183
10 0 40 14 42 108 76 43 48 77 142 75 47 43 55 94 100 47 46 118 205 164 82 22 120 76 34 38 50 62 44 113 178 165 155 252 250 250 238 242 255 213 119 56 140 133 102 43 7 34 95 81 24 34 17 12 13 25 40 24 14 16 17 39 73 60 104 105 100 29 90 77 83 115 81 68 27 45 55 66 37 42 44 14 53 75 62 33 93 130 109 113 42 45 30 91 95 30 100 166
57 14 44 26 11 46 86 53 90 103 182 42 107 87 63 71 108 52 31 124 194 161 57 27 92 94 19 49 42 90 90 133 150 152 166 252 255 233 196 221 204 194 154 130 118 173 197 151 79 39 14 27 24 54 44 30 23 15 32 26 18 30 22 8 41 112 146 91 64 30 84 69 35 54 49 76 64 53 101 68 17 37 40 68 83 31 20 46 58 125 160 126 44 53 36 68 57 30 86 104
103 82 109 95 56 86 186 129 99 111 217 71 54 81 63 60 147 127 81 116 127 128 59 71 46 86 22 94 101 67 72 125 196 187 225 251 237 236 253 247 255 254 225 220 123 214 208 91 59 42 9 50 44 48 62 61 45 19 27 24 27 60 49 7 46 121 85 43 71 33 28 50 30 21 30 78 95 46 109 34 3 79 98 142 117 47 27 49 74 96 123 59 28 67 43 23 25 32 65 43
109 106 125 104 187 250 252 255 77 103 146 51 38 103 55 24 131 150 101 70 56 102 54 86 41 91 67 135 115 35 48 109 176 192 240 255 242 252 255 242 232 255 251 241 111 144 139 8 61 127 54 40 40 23 39 39 40 56 44 41 41 45 5 22 24 34 31 5 62 10 28 63 50 41 76 48 32 0 73 34 14 61 42 50 140 57 41 65 66 96 78 7 70 106 62 53 56 96 70 21
44 98 107 91 164 247 253 227 48 49 89 88 80 133 56 32 86 88 36 27 109 102 59 51 38 99 51 43 100 50 41 81 82 108 183 220 251 255 234 175 133 188 233 196 94 108 163 53 42 89 51 86 61 31 12 16 33 27 46 32 42 10 3 25 19 9 18 58 83 72 38 58 36 34 82 40 13 0 62 81 59 77 50 25 75 46 40 70 61 74 54 21 132 150 108 120 150 142 138 56
3 96 64 112 48 137 139 121 63 58 92 78 31 51 42 71 84 82 67 70 114 67 67 33 49 57 66 23 55 8 43 87 38 69 129 143 133 206 255 234 255 214 200 183 197 126 180 138 59 90 70 150 86 58 40 55 45 22 16 32 15 25 10 30 29 10 31 50 116 109 64 49 21 29 91 29 47 81 83 103 93 118 148 86 50 31 11 44 79 75 51 59 98 134 109 117 137 120 169 104
8 116 76 135 52 73 72 55 73 22 60 70 59 27 89 161 130 55 57 75 36 34 80 28 80 78 151 110 91 25 39 79 56 43 78 131 54 100 203 255 255 250 252 245 253 53 121 225 240 212 82 117 21 35 75 88 84 51 39 41 2 20 13 19 0 34 61 83 14 64 80 82 66 64 116 9 42 71 66 132 119 86 131 70 45 66 48 62 113 75 55 129 17 48 39 41 65 76 115 87
78 57 137 184 142 99 189 53 69 97 96 34 11 37 107 102 136 36 96 118 48 20 53 25 89 92 111 55 91 101 84 134 66 83 68 83 115 181 242 250 255 255 246 252 255 121 191 252 255 253 99 142 95 146 215 178 89 46 107 78 73 17 61 71 22 0 46 44 25 35 134 73 85 52 82 21 125 108 52 77 28 5 101 73 50 58 55 74 75 21 10 129 35 45 59 70 91 134 102 96
88 81 91 115 178 75 92 105 46 62 13 52 15 16 47 83 94 34 133 136 106 16 28 37 54 35 82 96 140 182 152 170 89 85 53 47 103 34 107 222 255 240 223 239 232 177 255 225 205 250 144 166 147 186 255 238 53 2 63 90 91 30 48 71 11 27 17 70 90 86 93 144 61 107 102 29 115 111 117 129 73 12 34 43 59 81 63 50 124 108 48 45 65 55 72 35 48 123 89 124
71 73 27 54 57 35 0 77 71 110 25 98 112 139 100 56 59 25 72 57 63 40 73 49 69 28 91 97 74 101 111 119 102 93 61 54 95 106 167 160 220 246 237 254 255 222 255 165 145 236 234 242 241 218 250 242 92 42 31 87 63 64 28 44 59 43 13 47 183 148 52 140 40 153 85 42 92 92 123 97 108 87 52 94 81 93 52 31 103 143 79 0 67 56 90 13 8 69 80 125
34 52 35 20 0 92 49 38 31 103 14 35 74 117 112 51 39 81 119 95 20 66 130 53 55 90 135 64 35 45 42 47 34 64 80 81 0 126 229 121 128 255 253 214 242 214 248 164 175 231 252 233 255 217 207 225 71 34 6 7 1 36 26 27 85 30 37 85 122 147 24 105 7 128 15 25 15 0 78 127 215 182 45 84 54 88 36 6 29 81 67 24 70 29 76 12 34 37 51 48
93 117 60 11 5 147 126 5 31 35 78 85 28 72 112 55 62 119 128 92 43 72 147 109 120 123 122 53 61 63 76 26 35 41 42 18 47 63 151 153 171 205 240 252 222 173 255 210 252 230 255 186 255 234 254 189 72 11 58 53 25 24 2 0 35 31 39 130 63 80 42 59 26 75 24 30 107 46 26 6 64 103 69 208 79 35 13 4 1 20 59 62 92 34 77 26 95 77 50 42
178 162 56 7 1 57 124 67 144 71 143 153 66 115 126 89 30 88 35 56 78 49 126 159 179 115 112 65 20 51 91 64 69 63 55 35 60 6 16 33 83 99 111 211 253 196 221 255 242 255 241 192 242 214 246 126 96 47 101 44 16 25 54 60 76 24 36 102 97 115 57 14 30 71 103 165 52 64 129 137 120 90 81 154 126 31 16 65 70 52 79 93 88 29 93 27 93 92 88 38
195 155 84 31 121 86 80 182 154 83 134 105 77 48 76 114 53 80 23 116 114 40 110 117 151 75 118 114 15 47 96 60 88 78 100 73 71 44 65 89 122 224 240 255 255 252 227 239 233 250 234 255 245 111 97 79 42 46 88 31 77 29 55 104 84 71 47 52 107 155 63 43 34 43 98 197 100 58 92 150 100 47 130 209 150 74 51 97 67 60 97 120 79 35 126 39 122 34 68 64
170 116 93 101 255 166 20 111 69 102 119 111 125 74 98 102 22 42 8 125 78 45 97 71 99 90 168 177 82 93 139 58 67 34 81 38 3 53 114 94 91 132 154 180 204 255 255 255 240 235 255 213 245 159 118 159 46 76 83 140 164 77 38 51 23 57 133 121 3 93 97 106 96 50 0 75 92 58 11 84 74 26 154 145 106 44 75 72 0 42 86 107 62 57 172 98 124 23 23 50
124 115 90 105 165 78 25 40 83 108 85 78 59 80 104 56 41 75 51 136 70 61 39 31 71 122 161 135 114 127 180 71 84 27 54 39 25 64 86 51 43 32 80 152 245 255 238 245 213 129 76 252 255 241 5 118 49 107 255 225 200 0 94 11 43 32 107 146 54 83 56 90 173 193 120 146 35 54 22 97 45 78 79 97 40 81 64 93 36 79 77 78 33 17 100 67 98 114 22 9
145 186 164 93 89 71 73 104 54 35 83 43 79 10 32 58 98 72 68 125 51 57 34 42 91 144 125 77 137 167 207 125 65 30 21 41 66 33 12 51 80 62 55 78 236 250 243 255 255 252 211 235 210 175 82 143 75 193 239 251 229 177 181 87 33 120 140 94 157 196 136 156 228 209 140 165 103 88 36 23 55 80 90 87 51 57 86 106 58 62 49 96 85 49 76 85 118 141 30 47
161 162 131 75 147 133 47 39 38 32 102 42 123 7 109 235 224 132 107 107 59 41 48 59 74 90 60 23 101 127 116 111 62 73 34 37 57 12 3 69 120 55 20 73 254 251 231 225 236 255 197 129 76 144 147 76 20 178 157 186 253 255 143 175 76 39 30 56 116 118 100 137 197 143 81 112 148 85 77 62 149 145 140 138 49 62 95 140 97 67 72 153 142 91 65 81 127 89 33 90
162 109 51 92 180 118 96 31 0 69 102 93 80 53 188 248 154 122 94 73 133 57 21 41 76 53 36 14 60 68 13 81 71 107 61 33 41 51 69 74 78 36 40 91 208 240 255 231 244 246 255 201 124 216 251 145 22 136 115 187 249 233 36 168 197 255 204 138 78 77 62 115 147 108 45 96 91 66 87 62 109 107 111 56 70 37 46 108 86 45 68 147 118 80 45 56 77 74 52 60
83 150 140 115 34 48 203 90 4 55 20 117 72 20 135 172 91 99 118 150 130 59 26 42 61 90 104 129 143 131 25 93 86 89 86 26 45 99 93 58 52 64 79 146 160 230 245 254 250 241 255 240 245 213 153 222 145 79 115 189 182 242 123 77 188 250 253 72 81 93 76 76 80 34 71 117 117 114 72 61 19 67 77 90 62 37 20 51 54 24 49 111 0 49 35 14 21 47 76 74
74 128 161 196 34 0 160 111 44 111 30 96 117 8 100 213 210 171 132 160 150 81 26 29 49 89 111 150 181 198 79 102 73 42 106 89 83 99 71 34 61 103 130 129 105 164 207 211 237 250 201 202 255 140 18 180 185 147 198 86 252 215 194 172 231 255 212 45 20 32 57 87 69 19 51 49 56 94 69 122 42 76 106 158 115 89 82 38 28 8 54 71 15 122 91 36 56 51 61 57
68 54 118 166 102 92 82 90 108 93 112 52 99 2 42 158 223 182 93 93 105 104 76 67 44 64 67 92 98 140 68 105 91 11 108 74 116 96 55 18 65 83 62 78 75 105 101 129 233 255 252 255 213 94 65 177 224 255 250 45 223 9 21 123 255 225 139 52 35 56 95 119 86 108 63 22 26 34 50 75 84 100 118 135 85 141 185 59 56 25 75 57 67 161 120 94 54 37 58 67
19 90 80 20 109 130 21 145 119 47 143 64 34 23 32 43 126 170 122 96 75 95 92 73 74 62 62 88 59 79 34 77 138 19 89 0 121 104 88 68 58 41 12 71 73 139 89 37 154 239 232 251 205 73 89 255 249 233 255 33 241 104 186 249 180 154 127 149 133 108 93 75 24 60 61 10 105 40 59 50 107 99 132 124 82 175 218 82 7 33 83 42 95 122 74 97 92 42 56 79
0 96 107 46 52 53 63 72 70 55 71 111 55 60 60 28 49 96 75 62 18 23 83 114 104 56 47 59 23 45 30 47 161 56 128 64 130 81 52 23 30 52 101 83 0 100 211 201 101 254 236 255 245 97 13 82 253 255 186 168 158 96 255 225 235 106 32 60 94 99 65 19 61 47 14 43 70 140 8 91 89 26 74 59 27 88 98 45 67 113 96 78 238 249 126 76 161 66 43 68
56 131 106 15 33 32 40 47 49 57 47 79 141 76 41 89 90 60 50 100 71 5 38 48 143 86 78 46 4 50 101 101 136 39 53 54 43 49 109 149 87 50 95 115 123 80 140 185 128 210 202 249 247 255 255 216 196 160 255 246 254 160 79 68 116 28 66 69 91 80 49 38 73 58 52 27 137 215 129 122 108 40 85 25 0 51 54 49 42 118 98 75 173 147 54 69 121 56 46 64
68 99 134 71 41 50 21 27 54 51 77 35 124 61 17 76 66 10 10 66 63 11 70 43 119 67 101 68 23 41 107 81 105 77 31 55 87 75 131 179 88 15 33 111 156 72 92 184 149 158 143 245 251 242 254 255 112 200 255 236 229 226 72 157 171 39 92 14 60 64 17 7 30 90 86 86 192 250 171 38 68 55 129 63 29 86 90 53 71 98 79 44 61 64 13 80 40 49 74 73
67 116 110 96 48 45 47 36 43 79 68 59 19 40 39 0 0 21 78 86 51 18 106 43 120 36 83 73 44 26 76 24 95 153 72 76 232 155 141 146 109 65 92 137 50 89 124 96 72 79 109 242 239 237 247 243 112 170 195 252 255 226 89 124 130 27 183 143 253 242 105 28 36 45 64 68 155 207 113 6 27 28 121 96 63 101 126 83 70 80 79 15 0 73 43 92 39 77 100 70
62 98 102 53 51 49 66 46 53 66 62 41 6 36 42 48 26 72 142 217 108 79 33 29 59 74 37 17 66 37 74 43 99 185 107 105 150 97 71 79 65 63 105 115 15 51 90 18 12 59 72 131 245 255 217 255 209 238 180 193 172 114 61 56 29 35 90 192 255 240 140 18 25 38 48 57 68 120 61 68 43 49 37 43 45 71 101 70 69 88 64 37 43 68 70 41 64 38 135 108
67 90 120 89 56 46 50 68 60 50 64 65 76 60 65 77 76 54 81 187 117 84 58 14 16 52 96 93 13 105 122 71 77 130 73 61 4 7 55 64 34 13 31 46 68 4 51 15 66 62 85 117 128 238 217 214 255 244 143 78 89 44 66 89 74 127 49 67 64 66 49 38 50 70 45 87 22 44 0 93 69 80 43 81 17 48 51 60 45 62 43 13 67 70 36 15 51 33 123 134
104 143 203 181 107 44 7 43 48 19 47 81 148 83 63 59 22 8 20 94 57 65 91 18 38 55 149 148 6 148 123 97 28 47 43 45 71 31 106 145 73 30 39 69 124 5 60 38 74 125 123 113 17 112 248 254 177 107 90 72 145 61 82 103 81 153 32 85 59 80 95 119 119 59 18 64 40 39 21 53 89 85 40 84 24 58 45 52 48 61 28 6 71 82 18 38 109 59 77 102
154 199 202 162 130 51 13 30 64 40 49 92 175 115 75 51 63 69 70 65 33 43 65 14 58 48 112 79 49 176 111 82 23 62 88 73 107 23 68 126 92 1 36 100 73 30 95 31 52 125 195 149 129 69 241 253 196 51 69 30 93 47 72 88 73 100 13 80 18 43 101 155 159 71 40 63 31 42 70 41 110 73 43 28 19 39 64 59 56 76 57 42 48 79 36 107 135 81 45 57
240 255 129 45 84 36 47 38 52 63 40 64 112 101 73 50 47 46 53 34 50 49 27 40 51 45 60 5 60 160 90 13 63 69 23 12 27 78 76 65 81 82 51 68 136 132 111 172 185 101 40 85 43 101 77 152 205 59 98 3 4 50 81 73 44 48 24 66 49 47 32 47 72 37 12 101 70 91 82 97 107 50 47 14 40 53 133 162 95 91 105 65 28 42 43 97 66 74 67 72
215 242 87 6 29 0 37 21 42 91 61 75 77 99 90 68 64 93 98 41 57 58 4 38 45 33 59 47 55 82 70 31 22 77 79 49 76 89 43 26 81 75 86 72 106 122 147 229 255 78 0 61 62 90 69 63 77 0 81 46 11 42 45 36 70 73 44 3 85 107 52 61 93 40 0 54 92 54 3 74 64 8 31 53 94 110 157 185 117 63 88 37 44 53 84 65 33 72 96 93
70 116 46 55 19 0 36 27 35 71 30 44 34 65 70 42 54 114 109 36 23 42 22 55 52 6 47 69 74 34 88 126 54 66 75 0 88 85 86 92 60 62 83 64 54 82 135 173 147 75 7 87 48 61 141 105 102 39 68 86 62 28 39 65 33 79 93 6 70 72 39 64 56 40 74 115 173 114 47 73 91 63 108 135 170 168 140 103 54 48 88 77 85 105 130 84 44 69 96 69
23 40 24 113 44 51 73 62 77 63 0 1 5 41 64 32 63 91 62 31 7 21 44 91 95 17 26 6 88 35 96 137 51 58 105 17 9 69 129 110 56 39 48 71 25 104 156 88 60 69 69 50 4 18 120 110 75 54 23 62 86 31 53 69 41 71 126 69 95 70 42 26 47 21 39 60 64 148 109 70 64 81 155 128 152 138 95 8 3 112 181 203 110 105 92 74 23 47 87 40
98 86 51 77 161 103 135 80 94 84 39 40 49 36 42 44 62 71 39 40 10 31 36 97 88 11 36 5 19 57 85 44 24 89 60 35 57 3 21 56 37 97 138 114 16 130 176 107 49 71 64 16 14 14 82 39 31 70 36 108 87 37 99 116 32 28 60 69 98 63 21 44 61 80 34 1 46 153 141 105 58 62 168 170 39 55 43 39 87 133 194 216 79 43 49 67 28 33 27 16
57 76 6 61 111 87 112 135 145 128 46 14 84 27 10 46 66 47 36 54 47 74 35 70 46 37 60 41 40 113 67 0 19 56 55 82 20 41 84 78 83 116 156 136 104 90 107 102 35 11 42 41 52 44 69 76 59 135 85 127 149 127 166 188 95 28 45 53 7 52 162 168 108 58 49 45 115 136 110 143 67 34 130 191 61 57 27 39 94 116 77 94 85 21 31 85 81 42 34 34
0 27 16 69 36 26 88 103 121 128 52 10 50 10 2 58 88 70 71 68 56 93 44 55 64 72 99 61 82 106 74 22 24 20 38 67 44 36 124 165 70 102 132 91 94 59 67 62 14 29 105 69 46 68 66 99 58 135 77 77 112 154 181 157 110 103 74 52 33 119 236 228 99 19 61 48 111 91 58 71 63 2 55 134 99 88 37 59 81 70 16 71 61 33 82 101 67 30 52 58
80 143 92 48 106 47 37 14 50 77 54 54 15 50 43 45 88 143 138 76 38 96 83 47 60 120 131 69 32 13 56 89 64 31 38 64 83 27 44 48 39 93 127 67 14 19 58 55 69 125 187 100 38 73 61 80 67 109 82 63 55 110 105 11 36 110 86 31 15 51 107 146 71 52 83 66 156 123 70 70 58 42 67 86 107 85 48 96 170 142 69 116 44 77 107 84 29 32 76 49
81 111 97 41 117 84 125 79 9 35 57 100 86 134 77 5 106 87 74 159 134 39 48 101 92 147 64 51 4 54 56 50 60 86 103 118 53 68 96 105 41 57 75 50 52 47 66 63 36 66 90 58 44 69 67 76 65 62 33 16 13 75 98 88 55 35 50 57 67 79 50 21 60 84 46 50 147 76 6 37 62 47 57 102 120 140 93 104 58 83 23 79 119 141 60 50 71 83 104 57
75 55 116 103 56 52 167 113 40 86 122 144 223 215 124 66 38 41 25 148 168 55 57 85 88 106 78 54 26 58 81 82 67 83 80 89 96 82 41 21 60 71 73 44 138 93 65 49 61 82 75 51 59 58 57 41 32 50 39 42 66 66 45 133 183 99 61 2 27 76 86 65 20 28 8 46 88 79 83 74 71 98 147 195 41 39 20 56 67 52 0 19 134 107 42 77 95 97 95 99
42 67 82 62 73 46 79 57 53 126 124 78 182 176 112 120 24 62 32 92 123 56 73 104 97 38 124 47 80 85 113 103 85 72 56 33 88 44 30 58 96 137 144 80 116 61 43 41 31 79 88 28 38 45 56 33 34 53 38 25 73 98 68 177 255 175 74 10 113 113 77 44 41 42 51 40 29 69 104 56 68 91 114 136 15 15 8 43 56 15 21 96 168 98 87 91 88 97 78 139
54 108 129 72 105 63 79 44 100 172 109 12 81 142 113 152 47 153 106 23 30 62 115 134 87 55 221 96 91 140 135 117 95 68 63 78 66 105 110 102 128 109 88 73 54 47 38 29 34 71 93 18 34 37 49 42 61 64 49 5 39 112 77 115 162 95 40 70 189 85 50 57 51 95 77 3 33 39 21 39 67 87 59 15 34 38 43 81 64 43 65 203 241 172 171 142 138 158 114 176
0 10 19 17 43 49 83 49 70 118 61 56 68 153 195 207 43 130 127 61 31 200 198 189 61 135 215 147 96 94 106 104 58 65 97 149 60 97 76 94 126 89 43 53 44 36 97 73 69 66 97 35 38 49 27 60 72 93 45 12 6 135 106 67 61 48 65 82 80 68 97 84 33 29 45 41 77 27 35 67 97 65 59 42 62 54 45 56 74 33 83 194 171 116 158 73 53 113 58 88
43 56 48 69 62 70 63 26 77 88 26 20 57 122 219 255 79 60 45 86 118 252 245 172 18 113 167 107 45 65 72 56 44 54 112 161 122 96 59 33 96 91 26 43 66 75 100 111 79 59 62 37 65 73 49 34 54 82 81 63 42 144 139 102 72 77 148 88 29 46 86 71 0 5 81 122 109 86 105 105 85 60 56 74 93 50 31 10 73 50 74 84 28 51 85 29 28 40 25 19
31 64 58 46 104 71 59 60 112 120 30 71 36 72 130 176 65 25 36 97 122 222 238 112 67 80 57 53 14 13 11 17 25 44 82 143 207 173 75 31 92 45 0 11 131 80 76 71 51 23 19 30 78 90 79 35 37 53 102 127 75 132 154 142 67 86 163 76 82 84 48 48 80 69 95 120 100 107 106 77 47 44 39 61 88 64 51 0 75 46 50 43 42 83 55 78 96 67 106 69
76 77 64 78 0 11 12 20 44 52 0 98 74 69 44 10 35 60 108 75 63 159 193 58 129 79 9 33 37 19 25 41 39 23 34 48 90 132 61 55 77 63 34 140 158 78 71 89 45 16 35 42 76 99 103 76 36 45 110 155 31 48 110 158 42 37 119 43 50 51 73 113 182 116 33 8 60 84 44 0 19 72 95 49 50 83 96 30 43 4 34 23 12 30 49 139 118 81 138 110
95 108 128 66 45 3 52 103 105 106 100 91 64 14 78 55 116 27 67 94 109 83 93 120 150 139 72 23 27 15 21 0 45 24 116 65 34 70 14 0 121 0 172 136 122 94 0 39 50 18 54 21 27 58 55 57 92 38 18 76 0 44 51 29 67 172 176 46 87 47 63 157 101 97 89 34 38 35 69 74 22 118 189 79 32 78 90 69 54 12 60 42 45 42 56 40 62 26 44 53
107 102 128 99 4 5 51 86 78 62 70 71 81 91 137 80 108 57 61 20 72 86 74 94 85 105 69 1 26 45 62 34 65 53 135 32 116 126 65 63 42 49 192 181 48 70 30 75 83 57 89 27 24 56 40 51 87 81 57 87 30 87 70 2 79 235 255 113 78 40 69 67 45 12 58 46 43 50 110 76 19 92 168 71 38 59 29 28 45 69 76 10 46 0 22 69 67 27 0 37
67 85 107 25 62 14 34 78 42 37 43 53 18 97 132 105 103 115 90 0 32 61 62 60 95 113 101 58 61 69 72 97 134 120 145 35 148 114 61 56 72 121 154 95 39 43 18 2 55 62 82 21 25 48 40 41 58 63 39 45 58 105 89 0 27 192 212 91 57 44 103 142 84 30 57 63 50 61 108 77 10 48 80 24 45 52 7 6 33 54 53 32 113 44 2 71 81 45 23 67
28 46 49 0 57 31 19 54 36 18 52 27 1 65 107 77 130 184 140 30 32 54 78 54 77 135 162 132 84 75 63 130 166 119 149 73 60 74 182 203 27 124 54 31 29 57 13 11 25 70 79 30 38 47 55 48 72 65 35 9 53 76 108 63 19 44 58 30 21 50 126 153 126 73 40 48 58 69 72 68 15 56 53 6 46 54 41 53 33 0 61 69 62 32 15 38 41 20 35 72
31 33 49 9 48 14 28 59 39 52 64 47 96 72 48 85 149 212 105 21 64 89 77 42 53 103 82 47 110 100 50 100 133 206 195 94 97 106 241 255 50 47 36 87 34 36 56 79 89 96 54 39 1 13 5 49 44 53 45 38 45 65 125 89 51 28 21 4 32 38 50 78 75 55 60 96 72 41 73 71 47 50 49 57 21 64 66 88 54 0 41 68 0 42 78 67 59 65 55 50
64 69 61 55 23 27 50 74 65 84 100 92 122 92 51 93 129 198 110 42 92 76 58 61 52 61 29 0 81 180 110 88 113 255 255 99 137 59 137 120 48 81 92 161 85 76 119 125 65 48 13 65 80 19 19 48 43 47 27 72 55 70 61 57 66 130 109 1 42 43 33 52 76 89 84 132 42 41 35 61 77 66 47 48 59 62 44 82 86 31 33 15 26 70 101 88 66 86 96 93
70 82 68 102 57 68 91 96 46 57 86 108 112 92 33 63 79 131 61 18 99 86 83 108 105 62 35 37 61 161 100 99 94 228 224 108 27 16 90 74 89 90 112 158 105 102 156 61 50 70 35 92 159 79 115 146 87 32 49 73 74 49 38 34 57 150 120 8 45 77 67 92 141 97 68 133 51 49 23 86 105 62 25 38 88 49 34 124 139 71 41 4 67 60 44 8 2 36 79 96
43 25 57 145 114 106 145 99 24 27 81 112 66 76 44 76 33 68 43 21 83 83 112 139 87 55 37 61 34 68 63 126 77 97 92 46 31 39 60 59 217 205 133 0 0 72 178 113 59 156 136 143 185 96 139 249 185 88 102 102 126 51 30 76 108 97 41 10 26 56 30 50 82 32 54 101 92 81 74 125 166 103 32 34 90 87 64 122 144 53 57 47 43 21 57 38 37 43 72 89
31 65 40 110 127 56 16 39 54 52 116 120 19 47 37 66 39 48 78 82 63 40 87 116 56 83 38 44 37 58 104 157 78 6 38 130 22 79 65 138 212 119 63 80 191 116 26 65 120 165 107 146 255 202 113 208 237 80 112 139 41 28 43 48 58 37 44 57 69 34 49 135 118 47 21 2 71 118 98 54 74 104 90 52 4 43 57 98 113 109 48 65 149 106 32 53 75 60 81 112
37 2 31 148 55 52 75 70 19 27 89 99 55 112 65 57 78 31 58 93 42 22 57 72 0 61 9 38 64 88 152 196 159 66 70 83 110 48 0 128 152 46 70 181 219 171 53 96 86 127 84 114 217 229 76 137 205 204 170 59 73 96 90 119 83 28 16 18 142 78 37 55 17 43 72 79 90 102 75 51 75 77 81 93 41 69 46 42 96 101 84 99 67 88 109 120 92 69 69 91
33 0 22 95 8 17 40 54 59 85 100 76 107 160 37 2 88 23 13 56 33 66 65 41 12 71 39 97 69 50 48 76 52 38 64 113 52 26 8 125 150 8 65 216 255 251 151 98 69 83 55 63 120 171 29 26 148 198 189 32 95 123 148 140 100 72 55 32 124 106 60 32 68 73 66 96 87 66 51 62 74 56 78 113 74 53 13 11 20 29 30 72 49 99 142 139 112 81 30 0
65 58 57 49 41 8 0 31 54 116 98 32 108 165 34 34 67 46 25 49 42 116 82 22 13 84 97 187 130 119 50 39 31 63 65 102 18 24 38 98 92 31 46 79 211 228 163 71 47 43 65 91 77 94 17 32 91 90 115 90 84 85 98 94 96 95 86 62 30 85 73 39 93 79 39 45 65 53 72 74 41 46 74 84 100 105 70 38 56 37 7 36 18 44 89 100 125 126 84 36
87 64 81 34 31 43 47 45 13 43 81 48 96 86 50 67 59 73 132 57 65 137 101 46 20 89 59 104 98 71 57 96 111 88 49 38 42 51 16 28 26 0 44 23 54 102 105 22 32 47 115 163 98 95 58 52 64 4 35 116 130 71 38 27 59 105 60 39 31 90 41 0 26 58 27 9 40 45 89 79 23 29 79 56 39 59 37 44 51 54 29 34 63 83 94 85 116 110 80 38
75 13 52 52 33 22 34 43 43 72 115 80 28 38 29 68 63 99 160 89 58 76 78 91 54 105 50 68 64 71 108 187 228 215 186 158 104 61 29 76 52 17 51 12 19 52 69 4 71 70 129 168 87 80 47 27 32 71 51 89 154 88 0 45 82 106 92 71 74 72 40 19 43 48 5 0 34 35 77 76 24 28 72 40 14 25 0 0 41 38 19 46 97 126 141 135 70 70 60 44
72 0 62 84 17 5 50 63 57 55 94 104 18 67 32 34 73 92 123 96 85 57 63 104 78 123 60 42 11 2 40 127 180 155 136 139 107 69 52 121 91 59 90 47 34 50 84 41 80 50 87 122 42 71 85 71 47 65 58 117 126 78 11 51 80 66 82 84 123 64 43 40 26 59 67 72 70 21 56 91 26 35 85 60 39 57 30 32 19 40 45 62 66 56 74 94 89 85 82 84
127 61 154 152 25 42 132 138 53 15 42 92 56 134 52 7 84 76 70 91 128 76 58 83 35 99 76 71 49 33 59 140 154 102 62 74 65 40 18 78 63 41 80 49 27 27 69 36 78 28 52 93 25 94 157 151 88 9 40 165 84 48 38 60 69 21 39 76 148 74 44 40 9 78 146 167 119 13 37 105 86 90 128 84 45 45 4 0 51 60 63 93 100 67 55 57 72 53 42 46
