21 29 66 40 27 24 36 45 33 29 32 56 66 52 61 67 76 76 82 68 19 57 32 32 67 114 107 62 52 55 32 7 27 28 32 19 11 15 15 24 37 64 84 47 16 38 117 117 74 72 81 77 126 115 127 87 78 122 100 56 47 119 118 77 9 34 71 72 55 45 35 46 34 73 102 98 39 3 65 29 13 49 55 46 85 67 0 10 32 44 48 6 74 82 87 70 70 100 95 46
44 61 66 38 28 37 32 15 22 23 16 16 30 69 81 85 104 89 72 61 40 88 37 11 47 97 102 61 35 28 26 30 37 35 19 4 27 58 49 29 21 22 58 75 53 22 71 93 58 42 44 67 116 103 65 35 23 81 69 23 30 111 135 61 37 36 83 85 43 46 27 11 26 57 92 78 84 9 59 45 25 50 41 11 37 49 25 53 66 42 41 26 95 96 90 75 103 152 152 89
28 49 44 37 46 51 52 40 18 47 61 36 0 46 64 109 111 80 37 29 50 124 62 16 27 68 85 64 32 6 3 18 43 46 29 21 43 60 47 27 10 10 43 77 81 41 52 46 48 83 70 38 37 51 40 51 63 60 61 67 51 50 75 46 45 27 90 65 55 45 34 23 89 108 97 59 89 23 55 75 63 65 55 33 40 54 78 136 71 48 67 56 70 46 41 51 112 181 198 140
34 43 52 58 77 36 47 52 27 22 34 48 37 83 44 67 79 84 63 39 32 97 51 27 23 31 41 47 39 21 18 30 38 45 39 40 32 19 36 58 65 59 68 94 118 73 43 6 54 92 52 29 59 57 41 17 31 11 26 40 22 48 42 5 49 22 90 34 70 34 57 93 121 143 117 96 89 53 38 62 76 46 40 53 45 28 59 128 21 31 76 57 27 15 20 45 84 145 171 142
32 30 72 73 107 46 50 38 20 11 27 57 57 88 11 0 41 105 136 90 11 43 27 42 54 25 9 12 11 6 15 28 57 40 13 20 23 32 67 71 37 56 87 126 142 67 36 30 45 45 0 24 96 41 50 28 45 12 29 35 26 105 72 38 72 0 41 25 42 40 95 142 146 128 124 125 89 53 36 67 59 13 0 24 34 21 39 71 36 37 58 41 46 98 81 71 65 84 90 87
9 3 68 60 100 78 64 19 0 49 93 88 43 49 9 13 32 85 127 91 11 61 74 96 77 48 35 32 20 15 28 37 35 61 66 49 2 20 91 84 18 47 66 110 180 135 60 0 12 28 0 3 53 11 81 98 52 41 62 33 0 44 43 54 53 59 179 253 151 132 183 222 184 113 143 141 108 39 41 84 137 97 36 18 23 23 19 0 58 97 115 48 0 29 21 53 62 37 12 23
36 8 64 50 49 72 45 12 3 43 74 76 55 56 51 55 43 49 76 68 21 104 121 117 69 60 70 78 69 73 86 84 67 46 29 38 31 83 138 64 22 119 159 148 161 104 51 14 5 21 21 5 40 50 78 74 83 146 180 108 61 76 149 163 139 100 102 154 122 119 143 139 121 76 135 145 121 57 26 59 122 125 70 30 30 44 61 48 73 71 58 34 33 102 59 84 118 74 35 50
65 12 56 53 8 58 37 51 19 23 31 52 52 32 43 55 54 46 78 81 26 99 101 75 76 64 69 70 60 70 80 68 38 16 19 40 12 71 184 155 70 118 126 132 164 95 34 12 30 11 30 23 30 52 31 50 106 133 165 158 153 68 185 237 202 183 101 47 82 18 35 51 22 27 69 85 64 72 22 61 122 157 120 69 33 19 52 73 73 61 45 39 35 79 17 63 97 55 18 33
61 0 44 61 9 45 33 43 36 16 25 28 34 30 18 53 61 39 83 100 64 4 22 37 67 67 93 74 42 1 27 50 42 14 13 9 0 40 176 209 106 41 47 95 124 64 26 4 18 35 18 13 18 48 0 57 91 78 85 139 159 59 125 167 199 183 93 23 39 35 21 45 26 29 44 56 2 57 10 16 69 106 64 27 0 12 38 68 59 19 53 44 64 79 98 108 79 35 52 70
50 9 41 96 27 3 0 16 40 60 65 55 36 59 40 59 44 17 35 64 29 0 7 22 39 69 92 72 16 4 34 64 60 42 35 21 19 66 137 131 67 62 75 70 49 18 12 6 8 23 14 13 14 46 1 44 92 67 69 111 112 77 30 130 165 81 41 76 52 48 38 37 48 49 69 60 16 36 19 20 51 78 48 31 14 38 53 56 47 15 32 37 49 103 129 155 100 44 44 57
18 33 34 112 51 8 21 33 61 63 36 47 53 95 45 27 33 25 24 46 21 38 35 29 23 53 60 59 29 61 74 78 38 28 24 16 16 58 68 63 41 68 84 67 20 9 8 6 10 18 16 14 5 35 0 17 87 116 111 84 46 48 7 156 208 71 5 70 40 53 41 34 21 20 68 84 68 38 50 57 78 85 62 63 63 95 106 83 43 26 37 44 11 43 23 34 63 10 2 7
0 56 34 81 38 30 51 55 54 41 26 53 68 75 46 49 38 24 27 51 37 37 33 36 28 43 49 59 60 92 90 70 28 19 22 27 16 37 26 64 50 45 39 54 28 28 14 12 16 17 20 20 5 33 11 10 52 134 119 45 20 7 55 126 164 99 15 28 39 63 46 64 67 48 84 118 92 21 32 47 80 67 43 43 46 76 98 70 35 18 33 39 0 18 0 17 40 23 43 53
27 92 70 69 26 30 45 65 75 34 19 50 118 113 100 84 61 24 37 63 56 4 13 49 65 79 107 96 80 61 64 52 30 28 31 30 13 24 9 56 53 22 0 18 10 21 14 17 14 12 19 23 12 36 32 27 30 87 88 57 66 41 84 38 40 72 49 29 52 53 31 46 55 28 20 47 31 38 86 124 141 113 83 68 55 56 77 58 30 14 48 55 30 39 34 55 7 17 58 74
49 84 78 70 36 13 23 69 125 133 129 85 85 41 56 46 42 44 63 45 45 21 43 57 78 82 111 90 66 21 24 17 19 27 25 15 14 27 16 23 30 24 17 15 0 9 14 13 13 10 14 18 10 18 23 23 28 48 103 121 84 64 62 32 15 29 36 28 37 39 29 9 1 20 31 53 36 91 99 94 100 83 76 86 96 86 115 118 26 15 46 39 17 32 21 25 47 44 56 51
40 37 27 42 47 0 10 37 87 109 93 52 59 46 58 28 5 53 67 33 32 57 68 55 45 36 40 39 31 21 18 6 21 22 17 18 33 33 38 20 21 26 38 26 16 12 21 11 17 16 15 18 12 0 5 14 23 39 112 128 48 26 25 51 43 21 5 11 8 43 48 27 45 49 49 35 18 103 112 112 91 73 69 88 108 69 79 91 91 84 75 52 28 104 98 91 64 52 42 21
63 34 0 28 69 17 23 4 30 65 49 32 32 35 50 34 24 57 62 73 63 75 64 72 33 28 17 33 31 63 64 58 26 8 2 21 37 8 33 21 38 15 19 12 24 14 27 19 19 22 20 26 24 0 6 23 40 51 86 91 45 15 26 30 50 62 30 24 0 31 26 34 45 32 53 37 17 66 50 51 28 10 9 42 81 35 39 59 102 112 82 52 7 105 61 20 7 15 25 14
81 71 36 33 57 32 0 15 20 11 23 23 34 24 55 56 30 46 53 53 100 66 80 92 67 40 30 31 51 82 83 69 50 38 18 2 0 4 14 20 24 23 24 25 26 24 24 26 26 18 24 17 17 22 12 16 29 34 45 55 10 26 30 20 22 25 29 35 40 40 30 20 9 19 20 26 41 19 52 48 37 27 39 49 70 0 29 45 71 79 66 44 42 47 34 14 25 32 34 28
102 62 43 35 11 3 15 17 3 4 28 38 53 41 47 27 19 29 27 29 62 32 61 98 70 4 0 56 87 70 50 55 46 45 37 21 8 4 6 8 21 23 27 31 30 26 21 19 22 14 22 17 18 23 11 13 5 9 26 44 7 15 17 9 12 15 19 24 29 33 34 33 25 9 15 34 24 10 21 64 28 20 26 33 46 19 71 96 51 69 98 87 47 40 47 32 27 30 33 32
54 34 44 49 23 20 40 43 25 23 46 63 88 84 58 11 5 58 50 6 11 10 43 64 19 14 40 90 118 107 63 15 16 25 28 18 6 3 7 11 20 22 24 25 23 21 17 14 17 9 16 13 16 21 6 5 4 1 16 36 10 11 16 18 32 32 29 24 18 18 24 31 43 31 22 9 3 52 31 42 0 7 20 24 12 31 101 134 108 100 120 103 39 21 32 11 12 18 35 56
31 47 46 46 51 33 21 37 37 45 71 71 75 80 56 22 30 82 60 11 25 36 41 21 15 26 66 125 133 99 69 41 2 11 14 6 2 10 20 25 22 21 16 9 7 10 13 13 20 10 16 13 17 24 10 10 29 13 17 30 14 9 22 36 50 48 42 30 16 9 16 27 18 24 10 0 4 73 66 45 34 59 79 74 24 55 107 127 106 94 96 85 53 50 70 75 64 58 67 90
49 43 23 16 28 32 30 39 27 57 96 74 38 45 42 46 42 40 14 19 88 87 74 49 40 57 53 49 35 30 35 5 23 26 21 10 11 21 26 23 18 18 13 4 3 8 12 10 21 11 17 14 21 32 24 28 41 20 18 21 14 2 15 32 31 32 34 32 24 19 28 41 34 20 9 17 28 8 35 45 64 81 91 78 19 44 53 45 65 70 49 28 26 26 46 88 68 38 15 15
56 6 1 9 3 44 79 54 22 44 80 60 20 33 19 29 77 80 57 22 74 50 45 17 42 14 53 179 190 88 56 64 27 28 21 12 15 25 21 8 11 17 18 13 12 16 15 8 11 4 12 10 17 31 28 37 34 20 21 20 23 2 8 18 16 18 26 37 39 37 43 54 71 43 25 44 57 0 22 24 39 42 46 40 10 38 24 9 28 59 62 77 106 70 7 0 61 37 17 14
59 13 16 26 14 51 79 42 24 35 67 53 12 24 0 4 26 73 79 0 41 25 61 38 52 33 32 105 110 48 32 12 18 20 14 6 13 26 23 8 10 18 21 16 17 23 21 13 5 2 13 9 12 22 20 31 25 19 26 21 35 13 15 19 22 19 26 41 47 42 40 45 38 32 25 32 58 67 59 32 45 53 69 61 48 66 57 68 91 79 54 72 127 135 93 64 39 42 48 56
41 32 22 20 35 57 62 52 42 69 115 92 22 22 1 35 35 59 67 0 43 3 44 30 54 48 23 51 54 37 55 30 26 28 19 8 13 31 33 22 14 20 19 11 12 23 26 21 12 11 24 18 15 20 15 25 21 19 26 18 39 21 25 28 25 18 22 37 44 36 28 28 2 17 29 25 29 78 48 34 56 79 109 83 54 46 45 85 92 66 46 52 75 85 56 12 0 12 24 26
42 40 18 21 56 27 35 28 40 66 101 115 89 46 27 32 0 28 55 0 58 54 81 56 58 86 100 71 110 40 66 39 26 26 22 11 10 29 33 12 21 19 16 16 21 26 23 18 11 8 13 23 20 10 9 18 18 21 19 15 22 32 28 15 19 17 12 22 32 0 14 7 21 43 15 20 52 45 31 40 69 92 104 88 30 24 27 69 109 76 21 1 16 32 30 26 48 43 34 29
71 51 6 28 56 39 21 15 9 26 51 75 78 49 25 27 3 2 36 0 52 60 78 38 25 81 84 38 81 27 28 38 18 18 28 31 19 15 20 19 18 16 18 24 29 27 21 17 9 6 7 15 21 20 18 19 16 18 14 8 12 23 24 16 5 4 11 21 26 28 13 8 45 43 32 55 83 48 45 64 64 78 87 64 31 54 39 50 88 109 60 26 50 38 51 77 124 83 38 19
86 61 0 16 45 63 37 29 15 15 11 26 47 36 25 40 34 45 63 13 62 45 26 28 25 92 111 52 67 88 88 86 31 17 26 41 26 6 8 19 15 12 17 28 32 25 17 15 15 12 9 10 19 28 25 17 12 17 17 11 11 17 18 12 15 15 27 32 28 63 30 36 57 39 54 91 131 88 87 79 31 26 55 52 48 72 24 7 59 84 60 68 109 54 72 89 125 72 20 7
75 68 22 20 50 77 55 38 33 28 7 7 29 27 24 45 40 91 81 37 126 89 18 76 89 125 167 104 67 174 184 123 51 20 15 32 30 18 20 28 23 16 18 29 31 23 18 21 24 27 20 11 15 25 22 10 11 20 27 25 21 18 13 7 14 21 33 34 27 53 55 78 73 89 144 159 164 105 106 71 32 3 49 69 72 76 20 7 59 51 38 85 128 41 75 87 127 90 64 69
99 96 83 57 67 42 16 9 45 38 18 16 37 39 24 21 59 96 73 65 153 109 6 36 37 51 97 67 41 182 193 132 43 20 15 24 24 24 31 33 31 23 19 24 24 21 22 28 24 34 31 15 9 16 15 6 16 25 31 29 23 18 13 10 12 30 44 47 44 30 85 118 120 177 255 247 180 80 88 69 44 16 57 59 50 55 31 23 58 75 24 26 83 9 52 97 96 63 39 42
61 48 60 49 69 38 43 81 85 64 36 22 33 48 34 2 17 29 47 98 130 111 63 44 30 45 53 27 5 84 57 40 21 17 23 22 9 5 12 14 23 20 15 12 13 17 22 26 16 31 34 20 9 11 13 9 24 25 23 19 14 14 17 20 21 41 52 55 48 10 71 98 113 150 215 210 144 48 52 47 32 35 68 44 26 44 54 21 68 150 60 0 95 78 83 123 111 74 40 33
59 48 43 23 27 23 23 66 105 86 63 28 12 41 50 11 38 40 51 109 76 60 67 35 30 67 84 57 14 58 38 29 14 10 19 24 11 3 8 11 12 19 18 12 14 25 29 26 14 28 36 30 20 16 17 17 21 18 15 12 12 14 21 26 24 30 33 28 17 4 22 39 62 60 65 78 77 54 55 34 35 50 70 49 40 63 102 49 37 137 79 3 75 111 92 74 13 4 0 0
8 31 25 4 4 43 20 33 73 77 83 44 2 33 60 24 35 36 0 45 21 12 32 10 19 72 126 93 7 59 74 27 19 0 4 26 32 31 36 39 11 26 32 25 29 42 45 35 19 30 39 39 31 24 23 23 13 11 11 14 17 20 23 26 38 28 24 15 4 36 14 26 67 59 23 24 61 106 115 78 46 40 37 33 39 61 130 86 48 125 132 66 48 106 114 57 29 62 102 123
19 26 20 15 28 3 28 48 59 63 21 27 36 23 41 34 41 42 27 48 43 15 22 20 33 53 110 89 64 88 70 71 40 33 0 21 38 6 59 32 11 20 28 39 10 43 34 24 14 1 22 33 18 14 13 11 15 13 16 24 27 20 12 10 23 20 24 34 40 73 35 24 50 42 38 44 84 144 169 169 104 65 45 81 111 77 152 98 77 134 154 84 43 50 43 63 74 108 134 135
54 60 19 10 68 47 36 48 45 37 11 27 39 11 14 37 47 53 84 97 111 47 58 78 74 54 16 37 90 57 67 59 47 33 14 30 10 0 22 38 10 8 19 27 29 36 26 12 18 0 0 4 8 18 23 25 14 15 19 27 32 28 14 1 12 13 14 32 81 156 123 84 51 55 79 71 50 116 120 123 80 47 59 101 117 109 128 93 89 146 139 66 26 84 70 53 35 51 73 84
65 95 56 54 136 92 29 19 21 32 28 19 39 37 15 33 26 36 84 53 91 31 52 87 122 83 0 4 80 7 23 28 39 11 11 9 8 33 37 54 57 43 22 30 31 27 15 24 30 21 9 16 35 36 22 13 21 18 12 10 20 31 27 15 16 8 2 25 88 158 122 69 42 54 100 102 56 102 46 12 22 38 73 59 47 100 88 62 87 104 64 24 18 119 104 58 67 44 33 43
45 86 69 67 125 81 33 26 30 33 43 30 61 70 23 42 7 32 66 0 34 12 23 49 75 71 53 34 64 14 11 25 21 18 41 5 3 29 51 62 69 65 30 57 51 37 13 32 27 26 1 8 39 44 40 38 26 26 16 4 9 24 25 14 31 10 0 22 62 83 46 6 26 33 44 59 69 111 93 73 29 58 80 42 31 88 75 54 48 64 66 48 12 46 55 44 55 45 35 35
31 37 26 17 40 35 65 77 63 17 31 53 84 64 7 51 13 56 78 20 31 25 9 33 28 41 62 78 69 56 53 23 33 32 31 29 14 37 42 45 104 74 31 27 52 13 12 12 30 35 8 16 33 19 18 19 22 32 31 19 14 16 9 0 31 14 1 16 51 60 44 11 64 76 35 37 74 47 67 57 33 31 25 27 41 28 32 34 13 28 77 93 89 67 76 58 9 61 94 80
28 5 7 11 14 20 77 80 61 18 34 46 59 47 5 31 70 105 110 93 76 65 48 82 55 30 6 61 61 76 115 39 60 61 54 87 29 40 13 42 69 25 16 0 76 22 64 27 80 73 33 31 20 0 13 25 26 30 26 14 10 15 20 19 18 17 2 2 51 85 97 57 39 59 26 62 123 50 60 13 49 78 54 43 43 13 53 78 63 45 55 64 109 81 65 2 22 78 110 90
38 11 20 34 31 16 54 49 38 30 52 37 21 35 26 22 61 76 56 60 52 49 45 52 71 25 4 20 32 71 131 68 48 79 146 121 40 28 8 62 63 50 66 40 90 22 51 0 15 32 47 94 77 21 24 15 42 30 12 1 4 21 43 57 23 28 15 8 49 73 100 68 63 57 38 86 123 79 91 23 55 128 88 44 16 22 57 82 75 71 58 60 98 83 88 61 25 44 63 73
55 25 16 17 14 0 31 46 35 27 57 52 16 18 37 47 56 63 30 36 56 69 62 14 75 47 92 20 8 44 70 40 18 20 143 66 91 105 79 71 48 65 61 53 46 37 93 69 33 17 2 36 17 0 43 64 55 35 14 7 13 26 44 58 40 42 36 35 51 35 65 55 62 49 61 100 76 67 92 31 68 121 66 45 20 37 14 29 67 56 18 38 68 49 39 29 13 26 71 128
69 60 41 13 3 28 51 47 47 67 64 49 7 31 55 75 79 39 33 30 48 95 73 24 54 55 96 60 56 57 70 63 83 59 100 37 255 251 157 109 62 148 195 119 65 21 55 76 31 44 38 52 0 53 42 48 34 7 18 26 23 23 72 78 54 44 32 31 16 27 40 26 54 44 57 84 40 50 65 34 55 80 27 26 5 28 14 34 43 40 34 21 38 33 24 53 38 23 85 99
41 63 80 65 40 41 50 44 62 60 54 48 33 46 50 44 30 35 18 37 34 75 63 57 8 57 57 36 44 0 14 20 18 31 61 33 255 255 106 140 80 194 188 199 132 66 90 58 21 28 96 87 52 48 41 14 18 15 28 33 38 51 73 59 20 16 27 29 68 47 43 20 34 25 74 113 82 15 46 41 55 44 33 94 71 34 64 77 67 61 81 72 20 49 71 133 98 0 20 56
40 67 93 83 51 38 36 28 33 44 66 57 37 24 41 48 24 38 24 55 60 45 62 79 4 129 42 37 33 51 67 71 47 109 184 214 246 247 180 182 148 177 164 137 143 115 86 128 53 86 91 52 0 35 10 39 43 69 75 54 39 48 39 19 4 13 26 72 165 133 52 10 62 33 59 144 141 44 48 43 72 37 61 152 112 26 85 80 39 32 80 79 21 72 89 102 83 20 46 76
33 40 52 52 41 41 40 28 32 22 42 42 54 44 59 54 37 28 45 77 110 22 62 41 42 124 127 75 88 16 51 101 29 174 169 249 226 239 237 218 237 240 181 109 179 76 61 107 102 105 119 29 20 58 52 45 59 81 81 55 42 46 14 0 0 43 40 109 188 179 65 60 112 83 40 122 89 36 32 46 66 37 71 136 86 15 60 59 41 42 62 48 25 61 66 15 13 68 93 80
48 50 66 78 73 62 42 16 10 0 17 18 33 33 60 63 20 22 60 96 135 67 120 53 51 71 126 57 75 85 86 145 152 217 126 255 245 191 132 139 255 254 251 139 155 84 68 98 50 20 48 24 42 72 67 52 49 33 29 20 42 57 36 35 69 79 36 63 163 188 96 105 211 156 46 66 46 62 52 24 38 19 49 83 46 20 30 68 46 71 34 49 37 57 61 44 30 86 71 38
88 59 33 16 7 21 46 57 19 25 44 39 32 39 74 92 79 97 82 85 81 69 106 36 0 122 242 182 50 111 39 111 158 234 165 181 131 121 66 127 247 214 255 152 20 67 25 39 132 132 70 83 75 54 18 127 94 40 37 10 26 36 60 100 96 89 67 12 115 121 80 77 110 150 142 76 0 3 44 37 45 23 46 66 46 30 17 75 17 47 0 81 71 71 25 54 78 60 30 30
38 30 40 58 66 72 77 74 35 25 17 24 30 57 59 45 59 74 32 37 69 63 72 44 2 38 124 92 41 26 11 107 147 223 206 248 232 115 27 199 204 234 196 241 76 130 125 96 130 119 68 79 112 31 41 157 158 83 100 62 69 47 68 96 23 82 143 38 61 31 33 47 53 129 192 142 58 91 96 60 53 37 66 77 73 39 34 48 40 32 26 79 89 70 0 14 85 48 13 37
25 11 23 53 70 72 61 43 53 62 58 65 49 76 72 63 73 66 31 47 134 50 8 0 46 46 30 53 84 113 149 245 255 255 224 250 248 255 254 239 235 237 155 242 132 186 127 159 234 137 81 176 118 123 150 146 169 81 131 125 165 117 80 38 17 90 165 83 82 75 54 43 65 127 185 186 108 192 144 84 26 28 74 79 89 49 67 20 85 37 85 40 83 74 42 65 103 89 23 33
27 24 46 62 54 50 42 19 83 151 218 171 57 116 111 94 98 75 61 96 137 117 77 73 110 100 29 7 80 66 121 244 253 233 207 255 251 174 223 212 234 255 142 205 111 134 157 24 31 96 104 163 251 157 143 60 97 5 99 79 97 141 107 56 74 128 158 118 92 122 56 19 90 121 90 96 152 208 147 86 19 46 67 81 66 57 131 94 140 33 92 47 73 80 53 110 148 101 74 68
21 61 91 73 52 76 92 69 87 174 253 224 102 56 95 109 56 72 63 61 93 109 90 75 136 132 107 73 57 62 99 160 241 236 250 255 247 242 217 186 91 186 78 255 247 143 24 61 196 223 219 235 70 188 170 9 76 48 152 102 55 117 181 199 144 132 154 116 17 138 41 72 94 85 32 43 116 188 138 70 50 66 77 73 36 49 177 240 209 84 71 81 100 49 47 67 103 82 81 85
16 55 97 100 75 72 83 82 53 108 148 154 101 5 75 90 25 39 42 43 36 8 5 38 75 113 91 80 36 156 163 196 255 250 245 229 218 255 254 251 227 255 210 241 206 225 248 204 205 250 234 223 244 255 202 89 136 105 206 235 182 192 243 255 219 154 127 172 107 166 170 157 129 96 48 49 83 128 116 91 84 92 97 83 38 54 132 206 169 174 99 78 1 58 72 79 61 78 116 142
36 45 71 88 69 39 31 39 53 68 53 65 81 20 66 51 42 64 46 17 29 50 51 50 33 47 28 22 30 98 51 86 241 251 249 255 251 233 234 219 255 227 241 255 247 226 255 237 241 170 150 255 255 237 248 148 99 53 126 237 251 255 255 217 255 197 108 223 245 151 181 198 167 133 99 80 56 58 78 98 84 81 78 71 56 77 48 48 66 156 118 70 2 96 72 82 58 81 112 129
45 43 34 23 13 4 3 10 110 133 106 81 83 73 74 48 37 67 57 25 23 32 34 40 77 31 94 117 171 88 38 74 238 250 251 225 252 242 255 253 224 243 234 226 241 255 245 242 241 227 201 246 255 226 255 233 170 58 86 241 254 200 228 255 255 153 124 168 113 73 56 86 141 118 89 49 24 27 50 57 45 37 49 58 59 81 27 14 83 55 24 35 136 96 55 48 89 91 79 60
41 31 20 25 30 21 31 62 99 128 109 68 48 79 67 55 48 42 27 28 36 38 74 138 71 32 103 156 143 85 58 74 74 122 195 152 223 248 238 184 251 228 247 232 253 255 246 236 255 241 243 111 215 193 245 228 194 211 242 255 234 227 255 240 205 255 182 6 87 120 36 74 81 90 82 44 48 63 75 60 34 49 110 132 96 73 55 81 124 148 129 160 214 111 145 160 114 123 109 88
44 35 36 67 91 74 69 97 87 96 89 84 75 96 94 92 82 97 99 112 142 136 98 77 100 86 98 151 148 163 144 139 118 121 110 47 97 138 204 225 248 243 255 208 255 237 236 236 180 197 208 148 253 255 248 231 165 212 255 252 251 232 254 229 146 215 145 0 82 96 70 21 18 36 61 72 106 84 65 55 37 69 153 161 94 45 70 106 75 126 106 139 122 109 111 47 25 60 71 65
27 44 36 37 72 86 59 36 43 42 55 91 83 50 49 46 49 51 57 73 61 13 9 59 86 39 23 41 156 82 45 22 107 125 92 124 130 63 142 189 233 219 248 245 236 246 255 251 216 255 251 241 249 232 255 247 255 248 255 234 247 197 212 220 255 198 188 234 176 115 90 71 75 63 102 178 242 165 102 99 129 150 208 187 131 114 181 202 218 198 230 215 155 166 180 135 118 161 172 158
4 35 19 0 53 58 33 18 12 16 50 49 51 71 60 57 87 81 83 90 79 23 29 8 31 153 168 111 98 93 38 0 82 70 23 96 65 54 32 91 127 63 142 226 172 243 248 252 246 227 255 234 216 130 192 243 255 255 206 176 208 129 241 234 255 243 101 109 138 128 117 80 100 46 48 80 131 104 56 46 75 98 105 93 67 91 95 164 196 210 155 116 127 191 178 148 142 195 188 142
8 63 56 11 39 65 63 53 62 44 50 32 14 21 19 29 36 60 81 89 82 45 29 11 34 107 99 64 69 99 53 7 75 71 42 144 95 52 61 100 97 115 176 243 217 245 248 232 239 255 216 236 255 234 240 255 255 238 243 255 245 225 137 147 236 160 31 88 31 71 45 40 74 70 29 26 79 98 59 55 81 58 75 81 83 70 91 74 124 100 76 80 71 103 76 20 0 54 60 29
16 67 85 73 48 42 41 57 82 76 82 65 52 65 66 64 80 109 112 91 81 90 84 103 113 89 5 73 220 93 66 31 61 83 108 208 210 57 143 123 78 255 198 130 203 247 242 187 255 255 244 249 240 255 244 175 181 234 255 227 241 255 193 109 123 165 94 79 173 9 10 24 31 82 85 101 105 109 97 111 114 89 99 128 140 114 153 121 60 47 98 150 121 136 147 116 115 157 154 122
21 67 98 104 50 34 29 45 62 70 73 53 48 68 62 32 42 49 34 28 49 74 12 5 37 9 31 61 68 196 212 186 101 86 91 47 75 7 67 66 43 146 70 60 138 114 175 135 245 185 255 225 239 250 254 248 242 243 243 255 255 253 150 100 71 10 50 93 113 114 81 59 50 36 36 63 50 21 32 38 39 26 21 61 61 62 88 99 10 11 60 77 28 35 78 83 76 103 98 70
30 80 96 76 34 67 76 63 41 37 32 36 50 76 88 69 54 88 94 72 51 55 21 55 31 4 50 71 3 78 126 158 50 69 125 57 70 149 13 64 107 30 73 200 164 76 205 113 244 96 230 254 251 225 252 246 239 252 244 248 254 115 194 199 50 0 47 30 145 69 100 73 29 64 113 108 107 45 65 93 65 20 55 80 57 63 76 75 95 72 46 23 31 57 71 59 28 52 62 55
53 66 68 61 50 75 84 75 56 39 31 50 48 37 49 48 46 66 73 78 89 87 37 19 66 91 23 0 51 0 76 60 52 62 55 20 28 54 3 150 155 94 27 35 93 51 140 148 81 61 74 133 240 255 240 254 233 242 255 255 232 244 132 108 74 61 29 67 115 2 150 146 63 92 97 30 99 69 45 53 71 12 119 110 65 35 73 39 35 71 73 31 22 9 21 44 62 71 78 76
66 36 34 55 69 44 39 49 36 55 68 83 61 38 54 52 37 63 61 39 45 63 91 83 47 33 49 78 52 66 61 32 0 13 20 60 109 6 46 156 144 41 57 55 59 58 129 113 51 70 27 34 98 220 255 251 255 248 243 249 255 248 149 90 106 70 66 95 90 57 71 121 42 27 78 51 91 69 38 52 42 32 105 77 59 11 57 51 22 16 26 53 114 102 82 73 65 60 59 55
58 29 22 25 52 25 17 18 40 98 113 85 33 16 36 16 19 67 79 50 54 79 141 122 34 11 24 62 62 76 83 60 39 31 41 40 92 65 44 90 79 50 142 96 51 47 76 72 73 93 90 40 42 155 188 232 255 243 227 237 250 255 128 54 82 105 72 58 67 92 90 223 172 7 56 97 84 73 69 88 17 60 16 0 38 6 19 63 74 29 35 70 110 72 62 66 58 55 67 78
59 11 12 28 35 29 21 33 45 83 99 64 33 3 27 22 24 75 88 49 46 69 132 137 49 1 6 42 16 54 77 63 72 64 38 14 38 70 39 17 17 56 135 79 40 11 47 44 82 130 122 96 47 19 42 136 239 231 190 184 233 255 132 43 90 83 49 26 15 29 66 208 173 25 33 69 46 24 24 94 21 94 50 70 154 131 28 74 105 104 135 126 105 36 22 48 78 79 74 66
32 17 42 54 25 31 48 76 49 39 27 13 29 37 53 15 25 61 75 31 16 29 98 136 108 65 35 30 37 53 65 31 2 8 1 3 44 50 21 40 27 13 20 1 65 53 36 31 53 83 65 54 50 58 27 18 0 0 55 176 253 223 95 56 88 82 39 14 23 3 11 51 57 76 114 56 30 76 91 133 57 132 84 129 240 224 107 14 32 32 82 124 48 12 22 61 53 52 43 32
39 18 33 58 37 94 119 131 79 25 16 34 34 9 37 31 7 29 49 11 0 2 46 92 115 84 45 28 44 25 59 55 19 25 18 16 58 47 15 42 16 26 9 2 108 106 70 98 76 58 28 20 0 3 6 19 67 40 32 73 102 86 39 57 78 76 53 51 70 23 35 24 2 79 119 53 59 117 122 166 91 107 99 122 185 170 112 34 44 44 35 40 17 43 37 14 27 26 22 15
37 34 59 85 42 113 143 149 123 42 20 42 44 25 55 40 42 57 73 36 41 33 27 36 55 58 44 41 45 49 106 102 65 66 73 41 38 30 30 45 13 60 51 35 113 121 83 113 118 51 24 56 37 35 27 21 7 23 29 31 35 32 18 27 49 24 24 56 71 38 55 62 26 48 61 32 48 61 38 77 76 59 161 146 135 124 109 104 96 85 47 35 77 34 19 39 17 21 24 27
42 36 64 101 71 137 140 120 78 49 35 19 33 76 125 77 52 71 74 45 70 64 49 40 9 20 25 38 23 91 159 136 52 31 82 65 28 34 96 114 11 18 2 10 65 98 65 71 111 34 2 28 12 38 44 21 24 37 48 48 36 18 41 75 76 35 41 75 73 75 58 75 73 87 107 83 81 100 77 65 70 33 121 66 26 23 33 14 26 45 26 34 98 66 42 28 20 27 38 46
76 36 29 48 31 70 44 5 22 31 47 45 67 103 140 91 69 81 61 49 69 30 27 34 64 20 31 64 25 90 188 245 106 16 61 64 15 0 51 48 61 28 13 36 34 62 57 83 80 22 21 53 4 3 29 42 22 60 93 86 57 20 48 67 42 39 64 72 42 55 25 42 24 40 73 64 68 108 91 39 21 5 62 94 100 62 87 35 39 133 156 128 43 45 65 34 25 35 51 66
27 14 35 46 27 42 49 58 39 21 31 70 120 117 103 47 31 38 34 110 156 70 79 116 77 4 25 44 9 30 121 244 132 26 61 73 53 32 80 71 69 41 28 43 0 8 5 40 49 16 62 145 112 70 32 7 31 114 171 144 91 41 54 32 4 32 63 66 39 23 21 42 58 57 72 73 82 103 80 38 34 18 21 57 74 32 77 65 89 87 76 111 59 48 81 74 27 38 58 77
15 3 33 47 38 22 6 10 30 42 55 68 97 87 83 45 60 51 57 197 250 98 77 114 76 36 72 43 41 52 84 160 103 37 72 51 23 2 56 64 63 45 27 57 43 86 55 51 19 8 34 74 53 66 51 9 34 122 193 173 114 47 64 45 10 19 27 47 56 4 26 40 57 73 75 59 63 73 60 47 29 41 51 24 31 25 30 25 94 52 2 24 73 45 67 52 29 38 57 75
15 3 36 56 10 16 8 0 0 34 48 32 19 42 16 40 93 24 30 160 202 145 118 53 24 63 126 113 44 81 43 63 41 23 64 22 0 17 42 29 77 54 33 59 70 73 50 36 37 37 19 26 24 23 50 46 53 68 101 115 94 80 69 44 11 15 43 55 18 30 34 52 63 59 52 38 26 61 39 42 47 57 55 41 19 35 16 11 53 60 11 20 30 73 27 6 10 64 102 104
34 20 44 53 5 19 35 54 55 11 0 31 49 48 39 72 151 89 29 68 70 126 109 55 15 56 101 85 32 56 7 36 2 14 68 44 46 35 15 35 127 137 21 0 56 44 4 48 78 90 42 20 40 48 54 48 41 43 54 44 51 86 77 36 40 29 40 56 43 65 51 46 53 45 40 27 33 68 57 55 51 72 62 46 47 54 54 0 53 70 46 70 47 66 26 25 40 79 101 100
31 13 32 55 34 53 63 86 75 46 51 72 54 19 52 84 134 106 45 68 32 63 79 54 27 32 33 32 30 52 19 93 80 8 30 33 52 37 0 16 162 158 33 12 37 45 38 42 100 121 50 2 37 51 33 22 36 39 55 31 41 90 83 58 30 42 61 60 30 47 43 51 40 37 50 41 55 70 71 72 69 61 34 35 40 32 94 73 38 46 37 80 43 66 53 74 58 74 72 60
58 28 24 48 45 55 37 47 48 75 105 85 37 1 32 0 33 32 2 42 32 0 45 12 17 30 17 29 94 144 106 157 87 12 66 59 22 38 21 15 119 182 100 66 31 42 75 78 37 72 53 39 77 86 49 22 24 24 54 45 49 70 45 39 56 60 58 47 27 48 30 27 25 26 53 53 67 56 71 82 81 64 42 59 45 33 65 48 47 39 24 63 29 62 58 70 63 63 42 17
66 45 28 31 25 36 28 61 35 27 35 42 59 78 98 11 0 16 34 57 74 85 80 17 0 56 64 78 173 233 152 116 52 41 92 49 12 82 79 43 74 111 95 106 35 122 208 131 27 35 42 41 54 66 52 34 6 5 26 34 57 73 43 30 49 58 50 31 9 28 13 21 14 16 32 25 25 7 47 78 63 60 35 45 37 94 72 36 46 43 34 52 30 65 63 55 82 86 70 50
44 58 52 44 32 45 53 113 172 82 29 28 35 53 84 59 48 8 8 36 93 195 88 15 53 70 73 94 158 170 90 50 60 73 65 36 45 79 49 53 55 140 75 63 64 133 123 73 57 35 32 19 9 19 19 20 74 87 68 39 34 34 18 0 19 40 42 27 7 25 24 56 143 77 5 3 62 92 87 42 124 107 52 41 0 47 23 47 61 62 51 29 24 53 71 63 44 64 74 76
65 82 65 54 60 73 54 92 155 73 34 29 4 19 52 87 53 50 55 47 18 79 74 122 116 91 86 93 98 77 43 38 38 73 65 78 74 48 22 67 16 102 77 67 28 78 59 32 38 36 42 36 48 50 20 24 66 88 48 31 28 21 45 48 57 44 21 27 50 77 48 55 105 107 50 17 24 67 77 36 78 90 61 88 42 17 20 101 111 98 71 12 25 30 54 48 38 64 85 99
86 74 27 25 74 108 62 66 40 11 23 44 38 72 52 49 30 70 51 44 20 7 77 94 119 133 150 118 84 80 73 43 48 62 36 55 61 95 110 105 79 121 72 73 63 117 65 39 57 61 39 14 52 65 27 48 97 89 23 38 52 22 47 53 72 56 29 31 45 57 19 28 57 98 52 24 32 97 89 12 35 89 70 106 86 35 57 121 117 95 70 13 57 45 58 44 29 49 62 70
59 49 17 24 65 58 75 53 43 28 45 43 11 88 64 43 24 28 27 66 57 66 43 26 37 95 142 132 106 106 94 86 72 64 51 64 41 107 59 31 64 104 29 44 145 189 114 49 67 59 26 34 39 28 47 53 108 113 98 83 99 62 30 0 25 75 68 47 24 3 31 56 52 25 15 36 88 41 55 46 54 63 56 68 23 45 40 85 74 43 51 48 69 29 45 29 29 55 40 18
58 50 31 37 54 35 66 60 30 36 53 44 5 45 51 76 58 48 53 58 85 71 62 18 9 12 38 69 81 68 39 28 45 79 115 118 133 96 56 61 139 158 114 125 231 206 57 45 43 24 31 42 69 10 51 83 78 95 127 135 119 59 15 4 40 59 65 63 73 34 67 94 56 9 0 38 88 37 45 80 86 71 52 37 9 31 11 38 31 29 55 22 24 7 35 31 38 65 50 25
48 43 45 71 85 50 61 33 0 19 31 46 46 33 14 32 58 36 45 81 129 85 48 0 38 48 58 55 54 47 47 42 50 79 112 89 85 5 6 11 33 36 76 46 98 122 32 30 45 8 62 114 116 56 87 82 17 27 90 117 93 65 41 67 57 38 51 76 122 67 63 55 22 28 30 25 55 53 51 83 59 68 91 58 41 57 42 72 21 23 60 22 49 80 89 65 38 64 51 21
34 36 38 50 53 33 68 52 46 126 98 12 0 19 37 37 29 49 44 84 100 84 56 18 21 63 96 84 62 33 45 44 26 26 49 46 27 12 65 35 63 48 96 16 16 71 53 52 72 28 87 155 80 67 78 33 12 5 57 58 32 48 39 65 53 34 45 78 119 86 49 12 34 19 24 39 63 48 19 74 62 76 114 63 64 71 48 65 25 14 49 18 62 118 99 59 38 60 49 20
51 31 13 51 118 120 105 30 34 104 95 48 38 23 11 7 81 124 75 22 5 29 89 96 15 10 22 45 59 17 37 44 27 25 58 60 66 29 53 0 66 48 56 31 73 74 57 98 98 63 75 98 29 31 37 33 18 24 69 32 5 35 28 29 46 38 21 34 52 96 80 56 44 17 12 27 57 48 7 34 15 71 124 45 14 3 21 75 44 32 58 15 23 63 53 41 44 56 47 25
24 35 15 17 53 53 90 87 75 67 41 32 34 33 15 24 0 33 34 17 66 33 95 91 46 22 1 9 52 36 70 55 91 70 62 1 84 30 80 98 51 34 47 64 76 52 41 60 78 61 33 18 54 40 28 76 5 29 73 23 13 34 53 55 41 49 53 93 116 179 120 59 20 30 41 20 26 30 24 21 21 38 38 6 54 66 53 46 68 59 69 31 16 42 55 67 40 39 32 23
44 60 34 33 62 32 63 93 112 136 119 43 0 66 57 26 88 81 49 42 112 56 96 77 19 47 60 61 97 75 98 50 59 61 73 6 97 38 45 67 29 24 51 53 27 50 53 36 51 68 51 22 56 54 27 70 29 37 61 16 35 24 71 94 83 45 25 40 61 121 86 48 31 22 53 62 49 1 32 48 29 52 23 16 70 74 56 33 44 53 65 56 45 62 77 78 40 26 22 26
96 96 45 32 55 8 44 108 122 92 83 55 5 73 39 10 30 89 51 31 70 63 75 20 5 37 76 108 144 94 123 98 67 75 97 48 87 87 69 56 47 55 37 13 25 60 14 23 79 135 147 101 8 38 26 48 47 31 41 20 70 29 85 119 85 44 50 45 34 44 33 32 40 41 68 67 72 42 72 23 23 55 5 0 34 31 34 24 7 51 82 92 72 69 76 63 54 31 28 42
95 88 53 33 27 19 66 104 89 61 30 19 45 49 93 71 20 37 99 74 61 36 55 5 15 40 79 80 116 61 85 72 43 50 108 56 48 103 105 128 110 68 21 24 73 91 50 4 66 139 176 128 44 35 8 34 31 35 8 15 33 41 65 71 80 70 47 66 98 42 50 73 100 73 73 61 47 100 65 13 19 58 65 31 16 9 44 11 15 35 82 95 73 32 53 41 31 31 55 73
48 52 95 69 61 12 55 119 108 75 61 47 13 3 80 137 63 43 57 80 77 31 12 45 60 54 43 58 47 50 44 82 21 52 132 113 79 98 72 93 118 87 53 53 77 79 63 55 49 56 62 92 99 31 66 53 44 1 3 2 21 52 8 37 88 90 69 61 80 68 63 58 58 51 27 11 47 51 51 39 85 89 84 62 44 35 53 40 19 26 44 39 22 58 71 37 19 17 35 49
64 71 92 71 75 78 35 25 37 52 72 50 0 26 41 35 60 125 95 25 4 62 52 97 92 90 67 54 24 102 50 80 28 47 104 130 98 104 32 23 61 98 95 53 38 54 67 69 40 43 41 59 77 21 87 32 36 49 74 44 27 55 10 25 90 97 73 26 12 44 28 3 18 34 33 60 122 17 34 103 126 71 35 29 24 36 34 44 52 52 38 26 5 62 58 23 16 15 28 36
101 115 94 53 55 78 51 18 3 45 74 57 37 129 85 0 73 156 150 80 42 82 42 69 106 40 43 61 40 69 0 70 2 28 54 83 34 59 16 27 37 107 124 66 22 27 46 56 90 99 106 77 37 36 78 23 79 62 44 113 128 45 45 52 75 92 98 60 24 65 45 34 73 90 102 126 163 33 14 84 99 40 15 22 10 25 3 23 36 59 39 52 49 43 38 29 22 30 42 46
152 118 31 0 18 28 89 99 85 72 42 14 0 97 99 82 28 47 76 91 106 109 56 40 75 24 44 82 54 87 25 129 98 92 45 56 18 81 70 79 92 105 105 84 50 19 19 44 18 34 94 136 120 98 114 47 99 75 34 115 150 28 70 66 43 60 96 96 52 52 26 41 58 62 54 33 54 56 21 20 48 42 69 86 56 47 2 5 75 91 25 38 85 38 45 35 4 23 35 34
127 125 6 75 58 89 68 49 40 45 28 32 5 46 23 18 44 30 40 50 80 80 59 3 14 34 45 85 36 102 48 118 160 126 37 50 41 120 124 115 140 114 81 72 79 71 55 52 64 54 51 62 82 78 196 148 51 55 45 61 108 85 140 142 76 70 89 107 79 43 25 59 108 87 62 22 0 50 24 5 21 31 66 91 83 74 33 5 6 84 83 80 82 8 29 25 20 44 51 44
112 133 28 104 40 91 67 93 43 54 16 27 29 51 34 29 36 36 40 76 92 54 61 40 67 41 26 112 92 79 31 86 49 73 45 72 29 61 98 126 137 114 70 53 85 113 99 73 50 59 46 26 53 115 238 201 132 71 19 37 75 87 87 104 71 47 31 57 78 36 30 53 64 58 55 61 13 45 52 56 23 22 28 41 58 62 72 50 47 20 1 5 30 63 82 49 12 30 25 12
37 12 14 67 81 40 56 108 72 75 25 51 60 35 11 18 21 68 45 57 57 26 38 17 83 28 0 74 135 101 88 87 42 94 104 141 68 39 60 88 103 71 35 35 62 72 65 65 64 59 64 48 36 121 118 85 89 76 0 6 7 57 59 64 59 32 0 23 76 23 1 0 21 50 51 74 44 59 80 59 35 46 47 37 35 32 101 114 53 0 41 68 36 99 104 82 29 40 23 7
58 9 32 36 93 27 49 71 45 82 57 80 50 52 42 22 44 72 89 50 35 62 10 17 51 52 50 70 51 107 48 28 66 99 86 106 80 41 69 67 61 51 42 29 29 20 15 53 70 73 91 70 38 116 91 64 107 104 60 72 5 62 66 40 51 7 8 32 52 60 52 57 70 61 97 124 104 62 85 78 56 56 53 54 41 49 71 53 11 63 166 189 94 69 103 59 14 38 39 23
168 154 128 73 63 36 38 35 14 70 63 81 34 34 42 44 69 88 97 51 28 57 22 50 65 49 66 55 38 49 31 40 77 54 59 74 76 80 73 63 62 60 67 61 70 81 69 70 83 88 107 93 45 28 85 100 67 32 7 72 35 38 42 64 11 2 34 53 48 51 70 108 81 43 55 85 84 55 81 74 54 46 39 39 21 20 41 26 7 90 203 213 95 39 58 27 22 43 41 21
97 132 111 75 41 59 52 50 8 70 65 77 19 14 29 39 47 63 74 34 12 41 24 75 52 17 64 44 61 41 64 91 127 72 116 98 76 94 74 80 61 58 76 74 90 128 114 76 46 66 105 136 131 38 141 132 109 98 79 112 92 71 54 55 7 18 62 63 23 7 34 87 61 19 43 99 114 83 105 99 80 63 54 63 47 41 65 60 75 114 146 118 35 15 58 58 36 56 50 27
18 53 59 76 52 62 57 84 27 74 54 66 17 16 20 17 27 44 68 45 26 49 32 90 47 0 46 29 73 43 59 68 87 36 114 86 42 62 66 85 66 47 64 64 77 129 124 71 28 63 108 139 143 9 75 1 24 66 66 69 87 92 76 45 23 33 73 73 35 19 39 85 72 40 82 146 146 90 103 104 66 42 33 50 38 30 58 64 94 104 84 53 23 29 64 64 44 63 57 33
