55 73 84 79 87 92 78 51 72 139 109 58 28 58 68 60 65 25 28 35 36 43 27 10 13 49 47 10 37 32 50 79 81 79 60 68 3 2 11 56 40 32 26 34 43 30 14 16 21 26 14 9 19 16 25 57 54 25 31 53 48 35 31 23 28 53 67 53 47 47 44 30 13 34 63 61 62 24 20 30 44 66 75 84 28 51 34 56 43 0 50 65 56 52 65 74 79 48 28 32
82 98 92 69 60 52 35 21 46 74 61 26 36 43 72 69 41 36 24 10 37 59 35 28 40 48 46 41 53 34 45 86 112 84 48 59 33 29 15 33 63 55 49 48 40 24 14 13 17 24 16 10 13 6 11 36 31 2 15 56 57 22 7 15 13 36 60 68 75 77 60 32 22 20 25 27 48 15 4 13 41 54 48 50 15 47 46 85 68 39 92 72 43 36 42 48 57 54 49 36
101 105 70 37 32 35 30 38 29 18 20 0 28 11 71 86 18 33 51 27 16 47 57 53 41 52 43 30 16 28 38 51 63 55 41 51 53 50 47 66 86 88 98 97 73 48 31 16 8 16 13 8 7 0 0 11 4 8 9 14 23 18 6 4 6 21 46 72 84 91 67 32 12 14 25 45 81 34 2 9 43 51 36 29 15 39 41 89 106 73 107 102 71 29 18 47 62 37 45 65
66 67 30 14 18 29 22 39 37 14 21 9 27 18 97 127 26 5 65 69 9 38 82 59 34 51 48 37 6 37 44 35 22 43 44 26 28 32 39 49 48 57 77 78 58 44 32 12 7 13 14 13 15 11 4 1 11 35 24 4 17 31 24 18 26 29 42 64 54 60 43 20 9 26 56 85 111 44 5 20 63 69 50 26 25 34 33 81 96 46 39 51 67 47 16 29 49 26 46 80
22 42 36 49 37 33 11 25 70 48 37 37 22 39 93 98 94 39 79 101 51 49 62 38 44 38 43 62 30 41 48 52 67 83 64 25 35 69 71 44 10 19 23 15 9 20 28 22 21 19 20 22 27 31 20 0 18 22 17 23 36 21 8 22 43 42 50 64 21 23 20 16 0 10 42 73 97 43 27 54 45 52 44 12 26 27 28 62 67 57 27 10 41 74 41 10 11 33 58 53
6 28 43 73 40 38 27 47 77 58 35 57 37 89 107 66 24 17 30 44 51 37 26 61 83 70 60 53 35 58 72 65 59 71 48 9 6 67 76 32 22 42 32 6 7 18 21 24 28 21 20 20 22 33 24 0 32 30 29 39 48 39 29 34 27 31 50 75 15 18 27 40 54 38 52 66 70 16 0 9 4 21 51 35 69 64 51 45 54 104 114 88 51 45 27 21 23 37 38 31
32 21 20 59 21 37 37 49 51 35 24 63 59 137 153 89 42 78 68 30 33 21 9 62 104 102 90 61 73 104 109 70 63 81 77 56 11 66 72 30 31 71 53 12 13 13 4 15 24 18 18 12 8 23 22 0 4 1 12 26 32 34 28 14 17 21 46 83 18 24 35 52 32 10 37 60 65 33 36 35 11 26 79 72 123 118 91 42 34 91 123 117 42 2 0 19 56 64 44 32
96 49 28 71 36 56 40 23 47 27 19 43 30 99 122 51 26 58 52 0 0 36 48 66 69 60 77 92 134 125 101 59 54 71 87 100 43 90 83 35 32 81 54 0 5 9 8 36 22 18 21 11 2 20 27 3 22 0 29 91 95 61 43 40 34 30 48 86 14 16 22 36 46 19 46 55 39 13 34 35 32 28 68 50 106 112 92 26 25 54 48 44 9 24 23 9 50 115 99 33
102 89 64 69 71 60 18 46 82 62 33 15 20 37 45 44 32 31 36 34 23 25 35 34 42 47 63 97 123 103 57 32 35 75 76 45 81 83 61 35 26 60 45 1 0 15 22 24 25 24 18 10 9 15 15 10 24 34 67 165 171 127 89 65 58 40 37 24 84 50 45 45 46 23 40 70 32 4 35 41 46 57 78 72 53 29 13 37 13 14 16 53 16 47 30 12 38 76 93 71
56 57 51 57 31 42 26 57 125 78 30 13 17 24 36 49 43 26 40 67 54 19 13 30 51 53 52 56 65 59 41 31 62 86 53 0 46 63 42 12 24 42 39 17 8 14 24 35 31 29 21 12 12 16 16 11 9 8 35 128 130 88 63 58 63 56 46 28 74 69 59 38 21 27 22 50 59 21 21 53 67 88 123 108 59 18 0 15 42 0 25 79 81 24 16 29 32 33 46 64
20 35 53 59 0 34 42 64 92 45 16 23 27 10 3 14 23 0 0 43 58 33 24 40 70 64 47 29 25 37 52 61 77 96 54 0 28 30 29 44 42 28 24 24 15 14 27 39 39 34 24 16 16 20 19 16 0 0 3 79 76 45 34 49 64 44 32 33 36 30 43 64 75 58 14 15 27 1 4 32 33 43 82 72 30 19 27 43 25 6 43 68 84 24 20 27 19 11 24 55
33 52 84 94 20 69 78 75 38 23 34 67 77 56 41 45 41 65 78 64 36 27 61 108 85 64 42 24 13 22 45 60 65 80 58 26 47 15 24 84 75 37 22 23 13 16 33 36 40 32 22 17 19 23 24 22 35 19 23 71 66 60 57 72 66 37 12 19 4 24 54 91 99 81 60 41 3 3 55 76 47 30 50 40 16 33 46 43 44 67 70 55 43 30 10 0 9 30 45 44
10 23 60 76 22 69 66 41 13 16 29 41 39 25 20 23 28 47 40 20 27 51 78 103 105 70 51 44 24 13 20 24 40 63 60 41 61 25 26 70 80 53 39 27 6 11 31 34 33 23 12 10 15 21 23 24 16 6 5 26 24 47 43 44 71 60 19 10 14 78 83 63 58 107 131 98 25 3 55 87 48 30 46 38 24 43 39 14 55 53 40 36 43 38 18 6 29 58 69 48
17 26 58 68 48 74 63 43 29 35 35 26 15 10 7 5 34 61 60 41 28 14 23 57 88 57 50 49 24 10 12 6 23 81 98 47 42 34 51 68 57 54 49 28 0 0 16 28 30 17 4 4 10 15 18 20 20 20 24 31 30 67 57 47 69 64 32 32 35 64 41 19 59 142 145 108 68 7 0 34 9 7 26 18 17 46 46 27 60 38 43 40 91 93 91 55 29 34 36 32
37 44 64 48 46 37 29 37 29 27 25 26 32 33 25 14 21 29 19 26 51 37 13 20 40 31 39 31 6 17 39 31 38 100 117 40 14 42 97 111 59 54 37 19 9 1 6 23 39 22 7 5 9 12 13 15 23 26 42 48 40 71 51 44 58 46 27 44 46 24 2 23 67 115 104 102 102 41 15 51 50 49 45 17 20 52 48 36 45 42 50 36 49 69 71 24 3 0 2 10
75 82 89 46 46 8 4 38 83 60 41 42 49 43 21 2 9 38 35 28 40 28 8 17 32 44 60 39 12 48 93 88 66 90 85 14 2 55 131 144 91 63 21 12 28 21 12 26 51 32 14 10 13 12 12 14 9 12 36 46 30 47 21 20 49 42 16 22 53 49 36 55 37 48 72 109 90 38 49 84 101 94 71 30 36 59 35 13 56 68 68 83 25 55 54 49 16 27 36 37
53 111 107 44 41 8 23 79 113 109 85 44 15 7 8 7 21 50 65 51 23 0 0 22 30 54 57 63 58 50 98 121 71 29 24 10 32 60 80 59 24 44 61 34 36 5 1 43 51 29 15 12 12 18 17 4 0 10 27 26 22 26 33 35 57 70 40 47 82 70 61 78 46 44 59 77 53 66 63 89 105 93 40 42 26 49 13 8 46 64 75 70 22 47 56 39 28 39 29 8
51 87 86 62 42 32 38 69 93 83 60 35 27 31 25 12 17 40 49 47 52 53 49 49 49 31 18 46 76 56 71 77 54 3 5 24 23 27 49 57 56 80 84 30 26 11 6 25 45 23 7 4 7 16 18 8 7 8 6 8 21 37 41 37 63 66 39 50 73 52 32 28 68 49 33 30 23 53 37 31 53 34 4 38 32 54 34 41 80 76 35 23 18 26 9 20 42 46 28 6
103 88 56 49 16 30 24 26 38 37 29 21 30 43 38 21 22 45 48 38 48 68 83 92 49 24 20 53 77 27 23 36 27 46 61 41 16 31 61 60 49 82 86 19 12 16 23 34 27 17 10 11 17 22 19 13 11 2 0 13 39 49 33 10 46 35 17 37 54 40 25 4 35 42 40 27 23 51 24 1 31 28 10 22 17 78 87 74 81 68 45 47 33 27 32 64 83 80 57 34
162 117 59 42 32 43 28 16 5 19 23 16 20 36 41 33 33 47 46 35 36 44 59 77 38 19 23 40 41 0 0 27 55 121 117 36 30 25 38 19 28 50 65 17 12 13 31 55 39 36 26 18 18 18 19 25 18 10 13 34 57 61 44 25 43 21 9 33 42 42 48 27 0 27 48 38 40 54 27 9 71 63 46 36 11 60 69 40 43 21 52 69 16 8 37 37 50 51 32 13
88 70 36 12 43 40 34 36 46 53 43 18 11 26 38 35 32 29 28 40 47 29 13 19 36 12 7 19 15 18 21 30 27 65 47 5 75 27 39 61 47 29 39 23 26 7 13 40 63 62 40 16 10 8 17 39 39 30 27 35 47 58 73 86 70 45 32 47 40 39 56 38 24 34 45 33 49 54 34 31 25 0 11 51 39 45 50 47 41 24 52 66 52 62 74 38 26 37 32 19
20 34 30 5 46 52 76 99 98 92 60 17 3 19 29 24 24 19 22 38 38 10 0 17 31 25 40 63 29 68 51 30 37 58 37 18 82 13 43 94 71 19 17 18 32 7 0 12 40 52 40 25 27 20 19 39 40 31 27 28 28 35 61 91 75 54 40 46 31 22 37 25 0 8 25 8 18 4 0 14 29 10 17 38 29 25 20 12 20 47 37 16 62 78 64 47 6 27 33 26
5 13 14 2 16 46 72 73 79 85 64 23 3 16 28 26 28 27 26 29 23 6 11 40 28 37 70 105 24 86 65 35 50 64 40 43 57 38 89 117 61 20 20 10 21 13 14 19 17 36 30 28 45 35 18 29 27 18 19 29 31 28 42 63 62 47 28 32 25 18 34 31 5 36 66 42 50 23 11 32 24 33 31 19 27 47 46 25 39 88 71 16 53 53 34 27 5 30 39 36
33 24 24 37 22 66 61 15 23 57 67 36 11 19 37 43 41 34 23 26 37 32 23 26 34 25 42 81 0 79 70 45 109 66 12 51 32 44 79 65 44 33 46 13 9 18 40 46 40 46 22 13 34 30 14 25 26 11 12 32 47 49 57 71 67 52 25 28 32 32 52 58 41 57 68 40 67 49 21 19 34 38 37 37 53 51 40 31 46 77 84 39 51 51 43 8 0 19 28 26
63 58 34 37 61 85 92 81 62 81 52 13 17 27 25 30 14 15 8 11 67 40 15 22 19 32 11 0 39 68 43 52 119 70 14 43 20 54 61 48 34 98 95 7 10 17 17 41 28 36 20 7 17 15 8 18 24 0 17 33 106 86 81 88 69 46 35 16 50 45 46 55 24 38 39 24 25 33 27 28 38 47 48 41 54 45 27 39 41 45 57 77 43 27 14 18 34 30 31 15
53 31 48 67 103 107 100 41 64 65 54 35 29 38 33 15 20 22 19 28 82 62 39 42 55 42 34 28 98 90 43 27 70 56 26 50 37 59 54 29 56 134 138 42 36 38 21 20 39 24 43 46 11 7 19 2 24 16 20 26 51 34 29 48 52 29 53 62 67 41 35 26 12 45 70 49 31 40 47 57 57 57 52 16 87 29 23 58 51 16 52 100 40 27 30 9 18 49 35 12
38 36 48 46 111 61 36 37 41 44 58 51 27 32 45 34 21 30 42 64 107 85 52 38 45 40 66 59 114 67 34 33 36 36 31 64 70 64 65 62 83 133 125 40 40 39 21 20 49 53 50 38 22 7 13 35 20 22 13 20 23 19 13 27 47 22 58 91 81 48 41 18 25 71 112 79 55 81 86 75 37 49 60 37 82 30 28 46 53 28 50 77 27 42 55 27 41 31 46 75
44 29 35 37 77 15 0 41 70 43 15 11 26 36 21 0 19 23 35 58 87 78 49 27 21 33 69 56 78 40 34 60 34 17 15 57 69 34 50 90 104 105 85 29 41 29 17 36 47 55 34 20 26 13 15 54 42 36 26 40 65 66 60 42 17 19 45 86 99 83 81 67 36 59 83 40 26 63 38 0 4 40 62 91 32 45 33 5 23 64 57 31 20 63 60 40 20 23 62 87
54 1 48 78 51 51 49 21 29 57 35 4 7 0 0 41 36 19 9 20 34 54 53 38 30 35 41 30 45 50 38 51 57 39 30 60 60 17 35 78 92 91 83 39 42 23 17 43 40 12 18 27 10 14 30 20 24 12 13 24 69 51 54 9 47 90 75 73 75 53 43 49 34 18 39 36 63 103 74 57 16 51 38 93 7 53 37 13 18 77 74 44 31 70 61 39 46 122 137 100
33 28 82 75 40 87 82 29 38 84 56 18 34 24 17 66 70 42 22 26 21 54 61 41 31 31 25 13 26 52 31 21 58 62 54 69 53 37 45 53 43 69 80 26 19 14 24 45 41 25 14 11 11 17 21 15 18 13 27 35 68 35 58 16 31 94 51 26 25 21 40 79 42 2 21 36 62 59 16 48 48 64 6 46 30 52 58 92 88 79 87 94 48 61 76 71 52 59 59 60
25 56 88 30 39 86 75 53 50 115 110 53 20 0 13 68 80 52 36 44 26 63 66 35 20 18 31 16 40 54 40 22 38 44 33 55 27 42 50 42 8 36 62 27 30 29 31 38 43 60 32 6 22 20 8 24 4 7 14 32 39 13 53 31 53 91 33 18 6 4 28 53 7 6 47 59 85 66 0 36 51 71 18 43 40 46 84 140 135 78 68 103 61 42 62 102 107 29 20 65
52 27 67 18 49 91 93 50 37 75 73 29 4 7 27 51 62 31 14 25 6 56 68 40 27 10 36 25 79 81 74 44 52 36 14 51 16 42 58 60 12 23 62 68 91 66 33 20 40 47 59 45 17 18 21 0 17 19 8 39 27 17 58 51 63 73 29 55 45 35 33 15 24 78 138 126 152 140 41 43 38 78 61 88 22 36 92 123 108 68 35 75 71 24 13 92 108 87 47 31
80 12 28 25 85 122 115 24 7 40 31 8 18 27 35 58 63 45 20 7 20 42 48 39 24 29 24 41 82 96 81 75 85 56 45 49 42 39 71 112 63 33 103 143 55 9 10 67 103 53 26 42 7 14 20 24 20 24 9 20 39 24 58 36 39 69 17 53 98 88 46 9 68 198 230 151 197 214 125 58 31 105 85 91 49 65 98 113 83 45 55 73 58 47 57 77 91 83 71 60
79 31 42 15 74 81 75 19 5 37 41 26 28 32 36 48 44 38 27 17 18 29 39 44 31 31 24 32 65 88 79 63 87 58 13 7 33 23 66 109 94 75 98 158 107 57 29 85 83 22 1 40 22 14 15 33 29 29 19 5 0 0 50 5 26 67 62 76 44 49 60 19 82 234 223 94 160 228 150 105 47 96 58 63 45 82 83 43 41 51 58 39 46 95 107 74 26 38 54 66
35 25 47 11 46 26 31 28 61 69 63 43 31 26 18 7 21 23 27 28 23 20 25 34 52 40 28 24 35 57 55 31 38 0 0 13 19 40 95 61 56 93 162 153 163 67 35 43 51 12 0 26 36 43 24 8 27 24 25 8 3 41 94 19 25 89 63 44 35 60 79 70 69 140 133 60 96 135 82 100 75 70 24 57 42 59 56 36 23 37 46 41 45 73 80 53 32 42 54 61
32 15 26 10 13 10 21 37 58 49 41 33 30 39 37 17 26 27 35 46 43 33 31 37 46 24 17 15 10 23 33 19 61 36 50 47 28 85 102 46 45 157 219 130 56 49 27 62 54 38 23 27 26 23 22 31 27 25 29 34 77 126 145 59 11 63 22 6 32 88 116 130 88 42 66 84 65 60 50 94 56 39 16 75 55 46 27 22 33 34 42 58 41 10 14 24 73 65 56 49
80 27 16 30 4 32 31 27 0 4 17 22 21 28 29 17 20 23 30 34 26 18 28 45 30 6 8 16 7 12 32 39 66 71 40 5 11 72 35 78 26 53 255 252 209 46 55 198 230 117 26 36 78 47 12 21 36 40 34 45 115 135 114 55 24 40 53 66 46 105 163 164 73 15 21 26 14 31 44 39 62 46 0 13 2 40 46 52 106 107 85 83 68 43 54 61 59 46 35 33
64 28 45 73 23 41 30 14 27 59 87 87 68 46 31 27 11 19 24 14 0 0 28 59 60 42 35 31 17 12 28 43 50 42 35 33 24 51 23 95 26 89 236 226 141 64 34 147 233 161 84 61 82 37 14 40 35 41 33 31 83 70 41 24 10 35 58 71 39 57 72 77 69 58 22 0 33 46 51 5 4 26 15 41 28 47 43 76 149 112 43 45 59 45 59 62 44 27 15 17
26 16 55 64 42 32 23 13 25 59 74 72 65 39 15 16 26 33 34 25 22 34 57 75 84 79 55 27 17 17 21 29 31 15 48 69 33 19 53 61 21 55 113 70 78 0 0 72 142 116 54 16 66 54 28 24 29 25 31 24 47 31 21 20 34 73 77 70 49 42 16 27 44 45 20 16 65 34 75 30 21 48 29 42 28 40 46 124 170 98 9 43 83 54 54 57 49 34 26 30
47 16 24 3 45 33 27 16 38 50 36 30 50 39 13 14 28 27 24 28 46 67 69 58 59 70 39 0 5 24 26 27 32 58 66 59 67 43 136 127 88 105 56 63 107 33 27 111 167 130 57 11 55 27 3 14 35 15 36 34 42 39 45 34 58 71 102 93 27 41 53 44 17 9 25 47 66 26 142 100 61 95 44 14 16 60 49 96 149 96 17 58 110 81 65 46 38 37 48 67
49 39 42 9 38 8 22 27 41 62 48 31 39 25 5 13 24 39 38 21 19 33 32 15 28 58 46 3 27 23 21 26 51 61 45 43 41 19 141 131 119 137 98 179 108 12 7 118 156 70 34 66 64 46 0 28 37 11 31 33 52 49 46 49 41 52 69 81 9 48 71 66 25 22 35 46 52 20 108 122 93 93 62 14 60 109 72 21 58 76 58 97 82 58 41 46 49 3 41 46
47 21 24 44 49 36 22 4 36 58 45 27 36 31 16 23 28 28 24 20 23 33 39 39 35 42 53 37 39 23 30 31 46 45 24 9 14 0 73 62 39 76 113 247 255 113 69 191 241 132 103 155 104 66 56 45 43 38 32 25 65 60 50 54 55 39 35 83 42 23 27 32 62 57 45 36 26 23 73 68 58 85 45 23 39 111 82 47 58 81 49 54 45 42 41 51 61 28 32 30
73 33 18 59 31 46 31 19 15 33 19 3 21 37 37 42 54 37 26 30 35 37 48 62 59 19 23 30 38 26 36 24 46 30 16 12 57 44 54 28 42 27 117 255 250 83 57 176 219 137 76 134 132 89 74 53 44 55 34 24 67 42 29 36 21 57 67 92 81 54 38 22 30 53 62 57 42 52 42 10 28 82 48 65 28 85 65 70 115 105 41 20 31 37 50 78 63 67 54 62
73 56 26 39 10 39 44 61 52 57 34 15 36 62 65 62 39 22 10 13 21 28 40 53 50 11 8 17 42 34 45 44 20 35 57 32 49 31 24 46 45 41 116 241 184 49 27 183 255 184 112 122 111 69 59 61 62 55 40 44 61 11 5 13 65 54 49 74 119 96 33 15 22 28 49 57 85 103 70 26 61 79 30 71 27 49 7 2 91 63 28 39 79 48 25 42 27 66 61 94
40 64 38 12 24 43 50 76 93 85 60 43 57 74 64 44 28 29 25 24 37 59 73 75 83 88 75 40 38 1 0 23 71 51 40 1 31 33 0 18 17 112 133 248 216 117 28 220 248 80 58 120 141 144 116 61 118 46 22 28 28 4 34 48 0 68 106 29 55 137 109 81 52 15 29 48 120 114 83 44 34 58 47 74 48 79 73 79 46 28 38 58 110 68 37 39 55 83 75 117
43 77 48 0 41 51 49 63 59 51 43 45 60 70 55 31 11 28 31 22 31 58 68 59 48 66 50 14 36 23 36 74 31 32 41 6 16 20 0 38 44 135 131 244 216 155 72 210 251 114 110 118 80 35 14 9 46 0 17 41 59 71 80 60 29 65 92 45 42 97 54 27 33 34 100 156 201 104 53 27 32 62 79 56 26 70 70 67 48 45 80 61 100 80 77 63 52 42 27 49
50 71 50 12 40 46 43 44 23 16 23 39 52 60 57 45 33 52 56 42 41 55 59 49 33 27 18 4 33 33 50 67 44 43 56 53 76 86 52 65 29 44 60 169 153 103 105 175 225 200 229 241 235 182 127 69 111 87 106 35 23 60 43 10 22 83 109 103 63 107 98 45 19 65 152 243 243 101 53 58 67 67 101 95 82 127 71 42 30 22 84 57 87 63 58 18 44 25 40 35
19 38 45 38 37 39 35 29 20 8 13 24 24 27 34 34 33 49 53 41 33 37 38 32 10 2 34 46 48 30 44 40 26 41 61 48 34 29 11 33 72 77 108 200 242 146 181 246 253 244 255 243 218 243 255 128 39 112 189 88 73 115 57 5 33 25 5 94 75 90 105 50 44 61 80 171 171 74 72 116 66 86 173 189 117 108 26 41 37 0 42 24 61 38 40 0 56 57 119 101
4 11 38 34 38 13 25 31 43 26 16 8 0 3 15 17 26 39 35 28 38 44 30 18 17 12 55 83 97 46 18 20 26 40 68 27 64 128 74 103 125 20 78 124 170 103 171 255 250 255 235 255 255 238 252 201 142 156 196 122 87 171 126 84 136 83 25 63 117 76 20 10 68 106 55 70 107 81 87 74 24 77 154 152 97 64 24 104 107 18 30 45 15 43 32 71 92 121 105 82
32 17 15 13 33 15 25 41 63 31 16 19 20 24 36 42 45 60 54 31 19 16 23 36 31 23 60 90 157 90 43 32 32 78 71 19 65 132 117 149 146 82 122 87 110 42 104 219 255 220 255 248 246 255 237 248 235 255 200 192 101 184 173 195 230 178 90 110 79 46 109 52 75 141 108 182 229 200 117 55 52 52 70 61 91 81 86 168 153 50 15 28 54 55 23 95 43 87 62 25
31 28 29 29 41 15 25 62 64 25 11 30 43 49 57 62 70 84 78 53 30 17 26 49 43 34 46 47 127 70 58 68 53 75 68 68 135 202 181 160 148 25 114 78 196 245 171 255 240 240 253 248 20 248 255 164 86 255 243 213 210 245 243 211 232 158 18 28 118 63 129 95 125 170 111 215 251 214 93 50 111 78 33 63 131 129 95 117 113 38 47 37 42 61 41 35 30 26 18 11
44 54 52 47 48 24 28 65 43 17 13 33 50 63 68 63 87 75 47 22 13 13 29 56 65 47 27 0 35 18 45 50 26 27 72 47 72 175 109 67 133 66 227 190 171 251 182 226 255 230 251 255 216 244 127 180 210 252 189 194 253 255 214 203 180 147 90 40 145 34 46 25 150 180 66 72 82 92 32 26 112 101 39 113 122 136 68 37 7 22 112 76 22 40 84 92 115 26 44 84
75 67 43 37 42 38 31 44 31 26 26 28 37 58 66 52 11 19 24 32 37 22 3 1 42 30 18 19 12 42 69 22 57 85 0 138 135 40 85 147 177 255 228 244 248 252 200 240 235 246 255 251 242 139 231 252 255 68 235 250 200 148 203 87 118 249 183 62 152 66 48 94 125 129 60 75 83 34 0 25 79 88 47 89 34 63 48 6 72 33 35 15 32 32 68 138 131 41 45 64
53 41 32 47 38 36 27 32 34 38 36 20 15 36 47 31 24 28 21 17 25 28 32 42 17 34 50 72 23 57 86 17 53 104 31 120 175 155 52 175 200 155 108 255 243 228 238 249 253 249 240 255 248 248 255 255 243 178 253 252 241 255 238 208 57 201 197 199 151 110 100 48 0 11 25 83 126 60 26 41 47 50 44 44 21 42 61 0 31 4 41 62 44 9 16 57 108 97 62 19
41 17 30 75 45 28 20 29 39 44 45 31 16 23 27 14 25 38 39 39 51 53 43 36 34 61 77 81 22 20 56 4 68 88 25 117 175 202 8 123 133 25 24 226 255 255 248 255 230 255 252 246 255 250 247 233 254 249 255 221 250 220 217 255 96 191 173 163 68 40 27 8 47 86 72 23 39 54 43 0 17 33 41 37 61 74 67 16 58 20 33 38 9 50 76 52 64 93 54 13
92 24 18 79 50 29 16 19 44 46 55 54 37 27 20 8 13 24 22 25 46 50 22 0 19 35 40 45 36 19 56 17 54 65 39 109 84 171 20 134 125 130 128 244 250 237 255 213 255 222 255 232 255 255 201 255 255 230 224 255 249 202 228 196 105 105 113 36 0 67 82 58 42 43 27 10 18 31 44 35 34 76 59 44 43 49 15 18 76 87 61 31 14 60 67 68 33 39 29 42
83 49 47 64 59 51 47 35 39 47 31 42 38 49 29 30 41 28 30 35 6 54 90 84 49 53 101 145 164 96 83 113 141 94 86 170 79 37 42 139 123 213 145 253 249 237 246 191 255 236 255 235 250 255 246 253 255 247 231 248 253 252 243 140 54 43 114 34 3 62 75 26 18 68 69 21 80 91 108 92 89 111 91 36 18 13 0 15 94 107 68 54 82 46 74 81 107 66 39 37
76 46 47 64 55 45 44 35 41 53 55 71 55 57 47 55 51 39 52 74 47 77 103 101 106 102 121 144 193 122 97 126 135 121 109 155 237 81 123 206 175 183 151 220 255 249 255 206 222 255 239 255 255 236 255 224 229 255 255 255 214 230 94 135 58 218 157 100 20 60 36 33 127 158 127 40 56 78 100 82 92 82 61 10 23 86 70 87 50 83 44 67 93 93 101 109 102 68 58 74
97 46 24 34 37 46 57 54 59 58 64 74 47 43 52 74 62 42 48 67 27 27 30 28 58 54 45 50 113 65 41 70 94 97 103 54 139 92 53 54 90 21 26 128 244 249 232 232 221 252 246 255 252 187 238 230 248 236 244 234 152 205 34 85 153 252 168 105 59 120 175 150 77 82 69 26 18 33 63 76 69 13 21 46 85 138 76 85 68 86 63 80 12 79 123 93 18 9 32 69
129 59 21 37 62 87 97 84 48 36 46 62 43 32 45 63 38 24 29 55 35 49 56 57 28 43 40 47 62 47 25 36 38 81 85 4 41 146 65 8 90 34 146 255 234 253 255 249 193 255 240 243 226 99 255 250 255 243 252 255 217 242 105 49 83 62 96 76 77 112 119 42 54 68 88 64 30 45 67 80 48 8 22 54 48 65 27 52 30 104 101 113 75 147 143 92 45 50 71 87
77 23 8 40 68 83 77 54 18 9 32 66 76 54 43 42 50 40 31 39 17 30 26 17 10 42 65 86 23 34 21 12 51 106 74 22 57 66 47 20 53 108 170 226 235 255 243 237 237 237 252 238 255 237 253 217 242 254 245 242 255 250 137 86 38 35 32 41 31 72 0 10 72 118 145 71 10 47 57 31 78 79 63 79 91 129 127 98 61 49 92 139 97 149 139 16 0 47 119 160
52 20 25 53 62 64 66 56 31 24 38 66 101 70 41 32 42 43 37 44 26 40 35 30 24 38 68 101 18 45 63 65 64 60 76 84 61 40 54 82 99 175 244 255 255 224 238 255 250 255 238 253 231 193 241 255 255 232 233 237 239 241 131 126 80 130 74 98 80 110 48 92 106 130 167 101 50 58 55 39 58 73 63 95 139 149 150 105 61 29 34 76 94 94 83 64 39 66 99 106
51 17 13 24 17 20 39 46 51 51 48 55 100 62 23 19 27 31 29 40 20 25 28 46 41 18 44 85 48 47 71 87 74 38 60 90 21 49 34 57 76 133 165 200 255 255 223 249 255 220 255 245 255 244 225 245 225 228 255 255 255 234 111 112 115 123 58 68 55 77 83 104 115 83 125 105 86 43 30 55 57 86 114 110 113 59 73 94 97 46 69 110 75 44 49 59 44 38 46 54
70 28 11 14 5 10 30 37 33 50 50 51 100 52 2 0 20 21 21 38 17 16 34 77 52 7 37 86 94 33 24 34 62 75 4 37 49 31 28 21 42 48 58 67 49 220 255 255 238 190 182 82 197 234 255 195 126 237 232 183 230 152 42 84 74 63 3 26 11 46 33 86 78 26 64 49 64 27 23 60 57 90 140 107 131 83 55 52 40 27 32 64 50 33 18 55 54 14 0 5
74 38 14 28 19 40 40 31 21 16 30 46 80 44 21 16 23 13 14 7 27 16 38 59 56 14 20 90 37 30 7 2 57 95 73 23 23 37 34 35 51 52 46 58 69 157 255 251 239 255 137 74 68 165 192 156 78 164 120 68 87 74 1 45 41 63 0 57 17 23 22 67 72 16 39 25 62 3 41 100 91 106 120 107 91 81 58 18 4 14 33 62 83 57 46 71 66 31 38 85
47 36 39 52 14 13 24 41 21 28 55 89 84 58 36 33 46 28 21 13 14 14 39 59 45 31 27 50 49 57 42 28 30 70 70 35 22 26 36 50 44 52 66 58 114 42 43 62 100 124 57 76 23 41 59 91 36 66 43 17 29 39 0 39 27 41 7 71 29 31 0 50 71 34 50 25 47 8 38 85 83 83 64 36 10 23 19 0 12 73 125 131 108 73 67 89 46 23 37 78
39 31 37 54 11 0 4 18 27 50 76 107 70 62 48 53 38 27 30 38 16 18 25 27 33 40 31 19 53 58 50 39 26 28 26 22 25 31 36 39 40 26 34 25 98 14 0 64 120 88 53 36 42 6 28 1 0 16 52 38 24 50 29 54 9 17 1 44 14 49 15 63 52 37 49 35 52 34 28 40 56 28 16 55 28 15 5 31 22 34 53 81 95 90 61 41 19 10 25 52
51 40 37 49 19 25 26 27 40 75 74 55 28 29 23 33 32 28 41 65 30 36 31 17 29 35 34 24 35 25 21 25 21 0 0 7 21 30 37 36 15 3 34 66 66 58 21 38 16 17 47 18 46 18 57 6 21 31 65 24 15 69 58 59 39 48 13 36 9 50 18 25 33 37 52 52 57 51 34 45 77 37 27 93 58 28 8 52 48 10 0 28 30 30 17 15 34 27 35 43
42 38 32 35 11 38 51 49 83 128 101 30 39 35 27 32 29 20 23 40 12 34 40 28 29 39 48 45 11 10 16 19 7 3 18 30 17 10 31 55 95 64 61 71 29 76 57 50 47 37 20 27 0 8 38 55 39 34 42 14 47 85 41 13 68 78 41 105 87 86 48 15 12 20 33 35 28 32 34 74 78 57 27 48 14 35 39 69 63 25 13 38 6 10 17 27 43 32 29 26
54 37 21 27 16 47 49 33 49 95 78 10 37 31 21 17 17 10 10 19 13 36 44 31 25 43 56 50 18 36 47 36 30 41 54 52 31 11 20 44 38 33 48 60 85 77 46 30 27 10 0 21 28 40 33 23 21 21 35 46 87 72 28 10 49 46 26 135 131 99 71 46 33 21 25 38 55 62 55 80 42 29 13 32 15 43 61 88 63 46 50 78 32 52 47 23 24 12 10 11
69 41 30 54 42 50 36 20 28 60 74 59 58 57 51 41 21 23 32 34 54 63 59 38 17 26 35 37 68 67 62 52 54 56 39 31 42 38 25 28 20 29 54 77 151 95 64 37 41 42 52 5 34 28 45 31 9 11 23 37 53 34 65 75 41 24 16 92 73 53 35 34 21 5 10 17 50 53 33 33 50 31 33 57 45 40 50 71 72 76 103 126 39 45 49 38 25 19 29 42
27 17 34 72 37 16 9 21 37 49 85 116 71 72 70 57 22 26 33 26 63 64 58 35 11 0 4 26 120 77 50 53 38 38 5 0 37 57 45 45 35 36 54 89 147 95 76 26 34 48 46 29 34 29 7 8 0 5 22 38 45 45 114 100 55 46 53 74 37 51 35 41 36 41 58 35 45 42 45 60 63 57 51 34 26 41 64 66 71 49 71 115 33 38 54 62 31 32 54 76
0 0 23 41 24 3 5 15 32 48 63 103 66 82 59 49 15 10 25 24 4 13 27 13 7 0 21 47 39 30 30 22 37 41 20 0 19 50 58 52 41 45 63 76 70 58 43 25 21 20 32 37 23 15 17 16 10 15 37 38 90 100 132 66 40 118 101 88 47 36 41 24 22 32 52 50 73 55 58 59 57 46 33 19 15 37 59 61 45 34 34 62 37 35 53 67 37 19 28 55
34 19 22 33 23 12 16 22 8 10 31 45 60 80 73 29 5 24 33 27 21 16 15 19 27 17 24 39 37 28 23 19 38 40 22 5 17 39 43 38 36 46 59 53 34 34 46 48 29 28 39 42 28 22 28 31 43 37 29 31 59 86 112 63 47 119 97 76 81 45 28 7 0 0 0 0 52 58 40 12 29 51 57 37 22 30 50 65 47 20 18 36 39 23 38 53 49 32 36 52
75 36 14 19 25 27 23 14 21 29 43 36 42 68 62 11 22 60 64 50 47 30 22 48 40 32 22 26 35 30 24 29 41 37 23 12 17 30 32 25 29 31 31 21 16 34 51 46 34 30 42 50 41 32 26 17 11 36 43 43 13 34 65 59 110 74 13 55 163 109 62 51 81 90 55 4 26 31 17 3 21 53 52 24 13 18 42 77 54 35 45 51 54 8 10 38 70 55 53 56
69 44 31 29 22 20 22 18 32 60 61 65 14 44 26 3 11 47 58 39 15 0 0 30 55 54 33 23 34 32 28 42 43 29 19 16 20 31 33 24 25 31 36 28 25 41 44 25 33 21 25 36 37 34 26 11 23 25 25 30 18 41 49 27 88 53 41 124 189 96 37 48 111 132 92 25 12 7 7 25 33 47 27 8 16 19 33 72 71 63 78 106 115 71 33 55 79 67 63 59
31 47 68 61 28 15 30 44 52 66 70 99 60 82 61 47 34 54 85 74 25 3 20 32 66 71 50 29 30 27 26 41 39 21 15 16 20 35 41 26 22 48 70 58 34 32 34 20 25 15 17 22 18 23 34 35 24 5 11 12 39 77 90 58 50 37 45 112 123 96 69 68 88 104 84 62 55 40 24 36 39 41 20 15 33 26 24 53 40 26 25 90 119 123 41 39 29 17 12 10
26 43 68 71 54 48 52 50 27 5 23 62 87 90 75 40 25 37 78 84 36 12 19 11 44 53 44 27 21 23 27 35 34 21 23 21 14 31 41 22 20 37 55 50 35 37 42 32 18 24 39 40 20 13 25 33 25 10 22 4 15 45 43 6 0 21 72 127 71 31 14 29 71 75 73 85 71 54 34 42 46 45 24 14 28 33 36 52 44 36 29 79 83 122 46 43 43 25 20 23
38 38 47 55 59 65 59 39 19 0 22 62 84 83 67 33 15 28 56 72 59 35 18 7 19 25 32 26 21 31 39 31 35 35 46 34 9 21 34 12 17 15 20 24 27 43 57 54 31 31 43 46 30 19 19 16 35 21 24 33 62 132 108 57 29 0 0 43 54 35 17 32 23 23 32 56 28 28 30 43 50 53 33 12 30 70 79 61 35 40 48 46 13 62 27 35 66 38 28 37
31 38 49 45 34 40 47 40 2 20 37 82 44 56 34 27 13 30 36 53 76 55 19 16 21 23 36 37 29 43 48 26 40 51 69 48 7 14 28 4 13 16 25 24 14 27 60 80 57 29 14 17 23 32 34 25 35 43 38 34 16 104 91 73 68 63 58 39 72 55 37 40 31 21 30 57 26 39 42 36 44 56 47 29 62 125 121 60 27 30 49 19 0 49 42 44 75 39 25 36
23 21 27 25 51 28 24 30 4 22 33 37 40 32 27 35 33 18 16 35 48 41 29 26 25 24 31 36 38 49 55 45 37 61 60 36 24 22 23 29 41 40 46 52 5 27 54 65 43 20 0 12 39 39 25 25 38 37 29 28 43 51 29 0 29 41 49 52 45 28 27 44 42 33 78 126 92 107 101 52 55 33 26 20 74 128 134 68 42 72 85 61 17 31 63 31 50 47 0 49
15 13 21 26 8 10 15 9 17 35 49 54 47 34 34 50 40 22 10 16 25 28 28 29 29 16 17 28 37 48 50 39 47 46 37 32 36 34 36 49 63 61 70 84 47 54 52 41 26 23 14 19 37 39 26 21 23 29 31 44 68 67 38 15 32 33 28 18 13 21 29 30 28 51 72 115 117 105 67 62 29 22 26 19 51 67 73 45 44 67 97 94 50 49 69 30 34 36 0 53
23 31 50 60 11 39 51 31 26 37 53 58 42 23 29 49 38 24 9 4 11 21 27 29 20 17 27 33 21 19 35 46 52 29 12 24 40 32 29 45 69 65 73 82 53 55 53 43 62 64 47 31 32 30 18 12 0 20 25 23 26 21 33 68 110 67 63 86 73 44 33 30 14 13 35 75 54 47 34 31 23 17 20 19 44 26 34 55 68 53 68 84 52 53 74 33 40 41 11 61
35 61 87 90 63 94 105 83 42 36 43 46 25 4 5 17 24 22 18 18 27 41 45 43 23 20 32 35 13 2 21 43 41 20 3 14 31 26 23 37 58 54 57 56 40 55 87 107 110 94 61 39 37 30 20 20 22 35 41 62 84 66 43 53 37 0 15 78 87 67 55 42 28 24 40 57 14 17 24 21 31 26 29 47 85 44 37 79 87 33 27 60 54 67 90 48 51 47 20 54
29 59 76 59 78 94 104 91 59 39 37 40 22 8 6 3 21 25 28 35 48 60 62 56 37 19 18 27 21 15 22 27 29 25 11 6 19 29 38 51 9 3 8 8 13 32 74 103 86 57 31 39 58 50 36 40 20 37 51 67 74 47 14 8 44 32 46 62 66 84 77 30 52 92 74 50 28 26 12 34 37 49 65 87 122 63 36 71 72 23 22 66 69 77 92 55 19 13 0 19
21 34 33 6 43 46 55 52 48 29 34 43 34 40 50 40 40 34 31 34 41 44 39 33 27 18 24 31 22 19 27 31 34 40 22 2 10 29 42 51 23 13 17 21 41 41 56 64 37 13 5 39 70 58 36 36 55 73 79 55 23 17 33 46 26 30 46 56 62 85 90 62 82 99 79 44 1 19 26 26 47 79 96 92 106 51 29 54 48 27 27 53 47 42 55 34 25 21 21 38
32 19 12 8 15 20 25 19 20 15 33 41 31 52 79 73 48 32 22 26 30 23 12 7 11 21 40 39 19 15 30 39 39 43 28 14 24 36 35 33 28 16 17 13 36 24 33 40 51 35 24 39 56 40 18 16 61 55 53 35 24 52 61 26 17 23 39 52 51 47 53 63 83 58 64 58 0 26 49 12 37 86 108 84 91 60 43 42 33 32 22 30 32 31 38 25 11 4 11 18
47 19 18 45 15 27 26 12 7 13 38 36 13 35 70 67 35 17 11 26 36 28 16 13 17 23 35 35 24 27 32 26 31 33 27 32 52 56 38 26 23 13 12 0 21 16 50 79 100 85 57 38 33 20 7 10 27 28 40 26 14 61 80 29 17 46 49 24 12 19 31 41 27 31 42 62 42 47 24 0 5 71 112 96 114 99 66 27 21 33 22 37 65 73 66 43 17 5 7 2
19 6 0 14 33 41 34 24 13 12 35 38 12 19 38 29 30 16 22 23 24 58 73 39 9 21 26 20 17 24 32 33 22 5 27 45 26 18 20 3 16 33 34 10 33 19 38 71 95 66 15 3 13 24 35 23 23 12 24 17 61 67 47 28 43 86 63 1 42 40 38 51 35 41 69 99 60 35 11 29 41 54 91 153 97 94 55 26 28 29 65 47 70 49 59 56 34 36 37 30
31 34 20 35 27 41 22 20 31 27 36 36 21 24 31 19 27 28 40 37 39 78 91 54 6 13 15 13 15 23 27 26 0 7 38 48 29 30 32 7 8 27 29 4 14 0 5 36 58 49 25 25 33 36 48 40 38 25 43 47 52 35 16 20 59 91 71 24 35 33 22 19 24 26 47 71 45 13 14 60 90 70 72 110 76 66 38 24 29 66 89 62 65 67 66 56 44 34 27 21
27 64 56 55 8 18 12 40 47 58 62 45 22 15 23 31 33 31 33 27 37 77 78 31 8 20 28 25 19 19 26 32 41 35 34 23 21 47 48 9 9 21 21 7 19 4 13 37 60 63 46 42 36 35 57 63 60 49 59 59 35 31 20 32 58 72 60 40 16 33 25 9 0 26 37 24 32 30 45 64 64 41 37 56 53 36 26 33 40 62 64 72 74 61 44 54 61 41 31 31
13 52 50 35 7 15 23 56 56 68 63 42 26 18 21 34 30 25 24 18 17 34 31 2 8 33 55 51 26 12 23 43 68 52 31 10 10 39 45 16 26 28 24 21 28 19 21 38 52 56 40 31 16 8 35 49 55 58 60 49 19 44 32 28 25 31 36 54 13 49 46 23 32 63 53 20 46 33 27 11 14 15 18 11 28 13 28 51 59 49 24 37 66 52 50 66 48 32 25 38
21 26 18 3 42 41 38 35 50 43 27 25 42 45 28 13 14 16 30 36 21 5 2 4 7 30 55 60 39 18 22 38 24 32 39 30 15 15 26 30 37 47 51 49 27 5 0 16 34 41 32 33 21 10 31 42 31 42 49 42 13 31 18 26 37 30 31 63 17 55 45 18 33 39 31 44 78 32 30 41 20 32 27 0 16 16 41 59 73 69 36 0 38 44 81 70 35 31 16 28
47 41 35 17 74 46 28 13 26 20 19 29 46 54 41 21 17 6 17 47 55 30 10 9 16 19 34 55 58 43 31 30 14 19 29 36 31 21 25 38 33 60 83 89 43 14 11 36 51 48 31 32 26 21 46 60 32 32 37 35 17 8 18 78 127 86 40 47 10 40 22 0 46 61 46 53 52 5 14 26 19 37 34 3 36 47 56 50 69 73 65 26 35 10 59 42 72 81 39 27
54 61 55 40 73 35 13 22 24 20 31 33 25 38 54 48 34 18 16 44 65 48 23 18 24 13 20 49 67 56 36 28 32 22 13 23 41 44 42 48 45 63 81 97 54 37 36 60 61 49 20 15 9 8 39 57 39 34 32 21 29 5 20 100 161 104 29 31 34 58 22 0 8 44 28 34 19 14 42 37 9 29 37 25 43 51 49 35 45 51 58 56 36 5 57 41 91 117 53 19
42 47 27 31 61 40 15 38 49 25 21 17 5 30 60 53 39 46 49 49 42 25 24 43 22 10 18 46 60 48 32 28 13 17 16 23 42 52 54 62 75 64 56 71 39 33 25 37 53 46 26 27 21 13 37 50 26 34 34 13 44 11 0 47 102 60 5 38 91 110 48 11 6 18 0 34 17 12 40 41 32 45 47 32 20 19 24 27 20 44 39 37 13 51 120 84 54 98 29 0
16 12 2 20 44 21 4 33 58 34 28 25 13 31 69 86 61 59 60 66 34 52 71 82 54 18 18 50 56 36 23 21 28 22 22 15 40 34 41 45 67 63 50 35 27 28 25 19 36 59 61 40 33 6 25 31 13 31 46 22 15 31 16 2 33 37 20 35 73 128 96 41 20 0 16 28 15 0 36 35 0 30 43 8 11 14 29 27 16 16 15 20 73 84 124 78 29 37 0 17
31 27 26 41 50 23 0 7 34 43 46 34 26 38 47 43 31 29 31 40 14 42 72 89 35 2 0 27 36 28 22 20 33 37 42 27 40 22 14 5 42 44 42 36 32 28 20 10 36 62 69 50 42 9 21 22 11 28 42 19 14 33 21 8 19 51 50 38 19 44 40 31 31 6 3 17 36 27 47 29 6 42 58 24 28 33 53 54 40 15 13 42 96 69 73 16 31 45 16 46
26 22 35 52 52 40 25 13 44 76 64 25 25 43 40 31 23 22 24 31 1 23 48 63 32 5 0 16 27 32 34 30 53 57 50 17 25 20 26 21 20 25 29 29 29 26 17 7 29 54 60 41 34 3 15 16 14 30 42 17 12 31 21 10 23 43 38 33 14 29 19 13 36 23 7 12 53 49 51 27 27 65 82 43 38 37 58 63 42 23 41 80 100 31 45 29 43 56 29 64
13 6 27 46 45 57 63 41 65 102 69 13 22 43 39 41 32 36 42 47 6 13 21 26 43 23 15 22 31 44 49 40 63 67 50 4 13 26 51 55 14 15 16 17 20 20 18 14 23 43 42 21 18 0 18 24 24 37 45 15 7 26 16 5 32 23 8 33 52 70 32 0 29 45 30 18 53 43 43 31 37 77 94 48 34 28 49 57 45 38 67 93 81 1 52 85 60 64 27 57
