27 34 48 63 61 48 60 90 79 68 28 71 87 79 52 34 9 22 23 21 32 42 45 51 52 38 21 12 20 40 58 67 47 37 33 5 31 35 35 45 26 29 35 31 20 22 27 29 34 26 14 6 9 15 11 2 14 58 79 51 18 16 29 35 58 49 52 39 46 32 37 34 22 21 29 39 47 58 59 44 30 28 39 45 58 56 32 36 47 69 56 28 27 30 26 29 11 29 53 89
0 0 18 39 34 37 40 22 18 30 4 21 15 18 22 26 26 21 11 21 54 70 57 43 44 37 26 18 17 23 32 38 79 55 54 17 20 35 42 25 17 47 31 28 33 38 33 40 33 25 18 17 21 23 21 18 42 69 99 93 47 8 18 53 63 76 81 39 24 16 31 28 17 16 29 56 69 53 32 23 13 7 18 25 39 39 14 13 40 62 63 40 22 12 8 9 20 39 76 93
23 9 23 22 1 27 49 17 9 39 38 41 21 23 34 39 33 19 0 7 42 56 39 22 36 38 39 37 33 30 29 31 32 19 43 9 0 12 27 0 34 74 24 22 35 41 33 43 38 28 23 25 24 17 16 20 16 15 28 40 23 0 3 33 47 70 93 68 57 39 46 39 57 40 24 33 40 18 14 47 52 31 28 27 39 47 30 30 44 53 60 43 15 8 20 26 19 29 67 67
41 17 9 12 24 53 55 19 15 28 37 42 27 21 19 12 24 23 9 3 14 21 24 31 42 38 35 33 26 16 8 6 0 8 39 10 4 16 37 39 73 81 15 22 22 29 30 32 35 23 18 21 16 5 7 18 32 27 20 19 33 56 72 78 60 55 71 69 69 33 20 11 26 34 33 50 67 47 46 91 80 45 32 26 37 58 59 63 60 48 48 38 18 30 63 76 36 30 51 61
58 35 17 63 146 159 99 52 53 33 43 49 41 29 25 20 19 33 34 25 20 19 34 59 76 54 31 17 8 0 0 0 30 41 46 22 52 53 61 98 87 54 14 34 18 24 38 25 24 13 9 14 11 4 10 25 18 29 26 14 23 54 74 73 50 32 29 19 31 18 21 17 25 46 53 70 99 88 72 91 58 28 31 38 49 73 76 76 59 40 36 33 25 45 75 81 35 20 26 65
35 21 0 43 129 133 85 77 44 18 46 52 43 26 23 21 28 40 44 42 38 28 28 44 72 44 17 9 11 15 21 28 43 50 45 38 102 95 70 98 63 19 30 44 28 31 46 27 26 17 13 14 12 8 12 22 19 20 26 35 44 48 44 38 13 29 38 12 33 58 82 69 63 61 42 40 66 75 63 60 33 18 47 65 64 71 59 45 29 26 26 24 21 30 38 34 12 1 5 51
23 22 10 19 44 48 61 100 41 16 56 54 50 43 44 33 35 38 36 36 37 22 8 10 28 15 9 19 29 30 32 37 35 38 45 45 104 104 75 76 34 15 62 35 30 30 33 25 25 22 18 15 13 11 10 10 23 20 29 47 53 41 26 21 20 54 75 48 63 83 92 62 29 28 25 29 44 57 58 56 32 22 59 73 52 44 25 5 8 29 32 18 12 15 17 20 30 27 32 39
18 25 39 42 28 30 62 93 50 15 42 23 29 47 59 41 34 33 26 28 31 19 5 8 26 27 41 61 63 44 26 20 29 23 34 17 48 66 66 58 23 31 90 18 23 19 11 19 10 13 13 12 14 17 14 7 14 36 53 48 27 14 19 29 26 43 62 48 66 68 62 30 27 28 36 36 24 32 61 81 57 42 74 77 46 38 27 13 13 49 48 20 13 19 32 53 63 63 66 25
22 30 36 37 5 25 38 37 18 33 0 6 27 49 40 33 25 24 17 20 33 31 21 20 47 44 52 64 62 47 39 42 55 35 50 19 22 60 90 69 41 49 42 22 12 16 15 6 9 12 14 12 9 8 7 6 17 72 72 29 10 8 16 38 41 22 49 10 24 36 19 19 26 49 58 32 25 20 78 101 75 56 54 64 60 49 39 28 42 19 41 29 28 27 38 35 56 69 50 81
33 24 16 28 26 66 69 47 89 92 36 19 13 24 18 13 11 19 19 19 23 20 19 29 54 37 23 26 41 57 72 83 71 66 74 35 54 101 116 82 49 27 12 16 21 19 18 21 21 25 22 13 8 9 8 4 27 62 81 59 25 13 34 60 56 41 50 22 24 33 21 24 22 30 28 21 12 10 73 119 83 32 14 44 67 67 59 52 22 2 30 40 56 32 7 0 21 41 39 80
61 43 22 27 28 71 62 25 43 55 18 15 14 33 35 33 27 40 38 24 16 12 22 42 50 35 20 21 40 58 58 49 47 58 65 18 26 45 55 54 56 34 19 23 27 21 17 20 20 27 26 14 12 20 22 17 33 37 55 58 29 11 27 47 40 43 46 55 54 57 40 33 57 66 68 85 52 24 54 101 97 57 34 36 34 33 37 37 48 26 23 13 53 48 23 16 6 24 30 64
68 64 50 42 21 52 47 16 12 26 3 12 16 40 45 38 45 51 38 14 2 0 10 30 58 41 14 0 8 26 25 9 16 24 38 18 31 9 3 33 40 46 44 30 20 18 13 5 9 21 22 12 12 24 27 19 22 20 29 52 61 40 19 17 13 22 16 52 56 60 38 20 51 78 92 120 65 15 10 42 61 59 49 26 17 39 54 44 38 47 45 23 70 67 26 11 14 19 18 26
25 33 32 30 7 35 37 17 47 49 18 23 19 43 48 32 42 45 30 13 13 15 17 24 44 40 24 10 17 34 33 18 3 3 16 22 67 44 17 35 23 29 29 20 13 12 8 3 6 17 21 13 11 18 17 9 8 29 33 54 90 70 22 12 52 50 28 52 54 64 45 26 25 66 86 111 61 24 22 44 38 31 23 22 46 84 84 49 21 39 48 33 71 43 0 2 26 23 24 13
21 15 12 25 17 48 43 18 39 42 23 36 29 49 47 21 15 23 19 16 29 38 35 34 18 27 30 29 36 46 42 30 19 23 23 1 38 39 26 36 39 13 1 12 18 7 3 10 9 16 22 22 21 22 21 17 16 37 30 23 39 33 17 24 35 38 34 31 24 27 6 0 16 56 78 95 65 39 42 50 45 22 17 36 57 70 58 32 31 24 26 21 52 17 0 45 47 44 60 44
62 36 22 49 58 89 75 44 34 42 34 49 31 39 31 0 0 12 12 8 22 35 40 43 34 32 23 13 13 23 31 32 41 45 47 11 25 24 24 39 44 16 3 16 22 10 7 17 14 14 19 25 25 22 22 26 28 21 24 14 0 4 37 49 25 46 82 48 26 20 3 3 10 29 46 58 53 22 26 21 26 22 32 42 36 32 34 31 23 21 33 28 57 33 21 53 54 49 71 47
59 24 9 48 69 105 94 66 57 62 49 56 28 38 40 13 28 42 36 22 26 42 57 71 57 59 60 58 53 44 32 24 28 18 38 42 66 45 24 28 16 19 21 19 17 18 20 21 22 14 14 20 16 5 4 13 28 0 38 59 19 38 89 81 37 66 121 54 18 12 12 34 42 35 38 48 65 39 54 52 26 42 53 36 13 16 24 16 31 42 47 13 38 45 36 37 35 24 42 5
15 18 28 20 52 125 123 70 61 86 73 26 14 41 51 32 44 75 41 40 21 32 53 62 61 69 89 106 96 64 36 25 23 26 5 84 118 80 39 45 31 14 4 11 21 22 20 21 18 18 16 11 4 1 4 11 19 33 22 31 8 35 48 49 15 31 69 56 40 18 47 61 47 61 76 12 27 70 85 71 40 30 31 20 25 38 27 24 30 45 40 19 44 27 19 26 4 13 42 52
18 8 25 51 100 159 123 81 24 41 26 3 20 52 58 51 35 57 49 42 18 6 14 28 33 50 67 69 58 43 31 24 9 44 33 40 59 60 43 39 27 15 8 14 18 16 16 20 16 18 18 14 8 7 15 23 30 20 12 32 34 43 42 36 36 45 54 34 47 49 60 50 62 70 84 28 16 17 14 5 2 11 32 32 43 59 49 45 19 33 38 24 46 35 34 35 37 42 76 105
11 26 61 64 47 67 46 90 60 60 25 6 28 33 17 19 16 23 45 31 15 0 0 21 29 31 26 22 33 44 36 16 5 50 62 24 42 62 44 22 20 13 12 18 19 15 17 24 21 25 26 20 13 14 24 34 17 35 60 48 44 32 41 42 40 23 16 25 53 28 16 26 60 63 80 52 37 23 21 29 13 26 44 32 32 45 33 26 24 30 41 28 45 45 54 45 45 42 71 107
9 11 28 25 14 42 22 88 40 40 11 9 41 33 16 40 23 11 44 21 22 19 25 40 35 25 12 9 25 43 44 35 44 50 65 27 61 78 48 21 14 8 9 19 23 21 23 29 29 35 34 24 14 15 25 34 53 107 151 80 57 36 48 39 43 35 23 31 45 10 0 37 80 69 64 48 38 30 33 43 19 24 30 11 14 40 37 33 25 20 28 15 31 40 51 28 26 24 35 50
22 16 21 20 38 74 46 76 59 64 42 38 53 24 4 36 50 25 51 28 36 44 45 39 22 23 25 24 18 22 45 72 87 59 53 17 51 72 53 35 14 5 4 15 24 22 21 23 29 34 32 19 10 12 21 27 52 91 128 52 61 53 52 32 33 62 44 19 23 30 30 51 91 73 41 30 32 43 47 43 24 21 25 14 29 58 51 43 28 23 31 22 47 62 63 26 16 27 26 15
40 50 55 31 32 42 39 43 22 39 41 49 63 44 35 64 47 23 41 45 45 46 41 23 21 17 19 23 21 22 45 73 76 63 53 23 34 53 48 29 17 6 3 12 19 16 13 14 20 26 24 12 6 12 19 20 11 24 57 7 41 39 33 37 25 41 31 39 50 60 43 48 63 50 13 22 38 65 71 58 40 33 40 42 59 74 48 29 26 33 43 36 75 89 80 40 14 36 34 16
48 43 36 18 41 39 58 19 12 29 43 55 64 54 43 50 31 12 25 69 49 30 32 24 38 25 14 16 27 39 46 49 46 55 51 60 49 48 43 24 18 10 8 14 16 11 11 16 19 24 21 10 9 17 21 17 32 46 72 17 35 33 21 43 55 30 24 79 95 86 52 52 46 37 0 20 28 45 49 39 39 25 33 43 63 71 43 28 21 40 40 23 66 81 72 44 16 32 26 16
39 39 47 42 70 47 83 26 56 67 80 89 92 85 67 52 33 16 24 93 55 17 28 37 45 45 35 22 24 39 45 42 45 48 40 89 73 53 49 41 17 13 14 18 16 11 15 25 24 28 24 14 14 22 23 16 41 68 88 22 42 64 46 57 78 46 26 65 76 90 63 46 49 40 2 31 28 33 39 41 56 29 24 25 36 39 16 11 45 66 53 19 60 76 73 61 23 26 12 9
19 29 43 31 54 30 55 7 46 27 69 87 90 79 45 71 50 15 27 46 37 34 23 26 37 34 32 22 19 40 57 52 45 45 26 91 49 43 54 42 25 11 15 13 15 20 14 25 21 32 29 27 43 47 27 7 21 43 36 33 61 60 37 34 49 66 47 40 79 90 51 22 33 38 35 37 51 52 42 40 45 56 50 7 26 22 13 27 74 60 41 54 72 89 97 70 49 38 18 8
37 31 61 63 85 61 69 24 58 49 83 75 52 38 20 58 33 2 5 19 27 26 12 21 21 16 16 12 11 33 62 73 62 45 8 55 15 16 39 39 31 13 12 6 7 11 2 9 13 20 13 15 42 59 49 35 40 26 1 9 51 59 25 0 32 45 36 40 77 87 48 9 17 33 41 56 88 95 62 27 38 62 75 36 44 29 17 31 65 58 47 60 73 85 97 75 43 26 16 19
21 3 57 63 62 38 49 37 31 0 0 3 30 47 15 11 55 26 11 7 33 30 12 28 49 24 12 10 4 9 27 37 39 25 0 47 25 33 58 66 20 3 3 1 11 23 16 23 33 33 17 13 36 49 33 14 0 0 15 24 27 29 40 56 43 42 35 41 69 88 71 40 58 62 39 20 39 62 48 22 16 48 74 39 39 21 13 27 32 30 23 35 43 55 75 63 38 12 18 38
44 0 41 47 41 30 42 52 59 54 68 62 63 68 48 47 69 48 24 8 52 49 31 54 73 35 22 40 46 40 38 40 36 30 16 53 32 28 37 42 30 13 13 8 15 24 13 14 20 22 13 15 42 54 33 10 11 8 21 35 30 27 34 39 37 33 36 41 50 68 73 60 24 43 35 11 9 19 19 14 8 30 54 23 28 23 24 35 31 27 17 24 25 34 58 52 30 1 17 49
95 17 20 29 46 50 41 38 50 82 111 88 48 31 32 49 44 39 30 11 66 57 39 62 60 29 34 67 71 51 41 42 39 39 32 47 28 17 13 11 17 8 15 11 18 29 20 22 24 29 22 23 48 58 38 16 34 16 17 31 34 26 13 0 20 29 48 53 42 40 48 50 1 24 33 27 21 13 8 13 24 29 47 25 44 54 57 58 57 54 45 53 49 48 64 55 43 16 34 65
92 41 26 31 44 39 23 19 30 48 60 51 37 34 38 43 40 48 56 27 69 45 25 40 43 26 42 69 56 22 14 25 36 52 62 71 69 63 41 22 0 0 16 15 22 39 39 49 67 68 51 36 45 48 31 15 7 15 25 30 27 17 14 19 23 35 46 43 25 10 17 36 33 32 23 23 36 38 31 33 28 24 44 31 56 70 69 57 35 41 47 65 61 52 62 52 43 27 36 52
58 68 53 50 46 24 19 27 18 28 29 28 23 23 34 37 43 54 72 33 62 35 31 48 50 28 37 61 52 28 29 43 54 72 83 81 96 98 59 21 16 21 35 21 14 25 28 43 78 82 65 43 43 45 35 28 29 30 14 14 40 44 25 18 36 42 34 26 20 1 1 29 44 37 20 26 63 82 64 41 14 9 33 21 39 50 48 32 4 18 33 53 44 32 46 43 28 25 21 17
33 70 46 45 46 22 19 24 21 10 0 8 30 37 35 20 15 27 54 16 47 38 63 92 78 37 24 41 42 29 27 31 45 53 49 36 69 94 65 25 10 18 32 15 4 16 27 47 85 92 76 49 40 35 23 16 26 32 8 5 46 62 47 46 58 66 56 58 68 42 21 43 95 79 40 20 52 81 64 31 6 3 28 10 18 26 29 15 20 33 45 55 34 17 37 41 47 53 40 22
52 49 18 27 36 20 25 22 27 12 5 0 30 44 12 20 27 21 12 13 37 23 67 122 95 49 43 19 18 36 26 57 49 41 25 25 39 38 23 17 22 29 16 17 29 26 32 40 78 67 72 59 31 47 39 16 41 33 17 5 53 80 62 63 83 93 90 78 66 53 52 67 82 62 60 12 25 40 37 28 7 23 30 23 24 35 37 27 34 41 50 68 51 14 28 46 41 42 74 29
37 39 8 7 25 26 26 7 0 23 47 32 44 57 26 18 55 49 25 6 32 21 51 95 102 53 40 19 27 51 42 68 58 74 62 34 30 34 23 10 40 33 39 63 54 27 33 62 68 84 29 64 64 42 12 49 57 22 27 31 61 69 61 67 110 125 110 64 29 23 39 59 31 30 33 0 16 26 13 3 34 40 38 29 26 31 31 25 18 26 37 65 45 26 29 26 35 22 28 0
34 49 30 27 51 61 42 1 12 29 38 29 50 68 35 9 37 44 32 18 59 45 39 62 65 29 26 19 32 48 28 36 60 74 59 31 28 38 38 35 28 15 10 36 55 13 34 131 187 66 132 38 74 103 89 92 68 18 33 38 51 47 55 74 118 119 88 38 22 45 64 63 84 88 63 7 22 33 25 31 13 23 37 50 55 52 45 39 43 29 12 40 11 29 48 44 34 23 22 28
25 34 20 18 48 74 67 43 29 12 0 6 34 50 32 13 12 24 31 32 83 58 19 25 33 20 30 32 42 51 31 31 42 28 7 4 17 25 33 49 49 35 49 5 5 16 72 94 149 79 114 54 114 169 156 155 104 94 90 70 73 50 38 53 104 90 56 17 10 34 38 14 35 68 53 16 33 38 28 43 59 49 40 39 39 42 56 73 58 34 16 60 19 42 55 47 40 39 33 76
30 37 41 45 59 59 36 26 24 27 24 22 25 40 60 62 48 47 60 62 108 80 29 30 28 28 36 31 31 39 36 42 39 29 14 14 25 27 33 51 49 59 57 5 70 20 10 70 84 21 133 133 141 121 102 130 20 99 78 62 90 80 54 62 75 64 50 26 10 23 26 5 12 57 46 30 42 47 48 76 89 70 50 38 31 33 53 77 73 39 16 62 19 35 49 49 43 44 13 54
55 56 67 65 60 38 6 11 42 60 47 18 6 43 88 80 45 42 76 78 117 107 63 55 31 40 43 34 25 23 20 16 29 56 61 47 42 43 47 53 58 68 68 54 124 63 16 97 125 67 255 239 207 180 202 251 48 172 93 78 96 86 59 61 52 40 38 32 30 53 61 34 26 58 34 28 25 25 38 72 75 60 46 41 36 33 38 46 67 34 4 31 0 13 31 34 33 51 13 38
51 39 35 17 15 21 23 57 55 55 24 2 4 48 87 56 0 2 49 35 64 92 72 51 41 50 48 45 46 45 38 19 12 43 57 48 42 40 41 48 59 45 93 75 0 77 85 24 150 255 245 227 210 218 213 255 87 208 83 102 85 63 51 47 35 31 33 23 21 56 63 20 14 39 30 60 52 41 43 60 92 63 30 15 20 31 39 41 27 26 17 34 26 26 20 0 15 62 38 52
34 33 45 27 24 28 17 40 55 45 28 43 56 78 101 66 12 9 43 0 8 68 75 51 37 36 22 25 46 68 73 55 30 33 38 50 55 41 39 56 78 88 91 103 16 106 79 93 147 233 211 151 192 237 192 175 149 254 114 168 107 48 28 3 1 30 57 34 12 51 74 38 29 32 10 46 35 28 37 52 57 34 13 18 46 71 73 62 34 46 34 27 38 47 41 0 4 64 46 48
57 39 58 36 41 18 4 25 47 57 56 77 79 77 95 80 53 47 45 28 0 62 64 27 38 50 14 44 53 28 68 80 55 37 27 54 45 33 55 44 66 126 114 130 212 180 70 241 206 156 245 253 213 249 236 223 244 255 208 152 83 25 51 27 17 25 52 24 16 62 60 38 34 39 14 18 35 28 31 38 44 26 0 19 48 56 64 73 56 56 58 35 53 54 54 28 46 61 49 36
37 35 40 20 26 37 44 48 60 49 26 36 32 16 44 66 64 47 54 49 31 59 58 44 32 78 63 69 48 28 48 72 69 32 13 44 18 3 23 21 56 68 94 132 181 215 72 221 208 198 243 237 83 131 251 251 231 129 95 89 45 38 43 89 57 26 27 28 20 27 35 41 30 35 18 40 39 33 34 44 62 36 12 0 17 17 16 21 42 33 24 14 35 48 47 28 57 64 48 32
14 19 13 22 17 34 49 43 39 50 42 54 53 18 14 31 62 34 50 62 84 68 40 26 30 43 37 67 72 46 24 61 58 31 22 54 18 25 35 18 42 45 26 79 47 199 112 247 244 191 255 253 255 130 240 228 255 187 243 160 118 55 54 54 65 17 0 28 36 20 29 36 88 80 60 75 53 47 55 62 65 44 50 11 37 43 44 53 91 73 46 49 61 78 63 45 49 53 42 33
38 40 29 69 43 25 29 27 19 48 47 50 66 48 20 17 36 28 51 31 57 25 18 27 47 32 36 57 111 102 57 72 66 62 62 71 34 75 80 37 70 100 83 111 31 106 120 225 248 255 227 249 238 235 217 255 222 202 232 233 184 124 66 53 79 63 34 47 45 36 71 84 74 53 36 32 34 53 99 98 65 58 93 34 53 52 44 53 65 47 21 41 48 63 32 12 22 25 26 33
38 43 28 62 33 5 5 9 23 38 43 60 92 75 28 20 21 26 54 36 100 90 75 58 21 36 62 15 67 83 60 41 46 38 37 30 3 43 44 6 39 127 152 58 118 240 255 163 196 255 255 211 255 250 255 248 252 255 248 141 142 112 63 41 52 67 39 19 0 0 65 110 70 40 21 0 21 50 114 95 37 50 102 42 50 39 25 29 48 45 38 71 82 96 63 43 36 33 38 49
36 53 39 43 44 47 55 69 53 27 34 75 105 71 23 35 16 18 40 20 82 81 67 46 28 23 50 11 31 25 24 25 38 16 33 40 41 45 35 23 77 154 225 162 146 244 249 227 111 233 201 151 248 228 255 214 243 242 255 0 81 79 64 28 55 58 43 43 49 56 96 136 134 105 70 26 50 56 86 50 0 27 76 42 51 44 36 37 59 67 74 91 97 101 80 62 58 46 49 56
15 24 20 10 49 55 52 83 71 13 11 41 53 29 11 49 68 62 74 26 14 0 39 95 102 50 58 94 68 26 32 83 40 13 35 32 61 40 26 31 73 136 192 219 133 247 241 238 86 255 250 188 247 255 250 203 224 183 148 30 83 108 41 35 47 42 44 61 97 104 80 82 109 96 54 51 63 62 49 26 23 48 61 41 41 33 25 18 58 70 79 64 61 58 60 50 51 39 49 59
26 14 17 12 66 42 12 57 40 1 23 48 45 25 6 29 51 17 33 37 46 26 55 111 119 76 75 140 63 22 34 107 90 57 54 4 40 21 17 27 34 35 73 147 106 173 255 242 212 234 254 253 235 251 217 199 133 146 105 45 55 65 50 24 29 42 56 40 54 56 3 0 39 41 0 44 49 55 18 19 72 88 68 54 46 37 27 14 27 42 53 18 18 20 47 48 58 53 76 97
27 15 31 54 141 104 42 92 58 37 74 46 58 47 20 46 24 8 7 18 41 33 58 69 23 14 61 55 71 38 21 80 116 85 61 59 95 67 57 80 63 62 102 108 35 78 138 241 254 190 188 255 230 246 198 167 76 144 126 58 30 38 43 22 19 39 59 25 35 39 31 22 56 56 17 23 20 29 24 41 67 59 55 58 56 42 25 15 7 33 51 35 21 37 48 60 55 82 89 75
17 35 59 43 100 79 53 58 26 0 21 22 62 64 31 38 32 31 41 50 47 30 51 74 81 62 46 9 70 49 18 45 99 70 44 67 136 107 75 77 83 72 167 180 91 214 86 192 206 249 236 251 233 255 219 123 89 116 101 85 78 69 83 95 54 34 45 35 37 10 17 57 52 29 7 39 12 31 50 80 53 27 26 56 68 45 23 20 30 46 64 47 40 44 65 81 75 85 68 42
49 57 44 2 40 83 131 103 41 30 55 45 63 61 24 6 39 49 65 70 40 14 20 51 76 86 52 29 119 100 51 47 24 52 93 111 103 80 132 158 113 21 63 59 254 220 145 22 166 248 238 255 251 228 236 159 12 68 81 82 100 111 95 52 31 11 21 12 28 17 32 70 45 15 29 75 31 43 70 99 67 39 28 45 51 33 21 25 37 43 59 33 35 20 47 55 43 57 38 3
28 25 3 16 26 79 129 70 24 66 105 80 58 61 55 36 55 57 70 71 43 22 9 29 52 67 27 30 76 75 67 96 105 71 44 18 9 60 122 26 215 249 222 226 255 242 202 166 231 255 249 249 186 86 125 118 44 56 53 64 69 62 65 58 55 41 48 33 49 36 27 37 38 36 80 92 61 45 52 56 63 64 58 44 33 28 23 18 42 48 57 24 40 23 55 43 40 82 90 61
40 40 33 101 46 51 71 28 6 49 78 74 43 52 81 83 61 48 60 58 60 60 39 40 49 56 33 66 34 33 46 102 239 245 199 150 122 134 180 80 217 255 237 241 251 255 211 255 253 208 211 235 234 165 128 57 19 32 35 47 52 57 73 65 62 45 62 59 62 20 2 23 29 55 104 59 66 40 28 10 31 46 57 56 53 48 33 15 40 50 50 18 48 48 91 67 22 75 101 84
52 62 63 124 35 13 39 41 36 32 21 51 33 40 83 93 39 25 49 29 57 72 61 52 49 61 79 129 72 60 42 77 218 255 245 251 214 112 183 244 255 206 210 255 254 240 107 228 248 235 255 236 191 127 82 53 34 29 1 0 27 80 98 52 5 21 53 33 29 8 12 37 21 39 75 17 57 55 42 25 39 26 28 53 74 69 49 33 41 56 46 26 51 55 99 77 16 50 64 57
4 19 30 58 19 11 30 16 27 24 1 43 29 49 106 106 38 38 82 24 49 57 63 56 54 65 82 75 57 64 40 61 169 241 236 231 136 13 151 255 251 172 255 248 255 247 92 243 255 254 195 83 56 45 21 35 76 41 38 86 93 62 43 16 10 37 62 22 19 22 37 55 37 12 36 22 51 74 55 45 54 31 19 37 65 73 58 40 44 66 58 66 66 46 73 61 6 20 20 15
33 27 16 0 35 65 79 23 0 36 26 48 15 49 115 99 73 86 145 53 58 49 68 66 54 72 77 2 22 40 14 26 109 215 237 190 66 21 133 62 172 255 250 233 249 254 243 247 190 240 132 0 36 97 61 39 49 70 102 118 72 34 52 58 39 24 38 31 44 31 46 85 68 2 19 53 48 75 37 26 31 35 31 30 51 71 56 23 19 48 52 88 71 23 32 28 15 25 23 18
53 35 25 31 47 85 94 22 0 21 27 50 27 35 63 81 74 102 145 81 61 38 63 73 75 55 87 82 90 53 16 7 10 86 135 73 32 48 90 13 158 255 249 249 255 207 249 227 102 241 111 154 69 55 70 87 139 52 44 66 49 62 88 98 57 10 30 84 65 16 25 67 60 23 33 56 39 26 31 25 11 11 24 43 51 44 36 36 39 26 23 49 93 25 38 18 34 60 9 36
27 14 0 9 27 38 51 34 36 44 39 61 32 20 30 45 64 86 113 71 39 27 38 56 64 42 59 46 55 45 41 54 25 0 35 49 51 22 73 98 143 131 214 252 247 242 247 255 138 250 66 113 17 65 15 64 77 30 66 39 43 70 66 43 4 31 93 129 82 13 7 41 46 23 34 49 39 45 57 48 26 24 30 46 57 55 44 36 47 33 0 21 53 42 64 63 49 71 13 20
17 16 2 25 28 5 7 26 29 38 38 73 56 36 28 35 33 51 69 52 26 32 35 57 44 34 46 30 29 19 19 30 38 19 40 13 31 44 47 49 129 72 246 229 247 255 126 56 149 207 110 43 57 37 57 104 79 40 102 63 80 69 32 16 5 8 14 30 41 28 7 1 42 30 35 37 30 44 55 39 18 16 18 29 46 55 45 29 33 39 15 84 89 70 34 22 34 61 17 9
37 37 29 51 31 20 28 33 22 34 21 46 40 34 25 26 45 58 74 46 33 38 34 35 12 14 25 23 21 14 11 15 24 12 34 36 46 62 0 3 38 17 209 151 227 241 97 11 57 120 72 52 53 44 58 81 38 13 51 30 56 45 29 40 38 47 37 36 60 63 43 35 40 28 28 28 23 29 29 10 11 13 12 15 30 43 38 22 25 30 25 107 107 70 18 13 13 45 31 25
45 35 31 45 9 56 90 55 70 83 39 26 18 31 27 22 49 58 83 38 51 52 51 27 30 23 8 11 10 15 25 33 33 21 38 86 75 94 0 35 35 22 161 169 163 107 58 63 82 98 2 52 10 66 68 46 14 32 18 0 12 29 47 51 30 53 54 45 44 29 14 20 49 38 38 49 53 49 39 26 23 27 25 19 24 33 33 25 38 36 28 56 60 34 10 9 6 16 15 17
22 17 21 40 0 72 104 36 62 92 51 33 33 54 47 37 26 29 59 19 51 52 56 28 48 33 2 16 15 21 33 44 66 76 70 91 57 111 26 64 24 7 78 180 82 33 64 93 150 99 19 24 12 48 95 37 31 59 36 38 26 11 23 18 27 31 29 28 28 21 17 25 31 28 30 39 44 36 24 19 22 25 24 18 17 23 31 34 41 46 37 8 20 15 12 0 26 5 0 0
11 20 24 54 15 67 71 9 10 51 26 23 33 51 42 39 32 19 33 13 33 31 23 10 22 16 0 40 42 39 44 54 63 49 42 63 32 59 16 69 26 17 15 73 25 69 129 106 83 57 26 39 7 43 43 6 13 27 40 38 30 4 15 12 0 12 40 47 30 25 38 49 53 67 68 58 54 51 47 46 27 23 19 15 11 12 22 33 28 26 21 3 24 31 34 33 46 25 26 8
26 39 29 62 29 58 49 20 27 57 21 15 20 31 28 41 30 7 8 19 29 33 19 28 33 30 13 64 56 36 31 38 42 39 44 36 11 25 3 25 24 45 24 0 54 134 176 117 62 36 36 23 15 53 35 29 40 56 86 14 19 41 72 53 23 20 32 32 20 33 52 48 44 76 77 48 37 44 50 51 56 42 30 24 15 7 12 24 15 6 24 58 75 45 8 12 26 27 48 18
36 34 28 27 28 19 23 44 56 38 47 55 30 14 22 28 33 35 13 64 49 30 38 30 26 35 64 52 60 34 21 22 17 28 33 16 38 8 37 10 43 39 57 68 59 116 176 137 109 58 0 13 45 37 33 55 72 43 61 45 28 30 73 63 28 24 49 18 29 34 35 35 19 48 67 17 8 0 3 27 29 41 55 23 33 27 24 22 3 8 34 57 52 35 17 2 25 26 24 20
20 14 6 11 22 19 17 30 25 0 18 62 60 23 12 25 40 35 27 79 67 30 42 43 17 25 46 54 46 17 16 19 24 35 39 6 38 39 54 9 23 54 70 72 57 63 91 84 74 44 16 42 70 49 37 58 32 15 37 36 34 30 50 36 17 23 48 18 30 42 40 31 1 29 61 43 43 49 52 65 99 118 92 43 44 47 45 34 5 10 31 48 46 40 31 16 21 26 29 26
19 10 2 14 36 37 28 30 47 19 9 33 45 17 0 12 17 14 8 23 18 0 37 44 34 33 32 63 33 7 29 35 31 30 46 18 54 65 57 17 74 116 97 72 75 74 84 93 90 80 53 32 35 23 28 55 45 23 16 10 26 32 52 57 32 48 62 27 32 48 40 17 13 21 40 40 36 64 64 66 101 133 70 25 25 38 37 17 6 11 24 30 32 43 45 30 13 21 26 24
29 24 20 34 58 58 42 38 61 57 24 2 21 34 27 24 69 80 72 35 26 27 76 65 51 47 37 91 50 20 42 37 22 13 50 42 64 56 35 27 46 82 57 36 54 60 45 19 36 66 76 36 40 37 30 31 47 38 25 27 47 43 41 54 53 72 71 38 42 69 66 38 31 22 26 33 17 50 37 26 49 88 16 5 16 31 31 11 14 17 21 16 20 44 56 42 12 16 18 15
29 32 32 43 60 55 38 32 58 78 55 19 28 45 33 17 36 56 70 43 39 39 69 51 42 44 40 101 66 33 38 14 8 14 60 52 47 32 19 34 26 34 32 40 44 56 74 60 20 36 59 34 66 62 32 15 48 47 32 39 50 34 18 38 90 100 75 43 38 62 61 34 20 13 24 42 30 57 33 15 38 60 1 21 39 44 47 38 27 27 23 11 15 44 60 47 18 17 12 9
25 32 33 37 46 40 26 24 50 59 51 35 29 26 22 22 23 20 39 48 47 36 47 49 38 36 27 55 40 27 36 17 17 47 76 52 28 22 28 40 36 22 38 58 22 14 77 111 78 36 32 8 61 56 26 22 52 50 33 46 45 27 9 33 92 89 47 28 17 32 33 14 13 7 18 25 28 53 44 42 50 39 2 26 38 32 41 42 34 29 20 8 10 36 50 38 17 17 14 10
28 34 30 28 35 32 25 27 26 14 17 24 18 23 51 78 81 51 43 55 37 25 16 26 40 37 27 10 16 29 49 47 42 69 71 56 30 19 31 34 44 45 62 75 30 1 37 58 51 24 39 4 56 54 27 24 31 33 34 68 61 38 5 16 50 41 0 13 11 25 32 27 23 17 20 1 15 31 43 64 49 14 7 19 24 16 31 31 39 29 21 12 13 32 42 31 15 24 30 27
33 35 26 21 29 31 29 34 30 13 18 24 13 28 70 97 90 65 49 56 35 42 22 21 31 40 46 8 29 48 64 65 58 63 48 62 42 8 16 20 30 43 33 28 28 40 63 58 18 37 72 0 23 33 21 14 36 21 9 42 34 28 12 30 57 41 0 22 17 17 19 18 27 30 38 7 26 25 38 65 52 8 29 31 35 32 49 44 48 36 29 24 23 37 44 34 19 38 53 52
30 15 45 21 26 30 31 31 18 26 23 32 27 24 56 78 54 34 30 31 36 44 26 26 40 44 20 15 27 43 57 63 65 35 30 42 52 30 0 6 41 46 39 6 45 86 107 76 52 50 34 47 18 12 20 24 16 33 44 31 6 0 15 35 42 42 34 17 7 6 8 7 15 35 19 20 48 28 15 60 37 20 26 43 41 37 47 58 57 51 34 19 25 44 53 48 30 14 36 73
10 14 33 14 8 21 34 32 27 29 15 18 18 20 47 58 36 18 20 24 30 33 26 44 46 34 15 8 26 27 43 57 43 29 28 25 37 36 7 2 52 57 65 58 60 54 59 57 70 75 61 67 25 11 21 30 34 56 65 46 20 8 7 5 5 0 4 41 50 23 5 11 18 42 45 51 59 24 2 32 17 15 24 28 20 20 28 29 35 33 22 13 28 53 61 51 38 21 36 66
33 53 49 36 10 23 45 41 56 51 25 18 20 25 43 39 48 29 34 37 44 32 29 61 51 29 26 15 37 9 13 21 14 16 31 26 23 23 12 19 45 48 55 67 44 21 12 27 29 33 24 42 17 16 31 40 42 52 60 56 39 21 12 11 18 0 6 45 53 22 5 15 29 39 40 38 34 18 17 38 11 21 36 35 28 41 55 53 25 24 18 17 31 47 48 37 33 15 19 37
59 89 81 94 58 53 61 47 57 57 32 23 26 32 45 33 41 20 27 28 47 24 14 44 26 6 24 10 48 24 28 32 13 0 19 35 29 18 11 30 26 27 21 38 24 30 23 35 41 32 12 36 22 22 19 10 16 14 29 50 43 13 0 10 29 25 22 21 20 18 16 16 24 24 18 9 17 46 70 71 43 48 57 52 39 42 51 48 35 31 35 45 49 42 36 35 48 32 26 32
18 48 55 94 67 47 36 15 27 38 27 26 28 32 44 33 23 9 18 18 57 35 18 35 28 13 33 4 45 38 40 38 21 0 12 32 33 28 17 19 22 19 13 39 35 45 43 61 76 70 56 84 69 56 36 14 15 21 35 47 39 16 2 2 0 7 5 0 5 25 30 19 7 14 20 21 48 100 112 77 33 33 47 53 39 27 26 24 19 17 32 53 48 23 17 31 57 48 35 31
5 16 23 42 28 21 16 1 21 38 39 45 40 32 38 30 31 31 41 21 68 51 33 39 35 28 53 26 54 50 26 17 7 10 42 35 11 19 25 24 27 19 25 51 37 14 12 41 46 58 66 105 90 78 65 51 37 45 38 18 12 22 24 14 8 7 4 3 9 21 29 30 19 26 32 38 69 111 102 55 18 25 51 67 52 33 28 26 14 21 38 51 38 14 12 26 42 44 31 20
39 43 58 35 31 42 42 25 28 45 50 62 53 32 32 25 36 57 65 13 52 39 31 36 14 6 37 36 64 71 38 43 16 23 58 42 2 11 31 38 23 17 28 31 22 0 4 24 34 39 37 70 55 50 47 40 30 24 13 8 14 24 25 20 43 57 65 50 21 9 27 52 53 47 38 38 55 66 51 26 43 61 84 79 47 27 24 20 35 54 65 55 40 36 37 36 33 46 36 21
27 48 92 52 54 70 56 22 15 30 39 59 53 29 28 24 39 76 86 12 42 35 39 49 32 5 18 23 46 67 44 76 57 20 34 40 22 28 35 37 15 18 24 0 16 26 52 51 53 37 9 31 24 32 36 29 26 6 19 65 81 51 25 25 36 95 134 103 39 11 36 72 75 59 42 41 43 23 4 5 33 61 81 57 19 14 26 25 23 54 60 32 22 41 47 31 20 40 33 17
7 24 48 41 33 63 62 5 18 31 42 50 50 32 20 29 41 63 71 30 40 30 25 47 34 21 23 0 30 28 31 72 57 25 21 62 29 26 48 46 19 13 10 13 20 36 63 87 77 52 20 35 33 47 33 35 27 19 27 80 80 62 24 23 32 80 119 129 53 14 31 96 75 52 45 34 42 60 33 2 17 49 26 21 7 7 9 25 20 50 63 41 17 15 24 28 6 18 21 27
44 34 35 24 11 37 50 22 32 73 78 43 23 27 30 28 38 37 44 18 30 15 4 16 9 2 19 3 22 13 11 38 47 35 32 64 33 29 46 50 14 12 14 19 23 27 39 51 51 45 37 58 48 45 26 30 30 34 23 19 21 38 26 8 41 85 120 98 52 26 53 87 80 44 21 13 37 61 49 43 27 44 14 14 7 17 33 59 57 72 80 64 33 14 17 29 20 36 30 9
40 19 18 19 10 23 39 32 44 85 84 38 18 31 38 34 31 8 16 5 26 24 23 29 27 7 20 14 20 15 14 16 14 29 23 42 17 12 22 34 16 15 18 22 23 21 21 23 14 17 21 39 26 23 27 50 38 32 27 17 32 43 52 44 39 60 84 58 63 51 53 30 31 18 18 34 71 70 28 21 43 48 18 28 18 18 25 45 61 54 43 35 31 30 29 27 24 37 38 33
24 14 21 29 26 32 41 36 37 45 40 31 35 35 32 35 28 6 18 6 29 53 75 81 71 31 24 22 16 23 29 13 17 47 31 36 22 20 23 39 24 21 20 21 22 23 22 22 31 30 28 26 6 0 10 38 25 24 33 22 48 54 69 59 35 40 53 49 62 53 43 21 50 48 38 33 63 61 20 21 44 45 27 52 38 19 6 9 26 22 8 0 1 23 35 34 40 30 23 39
41 49 57 55 51 56 55 43 24 17 11 21 35 28 21 30 39 38 54 20 29 59 84 83 72 47 44 47 18 20 31 12 33 63 34 31 24 27 27 42 29 27 24 23 24 26 27 25 36 39 46 40 28 13 17 26 24 47 54 15 35 60 68 28 13 19 29 47 21 8 22 65 104 106 75 31 40 49 27 35 35 29 17 52 44 34 28 30 43 54 59 43 15 7 36 71 91 73 40 19
45 75 96 95 90 85 65 41 24 34 30 21 23 22 22 28 48 68 84 33 28 38 39 27 38 57 81 95 42 25 34 23 37 56 20 14 6 12 14 27 27 30 31 28 26 26 23 19 15 20 30 21 29 27 33 25 29 44 51 37 46 51 38 5 3 6 16 51 18 2 14 72 99 108 87 37 28 38 19 17 39 23 6 40 37 48 64 70 71 72 87 91 53 10 22 66 90 101 70 18
33 70 98 104 100 83 51 27 24 44 43 26 21 22 21 24 34 61 77 34 39 30 8 0 11 58 92 119 65 41 46 39 59 68 32 26 10 14 22 34 26 32 33 27 21 21 20 17 27 27 24 0 11 19 27 6 15 8 11 38 43 33 10 5 29 28 37 57 50 36 35 53 66 63 53 18 8 23 19 20 35 26 17 51 43 52 62 56 32 37 53 63 46 18 12 24 38 59 53 28
38 63 77 77 70 50 26 17 15 25 27 26 28 21 12 15 11 36 52 28 54 43 14 9 0 48 70 104 65 49 52 44 77 80 48 44 19 21 34 45 29 34 32 21 14 17 23 24 27 32 33 2 26 40 47 16 17 17 0 12 14 42 32 25 39 44 55 32 35 24 38 36 22 16 32 29 25 33 24 18 16 22 33 76 60 54 39 12 0 34 58 46 34 40 39 26 33 27 27 45
60 65 52 38 44 49 42 37 30 10 22 18 27 25 37 13 10 24 36 104 71 62 33 17 19 23 42 50 34 28 44 58 89 111 107 47 34 22 38 40 25 24 31 40 39 33 36 47 40 47 37 35 63 78 50 14 18 18 13 0 35 27 26 24 64 72 63 62 29 26 17 29 21 25 40 52 58 61 45 14 12 12 50 76 57 49 50 31 3 43 79 49 37 27 49 49 56 39 34 46
63 55 31 19 41 64 69 69 44 22 11 0 13 39 51 22 38 51 66 128 83 54 28 27 27 17 19 23 16 21 43 59 110 137 112 39 34 22 28 37 25 16 25 56 75 67 50 43 53 57 42 33 52 64 41 12 0 8 23 26 34 17 6 3 72 95 106 100 62 33 17 25 19 17 40 74 86 75 48 17 11 21 55 70 58 66 66 34 0 17 43 43 37 21 25 28 58 62 64 60
49 51 32 13 19 37 55 71 72 45 21 20 19 40 47 42 11 15 20 76 41 19 14 31 25 10 11 19 16 17 24 26 70 95 68 9 15 16 26 45 61 41 42 69 85 70 51 45 54 59 44 31 43 51 34 15 25 21 22 29 14 19 33 48 75 101 121 105 77 33 24 35 9 18 54 84 69 36 18 14 12 31 57 61 60 84 81 37 19 17 15 28 27 31 32 43 29 51 57 37
53 59 49 36 39 42 43 49 48 23 8 36 15 5 5 39 64 55 31 53 30 23 30 48 25 11 13 24 22 20 21 17 31 35 32 14 8 15 40 61 50 37 40 52 42 15 7 19 35 42 31 18 25 30 22 16 8 2 12 49 37 51 51 52 45 51 56 37 43 12 16 31 33 43 71 81 49 17 17 28 17 30 46 49 57 81 75 36 20 21 10 22 11 26 23 34 37 51 49 29
49 40 26 37 67 72 45 22 14 2 0 31 17 2 0 32 66 75 49 43 25 27 42 52 40 22 16 18 15 25 46 59 53 27 49 71 33 29 58 68 14 14 28 41 27 0 0 13 51 54 39 23 25 29 33 40 19 6 14 63 69 89 72 52 33 21 10 4 46 32 27 33 47 44 49 48 32 26 29 28 21 21 25 32 44 56 49 28 16 29 44 74 48 29 12 30 56 43 27 18
27 21 12 25 55 59 36 18 23 25 12 16 25 32 22 27 28 66 62 53 44 46 61 68 52 36 29 26 16 24 51 69 54 24 55 99 54 44 61 64 31 21 21 31 35 28 30 40 69 66 47 27 23 26 36 53 69 42 22 38 58 86 84 69 42 34 22 42 98 85 50 44 29 29 34 26 7 5 16 19 23 15 10 17 27 28 24 21 31 41 74 114 88 43 37 75 75 43 18 18
25 29 26 27 35 32 25 28 28 35 21 0 21 30 29 23 37 64 50 38 38 27 30 29 43 35 38 37 20 15 29 39 24 19 34 74 54 47 36 40 46 24 5 6 22 35 38 37 38 40 28 16 13 9 15 32 47 42 29 17 40 48 45 33 23 35 29 68 114 99 45 42 33 34 46 41 9 0 13 36 29 23 13 10 17 16 16 22 35 48 74 76 58 32 54 86 95 66 42 39
23 20 9 7 17 14 6 8 23 30 27 5 29 20 32 46 77 71 31 20 38 27 21 16 30 22 27 28 13 6 17 25 20 39 28 49 52 44 4 10 34 19 5 7 23 35 31 18 15 26 29 30 31 22 19 31 28 43 40 7 27 21 24 22 8 34 31 76 109 96 41 52 47 27 30 41 22 4 19 43 34 36 23 11 14 18 20 28 39 71 87 36 22 24 54 53 62 44 25 16
12 13 26 15 46 36 12 10 15 3 25 30 53 37 35 60 83 60 27 19 33 34 20 15 28 19 0 31 31 29 27 32 54 51 40 60 26 9 15 25 17 10 18 29 28 28 28 22 24 30 38 18 18 37 31 27 25 32 25 37 37 13 16 26 22 19 22 81 77 49 38 53 16 8 23 28 9 15 48 65 61 25 8 25 34 19 13 24 31 46 50 40 34 39 40 33 25 19 14 13
12 42 67 44 74 75 38 7 7 3 26 31 70 70 51 42 64 47 18 11 31 42 32 24 26 25 13 50 47 39 32 35 41 45 35 53 22 11 17 22 3 4 22 36 29 18 9 0 35 34 34 10 10 31 26 21 30 37 27 38 46 31 31 30 42 33 7 29 21 23 35 51 17 13 32 41 24 30 60 76 54 37 23 21 20 15 11 13 9 22 31 31 31 35 38 37 48 42 37 38
59 65 56 8 29 38 22 8 13 25 48 37 73 81 53 22 62 54 28 19 46 68 62 48 21 25 19 55 47 36 32 38 34 47 40 53 25 24 29 25 7 8 25 40 42 50 65 70 50 44 39 18 26 57 57 55 81 80 47 34 34 23 16 2 16 32 21 38 28 30 22 10 26 22 40 47 25 22 46 57 42 45 35 14 6 12 13 4 7 12 22 30 27 20 20 25 28 21 17 21
54 34 32 19 45 27 11 26 20 45 71 44 60 64 45 25 51 47 22 9 38 68 61 42 21 25 16 45 33 26 31 46 31 52 47 55 29 36 40 27 6 0 4 7 4 20 52 71 42 33 26 10 28 66 70 67 96 91 44 15 16 21 25 12 16 35 23 37 28 36 30 15 32 26 41 43 15 7 25 33 35 43 35 12 4 14 16 7 15 13 23 36 30 11 7 17 16 6 2 8
