88 35 76 63 49 69 116 112 14 60 16 62 56 153 229 151 98 157 90 56 119 154 93 80 60 179 172 146 37 126 209 162 0 72 196 204 255 152 103 84 45 8 29 46 22 32 7 32 130 186 233 255 255 162 112 122 175 79 203 255 164 98 213 177 157 228 191 51 138 205 62 40 28 21 39 96 66 60 95 106 109 30 94 160 204 205 190 102 59 37 47 78 73 66 37 81 66 21 53 34
76 114 113 132 43 82 104 128 45 108 41 33 67 98 156 102 85 99 42 56 111 87 50 125 141 121 79 87 16 80 152 254 143 126 118 90 188 142 82 0 17 65 44 70 58 59 36 74 125 129 168 255 103 107 14 79 144 59 112 68 64 51 118 120 144 191 205 96 203 150 48 89 81 73 0 85 93 64 74 210 148 125 63 182 114 111 80 152 197 115 64 114 150 126 101 131 70 74 0 56
5 83 51 75 79 47 67 106 42 104 37 24 63 58 114 81 39 33 34 69 143 47 49 110 167 175 212 255 83 188 106 106 62 174 166 105 209 149 88 38 28 93 21 55 37 36 21 16 6 28 67 111 59 136 17 143 211 124 143 93 107 115 73 70 115 115 89 193 201 114 134 95 93 137 10 31 61 36 47 211 155 187 85 57 159 86 113 222 253 172 68 60 139 151 145 163 120 106 63 83
113 82 35 60 83 103 239 208 107 104 67 126 134 78 132 144 118 102 55 151 118 78 96 102 233 207 216 157 209 182 89 130 118 64 125 148 237 83 113 61 3 29 0 33 18 43 77 45 56 103 169 177 224 229 65 175 164 34 75 105 190 254 184 72 78 93 46 143 221 157 255 87 95 133 82 53 64 82 142 174 128 67 56 64 127 51 102 107 49 101 127 63 123 123 71 150 109 150 111 144
30 130 141 219 136 168 254 240 97 59 50 111 138 35 97 192 128 56 82 208 222 19 82 68 210 173 120 99 242 206 93 83 218 114 52 227 240 164 57 12 31 32 26 32 15 14 53 52 52 39 129 248 224 185 24 55 117 96 64 155 18 155 106 74 118 169 90 91 198 94 116 168 101 160 82 35 123 121 78 87 164 55 26 38 101 182 177 43 15 189 88 76 119 0 61 108 135 229 17 119
255 246 221 251 40 56 147 138 65 60 43 55 225 168 105 105 104 54 125 234 184 42 120 62 219 178 64 92 161 112 21 13 130 123 68 124 229 144 37 14 19 26 23 6 35 12 13 52 32 17 89 180 87 75 70 118 164 85 45 92 87 117 145 116 160 119 100 216 156 38 49 79 20 93 118 85 38 71 69 90 152 100 128 136 198 165 125 72 146 242 133 34 57 26 64 154 198 165 18 91
249 187 131 117 115 124 140 133 205 232 155 53 136 148 42 50 89 72 125 175 228 34 26 120 251 251 147 236 75 186 177 136 88 36 57 155 201 124 45 13 29 36 20 11 35 17 4 33 36 32 58 111 119 97 61 30 21 45 117 165 113 37 41 21 137 119 74 131 148 62 107 63 68 108 79 17 51 97 15 38 92 70 91 116 125 160 146 37 144 243 222 135 70 32 32 86 185 35 152 185
244 248 190 51 59 105 128 134 200 166 74 80 126 208 50 66 133 73 147 148 37 131 185 165 105 109 114 247 215 156 183 249 200 103 59 92 121 91 38 27 25 33 28 38 0 0 24 31 29 36 37 84 77 93 120 179 149 106 76 66 49 135 153 56 60 45 138 231 67 8 52 70 161 178 112 19 167 162 37 121 143 136 111 116 187 183 165 44 66 102 137 166 120 91 84 111 190 52 208 236
47 155 182 96 69 54 26 110 214 174 63 31 221 251 122 88 116 48 88 57 124 255 232 114 11 127 85 69 160 96 125 199 174 128 101 73 43 45 49 15 11 18 17 26 2 20 31 46 46 13 21 86 143 124 87 103 96 103 165 145 75 230 119 143 44 56 204 254 214 93 107 64 157 164 176 120 120 186 105 136 165 201 195 219 92 99 66 6 107 142 213 216 67 45 107 164 162 84 93 164
25 92 63 51 121 41 0 136 239 200 110 56 188 241 152 161 149 46 82 93 82 187 223 183 31 79 59 100 36 100 141 133 93 87 112 98 19 27 67 61 28 38 38 41 33 40 45 58 38 8 49 61 85 46 58 112 167 173 140 154 104 124 0 101 50 18 119 165 235 157 105 56 53 45 20 92 0 212 182 65 71 164 227 192 146 142 93 80 113 72 107 113 117 63 173 214 147 173 87 138
90 66 8 10 23 43 43 86 55 6 98 92 121 163 224 245 201 155 154 208 150 40 5 124 121 122 150 154 108 95 89 57 91 126 105 65 19 49 41 25 37 48 46 35 46 33 29 38 29 39 44 40 7 69 116 185 197 157 99 164 75 39 91 131 46 0 55 164 193 122 122 196 221 196 56 124 64 226 199 73 72 110 177 177 61 143 94 119 91 27 77 163 104 17 82 66 8 93 13 19
53 149 209 249 178 123 19 82 82 98 152 56 155 144 214 235 157 101 123 253 208 128 124 63 23 166 255 117 26 90 145 136 93 32 27 84 28 32 27 17 27 37 34 14 41 19 11 19 32 51 35 75 61 138 201 234 255 138 50 148 90 61 229 105 77 99 57 177 117 46 52 195 247 213 17 1 109 172 114 62 128 95 141 174 129 170 83 97 31 29 133 250 163 85 90 68 85 113 133 88
232 126 228 255 169 222 140 27 21 38 75 70 202 138 169 193 71 98 255 236 255 218 4 64 22 40 106 129 10 43 71 188 123 159 133 115 60 51 9 16 16 26 23 8 42 26 21 30 54 33 48 116 149 74 145 143 91 69 12 102 149 158 255 237 227 176 53 139 80 11 17 223 215 98 141 95 98 143 223 104 119 91 109 184 54 97 47 76 68 82 165 131 180 88 57 43 22 0 34 49
255 120 238 210 153 79 50 129 204 144 22 18 77 43 39 135 139 76 179 226 255 237 137 60 41 55 122 125 226 104 47 181 181 137 111 110 38 29 27 26 19 25 20 14 34 27 22 28 32 29 37 116 143 64 138 155 138 186 109 88 145 207 138 176 186 141 114 90 80 162 172 125 76 137 234 149 16 164 215 47 39 55 33 8 157 111 36 28 6 23 130 86 236 234 221 172 158 169 95 70
184 181 239 118 139 88 0 58 150 76 18 83 117 194 103 81 203 211 149 136 235 255 166 51 72 54 85 0 221 88 11 26 175 138 55 9 20 47 34 23 29 30 23 27 21 23 14 13 34 43 16 70 61 55 68 96 170 230 205 123 72 144 161 193 235 138 95 106 135 193 255 124 70 156 153 38 194 99 128 104 196 213 147 47 161 139 87 90 103 107 169 159 218 251 198 83 67 201 196 134
223 245 255 90 21 114 107 96 158 92 22 94 195 198 26 152 255 235 111 86 96 159 190 115 77 22 95 107 65 139 176 123 160 87 34 26 31 28 43 60 33 33 28 42 22 31 20 16 29 7 23 75 120 103 66 85 137 134 135 104 31 41 216 202 162 165 35 102 122 11 130 145 151 237 152 124 124 137 230 151 145 197 172 21 94 46 25 76 61 71 66 68 146 188 138 33 57 94 112 0
125 203 118 3 118 123 107 157 244 207 83 57 102 112 86 253 249 214 140 125 204 88 42 95 152 199 98 75 156 146 182 207 254 55 13 58 34 36 52 33 25 32 47 55 24 30 11 18 43 5 24 49 109 117 46 66 72 32 81 176 106 53 181 119 57 93 21 157 140 0 108 148 163 183 155 255 181 96 194 148 177 202 175 98 147 118 154 107 88 79 83 85 72 85 33 29 100 148 213 170
75 118 95 67 210 118 94 134 188 132 63 54 55 93 149 255 217 255 195 33 194 188 179 202 113 102 65 185 196 122 100 126 157 83 14 14 28 29 18 41 21 20 28 30 31 43 23 19 25 22 17 23 38 32 14 19 40 41 94 236 228 155 97 119 81 60 116 106 115 72 213 203 75 110 125 235 240 8 12 44 199 142 55 27 101 42 101 155 110 126 90 118 253 221 65 65 64 22 127 113
0 23 20 90 123 118 156 222 139 2 25 46 25 0 0 246 255 243 176 110 87 83 142 176 161 209 170 210 49 140 182 158 31 24 55 96 31 14 25 17 35 26 25 13 44 59 38 21 42 48 12 23 30 28 45 2 46 58 14 137 192 124 83 169 160 123 142 64 71 83 205 206 135 148 177 209 192 165 180 65 112 154 99 31 46 17 110 176 164 148 76 73 152 137 59 143 139 36 114 78
43 102 42 39 30 75 226 215 91 89 129 38 24 102 53 215 220 255 176 175 35 1 103 112 240 255 185 134 110 46 83 187 94 72 8 19 25 41 34 35 40 33 33 7 45 58 45 27 40 36 8 31 41 48 67 4 115 171 17 103 149 0 104 86 81 143 22 77 225 128 169 170 181 224 167 68 90 82 72 55 194 190 186 195 126 56 123 120 110 102 12 12 78 92 11 96 115 80 137 134
61 32 79 176 134 159 67 114 198 123 156 249 163 95 44 108 82 96 89 98 75 17 128 79 114 186 152 149 165 172 83 49 44 42 45 82 61 27 16 45 15 16 29 0 15 25 25 17 28 21 36 47 26 30 47 23 50 61 61 64 113 15 31 43 84 7 66 60 100 39 56 105 146 87 129 89 131 82 189 223 155 177 124 215 232 91 65 151 104 86 82 63 91 148 121 89 115 120 157 246
29 2 14 14 6 53 133 38 92 34 99 253 228 119 23 94 66 69 40 86 255 130 37 148 167 12 41 146 218 244 197 52 18 67 88 38 17 22 33 69 53 57 80 53 32 37 45 45 42 25 56 52 23 30 41 50 31 63 37 66 104 30 22 64 29 24 48 106 159 109 69 69 68 82 104 113 126 82 125 145 64 62 52 184 120 10 40 101 125 145 118 33 195 255 249 227 159 107 99 238
82 77 140 138 56 165 117 116 142 24 164 211 173 255 246 162 53 185 247 249 163 109 24 190 213 66 46 173 193 161 150 254 219 7 10 35 17 12 44 52 45 44 75 65 12 19 30 32 41 20 34 31 22 38 43 45 25 39 34 54 67 68 49 142 57 61 70 153 161 142 97 104 66 184 101 166 126 83 21 80 80 60 32 201 148 60 117 217 225 220 229 173 237 246 247 255 106 34 4 118
40 55 174 146 132 250 0 224 145 62 82 87 198 255 229 136 113 238 255 232 64 170 103 76 109 60 60 71 169 151 112 144 117 52 106 41 28 39 49 53 22 16 55 65 1 17 31 33 28 24 25 22 20 35 46 37 31 26 51 46 30 81 116 209 197 127 65 84 125 44 61 89 172 237 29 71 70 61 1 40 92 111 51 173 114 57 133 253 253 155 97 137 180 187 159 232 134 87 30 65
64 61 210 124 132 173 157 167 0 177 0 134 138 131 108 173 191 185 123 119 33 159 152 19 51 186 173 255 219 168 96 109 79 66 101 48 20 36 41 60 22 36 71 55 33 28 20 40 23 26 37 37 24 23 31 30 43 46 56 38 37 63 146 170 248 162 108 94 150 41 95 133 253 246 91 105 44 150 85 90 122 127 57 78 101 34 58 142 133 58 35 92 55 77 102 149 90 113 93 96
143 209 252 239 177 189 224 127 58 200 217 192 20 66 70 198 231 161 51 101 96 77 124 31 54 62 68 169 251 92 92 133 127 81 83 39 0 0 53 48 34 30 44 21 28 37 23 14 20 18 29 35 25 23 35 42 53 52 46 46 32 54 68 88 228 141 118 137 123 18 71 47 154 113 43 82 42 188 154 148 94 100 77 76 125 139 85 35 89 176 154 78 24 78 78 97 32 47 32 68
163 227 249 222 106 211 82 66 93 145 248 142 138 133 47 121 202 255 69 44 62 64 94 124 137 165 224 255 147 114 154 20 3 192 151 21 48 26 27 55 23 20 29 0 14 28 34 21 18 12 19 26 17 14 27 37 37 39 24 39 19 46 10 52 154 125 84 142 194 123 107 82 90 140 142 81 36 126 70 123 88 101 119 60 75 176 175 133 147 224 156 63 68 122 88 118 94 81 36 90
151 167 253 253 110 84 3 107 22 122 115 89 145 134 48 136 207 176 148 255 44 137 78 31 67 168 255 137 93 73 189 138 112 219 150 36 70 41 30 11 0 23 64 46 47 32 48 50 41 39 42 38 26 29 40 40 17 24 20 23 17 45 9 80 125 130 13 54 237 216 95 117 110 193 187 36 194 155 20 107 134 185 218 142 138 235 205 104 62 112 125 111 83 56 26 109 181 153 84 139
130 42 255 227 255 190 205 124 108 143 59 92 149 101 90 76 255 243 197 255 52 125 3 25 56 156 239 103 141 42 51 70 54 66 73 40 55 44 81 42 36 39 50 40 33 14 45 67 24 32 36 23 11 24 32 20 26 33 41 22 49 61 32 87 63 22 38 44 40 62 49 61 72 133 137 68 62 251 148 8 88 185 191 117 126 216 188 34 42 3 37 73 90 140 118 98 128 122 60 96
138 65 198 228 254 73 242 237 105 133 171 198 201 22 82 123 203 255 243 212 145 115 40 27 88 197 232 184 57 88 65 96 40 55 20 5 112 90 94 91 93 56 12 18 22 17 28 36 29 40 49 41 33 46 51 36 40 43 52 26 89 91 57 55 71 97 91 54 128 101 23 70 103 74 156 121 41 57 130 10 123 215 242 248 238 245 233 108 80 31 92 101 80 143 109 12 43 72 52 92
89 140 244 249 168 62 59 125 124 102 51 152 200 149 76 127 255 229 243 255 254 106 81 20 69 125 83 180 239 243 96 51 6 66 45 74 178 69 63 77 78 64 30 78 82 71 28 0 24 25 38 45 38 35 35 28 33 42 36 12 89 102 74 28 60 134 129 87 193 112 51 90 124 70 154 222 105 0 153 89 87 68 95 188 178 153 183 118 115 83 159 152 96 112 101 82 68 70 29 43
29 115 129 212 153 143 106 57 152 149 61 81 124 175 84 79 225 118 185 255 227 139 233 235 255 209 5 88 255 244 123 102 85 210 85 40 213 142 112 62 47 63 38 94 84 84 39 5 35 23 37 57 47 25 20 23 24 40 16 0 58 89 78 20 8 49 69 54 128 57 101 88 29 5 55 236 208 0 159 199 119 41 63 136 73 44 108 68 55 88 218 232 159 96 67 126 177 122 30 14
101 86 12 115 130 56 75 37 9 44 75 9 54 20 41 98 126 65 227 173 117 101 187 255 249 185 44 19 211 254 76 59 36 201 94 97 156 175 203 129 83 76 36 30 9 70 52 45 71 57 21 44 63 60 27 45 36 55 26 31 36 45 29 36 13 14 39 39 124 54 204 114 39 69 9 202 253 82 129 224 151 22 111 85 110 75 101 12 5 62 232 255 189 113 85 95 125 142 117 89
109 252 155 50 75 67 82 117 125 118 70 86 103 43 37 96 186 137 155 129 136 92 93 135 106 77 117 73 114 196 181 138 82 129 118 100 50 101 159 101 33 66 58 38 72 84 55 15 45 66 61 51 53 76 62 36 28 55 47 42 55 20 4 32 59 47 18 45 124 48 206 118 93 173 81 230 216 110 100 101 94 0 41 33 162 140 166 82 84 100 214 233 79 139 119 58 54 140 184 98
61 254 231 55 25 72 21 116 255 175 61 199 170 126 57 38 195 173 80 141 150 162 176 252 182 109 166 111 151 215 185 88 0 83 195 249 143 115 77 34 35 106 90 135 130 98 36 36 28 80 115 80 54 58 54 14 0 24 46 52 88 36 19 52 77 43 57 40 39 0 91 103 86 118 97 198 181 121 107 78 156 72 85 163 161 126 171 128 177 78 114 187 51 116 130 111 39 80 128 58
120 183 171 106 59 55 89 169 129 88 187 245 183 47 81 18 60 57 94 141 125 50 162 224 79 53 135 62 40 56 79 92 49 119 225 243 252 152 126 70 112 149 164 219 84 52 66 55 107 182 193 87 46 55 68 29 13 14 43 63 92 70 48 52 34 0 44 62 46 81 67 103 72 0 132 215 205 159 183 128 227 150 32 177 255 134 57 94 156 31 40 159 148 57 94 138 97 66 47 45
107 152 0 159 89 105 102 145 127 150 255 224 103 38 56 26 148 86 36 81 9 31 142 227 120 57 128 95 63 115 124 40 97 105 183 255 251 129 86 157 233 255 189 112 125 102 113 98 94 95 104 103 102 22 3 44 43 20 35 43 23 46 27 3 41 33 0 52 38 121 125 137 142 113 106 123 141 77 38 72 67 80 136 201 239 196 217 69 62 62 62 97 127 0 113 159 134 119 38 73
28 98 85 65 122 77 95 189 167 167 215 82 61 50 31 16 47 34 29 61 106 134 210 249 152 122 147 120 156 248 228 61 89 135 213 226 251 177 72 204 138 235 141 79 208 164 79 88 83 85 52 20 53 71 70 68 48 35 52 41 0 52 46 29 26 44 32 84 60 113 48 21 151 145 112 255 157 129 85 62 45 48 77 114 138 102 130 85 106 151 80 66 123 120 255 228 168 149 25 80
92 66 175 50 122 83 0 27 25 95 176 161 64 111 67 131 62 146 111 61 42 87 187 245 218 255 208 129 222 249 249 177 209 247 255 79 246 255 234 246 238 255 217 151 125 89 77 88 100 74 59 66 65 83 72 40 0 12 46 22 13 49 34 33 65 43 43 45 63 106 50 20 82 120 141 255 127 139 104 72 125 223 193 134 108 72 15 74 79 179 124 102 103 130 239 244 206 152 26 73
91 3 156 87 62 42 83 98 58 60 177 233 125 152 125 151 84 171 168 46 79 88 232 192 198 248 201 143 255 186 196 200 250 242 248 220 250 244 242 250 249 253 227 104 182 144 137 121 82 44 73 124 82 91 89 51 16 47 86 49 78 72 24 24 52 72 43 27 48 39 133 129 27 112 255 213 105 150 121 55 145 242 241 66 0 35 80 150 158 214 113 85 122 140 148 157 191 149 60 66
102 42 106 131 32 78 210 204 123 101 106 188 90 129 136 111 30 80 121 50 80 39 90 62 51 130 124 141 227 164 234 255 251 164 245 244 233 255 228 254 209 247 171 81 254 216 154 152 144 99 88 68 50 51 50 60 44 51 82 78 55 72 84 47 17 9 40 44 55 16 129 191 96 136 248 207 75 60 61 26 63 116 139 105 91 87 161 76 86 104 161 191 165 121 121 151 214 135 50 115
187 155 85 31 28 88 143 125 83 87 67 76 41 142 255 212 103 107 62 83 24 75 71 39 34 43 63 121 70 125 228 248 244 248 239 238 255 229 250 255 248 246 243 195 255 234 219 172 154 119 62 48 83 30 43 100 79 67 66 61 69 71 64 52 19 60 62 40 138 55 13 130 171 90 103 153 40 38 68 166 157 84 98 194 35 88 216 146 143 60 102 139 118 83 91 178 181 87 59 121
200 123 48 25 13 48 94 56 64 109 32 14 105 148 254 243 173 206 51 146 131 215 196 167 127 87 79 11 121 74 101 107 248 244 243 255 239 184 255 185 247 186 244 255 222 255 251 255 157 100 72 15 170 198 201 180 129 130 127 72 94 68 61 46 49 111 102 0 83 98 35 76 108 65 0 57 114 95 157 234 196 135 79 125 118 131 148 71 56 81 127 143 101 63 74 160 122 47 78 108
162 76 100 185 174 168 154 38 72 185 135 155 161 121 121 193 122 255 5 138 82 247 209 127 94 93 88 21 68 64 83 81 247 250 255 243 255 223 255 245 250 237 255 230 160 230 236 255 255 255 196 107 241 248 255 149 53 61 82 37 70 57 112 121 59 86 108 54 55 55 77 84 0 24 79 20 27 63 51 9 106 209 183 52 129 116 93 112 62 137 87 158 154 107 104 151 80 56 102 105
237 176 134 162 233 255 172 40 46 158 85 162 231 20 241 167 57 150 51 71 32 187 236 69 154 90 97 207 118 33 67 210 253 214 220 211 247 225 233 255 247 241 243 246 255 196 255 218 255 194 244 97 178 132 140 154 63 67 67 102 73 55 72 49 78 137 93 26 41 50 134 98 46 86 48 75 137 154 66 16 42 116 166 71 31 65 51 141 83 174 75 82 55 147 205 192 53 50 75 99
195 156 98 71 158 209 125 70 52 124 104 215 206 77 178 250 173 162 156 156 48 133 130 66 167 126 123 157 142 58 108 244 235 157 165 234 250 247 224 203 253 208 246 255 200 241 209 248 194 199 115 231 214 64 198 25 25 79 34 129 78 115 92 0 19 84 98 78 88 40 144 125 114 128 184 97 62 97 70 109 44 16 79 83 49 65 49 214 147 87 44 96 71 192 254 243 81 53 65 116
167 83 50 1 23 61 19 50 76 86 100 192 255 180 111 213 173 82 169 166 86 29 63 59 180 78 92 86 18 59 124 159 150 142 132 205 235 254 186 255 253 255 251 218 255 245 251 78 255 182 255 200 255 212 255 91 30 110 37 109 100 132 172 79 70 38 92 46 68 43 77 0 113 87 39 30 156 87 65 130 88 55 108 119 160 123 21 46 49 36 80 93 66 131 192 172 103 56 98 116
117 39 53 46 104 136 47 73 101 41 57 36 86 114 17 86 81 9 132 199 69 38 149 74 162 60 138 104 80 223 233 97 66 47 83 97 5 83 82 249 252 248 255 232 217 255 211 255 30 255 234 255 220 239 146 107 34 101 60 117 144 34 125 86 53 2 208 232 232 111 121 194 92 236 201 111 161 163 87 71 111 149 238 162 60 138 189 128 77 79 73 77 119 80 127 109 161 122 207 168
92 34 60 116 161 162 91 169 247 255 241 129 48 109 109 79 63 2 52 145 55 73 172 98 144 91 146 72 58 123 145 123 141 101 149 204 150 195 164 255 250 236 224 244 255 217 254 249 184 202 255 252 195 229 153 28 108 100 195 164 176 91 114 61 121 19 141 246 243 233 139 76 80 121 8 51 46 122 120 101 66 135 255 243 135 40 170 167 182 164 27 75 103 98 162 144 157 123 177 122
113 37 49 91 122 86 69 94 231 211 158 12 203 227 224 171 67 76 76 125 186 114 152 134 142 139 127 32 50 91 105 122 139 129 115 119 26 76 147 233 244 254 255 255 245 251 209 217 255 247 223 231 255 234 237 130 165 153 145 163 108 224 166 78 255 150 40 121 210 37 131 65 30 75 133 58 15 37 105 128 88 26 112 174 255 170 140 91 92 183 97 167 130 86 105 70 80 88 115 61
142 60 65 59 111 8 98 143 246 235 170 98 169 196 170 133 111 101 145 255 195 171 153 211 255 236 182 134 52 34 49 76 87 112 144 139 106 63 212 215 255 255 177 206 186 246 255 237 236 255 228 249 238 245 241 255 121 210 51 106 151 224 131 75 246 247 196 249 252 212 184 65 106 61 60 38 89 80 103 208 160 20 50 65 155 241 255 190 29 110 170 236 253 220 112 38 26 137 161 102
137 121 145 55 131 45 166 188 194 111 62 79 72 53 70 114 62 33 136 180 98 125 84 217 227 251 230 252 230 106 91 149 126 97 98 119 107 0 122 95 182 204 153 214 245 190 238 246 239 244 255 228 255 247 246 241 224 109 255 230 230 125 143 254 255 249 240 201 102 91 81 134 100 172 164 156 165 125 135 253 210 79 52 75 58 165 0 137 76 34 152 176 252 239 202 117 0 126 151 142
75 116 228 191 150 76 148 189 130 33 216 86 100 16 166 1 88 32 40 33 80 139 23 76 112 128 16 127 82 134 105 175 189 111 34 137 95 18 51 85 25 124 162 225 52 222 251 238 253 254 233 234 255 218 251 175 219 206 239 255 255 255 92 254 201 252 255 220 255 0 123 195 39 169 250 223 166 102 97 132 88 13 106 0 82 253 23 164 202 134 33 46 246 101 37 16 79 103 109 184
72 10 33 80 36 140 147 120 95 115 246 220 137 87 115 116 118 180 131 104 112 65 66 226 255 255 94 0 128 136 91 124 77 42 15 137 144 71 46 101 64 87 7 53 143 252 226 250 255 235 248 255 233 236 255 246 222 255 183 239 229 201 0 156 73 247 221 249 131 102 105 190 106 224 251 145 38 28 13 106 64 47 67 130 75 186 19 184 227 204 106 43 91 82 80 35 43 60 119 234
146 188 180 146 80 224 162 50 100 38 98 68 67 115 173 227 127 161 49 21 145 42 103 255 212 188 160 83 186 188 126 96 45 82 81 85 139 54 33 59 63 105 37 144 227 255 184 200 231 152 246 205 242 235 241 250 63 255 63 243 231 250 255 251 230 234 255 242 196 255 77 66 38 171 157 70 60 102 68 106 128 153 51 149 94 52 48 255 201 121 83 113 93 94 31 73 160 156 165 177
116 242 255 195 149 171 136 137 209 75 55 50 105 130 84 140 47 136 176 213 54 29 132 216 161 79 94 67 60 71 49 92 103 206 158 78 114 77 58 68 83 42 78 227 232 253 133 196 223 210 255 255 255 250 244 240 111 247 133 252 255 227 219 69 250 255 252 229 255 255 138 175 175 157 111 53 116 72 185 198 231 159 97 141 94 97 137 237 137 120 68 98 52 89 86 109 132 111 122 151
201 255 246 93 67 13 103 204 239 105 77 29 89 134 152 216 195 218 255 239 136 107 110 67 100 92 73 26 42 54 63 107 106 187 139 68 87 79 140 118 131 50 18 131 132 107 122 160 136 145 162 229 234 255 231 255 227 255 221 244 127 249 253 214 203 245 208 241 250 128 131 98 131 154 229 255 204 65 234 248 221 66 49 91 116 208 173 68 67 221 116 75 97 69 109 71 64 79 55 179
255 203 212 113 106 56 138 110 83 88 211 172 183 202 255 173 127 74 191 237 234 231 141 38 62 90 94 59 103 145 122 103 70 84 85 103 34 35 72 89 137 95 67 103 43 33 152 147 83 78 118 218 227 238 207 252 255 219 243 235 248 254 213 105 163 127 113 57 140 25 208 207 243 215 253 242 185 152 186 255 92 102 113 101 157 246 201 55 100 130 78 166 246 135 148 113 187 255 59 74
94 5 81 157 55 115 255 244 245 251 238 174 65 103 236 179 89 96 115 134 137 148 245 168 112 60 116 27 42 90 22 86 76 70 72 201 82 53 86 61 92 76 132 147 68 90 147 221 175 171 244 255 255 255 244 236 236 222 255 222 191 214 255 239 250 53 157 51 187 132 255 219 248 178 254 255 54 114 152 123 78 216 248 220 145 248 192 112 111 60 86 176 219 245 255 186 231 246 112 11
89 120 133 72 174 141 139 37 45 68 103 71 194 81 151 110 128 176 75 53 145 42 205 163 45 1 132 95 120 126 41 115 163 160 83 193 224 157 255 109 41 19 68 98 198 188 89 192 191 161 199 58 225 228 255 252 242 251 216 255 255 238 192 255 222 149 238 149 76 107 83 226 215 111 109 173 136 143 65 108 229 107 235 255 56 231 184 43 57 175 208 92 59 255 229 111 106 136 199 117
148 182 51 211 255 130 0 219 249 127 100 198 178 217 208 121 109 205 167 178 45 159 228 193 89 85 99 105 162 159 111 44 246 242 29 191 200 157 242 212 241 60 103 210 255 199 240 255 166 130 155 180 88 247 240 247 252 255 240 212 254 251 254 188 251 79 64 153 87 228 129 63 154 73 159 114 74 96 47 94 11 92 150 201 122 93 169 152 80 119 167 168 124 212 143 10 45 99 38 0
73 174 67 134 161 113 65 226 255 180 230 244 137 108 130 179 71 111 111 130 129 116 36 58 51 109 150 177 161 183 116 73 157 201 164 135 134 15 120 206 147 190 179 136 58 158 139 68 4 55 143 32 137 128 131 238 238 250 247 255 234 253 248 213 215 101 61 140 45 187 81 14 86 60 100 92 137 69 77 100 105 111 109 71 27 69 108 124 0 141 116 64 74 85 151 131 31 112 90 35
61 174 151 204 255 130 98 224 228 121 239 213 128 35 61 97 94 163 105 62 104 146 111 73 88 45 67 139 110 246 73 100 80 96 125 45 117 151 95 32 175 98 18 150 82 156 83 151 89 7 72 107 21 116 100 166 224 237 224 127 247 234 176 168 117 138 108 213 10 163 54 34 29 122 47 43 116 29 114 53 150 166 163 156 9 75 155 122 114 233 194 112 107 121 229 193 74 45 51 15
87 118 89 187 149 91 84 132 133 113 247 255 161 106 76 99 144 252 177 0 22 170 221 154 119 66 25 115 30 224 58 135 182 107 179 194 223 243 159 150 73 147 44 132 189 254 193 98 76 41 173 245 218 112 0 134 93 69 104 186 102 198 105 184 134 225 78 84 65 98 102 84 77 134 51 54 74 24 184 181 167 186 68 69 87 118 195 167 115 224 155 15 30 139 180 144 139 115 51 162
129 63 34 154 203 210 183 204 35 5 128 146 105 105 136 99 96 158 109 55 74 251 217 128 78 46 50 94 52 62 117 142 90 65 232 167 148 217 61 215 78 245 67 148 141 209 167 113 173 171 134 214 94 119 61 71 8 109 205 181 7 112 100 142 79 157 109 80 132 71 128 98 103 58 119 142 126 137 255 253 178 190 70 126 109 73 171 109 78 104 108 52 4 109 145 91 115 122 89 183
209 95 77 207 255 255 94 142 0 77 153 111 46 35 111 122 117 73 104 192 188 206 134 34 78 104 84 69 115 115 167 50 46 56 108 120 63 163 135 53 152 194 104 227 184 82 66 163 255 216 85 155 142 145 174 255 144 73 78 104 79 173 165 96 36 95 143 204 195 93 101 124 107 43 163 217 46 57 130 111 7 102 66 133 101 23 90 90 81 112 155 173 175 105 207 160 77 121 99 108
200 41 40 127 233 255 111 92 89 119 214 171 88 58 122 130 236 148 127 243 192 121 49 47 115 143 128 134 101 229 181 56 137 133 126 226 195 79 255 92 105 18 255 227 208 255 170 70 121 185 205 132 119 141 134 186 102 194 238 157 83 150 189 211 108 159 164 159 184 78 56 158 85 58 185 171 69 137 226 240 145 112 117 95 108 32 104 48 44 64 111 89 213 116 165 178 73 133 163 173
105 48 8 71 48 192 244 230 214 102 244 255 38 93 105 51 182 96 64 180 251 208 144 123 66 33 58 112 158 137 95 203 126 77 112 199 67 68 108 38 66 94 91 195 142 255 208 173 154 112 212 158 163 141 113 178 94 147 115 10 77 106 91 155 95 205 125 64 60 41 49 207 134 68 157 34 34 106 255 217 160 51 161 133 62 12 87 86 113 110 120 75 174 146 87 72 141 44 70 239
57 68 86 77 55 97 251 218 237 169 255 161 86 116 173 182 114 175 135 96 255 227 158 158 149 83 54 176 222 182 172 206 168 78 94 195 118 205 95 45 47 77 126 114 184 207 144 168 153 120 127 48 108 168 190 175 50 65 46 16 97 59 132 164 149 191 31 101 92 154 155 252 95 79 120 92 175 118 178 167 63 97 150 119 24 177 72 73 106 190 246 255 102 104 89 53 89 148 34 41
67 50 17 45 58 71 146 203 126 194 255 241 0 45 127 195 203 247 251 156 125 250 225 63 28 79 68 76 197 255 233 158 136 231 200 97 165 181 228 182 36 21 174 204 106 78 109 154 88 87 90 22 53 90 3 8 16 51 49 196 120 74 243 244 235 238 94 210 228 155 143 219 138 73 77 238 197 76 85 109 81 38 48 0 194 219 79 123 210 255 246 206 46 127 69 5 108 93 21 138
123 71 81 78 142 14 39 79 24 90 152 187 80 105 113 79 54 152 215 169 98 255 218 99 161 183 183 236 84 196 156 124 104 146 153 102 177 194 142 135 92 77 165 253 117 104 147 135 43 71 135 134 118 190 28 47 107 73 0 226 177 98 194 252 244 251 109 178 213 90 41 58 12 47 9 200 232 122 56 118 97 88 54 89 167 154 37 135 201 234 172 56 52 122 107 104 209 187 86 90
158 97 98 143 210 71 61 5 46 65 152 63 59 134 193 116 69 60 58 9 119 157 73 70 156 116 79 186 42 79 142 96 24 0 43 95 26 159 158 75 47 9 129 251 154 74 152 106 1 82 135 183 60 141 63 56 122 127 42 120 239 101 74 155 197 248 86 113 9 58 70 79 106 165 40 46 156 104 51 72 108 21 24 152 107 58 56 103 115 149 93 30 101 12 132 137 108 206 167 43
138 72 74 120 133 42 73 52 74 106 184 91 82 124 116 36 24 73 108 119 93 220 167 15 42 47 23 38 45 69 103 86 80 71 55 53 132 116 106 72 29 85 193 86 78 13 136 102 48 102 109 134 76 71 51 66 73 99 87 119 165 135 153 119 65 129 57 134 94 179 14 12 65 168 189 149 233 250 190 165 192 167 134 209 103 24 47 31 37 63 91 70 68 33 184 198 57 102 141 47
109 63 63 119 6 42 43 141 1 139 131 70 27 30 69 104 185 187 73 42 36 130 96 19 21 86 68 52 75 39 64 190 153 81 42 97 14 159 204 149 41 83 160 103 98 92 91 92 64 72 67 77 122 72 66 173 62 60 53 66 112 151 167 128 17 100 46 78 150 206 62 107 88 105 80 51 195 206 150 153 211 228 154 122 73 25 48 63 150 130 70 39 57 104 183 153 158 116 65 57
134 65 70 95 67 87 102 160 53 211 150 92 96 85 26 24 93 114 71 63 128 105 138 133 160 181 215 163 185 129 120 177 166 53 5 61 36 151 80 71 203 183 114 74 102 128 79 69 75 35 13 24 37 39 64 171 83 74 82 90 97 118 101 102 78 132 107 133 187 168 120 141 44 55 40 67 127 112 85 95 176 165 124 84 69 56 116 100 249 251 119 68 114 74 21 0 53 54 13 69
120 54 56 36 143 0 0 125 178 227 255 163 87 66 27 60 99 40 27 110 114 137 193 185 51 13 60 53 164 159 79 57 128 230 190 101 78 74 67 165 198 211 210 19 16 124 88 115 175 95 43 23 60 131 168 130 49 108 95 107 152 141 90 159 131 178 154 213 52 64 145 147 19 48 12 81 59 68 46 74 93 91 70 109 24 11 68 43 225 238 112 105 121 0 48 54 7 56 57 100
29 165 33 77 161 73 109 164 167 252 252 74 51 84 11 71 13 48 98 55 89 59 151 242 163 66 87 139 74 154 96 116 206 245 155 124 118 58 113 88 134 139 112 35 94 154 128 66 68 59 91 17 84 65 144 66 95 72 80 126 101 132 168 156 158 101 120 103 65 29 120 60 77 90 124 144 51 64 50 158 57 87 149 87 129 51 255 253 241 167 67 0 120 123 18 116 47 46 34 40
210 36 94 41 108 93 152 217 150 44 54 125 89 91 66 68 99 69 97 110 45 129 175 152 79 117 217 213 250 220 96 110 181 23 56 61 108 89 185 161 57 46 56 45 90 145 66 49 149 78 104 60 54 12 98 63 73 48 13 50 67 56 93 158 116 75 58 92 93 80 33 161 245 67 169 153 34 41 21 31 10 73 110 86 59 75 234 192 187 197 92 92 96 111 72 69 59 80 75 54
150 0 61 106 39 112 136 124 182 97 109 160 56 6 48 42 104 56 85 155 152 182 173 85 62 201 255 255 153 213 80 141 97 21 191 112 94 102 137 152 69 181 101 51 72 126 119 68 70 10 92 137 58 54 91 145 204 138 110 86 62 39 57 102 110 72 35 42 110 100 75 223 224 63 191 228 139 144 212 148 102 71 63 40 1 33 105 68 45 107 18 80 85 76 64 77 58 122 107 118
158 92 15 57 93 69 131 76 239 174 186 128 48 1 58 22 97 66 14 108 52 52 74 106 103 94 52 15 72 196 178 255 168 187 244 213 64 58 68 112 171 254 138 56 74 54 47 52 141 62 85 62 65 82 59 170 243 171 158 52 21 82 85 32 49 98 99 39 52 43 103 86 65 91 136 253 255 209 251 137 100 72 82 120 138 87 4 39 45 47 14 120 99 19 52 75 77 90 16 111
171 30 74 90 125 3 112 163 249 119 132 124 87 34 84 96 90 81 7 77 56 91 135 163 132 76 112 215 228 133 203 255 230 76 170 117 61 83 109 62 140 180 124 63 82 57 31 86 196 131 137 78 82 119 36 84 147 158 142 4 55 91 87 34 79 129 151 86 135 92 120 125 152 206 215 255 177 65 151 90 179 148 113 178 169 177 87 110 72 60 7 111 120 51 103 71 73 53 6 89
113 0 49 229 219 82 158 113 152 129 158 82 85 34 55 161 80 141 100 126 61 90 69 35 41 90 185 248 201 66 59 106 90 108 136 102 151 153 197 94 132 129 97 120 140 166 124 145 219 128 113 106 110 173 98 115 111 210 179 87 151 89 66 95 115 117 96 103 48 84 26 176 140 48 102 120 67 7 52 110 255 217 95 66 59 188 229 133 75 103 52 51 69 61 125 48 70 111 112 82
75 115 80 219 248 255 143 19 80 120 111 27 56 22 52 150 82 134 194 138 101 115 50 12 94 191 160 123 102 126 19 153 93 216 237 229 255 231 211 148 172 119 99 158 244 171 83 78 184 124 113 7 89 150 172 140 95 163 119 106 139 90 104 110 103 66 48 64 38 121 55 149 78 0 64 68 102 105 13 53 89 102 54 35 21 143 238 163 96 132 144 44 48 79 102 37 101 168 227 98
171 185 252 33 133 180 73 32 124 97 36 88 74 3 63 83 74 42 239 123 225 232 77 3 92 173 196 241 36 92 148 240 242 82 255 253 218 255 249 223 109 68 1 122 156 140 71 24 77 53 73 37 38 155 255 251 113 97 0 48 85 78 65 66 91 90 55 27 71 92 67 39 6 143 124 136 77 248 147 144 77 64 70 69 26 72 110 109 141 108 158 45 40 91 56 48 184 153 210 99
48 101 116 235 97 107 30 66 82 124 88 142 63 76 145 71 97 85 51 24 203 149 222 73 62 75 125 83 41 242 120 127 143 113 134 98 191 65 97 187 177 123 94 78 31 66 235 96 142 205 140 60 136 255 232 111 133 35 0 78 41 93 110 115 84 29 57 85 23 51 105 8 85 195 166 133 74 253 225 60 0 122 71 34 89 83 67 201 255 163 119 25 7 84 99 111 124 61 149 132
235 238 142 73 184 194 50 64 87 124 114 161 62 49 102 168 125 121 30 49 88 6 119 129 202 113 161 159 5 194 136 242 255 247 235 186 244 162 55 72 139 93 55 94 21 67 192 1 63 246 223 38 127 234 186 18 107 167 157 109 77 70 0 46 82 70 79 52 81 105 51 45 95 140 130 69 150 233 215 122 40 85 52 107 173 177 206 154 211 184 118 107 65 94 181 137 102 54 104 111
255 252 176 134 93 85 5 68 151 205 133 94 46 33 60 132 98 145 86 159 93 48 116 227 255 158 255 211 47 244 184 247 245 252 243 232 202 195 152 50 156 29 21 80 152 129 224 63 81 100 120 74 29 108 127 23 49 165 235 149 184 173 124 118 60 56 117 60 92 162 105 128 100 70 188 214 50 108 115 28 52 37 59 108 145 103 192 108 155 116 74 118 70 45 179 139 173 119 49 27
185 192 141 23 40 42 18 102 207 250 105 61 98 82 99 81 48 92 58 90 41 106 33 79 103 132 209 89 169 244 246 226 190 219 187 125 255 206 197 87 147 70 175 218 154 73 181 102 205 148 141 66 88 22 57 79 210 215 192 65 184 148 148 168 71 79 170 139 9 96 110 187 115 22 114 104 121 183 224 106 72 24 89 64 98 39 135 87 174 55 76 161 116 0 40 0 58 96 48 46
109 120 223 169 211 162 84 73 135 209 73 85 56 93 136 69 102 124 98 22 95 195 68 138 60 191 255 154 150 228 190 197 141 114 68 38 124 30 135 32 47 85 239 246 76 126 255 171 239 255 244 110 209 100 181 240 237 155 172 110 255 199 197 255 227 227 255 244 242 205 111 202 161 66 165 113 74 188 247 240 157 60 80 80 109 49 76 89 202 41 121 151 67 93 119 132 150 17 38 10
241 215 255 78 253 209 82 29 64 185 65 101 27 9 101 16 96 181 190 103 68 156 74 205 80 109 147 132 137 88 103 255 214 142 57 115 100 109 254 192 77 74 255 230 229 218 221 170 218 224 255 213 238 125 84 131 227 212 222 72 179 212 237 232 255 163 254 217 246 189 98 144 112 48 169 121 30 28 158 250 255 135 99 94 66 97 46 0 116 67 192 118 227 206 125 184 148 52 97 69
187 255 249 232 210 157 93 35 81 205 57 105 95 76 106 6 78 155 122 79 79 146 165 253 130 91 89 140 140 90 97 238 255 252 187 204 228 226 255 125 0 66 253 255 250 136 22 87 170 255 237 150 116 84 74 49 147 210 213 116 97 197 235 255 245 224 237 255 215 161 202 255 247 179 161 112 147 57 85 208 212 174 108 58 64 106 80 46 100 141 193 172 186 130 137 187 248 115 51 9
102 205 214 249 237 190 155 107 138 239 66 83 118 118 85 112 115 214 129 55 108 119 255 216 154 67 102 171 158 74 33 95 127 248 223 151 245 217 137 53 120 255 247 209 52 200 209 240 136 219 201 119 172 91 83 84 232 254 209 81 153 255 255 236 255 255 255 129 255 108 149 241 223 238 173 108 85 103 62 126 4 88 120 125 90 99 116 66 48 76 72 156 241 146 226 215 241 196 106 158
189 242 246 194 116 114 253 160 202 255 78 69 83 92 41 103 152 203 188 200 204 17 91 67 87 100 45 126 44 160 68 153 58 129 101 90 153 207 77 93 58 247 229 253 42 238 213 100 85 159 129 227 234 248 2 123 209 232 183 149 149 208 126 255 239 215 119 68 137 126 158 206 135 99 167 124 235 128 72 109 171 132 53 182 234 172 43 133 141 121 187 255 251 234 249 246 166 213 84 180
90 224 188 154 35 22 160 180 209 236 58 0 10 109 121 61 90 159 195 165 103 38 72 134 106 68 41 100 192 173 100 173 140 60 76 98 107 210 129 96 56 169 210 255 228 191 73 55 102 180 175 240 255 228 37 113 86 201 237 223 64 13 255 221 205 143 3 210 118 57 37 103 57 40 198 221 152 166 153 106 99 70 72 49 69 128 72 125 50 53 171 234 152 238 235 254 146 209 71 133
118 7 146 140 71 54 50 61 50 109 97 22 53 141 147 29 83 101 127 113 22 39 26 179 101 111 62 55 161 169 154 99 128 38 128 80 101 145 175 107 21 60 109 120 242 156 59 49 132 172 193 255 226 111 106 133 38 116 208 182 138 123 151 151 251 249 180 100 208 128 98 134 67 34 100 93 60 56 94 119 23 44 98 21 72 80 52 36 76 69 145 161 255 206 183 177 80 145 167 255
242 0 137 141 87 94 145 189 102 70 124 23 85 108 80 58 121 55 13 69 90 173 111 204 141 215 170 107 60 85 148 13 74 43 134 82 183 152 177 123 142 82 103 54 99 107 182 104 77 38 158 160 131 20 137 118 83 88 155 77 100 144 244 163 213 251 123 70 68 61 105 134 83 62 67 49 84 45 88 124 47 12 9 43 56 53 100 40 45 0 134 178 190 73 117 184 147 97 169 255
244 212 66 114 60 89 111 163 112 62 143 63 75 86 45 56 66 65 0 109 193 229 196 192 123 255 157 63 48 46 86 99 88 78 93 230 214 107 113 45 106 113 207 119 25 70 230 179 102 3 81 39 124 11 140 40 87 87 72 60 47 129 198 245 185 81 14 69 38 27 75 41 24 74 110 96 122 99 108 174 190 92 7 110 82 8 16 18 134 109 114 109 144 87 77 149 154 109 174 169
229 140 77 76 72 82 58 113 74 144 254 187 150 118 122 76 4 64 42 113 155 202 164 156 103 202 123 26 38 78 135 121 75 120 132 211 182 107 124 45 75 77 128 86 133 77 144 228 204 143 123 86 74 48 137 79 133 79 28 78 94 216 0 152 117 35 151 35 108 125 136 54 21 120 83 116 57 109 98 188 255 141 93 128 25 28 167 180 128 67 84 168 136 158 79 24 60 157 195 89
146 76 38 23 63 139 159 222 208 208 223 236 232 148 197 103 5 70 67 80 77 137 104 124 110 151 150 76 81 98 147 115 71 139 129 175 164 128 176 119 47 90 127 57 232 164 150 254 255 255 188 158 99 143 205 177 130 73 65 113 89 107 111 6 39 139 89 141 58 33 132 85 117 164 75 104 86 105 118 179 170 146 34 5 109 106 109 163 149 131 61 103 110 184 66 48 95 176 146 17
59 135 68 90 65 145 153 127 37 61 142 255 247 67 167 120 55 65 52 45 28 92 57 114 50 35 136 115 97 54 108 103 112 142 90 132 124 59 93 63 45 109 184 56 255 253 226 236 207 238 182 135 115 159 233 213 121 31 113 131 122 50 28 140 242 137 132 118 152 73 113 131 200 157 51 77 138 59 115 160 159 135 127 51 46 16 45 51 41 119 25 14 168 238 113 195 200 161 88 11
