53 82 25 58 125 88 82 0 47 49 63 47 60 54 62 43 31 17 29 19 73 83 62 59 34 70 132 125 94 121 39 98 41 96 99 4 0 17 44 65 117 107 67 111 65 56 108 72 92 30 70 102 81 74 103 93 60 41 23 55 50 23 45 37 19 10 30 28 30 45 48 76 87 73 81 65 61 99 156 111 43 2 51 67 68 50 42 38 40 71 96 55 31 36 24 41 40 50 46 28
67 77 29 13 46 59 125 68 41 25 59 69 68 62 76 49 16 20 32 2 36 62 60 51 43 26 28 70 89 99 90 41 44 80 110 87 43 31 67 152 222 230 122 68 112 69 75 85 121 71 180 220 138 92 113 95 43 18 58 48 100 95 42 66 53 28 46 67 72 56 36 59 48 20 53 104 67 101 152 119 29 50 110 112 71 33 28 33 16 22 38 31 52 49 39 37 47 56 59 51
14 22 49 37 40 51 151 137 93 34 59 88 66 49 79 76 60 34 50 59 63 39 44 76 50 24 9 42 90 62 82 14 33 18 60 121 67 17 31 135 255 194 82 30 84 76 74 67 126 104 219 249 162 86 114 137 92 92 114 44 124 124 26 28 78 43 43 62 70 53 28 37 60 58 63 94 107 83 85 84 120 148 140 113 65 47 44 34 39 34 26 36 85 93 98 78 45 48 52 54
63 20 53 67 82 63 144 173 70 92 92 31 4 56 78 18 32 48 69 62 56 56 58 54 43 37 39 13 63 33 23 58 138 94 86 88 54 56 50 56 68 68 98 115 46 40 59 86 59 66 136 227 255 145 78 43 27 163 174 63 23 0 19 64 23 8 4 16 40 55 50 43 35 51 55 44 142 100 108 111 119 127 54 26 22 60 71 45 43 47 2 6 31 56 71 54 47 43 46 54
104 18 3 22 59 17 33 53 84 125 119 82 76 98 86 60 18 46 44 34 40 63 64 48 52 40 36 7 35 37 31 124 98 9 29 86 103 66 46 41 31 46 57 89 115 138 95 95 82 64 21 48 90 15 81 114 84 171 116 69 30 37 87 102 87 77 62 60 62 58 50 36 71 54 69 52 102 64 97 77 79 95 35 24 38 85 93 61 80 80 20 38 30 46 44 46 55 54 63 79
113 65 43 52 65 30 22 19 32 103 91 53 75 127 105 70 93 88 34 30 45 54 48 53 58 46 29 58 46 34 58 107 67 45 60 25 41 82 104 64 65 74 62 35 115 165 167 151 105 66 34 53 68 14 121 119 58 60 14 27 4 27 48 86 97 76 51 56 49 29 40 52 49 53 48 61 63 39 55 78 51 61 42 38 41 58 45 8 56 43 7 47 39 34 15 36 51 54 68 88
116 93 68 71 42 57 101 100 57 43 18 48 75 99 88 101 133 153 63 25 51 83 57 32 59 55 28 97 107 60 53 54 24 28 66 71 73 94 99 88 56 62 91 75 81 115 168 141 85 62 77 54 43 2 99 113 57 42 20 50 54 60 58 107 112 92 55 50 33 9 32 48 29 56 36 43 45 39 41 67 38 31 58 55 45 39 30 12 16 12 19 19 25 18 14 36 46 44 44 48
110 69 37 66 24 70 138 117 89 48 19 53 70 109 103 89 152 151 60 68 113 110 70 75 92 78 31 100 196 145 71 69 27 23 56 104 89 76 36 37 67 81 104 125 52 58 112 128 80 50 57 13 63 32 38 40 59 72 34 47 69 38 32 47 66 77 55 47 36 30 51 46 24 17 35 28 28 60 107 53 33 28 95 83 44 15 23 37 25 44 76 2 10 15 38 51 54 41 20 2
62 45 33 100 72 123 88 57 125 105 4 17 59 63 46 57 112 109 34 88 88 100 77 60 65 67 42 86 206 121 65 55 27 91 87 41 34 30 33 54 90 93 94 49 45 27 45 83 122 74 39 28 52 70 38 12 47 37 21 11 12 16 12 3 25 44 57 71 48 40 80 74 27 14 52 37 34 88 81 60 26 25 55 163 94 37 30 50 28 5 61 34 18 27 35 42 38 44 40 38
25 28 85 146 76 125 61 33 119 84 25 21 8 23 25 16 62 77 36 53 58 57 47 42 34 36 49 72 146 16 14 52 24 69 62 65 58 44 50 72 40 20 11 22 36 19 29 50 93 63 35 2 0 21 32 48 62 67 64 51 39 36 38 40 36 102 149 103 42 50 106 96 36 21 42 42 24 74 46 27 59 14 47 129 133 61 20 19 22 0 26 35 40 42 28 24 29 43 57 73
76 48 41 106 0 35 87 37 94 56 17 34 38 42 29 13 41 49 16 25 30 35 23 53 42 52 63 92 140 76 121 177 87 84 36 77 54 17 7 4 40 67 69 89 70 54 54 30 0 5 35 26 11 9 5 18 13 20 23 17 13 19 31 38 5 58 140 117 68 44 92 131 61 26 21 40 12 45 12 15 63 13 44 92 133 87 17 34 86 44 0 0 19 54 46 30 13 24 20 8
106 90 54 82 15 0 46 17 0 56 18 22 59 50 36 18 109 84 32 44 51 57 28 77 43 83 48 63 50 86 117 132 113 93 24 77 35 5 12 2 13 58 61 94 58 44 51 14 32 32 35 12 6 29 48 73 49 38 23 16 23 35 37 32 56 62 119 124 120 39 12 71 62 20 18 41 26 28 7 21 27 28 45 46 51 63 0 50 0 33 16 26 48 87 59 11 7 34 31 8
94 49 44 16 106 124 51 47 154 211 90 23 60 93 134 83 120 85 58 31 63 41 22 30 14 83 50 42 0 61 91 78 102 98 39 80 36 39 82 79 71 48 15 76 66 46 54 37 20 19 24 7 3 18 16 21 39 25 9 5 16 27 23 12 30 48 69 85 150 100 25 56 60 47 60 44 48 36 29 16 5 41 51 4 1 39 1 41 42 76 48 30 23 57 51 29 28 42 34 18
74 87 188 143 98 61 67 71 74 99 50 57 76 70 112 43 84 66 96 30 104 52 78 28 0 34 19 15 5 44 98 91 97 91 37 60 54 89 120 91 80 56 21 49 53 42 38 13 25 33 45 24 15 26 24 29 22 24 25 24 27 33 33 29 25 43 35 67 131 101 27 47 105 112 107 33 40 39 50 12 19 43 59 16 60 79 90 69 72 48 25 30 47 72 59 43 50 38 23 23
127 114 200 230 82 8 131 150 59 61 75 90 76 23 52 63 60 30 56 18 89 36 90 28 59 50 20 40 36 26 49 47 54 51 21 33 62 106 107 55 21 54 60 35 40 45 39 13 13 33 56 39 27 35 33 40 47 51 48 37 27 24 25 25 35 29 23 99 112 83 49 73 118 115 84 21 24 26 40 19 33 33 42 61 108 91 135 85 107 38 24 12 26 42 29 19 31 38 35 33
94 66 153 255 157 38 53 143 110 92 69 41 113 126 107 130 108 41 10 27 56 15 58 21 48 51 23 89 53 24 0 3 12 37 44 36 51 72 63 22 25 56 76 35 42 32 25 26 18 30 42 17 5 21 28 39 46 41 29 16 13 19 25 26 35 25 29 121 83 70 66 65 67 49 21 22 29 14 15 26 29 22 7 85 75 31 81 42 87 44 71 24 4 24 47 66 120 137 105 44
33 41 118 208 193 83 57 45 9 11 38 21 148 164 108 120 68 72 77 104 111 42 24 8 30 37 29 62 62 56 62 78 62 47 27 68 58 14 34 29 63 62 30 71 50 30 35 23 12 19 22 14 7 13 31 47 42 33 24 9 0 8 19 13 25 30 44 46 47 68 65 26 16 37 31 90 85 54 52 46 45 35 11 23 19 49 74 79 90 67 47 66 15 28 41 107 154 160 63 46
56 7 27 101 114 44 63 91 18 45 136 128 145 117 21 96 30 32 79 126 138 89 45 34 0 70 55 37 96 99 141 220 158 54 51 94 60 94 43 35 56 51 19 67 62 33 29 26 48 33 15 10 25 46 55 52 54 33 22 22 25 28 25 16 18 28 48 45 29 40 49 30 62 104 82 100 91 82 79 62 44 45 41 26 10 45 95 135 87 78 64 49 44 81 98 70 66 56 39 39
61 34 32 43 40 4 50 96 64 105 186 211 152 101 34 143 62 22 45 68 70 67 45 69 17 92 65 63 117 127 129 187 165 96 68 136 130 135 74 10 23 80 67 60 38 25 32 32 38 36 34 33 35 37 35 31 38 21 14 23 31 28 26 28 44 52 78 82 54 39 31 11 124 119 40 42 78 93 59 16 16 31 68 43 8 4 25 76 78 151 128 73 173 245 247 146 110 126 174 84
66 26 0 0 54 51 41 23 70 102 97 140 95 59 72 137 114 65 58 69 59 58 52 75 18 53 36 105 76 115 69 49 97 90 35 81 150 104 91 39 11 66 46 24 35 47 49 39 30 29 37 47 40 21 15 21 35 37 33 27 21 17 29 52 2 1 35 72 78 77 73 54 68 102 69 69 55 26 22 63 30 23 62 51 56 52 16 28 52 196 123 36 199 255 240 159 86 53 138 130
75 93 96 75 101 87 77 83 68 94 74 82 74 65 86 88 88 66 46 63 59 34 41 41 32 75 77 136 65 134 111 61 22 42 59 69 65 0 20 81 78 95 74 55 52 27 37 70 70 28 5 25 47 43 36 39 60 73 64 38 21 17 38 74 36 13 20 39 35 32 33 23 50 61 37 73 100 76 33 46 36 40 61 59 118 166 86 27 2 115 45 22 161 213 206 200 174 122 112 157
78 112 97 51 126 161 100 31 30 62 106 63 70 82 51 36 89 93 73 75 94 56 72 63 59 135 123 94 55 106 96 48 75 64 80 148 73 0 78 138 135 154 143 85 42 2 24 66 76 32 2 15 41 47 41 37 54 71 64 44 31 19 38 84 66 49 53 55 32 24 37 41 60 62 29 46 81 92 40 17 70 119 104 51 75 157 97 30 27 30 4 50 71 67 65 66 165 205 89 57
39 87 81 35 121 162 94 32 74 95 124 58 67 92 54 52 65 89 104 79 123 74 63 54 90 172 143 95 75 100 79 54 117 41 0 74 81 81 151 132 121 112 90 31 32 40 43 20 33 38 35 25 25 32 31 22 34 61 77 80 61 19 33 102 123 110 112 99 61 48 64 71 105 98 53 35 49 83 41 5 123 181 118 46 14 88 65 45 52 0 5 54 25 23 21 0 48 101 26 41
32 90 127 93 92 42 31 112 172 166 100 34 42 68 70 75 50 68 99 39 98 61 40 49 54 127 108 122 77 112 107 129 80 27 73 23 65 98 97 102 104 66 51 20 37 42 44 20 8 43 52 26 17 38 44 26 42 82 121 139 100 24 34 127 169 144 126 99 60 56 79 87 110 105 77 53 42 65 30 1 77 126 73 80 60 94 35 15 57 9 14 22 31 87 103 61 55 33 0 47
80 111 126 112 0 0 58 115 98 83 106 92 56 46 51 42 24 73 126 52 89 82 94 72 69 97 101 83 146 215 128 101 99 60 81 60 45 86 48 75 134 75 63 62 61 53 27 29 39 24 17 22 20 14 25 45 68 99 135 97 90 36 30 118 156 100 55 64 33 41 54 52 58 67 51 41 48 47 41 55 54 51 6 110 146 140 65 5 33 14 65 51 73 105 139 77 26 68 36 43
152 96 79 46 23 34 73 54 10 44 101 99 87 50 41 4 19 65 110 64 93 92 118 110 69 84 85 144 246 235 78 39 105 22 21 49 2 35 26 18 79 60 78 73 46 27 14 31 27 27 21 9 5 15 35 49 46 78 106 68 86 43 39 83 109 95 68 59 43 67 63 32 16 51 56 25 38 68 104 121 110 36 14 113 215 116 54 9 39 59 79 90 86 66 32 24 36 51 73 59
155 97 91 29 123 144 66 74 115 110 60 10 58 76 82 6 22 28 24 8 47 79 121 114 13 52 30 68 124 83 16 80 138 101 52 65 44 67 51 39 35 32 60 70 57 42 20 15 12 30 36 22 13 25 45 55 62 31 67 54 106 86 33 66 112 134 118 99 79 111 90 62 29 36 54 27 32 53 162 252 124 39 35 116 237 94 45 30 73 55 42 102 138 59 0 44 59 9 34 11
102 194 45 19 138 114 150 48 117 90 44 95 133 80 84 102 13 28 33 39 40 45 48 11 118 123 46 71 133 113 53 59 74 77 48 29 26 45 56 84 103 61 24 0 0 7 21 23 6 15 28 29 17 14 39 71 42 83 149 68 131 255 123 26 125 101 34 24 0 44 43 88 61 20 52 70 89 55 116 170 103 73 27 29 80 23 39 92 65 93 141 142 142 48 36 43 40 20 46 40
112 29 59 55 156 123 97 81 122 146 87 126 104 66 44 66 49 81 108 91 27 24 50 48 62 83 36 54 67 62 58 62 41 23 81 74 57 64 78 75 25 30 39 46 39 37 42 32 28 13 24 48 38 18 53 117 126 80 85 111 123 159 46 26 89 89 87 140 68 66 63 179 238 96 33 35 103 116 143 118 27 36 2 32 134 153 100 60 55 130 254 232 119 17 50 15 68 72 31 31
169 117 133 21 108 68 69 35 102 94 29 117 110 90 27 47 34 41 95 86 22 24 48 57 79 81 55 78 52 25 42 77 61 48 74 65 126 184 156 106 57 56 49 49 33 23 34 26 32 15 36 77 71 41 68 131 157 107 52 134 98 53 28 39 43 36 83 169 138 131 114 203 240 92 41 78 146 161 170 126 70 105 105 77 124 110 73 38 56 92 152 166 98 122 145 26 67 69 0 0
75 157 86 66 142 21 46 9 58 90 37 48 44 116 92 90 96 0 23 25 12 31 25 17 0 28 65 139 126 54 28 87 144 127 39 22 78 128 83 61 71 43 7 11 15 19 41 33 20 19 40 66 61 45 64 104 59 46 55 141 121 65 57 43 29 1 71 138 218 243 181 121 94 57 109 153 117 83 101 96 66 71 66 36 79 75 51 21 42 65 40 36 90 211 214 40 27 45 41 36
4 108 26 98 120 55 53 8 55 71 38 35 44 128 128 140 146 4 47 95 127 128 58 11 0 17 35 110 135 67 15 87 145 116 69 163 115 79 65 97 87 60 26 38 40 32 46 31 48 53 53 43 38 52 82 108 49 0 65 107 114 79 47 46 11 24 122 85 161 214 218 132 41 132 253 236 88 25 42 31 30 20 9 31 94 135 95 52 66 60 53 79 140 95 102 63 106 62 67 21
56 86 55 115 140 43 51 10 44 74 51 120 109 122 92 95 93 39 42 140 182 110 64 52 53 30 5 59 56 48 54 62 69 73 154 247 119 81 190 204 128 48 22 35 44 44 28 23 25 26 16 52 23 33 105 163 102 40 49 43 81 42 15 18 16 101 155 99 134 116 182 215 155 221 248 250 85 40 50 24 62 59 64 53 53 96 124 92 114 102 46 90 148 68 33 85 148 98 114 27
130 124 76 142 153 75 97 21 59 116 121 110 162 75 49 70 56 28 8 72 59 22 0 32 6 0 43 42 58 42 40 67 39 89 130 129 49 71 170 177 71 20 5 12 24 28 13 12 24 23 8 37 42 27 64 145 167 98 64 37 51 3 68 49 27 132 162 138 123 57 162 251 230 250 245 213 42 15 22 55 146 142 69 43 10 52 103 88 108 97 33 33 99 108 108 53 147 107 83 33
145 226 95 66 102 18 57 25 52 97 131 82 125 48 65 67 48 54 44 53 41 41 33 57 14 21 109 96 112 82 19 63 101 92 67 42 53 56 45 20 65 51 40 23 26 28 9 12 38 32 7 9 64 45 29 91 166 175 126 110 53 19 147 111 72 155 126 105 137 63 176 240 255 254 217 217 71 80 25 86 250 190 39 55 50 72 87 58 52 98 79 49 41 78 123 17 151 148 81 51
182 119 119 72 98 50 54 104 5 65 22 38 0 62 35 53 19 47 82 29 44 62 77 75 40 52 108 129 142 127 17 66 130 79 54 31 62 41 18 36 27 43 40 10 12 22 10 21 28 48 56 21 65 61 43 80 140 105 31 157 90 3 46 52 131 79 74 59 81 77 215 133 82 112 196 179 158 81 57 85 216 184 58 32 0 0 43 72 93 108 52 52 32 88 138 50 32 157 120 43
95 46 24 4 61 36 105 59 134 142 81 3 65 48 24 37 98 96 127 54 22 29 38 55 18 46 57 70 109 125 48 74 141 89 82 37 35 26 13 17 27 50 50 13 10 22 16 29 40 31 51 34 73 90 76 66 97 75 25 127 74 4 35 107 190 122 81 56 95 102 174 188 63 63 33 61 87 98 52 51 76 89 76 85 101 94 54 6 90 90 14 76 76 121 118 72 91 103 74 152
13 77 95 7 12 63 123 13 120 85 17 21 60 116 118 171 223 142 133 131 57 71 25 61 2 56 66 31 94 107 78 58 95 27 31 35 49 71 64 40 51 62 64 33 22 30 22 29 41 4 20 38 52 60 58 40 31 49 58 42 70 74 96 94 119 53 65 131 122 91 64 149 72 63 39 34 90 77 40 10 0 4 49 85 87 55 45 53 116 124 39 69 52 85 77 104 118 114 78 118
20 67 134 183 39 77 211 31 108 48 42 39 57 133 210 255 211 68 55 120 74 123 56 77 8 57 74 39 88 94 59 32 41 0 6 34 9 11 30 51 22 18 34 29 22 29 22 21 7 20 41 56 13 1 34 56 8 56 159 111 87 46 92 110 99 52 29 72 134 87 18 136 86 50 13 33 93 142 75 63 85 53 34 76 52 27 55 81 95 109 84 110 115 108 49 53 110 66 12 36
102 76 117 172 39 165 232 99 128 136 135 77 85 140 197 250 189 25 28 72 45 107 63 67 0 17 21 29 52 76 17 25 52 65 94 120 60 29 20 28 46 28 50 57 46 45 30 19 22 49 32 49 33 45 62 57 87 128 207 117 39 55 163 203 99 47 83 92 178 124 68 53 74 28 77 42 128 138 114 129 170 132 33 72 76 122 135 64 11 34 82 117 143 113 52 50 37 39 16 19
227 130 66 83 111 231 128 72 64 146 143 131 146 147 98 129 159 95 58 86 117 126 134 100 38 42 77 72 98 53 15 47 100 116 190 198 118 44 18 60 59 75 84 74 59 48 38 29 26 59 79 86 193 194 95 66 147 144 71 43 49 157 255 240 59 45 119 209 243 169 116 61 113 101 228 61 63 90 160 101 82 71 45 53 87 160 123 57 62 64 57 71 79 82 35 27 25 55 38 39
172 167 27 71 222 219 57 100 46 89 92 104 106 80 28 48 106 33 74 154 130 111 171 84 107 50 93 132 102 98 79 103 113 91 146 132 70 31 53 47 62 50 41 45 58 64 43 13 35 58 78 99 239 255 132 48 98 117 11 63 45 148 236 241 166 101 66 152 128 184 198 165 140 98 197 103 17 109 116 55 52 95 23 36 50 100 112 109 139 108 55 63 44 86 104 9 33 38 22 55
76 150 57 106 192 63 0 132 44 60 70 92 83 74 66 82 79 44 103 131 112 12 116 13 63 0 37 119 96 142 119 171 143 29 31 112 84 76 130 143 86 60 38 26 25 36 40 30 24 32 48 47 154 192 119 80 84 66 92 0 72 230 255 255 179 202 192 141 1 97 83 86 41 37 110 84 34 114 114 15 118 193 82 70 47 107 153 97 51 74 66 55 25 98 141 66 64 99 129 199
123 53 39 110 119 121 199 154 48 22 5 23 40 70 73 30 91 178 22 176 129 68 0 96 130 85 41 44 48 87 26 119 65 86 47 61 10 135 161 80 42 22 14 7 0 17 49 60 40 48 75 58 77 66 58 89 70 110 0 194 163 214 218 249 255 237 77 41 27 71 135 144 73 96 99 163 101 5 82 137 132 136 87 150 131 157 244 191 28 10 15 41 101 136 75 116 91 122 121 150
66 64 56 32 71 147 252 218 67 45 32 44 49 61 70 14 60 122 40 105 77 19 64 131 160 151 85 33 68 92 27 109 56 105 79 98 32 67 77 76 52 23 24 41 44 58 70 57 20 36 75 84 77 49 80 111 108 183 183 242 205 237 206 208 255 239 118 10 3 49 81 60 94 70 10 188 214 136 126 136 92 92 88 100 85 63 133 100 34 56 34 0 96 171 77 111 141 109 25 0
72 74 127 106 72 74 166 177 93 72 49 53 55 38 58 26 8 106 26 65 120 90 60 127 190 166 109 44 51 59 36 75 63 63 47 34 46 20 57 109 76 34 30 44 35 35 35 12 11 43 71 93 63 8 41 14 28 141 247 227 198 253 253 255 185 138 33 56 32 53 174 153 96 59 58 120 170 179 170 115 62 119 95 20 78 64 78 53 55 47 34 55 81 68 40 131 81 70 32 52
35 67 124 142 112 30 83 150 125 94 29 21 69 72 91 55 107 98 27 141 238 205 74 118 234 174 97 56 41 53 99 157 159 77 34 0 74 61 101 143 72 34 40 53 31 32 52 45 14 61 92 157 122 41 93 37 27 137 255 255 240 246 221 166 76 59 74 39 0 84 160 149 33 19 83 90 136 93 97 84 70 90 30 15 140 102 75 79 38 35 51 58 60 60 8 47 11 66 101 155
46 55 64 95 122 103 146 126 48 91 58 28 76 105 171 171 122 128 79 8 92 79 29 76 110 72 9 35 44 45 101 192 193 93 38 0 70 96 112 124 49 14 31 56 38 40 58 47 22 28 18 103 76 0 101 68 63 109 192 243 252 218 160 57 4 35 108 67 54 63 57 23 61 119 90 87 111 83 66 84 71 86 19 40 159 137 104 64 0 8 73 44 67 110 0 38 10 64 62 57
169 125 88 82 111 100 117 99 44 82 34 84 56 71 194 200 82 60 97 53 41 65 155 180 104 61 115 35 60 86 79 132 85 26 53 43 59 104 76 77 74 16 33 59 39 35 66 86 66 46 33 65 103 28 162 143 213 216 254 211 255 184 106 49 79 83 119 155 81 36 39 70 121 137 98 58 69 49 69 54 42 65 50 37 172 231 228 167 43 72 124 132 76 71 30 82 39 29 41 52
248 159 133 125 116 56 68 66 55 62 29 78 72 49 108 130 41 49 61 53 28 40 139 182 78 16 69 142 152 155 94 156 47 75 77 90 34 175 87 51 100 30 104 82 80 108 143 177 141 131 144 39 93 52 142 89 202 232 255 254 252 121 59 16 94 119 223 120 39 33 44 65 81 102 73 17 29 32 60 77 60 99 80 43 158 255 255 205 110 163 201 227 105 6 39 135 18 30 71 96
178 64 55 101 162 148 121 71 44 62 57 98 133 69 29 18 66 86 53 63 42 30 80 86 48 19 67 162 138 151 127 177 91 87 78 67 79 243 153 53 107 78 174 122 122 115 122 112 101 116 174 113 228 131 160 66 194 255 243 236 175 47 121 162 107 6 110 75 133 80 28 0 66 131 99 85 77 37 116 172 144 144 104 70 141 208 182 104 101 229 245 177 96 65 79 128 75 43 43 59
96 98 123 121 104 105 99 108 30 74 30 5 67 58 79 99 37 69 34 15 32 53 92 83 38 34 85 103 65 52 88 89 127 124 184 140 116 147 103 71 53 157 255 249 250 205 221 201 84 157 124 70 144 39 114 9 252 244 250 84 55 84 47 41 78 151 142 28 227 183 78 45 45 109 23 99 110 6 110 145 73 164 213 143 72 97 135 148 94 160 169 61 69 111 54 146 146 64 17 23
103 112 78 83 59 60 27 63 67 157 96 34 57 36 91 119 130 193 197 98 95 110 134 120 59 38 95 127 105 41 58 10 41 48 115 131 63 69 42 120 116 220 238 234 255 246 219 204 132 125 25 103 179 85 134 72 255 253 255 128 72 30 38 56 109 138 123 92 248 187 64 39 106 106 0 71 110 29 89 94 38 130 190 103 36 118 180 169 71 74 107 22 8 80 50 162 82 19 0 22
114 96 48 121 119 77 15 36 42 104 32 8 47 50 122 155 168 220 227 99 91 104 118 92 53 44 89 157 146 121 120 67 51 69 119 110 53 57 46 157 203 253 250 248 251 255 129 100 130 146 109 105 94 101 146 133 245 245 226 67 30 74 71 43 26 136 195 152 167 136 14 40 124 103 57 48 31 23 46 103 87 94 135 67 21 89 134 104 2 36 85 65 0 77 121 113 55 12 16 54
36 25 9 97 117 92 88 59 38 53 2 17 67 100 129 142 150 146 95 20 42 76 100 66 32 35 54 98 89 118 130 91 65 74 124 72 133 139 107 132 232 248 240 235 185 232 215 245 240 180 223 206 190 191 193 190 164 151 61 70 60 75 113 91 125 165 199 153 29 90 84 51 87 79 122 71 1 26 29 125 137 47 77 56 39 63 87 56 9 25 29 118 47 98 138 78 73 27 25 60
27 52 49 42 17 37 149 101 54 61 39 38 49 87 76 79 63 58 12 48 105 139 155 106 60 30 32 51 51 56 57 21 23 98 172 80 129 155 165 225 255 240 201 237 177 215 255 251 255 178 255 235 253 252 255 202 126 70 9 99 76 98 110 175 240 229 120 95 12 120 174 99 70 43 96 96 54 75 46 98 117 8 42 23 23 55 91 56 62 71 5 102 82 127 114 63 95 59 65 96
44 107 61 35 0 0 131 83 19 36 66 63 27 42 15 18 34 28 71 58 133 170 164 124 75 51 36 71 62 105 82 76 36 101 158 170 92 75 236 255 247 230 254 245 255 209 187 145 223 237 249 227 249 236 255 174 132 89 63 72 56 83 95 115 190 160 36 47 70 119 95 45 57 70 84 97 73 116 55 37 58 19 136 32 56 56 83 50 99 86 81 30 61 117 111 59 118 82 58 84
23 32 37 67 38 0 61 24 47 56 59 98 29 54 29 49 57 51 114 50 102 147 130 83 59 61 56 47 57 146 118 123 50 70 124 155 83 43 210 251 255 219 255 195 253 234 209 171 255 232 243 255 248 255 192 79 26 67 84 27 30 78 64 29 55 83 35 28 108 67 29 0 40 105 107 35 46 69 33 32 28 71 141 98 52 31 90 0 71 75 135 43 50 38 76 65 101 60 114 100
22 36 119 163 88 4 36 27 34 23 16 64 33 80 108 112 76 0 67 68 142 155 95 58 55 57 80 73 83 151 109 139 55 112 113 99 94 28 113 151 255 253 228 39 168 107 190 157 235 255 253 219 249 227 166 8 40 115 146 63 59 60 57 64 61 105 94 61 109 49 70 94 35 65 57 25 56 54 40 68 58 56 65 68 35 19 135 73 35 30 114 51 52 25 56 62 100 38 154 125
84 72 70 40 46 128 190 89 16 3 32 27 53 80 176 140 37 71 169 117 53 57 88 142 69 36 40 51 59 95 30 0 75 171 131 34 50 24 80 79 230 228 246 216 20 106 247 220 177 255 251 223 255 64 93 55 89 78 20 33 120 97 47 23 22 69 99 116 70 38 65 95 92 60 28 50 22 16 15 41 45 4 55 47 70 33 83 57 99 46 48 33 14 44 46 63 82 14 107 103
95 74 73 66 39 68 163 119 24 12 67 43 78 71 181 144 77 145 188 143 25 10 54 116 47 78 109 105 58 88 98 41 37 102 117 57 33 36 103 50 1 26 220 247 226 147 121 192 255 170 21 58 199 58 86 38 89 109 27 81 134 84 46 26 0 38 81 156 131 114 68 44 99 104 60 42 7 19 48 47 82 60 85 26 79 102 136 179 163 102 68 90 54 87 54 38 24 12 22 31
76 102 94 37 25 127 255 216 80 26 32 41 59 59 118 110 90 130 134 150 97 77 87 122 20 27 44 87 89 119 136 60 49 63 85 130 144 104 106 78 95 142 207 205 255 255 224 245 144 48 53 47 111 0 90 54 151 122 11 80 119 76 62 54 41 46 41 97 190 189 97 33 83 122 67 9 44 12 29 8 105 99 55 40 85 127 146 234 166 86 21 25 36 87 121 83 45 108 55 47
87 83 96 60 79 176 255 239 124 50 15 33 28 46 48 61 54 72 42 14 74 134 114 70 64 62 69 98 111 109 113 99 84 65 23 99 155 92 52 96 255 246 169 244 230 199 233 255 144 20 82 85 129 19 144 96 147 70 12 85 130 109 134 169 111 77 40 53 169 196 122 41 59 83 36 27 96 51 79 65 157 129 76 69 76 84 78 175 118 75 34 46 87 122 184 99 43 123 62 47
54 36 88 71 109 174 151 91 77 48 51 56 38 58 52 79 92 69 53 5 94 114 60 20 74 86 69 32 62 87 79 99 97 80 51 123 129 79 60 110 173 213 139 127 215 198 146 57 43 51 74 109 127 111 225 133 81 40 89 139 167 155 189 234 167 102 53 37 75 145 130 56 43 51 2 17 13 3 66 56 51 54 107 58 52 57 43 120 88 97 68 80 76 84 143 41 30 81 37 34
64 45 76 56 105 120 56 9 35 95 53 106 68 101 91 87 104 49 65 81 84 51 104 100 97 38 43 11 21 28 42 83 36 23 78 77 57 61 58 119 162 210 220 114 100 134 109 65 86 94 24 50 55 73 175 128 52 38 104 108 136 96 157 179 142 128 75 36 37 81 95 56 42 56 67 54 138 110 97 124 112 212 135 82 42 51 53 85 83 77 76 29 24 21 39 22 56 127 79 17
65 51 46 88 66 86 65 51 82 86 41 107 60 102 71 59 50 18 52 33 16 17 118 109 136 88 70 48 98 89 41 52 32 16 113 171 209 179 23 31 42 119 60 41 99 194 196 93 35 69 131 88 15 57 75 110 70 50 73 59 76 28 71 115 80 104 115 67 40 55 75 64 64 69 43 81 196 153 79 113 130 227 138 32 91 51 63 96 80 26 56 83 64 54 34 39 80 65 46 56
66 42 17 91 52 54 86 81 76 58 17 71 0 52 36 17 30 24 59 49 84 44 59 9 64 53 55 93 210 197 80 43 70 114 151 143 178 199 64 39 24 161 194 158 109 51 97 110 95 65 145 74 62 141 84 93 47 67 83 65 71 45 66 103 78 74 104 63 73 83 73 44 45 54 55 79 78 82 130 220 17 240 227 38 63 51 96 54 102 56 87 77 25 68 52 96 154 35 37 85
43 34 52 84 104 79 139 136 49 53 33 116 46 164 188 131 112 115 86 45 117 35 33 67 46 81 132 189 255 203 60 0 51 92 89 148 158 118 78 95 160 217 255 49 67 54 79 43 54 48 97 22 12 36 64 81 45 51 79 117 131 98 59 44 35 43 118 79 82 67 46 29 42 33 39 51 23 38 60 37 92 131 97 52 30 21 91 79 73 53 241 243 27 24 75 147 163 26 68 89
29 57 109 73 117 86 95 92 64 109 104 167 35 92 135 77 82 90 68 46 118 42 45 96 39 54 84 89 69 66 68 83 90 72 21 57 86 104 113 98 120 146 221 14 98 112 87 0 28 37 36 53 69 77 119 119 56 39 63 89 37 5 46 110 98 87 147 110 110 79 40 14 39 72 69 43 38 46 80 69 76 74 56 77 61 108 122 37 4 45 157 159 163 202 123 104 91 25 124 105
35 68 101 58 88 88 4 0 72 93 89 139 12 31 73 49 52 32 35 29 51 48 100 99 40 28 50 59 8 36 100 131 105 25 21 67 171 255 251 238 135 65 61 51 160 146 105 29 29 51 53 111 75 62 27 42 59 47 54 64 49 52 69 77 1 31 124 129 119 76 46 33 48 51 58 59 38 34 76 43 48 65 72 66 55 74 99 119 94 145 101 14 101 204 106 13 38 19 121 81
31 58 90 85 89 112 16 3 107 45 25 77 66 129 108 65 57 55 86 84 42 68 142 124 53 26 37 72 39 71 122 139 75 71 85 35 148 255 252 194 115 56 0 56 134 175 160 81 56 49 66 107 97 82 27 45 101 122 101 58 63 62 68 85 126 77 55 53 71 71 60 38 43 22 30 63 0 16 86 54 28 45 52 36 46 55 33 100 122 204 80 30 107 109 28 80 114 68 116 98
34 68 130 133 89 85 41 55 107 43 56 71 90 169 100 57 106 87 76 87 76 116 155 130 65 63 86 128 79 63 68 71 80 100 99 70 157 151 123 88 135 126 79 76 57 116 156 130 59 22 38 30 75 46 54 70 123 123 79 54 90 36 27 107 122 79 42 58 70 69 60 35 34 53 19 54 16 45 75 68 39 40 51 70 76 99 1 36 59 158 94 127 104 65 37 111 155 67 73 102
40 64 91 129 74 43 53 74 101 80 85 86 72 97 17 28 78 48 21 109 64 97 133 87 77 70 74 173 109 44 49 75 101 97 29 75 87 73 29 27 70 48 25 64 41 93 129 166 53 23 26 24 60 70 37 59 108 101 84 76 64 95 81 85 40 17 76 61 96 92 62 36 45 54 88 34 29 70 104 94 53 51 11 33 94 134 69 108 123 46 35 81 37 35 41 25 31 26 72 70
75 17 27 49 51 5 42 44 34 84 75 106 81 93 89 77 90 45 62 105 24 78 87 70 94 64 46 133 100 69 68 97 108 50 0 68 63 93 175 197 121 91 102 98 42 90 127 168 74 59 56 71 114 112 58 39 74 143 155 66 39 12 48 139 96 61 72 53 95 106 77 40 25 48 87 40 34 70 88 61 38 44 0 29 45 94 85 221 255 10 67 6 36 44 58 10 8 97 47 28
22 21 19 8 64 33 50 48 35 58 10 31 33 96 127 101 46 0 122 104 26 49 48 47 122 97 52 56 43 66 74 91 67 51 65 107 62 124 250 209 64 10 51 58 40 85 113 149 80 103 65 39 57 81 68 38 54 51 83 97 139 113 64 35 59 32 14 30 100 130 98 49 46 30 45 23 15 24 26 6 45 60 28 36 23 53 20 106 210 6 190 93 5 27 88 0 45 117 23 0
60 151 101 62 119 82 26 59 54 12 21 53 44 80 40 62 81 55 169 89 24 104 93 55 53 13 19 40 50 17 24 79 78 34 52 73 12 15 104 109 32 6 49 57 46 26 57 115 110 121 37 0 0 32 84 101 56 18 28 96 119 129 86 78 62 94 81 60 37 16 32 67 24 3 16 34 48 59 52 25 11 68 109 87 52 87 45 24 21 105 146 141 98 87 37 45 68 39 43 9
114 176 110 77 114 69 24 82 81 11 29 45 0 16 19 153 192 107 152 180 126 112 35 28 31 58 92 48 75 81 98 86 66 37 52 74 74 52 49 85 99 93 66 59 80 25 37 60 44 71 45 107 109 69 62 67 41 48 29 58 96 90 26 53 181 147 67 49 75 64 55 78 88 75 66 65 60 81 87 60 73 121 175 145 34 86 93 88 20 74 45 165 74 75 56 31 41 0 73 40
121 137 123 70 36 3 25 22 48 64 42 52 29 53 69 121 140 115 152 102 153 128 135 107 84 81 81 56 73 74 91 74 42 47 28 40 83 87 48 73 109 98 25 29 103 81 75 38 32 90 79 125 111 89 80 82 74 96 99 38 36 25 39 73 91 75 37 41 110 105 85 117 164 137 118 134 97 78 92 103 74 72 114 168 44 51 0 0 0 31 17 61 38 38 31 33 75 40 37 0
48 71 111 103 35 52 85 27 59 121 47 54 63 83 73 37 53 65 117 36 142 46 77 78 46 73 53 70 56 90 75 11 37 50 37 114 106 49 20 33 63 56 41 73 106 84 79 52 35 105 93 106 81 95 98 111 145 123 128 78 61 65 96 104 60 52 36 13 97 85 34 49 88 84 98 165 157 147 157 162 96 41 38 84 69 74 25 41 36 76 54 23 135 175 106 128 224 160 43 24
40 49 64 144 79 109 78 22 24 66 2 40 45 26 23 55 56 87 70 33 120 83 64 106 68 59 9 104 50 60 33 12 44 99 76 136 72 62 131 118 54 7 49 128 132 90 55 30 44 51 21 67 64 76 82 134 163 145 95 82 82 83 68 133 194 125 49 0 113 135 60 38 45 72 57 76 93 169 196 148 46 31 54 16 73 45 31 49 129 94 44 42 138 218 132 146 255 149 23 49
48 75 100 70 13 50 40 2 43 109 48 54 45 22 40 71 75 89 5 20 95 98 122 137 99 66 32 87 73 87 45 38 64 94 48 105 37 56 148 136 18 2 64 145 168 80 26 23 33 74 22 69 87 60 51 103 159 153 107 58 76 73 96 146 149 104 91 75 160 171 149 116 77 72 115 63 36 80 137 148 130 74 20 36 67 18 0 80 186 127 5 23 49 74 42 58 101 33 15 15
14 118 62 85 58 57 62 62 190 255 188 50 53 65 95 55 39 101 5 87 36 53 67 30 46 61 102 117 141 124 67 74 71 54 59 115 84 25 34 37 0 47 111 118 129 79 73 57 91 115 60 121 130 104 59 71 109 125 100 131 111 147 208 129 54 89 144 124 87 105 155 136 66 46 116 134 91 53 72 164 200 172 85 4 87 27 121 163 216 73 19 41 22 44 28 37 53 51 35 14
35 102 45 163 142 91 62 106 247 255 192 76 92 60 70 39 28 116 38 102 76 210 192 104 91 63 101 182 230 179 123 76 62 68 84 2 71 147 144 107 94 49 6 30 130 128 124 82 88 99 71 189 207 190 91 45 69 54 47 114 132 127 100 115 87 54 62 80 45 68 137 166 58 21 80 43 104 59 31 53 112 144 161 0 56 15 55 55 84 0 70 117 99 106 38 18 66 46 24 24
47 27 29 78 48 113 79 80 91 178 143 65 48 28 40 0 61 37 57 81 91 132 121 232 231 226 168 173 111 150 250 155 57 88 30 60 120 28 100 101 10 48 35 49 108 128 144 116 78 91 80 171 108 92 52 69 133 79 45 0 120 61 25 87 94 49 58 66 47 13 24 98 134 96 81 133 175 192 93 165 134 117 128 36 37 35 4 14 48 50 84 71 81 111 44 67 63 19 31 21
127 63 135 127 98 164 102 68 44 93 43 49 97 81 90 20 0 6 109 21 33 86 118 203 237 255 229 168 54 65 182 102 63 76 39 40 90 45 86 134 56 76 44 49 45 49 54 60 60 53 49 140 67 58 33 63 107 63 0 134 141 108 47 72 23 21 97 52 55 71 77 108 133 144 122 141 130 144 56 145 116 57 6 100 89 63 47 56 58 93 68 71 98 86 16 62 94 95 159 69
114 66 127 102 101 87 37 51 59 144 135 74 97 72 107 29 43 18 77 72 52 51 103 79 94 70 107 43 59 41 95 117 50 98 95 103 110 51 65 91 76 51 48 82 68 49 43 76 91 95 100 141 31 16 20 76 108 73 75 24 19 81 162 139 75 30 90 15 29 131 182 133 131 163 131 37 91 140 87 35 28 47 47 106 68 38 30 42 93 77 51 118 152 80 41 85 83 89 141 31
55 100 180 115 145 161 114 115 31 27 46 50 72 24 27 37 53 22 5 72 34 0 93 55 53 42 112 13 58 45 36 59 39 110 255 199 136 89 46 106 120 82 84 23 17 47 54 30 39 51 74 119 64 67 37 34 69 58 152 105 37 48 57 76 62 75 125 61 20 97 175 121 118 132 56 87 123 223 149 90 74 164 134 39 18 45 42 47 66 51 70 122 171 62 45 67 39 37 45 17
66 64 135 44 69 135 114 161 108 90 98 92 68 75 26 63 131 118 27 55 59 48 161 135 131 77 116 88 99 62 23 14 26 83 247 255 222 123 69 80 149 121 192 103 65 37 47 32 30 50 66 73 26 53 43 37 48 46 119 153 54 26 45 22 94 222 243 150 38 38 85 35 41 83 62 123 86 105 61 47 36 165 35 0 80 113 97 15 0 29 62 22 101 16 34 63 12 61 63 110
79 46 43 138 102 92 56 80 38 82 81 47 111 132 39 98 107 158 86 79 70 87 139 141 95 52 68 128 107 98 91 85 99 36 130 250 207 105 65 83 127 171 212 198 106 23 33 63 55 63 35 68 26 37 47 83 97 36 40 3 0 73 85 47 119 216 237 193 59 37 95 60 61 60 34 138 108 97 82 72 68 205 89 0 48 84 68 55 36 41 14 23 84 38 22 52 52 53 92 125
124 93 154 84 12 93 105 109 80 119 46 0 28 110 55 76 73 68 35 27 25 50 58 90 46 58 64 139 82 113 105 142 118 32 72 129 180 97 60 53 58 131 136 149 61 25 51 68 64 23 4 62 61 78 66 85 124 32 0 70 66 63 57 15 42 107 144 133 70 39 112 145 94 21 38 18 53 65 62 59 54 184 78 40 28 7 26 69 104 44 17 35 105 110 34 63 54 33 84 76
38 118 186 244 118 154 120 114 63 74 15 44 63 102 120 153 63 86 94 69 58 93 88 90 6 60 77 145 100 103 34 31 58 49 116 112 177 88 81 100 0 58 23 98 59 77 114 135 79 60 36 80 81 110 60 38 68 52 42 125 75 46 51 66 84 103 102 56 43 36 79 110 46 0 33 97 98 44 67 95 67 179 66 24 58 82 94 30 25 24 27 25 51 101 53 72 71 38 96 63
62 112 172 121 108 182 81 66 205 123 67 167 212 127 114 76 11 65 76 71 61 85 105 64 67 77 55 37 71 72 46 33 9 0 33 36 111 73 45 34 131 93 62 197 160 89 96 198 255 162 25 70 85 58 35 87 125 81 71 148 164 120 49 101 136 122 106 50 21 35 37 47 70 63 140 212 103 20 59 81 69 60 14 63 109 28 19 8 6 59 63 55 32 43 53 49 65 47 80 71
101 85 113 87 150 232 92 19 102 100 102 182 135 25 61 65 16 25 59 77 70 78 95 71 56 66 53 19 102 89 64 34 12 28 52 49 14 31 53 92 30 45 100 173 128 41 13 96 196 180 105 104 120 0 24 105 126 154 93 46 86 77 36 86 93 69 90 95 17 29 20 49 60 72 214 194 95 102 123 83 41 51 34 19 9 18 25 40 60 47 51 75 87 57 67 69 64 67 46 74
88 2 9 132 164 197 144 98 95 91 39 109 38 16 34 62 23 17 124 99 60 77 55 55 63 76 47 51 128 128 58 17 26 40 60 80 33 93 109 125 0 47 95 57 57 81 104 154 185 197 149 59 136 38 81 47 1 201 176 96 115 97 78 39 34 19 45 82 7 50 47 65 99 83 109 163 92 104 94 42 21 63 85 106 45 77 22 37 107 56 84 66 75 47 17 39 66 73 12 48
136 5 77 56 115 155 164 134 112 88 5 57 11 45 15 42 37 30 151 103 52 74 46 30 49 74 52 93 149 150 57 18 11 24 57 75 93 151 135 87 41 59 76 65 87 75 76 109 163 152 141 58 63 20 39 0 39 113 62 113 185 164 114 53 22 18 27 67 36 76 72 80 161 146 5 97 52 42 55 66 47 74 87 97 33 38 11 42 52 41 76 66 69 64 30 60 104 102 53 68
194 116 55 4 58 113 141 82 45 79 53 49 8 44 4 22 72 12 67 70 55 58 58 27 32 67 61 80 104 88 31 30 27 25 45 20 97 141 115 29 76 125 95 48 56 70 83 75 93 115 137 86 15 114 100 44 49 34 5 86 129 148 103 99 61 51 62 117 98 52 33 75 205 247 118 41 43 56 70 96 81 41 23 20 45 32 67 83 43 30 12 82 107 78 39 47 82 72 56 52
134 114 49 98 79 117 72 41 15 82 81 2 45 57 15 30 50 53 65 71 21 62 98 51 21 40 84 53 32 42 57 97 98 66 105 74 61 56 113 35 127 175 231 55 46 46 65 88 76 62 68 124 32 192 199 129 64 6 84 36 94 137 143 128 100 60 110 108 74 27 31 67 113 157 102 120 127 97 66 48 67 31 80 31 107 53 91 71 37 77 24 44 71 34 0 17 31 41 40 67
14 159 193 209 98 138 96 62 87 40 72 54 114 70 41 28 2 68 115 91 6 47 100 63 9 28 60 31 34 31 99 142 121 91 148 169 53 25 81 49 118 218 206 122 76 44 28 0 7 83 150 136 52 33 71 161 147 26 41 53 140 152 134 131 82 69 114 71 116 67 52 54 0 45 54 155 167 75 30 49 54 70 95 85 79 28 11 29 62 66 13 27 33 30 32 36 63 89 81 69
13 127 124 96 77 199 193 106 95 29 138 165 125 32 49 71 24 18 36 65 21 51 115 125 30 43 23 33 35 42 116 150 106 80 84 161 51 51 46 34 49 111 75 66 69 60 70 52 0 15 49 92 177 121 73 125 201 139 107 90 136 138 115 97 58 76 122 36 177 135 104 63 26 64 54 120 117 39 44 103 129 104 33 43 66 61 25 60 134 101 39 34 5 22 49 23 28 65 85 99
53 99 93 36 100 173 152 0 89 47 169 225 113 42 48 67 37 62 153 230 113 13 51 131 91 6 48 34 18 145 42 144 2 103 101 143 24 36 38 125 135 83 101 68 125 74 53 83 60 71 101 182 255 227 124 103 116 167 132 73 68 80 78 49 55 80 129 28 204 180 146 73 0 134 102 15 0 24 59 28 82 94 68 91 150 90 43 76 149 116 55 46 19 47 74 35 21 35 70 131
