228 252 224 133 163 177 168 111 55 36 66 50 73 133 138 121 134 89 88 115 160 146 103 124 100 0 49 48 103 99 52 78 77 95 82 65 85 127 164 210 229 203 141 166 76 142 204 255 219 52 68 63 78 25 190 254 246 240 172 160 186 140 73 200 87 18 93 82 77 29 32 106 203 211 159 181 114 104 60 75 100 84 40 89 33 69 88 82 54 31 77 176 166 139 163 139 92 53 112 162
232 131 245 167 100 80 50 92 89 137 144 17 0 13 90 129 76 93 79 246 255 122 44 127 66 59 71 26 161 200 23 69 148 131 36 44 37 20 54 141 249 255 231 30 0 57 97 169 164 35 35 42 99 106 189 161 213 228 255 161 95 48 107 187 110 96 105 59 5 0 75 120 98 167 235 177 38 41 58 61 123 45 16 50 65 114 109 100 64 0 41 97 139 88 25 38 26 20 62 52
117 3 106 136 91 32 17 33 111 166 178 109 90 14 46 76 50 83 42 143 143 97 111 142 126 95 63 41 89 121 37 171 126 88 39 118 160 86 48 110 146 90 45 33 27 85 6 123 211 78 99 179 206 98 54 20 135 223 255 115 106 59 49 61 251 216 27 8 87 126 127 82 50 79 172 105 43 79 125 135 149 82 86 45 80 137 99 56 92 77 98 41 86 65 40 88 67 63 98 81
46 147 137 231 208 255 126 0 139 254 235 125 112 70 72 46 66 98 109 113 96 103 188 236 187 96 22 49 18 19 41 105 129 63 30 28 91 82 77 112 31 15 107 70 111 76 156 147 157 62 75 96 126 75 79 77 69 198 182 64 77 46 14 131 255 255 77 59 70 49 40 39 91 89 106 41 54 80 110 139 119 102 141 108 136 172 109 36 102 185 147 64 77 57 100 112 60 30 67 92
34 169 255 251 241 224 82 5 60 112 68 20 185 129 69 65 47 62 22 53 144 147 102 55 70 67 37 49 64 78 74 39 64 53 36 19 42 81 144 158 98 53 124 195 189 138 211 171 128 83 111 66 101 84 102 76 29 50 45 69 122 112 33 79 175 147 62 93 55 56 62 35 44 87 94 43 23 36 82 106 73 40 42 82 101 119 82 27 84 131 48 25 31 5 60 65 13 0 26 36
61 135 213 65 112 185 179 90 94 116 106 32 255 149 30 48 21 86 5 27 59 148 209 181 105 70 74 33 39 52 51 75 70 72 38 87 65 31 88 114 23 49 169 149 161 144 211 158 138 79 127 89 93 30 42 49 33 37 53 34 85 102 49 17 72 78 75 79 56 81 87 69 29 22 40 65 48 77 126 102 74 82 81 138 106 119 119 63 48 99 104 107 93 50 19 24 40 66 85 28
50 76 69 141 172 255 207 131 63 0 79 92 255 172 23 20 39 75 55 91 42 80 148 148 56 0 41 70 82 69 33 31 62 86 115 112 141 82 87 115 39 34 133 68 105 104 183 147 102 76 145 113 77 26 22 25 63 94 94 11 66 88 47 11 24 111 156 100 101 110 121 138 83 25 31 53 76 119 122 68 32 124 202 249 156 152 170 106 80 133 156 96 102 84 29 39 58 83 91 24
37 73 123 165 148 116 133 201 190 126 227 129 72 166 116 62 99 57 19 0 48 85 50 37 32 43 32 26 52 89 85 43 67 142 250 34 136 180 191 215 130 38 79 88 111 75 151 116 78 32 89 95 58 38 39 64 70 49 41 13 54 64 44 63 81 146 203 119 87 63 70 36 14 42 78 15 51 113 100 70 59 130 228 255 133 116 174 158 104 125 107 53 153 154 97 85 62 46 47 23
118 119 133 188 166 158 150 226 211 126 191 119 5 103 104 77 137 87 0 33 60 58 61 100 124 84 79 14 20 43 47 60 91 180 251 86 159 147 138 134 99 39 84 125 119 70 104 61 69 33 75 56 32 58 49 66 80 22 25 63 30 36 37 55 71 113 139 71 66 63 46 40 32 38 58 58 31 91 108 128 128 149 179 114 87 151 197 113 35 71 92 122 177 188 143 105 67 34 39 10
151 159 60 116 93 194 244 255 211 108 142 97 0 48 27 47 188 121 69 210 92 30 31 61 46 65 60 99 80 71 61 40 34 57 92 184 172 104 28 69 31 4 73 92 119 63 57 38 65 76 129 53 13 64 38 28 63 29 53 43 41 31 35 21 35 46 55 33 92 123 111 106 116 109 39 78 52 68 102 137 94 98 90 36 52 151 167 54 20 65 79 93 126 109 66 59 44 28 49 39
128 172 155 43 55 161 225 255 255 142 108 33 88 47 30 84 221 223 82 0 87 139 50 29 76 73 48 89 85 99 103 67 47 67 86 180 136 88 121 165 106 0 38 65 106 77 68 50 106 75 96 44 36 79 39 33 29 17 36 19 37 39 43 38 18 7 0 0 50 67 51 58 80 61 33 133 121 102 97 81 69 89 96 64 15 40 75 77 98 117 73 21 33 59 76 101 93 84 87 57
68 124 194 17 63 63 71 131 114 17 106 68 143 96 49 44 98 138 63 127 113 44 72 111 62 30 53 51 88 107 82 22 34 71 98 79 45 9 118 144 8 114 99 50 107 51 24 144 122 56 39 42 56 58 21 14 32 29 18 28 26 39 17 43 64 43 14 13 52 56 52 76 33 25 97 112 99 103 107 29 44 26 12 37 23 28 31 55 86 103 106 78 49 54 81 98 120 113 100 72
70 86 86 48 67 63 3 16 41 65 111 89 122 151 76 108 27 148 166 147 110 29 49 104 116 81 79 57 77 97 121 112 75 54 50 73 59 22 55 117 46 108 105 76 24 107 165 79 37 29 21 42 43 35 35 4 25 33 22 27 28 37 8 33 40 19 0 15 52 77 100 126 113 93 113 12 61 71 140 62 12 59 66 56 33 63 70 75 64 49 89 96 30 25 89 118 95 74 33 12
68 71 101 61 29 137 36 0 17 78 41 121 125 144 167 26 71 28 174 94 58 36 6 0 52 96 72 111 75 41 79 95 70 28 13 20 51 50 47 97 82 87 68 73 12 137 255 159 31 13 12 44 36 35 67 46 22 32 39 0 24 29 25 25 20 26 25 41 29 50 82 90 151 158 128 67 123 4 102 110 45 93 96 55 27 52 50 24 31 30 80 85 41 80 130 93 33 42 24 26
101 152 255 121 84 216 108 126 16 72 5 65 132 139 152 41 150 29 30 146 118 136 100 16 55 140 124 165 143 93 90 75 64 76 96 29 70 103 136 123 69 85 80 107 104 113 211 255 142 32 22 51 32 30 49 57 47 53 68 33 43 33 20 9 20 40 44 44 0 33 89 78 119 166 169 172 141 4 73 95 81 85 90 61 37 30 41 33 38 61 85 63 47 105 127 65 0 39 59 104
109 211 249 153 143 192 97 206 98 60 122 73 26 141 38 126 85 80 71 154 192 185 106 0 36 105 124 107 156 135 76 8 27 54 74 34 45 106 181 181 150 166 206 186 132 37 125 244 181 32 40 49 19 35 30 48 34 48 79 114 97 79 26 23 29 27 14 23 9 118 219 202 138 125 105 109 86 163 171 48 110 77 73 52 49 41 58 43 37 66 91 80 48 34 35 35 64 50 1 20
83 123 155 107 129 123 118 251 178 113 220 160 42 79 51 115 36 76 162 154 157 128 50 13 17 67 36 84 207 255 172 119 114 113 128 39 33 84 137 103 120 136 255 185 71 24 60 42 66 76 12 25 16 6 17 29 30 44 68 106 69 59 35 25 35 72 48 24 24 131 253 253 133 88 117 73 0 152 156 25 147 89 79 18 20 31 72 55 57 53 69 89 55 66 17 12 47 61 2 0
112 95 91 78 68 146 175 253 250 210 247 217 97 11 134 140 113 90 113 139 152 157 152 139 137 52 43 37 94 159 138 98 99 81 56 167 152 123 93 42 72 33 116 144 32 47 13 10 8 29 47 28 35 18 9 22 45 59 33 40 55 64 33 38 43 54 37 53 52 98 166 176 66 72 146 88 21 37 61 21 146 70 85 56 36 0 28 56 72 57 58 84 61 75 44 5 21 30 66 62
119 87 101 122 82 153 210 211 255 255 243 167 121 16 115 232 188 122 14 39 181 255 255 255 186 97 102 135 125 124 136 153 162 151 167 180 162 165 110 43 145 86 144 75 70 24 84 87 12 18 82 10 32 21 14 46 70 68 33 20 39 58 45 40 20 11 32 18 23 56 75 112 63 37 109 109 106 42 62 38 20 24 137 141 103 45 30 42 40 59 75 76 25 24 41 38 35 23 25 113
47 151 35 107 73 47 126 171 153 97 78 42 33 95 131 245 210 90 79 116 119 89 146 179 117 105 12 109 130 81 88 184 161 109 102 24 84 193 179 87 86 121 57 67 45 73 60 57 61 43 88 12 40 37 41 83 86 51 52 36 12 25 57 39 18 80 32 54 8 75 109 146 84 42 48 35 53 87 137 43 36 43 129 98 63 58 58 64 51 47 69 100 81 44 44 116 76 6 81 50
120 7 22 64 190 164 131 64 40 84 66 102 96 177 174 195 187 96 120 135 238 237 161 51 0 111 56 115 137 52 44 182 231 161 110 123 145 164 179 135 50 48 78 98 117 86 59 21 26 12 27 12 44 30 20 43 42 7 25 15 4 0 36 37 51 127 77 99 99 0 79 18 68 22 41 69 69 27 73 36 54 36 86 68 51 57 39 18 43 32 51 106 129 81 43 183 255 114 38 146
147 0 183 104 146 113 102 100 112 185 111 81 73 149 186 199 227 193 156 66 141 112 80 145 176 181 131 58 118 131 157 245 234 103 77 69 133 152 199 206 110 21 128 212 173 147 91 85 32 29 24 52 80 56 32 35 2 9 26 26 89 46 45 67 52 74 25 162 114 106 66 75 63 87 83 15 46 34 83 48 47 54 81 51 23 45 53 21 27 79 51 38 58 88 49 138 239 161 150 66
109 242 255 211 134 36 27 109 155 136 116 112 52 163 228 153 103 73 97 63 35 64 112 121 108 140 222 147 126 104 129 159 111 62 159 78 110 135 167 180 87 6 61 177 155 141 74 48 39 38 30 39 61 45 29 37 22 43 64 61 160 112 93 104 82 32 50 122 135 194 134 146 69 60 61 59 80 60 73 71 61 89 100 75 27 35 65 35 91 170 71 31 32 113 76 43 112 155 132 148
209 240 230 123 136 94 98 86 49 123 120 172 77 132 198 140 73 8 44 134 67 42 64 54 51 119 208 165 49 0 74 140 135 115 116 85 40 46 47 29 75 110 64 104 98 54 55 27 27 27 33 10 31 27 25 44 35 30 53 34 110 86 101 90 22 54 126 166 253 244 235 97 90 40 56 134 61 56 73 113 107 75 50 78 51 32 79 83 127 215 121 137 70 86 73 27 75 103 86 73
255 245 153 28 199 255 236 140 150 250 235 137 35 67 141 125 85 78 177 96 64 55 20 60 118 110 150 89 83 110 146 197 223 144 73 83 51 58 54 7 104 145 56 102 79 62 38 40 48 47 34 23 36 35 24 63 62 39 20 75 95 80 94 54 0 96 175 225 255 224 140 62 77 106 122 84 44 53 37 98 74 76 62 147 114 81 110 105 71 147 88 99 79 124 47 29 126 98 6 50
54 102 76 109 254 234 219 195 185 228 171 123 85 103 77 68 66 59 199 103 95 144 106 25 31 27 108 87 143 201 169 111 139 163 156 164 186 195 100 57 78 84 2 45 44 26 26 29 18 26 31 19 39 31 29 70 42 43 57 101 144 171 177 99 72 132 178 150 91 99 6 101 93 172 100 0 17 99 42 59 35 79 93 124 147 68 143 121 32 90 42 57 52 110 60 29 92 93 71 18
24 143 93 83 112 89 91 85 65 98 50 73 72 96 55 34 47 36 146 255 93 50 58 78 47 11 49 19 52 116 139 141 123 47 19 129 226 190 99 102 88 50 86 98 51 31 32 41 32 25 28 6 44 26 15 35 34 11 30 48 104 156 161 71 68 153 89 80 79 42 99 174 255 192 93 71 65 67 17 89 37 59 52 0 107 80 163 156 2 103 131 108 39 47 29 49 38 61 104 51
56 115 105 174 68 127 125 159 78 21 53 32 147 118 72 107 37 54 217 202 68 180 123 52 18 26 26 44 43 53 61 92 119 212 141 161 172 215 132 82 159 170 191 126 76 64 83 53 31 27 37 5 48 28 32 55 92 82 126 93 55 61 122 132 98 44 39 0 58 88 70 170 234 142 59 62 51 99 64 62 86 73 175 70 157 127 35 110 252 228 170 88 71 93 40 78 49 124 149 116
64 31 27 98 20 210 116 52 208 242 81 29 100 162 156 125 91 125 221 208 68 150 88 30 122 185 89 92 48 53 79 140 238 241 167 181 112 193 117 32 65 233 245 159 97 50 108 70 26 47 73 26 41 15 44 96 54 59 161 242 255 231 166 89 8 43 59 109 33 6 44 162 228 110 50 137 169 158 98 110 114 128 131 62 138 66 81 185 255 244 234 176 190 174 59 128 176 101 13 96
197 114 99 51 177 255 168 131 242 239 74 138 46 82 124 116 232 255 91 116 16 118 150 45 159 215 88 109 54 38 55 129 207 227 166 90 250 204 71 99 195 173 173 135 69 70 81 42 30 51 68 27 38 20 37 82 63 84 142 209 220 186 117 47 40 56 79 104 69 77 86 116 161 90 116 203 164 92 52 49 90 127 191 34 81 86 87 210 253 215 168 118 144 148 81 182 248 232 135 101
196 128 101 0 201 244 213 69 88 39 116 62 28 48 38 15 110 140 61 21 25 138 173 13 113 111 39 98 95 88 67 86 172 220 228 151 229 113 149 245 122 36 60 98 20 38 24 15 10 20 24 15 49 51 35 53 68 90 76 124 124 117 94 74 99 76 79 27 43 68 70 85 119 71 119 167 114 50 61 57 103 208 222 126 97 58 26 57 85 90 67 113 150 151 112 137 170 171 132 92
125 61 107 158 34 56 184 84 108 147 42 7 81 119 87 53 63 101 33 83 32 79 117 2 45 58 68 77 59 87 77 62 108 179 160 255 141 132 220 153 94 172 44 73 33 9 24 0 9 23 24 25 51 51 12 19 73 86 55 165 204 186 114 64 45 49 32 81 78 65 45 122 200 164 100 76 158 177 182 172 190 216 89 212 240 191 119 75 96 83 16 109 147 146 113 33 40 57 71 60
141 104 106 78 101 180 247 126 70 130 162 98 143 77 80 117 128 54 75 112 44 40 55 61 96 78 116 71 90 115 101 95 111 101 43 168 216 255 176 72 132 199 46 81 50 46 29 17 30 62 31 54 1 24 49 36 31 54 58 194 165 107 50 38 47 41 50 63 105 101 70 169 255 234 230 113 97 154 255 216 99 119 51 206 212 246 207 113 119 107 26 56 128 114 77 45 137 117 79 48
73 42 57 69 157 138 165 160 58 111 137 108 107 71 44 61 0 17 98 104 88 74 26 121 131 84 75 152 166 201 198 151 144 138 89 75 149 186 125 101 19 23 46 65 47 55 51 31 54 51 13 43 15 18 41 34 40 65 51 109 55 17 35 58 61 99 73 29 77 74 62 137 194 208 182 136 107 106 241 158 6 85 99 154 117 119 90 72 72 119 124 101 108 66 87 61 157 134 122 118
53 42 80 158 58 128 145 80 44 251 255 233 79 36 117 149 120 58 22 75 125 132 7 107 97 18 101 63 110 202 198 107 124 164 160 71 84 138 127 60 55 19 65 52 32 29 17 0 20 27 6 15 19 31 44 7 82 112 16 47 85 138 123 100 49 52 115 128 63 74 93 164 182 62 34 167 250 231 175 28 67 205 54 93 54 152 249 225 177 162 133 130 76 17 32 42 84 116 176 201
75 40 139 136 188 29 134 107 161 255 254 252 137 108 132 197 141 104 86 46 114 105 85 62 72 55 72 73 68 180 212 140 35 98 119 118 50 29 77 55 18 50 0 8 13 24 27 44 61 38 14 30 88 97 75 0 8 130 81 55 0 135 191 155 56 73 51 74 21 38 184 248 120 45 118 248 250 255 225 148 50 36 76 40 116 254 188 144 155 82 105 67 152 49 133 146 167 193 209 208
114 252 253 138 169 35 193 255 238 248 108 158 223 247 249 153 55 84 82 110 39 80 86 162 101 136 111 65 39 158 145 69 119 117 51 45 71 81 102 62 62 127 30 42 41 47 44 63 45 22 38 79 120 70 50 34 77 185 116 86 71 86 106 150 181 49 99 123 94 143 135 166 109 133 235 255 191 164 241 137 71 28 75 156 164 184 131 97 90 75 92 30 229 220 227 111 142 219 239 211
14 117 153 177 179 13 141 239 234 232 173 91 152 255 240 139 115 146 129 62 24 120 70 133 16 164 253 109 3 94 84 99 199 142 122 32 59 152 230 178 71 56 27 25 37 58 50 31 30 19 22 17 35 28 79 134 185 220 127 50 71 24 27 23 113 112 190 119 171 72 21 95 72 244 255 59 111 79 148 148 154 84 39 214 149 174 82 42 65 73 86 132 222 182 129 126 182 191 140 89
228 172 17 45 103 47 101 228 196 158 175 147 110 101 119 74 44 42 11 46 24 103 11 118 126 255 243 255 83 116 75 114 215 53 76 102 88 135 246 237 68 3 33 36 37 48 49 27 22 33 37 37 84 109 106 97 136 111 86 29 0 139 230 24 36 61 13 51 0 127 102 219 254 118 60 61 137 81 76 0 163 109 121 172 124 98 79 79 102 119 138 63 117 86 81 38 113 94 76 64
249 233 62 35 29 85 61 120 134 48 189 236 178 145 112 84 51 31 26 41 49 37 33 90 135 220 255 245 72 107 50 106 206 95 79 185 114 70 158 200 66 46 87 106 54 17 31 47 46 57 57 49 64 66 57 72 98 113 110 166 103 185 210 92 162 153 93 230 138 9 138 255 212 223 64 123 161 190 255 139 105 12 5 51 73 67 51 82 113 105 116 46 26 10 60 86 138 57 40 65
226 228 236 149 65 121 44 109 117 64 191 106 41 26 38 40 29 57 29 61 46 78 123 47 4 67 187 162 103 101 34 107 255 174 134 131 111 38 73 132 120 130 87 126 64 34 29 36 50 25 54 58 0 27 54 155 230 185 155 26 216 255 193 242 255 177 133 207 48 135 232 255 255 115 87 192 235 196 194 79 96 84 114 39 102 82 77 78 82 79 16 87 89 72 140 231 233 46 55 28
185 143 138 120 78 113 125 199 142 117 129 134 35 17 38 72 98 80 63 187 57 28 24 106 41 64 140 188 211 241 86 126 191 119 97 59 136 102 52 98 119 98 70 98 23 34 45 38 13 39 68 89 73 86 90 222 255 106 113 98 246 174 125 153 209 57 205 160 79 64 255 188 134 156 166 109 143 153 128 112 179 117 80 115 179 141 106 104 132 187 71 112 200 240 229 244 212 6 96 81
108 178 193 103 68 6 79 151 60 255 217 38 32 44 36 8 89 145 144 109 76 99 0 83 64 206 252 255 255 220 169 139 124 63 25 97 194 80 68 81 38 21 27 64 74 45 49 70 44 45 64 113 81 62 46 154 210 86 94 103 53 0 179 107 236 81 181 178 117 103 253 121 125 46 156 193 123 77 125 168 123 77 52 4 120 50 27 71 168 240 116 106 207 167 141 252 255 49 63 198
167 246 211 191 112 160 132 39 120 248 251 68 106 176 216 136 204 221 145 255 165 95 25 7 59 181 245 208 181 129 253 173 28 66 179 174 92 58 132 171 133 98 86 46 67 6 49 24 37 18 41 85 25 94 119 107 12 80 75 46 98 113 159 226 255 245 217 255 181 89 133 71 210 68 177 176 123 20 154 105 164 118 16 78 144 93 120 26 224 204 157 104 150 152 138 122 136 32 68 195
150 250 175 13 63 200 255 207 142 89 14 24 50 150 184 128 237 251 47 117 243 163 38 220 147 85 194 160 106 72 226 167 159 144 159 124 21 112 238 251 162 56 79 128 97 34 146 101 63 21 36 124 73 142 141 65 0 60 77 196 205 225 208 241 226 255 240 252 253 82 89 120 116 208 196 148 117 117 149 180 93 172 154 96 191 202 178 16 72 125 141 92 81 82 36 80 118 109 227 100
172 204 172 100 37 79 87 43 19 96 69 103 26 43 111 75 158 160 121 10 180 184 0 188 86 52 163 233 127 101 228 139 81 99 76 169 106 98 173 195 135 73 106 183 106 30 65 16 8 75 87 152 96 133 155 177 111 81 19 255 198 121 205 255 255 253 239 251 243 154 43 112 2 92 48 91 78 190 168 255 44 92 52 185 135 151 145 82 93 66 44 112 31 28 0 112 167 194 255 107
61 179 160 37 26 77 120 77 82 96 106 76 30 71 213 103 59 63 71 98 29 32 0 48 112 154 98 158 66 119 255 138 46 92 96 103 72 98 64 67 68 133 191 136 112 123 104 29 75 171 64 52 75 180 170 156 79 110 101 127 135 219 255 234 218 242 246 255 163 172 11 104 120 93 139 94 20 24 155 150 128 149 194 182 143 101 27 134 157 171 45 81 23 34 70 193 192 221 232 239
25 81 44 105 47 44 39 48 52 123 162 71 119 165 175 46 70 76 64 69 13 113 203 34 98 206 153 183 133 206 245 118 18 89 27 21 76 197 250 174 38 59 193 100 106 101 95 33 77 141 33 75 93 117 76 98 93 165 197 168 232 242 252 254 248 255 248 145 71 61 0 73 114 69 61 128 102 79 177 65 104 72 141 132 195 177 33 102 186 210 102 117 47 53 203 248 254 166 152 131
33 63 11 50 73 96 99 107 81 50 55 154 117 58 103 32 80 102 147 61 124 157 239 81 111 128 211 134 105 99 92 69 142 255 197 90 124 192 217 182 114 69 59 190 105 70 122 138 136 204 184 117 79 57 52 202 252 255 203 255 240 248 255 248 255 217 72 170 184 63 110 107 94 124 92 93 42 101 153 175 208 153 100 96 224 211 44 59 127 158 55 163 133 86 244 235 255 185 67 35
85 64 37 92 110 131 104 118 141 104 69 99 47 20 103 92 95 105 173 219 209 69 85 142 215 127 157 255 138 71 31 78 104 231 243 104 123 100 28 50 182 154 36 65 39 83 117 152 56 117 129 53 171 236 171 255 254 248 254 221 224 245 255 148 113 132 58 142 163 29 73 38 23 118 238 238 133 144 77 157 251 174 63 106 184 202 105 135 124 116 75 150 140 121 179 166 126 154 76 132
54 59 75 16 68 55 48 80 105 83 81 128 104 44 38 14 133 196 255 247 248 255 157 149 183 233 255 187 67 69 125 170 53 126 176 191 167 160 73 55 68 86 21 150 217 250 175 153 34 147 238 148 234 255 212 253 253 230 219 217 138 236 255 199 159 144 62 31 100 255 246 158 25 12 95 75 78 108 21 86 205 135 38 98 167 226 248 255 187 154 188 145 125 82 61 36 4 100 12 105
52 35 125 199 119 93 77 100 124 106 82 83 89 81 62 33 140 255 252 255 221 96 227 193 232 86 203 158 31 44 201 255 250 186 3 140 251 156 97 61 72 98 39 196 241 255 215 173 165 192 230 204 255 246 255 215 133 89 243 233 255 124 195 94 65 53 160 112 154 253 248 187 141 111 162 85 88 35 75 130 83 60 75 82 147 181 251 186 193 146 196 93 114 65 77 51 0 95 0 48
59 49 89 73 65 66 113 105 97 126 111 54 35 63 60 22 96 189 219 132 67 165 198 242 239 245 65 111 117 7 112 196 155 105 110 0 80 55 14 92 97 231 179 255 241 249 254 207 165 186 228 254 255 233 255 233 215 211 255 255 216 62 90 0 51 21 50 119 83 171 243 239 133 108 147 94 104 40 134 145 36 33 113 64 94 115 186 122 104 68 93 117 190 129 143 99 51 143 102 125
33 1 71 185 107 106 100 65 78 91 114 114 88 91 108 94 68 97 57 61 56 158 143 255 233 255 82 34 80 95 121 194 109 96 145 106 115 69 50 152 90 255 214 251 243 238 255 254 234 234 228 214 237 248 236 255 150 246 242 214 151 103 163 77 158 103 109 61 58 131 246 244 209 168 139 63 47 53 137 165 39 42 115 94 84 129 175 191 106 90 74 219 248 150 122 97 52 142 168 173
82 88 143 119 147 149 162 175 108 31 10 49 47 91 211 255 204 88 4 60 204 59 168 229 228 214 148 49 43 164 232 95 42 154 95 88 112 168 32 134 187 255 222 253 251 229 237 250 243 255 255 242 255 251 234 237 139 253 255 245 150 142 201 140 167 99 86 93 135 198 144 165 255 232 127 28 41 76 128 149 55 79 119 139 103 124 111 163 87 74 41 145 125 39 42 78 88 149 162 150
122 82 100 31 62 75 76 143 101 38 22 53 37 101 235 248 211 106 46 85 188 97 252 255 191 147 198 223 144 187 227 63 52 210 138 143 118 192 69 83 255 237 246 255 237 234 252 249 254 255 241 255 251 222 255 216 232 254 252 255 129 87 113 87 187 145 77 102 216 192 91 68 219 255 153 35 70 52 118 128 119 140 121 116 72 70 46 103 51 48 59 84 82 20 51 99 77 107 74 54
201 143 156 134 105 0 0 71 80 73 101 78 84 100 125 139 83 45 82 138 109 129 255 183 80 152 140 157 164 135 145 104 79 160 184 186 166 218 57 39 255 196 242 223 239 250 255 250 255 235 253 249 245 226 254 255 254 167 124 168 90 88 55 116 255 196 48 71 128 160 136 124 174 182 131 58 60 31 85 76 106 132 53 60 66 109 140 196 184 154 77 138 188 118 67 81 75 37 86 16
186 160 130 111 133 93 87 164 111 24 20 120 132 75 34 57 26 44 150 130 50 73 102 53 29 128 95 24 54 73 120 99 73 134 115 110 112 102 9 53 104 212 255 161 225 253 248 245 225 255 233 237 255 232 243 242 255 55 63 154 116 162 83 104 174 45 23 23 0 103 185 162 121 106 91 58 41 46 84 84 80 110 32 0 36 72 152 206 245 163 55 96 122 74 18 132 167 119 161 54
219 192 77 80 104 79 121 172 138 49 64 255 236 140 86 102 95 58 60 85 104 83 42 137 210 148 185 89 76 204 255 135 120 255 149 120 144 104 76 107 0 171 182 188 233 251 255 191 190 218 255 246 227 255 45 94 83 28 164 181 95 180 139 102 55 0 176 111 31 21 51 82 84 108 101 74 39 17 119 83 51 101 68 89 109 28 29 58 204 90 19 0 61 46 46 206 247 94 51 84
233 223 67 70 69 19 105 71 46 35 105 255 160 91 118 100 155 144 0 19 142 244 247 243 255 208 40 53 91 102 208 76 52 214 227 145 112 20 98 159 47 166 128 148 164 250 208 255 255 233 254 255 212 74 68 97 68 136 89 85 61 0 60 32 62 49 75 103 20 79 147 166 4 8 40 54 48 91 116 117 69 65 16 155 210 122 110 189 174 129 75 64 61 124 69 140 154 75 28 74
121 158 75 62 109 71 113 49 91 99 184 254 138 130 255 216 124 122 63 132 94 143 255 255 193 106 63 33 78 156 148 255 230 103 147 26 49 28 190 255 129 188 103 150 124 220 255 245 211 196 255 238 248 147 110 16 107 255 177 13 93 81 86 0 54 48 62 0 113 159 104 129 127 139 22 74 30 57 90 113 125 82 13 133 194 107 80 139 131 122 134 57 30 65 80 37 23 24 39 29
53 72 78 51 116 65 23 29 81 43 84 108 47 68 225 179 25 36 35 95 60 136 212 172 110 99 207 141 52 157 119 168 160 168 150 86 55 77 187 196 60 150 169 154 189 197 175 215 255 249 0 46 255 178 110 176 244 236 245 81 55 84 159 154 96 40 41 73 99 122 124 139 65 89 79 82 147 214 194 156 144 128 83 56 80 16 38 67 52 145 231 238 83 88 88 40 55 34 46 95
47 68 150 151 136 100 94 116 117 98 100 81 59 66 158 115 32 68 44 53 47 92 109 84 49 162 209 142 98 116 50 61 11 205 162 183 65 126 161 126 82 175 239 241 175 97 246 255 242 206 20 72 204 124 242 201 255 192 203 215 111 51 153 118 69 0 49 93 129 78 80 123 81 87 39 27 168 248 255 109 62 81 90 23 24 5 45 64 54 122 250 253 120 50 56 18 83 113 111 123
50 130 244 238 84 75 149 65 43 110 118 66 55 53 83 41 15 53 29 56 30 31 69 39 86 127 110 59 120 95 23 169 57 69 124 174 52 155 210 219 148 164 179 157 61 44 243 204 200 217 126 179 178 79 166 85 92 81 189 250 251 214 63 55 97 104 29 104 39 51 177 209 167 138 61 73 87 202 220 151 66 47 42 21 25 54 68 94 61 78 170 237 172 138 76 28 123 148 151 67
28 73 238 244 105 174 198 88 48 180 255 125 91 50 97 97 44 56 43 75 28 75 117 99 72 86 119 106 67 208 69 144 142 83 164 210 40 117 147 176 131 153 92 63 39 5 69 71 135 167 112 169 244 78 57 55 51 28 244 226 225 216 110 154 165 169 101 108 45 0 185 248 220 149 113 103 73 127 209 153 112 49 52 60 29 105 103 113 98 106 154 251 247 255 85 126 173 149 92 19
44 14 100 125 141 167 76 72 31 127 171 121 56 1 38 77 29 34 37 100 86 126 163 97 52 98 179 175 92 241 112 83 186 106 209 146 36 92 99 107 94 219 209 238 94 51 85 120 82 104 200 209 116 99 159 56 102 133 127 108 59 97 105 166 148 159 119 100 136 34 72 121 240 204 62 35 49 83 127 78 52 51 33 103 86 164 126 106 199 212 203 255 244 226 23 150 118 108 0 42
76 75 79 87 204 174 48 133 102 66 54 128 151 72 65 122 148 127 141 158 112 123 121 70 54 90 132 90 161 94 66 255 255 63 65 99 117 254 255 139 61 255 229 255 232 200 24 48 101 150 245 231 70 69 132 249 151 46 57 89 88 138 22 96 74 167 221 122 65 1 158 182 191 118 50 41 68 93 33 36 27 53 32 105 100 127 50 32 151 192 191 207 255 255 6 141 54 91 103 8
50 122 81 47 139 96 48 101 67 77 88 93 148 83 53 98 110 79 101 110 76 91 38 51 59 3 88 148 131 112 161 239 249 178 43 151 210 170 255 255 88 83 160 255 241 255 145 142 156 150 46 73 113 110 13 226 118 153 78 73 189 151 95 46 87 21 201 189 114 78 192 248 98 29 111 104 57 80 27 32 99 120 155 123 94 83 36 132 37 80 107 186 118 98 106 136 60 142 102 64
77 95 56 21 62 74 92 65 42 0 0 87 255 231 106 141 228 161 41 38 37 58 28 77 77 21 71 118 97 141 234 255 184 122 105 10 133 235 216 172 149 140 108 104 89 108 81 145 88 95 27 38 104 135 71 127 62 69 188 94 81 69 130 90 99 52 137 195 120 0 74 161 64 62 138 102 24 80 168 136 71 110 248 163 110 111 4 143 200 97 70 169 118 149 96 112 64 136 118 125
141 61 59 57 69 136 178 148 116 94 47 123 243 255 75 47 202 190 28 76 110 97 126 144 141 163 169 76 51 90 212 245 214 105 82 37 82 249 247 87 152 227 108 67 52 143 191 202 50 26 82 108 93 102 178 116 111 85 122 41 60 131 200 76 0 19 92 78 43 29 40 105 40 43 110 122 104 161 202 165 113 79 168 99 103 211 36 109 147 68 25 185 94 190 164 122 115 84 73 0
132 82 72 71 48 100 151 151 138 106 47 136 164 164 81 91 143 151 39 41 55 31 124 134 61 75 74 142 121 83 63 139 207 208 145 77 33 188 122 7 55 90 59 101 46 125 220 255 85 60 116 199 131 72 148 156 198 106 35 70 57 76 216 177 68 89 54 41 6 10 127 169 122 55 47 88 64 126 142 167 151 82 132 115 155 255 103 114 57 91 70 117 43 151 119 150 38 30 0 122
138 189 120 87 31 31 84 73 84 87 38 53 8 13 80 87 49 49 59 34 73 108 230 255 120 82 92 105 112 74 66 52 92 135 150 146 95 175 174 85 111 59 102 100 0 56 127 181 101 118 92 219 158 101 44 69 105 139 47 105 176 154 224 253 179 172 109 100 112 96 157 168 130 117 49 133 24 54 144 156 111 68 126 90 63 61 29 86 3 93 86 130 47 59 149 150 5 23 71 73
111 170 120 92 38 26 61 53 74 130 126 153 102 88 122 148 128 86 77 35 55 76 166 231 130 100 148 94 59 42 63 63 22 20 24 33 109 149 125 162 131 49 31 116 114 126 79 83 41 101 104 132 124 138 0 88 77 135 44 59 184 205 168 238 186 192 145 113 103 110 154 148 123 162 81 99 73 103 76 54 60 55 104 68 75 17 161 242 127 236 189 93 34 60 215 229 48 93 67 116
50 78 76 35 56 35 45 55 62 81 164 189 181 102 115 171 156 68 47 63 85 75 107 128 122 139 160 236 115 0 12 73 74 102 125 33 115 159 183 158 166 110 24 139 189 246 124 92 79 151 128 94 87 101 52 161 124 64 12 88 3 59 68 193 255 231 130 73 44 86 175 133 87 85 61 18 118 117 6 0 158 152 109 3 24 93 255 236 231 235 140 35 11 98 160 173 45 66 24 65
29 65 155 93 126 114 95 64 0 28 151 141 166 139 159 243 231 96 40 24 31 113 82 108 163 54 65 68 64 90 81 87 128 98 133 71 100 86 124 92 39 96 28 75 97 143 125 222 248 221 130 49 87 86 75 124 40 27 40 202 28 136 105 98 162 176 57 51 87 130 189 101 36 62 10 121 120 119 19 54 189 142 97 49 81 108 169 162 242 203 102 136 62 142 72 97 89 107 87 142
159 74 77 40 83 132 117 61 17 55 103 62 70 115 109 176 135 160 30 92 83 106 173 167 166 23 135 131 119 115 37 86 172 91 27 94 161 87 46 120 126 34 16 55 97 152 220 182 189 85 49 11 97 89 78 63 71 98 60 189 12 56 163 248 56 174 67 65 87 77 173 209 139 82 139 104 151 73 21 66 115 117 126 110 159 163 89 91 201 145 83 79 71 145 123 34 68 95 94 143
166 88 73 159 129 48 0 44 34 74 55 10 31 78 70 110 42 187 160 240 227 80 130 117 135 61 58 156 166 102 65 198 229 53 5 184 170 88 31 26 35 56 146 135 163 153 255 255 219 95 115 32 42 52 88 95 47 59 55 174 191 172 229 232 73 145 32 69 96 67 156 233 224 207 140 53 118 121 34 46 68 83 62 53 108 184 197 228 239 134 105 97 6 66 65 41 62 79 59 56
70 139 87 117 99 85 42 99 208 255 205 55 75 78 119 134 89 186 255 217 255 115 103 91 30 58 24 88 187 105 116 255 222 102 92 249 208 112 99 95 54 28 89 83 135 181 238 212 153 79 135 52 25 70 87 76 56 48 105 99 215 255 255 164 21 100 130 213 134 63 156 255 250 250 110 37 78 74 91 32 63 73 33 69 79 115 208 251 177 106 253 136 94 137 135 108 148 151 119 83
211 121 23 114 190 157 82 94 222 254 195 0 46 28 81 82 47 112 121 61 117 87 160 124 55 30 87 114 255 208 198 253 120 85 101 194 140 151 255 255 150 93 63 21 107 128 107 149 159 101 78 22 28 113 102 84 87 42 105 100 199 225 230 154 28 86 171 244 124 68 141 255 255 230 132 73 24 43 67 26 51 81 29 32 103 164 205 255 174 39 124 114 126 178 57 73 172 159 129 96
96 20 85 209 251 178 113 53 218 183 130 6 123 80 66 58 83 100 115 79 51 96 142 169 146 112 198 205 237 255 246 164 27 148 97 101 110 198 255 243 120 45 98 83 114 76 79 167 231 194 102 72 82 147 108 108 131 90 67 57 77 49 78 67 14 3 17 69 36 44 65 162 191 255 73 102 69 116 148 80 58 76 48 54 237 255 90 146 181 35 25 39 121 164 30 37 127 91 52 21
123 48 197 182 255 255 202 110 204 160 165 38 196 122 55 15 26 64 93 79 41 160 162 193 174 183 252 199 147 212 188 168 145 251 167 100 59 89 137 103 55 92 92 86 130 138 164 192 178 216 244 176 165 179 172 221 255 114 36 74 146 205 160 154 128 126 77 47 0 34 132 169 67 95 71 118 146 227 242 133 53 34 88 96 181 168 56 61 94 53 45 54 118 162 104 68 66 37 108 6
253 72 5 139 224 243 218 105 88 79 108 126 250 144 121 51 66 83 131 0 98 174 94 144 136 216 233 193 105 169 77 226 247 255 147 42 20 52 82 108 162 182 177 61 151 243 139 138 84 152 233 255 220 238 252 242 227 204 145 57 92 255 209 175 113 141 79 122 79 112 100 211 0 37 64 93 189 225 255 172 60 18 101 0 54 103 124 156 100 10 40 43 135 161 90 78 58 16 99 80
237 96 193 135 108 176 56 135 55 142 98 98 168 36 19 72 64 33 68 66 144 75 0 76 101 197 121 117 75 148 56 243 250 222 157 89 151 248 255 180 181 205 142 96 199 245 115 139 102 147 85 255 255 220 233 242 186 249 247 129 23 166 191 184 77 97 38 60 138 164 15 115 107 164 75 119 110 142 164 182 82 49 131 33 94 152 110 77 136 35 1 14 136 203 126 64 83 39 101 115
199 110 156 211 158 116 21 76 135 12 22 125 97 60 75 42 98 44 78 105 63 171 207 53 152 255 138 71 0 5 64 209 184 99 85 107 185 242 255 172 65 221 12 24 166 248 253 97 69 63 71 4 177 150 55 68 183 247 121 97 153 161 103 114 98 46 34 129 186 52 57 62 113 183 104 12 115 69 215 207 81 119 122 47 53 141 124 172 151 149 49 49 40 64 51 32 9 16 99 131
80 44 137 145 145 90 119 142 44 48 118 171 111 79 59 29 90 34 47 56 54 202 249 149 185 251 163 124 111 45 68 91 45 6 56 52 83 78 102 110 87 160 203 136 140 110 77 92 65 84 200 57 152 186 102 132 237 246 85 66 195 195 182 234 211 129 86 30 88 39 34 98 18 140 37 66 110 30 87 79 20 135 136 114 49 138 177 227 186 159 27 47 52 46 42 74 26 11 49 35
26 102 156 159 159 48 6 51 73 124 176 149 89 50 59 29 132 66 59 141 41 151 218 127 97 164 126 127 127 48 23 115 132 71 70 40 144 128 30 37 53 28 158 89 112 55 91 143 70 20 83 178 99 154 107 82 230 181 155 160 245 255 232 247 255 136 49 101 121 121 69 124 10 140 55 99 107 40 101 135 76 118 106 97 30 127 207 137 46 74 83 79 119 60 9 72 84 34 70 52
84 255 214 208 95 205 98 139 226 110 163 125 90 33 57 71 187 118 30 127 66 109 121 81 98 145 105 173 178 95 24 116 152 98 85 133 191 96 77 157 255 136 157 69 65 40 63 100 81 61 204 217 96 108 96 75 143 161 140 144 245 210 114 178 216 181 125 79 87 138 42 139 117 230 169 65 81 117 228 254 122 109 107 97 32 112 204 115 23 68 85 62 148 107 62 152 113 32 66 15
124 228 255 255 102 194 235 204 180 11 143 74 122 160 120 67 114 55 74 33 59 88 63 69 136 118 13 148 208 161 113 115 123 127 101 197 160 18 103 102 84 90 115 197 171 141 125 94 102 161 176 140 119 125 157 149 87 135 79 118 218 180 63 60 135 126 121 84 90 83 144 202 175 195 198 94 128 79 100 105 50 47 64 81 16 58 101 62 102 119 56 101 200 111 13 74 106 47 117 51
78 170 212 160 145 119 221 163 15 78 92 55 172 255 231 76 78 34 143 51 86 65 0 38 87 99 40 10 88 42 0 56 78 75 47 72 47 39 145 115 129 236 221 202 138 149 157 134 122 91 0 122 174 125 172 160 42 72 45 113 240 213 105 114 122 108 84 198 117 78 178 174 110 92 155 218 255 196 76 29 92 124 115 38 65 44 63 15 138 120 107 186 213 98 0 10 61 106 190 115
95 124 183 105 175 138 255 198 51 99 42 37 171 255 255 87 60 54 190 88 86 30 45 63 97 162 247 247 224 140 78 132 153 73 59 120 21 53 73 184 255 182 57 94 64 2 62 100 84 38 65 168 206 161 115 104 57 20 67 28 120 129 114 189 224 176 128 170 75 66 81 111 57 71 138 125 175 127 11 0 62 79 109 80 190 166 71 56 171 160 179 70 132 129 102 88 70 74 74 25
136 50 199 255 136 131 255 162 0 70 49 63 132 178 194 96 73 30 93 117 83 55 110 152 47 74 240 255 243 174 112 100 98 83 92 79 7 186 183 244 198 141 255 229 191 123 127 192 132 54 138 245 255 202 102 131 116 4 60 30 61 36 72 183 221 146 129 149 141 217 99 128 107 98 52 73 41 51 61 119 95 115 207 140 255 148 46 84 152 148 129 85 83 57 31 29 27 37 58 120
255 250 255 248 52 45 81 130 55 55 46 41 69 92 58 29 34 81 116 132 55 75 71 43 48 20 146 106 90 27 39 27 100 68 160 119 123 99 153 178 114 141 227 228 191 9 189 176 86 71 74 106 144 190 84 57 140 99 81 95 88 66 63 54 77 149 98 114 113 178 216 255 208 93 128 108 68 60 41 34 178 223 131 130 119 134 64 96 99 111 100 104 83 108 86 113 98 62 49 69
242 191 148 88 29 110 121 58 96 139 163 107 49 47 79 142 129 128 130 105 62 38 39 74 73 9 44 59 86 78 151 199 157 43 39 143 122 69 65 149 141 107 207 201 152 41 109 79 78 141 116 85 55 133 94 188 206 136 43 115 156 108 70 55 41 72 41 5 72 194 205 215 153 70 84 255 183 97 83 124 255 255 172 75 108 46 166 39 71 5 91 1 24 27 22 117 63 66 133 95
111 146 135 62 53 95 103 82 246 255 186 97 56 60 127 144 119 67 17 69 112 113 4 0 38 44 93 178 109 25 4 75 39 44 149 106 104 82 88 98 90 81 141 154 82 136 88 7 23 171 174 92 48 159 68 90 0 20 46 19 77 48 28 54 16 56 51 53 124 197 175 78 105 96 140 122 134 112 97 126 160 171 143 111 113 0 157 46 126 48 133 88 120 6 40 164 107 92 217 206
135 160 119 89 77 87 91 124 241 179 72 7 56 96 153 139 122 94 51 152 110 68 0 71 121 93 118 180 138 112 75 123 33 38 108 53 97 165 148 108 96 97 96 152 67 165 101 13 37 149 151 137 106 173 196 249 164 76 69 0 104 55 8 49 51 43 102 97 108 195 141 63 101 126 91 151 239 255 246 228 221 185 143 105 80 36 81 72 148 183 158 148 152 40 87 112 143 77 170 211
75 64 85 117 132 127 121 53 151 70 67 63 160 185 164 154 181 153 63 62 99 155 146 113 86 57 128 119 132 183 218 255 117 24 21 48 138 150 118 76 97 162 166 161 29 119 120 53 29 129 91 120 87 77 169 142 96 44 73 32 138 84 19 21 7 21 55 93 45 121 167 118 120 83 90 132 223 235 251 255 244 224 212 34 41 88 57 88 76 144 115 95 124 50 53 19 76 60 114 95
79 105 180 192 174 146 135 97 103 96 127 74 132 129 39 80 118 108 10 121 96 59 79 137 133 21 66 105 84 123 190 255 213 139 83 121 163 147 121 96 138 156 133 128 26 66 77 61 62 106 74 157 197 88 171 4 44 53 199 88 151 100 40 41 41 71 83 66 30 117 162 135 127 95 197 93 166 232 252 249 255 255 228 64 67 131 214 43 11 38 89 26 115 163 101 0 32 85 127 76
82 108 120 213 112 117 85 164 153 121 105 97 125 141 194 230 236 212 150 81 65 103 46 36 43 38 93 118 81 121 199 195 226 255 204 115 102 159 178 120 105 111 42 103 108 39 91 75 79 172 115 76 122 73 141 111 139 144 133 103 187 155 121 80 143 212 185 104 59 63 78 120 105 132 237 134 122 204 200 120 115 145 146 56 100 155 209 73 81 83 43 19 101 122 71 81 16 30 68 47
168 182 139 114 14 26 32 132 113 39 42 90 125 182 235 176 108 33 59 20 70 84 22 56 96 69 28 57 85 151 185 38 139 184 151 89 102 171 181 107 104 135 65 84 183 70 125 78 142 168 94 46 166 186 124 95 30 130 104 151 179 138 115 119 130 175 141 61 46 10 11 61 89 25 104 145 51 26 42 48 180 218 163 59 67 74 97 39 148 149 2 7 82 85 47 159 49 16 55 82
47 117 152 69 72 68 68 90 18 15 180 191 140 211 218 178 34 7 49 36 90 64 40 59 96 71 19 40 48 106 170 49 61 43 35 97 177 201 164 95 134 172 166 87 203 121 133 80 88 38 26 45 150 176 48 0 151 159 44 66 110 130 53 86 164 128 127 90 73 29 41 29 80 159 128 108 94 71 58 126 28 135 98 31 46 55 85 115 204 136 6 45 17 63 114 144 78 16 58 118
