37 47 43 36 45 54 59 68 86 141 192 50 77 79 40 31 55 37 18 20 62 121 130 94 9 7 42 95 101 57 29 34 38 14 63 51 27 8 18 24 23 21 18 15 12 11 10 9 6 13 9 2 15 38 38 20 24 46 72 88 100 83 58 47 32 18 36 91 67 73 63 23 17 73 150 84 76 28 60 45 26 63 64 62 65 58 56 47 44 32 37 114 69 59 24 90 58 56 39 75
18 25 19 19 44 65 68 67 110 146 180 67 67 50 23 27 12 18 23 20 27 51 54 30 0 10 40 70 69 45 35 44 45 15 47 39 30 23 28 22 11 13 14 13 11 10 11 13 9 10 10 13 18 22 22 20 27 45 40 50 67 101 105 82 66 50 21 70 120 105 41 51 99 100 52 93 53 25 93 47 27 74 70 58 56 38 36 45 54 44 35 70 41 52 19 48 36 67 35 32
19 40 45 47 65 74 59 43 43 63 87 41 30 8 6 21 28 42 55 46 32 42 54 49 85 54 17 2 13 33 48 53 34 13 33 23 16 18 24 16 3 6 10 11 11 11 15 18 20 13 16 27 22 7 7 21 52 47 55 126 90 54 64 90 89 92 55 41 90 104 38 54 125 111 5 75 59 47 109 76 29 64 58 50 39 8 11 34 56 43 22 22 36 79 44 16 40 107 82 49
8 41 55 50 55 58 43 30 35 42 51 55 40 22 27 30 40 47 57 52 43 56 74 76 43 54 62 56 38 22 17 20 15 17 33 20 0 1 16 19 9 8 8 9 13 18 21 23 27 18 19 28 22 6 7 22 8 48 42 73 31 56 49 0 37 25 45 15 13 65 45 28 31 78 60 53 88 53 41 51 70 67 82 114 91 48 48 49 41 27 15 16 75 133 89 22 2 60 62 34
20 34 26 10 15 23 15 6 22 20 15 37 31 29 36 22 24 33 46 45 40 55 75 77 46 36 33 38 33 22 26 42 13 27 30 25 4 6 21 27 24 16 9 9 16 24 26 25 24 21 18 19 22 24 27 30 57 37 47 138 81 27 15 38 53 5 56 51 24 54 51 26 67 108 112 34 53 37 53 121 66 18 58 129 95 54 58 24 24 21 38 54 114 148 103 41 29 27 38 33
45 36 15 13 39 49 27 6 13 8 5 23 32 44 54 43 33 44 53 42 35 64 102 115 69 25 5 31 57 47 26 19 29 31 11 21 18 23 27 25 31 22 13 11 16 22 24 22 22 24 21 19 30 46 52 47 47 68 102 129 60 28 17 42 61 49 73 32 10 29 42 36 55 73 66 63 31 27 74 122 90 20 42 97 58 48 83 49 19 28 66 89 111 107 69 45 52 5 8 4
53 38 26 46 87 92 59 31 14 11 23 24 30 25 25 29 42 49 46 25 22 65 111 123 62 40 34 46 45 28 25 38 48 39 0 17 22 27 23 19 25 22 18 14 12 13 15 17 19 21 20 21 32 46 51 47 54 62 64 27 36 98 72 41 54 71 74 19 21 58 101 95 79 67 18 58 34 48 87 118 92 53 45 45 8 25 84 76 20 24 55 82 76 59 29 36 49 30 29 0
89 67 46 55 76 64 27 5 7 13 47 43 49 26 17 36 40 43 36 17 23 64 90 80 42 28 27 41 49 43 42 51 63 52 0 21 21 20 17 20 14 19 22 17 8 4 7 12 12 10 12 16 22 26 29 31 35 22 36 10 56 111 56 24 66 33 32 31 51 72 114 84 77 70 22 36 60 59 26 48 63 80 67 31 0 16 67 72 21 9 23 55 48 40 12 29 52 87 92 13
98 53 89 16 23 34 10 6 21 62 71 119 95 48 37 70 64 60 24 22 72 88 61 45 36 38 40 51 47 48 66 88 104 48 21 9 10 19 11 12 9 18 19 7 1 7 9 6 5 20 13 8 30 43 38 41 26 30 37 29 31 60 9 19 89 57 57 44 25 51 57 44 53 71 58 27 27 39 28 7 79 154 109 91 51 30 48 53 19 25 15 41 22 17 19 14 49 71 138 59
97 43 57 11 24 34 18 17 45 78 83 118 100 72 55 55 53 46 27 32 86 102 58 35 56 56 40 42 31 31 76 102 88 36 16 14 20 26 10 3 4 18 26 19 11 12 11 6 20 29 25 16 24 38 45 44 51 29 30 15 0 39 22 30 78 80 120 105 78 78 71 42 71 106 113 72 35 33 35 25 105 146 106 95 74 67 62 48 42 38 57 27 32 41 27 20 41 53 90 59
70 32 31 21 28 34 31 32 41 51 41 50 39 47 50 35 37 27 22 18 56 72 25 13 74 71 35 30 14 9 80 100 99 43 18 12 19 27 14 9 3 17 26 21 16 16 16 13 15 16 21 11 0 22 44 39 41 16 35 31 10 51 54 53 3 52 149 135 102 71 57 12 46 89 130 116 68 50 46 27 42 48 40 59 80 104 78 45 25 63 83 76 70 73 58 51 18 35 61 25
28 24 26 39 36 40 48 43 31 28 26 21 7 28 51 43 19 16 30 20 37 48 11 14 37 43 20 36 36 22 94 85 87 38 19 16 21 29 19 19 8 14 16 13 14 19 22 20 18 15 33 25 1 28 64 52 21 19 42 41 35 56 54 58 59 71 118 55 36 57 119 118 30 40 88 117 100 86 71 38 10 1 21 32 48 75 53 36 126 170 75 100 54 63 81 75 37 76 117 37
10 23 24 37 41 53 65 43 21 27 58 58 35 28 40 41 23 23 42 44 60 71 48 49 31 36 27 51 54 23 71 30 41 13 20 30 34 35 21 20 11 10 10 12 20 26 25 19 17 15 38 31 0 27 63 44 23 39 33 12 28 27 19 47 32 26 71 39 57 84 119 90 49 18 40 89 102 103 97 74 49 36 63 47 37 44 32 40 126 150 31 42 4 34 50 19 27 72 108 46
23 22 19 18 38 56 68 37 23 31 74 69 47 18 14 25 60 46 32 36 52 69 76 72 59 44 37 36 31 1 49 8 42 17 27 35 34 32 21 24 10 10 14 22 29 29 20 12 11 11 31 22 0 16 43 19 12 38 21 0 32 20 17 55 43 21 68 86 127 142 123 60 35 10 24 63 81 88 95 92 75 49 60 51 64 54 22 14 30 56 65 42 35 72 67 24 30 58 61 66
34 17 28 8 27 31 48 35 35 37 66 48 51 30 19 32 78 69 30 30 27 29 68 64 38 26 51 41 34 15 70 46 70 38 37 35 28 26 17 21 12 15 21 25 25 19 12 7 22 26 41 32 13 38 58 33 13 29 21 4 36 24 37 61 43 17 61 99 120 121 90 43 20 28 39 45 50 62 77 84 73 50 40 30 61 43 25 27 43 25 58 31 17 45 59 40 76 95 85 101
29 11 45 14 18 0 25 37 23 24 46 26 57 52 32 36 62 81 55 61 34 9 57 51 20 29 99 94 74 38 69 41 67 36 38 41 36 29 10 6 17 20 23 20 12 4 4 9 25 33 45 38 31 61 78 55 46 37 24 2 12 3 34 44 40 11 38 60 43 46 50 55 48 73 64 29 22 45 69 80 44 50 40 11 27 19 75 145 130 51 3 35 10 24 49 31 44 72 78 53
58 49 55 46 15 10 25 26 21 19 0 55 63 58 57 31 44 48 71 43 16 24 24 56 48 75 131 114 105 12 50 30 63 42 60 75 45 24 19 3 12 8 11 17 12 2 5 18 37 46 52 13 29 58 80 47 21 28 0 7 25 5 24 58 43 18 31 60 11 26 69 94 93 66 61 42 46 45 65 64 56 46 67 68 46 52 73 87 83 58 17 84 52 41 43 26 1 30 13 67
57 50 57 53 29 24 31 26 20 26 23 55 45 46 48 41 25 50 85 37 13 23 23 36 53 96 121 70 65 45 79 10 40 24 46 61 35 23 30 21 24 14 12 17 11 2 13 34 31 44 49 11 26 57 71 27 23 32 7 21 40 23 38 70 47 28 65 82 82 65 54 87 121 78 26 46 42 52 40 33 46 64 90 85 89 120 84 0 4 67 36 44 50 55 41 49 94 98 25 98
34 27 29 28 21 28 40 39 25 39 60 67 40 47 30 29 38 60 102 44 32 26 18 10 3 23 46 63 74 80 110 53 26 11 26 31 5 10 38 42 42 24 20 33 36 25 26 40 57 56 55 33 43 62 69 37 23 31 16 29 43 28 36 61 58 40 62 46 98 82 31 55 117 92 32 36 22 19 23 17 0 56 98 76 70 133 140 62 104 61 12 39 85 98 69 52 117 92 27 68
81 77 72 63 55 56 57 53 14 32 75 71 44 62 25 22 36 31 75 41 68 62 47 28 52 36 43 105 81 50 55 35 18 11 29 28 0 10 41 44 27 9 11 37 51 39 27 27 59 41 37 38 39 40 48 43 24 29 23 29 35 21 20 36 54 45 31 12 72 85 42 33 79 86 66 29 33 4 55 56 50 38 54 74 48 46 100 132 94 52 62 80 60 35 65 130 101 62 38 26
64 70 67 59 56 52 42 36 14 31 75 56 24 57 29 40 66 41 67 40 91 101 80 46 38 41 33 83 42 30 41 36 9 16 45 48 21 30 51 41 7 0 7 25 29 18 16 25 30 26 31 39 30 34 38 38 21 22 27 28 28 20 14 25 37 42 19 48 65 79 78 56 59 70 77 47 51 0 40 65 53 55 18 0 7 59 96 62 15 26 30 25 46 53 64 110 149 132 88 125
59 59 41 30 44 58 61 64 63 68 84 43 0 31 24 49 85 55 62 25 61 82 68 46 55 60 27 62 27 18 23 28 14 18 39 35 14 37 65 53 36 43 48 38 17 7 21 42 12 33 47 52 36 50 46 32 12 10 24 21 19 23 17 25 32 37 16 71 47 45 84 83 37 51 80 92 69 7 23 103 147 117 35 15 34 48 86 98 39 28 31 33 19 68 100 71 83 120 46 191
82 68 27 5 29 51 54 57 83 72 63 33 3 39 37 49 54 18 29 17 20 29 49 102 146 117 39 63 57 44 38 50 21 17 25 12 0 30 63 49 53 68 75 61 41 34 39 44 31 37 44 63 40 40 27 25 14 7 25 16 11 22 17 23 29 31 18 36 32 41 80 80 24 34 85 90 92 57 65 155 222 248 144 52 36 43 77 85 94 37 49 87 7 77 150 65 16 79 45 144
70 59 24 14 51 73 61 52 39 22 11 19 31 79 72 60 80 26 42 61 30 1 48 179 255 202 62 33 39 45 32 25 16 17 29 19 3 30 49 21 18 38 54 61 66 67 49 25 80 47 40 82 53 25 10 37 28 17 34 20 9 22 16 20 13 27 30 4 49 87 97 67 61 38 80 23 80 61 58 94 136 197 107 30 47 57 57 33 12 34 62 97 4 75 161 96 34 77 105 43
71 56 42 13 52 64 61 76 51 27 17 8 31 78 85 68 73 33 58 56 44 32 45 151 226 158 32 9 4 16 18 17 16 13 16 27 0 35 47 35 40 87 71 31 61 62 17 28 84 92 38 46 35 15 19 54 56 41 39 30 12 18 29 18 3 20 38 0 56 78 58 27 44 37 29 8 76 61 42 13 25 58 26 86 67 54 48 34 33 39 47 53 58 114 105 73 80 100 83 0
69 53 51 43 42 36 72 69 58 34 56 31 30 79 77 78 79 42 41 29 81 106 66 69 86 73 13 16 20 32 29 20 31 19 18 31 6 32 44 39 78 103 76 28 43 49 16 25 51 76 47 23 24 51 69 73 46 34 34 29 16 25 36 26 14 9 29 19 35 19 9 32 38 74 59 26 108 83 51 54 33 84 19 171 101 72 33 83 94 56 19 43 58 79 58 34 50 35 40 16
54 40 50 48 7 0 54 35 19 8 72 48 30 81 78 93 115 70 25 12 158 237 145 29 9 33 32 56 57 52 49 54 45 22 17 32 13 23 33 37 57 81 76 35 28 34 24 40 63 48 42 22 46 86 94 76 29 21 20 17 12 23 32 26 13 15 30 41 15 19 17 44 92 94 83 34 53 43 46 30 11 64 51 142 131 94 57 61 33 34 0 28 28 26 41 57 35 15 28 10
51 49 79 66 37 38 87 73 12 15 74 59 29 58 58 56 53 88 78 25 103 156 126 59 27 47 59 70 55 30 32 58 43 16 13 29 20 16 24 33 62 88 105 68 36 41 59 93 67 43 62 22 26 54 54 20 20 19 19 17 17 25 29 25 49 38 27 52 17 60 66 77 85 52 42 28 71 113 134 91 33 9 95 40 90 122 65 28 90 101 22 12 18 45 87 97 50 44 76 59
27 39 80 40 48 66 49 44 33 45 60 57 33 41 56 30 68 84 55 31 97 132 118 66 57 79 87 59 38 23 24 38 30 12 15 27 30 21 29 39 55 61 67 28 0 0 28 68 101 131 172 81 33 66 85 44 9 22 31 35 38 36 28 24 54 33 30 89 59 77 63 54 46 37 0 5 110 142 101 60 65 74 56 79 64 72 128 50 81 110 46 38 45 66 81 61 32 38 100 113
24 39 78 29 66 83 18 17 56 69 44 39 34 35 55 26 38 58 40 49 53 51 65 55 49 88 104 49 43 54 45 25 20 18 27 25 36 30 39 44 48 38 38 24 20 31 38 60 105 134 157 89 38 65 95 71 0 18 32 37 42 33 20 18 31 32 33 56 40 62 66 29 32 44 37 54 122 140 110 86 26 29 98 88 19 55 69 63 23 67 75 124 139 133 104 67 67 94 144 124
9 13 38 15 63 74 27 28 78 87 54 30 32 31 24 9 38 68 56 85 25 0 24 33 20 49 75 29 41 54 37 14 20 32 40 16 27 24 34 30 23 14 23 38 67 78 61 69 112 112 94 77 47 62 77 57 10 32 34 26 27 22 19 33 53 58 40 5 19 60 107 64 45 48 54 67 84 92 82 70 32 74 153 117 75 59 76 68 54 45 47 101 130 143 98 51 64 96 113 56
43 25 24 15 46 39 24 22 57 70 59 28 43 51 20 23 21 51 40 94 29 19 50 50 21 18 44 21 41 34 17 16 24 44 48 6 12 10 20 9 20 13 18 34 70 77 57 72 119 144 104 77 40 60 62 16 52 65 48 23 20 23 36 65 64 60 72 70 111 94 116 65 23 37 0 8 85 81 21 27 92 136 133 129 105 50 60 62 44 43 57 71 56 75 51 27 30 36 48 25
49 57 38 15 6 12 16 27 23 58 47 29 80 86 41 32 15 28 35 70 29 27 55 49 28 31 27 84 106 94 54 29 22 39 1 19 18 12 8 13 10 30 22 23 46 35 29 67 124 152 123 52 65 56 37 18 67 94 62 33 8 25 42 53 52 25 37 66 91 72 78 48 12 91 32 12 75 75 57 51 67 59 91 35 48 23 10 39 71 66 82 43 30 32 45 43 50 15 17 65
40 44 33 24 26 24 16 16 34 29 17 52 118 96 37 41 29 4 27 45 32 27 43 48 24 9 19 119 175 176 109 35 18 25 11 22 23 18 14 15 30 38 37 48 57 32 24 58 99 78 81 83 51 44 40 18 43 76 49 30 13 18 41 43 35 35 36 28 58 0 86 69 37 164 121 62 98 107 99 93 36 31 36 43 70 41 32 71 78 87 121 77 36 34 74 96 50 57 49 48
42 30 15 11 29 28 24 26 49 46 5 21 96 121 76 53 52 15 51 35 39 39 45 50 27 7 10 99 148 155 102 35 2 0 17 26 39 42 41 38 29 20 27 47 45 27 38 73 87 31 16 51 26 48 53 39 14 37 31 65 71 32 51 54 46 55 73 61 99 64 113 94 60 134 90 94 174 154 94 77 86 68 38 96 130 70 27 51 0 5 66 56 34 32 57 58 28 66 55 9
47 27 13 8 35 31 36 43 47 73 22 12 74 134 103 54 9 4 28 4 1 13 20 12 58 60 30 56 73 78 71 79 48 16 47 39 50 53 47 37 19 17 45 68 54 41 54 68 29 55 80 110 104 89 38 0 46 44 3 23 44 27 69 76 25 49 97 126 0 29 0 127 76 110 62 77 144 102 57 91 81 48 31 93 151 82 8 15 45 18 46 37 34 40 46 19 42 63 62 22
44 32 33 26 51 33 37 40 11 38 10 40 70 84 57 40 30 42 28 40 30 38 41 24 40 67 14 17 50 50 42 87 69 22 34 13 22 31 32 26 44 41 54 46 17 23 52 60 55 98 128 91 61 45 56 51 71 81 32 32 63 87 112 88 4 28 136 14 21 81 50 40 73 126 97 93 155 140 78 62 45 9 31 44 110 66 7 21 55 24 46 49 79 105 104 67 46 23 39 42
44 38 43 21 41 19 30 34 12 33 3 42 36 31 39 70 90 90 44 70 59 50 38 18 37 68 20 48 112 106 54 65 58 23 10 0 0 13 26 32 45 47 50 26 0 15 55 67 57 45 75 47 20 36 102 96 75 81 67 110 127 120 69 35 19 39 82 46 31 30 45 10 97 148 120 63 60 53 28 29 54 24 60 23 65 53 36 57 36 20 42 59 130 173 156 107 57 14 33 70
38 36 43 9 30 10 29 30 34 65 27 54 21 20 55 103 136 139 105 73 57 54 36 12 30 55 30 60 87 74 29 19 66 64 36 32 23 18 21 31 18 40 64 59 35 32 49 59 58 21 10 13 39 95 134 114 104 88 60 93 85 95 21 12 127 135 104 41 42 0 106 0 72 63 48 58 98 104 65 42 37 21 41 22 50 71 81 78 71 64 51 18 66 94 71 35 31 16 20 52
19 29 50 21 47 22 32 20 4 41 26 82 35 0 17 67 127 157 156 48 29 51 40 12 46 68 64 66 21 6 14 25 23 59 38 57 43 24 19 28 40 46 48 33 6 0 21 52 38 48 0 3 65 125 94 75 108 123 85 65 61 171 122 106 141 126 87 71 138 124 248 94 58 34 27 39 70 87 65 46 26 16 11 37 63 97 103 60 56 101 113 54 60 59 40 31 29 53 39 49
4 30 17 27 53 18 32 22 37 55 30 68 53 22 37 56 73 115 121 36 46 66 52 37 46 90 91 93 35 26 46 29 24 26 18 31 23 28 25 37 57 65 79 56 23 23 45 42 57 28 25 74 63 63 28 52 148 177 62 127 59 232 237 164 105 101 189 231 248 122 253 154 81 59 73 0 50 77 103 72 47 69 44 43 63 68 59 14 52 112 143 89 84 76 79 53 65 61 19 55
22 35 48 19 29 0 17 60 61 100 63 53 33 47 74 68 56 45 75 49 61 94 90 39 51 67 44 78 23 48 39 32 65 109 54 62 35 32 29 18 35 71 101 122 120 79 63 96 92 100 80 68 19 54 3 64 131 165 76 61 21 207 255 164 170 203 246 255 255 0 99 97 78 29 54 98 94 167 156 92 59 65 23 14 36 77 73 47 109 150 105 35 66 76 48 33 14 12 6 21
61 58 73 15 31 11 12 57 83 103 65 58 34 37 47 32 19 44 85 61 73 122 113 39 31 52 23 138 90 65 25 0 56 104 52 49 62 56 42 25 14 38 52 59 57 49 34 35 37 68 40 25 56 42 79 70 93 103 51 74 35 243 255 176 255 192 161 217 251 86 108 133 100 59 80 19 0 61 113 27 17 19 6 16 64 140 150 155 208 203 117 60 79 109 76 60 56 47 79 52
22 28 35 4 34 51 31 44 40 42 18 35 22 25 24 10 39 99 108 72 96 117 83 42 48 57 5 125 114 64 119 100 25 84 73 28 68 73 62 46 54 31 36 33 0 44 84 59 63 93 71 79 51 0 190 126 83 94 217 164 92 226 237 253 255 201 154 67 125 206 167 94 78 63 109 162 85 38 25 44 31 11 12 0 32 78 104 144 156 121 86 97 58 71 42 12 34 29 128 106
39 42 28 42 52 70 58 64 82 88 65 49 13 28 36 22 37 45 26 38 66 63 46 54 17 39 57 89 85 20 82 61 51 129 90 58 44 46 66 51 64 28 28 44 0 41 87 89 69 75 72 18 46 99 52 106 130 250 215 255 106 187 255 237 255 243 240 66 115 123 107 84 35 93 134 108 67 124 166 123 84 58 80 46 48 13 28 77 73 26 12 80 49 53 46 73 79 37 133 112
77 33 9 39 33 34 36 45 30 30 36 42 0 7 36 63 82 63 50 62 33 45 81 88 58 71 139 57 35 27 62 65 102 130 24 89 27 9 55 51 55 64 31 36 49 102 90 81 192 201 49 64 33 94 200 110 187 225 246 241 147 183 243 255 237 226 195 102 101 86 107 56 31 34 96 54 42 101 216 150 36 21 50 40 44 0 22 78 69 30 0 71 90 60 34 124 119 32 73 43
65 6 43 40 34 43 67 73 44 22 36 61 13 2 18 52 108 119 96 70 0 7 45 43 19 44 101 65 30 67 90 115 127 116 55 83 13 31 75 43 18 65 30 24 58 141 107 67 211 228 40 102 77 112 172 14 237 218 189 255 227 255 249 244 226 115 12 79 70 60 59 38 20 7 9 68 0 48 92 84 47 30 4 15 18 18 62 120 97 74 59 155 176 83 0 63 62 3 47 46
16 0 112 44 16 30 75 81 64 48 49 49 16 41 46 36 75 99 54 49 23 2 3 32 43 78 63 120 51 57 78 98 136 165 227 72 0 86 118 25 14 53 58 66 35 89 76 45 90 144 98 186 83 190 103 98 233 254 247 255 252 243 251 206 191 124 14 13 69 76 43 64 105 82 29 50 28 24 25 30 66 68 18 57 45 57 60 81 63 27 53 165 169 76 7 42 30 6 56 62
91 54 110 99 93 40 44 52 53 42 67 22 29 74 89 58 86 87 46 41 75 41 24 73 134 138 106 81 10 61 94 77 86 125 210 36 34 92 104 47 33 56 85 40 36 60 60 45 140 180 191 179 25 74 162 106 156 189 255 253 247 231 243 255 160 81 53 20 96 94 64 79 150 123 55 67 75 88 63 20 62 84 27 51 85 69 28 26 29 27 64 79 111 44 33 39 15 77 74 51
194 57 67 149 136 93 62 54 54 55 40 12 21 65 74 73 104 112 52 50 54 34 31 52 107 97 51 35 21 132 121 47 38 36 87 64 47 58 75 69 85 100 90 27 125 94 31 149 255 255 181 188 253 170 237 95 255 246 245 218 255 206 255 224 93 93 58 0 58 77 16 13 67 70 31 52 85 119 79 4 20 32 19 26 87 82 33 27 51 84 91 52 32 28 87 67 48 120 106 48
92 41 60 90 47 22 5 0 41 47 11 29 36 45 37 57 87 80 42 84 63 24 33 53 81 56 27 40 31 133 82 22 52 64 55 71 47 20 26 101 132 127 87 74 138 114 108 234 247 165 78 238 239 146 78 55 73 227 253 237 238 178 101 70 68 70 75 66 75 70 11 12 45 65 68 89 79 69 56 43 22 16 26 11 84 86 38 36 83 92 89 46 48 20 119 49 27 87 69 15
14 36 29 2 87 119 81 16 34 24 2 46 48 28 34 43 50 41 44 68 35 9 34 52 47 35 30 42 16 110 74 67 72 32 67 0 120 135 65 35 50 55 60 104 29 0 124 255 169 255 240 255 241 223 255 222 76 255 79 255 255 72 69 113 141 32 21 26 1 20 55 63 49 49 51 63 45 15 6 15 40 28 19 11 62 61 32 44 57 49 64 32 107 17 124 25 70 89 78 79
47 90 83 49 82 73 60 52 56 34 33 42 34 38 86 53 0 44 103 77 53 59 65 38 43 72 88 73 27 98 39 9 89 108 58 167 97 19 72 73 53 6 52 92 121 66 138 197 253 255 225 53 171 170 232 255 209 194 81 31 95 80 62 179 208 125 131 105 84 82 96 29 20 35 46 31 27 29 22 9 25 31 2 32 48 33 23 43 47 71 74 25 89 0 91 32 93 77 66 102
53 73 77 103 41 42 72 110 76 70 90 50 27 64 114 41 21 76 109 90 67 49 30 7 12 48 86 92 55 76 31 17 132 172 130 58 125 76 53 2 112 90 0 255 254 134 149 143 243 176 91 104 224 110 244 255 236 89 85 30 54 42 17 128 123 124 131 73 79 53 56 23 14 12 25 6 15 22 24 23 19 45 24 69 62 34 26 39 72 89 64 64 69 31 72 99 86 65 44 69
27 58 63 84 1 10 56 93 60 69 99 66 36 73 83 29 161 173 80 105 75 30 21 47 67 61 61 60 31 16 18 43 65 95 173 218 169 163 220 100 89 24 73 110 199 254 251 150 122 146 240 228 236 159 255 199 217 92 35 74 73 52 25 74 43 62 60 41 79 77 88 93 74 32 32 26 59 59 37 24 30 53 57 63 56 37 27 34 49 39 33 81 54 89 96 159 61 46 27 36
47 74 53 40 23 0 10 28 30 35 60 63 38 64 45 50 116 155 3 89 77 43 33 51 58 58 47 39 44 38 43 27 1 52 74 250 248 217 253 195 215 179 94 111 83 157 237 255 234 231 246 255 231 210 231 228 225 163 64 7 32 90 80 151 90 59 19 25 71 122 113 54 24 44 85 50 54 54 32 6 26 33 56 13 19 21 17 25 22 22 50 49 0 85 93 122 46 33 23 38
61 26 7 73 45 43 22 6 6 19 19 105 60 84 114 70 53 48 5 16 55 66 58 17 25 44 44 19 134 111 89 112 122 132 124 210 249 255 135 112 214 227 82 58 106 255 228 255 235 231 255 215 247 255 69 190 246 118 59 17 9 71 111 161 106 70 18 68 74 96 61 27 4 39 45 36 51 61 49 41 29 32 10 20 15 43 57 45 40 58 72 98 67 116 51 59 18 8 35 59
43 17 25 78 53 30 38 39 42 32 23 62 69 91 130 106 48 38 37 32 71 92 96 90 75 90 93 72 154 120 156 218 241 255 202 247 255 225 111 148 46 97 38 137 140 193 179 240 245 255 236 240 234 255 33 79 166 53 38 75 48 48 75 57 73 41 28 111 89 56 38 66 105 71 29 26 59 75 56 34 30 34 28 52 34 36 47 50 49 70 95 120 97 122 41 24 16 9 40 47
57 47 63 75 43 23 62 69 26 23 33 19 68 62 90 93 104 53 46 19 42 57 53 69 120 105 82 59 108 73 169 251 255 235 255 234 243 247 60 221 245 208 51 178 226 249 227 150 238 200 243 230 62 171 147 34 113 74 49 69 46 35 73 20 49 42 31 80 54 46 50 73 86 51 36 47 49 37 25 16 24 27 31 69 41 19 23 37 29 34 51 60 57 78 19 0 56 40 56 19
0 22 47 52 13 10 31 10 39 64 87 27 64 26 25 64 100 47 29 33 20 14 12 48 38 27 28 43 86 22 75 83 80 255 219 233 255 255 242 255 239 125 30 177 148 234 146 186 250 220 238 164 79 57 52 18 44 72 44 40 82 82 87 51 38 51 31 33 12 42 63 60 49 60 97 107 56 13 15 28 34 30 30 72 54 36 35 43 53 41 44 37 54 82 68 62 9 19 74 50
0 19 28 65 32 57 62 38 67 105 111 32 43 7 0 56 60 47 38 94 39 7 25 78 104 64 32 22 76 58 130 112 116 255 255 255 251 255 242 243 254 201 154 255 255 241 219 183 164 147 240 144 74 15 48 46 48 38 30 20 81 83 60 55 35 39 30 45 23 25 49 63 7 21 56 60 22 6 29 46 42 31 14 49 47 51 47 36 42 42 64 72 86 81 61 48 63 77 134 109
8 10 11 74 50 75 70 53 25 65 68 16 34 23 13 71 70 51 31 95 51 27 53 85 85 63 50 23 78 90 160 133 147 236 248 252 233 239 243 255 255 247 253 213 233 229 255 209 119 186 249 105 55 21 15 47 73 39 79 18 11 40 50 44 51 40 26 41 35 37 58 61 17 23 32 30 21 33 61 78 53 40 12 33 30 42 36 14 20 9 17 42 72 94 124 151 111 104 124 81
11 28 45 83 61 73 62 17 0 35 51 18 45 37 49 85 62 15 9 39 55 66 85 72 26 34 64 31 75 79 116 84 102 254 255 226 211 252 255 232 232 255 231 254 255 255 243 200 17 42 56 19 86 64 17 56 17 29 116 47 24 56 71 49 58 57 34 18 20 46 74 55 37 45 43 33 24 16 21 39 57 54 36 55 41 45 45 34 21 15 27 72 78 59 50 63 54 56 86 78
51 72 66 26 4 45 77 24 27 54 69 18 30 7 43 67 37 0 33 23 68 86 89 47 5 29 86 49 81 64 65 27 39 185 218 235 243 240 250 255 249 224 255 79 181 217 255 251 113 87 73 25 86 72 52 22 15 26 86 51 80 75 62 60 41 59 55 31 9 19 61 63 19 27 24 25 28 7 0 17 23 34 37 67 48 47 59 67 70 48 34 73 60 29 13 30 31 29 49 50
54 54 61 6 6 32 54 31 39 73 79 41 22 0 28 44 22 23 93 27 65 59 47 45 47 30 36 42 67 85 53 7 17 75 113 255 244 224 231 255 254 255 255 206 255 252 211 133 48 54 64 24 41 29 11 48 61 65 49 49 56 58 60 41 15 41 39 36 44 45 59 54 36 7 34 0 31 28 22 30 44 39 36 39 33 18 35 76 93 61 40 9 38 32 50 82 63 27 39 37
65 40 29 41 20 40 47 26 14 41 56 18 15 16 44 63 42 32 87 30 40 16 5 31 55 65 45 26 40 93 81 19 2 50 60 162 165 150 153 209 255 249 215 254 247 205 84 31 17 28 78 45 21 15 28 54 98 87 49 27 14 17 44 52 29 22 12 34 53 55 65 57 32 32 43 28 45 64 31 47 41 58 60 38 20 24 40 50 58 41 55 74 61 26 19 69 67 76 102 76
73 29 0 76 46 51 45 39 37 44 60 11 15 34 54 82 11 18 56 11 29 47 24 22 70 80 26 21 27 86 83 19 25 46 48 62 28 22 68 162 239 243 164 139 43 35 2 53 93 42 79 72 67 84 79 42 75 75 41 18 19 43 79 81 72 57 45 59 44 38 50 41 18 21 16 9 38 64 27 42 64 80 85 59 32 37 51 47 67 53 54 45 62 72 113 119 72 39 57 90
169 125 46 117 79 38 13 25 26 19 48 7 7 7 0 33 60 70 84 43 39 50 4 0 18 75 73 107 35 10 33 50 4 14 68 70 31 35 86 162 133 73 20 52 62 36 22 74 48 21 101 130 118 91 48 0 33 46 21 6 28 71 92 64 53 64 76 85 31 23 49 52 42 33 41 32 96 89 59 59 67 55 60 63 45 36 50 61 48 42 37 1 48 32 119 66 36 49 73 84
92 83 9 50 55 8 0 37 34 28 78 63 60 28 0 29 53 47 60 54 33 18 2 46 67 56 33 128 111 62 19 0 37 16 25 20 54 81 101 164 243 218 143 40 23 21 41 51 49 38 108 130 123 79 51 64 68 62 29 19 33 51 62 40 33 39 61 105 51 25 32 39 18 24 46 60 102 75 36 29 46 23 21 38 42 37 48 65 72 68 60 87 91 0 98 93 65 75 69 62
68 80 29 32 50 8 0 34 44 34 66 58 57 23 7 38 78 65 49 21 3 4 7 45 81 72 53 105 77 44 29 25 58 60 34 27 94 82 30 80 193 147 71 18 22 28 45 72 30 16 67 95 118 72 24 40 83 60 36 51 52 33 43 54 65 33 33 118 95 52 16 16 20 45 44 70 50 59 25 25 59 59 42 35 56 71 70 72 100 100 64 149 108 48 95 138 90 65 24 26
57 65 55 58 60 45 28 31 49 39 37 19 28 14 29 50 89 90 64 7 13 43 50 42 57 80 90 69 8 0 36 77 38 35 13 11 20 7 0 44 57 73 56 21 42 56 52 38 39 26 65 59 59 36 29 64 52 31 13 38 47 32 43 54 64 36 13 95 98 82 44 43 53 67 37 34 4 59 54 29 64 91 66 41 75 101 92 89 117 116 79 146 113 132 74 93 28 82 63 20
30 27 52 79 63 76 52 28 23 27 15 0 19 20 44 45 64 72 66 21 25 31 41 40 39 61 89 55 8 3 34 66 51 21 52 88 23 19 52 55 15 34 73 63 96 48 52 57 27 19 73 66 57 48 44 50 67 48 11 10 29 45 56 40 46 54 19 55 52 72 56 59 92 85 54 16 23 91 107 33 25 63 41 22 72 98 88 100 108 75 55 76 78 142 45 69 21 63 50 44
31 17 26 68 50 75 68 8 29 41 0 6 36 55 39 36 28 37 31 67 23 0 9 31 45 20 22 38 51 34 9 27 95 106 74 71 88 48 23 32 36 16 31 39 53 49 21 19 22 0 38 56 57 37 54 67 63 28 31 0 43 82 61 77 64 78 56 27 52 66 58 61 63 69 57 5 65 135 115 52 24 51 50 7 46 65 73 82 67 35 35 31 42 81 20 33 42 31 53 16
36 18 46 34 26 54 46 6 40 58 21 30 45 49 26 21 25 15 4 33 15 0 12 24 26 17 17 9 16 27 30 54 112 107 41 9 6 9 14 27 55 41 37 44 33 0 1 46 28 10 10 30 30 53 51 43 45 37 42 2 46 92 78 59 93 101 96 57 48 53 34 40 66 53 62 73 101 82 82 91 62 17 40 38 24 33 67 44 25 21 48 13 61 109 60 28 79 31 49 34
11 10 67 31 42 65 43 20 47 67 36 39 34 27 10 11 33 22 20 19 16 0 23 24 11 28 43 20 16 44 60 76 50 37 7 46 43 45 43 61 53 50 7 26 40 18 38 77 87 53 40 45 48 44 50 47 32 35 46 31 46 45 51 41 86 68 75 34 10 37 25 44 52 91 121 142 132 61 62 62 53 5 33 42 6 10 54 26 0 21 87 37 123 166 109 13 54 6 45 66
21 32 73 52 66 76 47 37 64 77 46 44 27 22 23 38 42 53 72 27 17 2 39 31 15 39 63 37 21 46 59 64 90 60 22 67 43 49 45 52 145 154 45 18 28 25 39 34 33 16 38 13 55 40 120 143 40 18 27 68 79 26 46 67 71 31 54 32 10 58 44 64 56 115 91 48 22 0 62 59 16 49 48 22 13 18 36 32 62 67 86 3 80 137 124 55 32 36 97 138
69 73 51 52 48 48 34 41 62 68 38 40 18 18 33 55 66 92 119 42 34 41 86 68 31 36 53 28 7 26 33 30 60 56 13 21 1 65 81 56 141 176 59 18 9 27 72 80 75 81 91 41 64 46 144 177 94 71 58 91 104 40 47 51 50 18 62 66 33 68 35 44 31 112 106 80 53 17 81 73 22 89 58 23 35 36 28 30 40 63 93 46 65 73 46 14 0 37 60 78
59 63 28 44 28 24 23 39 51 51 29 42 22 20 35 53 71 87 107 30 36 67 107 86 41 35 53 41 26 41 34 13 33 47 31 44 25 60 62 30 88 121 39 37 15 13 49 72 65 55 41 74 70 24 69 131 102 129 111 86 82 32 24 10 46 22 53 69 26 51 25 41 45 124 113 69 39 17 84 77 41 65 34 42 44 40 36 21 30 57 82 56 31 21 20 48 52 69 23 7
21 32 50 50 31 24 22 40 52 46 29 54 38 36 46 55 45 46 65 8 13 41 66 54 42 35 59 55 51 81 73 36 45 49 46 63 48 46 64 69 54 71 25 66 44 30 36 56 65 38 8 82 81 15 28 89 56 88 84 72 97 52 29 40 122 76 49 59 27 59 51 74 62 124 102 42 28 30 79 54 28 36 12 52 43 33 40 28 40 52 61 38 23 18 36 75 90 82 24 25
27 35 97 57 32 23 19 39 36 24 8 38 26 27 36 42 45 42 68 27 18 26 35 37 39 29 43 32 39 96 106 69 55 77 71 50 33 35 68 75 91 101 64 96 54 41 42 62 72 69 33 42 74 48 90 107 71 40 25 77 160 97 41 75 208 135 54 58 39 72 61 71 53 77 55 30 48 48 71 44 6 47 21 51 43 26 31 42 52 45 39 10 24 24 34 42 50 40 23 73
62 86 88 57 28 21 20 13 8 18 19 38 26 36 33 46 45 44 47 29 40 25 38 49 45 22 29 18 0 58 78 78 59 86 50 42 43 9 31 69 87 65 58 104 89 58 43 66 86 72 21 17 72 51 67 87 53 54 0 96 155 96 54 78 195 130 45 74 34 54 40 65 56 72 65 62 78 86 80 41 33 66 26 55 70 35 61 50 58 55 32 30 61 63 29 7 9 30 46 79
50 71 76 54 32 26 22 14 0 20 40 36 33 35 49 55 31 27 39 48 54 41 41 39 64 54 63 40 13 16 35 48 61 70 29 82 83 47 13 26 46 48 32 72 86 72 53 74 65 43 15 51 78 16 17 67 57 60 12 64 77 31 30 70 119 53 31 65 21 45 6 40 39 101 77 100 96 50 87 63 51 94 39 68 65 72 94 89 47 51 30 33 78 84 47 28 50 50 56 33
2 22 38 38 36 34 25 13 6 32 61 32 30 20 42 41 29 20 34 58 46 39 23 4 28 108 149 97 58 13 30 36 31 55 38 87 108 77 48 38 33 41 30 55 44 52 72 89 120 91 45 67 77 47 42 76 78 62 19 40 35 19 32 44 46 37 109 58 7 47 41 55 30 66 8 121 116 66 40 41 69 80 24 54 100 124 110 49 45 65 39 29 73 84 52 41 54 47 53 37
0 10 24 39 48 44 24 5 22 37 51 28 19 8 22 26 22 17 24 43 18 38 31 5 35 108 96 38 13 0 47 96 112 55 100 86 28 41 124 0 48 52 67 99 44 49 106 116 105 79 30 32 25 35 39 64 37 26 19 26 13 17 29 17 30 71 170 48 47 122 142 47 35 41 12 105 133 105 25 31 38 62 62 19 52 87 216 255 70 111 81 33 49 61 44 44 52 63 78 122
18 16 24 47 67 68 53 40 30 28 20 29 16 20 23 40 18 24 26 27 5 59 79 61 66 87 59 91 93 48 41 82 71 59 79 47 43 78 155 58 76 80 65 104 66 26 36 42 65 56 60 84 53 46 50 86 71 41 40 47 75 103 86 42 20 49 84 46 110 214 211 41 1 51 69 87 129 89 51 32 33 29 47 21 48 53 130 159 50 112 97 31 18 30 34 46 72 95 108 133
30 21 25 45 59 57 53 53 46 34 16 36 23 32 31 54 47 58 53 31 16 64 94 83 93 97 61 71 56 43 18 24 47 72 100 126 74 80 101 39 142 137 51 83 107 47 12 34 67 69 105 119 93 94 83 77 73 48 50 36 77 104 78 58 62 62 14 80 87 150 144 53 13 80 55 163 174 125 86 52 27 18 35 57 42 49 51 74 11 66 77 40 24 37 60 81 99 109 102 44
56 52 59 66 53 25 13 19 61 54 44 40 27 24 31 47 65 72 67 37 30 38 53 47 70 103 106 44 11 57 60 21 34 103 95 123 93 54 33 53 112 91 3 42 68 46 67 102 99 76 102 88 81 104 100 64 38 69 105 51 50 39 31 86 134 112 26 85 26 21 32 25 74 110 64 200 193 152 105 76 22 8 30 63 34 46 16 31 39 46 60 64 55 57 82 107 105 94 70 8
50 63 89 104 80 38 23 34 62 65 70 37 27 11 31 38 42 46 51 31 38 15 16 14 38 66 114 47 36 106 133 77 82 72 49 52 32 23 70 74 78 43 9 57 12 18 116 136 74 10 36 34 26 26 49 56 62 86 110 56 80 55 11 62 122 79 2 32 27 13 26 3 60 83 112 80 86 42 63 41 20 0 33 33 20 31 30 48 87 41 36 59 47 29 45 68 74 53 23 33
31 42 75 61 58 30 23 43 61 64 54 42 38 25 10 7 19 26 6 19 42 32 19 25 19 33 74 17 70 118 126 112 96 72 13 29 3 68 107 86 35 100 182 144 30 52 147 134 51 17 4 57 16 0 22 53 68 46 50 36 89 101 61 47 66 58 31 5 28 44 25 33 51 68 52 37 42 27 15 35 42 29 58 69 76 45 102 87 95 60 15 11 10 12 31 46 58 40 52 18
43 30 34 9 18 7 9 29 48 46 38 37 40 25 10 11 35 37 16 16 58 29 9 54 40 15 43 4 27 31 63 112 100 57 27 69 53 60 48 86 43 160 246 223 60 68 150 95 42 54 12 106 73 63 58 44 48 19 26 13 59 79 55 44 68 74 51 28 43 30 24 92 96 52 16 49 89 58 27 53 64 50 81 99 137 60 135 96 69 66 57 27 24 30 38 33 55 58 78 37
17 7 22 18 46 36 14 8 38 32 25 33 46 39 28 32 58 82 76 16 39 4 7 102 100 34 39 27 48 22 30 72 86 35 20 61 57 42 12 95 73 130 159 167 19 60 140 41 50 79 6 90 102 116 115 75 36 54 110 68 27 5 11 39 55 74 52 31 59 45 26 91 155 93 31 42 76 48 17 40 78 67 61 74 98 20 103 66 33 68 112 52 46 52 41 15 17 48 90 72
49 41 56 52 84 74 43 24 28 25 13 13 32 41 39 39 46 87 116 18 20 10 36 120 148 74 46 21 47 54 59 66 62 46 50 77 64 51 20 54 98 124 51 45 42 72 71 44 60 71 8 33 89 99 121 97 49 19 51 38 47 58 53 45 22 49 40 18 58 86 55 46 89 92 51 16 25 26 18 32 78 81 39 39 27 21 80 63 61 81 118 16 10 42 66 69 51 81 120 131
23 29 56 54 85 79 54 38 37 39 16 0 7 28 32 29 17 32 83 19 25 33 58 95 81 53 49 29 35 49 61 50 42 49 52 75 62 89 119 102 108 74 76 68 41 62 60 17 43 50 31 31 71 64 59 71 44 35 86 69 53 45 42 45 32 61 80 41 32 81 82 43 21 59 56 35 38 36 32 50 58 57 19 0 0 57 80 63 14 34 90 21 33 65 98 116 86 82 88 117
0 20 55 44 63 59 47 42 75 76 49 17 16 30 36 38 33 15 51 23 16 11 38 67 25 17 43 61 54 43 36 15 20 24 19 38 36 94 178 166 52 39 83 57 21 37 39 22 21 40 43 64 57 49 13 56 35 24 66 56 63 64 60 69 106 124 152 86 2 23 60 52 29 32 27 45 63 39 35 80 119 82 46 1 38 86 91 68 70 62 78 23 24 42 78 108 83 47 10 41
63 77 90 46 41 37 42 53 84 81 62 42 34 31 39 57 59 53 53 41 34 16 27 56 61 23 27 63 63 55 51 32 24 42 53 40 30 60 98 93 39 0 55 76 0 17 58 31 25 45 42 66 50 32 22 62 54 22 24 0 22 42 54 86 133 134 140 75 5 16 35 29 11 13 2 13 35 29 47 105 136 90 42 34 48 41 31 29 31 32 46 49 65 76 99 116 112 67 0 14
34 65 98 62 53 39 34 40 52 45 37 37 30 13 23 57 51 76 55 61 92 82 54 47 58 24 31 77 79 74 72 48 61 92 100 36 20 40 35 47 21 27 41 104 40 8 9 35 42 53 48 50 58 8 42 53 38 19 28 11 47 53 40 62 86 76 57 20 31 70 47 3 0 53 53 16 14 32 61 102 104 88 37 107 70 20 0 16 53 46 32 46 62 79 107 120 115 81 10 17
21 22 41 50 39 40 39 21 43 36 25 60 40 17 22 50 45 64 50 64 165 196 98 26 26 18 44 81 83 62 52 51 56 75 39 59 41 41 25 43 40 32 32 53 56 66 88 74 53 39 13 51 48 24 11 29 36 22 59 57 51 35 31 18 40 39 21 20 61 85 49 0 51 88 46 24 39 51 87 103 114 68 79 202 117 24 15 42 72 61 29 16 19 66 98 118 100 64 47 62
48 42 36 29 26 35 43 41 18 36 34 56 34 29 47 72 54 47 41 66 133 137 74 55 25 12 28 56 53 34 29 31 14 8 1 84 85 64 29 40 39 34 22 31 62 113 129 75 40 48 38 77 78 58 34 33 10 22 75 58 29 16 35 45 14 46 56 44 44 48 44 38 82 98 45 30 48 50 67 67 66 97 113 123 48 37 41 26 29 15 22 55 42 59 94 136 106 80 80 100
35 40 27 19 33 36 29 33 6 31 21 27 10 22 36 40 48 30 28 36 49 38 15 33 37 18 23 41 34 20 22 30 58 29 20 102 84 57 27 27 17 20 20 43 79 116 100 19 50 83 84 115 118 111 79 55 19 25 66 46 35 42 60 54 45 44 27 19 31 37 27 19 48 61 36 68 106 86 58 23 20 47 78 67 43 50 60 77 54 31 50 91 45 41 59 81 49 34 53 76
4 27 18 18 49 44 17 22 41 45 13 17 16 36 31 10 46 47 57 39 28 45 57 73 52 31 30 41 33 25 34 46 40 31 33 91 63 87 104 104 23 23 49 101 115 94 57 0 23 71 70 83 85 95 64 25 39 28 51 34 51 79 83 50 21 31 33 39 59 86 125 164 169 121 35 33 55 38 27 3 42 6 41 64 88 46 26 92 73 51 60 88 36 66 74 48 58 44 73 94
