147 125 73 33 48 90 86 177 16 187 243 126 58 44 39 87 88 66 41 53 33 48 48 59 12 9 39 59 53 39 32 38 49 38 71 132 32 48 28 11 36 56 29 16 30 64 38 19 31 32 42 35 0 27 35 28 79 172 231 225 26 44 40 19 19 48 65 79 81 70 109 68 62 83 77 99 94 71 67 49 61 74 100 249 255 255 175 106 100 62 35 14 84 73 71 59 60 124 72 82
129 145 108 64 69 36 32 195 92 126 206 110 81 77 66 75 79 61 48 15 56 82 89 38 33 28 24 0 60 0 0 36 62 78 97 103 19 86 79 45 44 51 39 59 32 41 56 27 37 45 42 14 12 23 39 52 95 150 180 165 50 43 44 54 50 31 27 31 43 27 80 50 46 58 22 52 72 146 193 98 64 65 49 124 145 171 98 86 80 52 53 21 45 47 63 20 55 71 31 73
70 116 140 72 29 14 59 172 128 48 91 109 124 148 133 70 51 64 60 46 7 2 10 31 46 48 33 33 45 22 18 35 92 76 74 80 31 83 67 56 115 139 98 91 40 21 43 24 18 40 36 8 30 17 22 39 55 65 68 67 64 48 64 106 94 18 5 40 57 12 60 61 51 41 34 127 126 131 180 96 31 62 41 38 31 56 0 45 69 35 48 13 13 54 92 18 31 17 1 72
79 102 131 70 47 47 42 18 100 73 24 167 84 143 148 115 39 0 0 5 60 34 47 52 41 25 18 76 74 60 41 63 51 31 31 48 27 40 21 46 199 240 146 66 39 37 37 61 18 30 15 13 23 14 13 18 10 23 36 31 28 1 41 115 124 56 31 61 57 23 48 51 37 20 64 190 202 67 45 28 49 106 93 67 29 44 13 62 69 34 47 37 66 130 158 72 51 48 31 70
33 58 70 32 44 41 72 124 90 34 13 27 71 20 87 26 29 68 23 38 0 55 31 52 35 34 63 85 111 21 11 111 14 56 48 24 28 50 51 64 97 132 98 49 51 56 0 12 85 62 13 33 1 19 26 23 37 9 0 15 24 31 35 45 42 38 17 26 22 56 75 71 37 35 64 120 229 104 21 18 45 82 65 69 38 69 91 98 74 55 59 66 105 135 117 44 48 79 44 15
28 9 25 46 71 85 92 74 19 35 61 20 32 0 16 37 65 84 37 4 12 64 55 45 5 0 38 47 63 71 23 45 53 115 70 50 132 183 206 193 114 54 38 23 17 57 36 60 151 115 46 79 18 29 26 13 0 6 22 34 0 12 31 44 41 49 30 31 27 29 15 25 76 76 63 44 193 137 59 55 76 86 66 69 9 14 45 25 25 26 32 45 76 85 69 44 35 89 69 24
42 29 52 50 8 68 108 41 0 36 78 15 56 17 20 45 111 104 21 39 46 117 94 117 73 0 0 26 74 238 123 8 21 84 9 22 166 211 245 218 125 47 19 24 12 38 28 38 126 116 61 100 60 36 14 0 4 18 20 18 1 18 21 18 45 56 53 39 79 48 22 33 85 78 53 38 106 74 51 51 54 58 72 86 39 40 54 50 63 59 56 48 33 29 29 27 28 52 56 40
60 83 71 44 5 56 71 26 26 113 116 58 51 3 44 84 101 82 27 32 95 156 175 203 139 47 43 0 67 182 81 19 42 141 52 35 154 160 188 141 115 87 27 23 29 33 7 10 57 76 38 79 80 37 15 16 11 26 18 4 25 36 35 34 52 94 91 7 90 91 77 48 69 62 43 59 42 30 58 38 50 27 46 60 48 58 34 41 31 30 48 53 29 40 61 57 79 45 44 44
57 83 79 39 90 65 45 17 37 117 176 166 2 24 61 90 77 14 19 38 80 131 136 188 168 78 80 61 77 86 85 90 66 173 180 83 167 113 78 76 87 91 52 19 32 42 45 64 83 46 20 30 52 54 36 20 31 36 27 15 29 55 50 25 47 99 74 16 76 91 62 36 52 35 37 74 65 67 56 52 46 15 23 49 46 58 65 48 34 24 35 34 54 35 60 90 94 67 44 42
0 10 29 42 98 52 36 25 37 90 131 110 0 33 64 109 77 0 45 63 21 37 61 92 95 67 122 146 120 93 127 175 77 176 193 111 98 68 31 33 55 45 24 26 50 53 50 63 55 38 29 35 42 38 34 34 40 34 25 21 29 39 38 29 31 63 65 50 71 54 31 31 51 78 72 69 60 71 61 69 39 31 48 60 46 54 71 66 57 44 50 63 14 34 68 87 76 66 56 53
15 12 24 41 77 46 78 100 62 44 30 6 17 90 76 93 67 14 50 42 24 41 48 75 56 33 113 167 68 63 124 155 34 144 185 92 35 19 0 22 27 20 28 48 49 38 52 84 62 48 37 31 25 18 21 29 19 13 20 35 37 24 16 18 31 27 31 50 47 43 28 22 80 97 73 62 40 22 16 67 75 53 43 33 30 37 49 42 42 38 28 28 0 27 42 43 50 60 66 63
32 17 10 53 138 158 172 130 59 75 88 33 55 100 56 75 51 29 55 14 30 91 113 129 59 11 97 172 29 95 123 90 1 70 111 30 35 27 21 50 57 34 23 15 0 7 66 124 83 57 28 14 12 13 15 19 11 10 21 35 35 22 17 23 27 37 52 56 12 36 46 29 57 33 8 41 58 63 49 70 85 55 41 41 71 75 87 91 94 97 52 1 53 57 47 44 31 48 60 56
26 24 6 45 120 144 156 101 31 94 130 39 28 55 28 62 31 25 116 81 41 85 126 114 77 37 90 160 46 125 69 41 87 33 24 11 21 13 0 3 33 25 27 25 16 20 40 53 62 38 13 4 9 17 23 26 38 35 28 17 13 20 32 41 13 18 30 41 19 74 88 49 37 66 94 86 19 28 51 53 30 15 18 30 72 56 69 96 140 141 83 10 40 37 31 36 72 81 82 75
72 81 37 39 46 30 75 86 41 95 120 41 26 51 23 29 17 64 206 204 166 107 60 42 55 113 147 142 32 41 29 151 160 48 1 62 0 5 13 24 49 50 34 7 0 1 17 29 22 18 12 8 7 13 21 28 39 39 26 5 0 14 23 22 31 15 12 23 34 87 106 79 42 38 57 61 11 47 81 65 66 44 29 24 77 51 57 86 139 143 124 93 28 39 50 52 63 58 49 40
100 100 35 52 71 39 57 62 53 126 180 142 82 68 37 27 38 116 247 253 255 152 35 21 91 120 96 85 110 97 117 180 228 182 81 87 0 0 2 21 30 50 42 18 9 0 0 12 10 13 14 10 6 8 13 18 21 23 17 7 9 19 18 9 1 7 11 1 17 35 48 39 24 24 38 49 13 41 73 80 74 63 39 11 76 56 57 74 82 79 87 91 34 45 60 59 55 44 34 32
66 85 16 32 58 29 38 39 35 93 142 135 68 62 64 66 77 121 241 224 213 145 76 45 42 67 71 73 139 93 143 79 163 215 75 2 10 16 18 32 26 31 7 0 19 19 9 22 18 14 7 4 7 13 15 14 26 20 12 12 23 35 39 37 28 25 22 40 142 173 124 44 11 55 65 57 46 82 66 29 38 70 71 26 70 36 29 40 53 29 18 9 45 44 60 66 53 42 38 45
51 61 24 36 35 19 71 74 67 37 50 45 47 49 48 101 110 133 193 130 66 58 56 33 12 43 89 144 154 0 40 103 132 103 4 15 25 10 7 17 22 12 0 8 30 32 20 16 12 16 16 10 8 11 15 16 22 9 9 17 24 36 41 32 31 30 27 50 129 199 152 44 40 123 121 58 62 71 42 11 19 63 52 26 81 26 21 46 70 69 37 60 48 28 19 45 34 34 27 24
62 64 41 76 82 71 79 70 76 72 47 36 104 112 77 91 100 109 134 64 20 6 10 29 34 58 80 134 141 67 132 196 151 31 13 74 2 7 14 20 17 13 5 10 25 24 16 18 6 12 14 9 6 9 14 16 13 9 15 20 16 17 18 10 0 14 20 14 26 59 54 12 36 126 127 51 35 50 37 17 21 48 48 40 70 58 15 23 41 63 65 85 50 27 28 44 52 39 35 41
74 59 39 77 82 85 43 22 64 115 80 66 169 162 128 134 87 71 96 66 52 31 26 57 40 50 53 99 90 97 130 164 68 0 39 8 8 5 5 8 15 17 12 13 19 13 7 14 6 15 20 16 13 16 22 26 11 12 21 20 7 3 6 3 5 14 25 26 29 54 76 76 45 64 48 27 24 25 25 47 49 54 59 58 46 73 29 34 41 54 45 57 48 56 67 65 68 37 37 56
9 33 55 80 53 76 47 67 131 202 143 85 157 165 177 167 122 78 137 101 35 60 107 82 77 50 32 51 32 74 77 74 12 26 80 0 46 45 24 30 8 11 9 11 18 13 8 17 19 28 31 24 15 14 18 21 18 17 22 18 4 4 14 16 19 16 22 32 46 70 81 71 53 29 17 50 46 18 0 23 48 52 72 89 58 79 86 92 56 102 84 55 42 41 60 86 59 16 20 48
4 22 41 56 40 88 63 85 208 219 148 117 164 175 178 105 22 93 122 43 42 50 51 90 77 51 75 108 107 122 78 25 1 7 36 41 3 26 11 10 1 3 1 8 22 20 15 21 28 34 32 20 8 4 4 5 20 15 19 19 10 13 22 21 12 19 29 30 36 55 56 34 90 61 29 34 11 26 45 77 46 55 76 102 81 48 93 73 11 63 27 15 78 73 43 45 75 31 35 63
73 56 42 40 30 69 57 80 105 85 105 181 148 103 163 195 33 4 76 88 58 41 56 74 70 28 31 43 59 87 84 49 19 8 33 67 11 20 35 16 13 11 5 10 23 19 9 10 19 23 22 15 11 13 16 17 14 11 18 22 16 17 19 12 17 26 36 37 48 74 72 42 65 40 32 72 48 62 60 68 99 100 96 104 117 57 112 70 44 114 93 66 104 63 34 58 80 50 50 69
75 81 101 105 65 42 61 121 162 60 48 157 109 62 94 131 68 0 27 45 28 1 18 56 65 49 36 39 40 67 80 58 18 22 43 28 29 19 36 21 16 16 10 14 23 17 7 9 15 17 16 14 19 29 36 37 14 12 21 24 17 17 20 15 31 31 35 38 48 66 58 26 72 34 22 67 34 52 48 48 64 73 60 43 88 56 96 59 51 74 54 41 84 64 70 92 98 86 81 88
66 66 109 161 142 65 42 69 86 65 84 154 87 92 96 79 23 38 79 32 16 29 47 64 71 80 49 42 17 45 61 49 34 21 26 35 8 19 6 16 0 4 5 14 26 25 21 28 26 24 19 16 20 30 34 33 21 18 24 23 14 17 28 29 32 40 56 61 55 58 57 43 18 34 44 58 5 55 68 51 49 79 77 34 77 60 62 31 14 20 25 18 29 19 79 117 58 58 51 48
66 39 70 103 45 36 36 44 31 35 107 155 46 132 176 64 0 63 96 76 62 75 90 93 79 57 32 19 53 40 32 34 32 25 18 16 15 14 12 12 1 0 4 14 17 26 32 26 18 15 18 26 30 26 20 18 22 26 25 10 3 22 38 32 21 21 33 62 51 47 65 59 16 28 50 80 27 78 115 41 25 56 73 76 14 55 68 47 32 22 71 88 111 73 96 106 71 76 69 43
47 18 46 65 0 1 45 40 30 65 94 59 80 97 104 67 31 54 79 74 56 67 86 84 63 65 57 48 77 45 18 16 28 19 11 11 17 24 27 27 18 10 14 18 17 22 27 20 18 16 17 22 23 17 13 12 32 31 20 7 10 21 25 22 10 19 27 40 33 41 65 52 27 10 58 53 94 104 105 27 5 50 67 88 29 120 89 80 57 38 85 130 229 126 86 91 86 99 81 51
13 59 78 86 75 36 38 24 21 87 89 37 72 68 8 21 73 63 65 53 28 35 54 48 59 70 59 42 73 42 17 22 25 17 10 10 17 24 24 21 15 7 8 11 8 15 21 17 11 11 15 20 20 17 17 21 18 26 22 30 52 49 30 28 36 38 31 25 19 34 84 97 36 26 91 76 150 117 96 86 105 129 111 89 50 149 79 54 39 21 33 65 166 109 37 0 37 60 50 31
50 91 53 4 6 3 84 115 60 43 86 55 38 94 85 42 49 75 79 53 40 49 48 35 73 77 50 23 62 42 22 29 13 13 12 12 15 18 16 12 7 1 5 10 10 20 32 31 19 20 23 26 25 22 25 31 9 22 21 38 71 61 36 45 71 63 49 33 23 15 66 93 19 55 60 59 103 51 7 82 151 153 100 35 51 129 93 48 18 8 14 54 62 93 67 22 32 42 59 71
14 49 96 90 35 36 135 106 25 49 73 0 97 99 63 44 78 167 173 111 90 81 41 12 82 79 51 28 71 57 30 18 7 13 14 11 11 18 24 24 21 16 20 24 22 30 41 40 32 31 30 30 24 17 18 23 23 25 8 9 32 24 15 38 57 62 57 39 46 23 35 22 58 10 65 135 63 101 172 121 93 118 49 3 28 82 92 57 28 7 23 75 26 13 14 37 46 15 40 77
78 64 51 30 1 28 103 83 39 69 118 62 91 79 53 15 28 132 146 79 64 77 62 46 70 60 41 23 62 63 48 25 24 27 21 9 8 19 29 31 29 24 27 26 17 18 23 20 16 14 14 16 14 10 10 14 18 18 3 0 7 0 0 14 21 41 44 27 74 80 90 51 30 20 54 69 38 63 139 74 75 133 68 64 27 46 55 48 34 11 17 43 82 54 56 81 62 11 14 43
104 94 41 26 48 55 27 17 26 69 72 49 35 35 28 47 55 107 119 70 39 67 98 97 50 38 32 14 36 49 57 33 32 30 20 9 11 22 25 19 16 12 18 18 6 4 6 1 0 0 2 10 16 18 19 23 13 14 15 17 19 15 10 9 15 28 31 20 84 103 160 172 48 24 69 59 37 35 97 68 74 118 94 108 57 46 46 63 85 67 39 2 65 97 96 49 31 22 7 0
93 81 64 71 66 68 21 7 34 34 38 21 52 18 36 34 45 50 81 71 30 61 118 119 40 33 45 26 26 32 46 17 15 14 10 8 19 31 24 7 2 2 12 17 9 8 12 7 12 9 12 23 31 33 33 34 33 26 26 26 25 31 34 25 29 25 32 30 74 65 158 237 126 54 80 80 47 18 30 52 56 57 78 81 70 41 47 72 87 76 53 8 0 83 108 29 6 58 42 2
46 57 64 101 61 37 23 16 63 83 53 65 60 16 33 39 15 23 32 5 54 58 94 110 36 30 75 41 25 32 20 9 0 21 14 16 37 36 36 25 17 10 17 30 34 39 39 30 29 24 45 48 23 27 44 33 35 29 31 28 18 23 35 35 41 7 35 59 11 24 118 163 88 55 107 75 21 23 13 31 30 17 16 37 24 42 35 54 50 33 40 22 19 23 70 85 50 12 28 78
21 35 45 54 55 13 33 62 75 63 60 46 49 17 34 40 30 52 53 33 58 62 59 52 26 65 66 32 38 60 32 26 0 12 30 44 31 22 32 12 13 10 18 22 15 15 20 17 16 16 31 35 24 30 42 35 13 11 22 21 8 21 37 29 6 6 19 25 23 35 82 53 17 65 93 22 47 37 15 36 50 0 42 21 23 39 44 32 23 25 22 41 12 68 77 62 32 34 53 61
16 18 24 11 59 11 54 95 74 40 67 39 44 31 53 54 44 118 119 68 61 91 70 31 43 51 28 53 67 76 47 22 10 7 27 47 9 5 34 20 7 6 13 11 0 4 17 21 11 14 16 13 14 23 30 31 22 14 27 24 1 10 22 1 0 15 39 64 71 39 78 111 114 89 29 20 33 80 34 44 62 38 93 23 74 60 45 59 55 44 51 55 66 75 70 36 45 58 67 53
26 40 66 39 55 14 84 126 63 55 86 78 60 44 56 39 46 85 79 50 78 103 77 33 61 31 25 67 62 74 103 35 18 9 12 40 13 14 36 34 23 19 22 20 13 21 33 31 37 45 37 25 28 36 40 47 33 10 25 41 27 33 43 24 0 18 60 97 91 65 113 255 244 92 8 57 48 80 21 57 51 36 65 23 72 56 32 37 72 95 70 45 105 42 23 94 123 107 95 93
52 18 17 19 34 39 78 48 40 83 86 109 71 55 63 45 36 39 71 75 79 7 17 65 55 62 62 33 36 69 149 58 13 19 3 41 42 38 26 31 45 40 43 44 41 45 40 22 18 33 33 23 25 29 28 30 36 0 5 34 34 29 31 22 31 45 67 57 45 82 66 186 204 46 21 5 33 37 65 187 102 50 52 85 63 84 94 42 10 21 76 146 85 50 38 59 81 58 35 32
41 38 66 75 27 29 82 72 77 139 82 79 39 32 46 61 53 19 31 51 110 58 53 65 54 80 56 0 52 56 102 37 22 36 6 38 39 38 19 33 38 38 46 50 47 48 36 11 16 32 46 47 49 54 48 34 43 8 0 20 29 18 10 10 40 39 48 20 22 77 4 35 44 0 70 77 44 70 100 162 81 79 56 88 51 73 99 79 46 70 42 41 78 79 56 83 84 94 77 48
29 20 48 83 65 44 63 50 123 180 98 39 18 7 0 47 120 136 111 40 46 47 46 25 49 64 41 3 54 42 66 41 38 54 35 59 22 29 33 49 37 40 45 36 24 28 33 22 14 16 31 38 38 51 46 14 41 31 14 20 42 43 36 44 57 52 76 80 130 178 142 107 67 63 80 126 28 79 82 71 25 90 75 41 70 71 80 107 101 96 59 9 85 104 93 55 73 108 99 58
14 0 25 81 108 57 41 25 72 140 96 26 50 36 0 59 159 203 151 39 4 48 74 72 27 57 66 17 4 39 109 102 41 65 78 106 29 34 53 58 62 63 56 27 0 7 32 40 37 20 25 29 27 49 48 6 43 53 27 8 29 34 23 31 38 43 63 67 162 219 238 140 98 118 55 93 75 61 55 53 3 43 69 1 82 91 90 73 86 102 77 59 58 110 98 61 50 81 74 44
21 9 41 91 96 51 43 0 44 94 65 18 19 37 61 73 92 100 107 75 66 79 112 114 88 84 74 9 18 46 118 118 56 22 72 91 34 69 64 53 42 33 56 42 39 19 51 53 72 57 50 52 32 77 53 19 55 51 29 15 19 17 35 49 17 31 56 85 134 144 147 103 70 66 66 151 80 46 59 62 43 33 59 47 57 69 66 28 30 56 63 38 81 74 62 70 48 41 47 65
18 10 32 57 55 28 46 17 37 82 50 11 23 37 49 57 26 54 51 30 62 53 56 79 85 119 76 3 70 33 75 117 39 2 54 0 78 88 90 35 0 7 49 50 84 56 49 46 61 81 67 67 64 87 67 49 55 58 22 13 24 37 64 62 58 32 39 111 133 142 103 101 99 31 51 116 69 15 62 67 74 45 91 68 61 72 52 30 22 42 17 0 64 72 61 84 52 48 56 74
28 19 30 35 42 44 77 60 64 92 53 30 56 58 51 54 99 76 38 0 18 0 17 50 84 93 86 32 49 65 92 112 29 5 81 42 90 135 144 90 27 34 48 68 74 83 28 25 17 66 59 46 61 75 63 61 60 35 6 29 26 8 32 61 50 25 50 72 146 147 88 104 98 23 35 42 80 15 49 65 73 21 83 71 71 89 61 44 34 82 62 9 53 94 97 78 39 40 49 64
23 18 32 35 62 78 92 62 63 88 63 55 73 74 107 159 172 97 83 64 59 43 93 109 58 49 102 108 19 68 93 174 63 3 165 180 16 87 183 150 107 61 86 75 19 73 83 51 25 40 56 27 36 46 38 56 64 11 8 46 45 39 30 72 86 58 35 71 127 186 55 95 139 74 139 110 104 63 104 55 67 24 80 77 63 64 55 38 48 79 72 44 64 114 124 71 27 29 37 47
28 28 40 27 53 70 70 39 30 62 61 56 42 46 138 245 203 121 105 82 71 21 59 81 87 78 64 150 131 72 58 191 159 122 250 251 228 170 108 69 16 97 115 42 72 56 36 74 68 0 48 37 42 36 42 98 75 22 36 32 33 88 45 60 114 47 128 79 83 58 35 105 131 149 183 121 110 60 61 57 29 29 69 76 54 39 71 57 106 90 41 68 116 104 72 56 41 43 48 53
83 72 59 7 16 41 61 62 52 64 63 53 18 15 88 151 126 92 72 56 107 33 43 107 98 111 31 115 179 38 55 84 129 83 219 246 247 185 122 117 176 219 159 104 20 75 110 171 101 0 37 45 52 12 34 108 69 25 51 40 11 76 62 115 68 56 196 122 14 27 71 150 157 102 93 78 40 36 71 57 0 10 22 38 56 60 100 69 108 138 59 79 141 87 17 41 67 67 68 70
99 82 64 4 15 43 62 74 73 69 63 49 22 47 99 90 42 36 42 48 128 35 18 78 77 100 59 68 86 8 105 34 110 50 118 218 251 198 63 128 236 255 107 99 16 62 35 90 102 42 61 46 67 13 48 83 57 26 45 76 37 87 133 221 65 86 232 78 123 105 134 141 142 76 0 0 22 18 31 37 15 30 24 6 40 60 70 35 44 107 47 47 75 58 38 64 81 78 73 72
44 38 48 18 48 63 46 33 33 44 53 36 24 109 205 191 81 39 48 52 111 34 45 88 150 103 69 50 70 104 181 88 111 0 33 179 255 198 71 188 255 255 114 111 161 105 30 20 50 86 86 48 106 80 139 124 81 63 40 80 55 113 175 214 52 140 234 70 199 119 64 116 168 113 47 71 65 34 40 8 21 57 68 5 14 36 37 33 70 60 6 19 0 20 76 91 84 78 69 64
23 0 16 11 89 76 53 31 9 39 47 26 18 112 211 206 117 80 74 49 52 35 108 136 229 100 105 27 55 139 168 153 134 173 106 255 255 153 146 248 247 255 212 171 222 255 238 165 143 176 154 150 90 62 220 251 199 140 55 52 24 165 180 167 111 236 249 223 255 115 52 50 84 88 33 70 71 62 44 54 36 61 79 46 52 52 24 66 88 41 25 59 37 43 65 91 70 54 47 55
46 45 60 44 94 97 77 57 52 48 33 16 11 28 81 87 82 83 74 0 66 29 99 58 138 33 85 69 69 134 132 184 231 252 186 245 239 182 220 255 247 249 237 199 114 163 235 220 184 223 128 52 75 87 255 255 240 179 61 117 4 219 215 206 210 255 251 245 254 129 107 53 3 23 2 24 26 50 101 97 24 33 66 52 72 70 6 64 81 21 36 103 151 95 45 45 86 85 81 75
88 111 116 76 70 78 60 50 50 43 26 20 59 31 41 48 54 42 67 28 64 71 9 42 22 5 51 47 77 178 135 214 215 255 154 127 246 255 255 215 255 239 255 253 170 177 254 240 255 247 143 135 135 102 246 239 186 148 83 128 69 240 255 255 212 245 230 255 232 61 86 68 2 66 51 63 21 48 134 150 103 36 43 67 41 59 0 59 82 18 39 73 156 85 24 29 79 93 97 85
50 92 117 102 67 68 35 27 18 45 39 38 133 118 112 106 45 31 71 94 57 84 0 87 0 0 17 0 4 103 86 126 194 212 255 255 231 245 225 45 180 191 241 236 255 204 252 255 195 121 83 223 140 106 255 244 178 115 9 58 120 255 236 242 103 246 225 226 255 12 57 58 4 137 79 19 109 52 86 151 121 66 62 83 2 76 65 82 101 65 81 48 76 37 12 25 46 63 76 77
44 36 26 30 26 75 86 112 18 54 44 37 141 136 132 125 39 64 88 81 59 33 68 81 35 9 33 65 35 52 108 133 154 242 250 209 208 246 248 248 243 255 252 233 255 228 235 248 237 144 91 171 47 49 201 117 115 38 59 75 254 254 255 214 255 226 255 230 85 156 45 0 19 138 39 11 54 118 84 39 79 131 142 110 82 146 170 104 37 30 59 49 29 30 21 17 21 27 43 64
44 7 0 32 54 101 99 109 27 45 27 23 90 74 78 90 34 47 86 53 53 22 65 36 36 37 9 37 55 0 9 41 72 147 159 103 87 219 255 255 203 249 226 243 216 255 253 251 255 238 232 255 216 175 219 53 62 21 85 157 207 232 255 255 198 112 212 255 187 68 54 90 83 70 3 77 40 105 77 41 61 121 116 94 183 167 172 98 60 33 31 80 67 91 87 75 70 67 78 101
85 40 29 42 49 81 89 100 33 48 41 45 62 42 50 63 38 30 60 47 47 55 16 26 40 66 15 20 76 38 39 61 52 70 130 97 30 147 178 152 129 254 255 255 147 230 245 255 255 249 242 242 255 225 255 154 168 124 199 237 255 251 255 222 163 92 162 150 168 75 100 53 38 111 98 0 66 90 91 57 48 46 24 65 128 106 102 85 133 92 24 70 69 73 70 62 60 58 59 64
67 49 66 65 49 64 84 102 47 80 88 91 74 57 60 56 44 71 40 30 54 60 44 44 88 45 41 51 16 31 90 80 50 13 37 62 65 56 0 61 107 247 228 193 118 228 250 255 249 248 235 235 227 217 255 238 255 244 255 251 247 235 217 219 165 144 188 90 144 22 93 74 118 121 112 87 29 60 44 43 69 63 50 105 5 49 55 67 142 132 43 68 77 53 46 39 35 38 32 18
50 90 119 86 103 77 97 76 61 67 106 114 95 90 72 49 73 75 62 47 55 86 104 65 61 51 39 41 11 58 95 95 46 0 12 82 12 40 46 97 84 93 86 87 80 133 190 236 239 255 234 252 255 239 255 248 254 251 255 239 221 249 252 255 136 116 164 56 110 80 109 61 177 142 106 80 98 64 61 89 118 83 45 47 73 100 75 0 64 113 44 93 89 58 43 39 58 57 44 26
54 93 120 95 92 56 92 74 71 61 124 128 107 118 98 97 104 112 90 115 30 46 107 105 34 54 74 108 130 142 91 77 82 85 59 82 64 58 35 136 62 48 3 54 31 48 61 162 255 240 237 255 250 255 254 237 255 220 255 249 62 199 243 245 177 235 248 161 79 152 120 19 123 181 73 25 81 97 91 142 180 112 35 31 59 95 92 7 14 81 20 62 63 47 22 48 79 75 55 30
49 57 65 66 62 23 67 40 87 53 125 124 94 107 78 83 136 117 86 121 4 12 126 146 30 69 151 128 72 113 85 39 57 69 28 50 103 78 6 67 33 60 30 65 47 55 48 136 206 194 202 226 241 252 236 255 233 255 245 248 252 246 239 255 199 200 154 49 148 33 30 144 165 89 2 70 29 16 53 88 146 130 103 106 69 54 84 38 27 65 31 60 44 44 11 25 41 43 38 24
124 103 92 107 84 29 78 63 64 24 71 75 48 65 64 68 99 65 57 73 33 53 164 172 39 60 165 107 27 97 82 18 50 38 17 24 54 56 59 101 88 72 35 28 64 72 38 15 52 69 60 98 231 231 210 255 255 241 255 235 255 251 170 238 255 250 188 165 131 26 25 189 119 157 54 46 84 93 37 53 76 64 67 116 86 49 79 44 33 44 75 93 61 64 60 59 36 36 33 28
97 81 84 104 62 8 69 90 49 38 49 51 19 27 64 61 22 27 40 23 22 54 79 76 58 58 115 38 0 48 40 64 77 52 32 26 43 72 123 147 116 53 34 53 78 77 68 37 23 60 28 0 72 33 129 241 210 217 240 247 240 223 250 249 242 146 146 121 110 64 101 62 50 83 143 135 63 4 16 107 112 62 40 89 77 47 78 66 34 57 105 83 63 21 17 38 75 56 34 22
23 16 30 48 32 16 49 65 46 79 83 82 55 46 70 40 28 80 77 43 13 59 18 33 38 61 153 92 54 92 71 58 67 74 41 33 68 83 94 98 97 75 84 114 58 60 65 64 40 38 39 35 80 24 106 120 70 109 248 249 255 226 204 255 192 127 71 90 48 35 54 84 34 46 117 80 60 25 23 76 93 56 41 56 32 2 20 38 4 36 47 32 82 31 2 45 63 43 26 24
4 9 25 24 45 74 50 22 51 89 89 81 97 111 86 27 17 66 48 34 20 64 39 56 41 40 105 38 28 120 125 52 72 111 67 32 27 34 57 83 63 68 70 81 66 105 107 83 76 60 76 74 64 25 72 71 12 79 147 194 145 91 95 194 147 85 7 52 11 40 42 43 0 16 47 12 47 36 31 60 63 41 39 40 55 55 25 19 55 52 29 48 73 41 13 36 46 35 35 49
9 50 88 74 114 181 136 92 108 106 73 36 87 138 73 0 27 40 23 29 62 71 74 55 41 72 98 6 12 67 78 78 108 115 57 27 4 29 55 46 59 54 42 0 26 42 71 65 42 31 28 26 29 34 43 79 94 112 114 33 166 133 142 245 171 126 48 39 64 47 41 30 22 18 28 24 45 35 48 43 65 57 52 19 40 66 20 10 49 18 19 78 13 12 37 45 60 47 43 51
45 60 92 102 78 161 121 74 86 96 66 74 75 80 46 22 60 41 5 57 70 88 43 44 39 56 139 109 55 72 69 91 111 105 52 47 81 59 26 15 18 36 42 51 10 23 34 55 51 43 24 26 60 33 37 35 82 141 100 21 69 55 85 54 49 12 57 47 85 81 16 28 45 53 28 19 25 31 45 47 57 74 51 15 29 89 100 68 96 55 38 98 17 36 45 83 66 64 25 16
67 51 68 73 34 99 92 32 59 128 154 142 107 85 73 79 81 44 11 27 41 25 35 89 84 45 95 74 105 74 36 45 82 45 6 61 64 61 29 11 12 44 76 64 94 67 71 78 80 49 25 25 43 56 31 23 56 82 106 67 18 17 93 41 67 54 124 99 86 72 37 12 44 74 53 48 13 12 16 27 35 56 52 28 42 100 145 155 144 92 71 70 48 61 83 80 93 67 40 18
65 54 54 105 128 101 82 83 116 192 224 165 106 58 49 62 64 43 32 6 24 0 66 163 125 14 24 27 68 52 23 18 42 40 21 39 32 35 60 87 77 33 27 27 106 82 70 42 26 0 0 22 30 81 56 51 50 40 25 64 75 61 95 116 83 57 82 74 28 61 54 2 49 66 39 58 24 28 15 19 31 48 51 24 14 35 79 106 68 68 50 28 59 46 50 72 61 47 48 48
43 27 21 91 137 74 77 89 98 130 132 51 20 7 29 52 31 61 78 36 47 29 103 191 160 52 57 61 0 32 37 11 78 85 58 27 82 29 43 84 84 28 31 65 92 67 53 35 3 2 52 100 81 80 56 27 35 51 0 29 63 26 1 86 34 44 54 97 18 49 45 27 72 56 36 70 55 35 16 7 28 44 61 44 39 30 43 46 0 37 53 43 43 44 14 0 12 52 57 48
115 57 46 57 23 2 63 0 25 45 83 49 40 25 11 0 3 58 87 71 55 33 52 99 79 23 41 66 55 150 140 56 12 35 51 60 117 44 39 69 79 57 33 21 58 61 77 97 58 54 80 120 91 40 63 22 6 29 0 34 31 70 58 69 77 52 23 72 61 58 54 65 42 19 45 93 101 45 41 31 25 34 63 68 97 83 65 30 61 73 69 17 3 73 108 53 30 63 53 22
87 42 43 62 38 20 75 18 76 32 48 39 38 49 35 20 5 39 63 84 59 33 3 8 68 88 98 72 121 175 138 65 57 94 109 109 68 71 78 51 12 65 51 0 72 66 59 59 67 52 46 79 73 32 93 53 42 29 7 31 0 51 56 40 94 37 27 75 163 101 53 24 7 0 37 96 131 77 85 63 22 14 39 53 103 84 55 5 10 33 38 0 42 26 49 70 68 17 22 49
57 37 36 81 86 24 21 26 54 0 33 66 44 59 44 35 37 42 55 81 80 90 60 20 7 88 107 52 37 36 35 64 104 100 63 49 15 82 92 27 0 67 75 0 19 34 66 75 39 55 67 104 94 69 83 29 31 38 34 53 0 24 46 94 100 60 59 64 116 70 52 57 33 12 40 72 90 73 101 83 38 13 34 50 97 62 45 15 24 43 38 23 65 0 0 78 70 4 21 77
55 27 42 89 83 59 74 78 104 60 129 158 63 39 23 38 46 40 44 48 76 135 128 52 12 46 39 50 10 34 30 72 140 112 70 59 50 35 42 38 9 13 39 51 0 58 93 61 40 72 88 104 71 77 60 18 5 15 35 66 28 76 80 82 87 62 41 45 36 47 17 27 39 40 48 46 23 49 123 142 83 46 63 70 97 37 28 20 38 21 42 72 29 41 51 36 56 68 62 48
53 44 43 89 49 61 75 152 146 73 140 222 87 31 21 46 64 53 39 27 37 78 102 94 58 44 42 72 144 107 63 60 101 74 40 87 110 25 0 53 49 19 5 14 86 70 28 29 71 99 87 13 38 67 68 62 71 27 30 32 42 69 78 95 69 29 38 21 48 38 0 8 6 30 45 18 36 73 126 148 74 40 56 68 60 32 3 23 31 13 35 64 21 48 56 21 47 91 72 24
57 50 46 57 61 87 68 190 129 34 47 69 134 76 34 95 110 85 43 50 77 43 21 65 80 64 52 71 110 76 37 37 47 39 20 55 72 22 25 84 111 101 82 42 49 51 30 25 44 71 63 31 42 71 67 87 55 21 63 69 24 36 63 66 34 46 56 9 35 34 0 6 52 38 34 26 21 48 98 94 40 8 29 45 56 34 20 41 21 19 23 52 28 11 10 47 39 47 40 24
53 46 44 48 125 158 77 203 117 14 60 50 113 64 64 125 135 69 55 98 92 36 19 48 64 51 35 55 64 53 34 44 80 61 27 36 45 31 51 83 96 109 118 71 6 11 25 42 32 44 46 75 90 98 46 49 38 29 117 126 24 14 60 53 8 31 84 37 10 25 40 40 68 124 75 14 4 20 55 75 57 19 47 35 28 44 71 46 44 51 45 47 25 20 29 62 67 38 34 40
46 42 37 37 121 124 32 123 84 24 76 84 42 23 60 93 100 55 71 105 82 55 53 45 27 27 25 55 49 49 29 34 56 51 45 57 46 26 39 46 17 24 75 96 25 16 22 43 56 36 20 39 66 86 62 75 57 40 101 108 27 24 65 45 19 65 96 70 94 74 31 29 57 134 90 43 38 53 102 148 91 62 57 23 29 35 64 58 54 33 51 66 43 60 84 71 93 57 30 23
45 52 40 30 62 29 8 68 103 110 64 77 69 56 51 53 30 56 62 56 53 38 23 27 29 42 47 72 56 45 10 0 42 46 49 50 20 19 87 137 132 78 68 69 6 0 0 14 28 13 12 0 19 52 91 127 127 86 74 76 63 79 93 59 8 26 79 49 14 31 75 66 49 28 33 67 53 45 94 109 55 52 21 11 54 29 29 69 57 22 53 105 112 111 135 141 161 145 91 53
81 75 49 44 51 0 25 36 38 91 40 67 112 100 103 84 34 60 91 87 60 55 60 52 56 68 60 58 52 44 23 23 0 15 38 58 34 16 53 82 78 83 112 111 70 52 23 13 7 10 35 8 29 50 81 91 89 77 53 49 52 56 57 33 0 36 48 35 99 138 118 61 51 52 72 68 76 43 40 46 17 13 16 35 40 71 86 42 12 22 25 33 76 79 102 143 162 163 106 57
100 74 39 35 57 1 28 4 25 57 41 64 45 32 55 29 27 36 95 102 41 43 67 32 51 71 61 38 52 46 46 61 64 68 56 55 43 27 37 39 33 86 131 104 83 55 26 25 49 49 58 32 28 52 62 62 53 73 69 63 42 37 62 54 39 48 70 49 57 96 115 43 2 102 121 10 58 37 14 64 80 56 43 68 40 108 122 27 12 42 35 1 39 55 77 99 102 97 66 41
56 34 13 9 55 21 64 59 50 50 16 52 22 52 64 68 38 84 119 100 61 48 39 18 23 63 72 45 70 47 38 50 85 99 77 57 42 27 30 27 28 71 98 66 81 49 12 15 51 69 80 64 22 46 51 69 68 69 57 48 24 42 97 90 36 58 76 49 35 34 62 44 26 115 146 0 37 32 42 118 182 152 45 70 91 98 55 56 26 14 40 44 53 44 60 47 39 19 16 20
39 20 3 25 45 27 75 61 50 53 1 34 75 83 122 105 63 56 84 64 57 55 47 20 44 56 65 50 70 45 22 0 14 40 48 42 37 24 19 32 19 58 65 19 108 65 40 28 46 72 47 56 41 54 50 18 12 43 27 18 55 48 71 77 34 34 39 12 39 3 77 68 45 117 134 47 31 39 37 151 210 140 46 85 48 54 59 25 9 39 29 52 23 28 56 50 46 54 52 40
73 60 70 111 59 17 50 40 32 39 6 42 69 76 121 108 55 44 45 16 6 30 56 75 58 44 37 33 35 83 108 87 42 3 0 19 25 26 30 27 13 49 64 41 81 47 34 42 59 72 68 70 32 38 35 8 23 54 61 48 67 24 5 22 61 82 78 21 89 15 40 67 25 32 64 34 63 43 35 76 109 68 20 33 49 90 81 37 24 60 59 29 31 47 74 92 99 91 77 54
79 65 98 175 105 60 61 34 21 20 2 41 58 74 132 122 73 77 78 48 31 34 49 85 85 47 38 53 29 114 178 173 76 16 19 49 25 13 42 57 33 30 28 27 35 26 23 24 57 55 65 55 23 48 55 50 57 100 113 75 66 6 0 35 51 109 124 61 84 40 12 28 56 37 45 45 46 32 44 52 30 32 50 37 75 93 78 58 45 57 69 32 57 59 67 86 81 71 73 60
15 19 71 157 137 108 95 60 57 40 18 38 28 31 80 66 24 33 55 32 52 46 69 110 88 38 36 74 75 120 137 104 42 21 46 66 30 13 55 98 65 34 28 21 19 28 44 26 41 39 38 13 28 74 72 83 95 109 54 8 51 40 32 36 9 30 82 103 41 64 36 61 100 131 100 96 21 27 54 87 31 36 59 42 78 40 47 58 59 3 32 67 44 25 39 0 43 34 58 56
6 38 80 109 124 92 72 42 13 13 23 46 23 15 57 53 2 7 51 28 79 56 75 93 41 66 103 99 92 71 58 28 51 67 72 62 49 44 62 91 35 23 46 24 20 28 61 34 45 61 49 25 91 122 76 76 8 77 54 40 96 84 58 0 74 2 46 128 58 50 24 91 98 158 122 125 64 38 40 83 104 88 58 37 61 8 41 38 73 103 33 71 104 44 11 22 52 33 63 54
71 94 102 86 127 114 86 48 6 30 63 82 45 13 34 40 18 17 62 40 84 62 72 71 36 108 136 72 60 40 38 25 36 71 55 10 7 25 29 29 3 6 34 15 30 35 56 24 29 54 51 58 143 138 70 52 35 101 84 33 46 58 98 86 68 20 56 106 147 106 64 124 81 95 70 84 112 37 13 40 67 78 57 55 61 61 121 93 112 123 64 103 67 51 93 59 98 72 114 108
31 32 27 20 60 99 87 51 6 25 49 72 64 46 60 76 17 12 32 16 27 52 80 93 78 87 56 24 56 77 48 6 18 54 51 7 10 69 91 60 55 57 43 26 37 48 52 50 21 14 14 48 106 72 44 32 100 78 69 17 30 58 74 89 50 90 106 76 160 119 53 66 57 39 23 33 88 29 18 47 87 96 91 81 28 68 105 55 56 67 30 49 32 24 76 57 89 50 92 88
43 39 38 35 21 79 89 71 46 33 17 30 47 45 51 66 80 86 92 78 30 52 46 49 73 60 39 67 84 97 53 23 34 47 51 23 36 122 148 78 116 123 72 41 13 24 37 94 75 22 6 41 55 5 32 37 115 45 79 38 38 52 28 71 26 100 96 50 102 81 24 39 19 23 19 26 39 34 47 95 129 90 79 76 11 96 111 59 31 30 22 40 71 40 62 68 118 55 74 52
36 89 94 41 76 43 67 125 110 42 35 65 108 62 26 38 95 111 99 76 0 2 61 137 164 80 22 65 80 85 59 18 12 54 72 58 1 112 99 49 93 78 57 29 40 7 34 92 96 36 18 33 82 54 78 36 82 23 109 156 3 63 47 79 0 68 75 84 31 13 46 61 74 35 9 33 32 53 124 138 109 68 23 8 56 145 110 68 35 24 51 78 41 32 69 62 99 58 97 108
12 66 89 39 88 22 45 115 111 52 57 110 182 124 39 13 89 105 49 27 21 15 74 175 160 37 5 30 38 78 64 18 10 56 80 47 32 71 44 10 21 56 77 58 56 15 18 49 67 33 37 59 95 75 94 88 80 51 91 140 44 44 35 67 36 73 56 34 19 32 106 125 145 63 26 7 29 89 143 132 99 35 33 39 27 102 73 27 12 15 63 76 5 7 73 61 63 43 112 153
47 72 104 124 56 26 32 71 52 10 33 90 112 43 0 15 126 158 99 71 98 73 91 98 16 0 78 59 22 92 98 34 14 43 66 37 90 73 48 38 19 61 77 50 49 38 49 67 57 32 27 34 59 70 81 112 64 79 55 81 46 15 16 31 89 67 43 26 27 28 103 109 138 59 61 33 33 83 117 109 76 45 47 51 40 91 35 49 51 50 108 126 49 49 106 73 83 65 125 158
31 52 91 137 47 47 53 73 55 0 0 28 25 51 47 71 189 169 96 44 43 34 128 121 41 49 99 50 39 138 166 103 53 56 64 36 77 38 49 82 37 46 33 11 23 38 51 62 35 28 19 20 43 75 40 51 34 89 55 69 56 44 27 2 94 0 15 65 33 25 90 62 97 49 71 79 32 43 64 68 22 14 11 8 10 66 7 56 87 71 113 160 117 78 71 24 72 23 24 2
46 87 101 50 70 23 31 59 89 61 42 55 7 103 115 95 181 255 213 48 5 38 127 40 1 44 67 61 61 89 120 129 228 119 25 21 59 55 38 21 38 30 24 38 50 50 42 48 108 90 34 0 14 88 70 76 105 113 57 50 18 70 78 75 85 80 17 37 74 29 0 39 117 91 66 91 33 50 70 57 46 17 32 29 8 81 56 61 82 37 18 61 74 57 88 128 49 33 69 76
33 65 63 0 34 22 44 59 40 50 86 109 30 55 57 65 110 158 113 42 63 27 65 64 61 82 20 10 29 58 91 153 255 159 45 48 17 34 35 37 60 43 46 87 90 83 82 109 162 152 94 50 56 124 113 92 107 84 68 89 31 60 50 51 49 50 40 63 53 62 45 43 65 82 46 51 12 50 70 32 50 52 50 30 35 77 49 39 70 57 42 73 77 30 44 104 62 35 39 13
40 46 43 17 0 19 37 21 16 6 40 69 91 59 35 53 40 56 42 46 104 59 43 45 45 101 69 46 1 10 21 133 180 111 5 39 19 60 52 52 66 36 31 79 76 76 90 134 189 157 83 47 59 120 140 108 86 61 58 77 27 25 34 37 25 44 72 69 45 57 56 35 27 75 97 78 74 91 86 41 34 75 57 28 69 63 33 30 53 57 50 68 73 54 68 91 71 57 66 40
18 39 59 26 61 58 78 68 59 58 52 6 114 92 66 61 53 30 49 75 87 45 39 35 11 46 81 139 100 75 7 115 106 84 2 50 46 84 67 70 50 16 12 67 62 55 51 79 136 95 34 37 69 113 129 72 45 55 67 78 57 36 65 51 0 12 63 51 38 38 64 58 19 51 120 91 126 107 65 19 20 40 50 41 58 40 52 19 45 44 40 58 79 106 116 77 40 45 77 71
12 25 52 70 8 68 71 57 64 92 69 41 62 75 59 59 59 86 114 90 19 26 50 88 46 2 50 109 67 71 49 58 31 72 51 93 68 94 90 58 48 6 10 75 41 49 48 57 85 73 53 60 73 89 101 76 40 69 89 88 99 77 93 72 5 5 38 13 67 5 28 53 6 20 62 45 91 47 25 24 31 10 23 43 32 29 50 66 54 18 40 21 62 92 72 73 47 72 92 92
33 26 48 39 12 35 39 20 18 11 79 114 23 51 78 18 49 82 76 56 42 43 21 60 55 22 55 30 20 65 73 29 21 43 46 53 43 52 69 55 32 4 9 66 45 75 61 33 69 78 78 87 84 81 82 56 65 96 119 80 57 40 65 73 50 57 59 40 57 22 26 53 45 28 44 66 78 49 37 80 76 34 18 25 22 33 65 86 51 32 53 22 51 65 39 53 137 117 91 78
28 14 49 37 75 72 80 67 37 24 62 116 55 86 86 41 31 47 36 32 41 57 32 57 25 6 93 58 54 57 110 99 91 65 78 37 47 34 48 38 44 13 0 38 37 116 115 61 64 81 83 77 54 44 57 45 36 76 125 73 37 34 38 55 73 81 51 60 70 94 80 97 104 71 59 95 58 58 48 103 80 52 44 50 41 39 63 88 69 74 94 48 68 62 28 61 169 116 63 44
70 55 79 59 108 66 44 35 68 60 24 51 93 103 63 66 29 10 25 36 11 50 69 76 49 34 155 128 74 0 46 80 91 29 52 26 84 100 107 98 73 29 0 22 32 143 159 95 60 77 73 54 19 10 37 39 0 36 103 62 42 62 32 37 75 71 22 55 92 166 142 131 111 89 71 83 23 51 38 54 48 60 86 95 64 35 51 85 87 111 131 78 98 80 38 85 132 83 38 25
