88 77 54 93 31 68 73 36 11 27 53 84 191 166 143 112 29 56 104 76 32 13 46 33 57 74 76 122 118 138 13 7 44 112 73 134 39 44 125 92 29 23 21 85 120 69 6 53 28 10 111 101 9 23 28 99 123 224 208 255 168 92 120 174 143 168 213 161 186 154 52 9 63 106 69 87 44 87 126 64 68 99 146 117 87 140 71 45 69 50 18 122 241 145 79 82 141 69 197 59
130 119 68 93 37 40 116 78 55 92 54 68 144 92 79 30 14 65 103 57 26 57 45 33 64 55 88 122 107 113 76 78 71 51 55 91 46 42 82 71 72 81 55 198 229 154 42 18 9 21 77 77 21 62 91 103 75 129 211 235 107 115 223 248 255 250 254 229 153 118 30 5 137 138 92 58 10 40 59 96 127 72 78 70 197 188 100 30 80 67 95 189 146 72 71 102 161 90 150 127
96 70 47 52 46 89 124 90 93 146 92 111 65 25 91 111 105 132 142 21 78 92 66 53 84 93 67 93 52 109 140 214 56 40 52 67 36 64 81 44 120 150 89 255 253 171 74 27 14 29 28 46 15 47 82 41 17 24 145 223 9 135 234 255 255 251 212 155 137 111 74 41 193 159 128 99 54 23 124 141 153 54 86 128 229 118 117 128 86 88 138 153 74 56 89 87 126 81 47 101
102 112 66 21 84 57 109 38 55 123 125 122 0 18 62 67 12 79 130 132 146 150 69 21 64 46 9 24 101 69 101 193 94 146 121 129 18 38 59 8 105 125 41 173 157 113 68 30 24 14 0 43 32 42 67 32 72 18 61 59 11 153 247 249 247 255 213 157 23 81 120 76 163 84 115 187 17 55 105 5 17 25 109 127 91 62 210 255 159 93 95 0 92 52 72 12 62 69 10 61
119 138 78 26 0 60 3 91 113 28 26 56 62 76 32 71 105 55 32 74 190 11 5 129 54 138 58 17 29 101 59 50 195 204 151 171 78 92 97 39 40 88 54 100 68 46 55 62 67 32 12 44 25 25 28 17 47 87 62 0 69 131 158 188 231 212 151 65 86 53 70 9 45 47 221 176 164 139 86 89 39 99 171 176 89 51 142 108 87 54 0 115 203 221 55 6 39 65 50 75
170 165 113 33 81 7 63 132 60 121 168 72 106 108 26 41 59 63 102 122 62 66 204 218 212 245 234 131 41 21 58 92 101 83 80 83 66 126 157 115 97 149 131 104 67 36 42 55 31 10 4 16 6 40 48 51 35 16 38 60 23 38 92 103 116 56 39 127 160 135 98 46 100 156 239 56 46 222 255 192 53 72 76 71 74 28 98 82 78 63 51 193 255 246 110 63 96 77 76 68
177 137 103 67 99 40 47 54 87 159 125 80 89 112 60 61 56 76 148 95 104 137 236 120 154 194 183 136 12 55 52 96 116 112 88 63 0 17 63 27 29 57 15 21 65 68 55 38 40 35 19 20 5 32 40 34 33 37 60 78 191 100 63 102 134 81 37 85 192 115 27 10 79 87 152 121 193 252 249 89 50 97 95 42 40 12 64 18 8 52 50 185 185 175 106 119 160 103 83 44
69 87 24 106 105 103 120 41 128 201 107 165 42 80 75 64 37 116 157 41 10 0 43 32 104 70 20 47 119 225 156 149 255 196 65 155 119 112 130 52 41 100 55 66 83 57 47 46 27 28 4 25 11 14 24 11 43 55 68 66 71 75 39 56 123 154 106 90 86 83 71 147 142 136 154 112 35 181 168 47 16 35 63 71 27 8 61 24 41 67 15 104 97 42 42 151 151 104 81 37
109 110 90 132 80 0 117 113 72 195 216 147 33 61 41 24 12 109 194 88 69 110 96 116 142 159 73 141 99 222 189 168 254 173 82 199 160 157 165 47 31 70 49 32 25 29 11 22 17 7 8 26 37 28 10 0 22 56 87 113 0 73 59 24 56 127 136 132 12 151 145 80 78 130 127 36 14 82 119 92 48 21 62 107 56 63 71 46 83 94 51 74 127 82 46 90 65 26 91 74
152 181 131 101 17 11 64 70 64 100 104 108 39 73 42 58 88 93 115 69 64 159 135 84 15 69 10 75 89 97 203 255 202 180 208 196 139 116 125 78 57 98 64 30 25 25 20 7 28 35 38 33 26 23 22 21 1 45 145 243 205 149 63 45 60 60 61 149 148 204 122 55 97 112 146 132 61 72 67 121 38 77 80 101 116 98 83 51 68 59 61 67 89 97 58 90 73 20 53 62
112 115 79 51 67 106 77 74 122 74 58 76 39 71 36 79 107 47 77 53 0 58 152 146 133 132 41 39 86 19 110 183 94 91 103 31 45 60 77 42 50 94 44 17 24 35 55 28 26 38 38 22 15 24 36 39 18 54 141 202 236 111 13 20 69 39 80 157 81 55 52 57 154 8 42 80 26 32 79 247 34 93 42 72 132 152 113 52 59 37 47 30 59 120 47 57 91 59 59 84
50 57 105 81 153 117 108 160 90 29 83 23 54 23 18 28 113 67 73 86 150 62 74 114 197 99 62 96 140 78 73 206 252 255 148 72 111 111 131 55 57 96 34 47 45 52 61 27 27 22 14 10 16 28 35 35 28 0 12 45 161 94 37 53 48 25 62 166 162 177 169 139 218 101 181 228 252 105 0 158 54 231 243 173 74 129 128 87 61 63 70 49 76 133 43 34 86 101 92 121
87 109 155 85 105 22 39 88 67 66 63 63 16 62 0 36 53 38 140 210 213 73 89 114 176 79 85 85 109 127 58 108 192 255 110 22 96 93 140 34 42 67 9 83 79 89 80 58 37 20 12 22 29 25 22 26 45 22 51 75 115 46 33 94 84 107 47 97 173 244 231 236 127 30 182 242 212 120 11 58 242 244 242 255 255 243 105 19 44 47 77 80 47 69 47 17 42 80 75 117
62 107 119 68 66 102 106 74 55 44 72 50 94 68 24 44 10 30 96 150 129 97 129 158 195 50 52 112 130 89 78 144 231 147 23 11 173 113 174 157 111 85 9 73 58 54 36 28 31 20 24 39 35 17 16 32 37 19 42 75 105 93 71 83 49 66 26 97 180 255 251 202 100 61 115 144 123 188 140 183 226 245 253 180 242 255 177 120 94 25 55 91 24 27 95 49 22 54 53 94
31 84 106 74 10 125 107 31 20 44 73 121 195 150 56 61 43 16 81 97 18 91 160 98 81 77 91 76 46 60 100 122 0 114 166 116 179 128 211 198 105 45 0 40 59 55 52 50 27 27 34 41 33 17 17 28 6 19 41 42 42 58 74 111 50 24 42 100 112 183 243 151 89 57 50 87 50 142 151 208 209 236 255 244 251 252 211 191 152 43 59 115 90 52 121 109 71 121 123 104
63 67 105 88 1 126 93 8 37 72 51 109 172 142 34 45 57 17 54 24 16 103 141 42 60 165 167 68 16 122 80 0 37 124 96 80 111 83 177 171 70 7 6 48 104 88 84 67 45 45 43 38 31 22 14 10 18 11 30 44 41 27 68 169 174 111 85 74 85 143 237 148 81 136 117 153 156 96 49 184 137 155 173 189 62 91 118 124 89 22 48 107 136 31 43 92 136 223 228 134
70 75 110 143 76 131 83 50 76 68 52 100 140 93 46 50 92 100 97 42 73 77 54 98 115 112 119 115 133 55 153 180 60 69 160 150 46 49 156 118 23 43 33 34 76 90 66 52 30 5 11 30 23 18 25 23 11 43 43 65 75 32 69 208 213 80 52 56 82 93 163 75 45 159 108 122 200 54 62 128 126 0 49 22 49 65 111 96 104 106 143 157 128 5 38 107 174 255 242 174
67 36 77 80 66 88 101 76 120 80 31 64 87 99 42 80 145 117 138 90 42 64 73 126 61 76 48 101 75 119 164 132 171 164 231 247 14 73 122 86 26 33 28 25 37 48 49 51 18 2 10 26 31 38 39 23 42 46 72 77 77 70 90 183 197 12 61 82 63 57 70 30 89 120 102 69 186 139 105 92 86 4 69 44 43 23 85 67 19 89 86 65 73 40 102 125 156 198 158 110
35 20 59 41 40 65 121 107 97 70 67 68 5 40 22 92 96 65 91 67 43 135 137 114 51 136 109 73 101 54 63 69 203 242 178 23 82 123 86 68 43 14 7 20 28 46 62 58 20 21 28 30 29 38 38 21 13 47 71 57 110 112 75 150 199 80 185 139 103 112 75 78 128 125 155 85 241 251 122 68 96 78 82 52 86 82 133 84 66 145 95 44 40 33 81 67 36 76 62 54
18 53 65 51 14 99 168 180 84 57 59 47 46 88 91 121 83 102 107 106 106 60 30 80 53 72 63 114 126 62 40 43 180 132 160 255 169 151 76 33 63 18 18 42 44 55 69 55 36 30 25 27 35 43 34 15 12 42 51 37 93 80 39 72 165 114 154 39 89 127 112 142 102 52 66 59 255 242 50 73 124 135 80 37 0 5 98 98 99 161 143 97 65 70 72 22 62 113 132 150
55 76 60 51 4 111 170 208 131 89 190 149 45 62 224 201 106 28 46 123 169 137 146 56 32 35 55 161 153 65 40 92 148 118 155 252 245 14 0 102 9 0 16 40 32 32 45 44 30 10 0 20 52 57 36 17 5 0 11 49 62 53 94 62 85 79 107 25 76 19 48 69 0 77 92 23 102 161 65 102 133 183 37 63 143 137 81 125 168 186 192 84 3 59 84 53 40 74 80 94
136 92 83 74 53 96 100 128 124 143 161 86 89 34 110 139 119 131 106 91 168 120 109 40 39 40 28 120 142 79 33 88 111 64 109 211 206 93 155 154 57 59 55 49 44 29 11 4 4 8 13 29 45 37 27 33 40 26 40 84 96 42 74 38 63 35 58 28 62 22 135 126 54 66 68 104 125 159 122 130 232 240 181 207 160 236 255 255 207 145 165 109 93 141 90 15 64 90 88 88
166 95 118 116 115 114 53 60 94 86 94 103 138 96 73 100 93 81 127 134 137 64 72 83 125 110 94 188 46 85 82 107 103 65 76 167 171 94 86 56 38 60 29 5 37 43 19 21 16 38 38 26 23 17 20 41 16 40 46 72 135 62 49 59 109 44 42 32 75 89 129 54 11 35 56 127 125 132 137 125 246 255 255 254 173 222 203 192 145 118 148 83 64 62 42 31 76 85 76 76
107 54 96 107 108 132 45 52 61 10 64 160 143 145 90 114 72 40 155 172 108 70 64 61 92 56 46 82 68 118 162 169 134 88 94 162 197 143 91 45 90 133 80 16 34 33 11 35 59 62 30 2 17 33 31 31 20 16 34 39 95 47 37 56 141 86 76 40 46 62 42 32 33 45 32 88 101 59 74 102 211 167 167 213 255 244 116 116 87 106 109 39 105 156 167 143 107 72 31 38
45 69 48 48 40 106 49 84 80 9 80 182 93 130 68 140 100 62 84 39 42 101 74 65 69 47 47 47 93 173 189 155 98 64 59 108 220 188 174 175 204 148 48 40 31 18 12 48 61 52 32 15 19 32 33 23 7 4 17 12 35 46 54 28 131 108 99 53 4 36 95 107 121 106 47 56 66 52 36 104 106 109 54 94 190 183 136 115 81 66 103 78 85 154 188 198 158 112 35 47
50 73 42 17 37 81 78 129 107 40 91 139 71 96 120 148 76 31 55 47 9 101 99 97 94 100 99 79 91 143 130 70 51 48 41 80 255 178 172 145 166 143 20 21 23 29 2 7 28 37 38 29 26 33 37 34 27 26 27 22 72 91 64 1 105 119 95 66 68 122 186 127 92 98 39 57 69 77 54 122 66 77 22 36 45 47 34 83 37 61 112 101 41 56 52 85 147 114 52 63
103 137 97 14 53 107 126 130 70 38 111 145 109 114 177 116 37 19 44 87 48 132 84 57 54 19 29 47 80 98 74 50 38 54 48 77 234 135 109 102 159 172 60 46 22 38 28 39 26 37 42 36 31 33 33 29 24 36 29 21 98 134 100 30 92 73 46 92 132 136 189 101 14 92 112 62 40 62 80 84 76 63 58 35 100 112 107 97 64 64 134 109 89 63 79 93 110 84 54 85
101 139 146 54 53 103 125 132 8 19 162 243 168 113 153 105 69 111 41 21 51 115 59 116 111 45 74 52 87 92 81 106 123 110 52 67 67 50 105 134 122 129 100 77 25 28 41 61 58 52 41 32 31 32 25 14 36 57 43 16 77 107 93 57 130 21 9 84 86 69 133 49 37 146 186 36 40 12 52 39 50 26 44 3 68 113 158 173 125 88 131 164 59 73 86 86 86 60 59 105
141 102 111 68 29 46 16 42 53 29 128 175 53 32 98 163 93 115 103 68 26 56 66 70 61 66 130 10 32 93 115 139 222 245 215 59 49 131 20 202 177 127 167 127 59 34 59 67 53 45 33 24 23 24 20 14 9 29 21 0 34 44 45 43 36 49 18 31 137 113 36 26 51 123 142 50 137 75 70 79 62 43 24 42 37 113 123 171 124 72 22 18 122 76 67 149 95 82 87 96
85 74 73 57 24 54 18 53 38 17 67 64 27 98 89 73 40 94 52 14 67 66 74 124 115 147 166 31 30 96 99 84 144 244 234 148 102 141 134 115 148 109 193 150 80 24 49 26 6 12 17 14 9 10 18 26 18 26 28 20 53 49 48 46 64 99 127 58 21 35 20 67 67 36 38 32 56 48 43 1 24 103 150 147 94 114 109 129 68 59 103 202 152 73 47 123 191 199 199 150
22 157 151 98 49 46 43 100 51 38 59 6 81 171 128 32 97 82 47 65 111 83 77 68 122 129 48 23 21 59 44 15 86 170 146 72 53 85 123 75 117 131 172 131 93 57 98 48 1 7 13 13 10 11 22 33 30 22 23 14 36 30 28 11 71 79 88 48 32 93 63 99 99 36 76 139 123 134 124 42 45 79 99 76 103 90 95 62 53 18 76 129 106 30 33 33 180 192 203 143
14 195 150 119 127 74 60 106 55 49 100 35 118 99 95 58 118 56 67 154 157 121 125 71 132 146 0 58 46 79 79 53 53 82 62 12 40 137 199 253 255 248 123 27 25 62 160 113 44 35 26 23 25 29 34 37 39 26 28 16 35 47 64 47 70 114 111 52 12 93 79 120 187 77 18 43 109 100 121 160 121 80 28 60 83 53 78 123 121 56 24 33 24 59 74 23 84 85 117 85
87 75 99 127 201 89 60 67 37 43 123 76 39 4 30 41 70 49 121 113 66 80 76 70 149 148 41 90 117 155 173 122 77 59 102 116 167 188 223 247 210 216 84 68 1 54 164 140 59 40 12 50 47 53 57 62 57 42 23 32 54 93 111 70 74 99 134 108 95 138 75 36 97 45 32 65 56 69 80 132 127 71 44 59 59 56 74 75 77 36 31 42 20 132 89 69 36 81 43 97
124 97 122 117 228 139 53 51 22 59 127 68 58 58 74 73 43 109 161 51 0 51 80 95 187 165 61 135 91 103 100 119 152 158 127 62 122 129 174 135 168 102 183 246 27 47 116 118 26 29 6 63 50 21 43 56 56 26 2 17 42 85 132 126 92 84 40 29 131 200 87 45 28 25 54 87 73 79 43 21 24 58 71 58 53 71 101 58 10 14 40 68 42 103 72 65 50 125 63 93
109 90 127 88 196 148 54 88 85 73 70 40 122 166 135 103 85 182 164 65 54 111 76 138 185 190 121 84 58 37 45 90 127 155 80 12 0 85 170 249 247 206 255 232 148 58 140 127 68 20 22 40 21 22 17 47 59 20 0 17 37 77 147 174 117 41 38 40 22 66 92 161 106 34 16 39 28 31 13 6 4 83 109 76 110 152 167 94 65 70 74 59 32 59 47 59 126 115 46 103
47 11 31 35 129 131 52 84 105 70 38 30 106 118 66 78 127 168 115 81 62 133 41 66 130 96 80 30 73 118 147 135 71 46 51 102 52 162 138 240 254 240 247 119 216 120 146 153 130 85 0 26 62 20 38 81 54 37 32 49 36 29 58 64 60 28 74 118 99 82 56 126 109 59 82 110 71 33 16 23 71 38 18 35 149 149 83 58 82 118 123 43 50 116 75 37 169 150 102 147
112 76 62 92 82 83 71 125 186 115 39 18 58 75 63 141 139 41 38 99 54 54 21 84 117 31 50 84 50 102 113 112 169 50 54 85 15 64 18 38 201 231 229 255 253 145 144 75 160 34 44 54 25 22 23 48 75 57 37 31 20 44 104 121 24 51 125 114 69 108 72 38 74 61 75 60 63 106 123 105 80 109 90 0 83 141 70 78 106 25 33 34 68 56 0 52 42 150 132 102
44 57 78 139 54 13 43 110 145 87 44 66 93 100 38 64 86 99 117 54 81 111 100 123 127 68 86 111 102 72 47 104 87 28 15 75 0 102 166 154 249 255 219 197 226 211 103 167 28 112 76 29 65 30 13 41 25 29 32 44 52 92 153 161 80 60 111 101 91 205 155 11 17 35 71 67 101 134 116 70 37 23 27 29 146 205 87 74 134 57 40 18 42 49 11 65 45 148 153 111
143 109 77 103 58 18 53 107 112 78 75 100 59 55 15 53 114 146 142 80 126 110 60 124 120 57 61 95 185 169 160 222 129 98 56 114 12 122 183 163 249 230 220 231 247 240 255 219 0 34 64 0 12 31 14 43 50 33 10 1 0 24 77 82 56 67 44 20 91 168 101 94 131 97 80 46 52 41 68 120 170 153 112 69 80 175 136 82 75 42 31 67 83 66 46 71 59 81 82 63
28 22 40 78 97 43 46 82 82 41 54 89 18 25 34 113 125 71 83 127 80 53 15 105 144 30 44 131 82 112 169 240 116 90 151 177 93 87 94 82 225 255 238 234 233 154 222 208 160 33 48 60 12 0 45 56 55 32 9 8 2 21 64 65 61 73 59 21 29 55 14 66 139 66 31 41 103 77 60 96 136 151 126 87 1 96 136 62 13 42 31 95 113 101 97 62 25 81 59 13
5 46 74 108 79 17 31 83 57 60 67 50 47 44 28 73 63 12 57 105 57 47 0 84 147 117 131 166 187 132 151 82 53 48 134 100 82 45 61 79 232 253 252 217 255 179 78 186 207 156 0 58 0 33 43 64 68 35 15 27 49 71 66 64 68 76 55 30 144 249 161 67 48 46 90 96 69 115 149 94 65 75 77 89 28 45 69 11 26 78 59 52 80 72 91 38 37 68 109 78
39 54 24 25 23 14 79 88 87 115 124 50 29 57 36 45 96 92 113 59 42 94 43 40 99 153 142 105 255 231 244 121 90 30 77 70 72 36 57 84 186 191 255 251 255 255 149 64 159 55 8 68 46 29 49 52 54 39 47 53 38 62 55 32 72 65 58 62 215 225 95 77 49 9 17 49 64 99 127 111 56 67 61 29 16 50 45 42 53 74 103 106 77 55 91 48 77 69 124 86
96 127 104 83 71 45 131 133 65 111 187 101 17 38 50 73 122 192 183 54 88 134 65 65 87 77 102 57 138 151 148 159 121 52 81 146 113 23 57 122 180 146 195 255 171 197 210 23 100 38 105 84 67 76 69 70 65 30 33 42 34 85 75 34 79 91 115 138 188 157 74 150 254 147 86 116 158 159 115 62 37 26 36 28 0 51 40 119 67 72 165 170 85 60 107 70 103 96 133 40
186 148 59 9 95 119 138 89 29 112 176 105 99 66 0 57 114 88 142 145 126 80 51 119 150 47 87 159 164 112 31 99 99 50 16 161 97 0 61 157 232 177 255 251 247 216 90 85 18 116 45 19 48 51 87 114 81 51 44 29 31 88 71 37 72 72 69 106 30 84 108 165 248 220 200 143 64 57 88 85 67 30 61 132 51 85 44 100 74 62 151 128 39 48 117 115 149 134 110 36
150 165 125 28 111 147 132 139 130 90 142 96 50 37 37 55 83 106 123 113 122 105 55 117 204 121 59 149 184 82 83 135 144 127 3 190 149 75 121 139 158 20 248 226 255 221 240 160 37 21 33 53 31 75 85 116 138 172 182 88 52 79 56 31 50 122 172 210 72 105 172 162 124 176 239 176 69 125 214 184 113 70 34 58 22 56 33 9 88 49 92 65 33 73 163 225 176 146 66 108
97 91 77 0 45 51 44 152 92 31 97 139 138 73 66 95 76 36 88 163 171 142 67 53 100 68 22 95 67 43 86 132 169 202 50 202 207 181 186 125 220 255 245 207 151 131 197 149 46 81 71 75 84 23 3 60 205 243 255 102 49 69 62 25 12 50 73 84 87 107 183 152 23 54 128 107 51 135 182 72 46 101 80 48 121 139 136 52 57 21 46 47 60 62 103 168 94 124 46 122
63 64 97 78 69 20 0 97 168 78 94 141 176 119 90 39 46 57 47 40 138 158 94 80 113 80 49 58 0 51 55 73 132 182 68 141 183 189 215 192 189 188 95 78 255 251 238 150 41 63 122 107 82 81 113 173 248 192 218 86 66 98 139 101 61 94 137 82 97 69 132 163 90 97 146 114 20 50 117 89 72 113 79 33 82 69 80 31 72 63 77 74 87 59 45 49 13 92 44 75
63 95 128 99 54 34 20 44 79 147 109 66 191 197 153 97 78 116 120 71 169 166 107 76 175 231 157 47 57 27 43 18 61 101 49 77 131 108 128 156 123 104 44 255 230 221 238 113 49 78 107 178 87 66 169 138 183 39 93 30 40 68 153 136 27 45 109 36 17 14 69 144 134 81 87 90 35 29 78 94 103 61 30 82 77 64 71 73 56 68 66 36 57 73 78 44 29 74 39 62
73 74 73 73 6 82 114 64 33 89 119 84 114 137 173 182 112 41 97 198 242 237 108 43 125 197 196 135 119 78 98 54 72 49 53 129 40 60 78 101 141 195 88 232 255 254 249 199 142 99 52 97 201 99 74 28 101 8 99 30 20 118 230 169 29 28 62 6 7 59 120 169 92 35 39 75 125 72 86 63 35 21 15 97 91 103 153 157 59 15 54 76 73 96 98 76 44 80 80 45
162 35 26 60 50 67 124 63 47 53 63 91 96 115 136 113 64 28 60 94 235 168 91 47 30 105 102 87 135 114 131 124 135 49 82 127 78 72 63 154 169 140 33 219 226 229 252 213 246 255 239 245 250 141 93 46 156 82 122 67 33 146 230 223 111 128 172 134 55 86 90 115 101 59 70 131 126 145 176 110 49 40 48 84 32 46 114 129 34 66 70 73 38 69 63 47 75 50 98 86
221 58 53 75 74 0 81 61 45 30 0 67 113 145 104 47 49 136 106 23 105 82 85 97 70 81 56 41 144 81 95 118 117 48 99 107 101 100 18 117 125 62 104 238 255 254 229 122 177 239 164 159 150 152 107 143 122 98 127 78 0 95 181 157 108 166 152 136 75 51 59 70 106 97 93 107 69 127 208 153 107 134 97 70 135 45 16 106 37 80 69 27 63 54 43 6 83 14 101 78
177 88 63 57 117 138 195 127 62 19 47 126 97 61 10 0 44 84 122 144 139 87 99 134 135 90 63 13 154 92 102 57 71 24 104 71 0 103 128 117 84 41 36 11 223 250 238 84 142 247 143 2 145 154 123 173 159 158 214 187 31 131 137 79 72 98 63 18 90 154 174 120 98 79 73 77 74 58 132 130 133 100 107 142 122 46 36 128 24 88 120 93 160 136 82 78 92 31 78 5
62 81 177 227 134 93 95 65 86 123 93 33 63 64 17 110 96 152 131 66 95 18 28 183 137 115 103 6 57 57 99 21 106 52 82 96 69 34 85 136 150 96 21 184 230 250 234 255 148 255 250 139 36 168 251 236 111 216 228 100 53 36 228 72 78 0 58 86 89 95 111 123 205 114 92 120 105 53 81 89 29 79 174 247 56 26 39 112 75 148 161 128 84 114 8 81 104 124 126 37
55 19 146 252 99 61 33 22 61 136 81 0 59 85 3 58 64 116 92 46 49 139 106 69 34 9 32 24 8 33 61 4 44 71 130 43 20 8 142 140 52 86 105 33 255 225 129 242 126 77 130 255 254 212 236 255 250 255 232 110 52 129 115 90 59 94 6 37 85 90 86 61 100 48 80 116 56 134 168 131 92 149 129 80 67 65 51 56 90 100 109 54 17 95 0 39 39 178 212 167
125 67 102 88 35 149 160 154 141 76 52 78 34 92 136 121 132 166 59 55 30 122 114 149 161 60 50 55 50 77 138 131 89 67 82 8 64 82 75 35 15 46 189 52 200 249 168 255 152 138 134 255 250 247 243 234 229 250 249 81 7 144 177 127 100 110 80 176 98 60 129 0 12 41 146 141 51 167 168 97 62 88 104 35 82 45 89 39 53 15 75 53 61 105 19 2 20 169 203 188
75 48 88 67 128 208 161 197 223 193 61 59 45 171 215 133 168 176 61 81 103 38 35 123 75 80 182 133 109 94 219 252 159 44 86 63 6 76 58 82 97 63 85 71 47 237 255 239 216 255 249 238 247 184 235 255 252 109 157 241 252 220 246 93 94 67 76 64 56 56 88 60 35 42 144 101 41 78 45 18 51 32 36 83 103 67 92 55 41 20 106 160 122 174 151 185 132 186 145 111
80 68 105 55 167 179 85 96 132 166 66 97 132 205 170 54 55 89 9 73 25 81 107 118 67 124 206 113 84 66 156 238 140 109 139 141 60 122 26 89 89 2 84 145 64 249 249 251 253 240 248 245 237 224 251 221 238 233 255 226 227 175 184 123 46 14 166 109 89 63 126 73 55 64 96 35 18 61 47 81 141 92 89 171 201 100 25 88 74 102 96 138 106 115 124 180 158 121 46 24
111 46 54 15 66 124 53 108 83 87 29 137 59 127 117 0 0 14 16 47 2 129 123 100 209 168 98 76 45 33 57 72 36 122 154 104 7 0 160 242 146 93 95 13 36 215 202 218 255 255 232 236 251 220 201 255 255 225 239 248 255 197 116 248 40 95 115 111 88 57 100 50 67 33 64 25 68 66 72 85 107 144 152 183 151 97 49 110 41 85 69 67 92 111 129 184 144 186 119 144
74 4 45 56 82 94 41 163 108 140 46 44 0 45 79 39 65 36 54 38 34 119 29 31 151 99 28 91 77 92 27 14 10 113 59 32 63 12 186 225 119 126 114 82 90 225 222 236 247 246 244 255 209 238 255 225 212 232 251 255 240 178 46 224 242 255 147 98 98 54 57 29 90 40 42 55 25 15 19 0 0 62 73 71 46 137 141 99 29 62 105 84 35 79 117 85 52 170 109 148
95 18 64 69 93 116 163 238 56 23 0 106 12 47 40 49 84 29 106 56 29 143 167 90 20 55 113 58 104 150 105 89 39 55 19 49 40 48 145 200 255 192 81 181 195 255 255 253 255 218 239 250 230 245 225 251 252 255 215 243 245 255 203 237 241 8 0 131 107 63 65 16 77 6 3 49 87 20 59 59 38 22 68 33 53 103 153 25 69 183 229 127 34 130 162 92 23 124 67 55
47 8 52 58 50 168 247 75 109 40 90 86 86 104 121 108 61 26 105 121 129 85 166 148 107 129 112 154 84 80 0 74 37 46 0 33 59 88 6 96 203 206 38 47 57 228 219 123 231 254 228 217 230 176 255 218 239 255 230 249 246 254 255 238 196 183 241 13 153 25 85 79 86 166 78 87 34 76 90 119 116 110 83 165 64 58 46 89 87 95 216 218 115 75 98 72 53 65 49 31
111 123 81 151 113 106 198 247 255 46 12 80 86 116 72 51 66 121 105 91 178 52 67 65 96 119 103 126 154 99 88 90 34 75 132 143 95 102 24 52 97 80 14 143 6 160 181 195 240 249 48 247 255 225 204 189 215 249 251 255 255 218 127 72 65 122 220 113 121 77 182 145 128 203 167 112 30 123 219 163 116 100 49 119 201 91 16 53 40 74 143 99 151 88 75 107 92 29 59 108
178 142 123 225 148 146 245 247 220 140 102 72 94 58 77 152 143 58 22 75 127 53 110 143 81 47 12 90 91 69 129 136 16 81 131 81 83 103 52 97 92 32 39 255 86 126 243 255 254 204 210 252 255 255 255 242 173 221 222 237 160 142 83 138 95 136 164 129 109 9 89 147 141 76 23 125 54 127 160 101 119 168 65 40 96 50 35 114 76 43 115 140 184 173 164 163 137 60 61 146
85 105 112 225 235 92 107 223 134 83 92 156 80 30 88 157 136 37 10 51 65 57 107 177 116 62 54 117 15 33 99 130 37 34 80 9 15 82 47 85 63 22 63 242 204 18 250 231 217 255 118 190 246 229 237 226 118 99 40 137 26 58 101 255 194 117 102 70 49 17 105 133 100 87 36 104 119 105 67 38 84 157 79 57 60 62 76 130 97 38 57 93 62 142 124 94 120 63 7 83
34 44 95 136 172 99 36 124 13 31 62 130 63 48 58 24 85 117 90 4 46 41 45 117 139 165 207 216 71 86 68 51 61 46 38 78 91 120 58 55 32 88 93 182 123 187 0 255 252 254 4 255 248 151 72 67 102 25 59 97 93 72 43 165 115 71 74 104 50 54 140 226 254 198 131 178 207 166 132 57 53 71 44 95 116 66 48 140 183 137 58 57 87 48 10 51 101 30 10 161
35 49 106 48 33 84 109 83 6 51 33 32 73 109 113 141 165 150 86 2 68 67 64 117 110 133 172 151 187 123 64 39 97 49 55 83 7 71 18 0 15 98 74 35 44 112 134 230 241 247 50 255 195 81 37 57 109 25 123 191 157 70 12 60 95 50 64 104 88 10 50 212 255 141 88 179 253 183 142 76 41 31 0 74 112 119 176 236 255 248 112 82 101 109 74 110 153 117 96 117
61 63 67 58 97 45 23 124 82 30 13 56 102 82 112 239 194 95 26 71 56 86 86 142 94 28 80 63 137 80 83 32 104 77 85 35 0 128 126 132 120 204 152 75 14 52 104 110 101 112 255 113 74 94 53 85 79 48 129 198 88 67 36 68 103 61 80 50 73 80 34 24 91 106 89 106 215 189 129 40 65 49 4 58 87 153 255 243 251 194 34 30 50 112 110 79 107 100 100 61
32 19 43 129 41 91 30 0 44 21 11 68 69 29 15 64 97 68 53 70 148 45 9 87 122 61 146 150 62 14 59 40 58 116 223 82 16 86 79 74 16 88 83 58 34 89 0 45 57 45 175 193 61 116 4 59 9 20 49 25 56 70 73 56 111 4 81 108 104 83 14 105 168 102 92 132 207 252 224 97 28 57 81 105 65 63 93 35 95 131 47 33 56 16 34 60 52 84 95 89
80 42 91 120 171 103 58 18 98 125 22 61 83 111 95 87 85 104 107 122 201 137 89 98 82 91 142 181 98 63 34 54 93 84 202 90 35 115 107 66 90 74 228 149 11 59 32 40 63 57 71 77 29 89 133 59 44 38 93 135 32 71 95 3 28 124 50 152 126 30 112 176 149 107 96 153 208 243 174 104 64 89 142 127 70 56 75 77 70 45 57 75 134 61 91 3 41 98 66 79
43 69 88 121 81 71 22 2 108 114 20 117 112 144 154 129 101 105 119 193 82 84 74 71 108 89 47 42 30 50 33 72 28 59 164 120 63 113 85 153 100 77 141 67 56 98 70 102 149 125 119 65 44 177 222 128 44 23 34 47 105 31 55 8 49 92 29 111 77 44 61 76 68 70 111 101 23 104 112 63 24 36 71 29 47 129 162 148 68 81 84 29 118 63 123 86 36 72 37 111
90 120 162 168 114 86 72 39 94 86 18 78 49 107 144 105 107 46 15 100 158 116 64 37 32 59 82 74 48 71 80 103 74 103 125 93 105 137 75 194 103 77 78 52 62 112 102 122 141 108 64 29 32 195 228 136 112 126 86 73 100 41 113 138 99 84 48 108 65 75 94 59 67 91 113 89 64 91 51 70 84 65 59 14 67 196 255 199 119 114 115 29 10 15 118 104 58 52 37 105
139 165 186 168 194 159 128 66 63 72 10 64 117 154 142 150 148 71 4 80 141 145 122 100 113 132 105 60 35 86 101 132 161 140 136 64 80 102 65 138 82 50 62 17 69 137 140 96 81 33 64 67 14 86 42 34 58 110 102 47 123 100 234 226 113 62 2 44 46 35 62 102 86 82 83 39 54 81 42 63 44 29 81 123 145 181 231 161 89 111 105 51 2 18 61 72 111 97 92 79
90 130 136 85 188 150 120 84 59 72 43 102 208 178 110 121 127 82 61 124 80 100 114 102 120 149 113 72 72 75 93 107 129 148 93 76 52 60 71 45 44 28 110 66 45 123 103 78 55 57 103 134 110 88 18 5 60 57 26 35 110 58 155 127 71 83 71 13 49 30 63 129 105 61 41 14 23 59 52 59 13 7 124 240 184 142 102 81 47 91 89 50 39 50 16 61 79 122 128 45
37 62 71 60 116 80 100 67 61 72 80 128 145 105 131 122 109 71 99 131 77 104 77 4 35 117 188 208 86 142 156 75 45 42 35 94 52 54 97 23 29 37 139 101 71 88 78 69 106 76 101 105 123 106 85 106 104 92 46 94 19 79 139 151 135 128 117 84 63 26 83 121 106 64 41 52 78 68 18 58 72 50 120 186 182 92 43 56 59 61 74 69 40 90 58 36 60 27 73 57
37 46 102 133 80 50 103 119 73 97 55 54 81 104 209 221 113 100 118 88 61 85 69 53 58 95 155 178 129 149 145 46 27 10 3 114 89 46 85 46 46 66 89 107 52 108 71 74 93 52 46 5 79 86 76 76 140 110 80 86 42 148 208 248 191 106 46 58 52 34 79 80 34 36 36 56 78 75 11 41 55 47 100 104 142 63 42 61 78 59 77 97 53 69 49 75 48 4 107 134
99 70 128 221 55 40 122 152 128 109 43 45 64 120 220 255 61 46 122 120 39 19 71 64 51 49 87 96 69 72 87 7 24 93 39 86 145 89 63 140 75 80 33 63 23 108 80 82 48 26 39 33 117 96 57 70 134 151 80 32 29 90 90 144 199 65 44 82 59 87 126 93 58 100 130 79 15 80 96 100 55 0 96 125 101 43 75 52 16 55 81 91 99 66 34 130 112 71 172 255
10 133 210 127 69 211 37 97 205 88 48 88 47 107 172 210 235 137 32 25 79 67 85 48 25 148 106 61 43 98 75 74 111 64 25 27 49 103 75 32 37 27 35 39 36 32 46 47 62 18 15 53 93 53 51 182 214 234 205 43 96 0 24 1 151 155 155 72 39 45 9 61 56 20 76 87 64 185 195 80 137 82 111 156 161 45 4 60 107 140 110 32 74 73 66 153 154 78 101 245
168 203 113 126 35 64 51 80 142 116 120 99 16 53 96 167 151 117 77 58 5 0 92 71 57 168 187 117 31 87 127 93 43 15 21 55 121 169 78 40 49 52 123 176 149 89 72 82 68 59 62 108 114 80 36 138 249 251 199 132 87 53 85 9 97 75 183 101 32 155 220 221 121 5 53 85 62 146 198 133 106 0 30 110 93 83 97 87 44 41 57 28 46 56 57 89 153 106 73 172
151 129 26 93 59 47 151 173 104 108 77 40 70 80 44 32 62 73 51 61 71 55 80 50 68 114 93 49 87 95 70 8 27 55 115 145 130 116 38 15 52 75 160 235 159 125 79 90 89 110 88 72 84 123 67 82 217 177 165 156 87 109 168 47 92 44 119 54 43 134 172 163 94 0 27 58 77 92 124 124 109 45 54 74 94 142 145 92 70 23 53 80 35 44 37 54 101 122 114 118
107 51 10 69 110 132 252 230 69 39 31 19 45 12 54 56 71 101 150 166 107 46 25 0 19 124 99 53 7 40 67 119 200 200 123 48 44 98 62 10 35 64 169 163 82 59 57 57 92 121 98 58 87 168 140 137 136 128 140 193 67 132 154 53 51 47 100 76 118 79 31 66 72 46 71 32 48 11 32 93 97 88 96 92 147 160 117 67 92 66 86 134 74 110 60 44 90 122 161 139
89 78 70 87 105 217 144 127 47 6 65 73 42 40 112 185 142 175 188 207 103 77 21 1 28 79 116 83 54 56 48 98 195 209 82 0 49 104 103 36 57 52 148 69 46 37 28 17 59 93 81 45 58 80 122 143 50 45 137 152 16 38 37 38 86 78 152 226 138 105 72 163 153 62 61 80 60 61 65 60 49 85 95 64 121 173 63 38 90 85 73 62 77 62 70 60 53 60 119 156
78 68 111 104 71 169 37 67 125 37 78 94 30 28 158 249 183 100 93 85 79 176 159 102 45 2 60 95 147 107 45 3 71 111 108 112 16 80 127 33 58 55 167 61 143 101 48 42 29 38 35 33 65 67 86 106 39 16 87 14 26 16 40 102 197 109 87 148 100 69 57 144 123 46 74 95 129 187 155 121 26 42 15 46 41 103 63 92 121 106 133 88 48 52 97 127 61 70 121 145
62 33 93 39 59 106 60 121 178 74 58 73 29 4 128 225 150 52 87 75 26 158 141 104 87 39 80 140 125 110 57 47 80 107 102 81 32 38 105 37 98 56 204 127 170 119 66 49 34 17 17 61 105 147 164 175 134 84 79 21 45 54 47 159 233 137 3 21 40 50 35 70 77 9 60 86 149 219 146 106 62 59 0 76 23 74 61 94 121 127 198 126 60 93 128 130 66 85 133 149
69 53 29 0 50 39 92 133 143 65 37 119 149 48 99 228 125 45 63 105 21 154 105 94 93 47 77 79 125 109 63 22 84 118 70 40 86 44 84 91 118 46 153 134 55 15 19 54 48 68 59 148 49 157 144 171 160 94 59 86 36 51 26 89 201 117 11 58 19 100 156 117 66 44 106 112 109 104 51 80 108 113 59 101 39 42 20 34 51 93 172 100 17 13 32 29 22 41 74 70
86 126 32 71 76 55 76 103 77 95 71 92 161 129 94 65 102 85 76 121 35 111 49 34 89 101 52 94 130 193 76 70 1 55 53 103 74 38 42 86 74 46 126 188 102 19 19 78 74 11 71 109 94 111 107 39 133 93 79 99 72 47 81 47 109 149 19 50 15 76 131 193 88 80 95 96 95 68 39 83 78 105 103 93 64 21 18 54 26 56 88 73 74 77 113 123 35 47 57 32
57 111 52 66 70 43 35 78 73 48 52 74 89 52 44 25 34 41 35 98 144 219 165 80 94 83 21 17 151 177 73 69 28 34 50 89 48 30 27 67 79 19 73 132 105 40 96 118 79 47 93 164 67 64 19 23 133 140 85 60 64 46 116 61 129 206 74 57 6 97 154 174 109 113 83 59 88 86 54 74 66 94 107 87 81 10 5 25 39 81 67 18 36 67 99 72 58 79 93 76
92 142 115 69 97 47 39 82 100 25 0 7 92 138 114 51 70 91 85 88 75 115 102 51 73 143 125 101 150 149 74 137 100 60 55 41 39 71 71 111 98 47 92 85 97 63 113 89 51 25 58 103 106 86 40 81 128 142 70 77 62 64 112 83 84 195 93 42 51 163 188 125 111 163 164 90 82 72 26 71 40 101 107 141 138 128 150 120 37 96 127 45 13 48 76 42 26 54 79 76
108 191 141 125 130 84 48 73 87 77 62 30 91 106 70 67 78 83 79 94 25 66 53 40 51 117 131 45 112 85 58 100 81 59 71 78 0 84 68 107 131 152 134 28 73 58 52 75 31 31 52 43 131 93 38 84 46 27 33 100 88 58 88 59 18 70 83 77 43 136 190 34 86 132 162 99 116 115 26 70 23 132 112 158 101 152 214 148 42 6 62 51 54 88 81 44 52 71 85 77
45 46 72 116 67 72 49 41 78 148 141 111 29 52 8 20 82 117 83 74 94 85 56 50 40 111 85 14 0 38 59 67 61 73 154 132 47 67 43 75 138 133 127 26 96 51 61 72 71 72 92 22 97 78 62 94 8 17 35 108 183 67 50 75 50 58 86 91 55 123 196 111 149 112 117 90 187 184 30 90 26 108 80 129 50 144 165 181 193 129 26 47 79 129 95 85 143 139 153 159
37 51 55 76 60 94 50 16 36 112 166 127 87 43 34 71 132 119 112 87 55 35 63 45 101 114 83 73 37 42 100 107 85 131 254 231 255 139 14 102 132 76 51 44 107 77 67 102 102 129 100 64 72 45 34 103 65 99 98 89 201 70 10 113 145 101 78 95 130 165 146 140 190 120 122 186 148 160 43 32 51 98 44 72 33 55 62 76 165 81 0 22 115 122 60 68 126 136 124 163
135 120 166 162 112 70 54 40 37 62 96 130 118 79 42 90 151 121 47 73 34 74 77 95 118 79 48 101 95 89 166 140 124 114 255 237 255 138 37 112 148 69 63 69 80 63 83 112 101 83 76 64 76 14 35 51 64 52 98 47 130 83 54 118 154 103 74 99 158 149 52 119 111 67 76 221 64 59 6 27 114 120 38 56 90 93 131 146 67 67 130 112 131 91 33 19 105 86 54 156
69 56 146 214 114 77 59 82 38 32 81 156 129 104 82 124 165 109 51 120 35 97 108 109 139 63 45 135 137 78 124 131 75 33 149 153 83 54 18 28 64 113 140 53 62 42 77 118 86 21 66 79 88 51 89 56 40 24 116 72 77 125 153 144 120 47 76 169 210 199 89 80 108 67 0 116 61 98 38 54 158 152 73 59 56 39 120 148 41 121 194 120 153 112 10 21 105 68 60 157
94 60 12 95 30 98 28 86 27 3 95 118 104 88 109 72 31 66 44 63 73 57 65 128 39 79 90 84 70 66 72 63 86 48 62 84 36 32 53 107 59 238 239 79 85 53 24 79 80 49 80 85 34 45 39 57 136 104 90 90 138 190 125 45 60 85 70 142 217 149 59 129 82 102 59 34 18 60 44 89 137 79 25 75 79 59 93 64 37 56 149 131 136 145 51 22 103 43 52 67
98 66 3 64 145 150 17 79 90 78 129 116 59 97 104 25 64 68 20 58 56 90 94 128 71 70 71 129 131 89 73 153 117 72 69 126 140 52 65 141 76 194 186 102 53 73 38 61 84 92 113 74 57 52 21 74 73 72 53 107 124 122 62 37 29 24 64 148 112 14 50 107 159 109 127 103 103 88 68 76 63 44 87 170 118 53 61 52 42 62 73 35 86 163 93 105 212 71 60 75
130 108 100 91 177 104 5 80 86 111 133 140 32 72 53 34 166 176 18 45 23 107 59 116 133 105 41 113 114 87 71 135 140 73 54 82 124 28 22 92 110 109 107 106 31 44 26 33 58 46 75 50 75 65 82 105 96 54 57 113 71 36 9 6 30 4 41 131 140 32 52 76 119 21 90 136 108 42 29 15 3 5 75 129 115 87 94 92 67 37 66 81 138 230 145 51 234 85 67 145
135 168 188 161 107 95 22 82 72 64 102 149 129 106 61 56 153 173 71 77 17 109 135 202 165 132 19 83 52 34 44 83 74 73 53 61 149 99 28 92 125 124 126 145 153 102 64 126 116 68 68 101 42 78 139 135 98 63 89 104 46 8 18 62 100 60 42 61 103 17 39 89 85 41 121 166 90 42 69 62 26 46 94 70 94 128 167 180 87 44 92 160 236 251 133 44 110 57 54 130
99 148 166 112 48 58 68 91 58 21 58 149 255 98 39 27 24 90 96 65 16 122 187 248 138 114 73 77 67 89 84 45 62 105 93 81 141 93 68 34 97 99 93 92 203 171 82 159 153 107 98 121 49 105 164 134 52 68 108 94 53 13 50 89 128 125 75 0 53 44 77 173 88 106 95 129 75 80 153 128 72 47 67 38 78 119 199 186 87 38 82 179 219 133 150 53 58 39 63 48
118 129 105 56 43 56 72 53 59 23 53 69 171 47 71 74 1 67 112 42 84 62 114 190 138 224 196 108 73 145 137 41 56 156 143 54 71 54 49 0 53 34 69 42 66 75 45 71 71 56 85 86 59 101 174 131 49 67 119 115 61 0 29 80 87 100 71 8 89 112 118 142 54 43 15 42 56 149 217 160 31 0 32 46 63 67 117 118 58 63 113 145 140 71 119 32 27 29 68 79
118 119 78 50 91 81 98 20 58 60 89 70 105 34 92 93 63 99 103 89 107 93 51 71 99 218 204 119 87 143 126 49 32 128 126 48 57 40 71 54 120 73 113 63 41 59 53 69 90 59 89 59 75 82 192 189 73 69 118 134 87 6 33 94 67 54 63 48 92 57 56 95 52 33 42 71 86 178 191 111 61 35 65 99 72 56 64 56 48 89 121 99 96 79 142 31 37 41 74 122
102 121 91 76 143 100 132 19 51 98 128 134 87 62 96 87 62 61 49 140 84 208 134 59 26 105 94 78 78 87 55 31 47 97 95 60 78 42 85 102 117 58 67 33 65 65 33 106 123 44 45 16 46 6 142 218 111 66 93 132 112 36 60 125 88 43 87 117 120 31 52 142 89 27 49 69 48 99 79 27 10 18 56 108 81 120 125 99 48 102 115 69 94 123 189 49 58 41 42 118
