10 19 41 39 34 31 11 8 28 16 12 21 29 26 21 20 21 13 22 33 24 15 18 21 28 18 17 27 26 12 7 14 18 22 17 6 4 15 23 22 20 32 26 12 15 19 17 17 10 7 7 12 17 19 19 19 19 13 8 12 23 29 23 13 7 16 22 17 11 10 11 11 10 17 27 41 42 18 0 5 5 26 39 31 19 20 27 31 2 5 9 14 20 23 15 4 13 28 36 32
20 20 31 25 26 32 18 17 37 25 18 22 24 19 13 11 16 11 22 33 23 16 22 27 23 13 14 26 30 22 21 29 25 21 11 1 1 10 19 23 28 38 30 18 21 25 20 18 12 5 0 4 11 15 13 9 3 1 10 26 32 22 12 9 12 10 13 15 9 0 2 11 24 24 26 39 47 28 8 8 11 25 32 24 15 14 14 10 15 18 21 24 29 30 20 9 22 25 24 17
30 21 23 13 18 31 24 26 12 7 6 13 21 23 22 20 6 4 18 27 18 15 26 34 25 15 15 27 34 30 31 39 36 23 11 7 8 12 19 25 23 31 23 15 23 27 21 19 19 10 0 1 10 16 13 7 5 5 19 40 40 22 13 19 23 13 13 22 19 8 13 29 28 24 20 29 41 31 13 10 12 21 27 30 40 51 51 43 20 23 26 30 35 36 27 16 17 13 11 12
29 21 24 13 16 28 22 26 14 16 17 20 23 23 18 12 7 6 18 23 13 15 32 43 35 25 22 29 32 28 28 34 35 21 14 20 22 18 15 19 12 18 12 11 24 30 25 24 31 23 13 8 13 19 19 14 5 6 13 20 21 16 16 21 21 13 8 10 8 4 9 19 17 20 15 17 25 19 9 11 29 26 20 19 30 41 36 21 10 14 19 25 32 36 30 19 7 5 14 30
21 21 32 23 19 25 15 18 18 28 36 38 40 40 33 23 21 18 24 22 10 13 33 44 36 29 26 28 25 17 15 18 20 14 16 28 31 20 9 5 9 14 8 9 24 31 27 28 39 37 27 15 10 14 16 14 8 15 14 8 15 33 38 30 28 28 19 6 3 9 10 5 10 22 22 14 12 6 3 11 35 26 11 3 12 22 15 0 2 5 9 15 23 29 25 16 12 12 23 43
18 21 36 28 21 22 9 11 11 29 42 43 46 51 46 35 23 19 21 15 1 5 22 29 24 24 26 26 18 8 5 9 14 14 21 30 32 24 13 6 10 13 6 5 16 18 16 21 39 40 30 13 3 5 8 6 4 18 18 8 21 48 50 31 23 29 22 8 11 25 27 15 11 29 31 19 13 9 6 11 26 21 11 6 16 32 33 23 5 6 6 8 15 21 18 10 17 17 21 26
24 22 32 21 18 23 11 12 24 41 48 37 30 31 23 9 10 8 12 9 0 6 19 21 14 21 30 30 19 7 5 9 16 20 23 22 23 25 23 19 11 13 5 1 6 6 5 14 32 33 23 7 2 8 10 5 0 7 8 3 13 31 29 13 1 2 0 0 5 17 18 11 10 25 24 17 24 26 17 10 19 20 15 6 8 18 19 14 11 10 6 5 10 16 14 7 10 14 14 9
32 23 24 12 14 24 14 15 14 32 39 27 21 26 23 10 0 0 9 12 9 17 29 28 12 24 37 37 24 11 9 13 17 21 17 7 7 19 27 27 15 17 8 3 6 5 6 17 25 25 16 5 7 19 20 12 18 20 18 15 19 26 25 18 9 1 0 3 9 9 7 6 2 12 9 10 32 42 26 9 6 13 14 7 6 14 17 15 13 10 5 3 8 15 13 8 0 12 17 10
43 24 4 0 11 23 24 21 23 22 19 18 25 31 24 12 10 5 11 19 17 20 25 20 5 22 36 32 18 9 11 16 20 16 13 14 18 20 19 16 21 18 11 5 7 13 14 10 24 15 2 0 5 15 17 11 13 20 28 28 22 18 23 30 25 17 12 12 10 5 3 7 13 0 0 10 20 18 16 18 17 20 1 0 10 18 14 21 14 7 4 9 19 22 16 7 9 12 18 23
52 28 4 0 13 27 29 24 14 18 19 17 18 19 14 7 9 9 17 19 7 7 16 17 11 15 19 20 15 10 9 12 9 14 20 23 22 18 13 10 14 13 8 5 8 15 16 12 15 13 7 0 0 4 6 4 6 10 18 23 19 11 11 18 22 14 17 28 23 7 9 24 19 5 0 3 9 5 3 6 23 23 14 8 12 13 15 23 20 18 15 15 18 23 27 29 17 14 13 15
25 12 2 9 24 28 17 2 11 19 24 21 16 13 11 8 15 19 28 21 0 0 11 18 18 10 7 14 18 15 14 17 15 22 28 28 21 13 9 8 7 7 5 5 10 17 17 13 13 20 22 14 5 3 4 5 2 0 7 20 19 8 4 11 18 12 23 40 32 10 12 34 41 26 15 15 16 12 10 14 22 16 22 25 13 8 18 28 18 20 20 15 12 17 30 42 20 14 7 5
0 0 0 11 21 20 5 0 14 18 20 18 14 11 11 11 17 22 29 19 0 0 15 22 24 16 16 25 27 22 23 31 37 35 31 23 15 10 9 10 2 4 5 6 11 17 16 11 15 26 31 25 15 10 8 7 3 0 1 18 23 13 11 19 19 18 26 35 28 12 12 25 30 20 13 12 12 9 8 11 13 2 17 31 14 7 22 30 12 17 19 16 12 15 28 39 13 12 8 3
7 6 6 6 6 6 6 6 15 9 4 4 7 9 9 9 12 13 17 11 2 14 30 32 27 30 38 42 34 23 25 35 42 35 24 16 12 11 10 9 3 5 6 7 12 16 13 7 12 20 25 23 17 14 9 5 5 0 0 15 23 21 24 32 26 29 28 22 19 18 14 7 9 8 10 15 16 14 13 13 10 0 12 28 15 11 23 26 15 18 21 23 24 25 27 29 6 15 19 14
12 17 20 16 8 3 4 8 22 9 0 1 9 13 12 11 13 10 11 11 14 35 50 46 27 39 50 48 35 23 21 25 24 19 15 14 15 14 10 5 6 8 8 8 12 15 11 4 11 16 18 17 15 15 11 6 7 3 3 10 18 23 29 36 32 36 28 15 16 26 18 0 7 13 23 30 31 28 25 23 14 7 13 21 16 13 18 21 20 19 20 25 30 29 22 14 9 24 33 28
12 20 28 28 20 11 8 8 33 19 9 12 19 20 19 19 20 14 13 12 18 40 52 43 22 35 43 39 34 31 23 12 9 10 11 13 14 13 10 7 8 9 9 8 12 15 11 4 10 15 17 13 11 12 13 11 10 12 12 8 11 20 27 28 29 28 23 17 22 29 22 9 2 12 24 29 27 20 14 9 12 18 16 13 14 11 10 19 26 21 17 20 26 25 15 6 20 34 40 33
28 28 27 23 20 20 25 29 37 25 17 21 24 23 21 21 23 16 13 7 9 28 38 26 17 27 30 28 34 42 30 8 7 10 13 12 9 8 11 14 9 10 9 8 12 15 12 6 7 13 14 8 2 4 9 11 13 21 20 9 8 18 23 19 21 17 16 22 28 28 24 20 9 20 30 32 25 16 7 1 5 23 17 5 9 7 6 20 35 27 19 19 23 22 15 7 29 38 39 32
39 32 21 16 26 38 34 20 27 23 24 29 30 23 15 10 21 8 23 37 20 11 21 24 9 14 33 42 30 23 23 18 13 9 9 12 13 10 7 8 11 16 14 6 9 17 13 1 5 7 9 12 14 14 14 13 13 12 16 21 21 16 13 14 13 18 24 27 25 20 19 21 26 21 20 22 21 16 12 13 16 15 19 27 30 26 21 21 39 22 14 23 29 21 10 7 43 39 30 22
24 20 11 9 21 35 32 19 22 27 28 23 20 20 17 11 20 15 26 29 21 33 45 32 30 26 29 31 24 20 17 10 16 10 7 8 10 8 9 12 10 11 10 9 11 15 12 4 6 9 13 17 18 15 12 10 10 11 15 20 20 16 17 21 27 21 20 27 30 24 17 14 12 14 20 27 27 23 21 23 25 22 24 33 39 34 26 21 34 26 25 31 30 20 15 18 44 39 32 25
16 14 9 9 23 39 38 26 14 24 26 16 10 13 15 11 16 17 23 17 20 55 67 37 32 26 22 24 29 30 24 15 31 21 13 9 8 6 8 12 9 5 5 12 16 14 10 10 4 7 12 16 15 11 4 0 2 6 14 21 23 25 34 44 41 21 11 22 33 26 14 9 3 10 23 32 31 25 24 28 30 26 28 38 45 42 33 28 18 21 29 36 31 22 25 36 43 38 32 29
15 15 12 13 27 43 42 31 8 12 15 14 11 10 11 12 11 10 13 9 19 59 69 32 22 24 21 25 38 40 28 19 29 19 11 8 7 6 8 13 10 1 3 16 21 14 11 16 7 9 12 14 12 8 3 0 0 4 12 19 21 25 39 53 47 20 5 16 28 23 13 11 7 16 29 35 28 19 18 24 27 26 29 35 38 36 35 37 13 20 30 34 28 20 24 35 32 27 24 24
14 15 12 13 24 36 34 23 9 3 7 21 25 17 13 16 13 4 8 12 20 48 53 23 24 33 26 22 33 32 18 15 14 7 3 4 7 8 12 16 13 1 3 18 23 14 12 19 17 17 16 15 13 12 11 10 6 8 12 14 13 16 28 42 50 26 10 15 20 16 11 13 14 21 30 32 22 12 12 19 25 27 29 28 22 20 28 41 25 27 31 32 26 18 17 20 19 14 13 19
18 19 16 14 22 30 26 14 13 9 16 31 39 32 24 23 19 9 15 20 18 33 37 15 23 36 23 10 23 24 14 19 23 17 12 12 12 10 11 13 14 4 4 15 20 14 12 18 18 16 13 11 11 13 16 18 10 9 11 13 14 17 29 41 44 32 20 16 16 12 10 10 12 18 25 27 19 12 14 22 27 30 31 24 11 7 21 39 28 27 26 27 28 26 24 21 18 13 15 24
23 25 21 17 22 27 21 8 13 26 35 35 38 44 38 25 23 21 29 24 10 21 29 9 17 34 19 6 26 29 17 23 37 29 21 18 15 11 10 12 14 7 4 10 14 12 11 14 13 11 8 7 9 13 18 21 15 12 11 12 13 16 24 33 25 25 20 15 14 15 10 3 5 11 20 25 22 17 20 27 29 31 32 25 14 11 25 42 28 26 23 24 27 30 28 24 19 13 17 30
23 24 21 16 18 23 15 2 9 39 49 33 31 49 46 24 24 31 40 23 1 15 26 5 17 37 24 14 37 36 14 14 28 19 12 11 12 12 15 19 14 8 4 5 8 10 10 10 12 11 10 10 13 18 23 26 26 18 11 7 3 0 1 6 4 12 14 10 14 20 12 0 1 6 17 26 26 22 24 29 28 29 30 28 22 21 33 48 38 35 28 23 22 21 18 13 11 6 11 26
14 29 27 8 8 26 28 11 11 16 27 16 22 43 35 30 14 45 51 20 1 13 18 5 22 19 18 19 23 24 22 18 21 14 11 12 13 12 14 20 17 9 5 6 5 3 7 15 18 17 16 14 14 15 16 18 21 21 19 15 10 6 4 4 2 9 13 14 16 21 18 12 15 19 29 23 25 24 12 27 25 21 17 18 24 32 38 41 18 25 32 8 23 26 30 5 12 18 24 27
15 26 24 10 9 23 26 17 4 8 18 9 16 37 30 25 23 41 37 9 0 11 19 13 25 22 14 6 8 16 13 4 32 26 18 14 13 15 17 18 16 8 6 14 20 20 18 19 17 25 23 10 6 18 26 25 25 24 21 18 14 12 11 12 14 22 26 22 18 18 17 14 25 39 46 22 15 20 14 26 19 11 2 1 8 19 25 28 6 8 19 22 32 27 29 27 23 23 22 21
15 21 20 11 10 19 26 26 4 6 16 6 13 33 24 20 25 28 21 7 5 17 24 20 13 14 10 6 14 28 32 26 20 17 17 19 22 22 22 22 23 15 13 21 30 29 20 13 6 24 26 9 6 23 32 26 20 18 14 11 10 11 13 14 20 27 29 22 14 11 12 13 25 45 50 15 5 19 17 26 31 20 7 0 3 9 13 14 29 21 24 47 37 18 7 22 33 28 20 14
13 15 15 13 13 18 26 34 16 15 23 14 20 35 24 19 24 21 18 22 30 35 32 26 16 15 17 21 18 11 9 12 10 8 19 36 37 24 19 26 35 28 21 21 22 19 12 6 0 13 20 15 16 25 26 17 15 12 7 6 7 11 15 17 20 23 24 20 16 16 17 19 17 28 31 8 11 26 19 24 46 41 31 21 13 8 6 6 13 7 8 46 38 33 22 41 39 31 21 16
12 12 14 16 17 20 27 35 23 20 29 23 30 43 29 24 29 22 21 32 43 43 33 25 18 16 30 48 37 8 2 16 28 19 28 46 40 17 12 28 34 32 26 17 10 10 13 16 19 13 12 19 24 21 15 12 18 14 9 9 13 19 24 26 23 20 19 24 29 33 34 35 23 16 16 13 29 37 16 17 33 38 39 31 18 6 2 2 0 0 0 27 31 49 40 44 30 26 20 19
14 16 18 19 22 25 26 26 17 14 26 26 36 48 33 28 31 22 17 23 31 30 22 14 9 10 29 53 44 17 13 33 36 24 20 26 26 20 25 38 20 26 26 16 8 13 26 37 47 26 12 17 22 17 13 16 17 13 9 10 17 24 28 29 24 17 16 24 34 38 38 38 38 23 20 21 39 42 15 13 6 15 24 23 13 4 1 2 19 27 21 21 29 51 43 26 12 12 13 15
19 23 24 23 26 29 22 11 10 7 21 25 37 48 31 25 29 24 20 20 25 25 19 11 11 13 20 25 18 6 5 13 25 23 10 2 19 49 60 51 7 19 26 19 13 20 35 45 51 35 20 16 19 21 21 21 12 8 4 7 15 23 26 26 23 17 16 22 27 25 24 25 36 32 30 18 29 38 19 18 9 12 16 17 14 11 10 9 19 32 36 20 36 55 56 31 10 13 16 18
24 30 29 25 28 31 19 0 9 5 20 25 37 45 26 19 28 31 33 34 37 38 30 20 11 17 17 11 16 31 40 40 23 32 17 0 26 82 88 54 2 17 27 23 18 23 33 39 35 35 27 17 19 28 28 21 11 7 4 8 16 24 26 26 27 23 22 25 21 14 11 15 20 32 34 8 12 32 25 28 35 30 24 22 24 24 22 19 21 33 44 19 36 42 48 22 24 28 33 33
24 26 28 14 19 25 7 8 19 39 31 20 33 36 23 21 30 33 32 30 34 41 41 35 21 15 14 27 46 58 56 49 40 31 45 12 38 75 90 69 8 11 24 20 18 34 39 29 36 26 33 21 19 33 21 8 15 14 12 11 14 19 19 17 24 28 27 53 39 37 13 13 20 11 9 12 10 3 7 17 39 37 28 19 26 37 27 7 4 26 35 23 19 29 30 19 19 56 64 41
20 21 20 8 23 38 16 7 18 36 31 23 33 34 21 19 22 27 27 23 24 32 37 38 30 27 29 38 50 54 48 41 15 31 49 16 26 50 69 47 0 0 22 19 25 29 34 32 21 26 46 40 28 22 8 13 3 6 8 9 14 20 24 24 31 41 47 71 60 56 35 35 10 8 14 23 20 7 1 5 13 19 19 13 13 23 28 26 33 28 19 12 10 12 14 14 32 66 78 64
10 15 15 5 31 58 36 19 19 31 28 21 26 25 17 16 45 47 43 30 17 11 9 8 13 15 20 24 25 21 13 7 50 34 20 26 63 74 75 46 37 13 28 20 39 33 34 40 22 32 52 49 40 21 0 8 12 16 17 15 17 24 27 26 13 28 39 55 42 34 17 16 8 10 20 31 28 15 7 7 20 31 39 35 26 28 43 58 57 31 14 15 14 6 7 18 42 67 77 72
13 24 27 10 31 60 42 25 27 30 26 20 19 21 23 28 31 33 34 30 25 19 14 11 17 23 29 28 20 12 8 6 40 27 16 35 36 8 37 75 86 35 35 22 55 47 41 58 22 22 29 28 43 46 21 24 32 32 25 16 16 23 23 17 1 18 32 36 24 16 8 7 14 14 20 28 27 20 17 20 30 37 44 43 31 23 31 45 49 33 26 31 27 15 16 30 38 47 47 45
22 37 39 12 20 43 28 19 32 26 23 20 16 23 38 50 30 24 19 20 24 25 23 20 29 36 40 35 23 17 20 26 31 28 17 28 22 10 41 99 72 26 34 30 61 51 31 64 63 49 36 15 22 37 20 14 29 28 19 8 10 20 21 14 5 22 37 29 21 16 19 19 23 23 26 28 27 23 23 25 30 30 33 36 32 22 16 16 23 30 35 33 23 18 24 34 33 29 16 12
18 28 28 4 14 38 30 29 23 12 14 17 9 16 39 52 62 43 23 15 16 16 16 16 24 31 33 24 12 9 19 31 50 35 7 18 93 174 163 159 40 14 32 41 57 48 5 51 109 82 68 34 8 14 13 12 12 20 20 11 13 26 33 29 27 41 52 29 22 15 24 21 32 35 38 39 36 31 27 25 24 21 20 26 32 31 21 11 7 23 30 19 9 11 20 25 36 32 17 10
23 18 11 0 24 54 48 49 16 4 14 21 6 4 22 32 45 29 14 11 15 19 25 31 28 33 34 24 11 9 22 36 27 33 25 20 119 255 245 241 62 28 23 42 60 78 17 65 116 72 79 71 34 33 47 56 9 31 42 31 21 29 38 40 42 54 64 32 28 19 30 22 27 31 34 33 31 29 27 25 11 11 7 5 14 25 23 12 9 17 20 16 14 16 14 10 22 34 30 21
46 25 8 2 37 70 58 55 22 11 25 34 11 0 10 14 19 11 7 9 11 11 16 23 27 32 32 21 8 6 18 32 31 35 36 17 104 255 238 255 109 48 7 32 72 128 61 107 144 78 92 107 65 49 59 66 16 48 65 48 24 21 29 34 16 29 43 13 16 11 26 16 12 14 14 12 12 16 20 22 18 22 15 4 8 25 32 27 17 14 16 26 33 29 14 1 0 22 31 23
38 22 17 27 34 33 41 55 18 12 15 19 14 16 17 9 11 5 9 19 20 15 20 32 30 47 21 41 7 0 24 29 27 24 28 105 178 255 206 255 131 149 62 39 22 123 91 109 139 46 104 85 75 79 50 56 59 46 50 41 26 24 31 24 19 13 26 0 19 12 6 26 13 10 5 18 12 5 22 22 23 25 30 0 10 21 23 24 21 15 29 45 40 25 12 0 2 10 17 18
29 15 11 22 26 20 20 27 18 16 22 22 13 16 26 26 29 33 31 25 26 32 33 28 24 40 29 45 42 21 12 19 28 19 11 137 195 244 143 150 65 90 66 39 34 87 38 50 73 3 48 53 113 93 49 44 75 83 39 33 23 23 33 26 19 33 52 6 8 14 14 14 17 25 16 27 36 27 27 17 18 26 37 1 8 8 9 15 30 22 31 41 31 20 17 13 15 14 12 11
50 33 24 31 34 27 23 26 24 25 32 27 11 13 29 36 43 54 47 26 28 47 45 24 20 30 31 33 72 46 11 39 0 31 65 83 222 255 218 76 89 63 36 14 75 132 99 103 99 174 73 41 72 3 113 66 34 58 56 81 22 21 66 40 33 36 48 13 9 23 22 2 12 32 16 26 48 29 8 0 8 16 35 11 21 21 29 45 41 30 32 36 27 24 33 38 38 30 28 36
49 30 15 16 19 16 16 20 22 23 32 28 14 18 35 43 38 47 39 19 23 43 41 20 24 29 32 8 65 43 5 65 11 60 54 65 193 255 251 87 106 104 81 81 129 150 129 129 93 150 52 54 65 0 95 92 37 35 29 60 60 53 55 28 67 34 28 30 40 54 48 18 27 52 32 43 69 33 7 22 33 23 29 5 19 15 22 42 37 18 11 12 6 8 19 24 22 14 20 40
33 17 6 7 10 10 10 14 15 15 25 29 23 29 44 47 27 29 22 12 15 25 25 16 25 35 47 8 50 28 0 65 22 65 31 6 120 168 184 15 169 164 87 115 155 170 126 88 0 137 122 165 129 94 119 35 31 69 60 59 144 91 1 48 58 27 8 21 37 61 56 19 25 48 28 46 72 27 13 60 67 34 24 6 28 27 34 56 46 20 7 10 10 13 19 18 15 5 10 29
27 21 20 25 28 25 22 22 25 22 28 30 23 26 33 30 19 18 16 13 9 9 12 15 12 35 63 38 55 40 11 68 21 80 69 0 113 114 155 0 255 255 144 118 92 128 127 142 113 145 77 238 255 216 200 77 106 117 120 90 108 62 0 50 20 33 12 7 10 47 49 10 6 24 4 24 51 14 14 68 70 29 18 9 39 35 44 73 49 23 15 25 34 42 47 42 39 28 22 25
17 17 21 25 25 21 19 20 32 26 29 25 13 11 16 12 10 18 23 16 7 5 12 20 6 29 57 55 52 61 48 80 59 152 128 121 134 134 158 120 255 232 140 121 159 255 251 255 255 241 202 250 243 255 231 191 255 148 95 77 0 56 64 50 14 54 30 24 19 46 46 22 19 33 6 17 46 26 24 54 53 18 17 10 26 4 7 41 34 12 9 22 32 39 44 40 37 31 23 16
18 18 19 19 16 15 18 23 20 16 20 17 4 3 12 12 1 20 30 18 6 9 20 25 14 26 39 47 30 61 64 79 60 221 230 121 106 110 182 155 164 130 86 55 120 250 190 192 180 204 166 250 248 204 229 231 251 154 91 119 12 130 183 148 13 46 17 29 28 34 26 21 37 47 13 11 39 32 22 23 26 5 23 26 36 6 11 53 45 24 20 27 26 26 28 24 20 24 23 17
36 24 14 11 9 6 9 15 16 20 19 13 11 15 17 14 6 11 31 30 6 11 35 40 22 3 34 38 17 43 70 68 55 195 213 221 239 255 255 241 252 231 240 255 135 152 137 251 254 255 214 254 236 171 170 252 252 106 196 203 137 255 241 246 29 0 25 52 17 14 30 4 44 74 10 23 55 38 3 26 16 8 24 32 39 27 22 81 72 35 25 20 20 26 11 3 2 11 16 11
22 18 19 24 25 18 13 13 15 22 24 19 22 31 33 27 13 5 20 31 17 13 25 29 3 6 36 31 23 53 58 39 14 150 149 100 222 244 115 255 235 255 245 220 138 224 224 234 205 240 255 181 195 196 251 236 235 94 255 235 236 248 228 249 13 4 31 90 47 6 24 46 80 87 43 51 48 35 19 23 38 22 20 18 30 27 28 81 76 42 39 33 21 18 14 26 25 23 27 38
29 32 39 47 45 31 16 7 7 23 30 25 28 40 38 26 20 28 39 33 17 19 24 15 17 19 36 38 53 80 75 68 37 52 53 70 255 255 226 160 254 246 241 255 240 248 255 242 84 244 246 247 255 191 104 227 255 244 222 255 255 180 255 230 89 60 20 42 28 23 38 45 64 56 45 59 40 46 58 49 24 16 13 16 31 25 13 44 44 24 34 30 10 6 18 48 34 23 27 48
38 41 47 51 47 34 19 9 19 43 55 45 40 47 45 32 26 31 39 35 16 6 15 28 49 28 23 36 70 83 80 108 148 129 87 105 209 246 241 187 212 156 83 255 243 255 237 253 125 255 255 252 255 255 222 244 196 244 255 252 240 73 175 206 82 56 58 43 22 16 25 24 37 28 25 28 14 20 28 17 13 16 15 21 34 19 1 16 9 6 27 20 0 0 14 39 26 18 19 31
32 32 31 30 29 27 22 17 25 48 57 40 25 30 37 36 39 16 13 30 25 0 11 52 49 29 16 21 54 62 53 84 205 202 153 37 99 26 89 105 186 225 234 255 248 213 255 240 193 241 226 253 237 231 252 255 188 177 129 247 225 52 77 161 42 0 69 61 45 18 23 40 46 51 40 24 38 35 19 17 58 58 39 36 42 26 25 46 48 52 72 58 38 44 43 45 30 31 29 22
38 34 26 17 15 19 21 20 28 44 48 32 16 19 34 44 57 56 35 19 29 40 42 46 34 43 40 25 45 62 46 51 127 237 255 255 236 220 231 188 238 225 218 231 255 223 244 255 241 255 229 247 255 127 93 211 218 236 240 133 136 78 124 113 40 15 76 43 34 32 44 55 64 79 70 43 85 84 55 63 98 96 68 66 66 44 52 79 85 79 92 83 75 82 68 55 43 50 47 33
49 45 34 22 19 23 25 22 42 52 61 59 48 42 48 57 58 90 71 28 34 63 63 49 53 65 67 40 40 58 48 48 81 168 255 217 247 255 251 252 246 252 255 98 205 210 255 230 243 230 255 139 254 222 255 251 214 255 207 196 114 68 119 54 9 82 88 44 18 18 24 36 50 58 57 23 62 64 40 43 78 77 51 63 68 37 44 70 61 31 35 44 50 54 37 31 39 39 39 40
42 41 35 27 27 33 35 31 32 42 60 74 68 51 40 40 45 63 61 52 47 36 46 82 89 78 70 40 23 27 29 48 33 71 89 249 255 214 211 140 216 209 228 131 246 255 249 254 255 182 253 186 204 208 206 197 67 194 247 198 34 65 62 26 26 99 6 12 24 17 0 14 8 7 22 0 22 37 28 25 41 34 4 25 37 7 21 49 49 0 0 16 29 26 10 15 20 10 14 32
44 23 12 22 36 37 29 25 21 27 35 42 47 42 25 8 17 14 25 40 34 20 31 56 76 77 58 22 3 11 23 26 16 0 0 44 70 61 49 20 66 63 66 17 108 108 133 161 125 24 65 44 18 64 79 161 60 115 178 85 5 52 13 44 12 20 19 12 13 22 23 16 2 8 11 8 8 12 15 14 13 16 10 7 9 7 16 37 33 13 18 7 7 16 7 24 34 31 19 5
45 31 19 19 23 23 22 21 10 11 13 19 29 34 26 13 0 6 12 10 4 6 18 31 26 44 50 35 22 21 19 11 37 24 12 21 15 4 15 7 20 31 49 0 28 12 60 126 101 5 33 37 33 55 24 39 19 17 52 28 8 46 6 32 11 18 18 12 13 22 24 18 19 18 15 11 9 9 13 16 22 14 3 11 30 30 19 18 1 1 19 9 7 19 18 34 61 46 26 11
29 27 20 11 10 17 25 28 22 16 7 7 16 25 21 12 2 19 21 4 0 13 25 25 10 31 41 32 20 19 19 14 16 19 14 15 2 1 26 26 12 10 28 3 5 0 20 75 93 32 46 54 45 53 36 31 15 0 16 17 8 22 0 22 9 15 16 13 16 25 29 26 27 17 12 13 12 10 14 23 29 19 6 14 37 37 21 13 7 16 33 20 10 17 23 39 55 34 14 9
15 20 17 6 6 19 29 31 33 24 11 8 16 25 21 11 0 16 19 4 0 11 17 12 12 28 35 26 17 20 26 27 22 32 32 35 24 18 23 2 14 0 18 30 37 42 41 53 65 41 40 41 24 30 54 55 35 49 57 38 16 17 13 17 9 13 15 14 18 27 32 31 27 14 9 17 18 9 8 17 24 26 18 12 16 15 15 25 19 15 15 8 0 0 6 24 30 9 2 15
13 17 15 7 8 19 25 22 20 15 10 12 22 30 26 15 3 10 16 15 12 9 9 8 0 14 29 31 28 28 27 24 32 40 36 34 22 17 21 0 0 0 20 32 33 56 54 54 34 24 8 18 15 18 38 19 27 44 48 30 28 33 33 16 14 15 14 13 15 21 26 26 27 15 13 23 24 11 2 4 20 30 25 12 6 3 11 29 23 5 0 10 14 4 13 28 28 10 9 30
4 6 7 8 13 22 26 25 18 18 17 20 27 31 25 14 13 12 18 27 26 16 12 17 4 14 22 22 20 19 17 12 14 22 16 13 4 14 48 49 26 19 25 15 10 31 32 32 28 26 10 22 25 25 38 18 13 15 29 21 28 23 25 22 20 18 15 13 13 15 17 19 19 11 12 24 30 24 15 12 27 34 27 19 23 23 20 25 24 11 2 29 39 25 30 34 36 19 15 28
0 0 0 8 14 18 26 33 29 30 28 25 24 24 17 9 9 6 7 12 13 9 9 13 29 25 17 9 7 10 12 11 17 22 18 19 8 14 46 51 49 36 40 21 18 15 10 17 28 31 22 26 23 21 40 39 19 14 41 20 20 9 10 25 22 19 17 16 17 19 22 26 19 13 10 16 27 31 27 21 26 28 17 15 29 35 26 20 10 18 10 24 27 17 26 18 27 15 10 17
4 1 3 10 9 7 15 30 29 30 27 21 17 17 13 8 13 11 7 4 6 12 16 18 29 24 16 12 14 18 18 15 15 19 22 38 34 25 32 18 22 27 57 46 39 8 5 33 38 35 27 29 31 28 33 33 26 17 44 8 16 22 15 18 21 19 18 20 24 28 34 39 34 26 14 10 17 25 22 13 12 13 2 0 14 24 19 17 5 33 24 20 15 16 37 25 14 9 10 17
0 7 12 7 3 9 16 19 13 21 23 15 7 6 5 1 0 7 12 13 16 23 28 28 50 27 11 14 19 15 14 20 20 24 36 47 41 21 11 14 10 31 44 34 24 24 24 19 23 37 38 22 12 19 27 28 14 24 33 35 34 30 23 16 22 8 11 23 23 25 30 30 29 13 18 15 20 36 22 7 16 22 14 21 27 20 25 11 12 16 19 22 25 28 29 29 26 21 17 15
4 11 13 8 3 5 7 6 7 7 10 12 8 1 1 6 8 8 10 17 34 54 64 65 65 38 16 16 21 18 13 13 16 17 26 36 32 19 16 21 12 17 17 16 24 36 32 19 20 37 47 39 32 36 38 36 18 27 36 40 43 42 35 27 11 7 6 5 5 16 25 22 21 3 19 33 39 43 24 15 12 30 38 85 63 33 14 21 17 17 13 10 15 23 23 17 10 11 17 26
13 15 14 9 6 6 3 0 8 2 3 11 11 3 5 15 13 7 4 16 43 72 86 86 64 38 16 15 21 20 14 9 14 12 15 20 17 9 10 18 28 23 15 11 21 34 33 24 27 34 32 19 9 12 18 20 23 26 27 28 33 38 36 30 21 26 23 13 13 29 38 36 26 0 6 18 20 16 4 7 12 34 47 117 70 29 3 33 25 25 16 8 15 28 27 14 7 9 18 29
21 18 14 12 13 13 11 8 17 14 11 12 15 20 25 30 26 18 10 14 32 51 56 51 36 21 9 9 17 20 17 12 9 6 7 10 10 8 12 19 47 46 38 23 13 15 25 34 47 45 37 23 12 11 16 20 26 20 11 5 10 20 23 21 17 25 23 17 20 25 29 36 42 16 22 24 19 19 11 15 16 31 30 72 33 9 4 34 23 28 24 17 24 39 37 23 20 17 17 21
32 25 18 16 18 20 19 19 21 28 21 9 17 41 52 44 40 35 27 20 20 20 13 3 6 6 5 7 13 19 20 17 3 2 4 9 12 15 20 25 46 45 38 23 6 3 19 38 40 41 43 43 37 30 26 27 26 20 11 4 8 16 18 15 12 16 15 23 30 17 13 31 25 20 39 39 35 42 30 22 18 29 18 16 5 3 20 22 5 16 21 19 24 35 34 25 24 17 12 13
37 29 22 21 21 20 20 21 16 28 22 4 17 52 63 48 31 33 31 25 22 19 11 2 0 5 9 8 12 20 23 19 8 7 6 6 6 6 7 8 28 19 12 9 7 8 21 36 37 29 24 25 23 18 20 27 27 28 27 24 26 28 24 17 16 17 14 27 40 19 8 34 17 15 33 27 21 34 29 23 18 30 21 9 14 17 30 12 0 3 8 10 14 19 21 19 15 10 9 14
30 24 21 23 22 16 15 17 13 21 16 5 18 47 53 39 19 21 21 21 25 28 25 19 5 13 13 8 12 23 26 19 17 14 9 3 0 0 0 0 18 8 4 10 13 13 23 38 55 34 15 8 6 6 17 32 33 36 36 32 29 28 23 18 11 15 3 7 25 13 2 25 30 18 29 22 12 20 21 29 20 29 17 33 25 22 21 17 20 12 6 8 12 14 17 22 19 13 12 18
19 16 18 23 21 14 11 14 17 17 12 9 21 36 37 27 24 22 16 14 19 25 23 16 14 18 13 5 12 27 29 19 16 14 9 5 4 6 7 6 22 18 20 24 18 11 22 42 45 24 8 7 6 3 11 24 40 40 33 22 15 14 15 13 16 26 6 0 19 18 10 28 12 0 18 26 15 8 3 16 25 25 4 50 21 12 5 29 55 32 15 15 19 19 24 33 36 25 18 18
14 8 6 11 12 9 10 14 23 21 21 23 24 24 26 30 28 46 39 9 2 22 29 16 22 9 20 11 13 24 9 17 16 8 15 26 23 19 16 9 33 25 22 23 14 8 26 53 51 44 4 26 18 22 27 26 35 23 21 28 22 5 4 17 21 20 9 10 23 14 9 28 16 14 21 30 23 5 0 5 19 24 17 17 25 14 7 25 53 28 12 16 21 19 24 37 35 22 19 29
27 13 3 5 11 13 13 14 25 38 47 39 23 16 24 34 46 56 45 17 9 24 31 22 21 21 31 10 5 18 6 6 13 13 32 48 40 28 26 25 32 20 14 15 11 9 28 54 61 53 25 54 43 31 27 30 20 14 23 41 44 29 21 25 25 20 14 17 23 16 15 28 21 21 27 33 27 15 10 14 11 13 13 17 24 21 24 38 38 21 9 10 12 11 13 20 24 19 22 31
55 33 12 8 14 17 14 10 13 31 40 26 7 2 8 13 26 30 21 4 0 13 21 19 5 23 37 15 6 19 11 6 10 12 36 55 41 24 30 41 38 26 19 21 19 16 24 40 39 33 24 55 44 19 8 13 21 18 27 45 50 35 20 16 20 12 18 30 30 31 37 41 20 23 27 28 27 23 21 20 8 5 14 21 21 28 40 45 21 18 13 10 10 10 9 8 10 14 21 27
54 35 16 11 17 22 20 15 22 28 26 15 12 18 16 8 17 17 13 8 10 17 22 21 0 22 42 33 19 17 12 8 10 5 22 35 20 7 24 46 44 34 30 34 32 21 14 16 18 21 27 44 37 20 9 10 22 20 24 31 29 16 6 3 14 5 21 36 30 33 42 37 12 16 18 16 19 24 24 20 15 9 21 28 20 30 43 35 12 20 23 20 20 24 21 13 11 19 23 20
19 14 8 9 18 26 29 28 23 22 14 7 11 20 20 13 20 19 17 15 16 17 14 9 6 26 45 52 35 11 6 7 13 3 12 21 7 0 19 40 36 25 20 26 27 19 8 4 8 21 34 25 23 24 20 12 14 19 25 25 18 10 7 8 13 6 20 30 17 17 22 13 8 10 9 9 14 22 23 18 21 16 26 29 22 32 38 21 10 22 30 30 34 41 38 27 25 28 25 16
4 9 13 16 21 27 29 27 8 10 9 4 0 0 11 21 19 17 12 8 11 14 10 1 10 24 35 52 40 12 15 19 14 10 20 25 11 7 21 33 20 7 0 4 12 14 12 11 15 27 43 11 14 27 27 16 22 34 44 41 31 24 21 20 12 11 17 19 12 12 17 16 21 16 12 14 20 24 23 20 22 22 23 22 25 37 35 16 11 20 28 32 39 46 43 34 27 24 19 14
11 18 23 24 25 27 23 16 12 15 21 22 13 8 23 45 43 39 25 11 13 25 25 15 12 25 21 32 28 16 31 31 12 17 30 27 11 11 26 33 17 6 0 1 12 19 22 23 29 31 50 14 22 32 33 28 28 39 46 41 33 30 26 21 14 19 14 9 12 17 25 37 43 30 23 28 32 28 24 24 21 26 15 8 27 42 33 18 14 16 19 27 35 39 35 29 21 15 15 23
9 15 20 22 25 27 20 10 16 12 18 29 27 21 32 54 68 59 34 7 5 20 22 11 23 36 17 14 11 12 36 28 8 19 31 20 1 7 28 35 26 18 12 17 25 30 30 28 16 8 31 1 12 16 16 18 14 21 22 17 17 23 23 18 22 30 14 0 7 13 21 43 60 41 32 39 41 31 24 26 22 29 9 0 26 44 32 21 18 13 13 22 30 31 27 22 20 13 20 40
20 21 15 10 19 32 30 18 15 16 17 23 37 48 43 32 32 46 45 25 14 19 22 16 42 43 28 7 15 45 57 49 6 21 41 39 20 17 29 32 20 19 22 28 25 16 11 13 15 13 11 11 9 4 1 1 9 5 6 13 18 18 18 21 22 16 19 27 25 16 16 24 60 68 49 26 23 15 8 19 33 15 1 9 34 45 26 0 18 12 39 13 24 22 17 17 15 14 30 55
20 15 6 4 16 32 39 37 18 10 10 22 33 32 21 12 0 23 41 37 27 23 23 20 53 58 48 29 32 56 68 63 19 28 44 48 37 34 31 20 8 10 16 19 14 5 5 11 25 30 30 22 12 6 7 10 17 12 9 13 21 26 26 22 19 15 18 26 24 15 15 22 48 55 44 23 11 4 4 12 10 13 17 22 29 30 19 6 6 9 36 13 28 33 19 1 11 17 27 34
25 16 10 14 18 17 15 14 20 8 6 20 28 19 6 1 0 21 45 50 37 23 21 26 35 43 37 19 16 30 39 35 28 24 30 38 41 43 34 13 7 11 16 15 6 0 1 9 21 32 35 23 12 13 18 20 20 18 12 9 18 29 27 17 14 12 16 23 22 15 13 19 27 30 33 22 3 0 8 9 0 17 33 31 20 14 15 17 13 23 45 33 56 68 45 10 17 32 42 40
10 9 22 44 49 34 21 19 14 10 9 13 15 11 6 3 17 25 37 42 30 18 23 37 40 44 38 24 19 25 26 19 27 12 8 16 29 45 45 28 18 19 19 14 6 0 1 6 11 19 20 14 16 28 33 29 20 25 22 12 15 26 24 12 6 6 12 18 19 13 13 16 15 14 28 30 14 19 28 18 9 24 34 27 15 12 17 23 12 14 24 31 58 70 47 14 9 22 36 44
14 13 26 46 45 25 10 10 12 17 17 10 6 8 11 11 17 11 12 18 18 16 26 42 50 49 42 35 35 38 33 24 18 4 0 8 23 48 59 49 28 25 20 15 13 12 11 9 14 10 5 7 23 39 38 26 18 30 32 19 13 18 17 9 2 4 9 14 15 12 12 15 15 12 28 38 33 41 44 26 16 19 20 21 24 28 24 18 22 10 1 25 46 51 36 19 15 11 20 39
41 31 26 26 17 1 0 3 23 28 30 26 19 15 17 20 16 7 3 10 16 17 22 28 30 26 22 23 29 32 27 21 9 1 3 10 20 41 53 46 34 31 26 22 25 30 28 23 20 7 0 4 21 29 22 11 12 24 27 16 5 5 7 6 6 8 11 13 12 11 12 13 14 13 20 29 33 38 34 18 12 10 11 22 39 45 31 13 42 24 0 29 37 36 31 29 29 12 9 24
39 33 28 26 22 19 26 37 30 22 29 47 44 22 14 23 22 17 13 15 19 19 16 12 15 12 12 17 23 26 26 27 18 10 10 10 11 24 32 26 31 32 30 25 27 33 33 29 18 5 1 10 17 14 9 10 15 17 17 10 2 0 5 10 16 18 17 14 11 10 10 11 11 17 13 12 22 24 17 14 15 15 18 28 43 49 37 21 33 28 0 21 18 21 25 24 18 9 5 9
25 27 29 27 21 16 16 19 25 3 14 56 59 21 2 17 19 18 16 15 18 20 16 11 7 7 10 15 17 18 23 30 39 27 18 10 3 12 19 13 20 26 26 19 16 20 22 21 13 6 10 22 20 9 12 25 27 20 15 12 9 8 14 23 26 26 23 17 11 10 9 9 13 25 15 7 19 20 14 23 27 29 31 33 39 44 41 34 26 36 5 23 14 25 33 29 15 23 26 23
27 28 30 27 15 3 3 9 9 13 21 28 27 17 7 1 3 19 25 17 14 19 16 6 4 12 26 34 21 8 21 47 49 29 13 12 15 12 11 15 24 25 23 17 15 18 19 17 19 18 19 25 31 32 25 18 13 21 29 31 26 22 26 34 38 17 13 22 20 17 18 15 13 29 20 9 24 26 11 8 18 41 32 40 19 23 32 37 12 14 19 22 20 17 22 30 8 15 42 55
32 35 33 25 15 12 17 24 54 47 29 7 0 7 10 6 0 14 25 25 24 23 15 6 12 20 33 38 28 17 24 39 52 33 12 3 3 7 13 19 26 25 21 17 19 24 25 21 31 26 24 29 34 30 15 1 10 13 22 33 41 42 38 34 36 18 14 19 14 13 19 22 23 31 20 13 24 20 5 3 18 31 17 32 19 25 33 38 15 18 17 14 20 29 29 21 16 24 36 37
25 31 29 19 15 20 24 23 19 30 31 20 19 27 22 7 4 11 21 27 27 22 16 13 6 18 31 38 35 31 29 30 37 26 9 0 1 14 22 23 23 22 17 13 14 18 16 11 21 16 13 20 28 26 11 0 15 10 12 25 44 53 47 37 31 14 11 15 12 18 33 40 28 29 25 29 37 24 4 1 22 25 8 32 25 24 23 25 18 27 25 13 14 28 28 16 24 36 30 16
9 17 19 16 22 33 28 12 0 13 25 24 19 13 7 0 17 14 15 19 19 16 18 22 5 18 32 40 42 39 27 14 14 14 9 7 19 34 36 27 14 19 20 18 17 20 19 16 18 13 11 15 21 22 16 8 21 13 5 6 19 32 35 31 37 19 13 14 14 24 41 47 26 23 29 46 52 33 12 7 23 23 9 37 27 15 5 4 17 26 26 14 5 8 11 11 21 40 26 2
1 6 7 10 28 44 36 15 4 20 49 69 56 25 9 13 23 17 13 14 14 13 17 22 10 22 35 43 44 36 17 0 8 11 11 14 27 40 34 20 6 18 28 30 29 32 36 37 33 29 23 18 15 14 16 17 22 21 12 0 0 4 13 17 44 26 17 16 15 24 36 37 24 15 23 42 43 27 16 14 24 27 13 39 25 14 8 12 22 13 9 12 10 3 1 6 20 40 30 8
3 1 0 4 22 39 36 22 14 28 64 94 79 35 15 24 22 19 14 12 13 16 17 17 0 8 21 32 34 26 13 4 13 13 12 12 15 17 12 4 7 18 26 24 21 22 25 25 23 22 18 10 3 1 7 13 21 30 30 15 2 3 10 13 27 16 14 17 17 27 38 37 26 10 14 23 15 9 15 17 30 36 21 41 29 29 35 43 36 10 0 17 33 27 16 13 31 41 38 30
13 11 10 14 21 25 22 18 36 29 31 34 19 0 0 17 24 23 15 6 8 20 25 22 0 0 10 22 23 15 13 19 15 20 25 23 12 1 0 5 16 17 14 9 8 11 11 8 7 9 10 8 5 3 4 6 12 24 28 19 13 16 18 15 5 7 19 23 19 27 40 42 21 8 13 15 0 1 16 19 24 36 22 40 31 38 43 45 35 18 11 26 42 43 32 25 40 30 32 40
27 28 34 37 31 18 10 10 3 3 8 14 13 11 16 26 30 28 13 0 0 21 34 32 20 15 19 25 19 7 11 25 17 29 46 48 28 7 8 23 22 16 7 4 12 23 24 19 16 18 22 25 24 19 11 5 0 6 8 4 9 20 22 14 4 15 33 34 19 20 32 35 13 7 19 21 3 5 21 19 8 25 14 32 25 30 25 15 17 23 28 28 30 33 32 28 35 9 12 31
18 24 32 38 42 37 20 4 0 13 21 22 24 21 22 34 11 16 13 4 7 26 44 52 30 27 23 19 18 21 29 34 22 22 40 47 46 30 18 45 16 21 17 16 24 26 26 34 28 27 26 25 21 20 29 40 10 15 14 4 0 5 18 28 7 17 20 14 14 24 32 34 14 14 16 15 10 8 21 37 6 18 22 18 28 41 33 11 17 35 61 25 20 19 16 5 30 30 25 17
2 12 27 43 53 49 27 5 5 17 17 11 8 1 2 15 22 25 20 12 17 36 53 60 36 35 33 30 28 28 30 33 19 16 27 32 40 33 14 28 19 23 17 14 20 19 17 24 14 12 12 13 14 19 33 48 22 25 22 11 5 10 19 25 9 17 18 13 14 24 30 29 17 17 17 14 6 3 13 28 29 30 25 22 33 51 54 46 37 40 53 16 14 16 20 19 38 38 34 27
9 21 43 66 83 78 49 21 8 18 15 7 5 2 7 22 42 38 26 12 12 25 34 34 30 31 32 30 26 22 20 20 17 11 15 17 35 40 14 10 24 26 18 12 15 11 7 12 8 8 10 12 10 9 18 28 27 28 23 15 11 16 21 22 12 17 15 10 14 24 27 22 18 19 20 15 7 4 14 27 28 17 8 10 22 35 43 46 47 35 43 15 19 18 25 32 35 36 32 26
9 19 38 63 81 75 43 11 10 20 19 12 13 13 21 38 52 44 24 4 0 8 10 4 20 21 22 21 16 11 8 7 16 14 14 10 34 48 18 2 27 29 19 11 12 6 1 5 3 8 16 20 14 4 0 2 20 20 16 12 13 20 23 22 15 16 13 9 14 24 24 16 16 20 22 18 12 12 23 35 28 14 9 21 30 30 30 35 38 22 36 24 35 27 27 34 25 27 24 19
