3 5 7 9 10 10 10 9 12 11 8 9 15 19 14 4 0 1 5 7 6 5 3 3 13 9 10 16 18 14 14 19 21 9 2 8 16 16 10 4 10 6 4 5 4 0 0 2 6 6 5 3 0 0 0 2 6 8 12 15 16 15 15 14 12 16 15 11 13 20 23 20 28 27 21 11 6 9 11 11 14 9 10 15 16 10 7 8 11 4 9 25 28 17 12 17 4 5 7 9
4 6 8 10 11 10 10 9 11 10 7 6 9 13 11 5 2 5 8 10 9 7 7 7 23 15 9 9 11 14 23 33 26 15 7 9 15 15 11 10 13 9 8 8 5 0 0 0 2 4 5 5 2 0 0 1 4 6 9 11 12 12 13 14 11 14 12 9 11 19 24 23 19 17 11 7 8 13 11 6 10 6 7 13 15 10 7 8 9 5 7 15 17 11 9 13 6 8 9 11
6 7 9 10 11 11 10 9 10 11 7 2 2 6 8 6 8 10 12 12 11 10 10 11 25 17 10 8 10 16 27 36 31 21 12 10 10 8 8 10 12 9 10 12 9 2 0 0 0 4 8 10 8 5 3 2 2 4 5 6 6 7 10 13 10 11 9 6 9 17 23 24 16 14 10 10 16 21 18 10 10 8 9 13 14 10 7 6 7 7 7 6 4 4 6 8 8 8 10 11
7 8 10 11 11 10 9 8 10 12 9 1 0 1 7 8 12 13 14 13 11 10 11 13 14 12 11 12 14 16 19 22 27 20 14 11 8 3 3 5 7 6 10 15 14 7 2 2 1 6 13 16 15 11 8 6 3 5 5 3 1 2 6 10 13 11 8 6 8 13 18 21 16 16 14 12 15 20 18 13 13 11 11 13 13 11 7 5 6 10 9 3 0 3 6 5 6 6 6 7
8 9 10 11 10 9 8 7 10 13 10 2 0 1 7 10 11 12 13 12 10 8 9 10 6 8 10 11 11 10 9 7 14 12 12 15 13 7 5 7 6 6 11 17 16 9 3 2 1 6 12 16 15 12 8 7 7 8 8 4 0 0 3 8 16 13 10 9 8 9 11 14 10 14 13 6 2 5 8 9 9 9 8 8 10 12 11 9 7 12 12 7 5 8 8 5 3 3 3 2
8 9 9 10 9 8 6 5 8 11 10 4 0 3 7 9 9 10 12 10 8 6 5 6 6 8 8 4 4 6 5 3 3 3 9 17 19 15 12 13 9 9 13 18 16 7 0 0 0 3 7 10 9 6 5 4 10 12 13 8 2 1 5 10 18 15 13 14 12 7 5 7 7 13 13 5 0 0 6 9 3 4 2 1 5 13 16 14 11 10 10 12 14 13 10 8 5 5 3 2
7 8 9 9 8 6 4 3 4 8 8 5 4 6 7 5 6 9 11 10 7 4 2 2 5 9 9 6 5 9 8 4 1 1 6 15 20 16 11 9 9 8 12 17 15 7 0 0 0 2 4 4 3 2 2 3 10 14 17 13 7 6 10 16 16 14 16 20 17 8 2 2 6 12 14 10 8 11 14 15 8 8 4 0 4 13 18 17 16 6 3 12 18 15 12 13 12 11 10 8
7 8 8 8 7 5 3 1 1 5 7 5 6 8 6 2 5 8 11 11 7 3 1 0 1 9 14 13 14 15 11 3 6 3 4 12 15 10 3 0 5 5 9 15 15 8 3 3 3 3 4 3 1 1 3 5 9 15 19 17 11 10 15 21 14 13 17 23 20 9 1 0 3 8 11 12 15 20 20 16 19 18 11 3 5 14 19 17 19 2 0 10 19 15 12 16 19 18 16 14
9 7 6 6 4 1 1 2 3 4 5 3 1 2 7 11 5 9 12 11 10 9 7 6 11 12 11 11 14 16 16 13 11 9 7 6 6 5 3 1 4 6 12 17 13 4 0 0 0 2 3 3 1 0 0 0 10 14 14 12 15 20 16 8 16 12 17 26 25 13 6 7 10 9 9 9 10 11 10 9 12 8 5 6 10 14 16 15 12 9 6 4 6 9 14 17 17 18 18 18
10 9 9 8 5 1 0 0 5 5 4 1 0 0 2 6 11 14 16 16 15 15 16 17 12 12 11 9 8 9 10 10 14 13 11 9 7 5 5 5 15 14 16 19 17 9 3 2 1 3 4 4 2 0 0 1 3 7 9 9 12 16 13 5 0 3 16 28 31 25 22 22 16 12 6 3 4 8 12 15 10 8 6 7 9 11 10 9 12 11 10 9 9 9 10 10 13 13 14 14
6 9 11 10 7 4 2 1 6 5 4 2 1 2 6 10 15 15 15 15 14 16 20 23 20 19 17 13 8 6 9 14 10 11 10 8 4 4 8 11 24 18 15 17 17 11 5 3 2 4 6 5 3 2 2 3 4 8 11 12 15 18 15 10 2 12 21 24 24 25 24 22 17 15 11 8 8 11 15 17 8 8 8 9 10 9 5 2 10 11 13 14 14 12 10 9 12 11 11 11
0 7 12 12 10 10 9 8 6 6 6 7 10 14 20 23 14 11 9 9 8 9 14 21 23 21 19 15 8 5 11 20 1 4 5 3 0 2 9 16 22 14 8 10 12 9 4 1 4 6 7 7 5 3 3 4 10 11 13 13 15 16 14 12 19 23 19 10 10 18 19 13 10 15 21 24 23 19 15 12 7 9 11 14 13 10 6 3 8 10 13 16 17 17 16 16 14 13 13 12
0 9 15 13 10 12 13 11 7 7 8 11 16 22 26 28 15 10 8 9 7 5 9 17 18 15 13 12 7 4 11 22 2 5 6 3 0 0 6 13 14 6 2 6 9 7 3 2 5 6 8 7 5 4 4 5 9 8 8 8 6 5 5 6 12 12 7 1 8 20 20 11 6 14 24 29 27 20 13 9 9 11 15 17 17 14 11 9 13 13 14 15 17 19 20 21 16 15 13 12
2 13 18 12 7 9 10 7 10 9 10 13 16 19 19 18 18 12 11 14 12 7 10 18 18 12 11 14 12 9 16 27 16 16 14 9 3 0 2 5 6 2 2 7 10 8 4 4 5 6 8 7 5 4 4 5 8 8 9 11 8 2 0 3 2 4 6 11 18 21 13 3 7 13 18 20 17 13 12 12 12 14 17 18 16 14 13 13 18 17 15 14 14 16 18 20 15 14 11 9
0 12 16 8 2 6 8 6 10 9 10 12 14 13 10 6 14 9 11 17 16 8 9 17 21 13 11 17 18 15 20 30 27 24 20 14 8 3 0 0 1 1 5 11 12 7 4 4 4 6 8 7 5 4 4 5 8 10 17 24 20 10 4 6 8 11 19 26 23 13 4 0 8 12 15 14 10 8 11 14 15 17 17 14 11 9 10 13 15 14 12 12 12 14 16 17 15 14 11 8
0 8 12 3 0 5 9 8 8 8 9 12 14 12 6 1 6 2 6 15 15 6 6 14 19 9 6 14 17 14 16 25 29 25 20 15 10 5 0 0 0 0 7 13 12 5 1 2 4 6 7 7 5 3 3 4 4 9 21 32 29 15 6 6 16 19 27 32 23 7 3 11 6 12 17 16 12 9 10 13 17 17 16 11 6 4 7 10 7 7 9 10 12 15 17 18 17 15 12 9
0 3 6 4 0 0 3 8 7 9 11 12 12 9 6 4 6 8 12 12 5 0 2 10 4 0 0 2 4 3 4 8 17 7 3 10 16 12 5 1 0 4 9 12 11 7 4 2 3 5 7 7 6 4 3 4 8 11 20 28 25 11 2 0 6 19 28 22 12 7 8 9 15 12 9 8 9 9 9 8 9 18 17 3 0 4 8 5 1 2 4 6 9 12 14 16 11 9 7 7
6 8 10 7 2 0 2 6 9 11 14 17 18 18 16 15 9 9 11 15 13 8 7 10 16 8 5 10 14 13 9 8 25 12 2 4 10 12 13 15 6 9 13 14 11 7 4 2 1 4 6 7 5 4 3 4 6 7 12 19 18 12 9 12 8 17 22 15 6 6 11 15 19 16 11 8 8 9 8 8 13 16 13 6 3 7 10 10 5 5 5 6 8 11 13 15 11 9 7 7
6 8 9 6 2 0 2 5 7 10 14 18 21 23 23 23 23 20 21 28 31 27 23 22 22 14 11 18 25 23 15 9 22 10 1 2 7 12 16 20 11 13 14 12 8 4 2 1 1 3 6 6 5 3 3 4 6 4 6 10 12 14 20 27 19 24 23 13 5 7 15 20 22 18 12 8 7 7 8 8 14 9 7 10 12 11 11 14 10 9 7 6 7 9 11 13 11 9 7 6
1 2 3 2 1 1 3 6 2 4 9 13 17 19 20 21 26 23 23 28 30 27 25 25 18 14 15 23 27 23 16 12 6 3 3 6 10 12 12 11 11 11 11 8 4 1 1 1 5 7 9 9 6 4 3 3 9 7 6 6 9 15 24 32 32 33 28 16 8 11 17 21 20 15 9 5 5 7 9 10 12 2 3 17 22 14 10 13 14 12 9 7 6 7 9 11 9 7 5 5
2 3 3 3 2 2 4 6 0 2 5 8 11 13 14 15 13 11 12 14 12 9 11 15 18 18 22 26 24 16 12 12 1 4 7 9 11 11 9 6 10 10 9 6 3 2 3 5 11 12 13 12 8 5 3 3 9 9 8 5 5 11 18 23 28 29 24 15 10 12 15 16 15 11 5 3 5 9 12 14 11 1 5 24 32 20 11 12 14 12 10 7 6 7 8 8 8 6 4 4
11 10 8 7 5 5 5 5 3 4 6 9 11 12 13 13 12 11 14 16 15 11 13 19 22 23 26 26 19 9 7 11 11 14 14 9 8 10 12 12 10 10 10 8 5 5 7 9 13 14 15 14 10 6 4 4 7 10 8 4 2 7 10 11 12 14 12 7 7 11 12 11 10 7 4 4 8 12 16 17 12 6 12 28 34 24 14 14 10 10 9 8 7 7 7 7 9 7 5 5
13 11 9 8 7 7 6 6 7 7 9 11 13 14 15 16 20 19 23 31 35 33 30 30 21 19 19 19 15 9 8 11 19 23 21 12 7 10 13 12 10 11 10 8 6 5 7 8 10 12 14 13 10 7 6 6 7 11 10 4 3 8 11 10 7 8 6 4 6 12 13 10 10 8 6 8 12 16 19 20 14 11 14 23 27 21 15 14 6 6 7 8 8 7 6 5 13 11 8 8
8 6 5 6 7 8 8 8 8 8 10 12 14 16 17 18 20 17 22 35 46 44 36 30 16 10 7 10 12 11 11 13 18 25 26 18 10 10 9 6 9 9 9 7 4 2 3 4 6 9 11 12 10 8 8 9 8 13 12 7 6 12 16 15 14 13 10 6 9 15 16 12 11 10 9 11 15 18 20 20 13 12 13 15 17 16 14 13 2 4 6 8 9 8 6 5 15 13 11 11
11 3 2 8 12 9 7 8 9 7 3 0 1 5 7 6 13 11 11 15 21 24 23 21 14 8 4 7 12 17 19 21 26 24 21 18 14 11 8 6 8 12 12 5 0 0 1 0 5 6 10 15 14 9 9 12 9 13 13 9 8 13 17 17 16 17 13 7 6 11 14 13 12 11 9 9 10 13 17 19 15 10 6 8 10 10 9 9 8 1 5 19 24 13 4 3 7 12 13 9
6 0 0 7 13 11 9 10 8 8 7 5 5 7 9 10 13 10 6 6 11 18 25 29 28 21 13 10 13 19 27 33 28 24 17 11 9 10 11 12 6 11 12 6 1 2 4 3 5 5 9 15 15 10 7 9 13 16 15 9 7 10 13 13 16 16 13 6 5 10 12 11 8 7 6 5 7 10 14 16 7 4 2 4 9 11 13 13 11 6 9 22 26 16 6 5 4 9 10 6
8 6 7 11 13 11 12 15 9 11 14 13 10 8 10 12 10 11 12 14 18 21 23 25 15 13 10 8 9 15 23 29 23 19 13 10 9 9 9 8 5 11 12 7 3 4 6 6 11 10 13 19 21 16 11 10 11 14 13 8 6 9 12 12 15 16 12 6 4 8 9 8 3 2 1 2 3 6 10 12 6 5 4 5 9 13 15 15 16 11 15 25 28 18 9 7 4 8 9 6
16 19 22 17 10 8 16 25 12 15 19 19 13 6 7 11 14 10 7 9 14 17 15 12 2 9 15 14 11 10 9 8 11 11 12 14 15 12 6 0 7 12 14 9 5 5 6 5 12 10 13 20 22 17 11 9 4 8 8 5 5 10 15 15 14 15 11 5 3 6 7 5 1 0 0 0 2 5 8 9 15 15 13 11 11 14 15 14 18 15 18 25 26 18 10 8 8 12 13 9
16 25 29 17 3 3 20 37 17 17 19 19 12 2 2 8 20 8 0 0 6 13 14 10 8 18 25 22 16 13 7 0 5 5 8 14 19 19 14 8 9 14 16 11 5 4 4 3 5 4 7 13 15 10 5 5 3 7 8 4 4 10 14 15 13 14 11 5 3 5 6 3 2 2 2 2 3 5 7 8 18 21 19 13 11 14 15 12 18 16 17 21 20 15 10 8 11 15 16 12
8 19 22 10 0 3 22 40 22 17 16 16 9 0 0 7 15 12 13 23 34 35 24 13 3 11 13 8 8 15 17 13 8 5 3 8 17 23 24 22 9 15 17 11 5 4 3 1 3 4 8 13 12 8 7 10 13 16 14 8 5 8 10 10 11 13 10 5 4 6 6 4 6 6 5 5 6 7 7 8 12 18 17 9 7 12 14 11 16 15 15 14 13 11 9 9 10 15 15 11
4 12 12 4 0 7 21 30 26 15 10 11 8 1 3 11 9 16 29 42 47 41 28 18 7 10 6 0 2 15 20 17 11 5 1 4 13 18 18 16 6 12 15 11 6 4 4 1 5 8 14 17 14 9 13 21 25 27 23 14 8 8 8 7 10 12 10 6 5 7 8 5 9 9 8 8 7 7 7 7 8 15 15 6 4 10 13 9 15 14 12 8 6 8 10 11 10 15 15 11
8 10 8 2 3 12 17 17 27 14 6 8 8 3 6 15 12 15 17 16 14 15 20 24 35 35 25 12 10 18 16 7 10 6 3 6 11 11 3 0 3 10 14 10 6 5 5 3 3 7 14 16 11 7 13 24 31 32 28 18 11 11 10 8 9 11 10 6 5 8 9 6 11 10 10 9 8 7 6 6 9 17 17 6 3 9 11 7 15 14 10 5 3 6 10 12 12 16 16 12
8 8 8 8 8 9 9 10 23 16 6 3 11 18 11 0 5 12 18 18 15 14 18 22 30 22 17 17 17 14 13 15 5 5 6 8 8 4 0 0 0 13 19 10 2 3 6 5 3 3 9 15 6 0 3 23 23 15 13 18 15 5 1 7 7 9 12 14 14 11 7 4 6 8 10 11 11 8 5 3 8 14 17 16 18 24 24 19 26 27 20 8 4 10 16 16 15 10 7 10
9 12 16 18 17 12 6 2 20 12 6 8 14 16 9 2 2 9 15 14 8 6 10 16 21 16 13 14 12 7 4 4 7 7 7 8 10 9 7 4 0 9 14 11 5 4 5 5 8 9 14 16 8 0 3 16 30 19 15 20 19 7 0 0 6 9 14 17 18 15 12 9 0 3 6 9 10 10 8 7 6 12 14 11 10 14 15 14 13 19 21 17 16 19 20 18 17 11 9 12
10 13 16 18 15 9 2 0 16 9 8 15 17 11 6 7 2 8 13 11 5 2 5 10 16 14 16 20 18 11 7 7 13 10 7 7 8 10 11 10 4 4 8 12 10 4 3 5 5 8 12 11 7 4 4 5 19 10 7 15 19 11 3 0 5 9 13 17 18 17 14 12 3 4 7 10 11 11 9 8 5 10 11 5 1 3 7 10 9 15 18 17 17 19 20 19 16 11 8 11
10 10 10 9 8 7 5 4 16 8 10 20 19 5 1 9 9 10 10 10 9 9 9 9 10 14 21 28 27 19 16 17 19 14 7 4 4 6 9 10 10 4 5 13 13 4 0 3 1 6 10 10 11 12 9 2 13 8 7 12 14 10 8 10 9 10 11 12 12 12 12 12 13 13 14 14 12 9 7 5 5 10 11 5 0 0 6 13 21 19 15 8 5 8 14 17 14 8 6 8
11 12 14 16 17 18 18 17 16 10 13 21 16 2 0 9 15 9 5 7 14 17 13 7 6 12 22 29 26 17 14 17 20 14 7 3 3 7 10 12 15 7 6 12 12 4 0 2 4 9 12 13 16 17 11 2 22 21 19 14 6 2 6 14 17 15 11 7 6 8 10 12 16 16 15 13 10 6 3 1 7 10 12 9 4 3 11 19 28 22 14 7 2 2 8 14 14 9 6 8
12 17 26 33 35 32 27 24 16 13 14 17 12 3 3 10 15 7 0 3 12 16 11 4 9 15 25 29 21 11 8 12 16 11 6 4 6 11 15 17 16 11 9 10 9 6 4 5 8 8 10 13 14 10 3 0 19 21 20 10 0 0 7 18 24 20 13 7 5 6 9 12 10 9 9 7 5 3 1 0 6 8 12 14 11 8 13 20 20 17 16 15 11 7 8 12 18 12 9 11
10 16 24 30 31 28 22 17 14 14 12 10 7 7 10 14 12 7 3 3 6 8 5 2 10 17 25 26 17 6 5 11 12 9 5 4 7 10 13 14 13 14 12 7 6 9 11 10 11 6 8 16 16 6 0 0 17 20 19 10 1 1 10 19 21 18 13 8 6 5 7 8 5 5 5 4 3 2 1 0 4 4 9 15 14 9 9 14 11 10 13 17 16 10 9 13 19 13 10 12
9 10 12 13 13 11 9 7 12 14 10 4 4 11 16 17 10 10 8 5 2 1 1 3 4 10 19 20 10 0 2 11 11 8 4 3 4 5 6 5 9 15 14 5 3 12 17 15 17 9 12 25 25 13 8 14 34 35 30 20 11 9 12 14 15 13 11 8 6 4 3 2 7 7 6 4 3 2 1 0 3 1 6 14 15 8 4 6 10 7 8 12 11 7 8 15 18 12 9 11
2 11 11 0 0 0 5 3 9 15 12 3 5 16 15 4 2 17 18 1 0 4 5 0 0 8 18 19 11 4 6 14 19 11 7 12 14 9 4 3 7 3 6 14 16 12 9 11 7 18 10 10 25 9 0 27 45 32 22 22 17 9 11 20 15 13 9 8 8 10 11 11 4 4 4 4 4 4 3 3 4 7 9 8 4 1 3 5 8 3 2 4 1 0 0 5 7 2 1 5
6 15 16 5 0 6 10 7 15 18 16 10 9 13 8 0 1 17 22 12 8 15 15 7 6 12 19 18 11 5 8 13 18 14 15 21 21 15 10 10 12 11 16 24 25 16 8 6 0 6 3 5 15 7 5 25 44 27 14 12 11 7 11 19 24 22 20 18 17 15 14 13 7 8 10 10 10 8 6 5 6 8 10 8 5 4 7 10 11 6 4 6 5 3 8 16 13 7 3 5
11 18 18 9 5 10 14 12 11 11 12 12 12 9 4 0 3 18 25 19 16 20 17 9 12 16 19 17 12 9 9 11 14 16 20 25 23 17 14 14 9 11 18 26 26 16 5 0 5 11 15 16 17 17 23 31 56 35 17 13 14 13 15 21 18 19 21 20 18 15 11 8 9 10 12 13 13 11 8 7 10 12 13 11 7 6 9 13 19 15 12 12 12 12 18 26 20 13 7 7
15 18 16 8 6 11 17 17 5 2 4 10 11 7 5 7 6 15 20 15 11 11 7 0 11 15 17 16 15 14 11 7 9 14 19 20 15 10 9 12 5 7 13 19 21 17 10 5 8 10 18 17 8 11 20 20 55 34 13 7 9 8 6 5 6 10 15 18 16 12 8 5 6 7 8 9 9 10 10 10 17 20 21 18 13 8 7 8 23 22 20 19 17 17 21 25 22 16 12 14
20 19 14 8 7 13 19 22 16 12 12 14 13 9 9 13 7 9 9 6 3 0 0 0 6 12 16 16 16 17 13 5 8 13 16 11 4 2 4 8 5 6 8 12 17 21 22 21 13 14 23 24 12 11 19 21 56 38 20 15 17 16 10 4 4 10 16 18 16 11 7 5 4 4 3 4 6 10 13 15 26 30 32 29 20 11 5 3 14 17 19 19 17 17 17 17 18 15 15 19
20 18 14 11 12 16 21 24 34 33 30 24 18 15 14 15 6 3 1 2 1 0 0 1 4 13 17 15 15 18 15 7 11 16 16 9 2 2 5 7 3 4 4 4 10 19 23 22 15 20 27 32 27 17 21 34 49 36 23 20 24 24 17 9 6 11 15 15 10 4 1 0 5 4 4 5 8 12 15 18 29 33 35 31 22 11 4 1 0 6 12 13 13 15 15 13 15 12 14 20
14 13 13 15 16 17 17 18 31 37 37 27 21 22 20 15 6 0 0 4 5 2 2 7 9 18 21 13 11 16 17 11 11 16 17 11 7 8 9 7 4 7 7 5 8 14 13 8 2 11 15 25 28 7 3 31 29 19 8 4 7 9 4 0 2 7 10 8 2 0 0 0 4 5 7 9 11 12 12 13 21 23 25 21 13 6 3 2 0 5 10 10 11 15 16 13 14 10 10 15
6 6 10 16 18 15 12 10 13 26 31 22 19 26 26 17 7 1 0 7 9 3 2 7 16 24 23 12 7 14 18 15 8 15 17 13 11 13 12 7 11 16 18 15 15 15 8 0 7 18 18 30 39 9 0 37 35 26 15 9 10 12 8 2 0 4 7 6 1 0 1 4 2 5 9 12 13 11 7 5 10 11 11 7 2 0 0 2 6 12 15 11 10 15 17 14 15 10 7 10
4 0 4 18 17 3 0 10 10 10 12 15 19 20 19 18 9 10 12 14 16 15 11 8 21 22 19 13 14 21 21 16 12 10 13 19 20 16 14 16 18 20 12 38 47 25 16 17 14 47 62 93 158 111 19 55 44 20 10 15 19 23 20 7 7 10 12 12 8 4 0 0 4 6 12 18 17 9 3 3 3 3 3 2 3 4 4 5 13 16 16 13 11 12 13 14 11 10 8 6
8 2 2 9 9 2 0 6 7 9 12 14 15 14 13 12 20 21 21 20 16 11 7 4 6 10 10 7 9 16 19 18 7 5 7 13 15 14 15 19 12 22 15 29 36 25 30 37 42 59 67 130 252 230 86 40 27 11 10 18 18 17 12 1 4 9 14 17 15 12 9 7 2 4 9 15 15 10 6 7 7 7 6 6 6 6 7 7 1 4 5 4 6 12 16 16 8 8 7 6
15 10 4 2 4 5 5 3 2 7 13 14 12 10 10 12 26 28 29 24 16 9 5 4 3 9 12 10 11 15 20 22 17 13 10 11 11 9 10 14 3 13 7 18 35 27 36 36 61 70 60 112 239 239 96 13 28 14 14 17 11 8 7 0 3 8 14 17 16 13 11 9 7 5 8 13 15 12 11 13 13 13 13 13 13 13 13 13 13 13 9 4 5 11 13 10 7 8 9 9
18 17 9 2 5 14 13 5 0 7 14 16 13 10 12 14 19 23 26 22 15 9 8 10 10 16 20 17 13 12 16 19 24 18 14 13 13 11 14 19 9 8 7 28 59 38 36 26 12 67 75 69 104 105 77 88 53 32 19 14 6 6 11 7 8 10 12 12 9 7 6 6 17 12 10 13 14 11 12 14 15 16 17 18 19 19 20 20 25 24 15 5 4 10 11 6 9 10 12 14
15 16 11 4 8 19 18 8 2 8 14 15 10 7 8 11 9 14 18 16 11 7 9 12 11 14 18 17 11 7 8 12 16 12 10 14 17 20 26 33 18 11 19 42 73 35 37 36 41 56 27 10 33 43 47 65 67 40 21 14 9 13 18 13 16 15 13 9 6 7 10 13 25 17 10 10 9 7 6 9 11 12 15 17 19 21 21 21 14 16 10 0 0 10 14 10 9 10 12 14
8 10 8 3 7 15 15 9 7 9 12 10 6 3 3 4 8 11 12 11 7 4 5 7 8 9 14 18 16 12 12 16 18 14 13 16 18 18 21 26 6 6 19 27 53 16 42 57 50 72 55 35 21 7 22 43 52 29 17 17 16 20 22 14 19 17 13 10 9 13 21 27 26 16 7 5 4 2 2 4 6 8 11 14 17 18 18 18 14 20 16 3 0 10 15 11 7 8 9 9
8 7 5 3 4 8 11 12 8 8 7 7 6 6 6 6 11 11 10 8 6 4 3 3 7 7 13 22 25 22 22 25 27 23 21 22 18 12 9 10 0 4 12 4 44 32 72 78 63 76 55 48 47 44 56 48 30 15 12 16 14 17 21 17 13 12 10 8 9 15 23 30 23 12 4 3 5 5 6 7 9 11 14 16 17 17 16 15 28 37 33 14 4 10 14 9 8 8 7 6
11 7 4 3 2 3 9 15 6 5 4 6 9 13 15 16 13 11 9 8 8 7 5 3 6 4 10 21 28 26 25 27 27 24 24 25 22 14 9 9 11 15 15 0 63 77 116 99 59 81 57 31 10 12 46 44 21 9 9 11 6 10 20 22 6 5 4 3 4 9 16 22 21 11 3 5 9 11 13 15 15 17 19 20 20 19 17 16 29 42 40 19 6 11 15 12 11 10 8 6
12 12 9 3 0 2 12 20 16 2 0 8 18 16 14 17 15 7 6 12 13 6 4 8 7 6 10 15 15 12 13 17 16 10 20 33 34 33 24 7 26 29 24 0 47 71 126 107 75 114 118 26 15 32 57 41 8 9 20 9 0 34 11 26 13 0 9 9 8 8 2 18 13 4 1 8 14 14 12 14 15 16 23 33 36 30 24 22 20 22 21 16 14 17 17 13 12 5 3 9
11 12 12 10 9 13 22 30 24 9 2 7 11 8 8 12 0 0 2 13 17 11 7 9 12 15 13 9 13 20 18 9 1 3 23 45 48 42 30 14 24 31 17 1 20 37 76 106 86 134 147 65 23 36 62 55 18 13 15 11 9 27 16 22 5 0 4 9 12 15 8 22 16 10 7 9 10 8 9 14 10 11 17 25 28 23 19 18 11 9 8 10 14 16 16 16 13 7 6 11
11 13 15 14 14 18 26 32 27 16 8 8 8 4 6 12 4 0 3 13 17 12 10 14 14 18 11 2 9 24 20 3 16 12 25 41 38 29 19 6 22 32 26 11 43 37 28 56 22 82 83 76 23 24 35 52 36 28 15 14 25 21 35 28 20 8 17 20 22 21 7 13 16 13 11 9 4 1 5 11 11 8 9 13 15 15 17 22 12 2 0 10 17 16 15 18 14 10 10 13
11 12 13 13 12 13 16 19 22 16 12 12 9 6 9 16 19 9 4 7 9 5 8 15 14 12 5 0 7 18 16 6 21 13 21 37 40 37 28 14 27 58 69 26 71 58 69 123 223 66 127 36 207 177 44 13 39 43 17 7 19 2 35 11 34 22 29 28 28 24 3 4 15 13 11 9 6 3 3 5 14 8 3 4 6 10 20 30 22 6 2 14 20 14 11 16 13 12 12 13
8 9 9 9 8 7 8 9 13 12 13 13 11 8 9 14 18 7 2 5 7 4 7 15 20 9 3 8 10 7 8 13 20 11 14 23 28 30 18 0 22 84 99 81 87 52 56 142 151 100 110 83 225 165 54 29 36 59 35 19 25 4 38 1 25 15 25 25 27 27 7 6 17 14 12 12 15 16 11 5 7 5 5 8 9 11 18 27 24 8 2 12 17 9 5 9 11 12 13 11
5 5 6 7 8 8 9 9 9 10 11 11 9 7 6 7 8 3 5 15 20 17 16 21 28 12 6 15 15 5 5 16 35 24 11 1 8 33 39 19 13 57 51 150 213 212 178 225 100 122 183 148 255 185 102 58 21 49 32 28 28 15 39 9 21 15 25 23 25 27 11 11 22 20 18 18 24 27 22 13 1 4 12 18 17 12 11 15 18 7 2 7 10 5 1 2 9 12 13 10
6 5 6 7 9 11 11 12 11 11 10 9 9 10 9 8 9 4 7 18 23 19 18 23 23 11 4 11 17 15 13 14 37 38 27 9 20 67 93 79 68 81 40 127 254 255 252 226 90 153 133 225 254 224 208 138 43 45 16 23 12 5 17 13 23 19 28 22 20 23 10 13 26 27 23 20 22 29 29 24 13 15 20 22 17 11 10 15 18 14 10 8 8 6 3 1 8 14 15 10
9 8 6 7 9 10 11 10 15 13 10 8 11 16 17 16 15 6 3 8 10 6 8 14 12 6 0 2 16 27 23 12 30 49 51 26 22 56 66 38 69 128 133 126 248 212 255 187 242 183 172 224 233 228 245 207 124 92 40 43 18 9 12 30 13 10 21 14 13 19 10 15 26 29 26 18 16 23 29 30 34 30 24 19 11 8 15 25 26 27 23 15 11 11 8 3 8 15 16 10
9 9 9 10 11 12 14 14 15 14 10 9 14 21 20 15 7 9 16 25 30 28 27 28 29 20 10 16 38 52 36 9 11 27 51 46 38 73 84 41 59 78 83 218 255 218 251 116 255 253 255 242 240 230 255 252 232 217 134 89 65 67 18 64 31 41 33 19 21 24 18 15 32 37 31 14 2 7 21 30 38 15 10 26 26 9 10 29 32 32 27 19 17 21 23 21 20 18 15 13
13 13 14 14 15 16 17 17 24 24 21 21 26 32 31 26 21 20 25 31 33 30 29 30 28 23 21 33 53 57 38 15 26 36 62 72 82 127 148 116 94 97 68 232 241 255 230 101 215 220 255 255 255 240 246 247 255 255 95 131 62 63 54 90 44 55 49 37 40 39 29 24 33 34 28 17 13 20 30 35 38 28 34 52 51 30 19 25 25 27 26 23 25 31 35 34 34 30 23 17
13 14 15 16 17 17 17 17 18 19 19 19 24 30 28 23 19 17 19 23 25 22 22 25 20 14 16 30 44 41 26 14 37 32 39 42 46 75 87 63 57 73 95 255 224 255 241 185 255 232 248 237 246 233 225 240 254 226 37 107 44 46 38 46 26 39 38 34 42 43 33 28 56 53 46 38 38 44 48 48 24 27 39 54 54 39 23 16 20 24 26 26 30 38 42 41 34 29 21 13
8 9 10 11 12 12 11 10 4 7 8 9 13 17 16 11 6 3 4 9 12 12 15 20 17 5 2 11 17 13 10 12 19 9 9 9 7 21 30 18 21 31 14 110 162 93 58 197 172 170 205 133 60 16 51 153 121 56 0 15 9 22 6 14 1 12 13 13 25 26 18 15 30 25 18 11 7 7 6 5 10 17 25 30 33 31 22 14 1 5 7 7 9 14 16 13 15 12 7 4
4 5 5 6 6 6 6 6 2 5 7 7 10 14 13 9 4 1 2 6 9 11 15 21 21 10 5 8 8 3 6 14 8 6 9 11 10 17 26 27 21 21 14 21 112 188 200 239 241 119 74 60 85 49 19 72 69 28 46 23 11 10 0 14 4 10 5 4 13 13 4 2 26 24 20 15 10 6 5 7 11 16 18 16 19 24 22 14 1 4 6 4 4 6 5 2 2 2 3 4
6 5 4 4 4 4 5 6 6 10 11 10 11 15 15 12 11 6 5 8 9 8 11 16 18 16 15 16 13 8 8 12 9 14 15 10 6 6 10 14 21 16 1 18 43 68 11 55 6 82 171 184 231 213 103 13 12 16 21 21 3 10 15 16 7 9 3 3 15 15 8 9 13 10 10 11 10 8 10 14 15 19 18 14 15 18 15 7 9 12 13 11 11 13 13 9 6 8 11 13
8 7 4 2 2 4 6 8 7 11 11 8 8 11 13 11 12 8 6 7 6 4 5 9 11 16 18 15 12 12 11 9 5 13 11 4 7 11 11 13 20 0 3 24 0 71 126 214 137 83 63 99 160 106 37 17 38 43 13 20 9 9 4 0 3 4 0 4 19 21 14 16 18 10 7 12 17 17 17 19 15 15 12 9 8 9 6 2 1 4 4 1 2 5 5 2 10 11 12 13
9 7 3 1 1 3 6 8 8 11 10 6 5 9 11 10 12 7 6 7 7 4 5 8 9 16 16 8 6 13 16 12 13 20 11 0 5 10 5 2 0 4 10 36 18 8 0 103 43 29 0 0 30 0 0 17 24 17 20 4 12 6 0 8 8 8 3 8 21 19 9 10 25 11 3 9 17 17 11 8 15 10 4 2 2 3 5 6 10 12 11 7 7 10 11 8 6 5 5 4
5 9 9 4 4 9 10 6 8 7 5 5 7 10 14 17 13 12 8 5 6 9 7 2 9 6 6 10 12 9 8 10 10 9 10 12 9 2 0 3 15 0 1 2 17 76 43 43 0 31 32 26 37 27 15 31 4 10 16 16 10 3 0 0 5 0 0 4 9 8 4 3 8 8 7 6 10 15 14 9 9 4 4 9 7 1 3 12 12 6 3 7 10 8 5 6 6 6 6 6
7 11 10 6 6 10 10 6 5 4 3 4 5 8 11 13 13 13 11 8 11 15 15 11 7 4 5 9 11 10 10 13 8 7 10 13 10 3 0 2 0 5 29 14 0 19 0 12 11 28 15 2 15 13 5 20 0 4 10 11 6 1 0 0 5 0 0 7 12 10 6 4 21 19 12 4 4 9 12 11 5 2 4 11 10 3 4 11 16 8 3 5 7 6 6 7 10 10 10 10
7 9 10 7 6 8 7 3 3 4 4 5 6 8 10 11 12 13 10 8 10 14 15 12 4 1 2 7 9 8 10 14 9 8 10 13 10 3 1 3 11 0 3 7 25 61 22 6 9 21 11 5 20 16 0 3 5 9 13 12 8 5 4 5 4 0 2 9 14 11 7 6 27 26 20 9 4 7 9 9 5 2 6 14 14 7 6 13 19 10 3 4 6 6 7 9 7 7 7 7
5 6 7 6 5 4 2 0 5 5 6 8 9 10 11 12 10 11 9 4 3 7 8 5 5 2 3 5 5 4 7 13 15 13 12 12 8 3 3 7 15 8 12 5 13 36 17 10 2 15 14 15 27 23 6 1 13 15 16 13 9 5 4 4 2 0 2 10 13 11 7 7 17 22 24 18 13 11 11 9 10 6 8 14 13 6 7 14 15 8 3 6 9 8 8 9 4 4 4 4
5 6 7 9 8 4 1 0 5 5 6 7 9 10 10 11 11 12 10 4 3 7 9 8 13 10 8 8 5 3 6 13 23 18 13 10 6 3 5 12 10 13 21 4 0 3 5 10 4 12 13 10 13 14 11 11 8 8 8 6 3 0 0 0 1 0 2 9 11 8 6 7 7 14 19 16 15 16 18 17 14 7 6 9 6 0 2 11 9 4 3 8 12 11 8 8 8 8 8 8
8 8 11 15 15 9 5 5 4 4 4 4 5 6 8 9 12 15 14 9 9 14 19 20 21 17 14 12 6 2 6 14 23 17 12 9 6 4 8 15 21 8 6 2 25 29 24 6 1 11 19 18 12 9 7 4 1 2 3 4 4 4 3 3 4 2 3 8 9 6 5 7 6 9 9 6 9 16 23 24 14 7 3 4 0 0 0 7 6 2 3 9 13 10 6 5 8 8 8 8
9 8 12 19 19 12 7 8 5 4 3 2 3 5 8 9 13 16 16 11 10 15 21 23 20 17 13 9 3 0 4 12 14 10 9 9 8 6 10 17 20 18 20 8 17 4 12 0 0 8 20 22 13 9 5 0 5 5 7 10 12 12 11 9 8 5 6 8 7 4 5 9 7 8 5 3 7 14 18 16 14 7 5 7 4 0 0 8 10 4 3 7 9 7 3 3 3 3 3 3
7 6 11 19 19 12 7 8 9 7 5 3 4 7 10 12 13 16 14 8 5 9 14 16 15 12 8 4 0 0 0 9 5 4 6 10 10 9 11 17 22 16 14 2 18 6 21 10 9 5 7 3 0 1 8 2 9 10 11 13 14 14 11 8 11 8 7 9 7 4 6 11 5 7 7 7 11 13 9 1 14 9 10 14 12 5 5 13 14 7 3 4 6 3 1 1 2 2 2 2
6 8 12 14 13 10 6 4 6 5 3 3 4 6 9 10 15 12 8 5 4 6 9 11 7 11 13 11 6 5 9 13 14 7 6 12 11 5 8 19 14 12 9 7 11 16 14 7 5 10 10 3 0 3 5 3 13 17 18 13 8 7 5 1 1 0 0 3 10 14 12 9 6 6 6 6 5 4 3 2 12 11 14 16 10 3 6 15 21 10 6 9 5 0 0 4 1 3 5 8
6 6 7 7 7 6 4 3 6 7 8 9 10 10 9 9 10 9 7 7 7 9 11 13 7 10 12 9 5 3 6 10 10 3 3 9 8 1 4 13 13 12 9 7 12 17 15 9 5 12 15 11 9 11 11 9 11 16 16 12 9 10 10 8 10 6 3 6 13 17 18 17 10 8 5 3 3 5 7 9 9 7 8 10 6 1 2 9 10 6 9 17 16 4 0 0 5 7 9 11
11 9 7 4 3 2 2 2 1 4 9 12 14 13 10 8 8 9 9 10 10 10 10 9 8 9 9 6 2 1 3 7 7 3 4 9 7 1 2 9 10 10 7 5 9 14 13 8 4 11 15 15 14 15 15 12 12 16 16 12 11 15 18 17 13 11 11 13 17 19 17 14 14 10 4 1 2 7 13 18 11 8 7 8 7 4 4 7 5 4 9 19 19 8 2 3 7 8 10 12
15 13 10 8 6 5 5 5 0 1 5 10 12 12 11 10 11 12 13 13 12 9 6 3 8 8 7 4 0 0 1 4 9 7 8 12 10 4 5 9 5 6 4 2 5 10 10 6 3 6 9 10 11 11 10 9 9 12 11 6 6 11 15 16 7 9 13 18 20 17 10 4 15 11 6 3 5 10 17 22 18 15 12 12 13 12 12 12 11 7 6 10 10 6 7 11 6 7 8 9
9 9 9 10 10 11 11 11 6 6 7 8 9 10 11 11 11 12 13 13 12 9 6 4 9 8 5 2 0 0 1 3 9 9 11 13 11 8 8 11 6 7 6 4 5 10 10 7 5 3 3 4 5 5 6 7 4 6 4 0 0 1 5 6 3 5 8 12 14 15 12 10 13 12 10 10 11 14 17 19 19 17 13 11 12 14 14 12 14 9 5 5 4 4 7 11 6 7 7 8
1 2 4 7 10 13 15 17 18 16 12 9 8 8 9 10 8 9 10 11 12 12 12 12 11 8 5 2 1 1 4 5 8 9 10 10 9 9 10 13 11 14 13 10 10 13 14 11 9 4 2 5 7 7 8 10 9 11 9 2 0 3 6 5 7 5 3 3 7 14 21 26 13 13 15 16 16 15 14 14 11 12 10 5 4 7 9 8 9 9 8 9 8 6 5 5 9 9 9 9
6 5 4 4 6 10 14 16 19 17 13 10 8 8 9 10 9 9 8 8 9 12 15 17 12 9 5 2 2 4 7 8 7 9 10 9 8 10 14 16 16 19 18 14 12 15 15 13 10 5 5 11 15 13 13 15 16 18 17 10 7 10 11 11 11 10 7 6 7 12 19 24 15 16 18 18 17 15 12 9 6 11 10 2 0 2 6 6 7 9 10 10 10 10 8 5 11 11 11 10
18 14 8 4 3 5 9 13 11 10 9 9 9 10 11 11 14 12 9 7 7 10 14 16 13 9 5 3 4 6 9 10 9 11 11 9 9 13 17 19 17 20 19 14 12 14 14 13 8 3 6 16 21 18 16 17 14 17 16 10 8 10 11 10 12 14 15 15 13 10 8 8 17 18 19 19 17 14 10 8 6 13 13 4 0 3 8 9 10 11 9 7 8 11 12 12 11 11 10 9
16 17 13 7 6 9 11 9 12 8 8 12 13 11 9 10 7 7 7 7 8 9 10 11 8 14 15 7 2 5 7 6 6 7 9 11 11 11 10 9 14 16 15 9 8 12 16 16 9 9 7 5 4 5 9 12 6 7 6 3 0 0 0 1 6 7 11 17 15 8 3 3 17 20 19 13 13 17 17 13 13 10 6 6 8 10 9 7 9 10 11 12 12 11 11 10 10 11 12 14
7 10 10 7 8 12 13 10 13 9 7 11 12 10 8 10 10 10 9 8 8 8 8 8 8 15 17 12 8 10 11 9 12 11 11 10 9 9 8 8 7 8 7 4 6 13 16 15 21 20 17 12 7 3 3 4 4 6 7 6 4 1 1 1 5 6 11 18 19 15 13 15 10 12 11 6 8 16 20 19 17 14 11 11 12 13 12 10 10 10 11 11 12 12 13 13 9 9 9 9
6 11 14 15 18 23 23 20 17 11 8 11 12 9 9 11 13 12 10 8 7 6 6 6 8 14 18 15 12 12 13 12 11 10 7 5 4 5 6 8 4 3 1 0 4 12 14 10 15 16 16 15 12 9 9 10 6 9 12 12 10 7 6 6 8 8 12 17 18 15 15 19 9 10 7 4 6 14 20 21 18 16 14 14 14 14 12 11 11 11 10 10 12 13 15 17 15 13 12 10
9 14 17 17 21 27 29 27 18 12 8 10 11 9 9 12 11 10 8 7 5 5 4 4 10 13 15 13 9 8 9 11 6 4 1 0 0 2 6 8 7 5 1 0 4 11 10 4 4 7 12 14 14 13 13 14 11 13 15 15 13 12 12 13 14 13 14 14 10 5 6 11 16 15 12 10 10 12 15 16 13 13 13 12 12 10 8 7 12 11 10 10 11 14 17 19 23 21 17 14
7 10 10 8 11 17 21 20 14 8 4 6 7 5 6 9 6 5 5 4 4 5 5 6 12 12 11 8 3 0 3 7 7 5 3 1 0 2 5 6 8 7 3 1 6 13 11 4 8 11 15 16 14 10 7 6 14 14 13 11 9 10 13 16 18 16 15 12 5 0 0 6 18 17 15 15 13 10 9 9 9 10 12 12 10 8 6 5 12 11 10 10 11 14 17 19 22 20 16 13
7 9 7 3 4 10 14 13 7 1 0 2 3 2 2 5 3 3 3 3 4 6 7 8 12 11 10 8 3 0 0 5 16 14 12 9 6 4 3 2 5 5 4 3 7 13 13 8 8 12 16 17 14 11 8 6 13 11 9 5 3 4 9 12 14 14 14 12 6 0 3 10 14 11 11 13 11 6 3 4 6 9 12 14 12 9 7 6 11 11 10 10 12 13 15 17 12 11 9 7
8 11 10 6 7 11 12 10 5 0 0 4 6 5 4 6 5 5 5 5 6 7 9 9 12 11 14 17 12 3 2 7 18 18 18 16 12 7 2 0 2 5 5 3 4 8 9 6 1 5 10 13 13 12 11 11 11 11 9 6 3 3 5 8 7 9 11 12 6 2 7 16 14 9 8 9 7 1 0 2 2 7 12 14 12 9 7 7 10 10 11 11 12 12 13 13 6 6 6 6
5 9 10 8 8 11 10 6 7 3 4 9 12 10 9 11 8 7 7 7 8 8 9 10 11 12 19 25 21 10 7 10 13 15 17 18 15 9 3 0 3 7 7 3 0 1 2 0 0 3 7 9 8 6 5 5 12 12 12 10 7 5 6 7 2 4 9 10 5 1 7 16 20 12 8 8 4 0 0 1 0 3 10 12 11 7 6 6 9 10 11 12 12 11 11 10 6 7 8 9
0 0 3 13 19 17 12 11 8 9 10 10 10 10 9 8 12 12 12 11 11 11 10 10 14 14 16 17 11 3 1 4 1 3 5 7 9 10 10 9 7 9 8 6 8 13 13 10 7 11 15 15 11 7 7 8 5 8 12 15 16 14 11 9 3 0 4 5 0 2 13 13 15 13 6 0 0 4 6 4 7 4 5 11 13 10 7 7 9 11 10 7 7 11 13 11 11 17 14 2
12 7 6 10 13 10 7 6 6 7 7 8 8 7 7 6 6 6 8 9 11 13 14 15 14 14 16 18 14 8 9 13 14 13 10 9 8 9 11 13 12 13 10 6 6 9 7 3 4 8 12 11 7 4 3 4 6 9 13 16 17 15 12 10 7 3 8 9 1 5 15 14 16 14 8 2 3 9 11 10 7 4 4 9 12 10 8 10 8 11 11 9 11 17 20 19 17 22 19 6
22 13 7 7 8 6 4 5 4 4 5 5 5 5 4 4 3 4 5 8 10 12 14 15 11 11 13 16 14 11 15 22 25 21 14 8 5 7 10 13 12 12 9 5 4 6 5 0 3 7 11 10 6 3 2 3 4 7 11 14 15 13 10 8 13 9 14 14 5 8 17 16 13 12 7 2 5 12 15 14 8 3 2 7 10 10 11 14 9 11 12 9 11 17 20 19 21 26 22 9
21 12 5 6 7 6 6 8 3 3 4 4 4 4 3 3 7 7 7 7 7 8 8 8 6 6 8 11 10 9 14 22 26 21 13 6 2 3 6 9 5 7 5 2 4 8 8 4 6 10 13 13 9 5 5 6 0 3 7 10 11 9 6 4 17 13 17 17 7 9 17 16 6 5 2 0 2 11 15 14 9 3 1 4 8 10 13 17 12 14 12 7 6 10 11 8 21 26 22 8
