213 58 21 53 53 25 6 59 34 28 33 94 170 190 90 54 62 51 41 47 17 56 41 56 80 103 105 96 78 111 28 23 49 167 137 70 56 78 63 65 38 16 30 50 30 13 27 41 39 22 14 13 36 0 17 78 77 59 69 17 23 44 33 150 109 108 92 136 104 36 36 145 121 113 7 75 47 55 59 68 64 87 115 61 89 116 36 26 106 141 255 251 151 47 49 49 30 90 53 104
104 35 32 20 57 38 0 41 72 47 33 82 213 251 169 122 89 56 10 134 58 74 72 60 109 39 18 117 156 120 46 62 81 196 148 87 68 70 51 49 84 45 31 34 27 33 49 50 43 32 24 18 37 9 36 96 94 62 104 58 77 101 106 118 71 32 82 106 101 85 57 76 67 147 35 41 36 59 87 67 71 85 98 32 41 85 39 36 83 122 221 227 182 59 37 81 56 108 97 100
21 73 41 5 40 42 13 38 89 77 58 69 190 200 139 113 56 45 149 174 76 87 59 126 160 96 44 73 71 25 20 43 62 144 141 60 67 103 107 121 126 70 28 12 9 31 51 45 17 18 16 13 30 19 48 97 95 56 85 18 17 1 98 158 145 54 92 65 133 181 102 53 42 144 96 30 11 30 61 69 50 63 85 39 26 73 73 96 81 18 151 182 68 9 87 85 24 60 79 72
36 151 72 37 20 26 26 18 43 52 20 14 88 70 29 52 58 0 93 24 23 103 8 109 159 66 44 99 154 132 120 110 30 65 141 68 77 135 132 130 126 79 52 42 24 21 29 24 10 16 13 8 13 5 14 38 28 10 15 24 104 51 72 85 242 162 127 25 86 127 42 35 49 43 112 52 32 43 30 40 78 35 10 9 34 77 37 6 95 46 41 30 74 51 61 92 43 76 59 35
53 116 95 50 17 25 41 27 46 49 0 9 64 55 25 75 16 4 21 35 7 82 36 100 170 22 0 0 73 108 109 100 56 57 111 138 92 114 88 42 40 21 42 68 45 18 24 37 31 33 26 26 28 30 26 30 45 86 78 68 77 47 96 120 177 128 80 4 34 64 22 47 28 0 144 112 54 50 61 20 0 60 76 47 9 39 51 71 56 58 106 71 37 0 51 127 153 182 82 45
85 29 91 19 4 15 33 46 60 68 10 33 59 40 10 56 41 29 51 100 94 176 167 68 112 35 63 38 31 54 72 83 120 111 62 175 113 118 155 121 26 4 26 54 30 3 21 49 41 36 24 32 31 45 39 35 42 61 79 111 43 0 31 21 55 58 96 72 37 38 48 65 30 33 155 136 97 107 188 74 22 161 147 70 29 74 79 85 70 71 101 81 82 11 27 107 176 177 70 99
128 19 58 29 0 0 9 31 83 100 56 49 56 27 23 54 67 36 90 58 73 192 215 91 96 37 66 68 44 56 78 68 111 128 78 114 111 119 239 255 97 52 38 43 20 0 10 22 33 26 14 27 15 26 14 7 16 27 81 164 107 40 34 15 40 114 223 152 56 0 12 38 26 34 65 58 119 134 185 50 29 199 151 66 53 92 68 67 104 72 60 57 127 80 46 75 98 106 63 107
97 23 0 78 30 23 32 42 71 77 31 0 30 27 69 91 57 63 78 66 40 156 178 142 104 104 85 40 53 171 206 81 16 75 123 8 63 48 179 228 70 23 9 25 28 27 22 5 11 13 18 49 43 60 51 47 17 47 61 99 99 68 57 51 73 149 238 135 127 70 37 42 85 111 133 101 162 107 88 35 67 255 218 126 77 55 15 52 79 36 51 51 102 94 76 43 53 112 113 64
56 4 46 38 28 29 30 41 59 69 6 10 0 51 68 62 44 73 114 181 177 219 114 88 45 172 230 56 88 165 180 80 7 43 147 67 72 39 62 103 29 4 41 21 40 49 22 1 9 20 30 28 32 56 68 54 36 59 110 35 58 72 4 20 56 144 220 152 194 201 135 80 155 208 173 144 130 54 78 60 87 208 255 230 52 15 49 57 48 21 103 52 91 30 54 39 49 123 111 87
80 0 112 88 41 29 29 26 67 83 63 25 28 48 67 15 8 86 163 244 255 151 80 7 14 118 237 125 106 105 98 82 49 55 83 189 190 129 11 33 23 2 48 43 54 49 26 22 29 17 11 14 23 44 54 44 30 73 133 56 65 83 28 41 28 155 172 97 161 121 133 126 168 236 119 52 85 24 27 82 69 111 173 152 58 50 68 83 23 40 134 93 74 22 71 67 56 82 77 113
166 30 133 186 165 100 50 22 72 118 118 27 16 54 90 13 10 88 147 230 215 83 73 99 172 104 104 70 158 125 105 96 65 54 69 232 255 200 2 16 39 13 48 54 57 40 15 16 30 21 13 6 11 32 39 22 2 69 135 51 31 65 69 115 54 83 66 65 80 42 127 181 239 255 98 49 123 86 24 57 131 98 131 70 39 70 60 53 62 43 77 67 64 53 137 155 94 73 53 102
83 49 117 235 237 134 63 17 82 84 60 24 35 98 98 20 0 20 71 88 131 132 137 208 239 218 100 158 144 120 57 138 45 42 86 114 201 151 22 39 27 0 18 33 44 46 32 32 22 35 39 25 20 37 35 6 35 82 123 54 24 67 104 160 159 166 186 120 82 45 171 251 156 160 62 76 119 127 77 78 102 148 205 99 27 73 105 119 71 57 37 9 53 74 170 185 60 64 67 113
31 39 98 135 155 134 125 59 33 34 55 55 26 20 42 65 121 129 153 26 105 154 177 184 196 150 47 53 152 129 37 96 127 121 79 33 92 43 0 0 28 12 15 20 20 36 37 40 37 35 42 47 47 48 34 8 18 41 83 83 68 74 48 36 120 186 182 64 116 57 156 165 80 122 132 162 104 86 54 67 67 95 92 66 83 164 157 83 50 104 90 3 53 48 109 101 26 48 59 93
129 45 138 86 77 112 156 125 23 34 69 41 60 82 154 211 255 239 152 63 90 108 125 100 78 74 72 79 191 235 109 189 212 193 38 90 90 55 46 34 42 41 39 37 12 20 27 34 53 14 10 45 59 44 27 17 14 26 63 96 79 79 59 33 92 98 10 114 178 71 122 116 37 67 83 113 84 88 61 97 59 70 38 72 121 174 179 111 126 128 93 14 82 47 53 33 62 79 78 111
112 34 154 140 55 50 68 114 35 85 104 38 35 76 138 207 253 222 84 132 132 141 141 121 106 97 143 76 151 149 160 248 255 221 79 143 81 49 31 19 25 26 29 58 41 40 37 40 34 3 2 31 43 38 31 26 31 32 30 34 0 44 113 137 150 106 2 224 201 33 87 171 148 78 22 36 71 142 138 167 51 42 23 59 110 111 132 95 160 95 50 11 82 89 70 33 62 112 132 176
44 18 51 112 28 39 2 63 38 66 61 87 97 129 92 144 222 233 149 135 81 66 134 160 139 125 91 91 86 56 87 109 161 121 102 86 25 14 14 23 29 15 15 73 70 57 29 18 4 14 27 26 25 41 47 34 31 47 51 58 15 67 140 153 176 169 88 156 196 21 78 181 211 98 56 73 97 177 185 182 88 48 36 54 124 88 69 3 59 52 59 14 40 117 106 34 30 106 120 131
29 56 7 37 20 57 22 51 25 29 11 71 76 78 26 4 68 99 76 137 62 22 50 90 77 34 34 71 129 157 97 37 74 78 26 29 34 21 45 67 51 21 22 67 59 62 39 18 13 47 40 54 60 50 55 35 37 20 53 46 77 62 63 159 255 180 41 84 151 76 95 65 112 28 24 72 92 105 122 151 184 134 112 151 151 80 43 42 43 14 68 56 29 131 162 82 55 38 130 49
9 42 78 21 49 62 63 49 58 28 38 85 92 100 77 52 68 92 10 176 140 63 59 51 64 75 99 63 134 155 172 29 116 152 121 21 59 53 24 32 9 20 26 39 35 36 33 42 53 33 86 32 91 89 43 52 21 26 43 8 78 49 32 207 255 182 73 50 131 65 72 12 95 47 35 47 88 13 77 78 189 174 143 179 124 95 128 157 60 35 73 63 14 162 206 129 137 100 83 55
60 81 116 55 56 34 77 64 97 54 65 41 36 82 90 56 75 92 71 49 67 102 93 83 61 105 165 161 150 97 65 13 128 137 139 30 138 92 3 57 48 5 45 75 39 21 52 44 52 65 41 69 75 109 72 26 6 52 58 62 228 220 118 121 59 37 89 86 64 0 48 60 255 174 122 113 186 91 80 0 111 64 87 50 94 198 210 223 0 16 105 77 26 156 229 172 190 150 119 97
77 71 51 109 65 27 53 54 58 67 95 46 31 90 65 24 78 150 7 162 128 38 75 58 113 79 91 95 120 134 53 105 139 9 85 72 125 90 55 63 93 119 130 37 16 110 149 27 32 69 4 92 39 87 95 0 7 76 107 164 235 250 98 167 104 123 153 118 76 112 112 122 201 155 147 119 109 103 87 56 35 86 90 0 111 255 182 184 28 0 84 84 130 149 187 164 112 68 92 18
44 41 74 131 63 12 13 34 65 74 69 45 24 56 17 53 11 73 60 165 191 136 70 14 46 86 174 112 96 133 114 133 137 46 78 68 107 70 27 42 95 101 77 46 84 64 49 58 37 18 71 51 65 71 86 75 59 89 127 149 110 208 74 220 1 141 195 121 89 160 95 58 78 45 52 73 75 156 147 77 78 77 106 187 103 35 20 58 8 54 90 1 90 126 127 97 95 64 69 0
113 57 123 70 76 64 55 49 38 35 34 86 74 42 0 76 69 35 74 52 111 8 23 28 121 83 107 145 124 152 163 103 68 15 65 82 83 49 21 30 87 89 83 92 109 58 36 76 65 37 103 23 70 25 21 88 26 70 208 166 42 76 215 253 135 84 103 101 71 101 90 30 34 39 36 59 70 127 182 90 0 14 20 95 215 158 73 56 114 97 33 1 115 111 21 33 86 112 69 61
167 66 53 37 108 138 113 64 52 42 27 62 69 68 75 144 151 135 81 93 71 25 121 184 236 94 51 180 192 125 94 80 3 0 33 39 96 52 0 72 93 73 69 79 74 97 99 77 75 81 60 51 49 47 38 25 18 22 170 168 83 40 255 227 158 7 2 97 39 30 90 82 85 75 28 20 58 106 175 129 87 71 64 64 156 117 9 27 147 195 150 80 138 120 26 50 123 161 123 134
86 75 16 123 90 68 55 54 72 91 73 38 40 83 119 100 193 187 81 125 125 98 221 222 180 68 90 142 243 111 101 188 145 88 109 49 69 51 8 45 59 61 48 86 137 183 129 65 45 44 39 97 93 204 213 78 0 46 123 121 113 190 155 129 40 71 40 111 52 62 87 117 75 53 11 2 60 113 94 90 161 154 30 104 59 75 0 75 69 157 173 79 143 131 86 104 113 91 76 37
52 39 38 54 46 44 44 42 59 68 96 116 24 41 152 52 85 105 48 144 108 78 156 118 54 5 109 51 122 45 23 117 137 45 27 83 89 48 39 57 54 60 49 129 255 247 155 138 74 31 91 94 106 191 223 51 6 99 142 25 163 222 113 68 95 100 103 62 35 33 121 91 34 65 44 117 77 97 160 142 128 103 54 58 67 147 104 135 62 118 68 112 137 120 88 87 68 41 58 131
27 0 42 15 22 51 95 62 14 35 108 96 84 63 94 15 23 48 69 124 100 63 118 90 59 59 155 164 93 145 106 118 144 59 25 126 131 108 50 55 68 49 70 150 245 255 192 148 64 65 123 82 82 117 42 9 23 106 157 29 201 164 178 86 133 102 107 66 45 33 126 101 50 105 125 103 80 153 250 254 194 150 178 74 35 61 7 85 161 213 9 117 140 112 55 53 55 57 71 117
88 42 126 106 48 1 28 72 33 40 93 2 59 53 46 31 102 67 119 101 151 125 158 106 99 90 183 211 3 141 116 0 38 27 43 131 128 101 44 44 39 43 81 78 114 223 183 46 47 92 13 94 138 71 44 31 46 21 104 85 187 255 91 94 9 53 168 192 127 21 108 140 83 108 87 16 144 249 235 183 186 181 65 130 127 146 113 71 110 105 86 7 103 115 62 67 68 67 58 98
0 104 153 120 57 77 23 3 52 67 94 7 55 73 38 65 66 141 196 203 78 72 26 33 88 127 154 86 127 108 62 24 31 67 97 80 75 43 38 37 24 5 49 64 100 246 240 120 102 19 16 42 113 122 0 0 66 110 86 122 216 255 152 70 34 61 129 229 214 91 156 213 133 78 69 29 118 209 202 113 82 39 78 136 212 229 102 36 54 110 47 109 45 59 104 106 77 55 25 98
122 98 25 74 57 66 27 15 37 46 69 84 67 76 16 66 72 100 105 80 35 63 70 58 86 61 57 111 96 106 68 84 83 85 55 0 24 26 38 41 40 18 30 42 69 197 189 91 43 55 74 9 14 20 76 121 99 104 152 198 230 180 30 73 146 117 47 128 159 82 118 152 81 86 81 91 116 103 111 134 99 82 39 58 74 61 68 30 101 91 118 93 39 43 91 96 133 117 70 149
111 72 58 86 83 96 128 21 98 64 87 182 120 106 34 90 60 88 43 52 12 79 58 33 73 64 78 31 68 47 41 42 68 58 10 19 68 74 39 49 28 35 23 31 42 144 143 63 35 45 88 35 91 29 47 92 38 56 48 207 241 255 64 40 58 74 50 76 79 41 69 89 45 29 55 134 77 29 68 84 156 143 81 84 37 50 39 26 58 99 86 70 20 41 66 44 121 130 55 93
76 69 131 79 58 63 149 36 125 54 91 170 132 122 40 62 61 74 75 48 59 88 69 23 68 113 90 8 52 78 35 54 85 95 76 100 144 103 38 46 58 31 6 66 34 56 86 77 32 12 35 14 93 8 60 134 48 72 95 214 168 91 58 59 99 73 143 94 56 31 35 25 34 63 41 70 58 12 25 74 131 114 149 95 84 65 64 45 61 84 39 115 32 19 60 45 73 102 33 80
61 37 108 63 72 44 99 47 145 48 76 79 92 129 70 68 17 49 58 55 30 96 48 38 90 47 47 33 38 81 61 83 101 111 100 67 125 61 26 31 48 43 15 61 0 22 91 80 53 67 40 16 59 6 180 227 80 156 249 255 125 51 97 81 118 16 163 83 36 24 28 18 31 65 45 43 68 50 23 17 34 38 46 41 25 60 70 59 85 70 55 112 11 51 125 60 39 86 60 176
133 51 71 76 49 47 86 69 148 75 67 13 78 152 113 89 5 48 28 29 8 54 28 11 76 107 127 42 21 19 74 120 109 70 0 55 74 49 40 41 57 55 32 27 52 65 103 63 27 99 91 80 75 50 150 159 114 234 244 255 213 102 112 43 99 4 35 69 17 40 38 81 91 58 5 59 62 39 26 39 41 12 14 15 40 77 66 52 63 57 15 76 30 57 126 101 66 42 105 186
147 106 89 44 5 21 50 29 95 55 55 9 80 179 123 66 3 49 62 52 4 44 23 0 50 142 213 138 59 56 113 162 124 59 42 72 94 46 30 62 37 19 30 57 89 69 86 43 27 154 173 73 52 87 108 97 210 248 202 241 124 63 7 145 217 83 17 28 46 81 34 110 127 0 55 56 21 32 39 36 60 66 29 71 50 93 70 43 29 48 35 67 92 41 85 119 77 54 125 129
137 139 97 46 23 54 80 90 117 71 75 54 66 102 45 43 16 27 64 64 35 105 92 42 45 46 131 152 77 72 128 164 79 70 77 105 96 50 26 17 25 0 44 76 91 43 64 44 104 214 255 146 49 162 245 229 255 209 92 141 90 129 31 180 88 127 87 52 62 78 62 141 147 31 57 8 19 41 14 46 53 84 47 81 5 5 47 69 37 86 111 122 138 74 69 95 49 19 87 156
0 105 139 125 58 21 52 148 170 134 106 60 58 115 57 35 39 28 72 44 0 88 139 122 94 0 26 31 5 42 93 49 75 183 64 116 183 113 20 41 53 4 36 34 48 28 64 58 74 197 128 63 65 84 105 225 239 255 247 249 49 139 125 66 77 84 40 75 137 77 51 35 15 65 66 71 116 92 9 27 71 103 113 88 42 0 48 17 33 105 134 124 71 156 150 99 139 47 0 81
36 66 33 72 102 79 56 99 161 125 115 94 55 46 0 4 55 21 59 45 32 111 174 154 93 54 110 109 118 49 47 44 88 106 0 86 155 108 59 79 73 28 62 61 104 117 105 60 15 76 72 17 32 255 255 95 218 252 231 196 70 59 37 34 87 16 43 73 141 113 147 117 24 96 109 90 74 60 66 65 99 134 170 80 59 58 133 81 34 45 74 142 101 194 151 88 64 59 98 69
76 101 74 119 157 100 34 15 79 120 124 35 0 47 65 77 83 26 32 46 87 135 190 160 61 35 41 28 129 27 0 58 107 111 87 55 111 62 21 74 24 5 47 47 88 118 80 54 59 15 46 45 90 247 217 252 255 135 144 25 117 62 70 97 130 25 128 79 99 122 156 143 71 87 148 70 58 47 71 57 55 81 133 112 69 58 116 104 9 44 56 55 24 65 96 146 134 100 200 69
27 58 57 101 135 97 107 122 56 48 65 47 57 69 54 50 79 107 172 216 219 134 134 98 7 131 188 55 55 33 53 63 33 54 126 57 65 59 61 68 49 27 43 25 33 69 51 108 138 12 59 47 62 255 255 252 206 143 248 27 135 75 88 100 105 36 153 134 106 62 66 111 68 54 100 27 76 85 91 109 144 93 51 78 34 18 85 88 24 78 58 22 75 120 138 146 128 90 192 130
33 28 23 70 110 75 126 158 73 34 37 31 75 98 113 127 110 148 191 221 209 70 67 48 55 176 255 99 10 66 115 19 19 76 78 42 87 62 29 43 65 42 58 62 56 61 9 90 122 18 29 108 150 114 78 255 255 102 252 226 149 106 116 98 89 109 148 149 142 90 66 48 67 47 57 36 68 99 126 164 185 162 94 91 39 29 143 125 57 33 31 106 123 45 81 207 237 170 108 93
86 71 112 52 125 14 1 44 61 90 18 50 60 92 182 194 144 118 74 52 59 20 51 82 63 106 152 163 63 102 108 59 121 151 39 109 130 116 45 29 40 41 32 75 82 89 16 37 48 11 47 46 70 255 251 106 189 255 198 214 101 58 139 118 140 136 84 69 116 144 78 94 107 97 112 81 41 53 132 144 125 115 135 141 97 76 160 125 58 51 0 142 119 0 34 187 252 239 92 4
46 48 102 7 112 36 54 67 43 73 14 94 105 47 92 126 69 125 115 91 51 74 48 30 63 100 172 232 143 140 95 59 112 83 66 194 200 160 134 40 41 57 65 117 104 69 42 7 2 67 45 42 112 211 255 227 248 247 35 74 110 0 67 58 108 130 21 95 53 89 79 132 166 110 137 76 49 60 80 71 26 51 110 102 122 99 127 55 18 92 63 88 114 90 88 51 46 117 92 43
37 25 64 103 173 39 58 70 0 94 61 81 83 51 73 59 21 93 134 118 65 119 87 75 82 76 113 139 45 29 19 66 79 57 196 173 115 116 83 35 3 26 101 142 76 24 57 11 36 130 38 47 140 113 222 255 254 254 68 144 251 111 116 0 184 169 164 160 63 32 61 151 171 48 87 62 99 125 62 21 11 34 85 15 66 70 89 36 13 110 125 37 15 11 85 76 65 102 68 0
22 83 69 178 160 108 112 22 2 85 75 49 58 95 114 72 35 52 106 66 41 82 51 31 84 44 65 66 40 36 49 105 158 149 153 99 166 178 124 36 0 40 66 91 134 76 9 14 0 110 93 21 94 230 253 235 249 159 24 148 98 134 187 46 177 151 254 198 142 92 167 218 87 11 61 53 111 187 105 43 84 88 137 46 52 76 97 95 82 68 89 67 75 29 70 82 98 142 136 49
63 63 92 249 126 54 87 129 107 30 36 55 54 60 59 61 49 49 103 58 56 105 62 25 7 12 87 82 97 55 49 45 93 100 79 104 229 171 64 14 24 77 86 82 36 0 26 87 27 96 125 120 152 163 100 29 41 158 159 95 92 83 226 148 185 83 91 162 102 0 78 130 91 85 74 26 76 204 135 42 51 51 132 105 49 70 53 75 67 58 104 113 100 45 65 87 76 137 167 117
68 61 173 203 106 78 64 108 106 7 49 71 44 36 45 57 42 49 95 73 37 65 34 58 89 79 106 65 82 40 52 12 60 22 48 85 177 130 19 0 36 129 98 110 134 80 45 66 99 111 51 112 115 176 157 210 115 96 8 104 83 58 212 229 191 71 57 107 58 4 63 119 146 166 111 26 41 122 86 45 45 31 89 104 23 69 39 89 80 106 156 173 158 109 87 62 47 66 52 44
73 52 140 120 166 141 43 14 30 17 64 61 46 70 120 105 91 86 107 63 32 22 15 64 158 97 42 23 55 53 87 34 71 55 43 36 58 42 106 69 75 163 162 32 21 49 104 247 168 153 182 14 103 237 255 237 89 74 24 86 138 32 103 112 111 113 166 62 43 93 126 92 90 168 170 51 41 43 32 59 57 51 56 55 0 65 50 128 124 124 117 101 98 67 98 102 40 64 45 91
32 33 78 104 188 82 19 66 40 22 15 32 47 43 104 90 57 52 71 0 68 91 109 89 45 54 55 94 71 36 74 48 95 56 120 47 45 59 108 101 115 180 200 17 182 255 116 252 248 241 101 246 186 245 255 205 116 132 167 94 161 31 40 28 59 100 130 109 86 61 82 29 20 130 172 28 91 104 44 0 31 70 71 56 12 86 60 140 114 99 71 50 83 58 111 112 75 91 55 132
7 24 17 49 93 4 80 156 40 54 54 45 30 60 71 61 20 35 21 39 52 103 202 150 17 24 140 142 77 51 25 44 54 70 73 72 100 97 59 69 124 197 133 59 98 191 100 247 179 250 255 240 188 140 179 131 58 25 17 81 156 92 53 95 119 112 43 127 73 24 73 42 7 59 86 35 82 57 29 32 42 66 48 48 31 55 76 94 128 75 68 82 87 58 63 69 37 54 45 54
36 28 17 23 0 18 134 156 77 60 89 97 75 89 132 128 114 50 88 59 55 40 150 157 53 109 80 132 56 66 27 111 43 98 75 92 85 86 89 0 59 197 115 124 206 193 56 99 123 83 196 224 239 252 246 43 13 26 96 117 104 103 117 113 149 105 21 73 81 38 48 81 48 57 0 44 45 0 94 118 54 55 45 34 32 48 124 87 158 82 85 41 16 0 29 52 44 95 92 67
78 63 57 87 29 94 159 148 138 40 48 41 28 41 136 141 94 51 19 31 74 54 57 72 83 76 7 53 6 107 91 195 113 146 117 115 38 54 122 61 68 136 124 222 250 248 255 233 199 42 227 255 254 217 255 109 114 45 108 114 42 111 57 0 51 12 1 64 117 21 7 22 49 20 32 25 41 33 178 180 46 66 84 94 73 88 174 89 170 59 75 57 70 23 43 33 40 90 87 68
27 26 18 89 79 84 43 51 84 57 28 36 194 127 66 70 83 54 20 24 79 87 153 83 61 74 106 156 171 249 31 236 215 240 255 169 24 71 160 221 158 213 85 86 234 255 252 255 115 90 157 118 250 239 250 166 157 15 118 50 61 64 74 59 31 57 99 91 114 70 94 17 159 49 80 38 98 126 133 75 38 43 48 122 156 241 255 145 35 29 73 61 62 15 54 51 90 81 53 71
48 56 36 85 105 87 35 52 52 88 134 109 192 72 32 45 95 59 62 125 0 144 184 30 40 194 179 129 143 132 107 88 66 163 249 158 54 74 56 88 155 238 209 130 99 91 179 109 84 155 249 234 255 210 242 140 252 154 57 6 2 15 37 78 90 108 147 130 103 119 97 86 142 82 35 109 109 86 63 74 69 99 136 174 187 227 177 110 72 85 34 22 90 112 129 62 98 44 0 34
74 80 55 61 52 69 82 70 78 110 113 38 135 79 130 213 231 145 103 68 65 50 0 94 65 84 81 48 24 26 85 36 75 105 74 46 89 97 70 62 170 232 255 246 164 54 183 77 3 108 225 249 255 255 235 67 220 255 106 63 81 21 56 32 38 56 86 102 73 143 7 99 36 52 1 58 90 75 55 57 45 47 89 89 135 125 63 27 52 54 5 18 64 63 87 67 123 63 0 37
77 60 16 42 11 23 63 46 59 70 128 63 74 36 148 208 246 249 255 101 55 107 27 49 168 245 53 50 55 113 37 57 86 70 0 8 118 93 110 122 237 242 255 254 246 84 177 155 56 0 154 251 228 225 175 81 200 222 14 20 30 63 58 35 25 80 74 34 30 150 55 100 62 137 170 94 104 82 54 56 50 54 85 77 79 49 64 105 55 19 60 84 91 57 94 123 207 140 65 94
111 63 0 65 46 13 30 49 46 73 120 60 88 27 94 152 209 227 245 19 108 138 83 10 166 246 122 76 232 215 114 134 82 132 120 106 162 115 174 233 252 243 255 195 255 144 195 247 169 111 248 250 255 254 111 120 128 101 40 3 0 13 29 88 117 108 73 50 53 70 106 118 97 133 140 123 108 61 10 35 37 51 72 136 110 79 87 120 52 0 82 59 62 77 126 128 191 106 28 77
73 63 54 31 59 70 96 100 73 44 55 63 141 139 224 167 135 98 60 66 196 191 236 221 233 189 179 140 255 100 239 255 80 181 202 36 86 53 100 199 231 166 164 205 155 163 202 165 166 255 255 222 255 238 143 105 57 60 199 103 51 32 69 137 175 110 30 116 119 33 120 148 127 55 15 54 39 9 17 28 50 30 68 107 129 127 108 82 75 49 46 0 34 39 68 43 71 58 96 88
43 22 7 0 62 134 161 114 67 52 37 112 211 223 241 120 110 59 50 81 38 190 255 179 189 205 82 240 232 156 240 247 174 109 111 125 129 195 203 255 255 228 187 224 127 182 182 111 74 255 209 252 244 118 59 120 117 112 207 103 77 56 95 141 183 122 66 164 124 36 146 178 153 126 32 100 96 54 53 125 127 101 87 113 186 200 104 68 120 143 78 72 65 33 55 42 57 70 146 156
72 25 6 26 91 126 101 30 16 40 39 120 190 195 214 109 81 92 55 28 112 181 165 160 146 214 248 253 53 248 138 255 255 229 251 182 237 247 228 248 231 255 218 255 193 255 224 237 99 245 251 248 255 107 76 47 67 97 174 126 170 159 141 100 95 97 73 237 181 96 144 93 38 56 23 158 121 54 61 81 106 93 94 183 194 174 94 23 100 90 30 136 81 20 133 80 105 39 51 81
170 105 29 13 65 90 82 75 32 41 44 70 85 76 96 59 82 93 92 97 82 169 167 72 149 190 80 237 165 224 230 255 255 242 245 248 230 255 245 243 246 252 124 250 143 188 232 230 255 237 255 246 197 213 83 75 68 128 143 106 142 163 157 123 100 104 122 123 99 188 127 71 105 37 77 165 146 37 179 125 26 38 73 116 51 96 100 107 96 0 65 123 83 116 203 180 39 18 82 161
104 122 71 50 100 105 58 56 78 58 73 123 107 114 34 29 16 142 126 71 12 115 156 37 35 109 69 105 119 98 163 168 173 242 243 252 254 226 250 237 170 229 255 223 248 208 254 255 35 231 221 232 187 201 136 59 0 96 110 121 100 92 82 97 127 92 45 39 94 52 59 71 52 78 79 185 106 44 105 83 53 60 68 65 67 166 66 43 115 119 137 168 134 164 237 197 94 29 15 67
64 90 56 67 107 75 10 34 62 50 64 137 69 118 5 70 29 130 86 61 25 62 119 63 40 68 35 54 127 49 130 140 82 193 200 238 210 192 255 233 237 144 182 248 234 255 246 249 218 254 255 224 158 147 116 56 8 36 7 61 65 65 52 84 95 82 80 0 135 38 51 60 17 187 204 106 145 58 88 95 110 139 79 99 24 40 54 25 51 88 132 196 88 95 83 73 74 58 40 65
72 56 36 83 96 57 27 83 109 100 97 112 20 67 21 135 108 142 31 91 75 111 86 84 98 118 0 68 136 38 140 60 28 40 36 62 255 176 255 237 227 249 244 255 250 221 255 161 57 246 240 192 159 144 56 86 63 52 12 45 77 81 53 40 48 95 118 119 255 75 100 120 60 195 171 64 125 111 66 70 140 146 52 144 83 78 165 68 16 94 98 212 83 31 50 21 66 93 63 64
91 62 38 60 41 50 76 130 96 96 130 130 94 82 42 95 164 168 94 39 104 153 143 47 61 82 76 86 67 41 69 39 75 26 31 104 250 241 239 71 194 87 255 251 247 191 240 253 251 245 255 157 127 127 135 92 39 84 96 61 59 50 45 18 59 88 118 94 151 60 99 253 226 114 30 57 108 148 63 39 93 88 29 79 143 237 192 57 56 163 144 134 83 71 60 70 97 117 42 8
115 99 94 123 53 39 83 111 46 5 49 107 102 115 87 44 108 105 115 68 33 84 116 70 7 20 69 40 33 67 98 110 147 70 89 51 130 91 243 235 240 255 246 212 255 255 252 229 255 0 253 255 104 98 166 165 28 57 122 37 70 89 46 28 33 96 141 65 86 63 99 232 255 130 59 80 98 141 61 59 98 120 127 45 66 119 146 38 61 108 169 76 60 34 34 83 102 103 81 38
51 93 178 225 155 93 79 83 28 0 58 38 97 143 93 42 45 91 57 81 37 24 73 57 30 18 41 2 63 130 135 118 79 114 103 69 99 218 255 255 255 196 253 251 232 126 218 255 253 217 254 254 61 50 117 155 22 56 97 19 71 105 80 58 60 102 132 178 182 178 123 125 154 142 90 92 44 109 59 88 101 145 219 139 9 43 66 142 139 92 117 110 94 39 17 137 165 101 139 44
9 72 204 214 133 42 5 16 2 45 67 54 47 153 24 73 16 90 25 62 83 106 90 42 48 9 59 46 118 125 92 91 16 131 115 55 113 234 244 237 225 255 255 254 78 185 249 219 255 234 61 65 19 76 65 77 51 105 125 41 23 46 78 98 133 110 72 151 160 144 102 115 155 205 131 67 0 50 51 94 56 50 119 144 71 98 69 129 197 54 37 76 100 32 44 203 158 81 66 140
65 8 57 45 73 63 21 0 27 51 102 9 133 75 38 65 36 59 39 54 105 128 38 61 50 14 100 72 89 46 39 82 62 74 98 70 48 70 153 39 195 241 255 145 23 120 255 247 224 245 106 248 229 230 93 53 124 104 71 62 28 65 85 75 103 71 61 131 233 154 69 70 110 176 145 105 101 82 58 45 47 70 119 167 119 34 28 0 35 47 96 71 131 115 146 126 156 172 72 92
55 19 92 41 31 44 95 157 150 100 21 18 103 89 125 86 118 132 132 63 114 158 55 66 48 43 131 73 69 46 60 80 50 75 74 76 53 63 86 32 175 205 150 165 64 111 148 227 253 254 10 235 196 193 36 0 78 63 64 111 0 11 58 85 124 87 119 122 207 122 58 80 131 140 78 61 95 50 35 39 27 41 73 162 192 108 134 58 116 110 95 74 114 98 146 52 70 106 134 77
29 23 142 113 73 76 152 228 204 118 36 55 48 43 164 54 111 172 159 60 83 143 96 33 101 88 106 55 90 74 61 57 81 29 32 22 88 189 111 31 34 133 135 162 109 89 116 249 240 226 32 122 102 111 18 62 89 38 26 89 21 57 87 94 84 38 135 182 172 63 5 45 69 73 16 38 64 43 40 87 75 52 73 141 130 70 51 14 110 129 103 111 67 104 183 98 94 11 72 172
111 62 143 133 81 64 96 111 97 68 90 96 78 19 116 24 88 128 152 160 106 78 79 76 168 168 80 9 83 65 38 64 107 136 146 32 105 132 34 78 87 106 73 72 76 44 75 168 99 84 51 31 56 62 26 75 97 48 22 42 86 144 147 119 64 22 110 212 236 142 69 62 71 86 51 39 52 41 44 80 102 59 75 117 90 67 20 0 93 89 128 166 26 33 154 180 172 38 20 130
129 25 62 85 76 95 123 102 51 37 78 64 149 86 137 127 105 100 149 223 144 100 61 52 163 255 139 27 113 103 57 87 111 135 125 57 74 70 5 76 80 72 31 33 48 61 90 121 6 39 44 70 47 39 68 52 62 60 49 4 100 136 110 62 6 36 64 80 157 111 79 46 34 58 67 10 57 43 53 43 38 32 60 73 50 42 50 36 51 11 77 81 0 53 138 86 94 25 158 200
53 48 157 139 120 134 151 117 60 52 49 90 194 183 186 236 134 65 72 133 102 117 117 45 85 166 79 44 133 145 118 113 86 66 49 41 75 74 26 39 23 64 71 52 110 114 57 105 56 71 44 32 37 49 73 98 63 88 94 141 214 89 39 50 40 54 57 73 104 60 117 232 209 134 46 23 50 40 26 55 52 57 73 64 4 31 55 25 62 0 110 45 26 78 146 78 38 44 117 189
82 114 249 173 133 80 49 42 61 33 36 140 187 198 145 185 86 118 4 31 72 98 144 78 41 83 0 1 76 117 138 133 102 60 84 105 38 1 40 58 91 62 61 21 83 96 47 62 38 102 56 0 46 53 129 118 49 111 131 232 255 96 54 107 87 116 127 46 41 0 72 167 180 117 13 70 92 69 49 53 63 94 120 87 40 77 85 34 126 63 153 108 96 61 165 82 85 35 19 76
79 82 159 77 88 54 40 2 31 99 128 152 93 147 87 68 41 147 57 95 124 91 124 87 58 78 30 74 114 136 151 123 63 22 26 65 45 66 100 19 40 61 124 38 26 55 73 72 12 108 130 68 80 82 136 103 57 115 172 68 104 14 5 69 14 36 99 42 107 74 54 17 6 53 111 183 149 75 53 74 88 66 64 46 58 94 81 46 115 0 58 98 127 54 120 57 55 96 54 28
66 68 89 39 77 88 105 29 68 107 157 225 125 30 0 62 56 88 75 108 97 85 86 62 8 37 61 86 106 82 55 24 18 21 31 56 40 17 46 67 82 145 201 107 45 100 141 69 8 55 129 85 28 62 72 84 12 90 168 29 88 50 31 57 27 2 55 22 105 121 106 70 39 83 224 191 142 59 15 28 34 42 67 30 26 40 47 95 57 20 35 101 41 121 60 11 46 96 49 54
64 104 133 117 204 232 133 54 115 170 136 153 97 47 46 70 84 39 28 52 60 107 93 48 6 38 94 60 85 49 14 30 49 30 16 5 16 10 5 52 100 139 140 117 43 79 114 32 39 59 94 69 62 86 68 94 226 208 62 42 36 0 50 136 117 52 75 75 95 110 100 105 88 84 167 118 112 88 68 74 72 54 39 20 109 164 69 38 24 27 61 50 21 63 75 77 39 88 47 68
18 84 143 123 247 255 57 45 90 112 26 45 44 69 78 91 49 31 9 69 70 44 40 38 69 92 123 64 83 48 22 73 56 36 50 25 19 55 54 52 64 76 71 130 63 35 50 42 23 65 26 11 113 77 57 37 255 203 22 17 11 19 130 232 183 96 86 116 89 107 99 110 92 92 66 79 73 73 83 89 90 61 38 62 191 245 80 50 24 76 21 124 55 50 4 39 25 94 99 113
30 107 188 160 210 173 46 98 56 59 60 69 107 157 158 137 75 69 54 134 101 11 17 55 87 105 97 100 103 68 47 84 102 42 56 97 90 83 77 59 54 50 53 97 74 32 0 15 51 67 6 0 72 33 57 42 89 112 73 25 17 57 137 171 105 90 126 172 103 110 110 96 84 90 15 34 40 55 61 56 56 46 41 97 214 247 55 77 55 155 94 68 90 105 107 96 42 8 19 98
32 71 140 166 169 86 81 85 100 51 114 53 107 148 163 113 81 45 50 124 98 49 16 0 27 44 16 105 104 81 72 86 58 52 42 68 75 73 78 34 34 66 94 54 48 45 2 40 72 42 38 49 12 9 58 81 38 149 129 146 46 23 71 64 49 69 118 154 83 96 98 36 46 94 91 45 32 24 3 1 8 49 63 107 205 249 34 50 31 183 241 92 143 105 120 118 144 67 51 88
8 27 79 96 85 15 49 34 99 41 66 54 69 110 106 68 56 36 24 46 47 49 15 38 85 69 0 75 70 51 64 68 44 12 35 38 48 39 29 11 15 50 70 72 115 82 51 49 62 25 36 40 49 79 106 123 55 205 255 186 51 24 49 45 14 23 15 74 38 71 72 23 52 111 168 66 45 39 11 0 17 39 53 52 89 105 34 79 52 139 179 137 106 32 25 59 170 152 54 68
33 70 80 105 65 53 75 68 82 49 48 56 113 108 99 104 110 86 63 70 30 0 14 109 167 127 39 80 75 53 68 88 77 42 40 19 33 40 47 46 24 31 42 78 124 87 54 73 65 25 41 33 91 98 141 89 32 206 218 130 45 49 92 22 48 27 0 21 39 32 44 72 54 81 153 50 65 59 66 66 50 38 37 15 2 4 22 113 105 58 48 60 33 9 87 98 162 106 12 15
17 88 72 112 40 84 98 110 7 60 7 23 36 63 51 89 103 67 22 57 85 70 49 65 131 116 75 77 73 54 87 142 126 106 88 36 40 46 57 68 95 61 17 36 63 48 33 74 82 76 119 120 89 22 87 83 20 61 14 56 6 45 28 12 15 113 114 34 71 46 46 57 46 48 107 32 54 79 103 123 91 12 0 41 36 10 17 44 35 81 93 58 31 92 153 30 66 52 89 13
133 191 134 136 25 57 68 98 17 41 96 13 97 11 80 23 63 143 154 110 52 22 30 39 8 55 108 114 116 71 57 81 123 120 100 37 41 48 52 64 52 46 19 43 60 58 23 35 45 50 41 61 35 97 83 12 63 72 176 122 59 31 28 27 132 155 134 140 181 31 38 135 32 37 63 42 55 131 156 192 128 48 41 132 90 54 69 79 47 42 36 49 60 55 71 77 60 23 89 34
155 163 90 71 10 27 76 124 42 38 70 106 29 51 97 84 19 130 197 149 65 28 51 66 78 86 96 48 54 46 50 61 82 81 71 36 76 101 94 83 112 92 40 31 32 54 56 82 53 46 29 46 0 108 61 38 115 53 119 41 0 25 41 0 19 105 145 238 255 87 78 123 53 58 47 24 30 75 92 108 42 8 20 151 111 99 98 88 35 36 59 74 125 133 55 55 49 4 17 97
184 144 84 64 83 61 115 143 96 18 48 84 37 167 219 190 2 70 210 246 183 91 37 16 65 72 92 60 57 49 55 46 41 38 57 68 141 173 140 91 49 43 31 45 60 80 95 122 130 61 47 63 22 62 11 57 101 54 39 73 0 15 48 60 78 104 120 239 255 99 88 123 91 99 86 63 117 91 134 129 39 71 73 121 53 59 76 95 61 52 111 110 130 172 60 5 61 68 70 132
151 103 78 65 132 70 112 114 104 2 76 37 96 211 205 133 72 42 165 235 244 206 120 49 22 27 65 82 65 47 60 47 15 13 53 78 139 163 129 70 35 47 54 43 55 65 75 71 44 37 45 40 18 47 12 43 135 110 76 19 7 0 63 72 96 49 18 86 181 130 100 94 75 91 59 65 140 50 99 94 0 58 64 87 136 170 116 50 51 89 157 126 123 210 119 12 92 83 55 32
109 67 56 33 102 16 55 50 88 62 182 86 50 78 49 108 179 76 112 91 120 212 228 192 78 32 24 52 32 20 48 39 25 20 59 65 93 115 113 79 84 111 111 55 65 95 114 81 43 50 43 86 72 64 5 27 95 81 64 15 69 75 63 89 103 91 75 28 108 109 78 73 60 90 36 98 171 70 111 126 39 116 124 101 216 255 171 63 32 75 99 76 111 231 188 110 68 51 26 59
49 23 52 44 79 34 36 46 76 91 190 116 52 92 3 186 94 105 96 26 41 124 208 204 128 56 28 69 48 41 37 48 28 44 16 103 100 89 68 54 62 69 123 58 95 150 178 161 76 50 42 107 98 94 0 13 22 23 25 87 123 118 80 139 204 174 106 89 75 75 51 60 96 93 32 44 84 27 67 86 22 50 53 40 166 255 170 85 69 70 73 78 98 174 152 100 76 31 104 182
74 29 34 109 72 72 68 72 47 87 131 57 96 134 68 196 25 51 55 36 59 63 89 95 83 74 78 50 58 69 87 59 69 39 49 84 113 104 60 16 4 37 51 76 65 81 130 111 73 23 35 20 18 13 33 37 52 74 102 88 90 43 83 203 233 116 59 88 54 59 42 35 95 86 59 95 105 41 81 148 97 68 59 11 57 93 110 94 82 71 14 110 76 97 83 46 57 48 168 234
161 94 26 109 50 71 92 129 42 77 59 19 137 90 2 84 18 52 25 19 70 60 41 12 55 77 74 13 12 31 80 95 137 103 57 48 67 43 31 28 9 52 88 142 75 30 77 55 57 47 46 70 77 78 96 96 72 80 76 44 100 112 158 241 228 88 34 65 26 46 33 40 46 53 71 71 24 49 102 128 108 21 11 92 48 23 20 70 60 22 9 62 94 117 77 63 66 26 68 132
178 116 0 37 60 63 88 133 118 59 73 65 75 43 57 69 73 89 44 45 89 88 74 36 14 47 67 109 94 56 27 70 111 106 38 72 17 7 104 134 66 23 131 235 184 57 69 85 105 130 35 56 117 150 109 81 138 104 35 24 89 124 91 106 115 49 9 19 21 57 17 23 118 246 142 20 80 119 27 112 175 82 25 46 0 53 52 93 88 20 48 28 19 69 90 100 94 134 13 156
184 148 52 63 103 79 69 56 38 79 144 140 120 94 64 67 54 48 43 74 66 39 41 36 52 45 35 91 104 68 34 85 125 108 82 101 12 47 206 221 74 27 129 242 197 78 50 15 47 169 155 136 164 154 127 75 29 32 32 46 97 120 114 146 126 92 50 22 37 86 63 47 79 161 168 85 22 77 61 137 67 30 61 25 49 67 37 37 34 16 63 133 28 60 124 110 53 51 72 14
61 67 41 65 53 79 95 74 51 51 86 90 55 67 50 50 61 62 79 94 66 64 55 44 27 47 52 31 55 33 33 48 113 116 120 37 36 59 109 128 79 48 43 138 67 44 109 114 55 66 21 62 65 96 89 38 20 72 130 66 104 128 154 122 82 60 50 15 15 51 81 33 74 67 72 48 20 89 46 46 17 11 51 70 105 102 45 65 82 56 63 81 94 136 127 119 142 149 45 92
56 69 51 48 32 80 91 82 81 93 44 30 49 45 28 77 69 85 90 62 53 99 71 65 38 86 95 35 38 44 58 51 64 95 119 43 98 98 71 102 97 45 55 169 81 18 59 116 123 89 26 72 22 41 41 45 12 50 103 36 121 213 230 109 55 84 105 98 163 174 183 76 46 53 38 6 21 88 46 61 59 102 58 78 50 102 66 58 46 11 63 53 166 191 110 111 197 157 63 103
90 89 44 17 86 110 54 23 105 158 140 98 60 45 68 64 68 85 89 57 56 94 61 116 79 115 101 88 82 114 93 74 56 28 43 49 33 75 145 176 62 24 89 99 57 55 38 30 106 136 126 66 44 3 10 6 42 20 40 49 144 255 243 119 113 157 110 83 250 255 221 65 65 43 60 41 7 72 107 146 119 153 97 124 70 56 84 76 64 24 94 177 124 88 81 95 79 111 128 92
95 82 49 42 55 68 18 13 133 193 122 109 74 54 98 91 73 87 103 124 82 76 62 128 66 90 25 79 96 94 108 98 31 20 21 34 30 56 71 115 53 67 111 45 34 24 38 50 117 74 34 51 37 17 14 63 114 104 40 42 107 159 131 122 158 163 59 41 154 130 92 63 109 84 34 25 30 62 78 104 118 187 87 68 63 48 61 71 66 79 183 117 51 8 52 103 34 48 159 129
110 98 138 112 0 4 54 66 158 135 31 33 60 99 122 76 87 101 178 147 99 133 45 100 27 68 37 25 15 31 86 119 95 34 46 134 140 78 9 31 128 136 112 126 45 80 21 56 104 67 42 89 109 95 58 65 110 83 30 34 41 43 38 78 119 86 62 24 56 30 4 120 143 120 74 23 29 65 77 48 105 181 3 33 34 89 45 31 72 62 107 64 28 20 57 70 23 45 143 153
146 92 137 138 24 49 85 43 66 54 28 47 63 132 173 152 102 132 202 124 75 150 57 87 15 77 118 48 19 36 93 143 96 47 57 130 134 89 31 52 78 97 74 40 8 77 27 2 3 16 26 60 53 46 48 89 91 74 63 84 52 22 21 69 58 49 77 64 82 90 9 72 41 69 110 46 38 79 185 201 83 140 58 54 176 229 114 61 82 23 54 154 136 46 28 46 29 47 103 153
2 36 123 142 62 85 136 162 108 28 7 47 94 180 142 47 50 119 115 42 0 74 54 41 24 76 184 88 64 69 88 131 148 112 84 76 46 37 17 42 127 73 72 15 56 53 44 21 108 99 66 56 31 24 17 43 21 26 46 78 51 41 31 35 40 86 64 45 39 99 97 104 97 78 132 63 62 68 210 240 81 73 106 0 209 254 88 69 73 104 73 93 61 87 99 31 28 34 36 106
