36 44 41 78 50 48 62 55 11 33 69 80 75 88 87 57 35 59 42 14 55 84 57 58 100 95 12 58 55 72 76 49 50 57 94 29 56 4 39 115 97 24 10 3 33 37 58 117 101 55 98 38 70 111 94 72 68 75 97 37 37 63 52 13 29 96 136 101 53 18 0 13 18 34 28 28 45 47 28 25 16 46 31 14 34 33 24 47 73 85 96 78 49 62 57 91 120 150 128 21
52 71 83 118 82 57 46 28 28 37 36 6 0 31 44 8 17 24 6 0 50 78 50 53 89 56 0 51 52 43 49 60 70 88 72 42 72 16 21 129 126 41 41 38 40 32 49 89 90 82 93 36 83 115 88 86 88 98 94 32 10 35 44 20 51 78 136 144 106 95 78 35 52 71 78 70 76 52 38 44 62 63 38 22 31 30 37 69 68 88 53 52 50 94 31 33 19 84 117 72
27 30 43 97 109 104 81 50 59 22 25 49 37 15 12 12 65 81 72 43 43 32 7 30 29 23 5 35 52 57 87 99 141 106 37 78 112 79 52 114 74 5 30 30 15 2 20 49 36 41 41 11 42 79 70 53 72 94 75 40 14 50 84 76 49 37 46 55 54 67 53 0 18 39 56 33 40 7 23 49 145 103 52 18 0 0 32 75 104 53 7 65 94 64 5 67 19 35 64 98
27 17 26 75 112 117 91 61 47 13 6 13 7 14 32 35 19 28 30 26 56 60 19 9 53 70 51 44 34 0 37 27 76 34 20 105 77 39 30 32 47 23 55 41 41 33 39 70 48 30 44 55 48 100 125 63 73 91 53 39 14 50 88 81 49 52 8 6 57 70 44 22 61 88 111 67 70 32 55 78 49 47 72 91 75 60 64 68 51 80 79 19 44 72 90 72 30 16 0 19
42 43 61 82 99 87 66 58 18 20 69 119 113 79 51 27 35 56 75 86 125 135 71 22 43 64 49 71 60 0 36 33 75 36 31 79 40 18 48 45 49 61 62 20 57 54 22 45 34 14 22 46 41 82 107 40 60 63 22 25 12 39 59 41 37 61 26 31 80 76 49 31 31 70 102 59 66 30 40 44 53 51 70 71 40 33 45 42 41 41 73 50 30 34 88 78 56 104 64 4
50 40 48 43 62 53 42 52 41 18 61 126 116 61 35 36 15 52 91 103 131 140 82 31 24 62 59 73 71 19 58 33 90 72 42 36 39 36 63 88 83 102 75 17 76 72 11 21 33 33 20 23 57 65 60 37 30 28 22 43 50 58 44 10 30 33 9 19 32 44 70 49 18 45 58 23 33 15 27 35 13 20 46 54 34 29 34 25 35 38 57 86 21 47 63 19 34 100 71 28
57 33 29 7 34 30 23 42 33 28 41 49 46 57 60 37 57 48 49 51 82 95 39 0 0 31 51 40 55 68 60 18 25 62 97 97 76 63 61 95 85 99 83 27 66 52 1 20 42 35 31 16 61 49 42 46 46 28 42 47 58 51 25 0 69 67 22 22 39 64 120 122 99 93 68 35 33 19 34 66 40 32 42 56 50 40 40 40 52 69 71 109 38 60 49 0 15 37 12 60
29 28 50 28 48 36 35 67 54 19 21 48 58 70 90 95 82 63 53 34 35 47 33 28 33 20 54 45 63 84 28 9 8 9 69 103 67 85 67 60 81 94 106 57 56 29 5 42 40 0 27 13 35 26 45 42 61 18 24 0 14 22 23 24 100 129 54 36 72 60 69 86 132 110 73 61 55 39 52 102 80 45 26 36 39 29 33 51 69 100 105 109 58 50 55 24 47 50 11 78
2 26 77 42 56 62 55 89 69 40 30 30 50 70 91 115 124 130 85 41 22 19 36 33 39 37 45 57 29 36 34 50 50 78 61 68 76 56 39 45 61 74 62 109 83 25 11 50 24 0 26 11 12 29 49 47 66 50 23 22 30 57 41 51 119 150 78 17 52 44 12 49 118 143 108 39 52 38 49 82 70 17 18 13 25 24 40 41 82 90 102 127 86 52 23 35 60 46 30 13
31 33 59 55 68 56 48 91 73 47 27 23 41 63 76 85 123 116 84 29 4 3 39 57 52 38 47 33 2 51 32 123 103 126 84 37 43 63 56 61 62 57 49 118 119 59 22 40 30 17 18 24 5 17 41 33 82 87 39 43 54 72 55 23 64 98 75 47 80 103 95 98 124 145 122 75 64 38 37 67 42 26 40 16 18 31 29 33 41 56 42 70 118 53 15 88 87 19 23 6
73 63 46 53 55 43 36 74 60 34 21 43 53 53 61 82 94 67 59 16 5 6 42 62 48 42 57 56 9 70 40 98 53 99 56 33 75 75 100 85 81 51 34 103 125 75 14 0 26 34 13 37 2 4 24 9 41 74 20 29 40 57 56 4 22 57 80 78 92 129 134 103 24 34 45 82 103 98 74 77 44 52 99 49 78 62 27 12 9 21 4 19 98 40 29 122 102 15 41 19
82 83 35 32 28 37 39 60 78 46 40 95 81 35 32 75 62 19 28 16 33 29 37 34 51 42 23 40 3 51 61 32 18 56 14 32 112 31 90 68 61 48 48 94 129 113 60 18 13 22 18 34 8 2 8 0 5 43 10 16 22 46 57 34 2 32 64 76 89 115 108 68 33 24 40 109 118 97 36 9 38 83 158 60 112 84 48 14 10 8 16 16 28 23 59 100 89 48 77 68
56 62 20 23 26 43 47 67 86 58 40 105 89 42 32 62 51 13 12 21 48 40 32 22 31 21 0 4 26 30 39 26 12 30 60 82 187 52 57 43 65 83 98 83 78 78 56 21 10 2 26 12 12 8 5 7 8 22 13 18 22 47 43 54 12 26 34 59 107 122 88 55 52 38 50 100 83 58 22 13 22 86 135 51 77 70 45 44 30 19 37 52 13 38 72 71 72 79 84 127
44 37 21 32 46 45 34 60 76 64 19 62 56 51 37 25 48 38 6 22 40 33 38 46 38 30 17 0 61 28 3 95 83 34 62 7 116 68 71 140 205 202 189 103 43 32 41 37 19 0 25 0 11 14 13 26 15 9 8 24 34 53 31 49 65 63 45 68 133 139 85 52 74 53 48 64 50 42 41 50 61 63 51 92 88 55 0 52 48 37 45 90 74 75 64 69 65 83 64 144
54 38 41 27 51 47 17 31 68 73 15 40 26 39 27 0 66 87 15 39 45 35 43 62 78 66 41 13 32 14 29 146 174 114 85 28 105 103 113 220 239 171 138 72 34 15 25 37 22 16 11 1 10 14 15 23 15 22 10 37 43 48 41 50 82 92 83 86 113 113 73 42 51 53 66 71 78 70 78 85 94 74 46 131 124 54 0 39 47 30 48 99 105 74 51 58 56 80 60 101
59 49 58 7 38 55 17 8 26 48 6 49 34 49 56 48 103 140 38 68 68 49 41 50 55 65 44 57 7 3 72 100 189 152 47 45 93 81 124 236 184 68 42 47 67 39 16 13 17 32 0 17 12 12 11 6 0 33 5 31 22 12 34 38 41 76 100 86 66 67 61 37 23 71 121 108 91 42 35 37 65 119 121 110 105 51 53 35 34 6 52 85 78 38 41 29 44 83 78 47
30 44 57 12 39 44 16 9 3 35 15 45 47 42 45 60 103 85 41 147 101 69 57 59 57 33 48 70 9 39 65 21 80 150 46 41 12 73 104 193 142 97 71 42 49 62 22 1 28 13 12 17 9 5 8 9 13 15 21 17 10 27 54 65 26 48 61 51 23 37 70 47 34 62 136 127 116 85 42 31 38 61 56 62 68 59 55 66 45 9 30 76 77 59 40 12 21 28 28 50
45 55 63 65 32 12 22 37 31 15 6 14 46 47 38 51 27 22 58 152 115 78 69 90 68 58 59 78 29 15 33 61 54 53 69 80 37 156 115 105 79 76 57 41 29 25 27 21 31 14 7 7 3 9 20 21 15 7 14 22 20 29 52 67 93 55 32 47 43 46 66 51 12 23 77 107 71 59 63 56 28 15 4 24 48 58 81 109 46 43 58 95 120 97 50 22 18 23 0 37
58 53 51 98 34 0 28 52 39 9 28 15 53 49 31 44 19 6 59 91 57 45 54 82 74 87 71 70 55 30 40 119 106 39 65 85 49 173 110 54 49 74 56 47 21 0 27 28 14 7 8 10 12 22 28 18 24 8 14 29 25 19 26 34 94 99 43 33 87 101 73 43 27 17 4 46 35 18 20 39 72 48 59 79 73 47 55 77 72 55 60 76 87 99 88 52 45 53 4 61
54 49 53 84 40 5 22 43 32 37 65 54 61 52 34 30 35 18 31 31 6 26 39 43 69 95 76 48 60 68 71 126 112 56 0 52 62 103 70 38 56 68 55 45 24 6 20 21 8 5 7 8 12 30 36 23 23 12 18 29 23 14 8 0 31 112 59 34 123 122 62 62 57 37 0 40 120 79 13 58 74 30 45 65 82 88 115 136 93 35 50 55 17 72 128 78 88 90 14 63
49 54 67 46 60 50 30 35 44 69 61 71 69 81 70 31 3 11 21 82 72 65 38 21 48 65 76 44 47 69 68 77 84 67 7 98 147 131 103 70 43 34 40 27 19 21 11 21 27 15 5 0 0 27 47 45 12 13 19 20 19 29 30 15 22 68 43 55 99 58 52 132 116 38 13 10 120 84 17 80 111 40 37 46 108 149 162 145 70 26 53 63 19 56 107 70 75 70 0 27
64 49 42 11 95 131 80 39 58 64 23 52 73 121 122 66 6 26 55 163 165 93 19 16 19 17 72 60 44 49 47 40 44 23 19 84 123 132 99 44 25 11 29 15 9 18 4 24 29 19 14 9 8 25 41 41 16 20 23 15 14 37 52 42 72 56 47 60 30 7 86 182 143 15 35 0 45 21 7 60 47 1 20 20 92 129 119 88 44 37 40 53 55 40 36 48 64 67 55 84
84 49 10 14 98 160 124 54 45 30 20 35 57 98 111 84 44 43 71 135 164 86 1 29 12 0 66 60 47 47 40 28 34 21 35 50 64 86 72 24 24 17 17 15 13 11 10 18 18 13 22 28 21 19 22 20 17 20 25 18 9 22 38 37 85 89 66 36 5 17 94 152 85 4 73 70 69 35 36 72 65 33 48 10 62 86 91 97 68 45 15 36 67 26 0 37 34 30 66 75
89 65 19 47 65 118 127 70 21 6 50 34 27 30 48 61 45 24 47 45 116 83 13 57 26 10 62 40 44 55 38 16 12 50 54 61 74 57 61 38 27 23 0 15 23 12 24 12 19 11 19 25 14 5 10 14 3 5 18 22 8 4 14 19 54 108 60 14 34 33 47 94 47 20 61 69 67 31 41 97 70 36 46 4 67 94 109 136 114 42 6 46 69 29 8 36 51 16 45 8
83 47 45 39 30 54 119 71 15 2 51 20 4 0 9 48 73 70 64 0 71 69 44 87 59 42 54 26 29 36 50 28 17 28 59 38 56 39 21 35 33 18 7 13 23 24 17 11 1 8 17 20 31 60 69 49 19 7 11 16 6 1 12 22 74 127 119 24 66 6 11 48 46 25 57 33 1 10 65 82 73 47 7 40 82 71 68 74 40 23 56 54 92 61 16 42 36 29 22 18
54 58 69 66 10 25 106 124 49 24 37 3 20 33 22 28 66 86 70 26 54 72 72 78 86 55 46 25 37 40 47 31 21 18 37 14 31 28 13 9 24 24 20 15 20 28 24 14 12 17 25 32 50 81 88 66 21 16 14 10 10 22 33 32 67 94 89 38 76 15 6 38 39 28 108 71 53 38 66 94 119 91 34 78 49 33 29 59 21 27 68 54 77 64 23 23 36 6 9 55
79 94 100 116 59 62 99 125 75 39 30 23 79 87 29 0 19 52 41 32 35 64 82 62 73 43 28 27 47 46 59 63 14 6 27 26 42 43 22 0 9 21 22 10 9 20 20 9 14 17 27 36 53 77 74 46 0 15 24 27 37 47 30 1 2 25 19 0 44 48 38 29 4 48 173 95 55 13 21 62 101 87 49 79 28 48 120 172 101 49 43 30 46 37 8 12 34 35 42 52
83 81 72 82 66 65 57 53 53 34 27 41 98 101 54 52 70 90 78 43 34 39 44 34 41 26 17 37 55 52 79 105 66 28 19 20 26 39 45 32 10 15 13 5 3 8 10 5 9 13 24 30 36 47 36 6 22 28 21 18 39 57 45 23 25 35 29 32 69 97 80 48 2 19 65 25 80 103 72 39 66 79 89 72 31 62 209 236 142 75 44 28 36 49 49 60 19 57 70 42
95 90 83 50 53 55 63 61 51 57 36 15 23 20 0 7 58 95 115 26 31 35 33 53 44 32 18 47 52 51 87 110 98 49 21 27 14 12 26 32 30 17 8 10 11 6 6 10 10 13 21 21 19 28 25 4 25 24 7 5 33 49 42 36 38 24 37 75 76 61 46 50 53 87 73 54 69 78 66 49 67 97 130 104 31 24 151 137 46 60 65 34 14 40 42 31 30 61 83 81
72 67 74 29 35 39 50 45 39 69 66 70 91 105 54 13 55 124 179 69 69 64 44 53 53 43 26 55 38 43 81 80 70 48 25 44 22 2 3 12 42 19 7 15 18 9 5 11 10 10 13 12 11 27 38 30 37 44 25 16 36 40 27 27 50 52 68 74 47 32 43 59 63 76 42 84 108 96 63 35 38 68 92 121 34 21 115 98 0 32 55 65 47 39 16 7 43 75 83 55
49 30 44 44 58 71 46 21 41 63 76 123 140 133 61 0 6 50 101 63 66 64 53 41 42 57 62 89 31 29 68 46 50 54 18 26 10 6 17 33 36 21 13 17 20 14 8 7 9 6 9 10 13 29 37 28 77 89 53 11 20 37 39 49 65 83 85 46 29 40 52 35 41 39 27 63 100 97 55 14 3 27 49 102 61 71 177 153 42 43 50 111 119 84 52 80 112 123 101 52
26 0 12 56 72 102 57 30 34 37 56 115 95 64 39 43 52 20 12 38 30 25 31 11 31 79 114 135 35 16 57 25 20 55 26 32 22 23 22 25 28 27 24 21 22 23 15 6 10 7 12 17 20 28 24 5 37 74 50 3 11 29 26 25 55 57 66 59 86 92 84 50 29 35 48 17 44 74 69 43 19 40 69 87 95 100 221 161 50 64 56 99 97 62 37 76 139 87 50 57
42 22 10 32 76 98 75 41 37 20 22 23 34 40 41 52 71 54 66 34 43 25 2 6 8 45 77 104 33 16 40 27 6 14 45 49 39 43 33 22 35 27 38 18 30 21 20 12 5 5 20 2 14 37 22 12 56 88 49 27 33 18 32 7 28 31 27 33 86 143 143 101 41 28 17 39 43 59 88 51 47 33 50 145 92 96 109 102 46 94 33 33 38 11 3 32 87 47 12 18
79 48 12 18 57 74 55 36 47 32 6 8 16 37 36 24 13 41 73 66 63 44 25 25 30 29 37 49 17 21 57 70 41 22 72 87 52 33 22 29 38 37 46 21 23 12 14 6 24 3 6 3 24 51 38 32 87 118 47 37 60 29 12 28 29 27 20 29 59 119 128 99 53 11 13 56 56 45 62 64 26 47 87 91 77 42 71 50 54 91 37 68 59 59 54 76 62 62 42 23
100 64 15 8 35 29 0 0 21 44 47 100 82 66 44 19 18 42 44 58 50 39 45 63 86 61 56 42 54 75 105 130 91 57 119 131 70 26 5 37 67 60 47 19 20 18 24 11 18 8 15 21 39 77 73 61 93 86 34 56 37 43 42 31 54 58 63 94 63 45 14 17 52 47 73 76 55 50 38 21 53 74 94 45 55 12 48 45 106 102 33 70 53 87 63 33 24 39 28 3
53 39 22 47 94 91 60 55 51 43 12 79 39 10 18 27 38 35 1 36 32 20 24 41 58 54 57 11 41 67 68 74 81 74 133 126 77 33 3 57 114 93 48 18 20 27 34 17 2 16 27 28 23 69 80 65 61 52 20 51 2 55 64 27 32 58 55 110 111 94 38 59 36 6 50 85 77 58 50 85 79 66 52 43 32 12 23 40 43 47 15 33 27 101 104 36 17 20 12 6
43 32 26 50 80 66 33 22 53 46 33 126 100 71 54 32 66 88 71 108 110 95 68 44 49 80 91 22 41 66 49 31 21 60 98 74 61 36 5 66 121 103 49 26 14 17 29 17 11 17 24 44 19 43 52 42 36 60 15 38 10 55 34 37 104 103 18 31 86 114 46 54 126 58 51 63 60 42 26 62 67 44 52 76 48 37 24 21 19 29 40 58 125 239 250 132 31 47 53 55
35 18 15 31 45 47 40 32 32 49 61 114 84 86 86 54 33 86 92 90 97 110 84 38 40 80 81 24 24 40 29 13 13 60 67 43 45 19 0 37 69 72 33 33 11 3 24 29 26 16 32 102 72 59 42 27 41 37 14 55 15 45 31 48 141 105 23 50 112 129 93 134 154 95 54 49 71 77 52 40 30 30 82 66 60 52 56 24 40 60 86 78 132 197 182 66 19 66 89 80
28 6 8 16 12 31 49 39 17 43 82 85 33 37 53 34 17 51 67 38 59 86 71 40 42 58 45 43 30 21 19 23 47 56 47 59 50 8 4 21 39 44 9 34 16 4 26 36 31 31 46 118 76 63 46 20 43 17 18 64 15 51 55 57 91 55 45 81 88 83 104 155 135 68 27 73 100 59 35 42 10 30 78 15 41 38 48 18 33 95 144 110 59 29 19 12 20 56 72 63
23 2 16 23 9 35 64 46 9 10 59 61 25 33 56 51 27 31 64 52 87 90 58 37 59 51 32 83 66 30 28 48 56 26 21 80 66 18 40 42 58 46 0 32 24 11 24 26 34 51 43 66 2 22 35 8 30 49 28 37 36 73 53 72 90 73 85 57 9 42 105 97 61 49 17 40 56 32 32 26 31 60 75 6 43 39 17 5 15 65 105 113 62 18 4 59 54 50 43 49
14 13 48 3 21 43 72 43 3 29 39 69 21 41 55 69 57 67 43 71 85 59 16 45 83 99 87 61 45 26 25 50 58 32 21 76 57 29 31 58 62 45 11 34 10 13 28 17 18 50 72 32 29 32 45 22 31 22 14 52 158 191 110 62 139 90 87 59 95 81 96 60 52 104 4 47 92 58 7 44 67 68 69 29 28 32 40 8 25 75 116 121 87 72 30 65 68 63 97 153
30 21 47 16 50 66 78 52 34 48 60 67 32 35 48 51 58 71 40 25 53 61 28 43 107 117 87 46 37 35 24 20 33 60 57 49 19 21 47 56 58 39 15 19 11 26 38 22 25 56 103 94 93 92 79 17 6 37 6 42 192 233 112 120 159 85 35 89 118 121 119 54 46 99 24 58 138 120 36 30 88 77 64 67 65 59 45 41 68 80 92 107 137 67 9 42 23 66 156 201
25 24 47 26 66 68 58 39 46 57 69 49 38 44 47 24 70 77 64 28 67 82 57 77 110 100 67 42 50 55 38 22 3 52 73 57 47 46 68 56 36 15 29 35 49 53 47 35 41 69 120 126 121 117 104 51 27 16 33 0 107 147 113 136 153 38 58 51 41 52 135 62 9 72 40 44 124 98 21 42 117 107 89 126 118 87 45 66 44 54 73 128 145 83 46 56 27 51 111 100
9 28 51 29 60 57 34 18 33 50 57 35 32 62 54 32 47 26 32 14 53 44 25 60 69 44 27 41 60 57 47 47 38 12 0 5 52 66 101 93 38 14 50 51 65 44 23 26 51 49 55 79 111 103 68 39 18 11 59 25 166 255 176 83 99 52 101 83 79 35 143 31 73 24 72 84 67 69 87 77 24 71 121 193 208 145 54 38 60 55 93 207 135 88 63 44 60 48 52 12
19 37 47 24 56 70 47 30 36 43 41 42 20 53 51 89 134 72 53 40 74 68 63 82 72 57 55 68 74 75 79 83 85 96 102 62 28 23 97 118 76 66 86 53 53 37 20 22 19 45 40 50 57 17 7 78 146 77 7 31 212 238 133 241 186 113 17 48 94 50 144 58 111 42 33 19 67 76 60 59 52 67 61 53 93 81 43 16 20 5 39 143 79 39 37 32 51 46 55 56
43 35 31 18 54 87 76 63 57 41 30 47 12 33 37 130 213 130 66 42 60 94 113 80 55 65 69 48 30 45 58 47 18 51 80 65 59 113 149 73 60 82 81 36 40 55 42 21 35 39 24 79 124 75 14 57 126 90 45 38 247 243 151 224 255 67 91 79 103 57 99 49 163 93 58 29 83 106 66 17 69 68 40 5 77 125 124 77 84 122 112 45 35 22 62 80 70 49 47 71
48 22 23 30 45 71 76 84 77 49 33 28 30 60 48 106 184 120 55 49 38 91 132 59 51 74 90 66 41 58 72 52 26 50 82 78 44 120 172 94 42 60 26 12 29 52 37 9 0 21 53 129 144 101 56 86 60 65 159 199 248 247 239 252 223 79 255 108 82 46 74 52 121 127 73 32 91 83 28 29 84 84 56 27 64 117 112 61 99 172 154 0 16 48 104 128 95 53 39 42
39 12 33 52 38 41 57 88 85 63 43 7 59 116 78 60 114 83 52 86 46 87 138 55 43 62 95 100 83 90 101 88 63 54 84 96 12 56 134 112 109 86 5 16 35 42 29 18 23 8 12 47 26 52 109 179 182 180 186 249 114 255 255 222 73 165 243 45 30 13 38 18 74 63 52 51 48 37 38 46 69 76 50 32 22 70 69 42 105 123 115 21 14 32 37 46 46 30 54 41
19 8 22 44 39 26 41 76 70 70 51 19 82 142 83 32 55 48 81 106 79 92 108 62 65 58 82 43 47 60 51 58 51 41 30 59 5 42 80 54 65 66 26 7 32 49 11 15 13 13 19 7 63 65 117 203 255 255 219 214 95 221 250 144 93 107 81 20 4 51 70 38 52 45 30 27 26 35 82 101 82 61 36 60 58 67 61 52 97 83 70 17 23 18 25 27 15 24 33 26
19 13 15 32 13 19 45 55 53 28 35 80 56 117 61 28 56 70 98 77 94 61 48 89 84 52 45 42 61 57 46 64 77 59 33 54 57 81 84 39 6 30 36 39 57 46 33 41 44 42 35 42 113 158 148 204 228 228 255 255 198 255 253 108 150 89 36 37 63 74 72 71 48 96 79 30 51 84 124 123 111 73 41 77 80 59 26 30 53 41 22 1 8 21 47 49 34 51 59 49
53 43 27 49 18 42 66 34 19 14 39 78 30 59 24 40 79 74 106 35 79 58 22 86 105 80 38 53 75 53 29 26 95 60 27 51 91 105 110 97 63 28 62 89 66 75 64 53 71 52 51 18 66 122 240 251 253 200 235 255 208 250 191 130 14 50 49 48 103 135 73 0 59 118 89 39 83 121 131 111 96 87 83 132 129 70 12 38 39 44 32 56 37 34 40 15 50 84 101 106
61 47 29 71 49 77 93 42 13 65 80 19 48 26 12 83 86 59 130 41 40 84 57 72 74 102 65 87 123 128 123 94 106 60 34 68 63 69 86 114 55 31 122 152 127 60 53 81 50 90 119 118 30 32 99 229 215 231 231 253 255 245 162 55 51 40 30 59 88 54 19 35 22 53 36 55 59 61 50 56 84 125 139 155 136 79 23 70 97 79 17 32 0 15 65 65 4 46 65 95
26 21 23 69 58 68 82 59 47 100 98 5 91 47 29 107 97 88 185 111 46 90 53 52 64 113 89 92 104 91 91 44 110 65 43 83 24 62 60 61 188 233 189 134 118 69 106 94 36 163 191 44 95 99 49 142 141 247 132 227 208 163 96 0 32 71 63 37 50 52 24 7 22 39 58 141 71 48 42 82 113 160 141 98 88 87 48 85 59 67 29 63 9 23 49 35 22 48 37 72
24 36 60 72 64 35 30 50 67 58 54 34 92 65 26 72 82 90 162 144 106 100 45 74 46 81 102 124 132 85 87 40 87 54 31 77 45 163 155 114 240 249 73 142 18 54 126 89 41 148 39 53 104 72 9 59 127 244 222 216 160 147 110 94 54 51 24 12 36 47 30 19 18 24 42 133 64 66 58 67 103 134 94 35 62 121 82 86 39 64 49 82 42 57 59 43 59 64 14 38
36 66 109 87 110 53 5 41 64 18 21 50 68 55 12 39 42 35 71 91 109 75 65 121 58 47 85 106 128 78 97 52 75 59 48 96 117 255 255 227 221 172 111 255 67 18 46 104 119 246 196 241 231 124 148 77 84 142 255 62 51 70 147 118 80 51 33 44 59 51 33 24 36 27 8 54 56 93 76 31 48 85 73 32 62 127 84 83 16 45 46 65 56 84 72 60 78 88 31 61
18 59 119 93 163 106 23 53 66 30 38 49 63 45 15 50 60 28 41 37 36 0 44 105 88 31 47 37 75 60 114 75 95 94 102 143 175 255 248 254 228 217 255 136 134 101 122 211 175 232 211 243 253 255 245 214 49 68 154 178 99 74 123 83 62 43 45 62 62 55 58 64 57 49 5 1 53 96 84 25 21 71 90 52 48 86 52 75 27 41 28 15 14 48 27 19 63 92 56 106
17 24 65 97 126 113 53 50 62 59 49 22 36 30 53 64 106 96 58 59 34 0 39 64 90 34 49 24 54 46 106 71 89 55 99 62 154 231 212 253 255 198 217 138 176 57 43 98 136 131 149 175 223 252 172 252 52 78 80 205 146 123 120 75 36 34 38 57 71 60 55 72 79 64 29 34 42 52 34 32 64 87 66 55 39 27 39 42 46 38 51 58 42 49 7 0 7 89 72 97
32 38 37 64 50 65 51 32 68 70 42 46 53 55 66 65 95 99 38 54 60 26 76 42 104 74 58 84 49 2 105 52 67 7 46 0 94 245 255 245 242 161 55 16 96 89 171 156 249 232 142 218 249 213 50 144 31 53 33 41 3 51 84 47 41 62 62 52 66 81 61 30 35 43 34 42 30 51 35 51 88 102 44 57 73 0 71 13 74 25 69 128 93 80 44 17 24 45 54 47
21 25 4 47 14 36 49 21 52 66 39 101 124 125 105 60 79 64 15 11 42 45 88 42 130 125 92 126 74 1 61 41 66 26 36 63 90 237 227 219 255 253 159 33 139 165 255 71 237 239 243 202 255 95 67 66 44 24 16 28 51 88 84 57 36 66 67 43 52 83 69 24 14 23 22 38 22 77 61 89 114 101 33 68 90 19 94 7 77 29 80 136 82 82 78 51 68 54 55 43
29 28 13 41 29 34 43 38 44 51 25 110 158 152 130 53 67 21 39 12 41 69 64 46 22 26 23 24 70 69 77 156 113 40 44 33 83 69 107 177 187 157 149 88 140 72 236 241 234 252 255 250 250 53 87 100 38 44 20 15 56 117 111 73 52 65 66 49 47 71 80 65 68 55 38 60 44 107 55 53 99 42 0 18 23 61 108 72 49 39 55 89 83 101 85 62 74 91 111 126
72 84 79 26 36 32 35 67 75 55 17 58 102 95 128 75 103 29 42 25 36 52 39 41 78 76 97 35 69 50 2 65 68 48 62 70 120 93 66 24 167 251 255 252 226 170 244 255 245 249 94 88 122 38 63 105 10 52 19 19 0 21 54 75 79 75 72 61 54 75 94 87 64 52 48 107 113 175 111 80 88 36 46 37 30 99 122 97 52 58 34 105 185 158 67 60 30 73 188 177
90 126 127 22 39 37 39 75 99 71 39 37 49 48 127 122 131 62 29 71 65 38 37 14 31 49 103 84 79 60 73 70 64 52 55 159 76 80 75 70 160 250 225 228 238 191 255 230 255 229 74 0 55 20 85 67 3 54 55 88 31 0 12 61 57 60 64 52 50 85 100 71 47 37 27 86 82 122 92 62 15 5 55 42 58 84 134 83 57 59 26 124 205 117 9 48 26 37 204 117
91 104 85 27 49 48 53 65 85 63 50 49 31 42 109 126 93 49 38 136 116 71 42 4 0 20 44 57 28 34 97 88 101 114 101 96 69 120 173 74 16 131 248 246 255 201 240 150 50 44 12 40 53 8 43 48 5 73 103 71 41 55 57 37 12 32 57 49 36 72 94 66 54 42 19 67 56 79 109 99 73 67 94 64 56 48 91 45 41 53 31 79 90 40 11 45 59 56 140 68
111 67 7 24 52 48 64 60 64 38 26 40 8 35 69 86 60 2 14 101 71 70 38 47 28 65 69 89 56 52 49 54 64 99 88 112 36 0 78 143 92 125 253 231 236 233 203 114 24 83 71 66 96 42 19 30 18 45 105 55 53 71 61 39 0 26 70 66 32 49 85 84 75 58 19 53 25 19 67 54 26 36 92 104 78 83 63 37 53 82 69 54 18 66 111 82 68 101 69 96
130 74 0 25 56 65 48 42 35 40 28 18 28 51 33 75 23 36 29 55 21 19 54 60 52 40 90 93 77 62 79 89 67 25 53 1 79 76 46 74 52 96 225 255 248 255 125 42 23 49 9 44 85 37 21 28 31 28 49 60 68 69 50 51 28 26 11 38 6 19 62 61 60 66 21 78 76 74 93 48 22 135 209 156 104 107 83 49 77 111 99 65 40 166 225 102 77 95 55 67
100 63 9 36 51 51 35 30 24 33 23 23 45 74 42 58 50 68 38 43 28 50 79 68 40 23 31 15 27 36 83 142 111 84 122 20 59 42 51 76 111 65 25 103 123 172 44 48 66 106 70 44 45 29 36 44 40 17 44 97 127 102 40 16 39 31 16 11 9 15 62 37 43 56 40 66 81 25 50 25 11 93 141 109 91 88 58 48 80 107 84 80 83 159 184 105 55 82 78 44
39 29 5 40 45 42 30 24 37 50 32 19 27 58 42 58 19 55 54 96 95 87 99 108 53 14 25 60 92 38 40 125 102 62 121 48 3 22 58 27 26 68 28 60 57 161 83 53 33 77 82 55 40 40 44 45 51 19 42 106 157 138 58 9 2 47 39 26 20 55 90 49 47 73 70 109 143 62 55 58 28 79 71 2 3 50 48 40 74 97 61 66 55 62 85 91 37 46 38 95
38 35 23 56 50 42 24 5 42 57 40 24 10 29 33 61 106 157 149 159 115 64 54 67 59 55 68 58 80 59 32 32 35 48 43 23 2 51 32 33 113 76 71 96 41 20 35 53 24 25 49 59 57 58 52 58 43 26 35 55 90 98 45 2 60 126 103 120 40 38 23 25 92 97 49 101 126 65 11 45 16 17 68 108 105 78 53 61 85 72 37 83 84 52 33 24 137 102 34 83
36 32 23 61 61 68 52 19 30 36 23 39 38 45 34 36 58 117 79 47 29 53 74 66 59 51 69 36 31 40 38 10 16 11 13 22 0 34 53 46 105 86 60 15 29 57 112 83 66 27 23 29 27 32 39 53 63 70 86 74 70 75 59 53 118 145 116 175 95 31 10 75 124 91 17 42 70 37 2 66 69 38 107 161 114 66 50 47 71 66 68 119 81 54 74 75 127 122 77 27
41 35 31 73 85 113 110 72 48 37 8 40 61 76 48 11 57 78 29 30 49 94 111 84 49 15 41 32 16 11 35 41 2 51 56 14 46 5 32 72 76 120 73 22 64 67 50 53 62 47 33 25 15 16 27 25 38 63 107 110 88 75 81 116 200 200 152 152 123 42 29 63 86 46 28 25 64 33 44 114 110 69 88 73 30 70 126 129 54 16 0 44 24 49 92 66 31 74 78 85
76 67 57 84 82 111 113 72 63 70 38 46 48 75 68 25 65 65 44 87 89 87 84 59 27 32 37 0 0 39 54 31 36 55 96 56 77 22 85 70 104 191 151 58 64 50 18 53 61 74 51 44 36 29 45 31 40 69 115 116 94 88 100 137 184 191 129 103 122 73 54 47 32 11 50 51 55 22 31 82 92 30 32 49 33 24 41 75 47 53 54 80 42 66 120 107 75 92 62 117
44 38 28 46 32 61 70 32 40 95 88 68 33 61 83 56 27 55 57 79 43 37 53 35 30 40 41 19 73 88 51 19 43 52 56 32 74 52 104 74 81 149 132 5 11 35 45 55 98 93 30 19 17 9 47 49 53 78 96 61 37 49 57 70 119 116 50 88 116 73 33 51 26 21 70 98 57 53 39 81 71 34 19 30 49 36 14 39 79 89 66 73 50 83 136 132 113 105 59 30
36 26 33 36 29 39 42 22 46 103 131 75 16 36 67 53 6 39 47 53 11 10 35 50 58 46 44 25 71 109 52 29 82 83 62 13 46 87 98 52 48 30 1 68 45 32 30 46 68 62 41 47 33 37 39 49 45 43 70 15 3 28 40 22 47 53 29 107 76 27 12 37 34 48 51 77 56 54 63 65 81 73 48 0 36 48 33 60 84 73 43 27 37 47 61 87 103 68 11 31
54 47 57 60 50 52 44 15 26 87 135 107 47 32 35 18 25 24 19 47 25 21 45 70 72 47 43 23 40 60 45 81 118 117 76 39 68 133 122 64 38 31 29 81 68 55 29 20 16 44 71 76 54 24 37 46 44 16 24 25 32 39 39 27 38 54 24 59 35 64 72 34 18 17 7 31 13 15 25 30 27 46 46 52 44 20 2 6 54 74 87 68 42 51 67 62 66 60 27 51
36 35 50 57 52 61 59 33 23 58 93 83 44 23 18 7 42 32 19 49 32 27 39 52 59 44 48 26 14 16 23 80 90 95 45 16 27 98 76 22 35 18 18 32 48 85 83 76 29 69 92 56 21 0 30 24 22 35 37 50 46 57 57 32 33 29 0 22 45 149 175 94 7 17 8 31 29 52 59 43 49 75 43 41 5 32 85 99 61 54 76 70 20 9 40 54 51 53 15 17
26 26 38 36 27 44 59 45 30 37 40 30 22 25 25 16 19 39 38 51 22 25 36 36 0 16 54 61 58 47 17 17 84 93 63 35 29 67 59 33 54 38 45 24 40 79 62 36 74 108 124 118 57 14 37 38 29 60 39 44 22 35 46 29 13 20 18 69 82 106 79 13 46 63 40 37 35 77 81 43 21 44 22 16 6 38 85 111 89 66 54 43 20 14 37 57 62 58 15 15
55 55 58 37 8 18 36 28 30 45 39 19 18 30 25 9 5 43 59 72 38 52 95 124 106 64 35 23 33 46 32 21 42 43 44 22 21 16 29 29 9 7 29 17 40 88 77 50 59 70 76 140 60 2 15 45 66 59 12 25 7 0 8 18 17 49 65 101 88 51 45 89 125 112 57 32 11 38 43 15 30 43 60 56 90 67 35 57 84 99 64 36 72 98 74 52 44 49 34 73
55 61 67 43 9 14 29 17 33 64 58 22 13 22 17 5 18 38 49 76 47 63 134 201 168 86 27 24 34 35 26 15 23 17 35 29 37 11 27 38 42 34 24 8 6 48 56 51 83 98 74 136 67 55 50 28 59 80 65 53 31 17 13 19 17 61 77 87 71 14 0 61 121 93 47 47 20 17 19 14 45 66 72 24 77 79 33 33 66 80 43 41 109 121 71 53 54 60 54 105
21 31 45 31 8 19 33 17 33 58 44 13 16 30 28 24 17 20 15 40 17 31 85 136 113 53 9 10 16 31 55 59 23 31 50 55 43 19 24 42 50 50 27 37 7 22 33 40 84 126 107 136 69 73 72 6 38 92 115 67 50 46 34 29 41 40 25 15 28 26 29 61 60 59 44 61 38 32 27 15 31 59 53 29 59 77 57 43 65 52 32 58 98 76 42 56 109 104 66 77
7 15 27 17 0 16 27 7 22 34 18 9 40 60 51 44 20 26 12 23 5 22 41 43 26 30 36 36 22 33 52 36 17 48 64 71 24 7 3 27 54 57 21 49 5 10 32 55 86 114 104 117 28 2 73 82 51 58 73 29 39 33 21 35 17 0 3 8 29 49 52 47 62 91 82 74 43 53 45 11 24 13 5 73 61 28 30 48 71 69 75 87 84 59 43 47 125 115 52 25
0 10 27 22 12 33 41 13 23 34 2 36 56 75 67 51 36 21 14 23 33 28 14 3 0 32 64 68 44 24 39 39 24 25 53 43 38 3 0 31 53 30 49 51 14 31 66 52 60 46 19 65 11 33 131 99 58 56 28 32 28 21 0 26 33 41 24 45 32 16 13 30 45 78 74 73 46 70 72 48 35 36 17 56 20 26 39 69 69 48 68 66 84 61 28 13 49 56 42 22
20 27 37 29 23 44 49 23 40 46 12 37 55 72 66 53 32 22 18 24 29 25 17 13 21 42 72 79 61 39 30 36 33 32 51 31 35 25 37 63 56 33 39 36 11 25 53 45 32 21 0 16 31 74 106 82 83 84 61 62 57 53 18 22 49 73 46 42 38 53 45 29 28 11 0 64 76 80 72 40 32 43 18 35 22 36 48 67 56 57 21 47 62 51 30 6 18 47 45 16
38 40 38 27 25 46 49 25 44 47 19 29 39 43 28 13 8 10 15 21 21 17 15 16 48 44 58 54 50 49 28 54 88 56 37 0 8 20 34 43 53 32 21 15 8 20 36 36 41 44 38 0 17 20 9 51 145 115 79 80 68 54 33 34 52 39 0 18 56 94 93 83 35 47 33 61 44 48 56 0 4 42 28 41 67 66 26 0 54 88 67 24 30 41 48 53 64 78 66 40
55 53 40 23 25 42 41 20 13 24 23 37 55 57 39 25 10 13 16 15 13 16 27 39 43 88 136 92 25 22 36 125 188 115 63 15 30 46 52 45 49 33 12 6 15 23 26 32 44 57 78 45 55 29 51 153 160 84 26 38 35 29 67 112 59 50 17 53 86 104 88 72 49 53 63 119 87 47 82 70 56 99 57 16 49 66 62 53 91 135 194 50 64 69 51 65 81 64 52 64
76 74 54 31 30 39 32 18 0 13 28 38 60 60 43 34 40 39 34 25 21 30 47 61 82 119 157 120 54 60 43 92 150 73 39 13 26 33 41 41 48 35 12 9 25 25 19 25 56 47 45 36 44 19 58 100 96 56 38 67 58 14 30 49 73 87 37 10 5 42 55 47 22 11 21 81 83 49 67 44 30 129 129 79 73 59 58 74 113 121 156 21 49 48 13 16 60 53 58 89
79 84 63 36 32 32 21 14 12 16 32 22 39 36 23 22 40 45 48 47 44 42 37 32 38 77 119 104 23 23 10 39 64 19 33 31 31 27 46 58 39 27 11 12 23 18 10 13 30 27 10 20 31 48 88 46 43 45 28 31 40 30 78 93 54 73 49 56 55 61 44 27 28 25 19 16 40 51 57 22 80 161 144 101 74 45 26 42 84 91 65 47 62 52 38 42 46 61 60 49
56 70 56 31 28 23 13 15 20 19 40 21 42 43 40 49 37 40 43 46 49 44 25 6 16 22 52 95 36 33 11 2 25 4 41 40 30 25 46 53 31 17 12 19 23 18 15 18 13 26 11 18 10 45 74 16 36 70 55 41 51 27 63 64 61 52 22 46 44 33 26 39 47 37 47 27 37 24 40 84 148 168 110 101 94 76 25 17 12 44 44 82 80 54 39 33 70 86 74 43
31 54 46 26 25 21 14 23 34 31 53 25 42 38 32 42 65 51 31 22 31 43 40 28 10 38 104 183 97 59 48 46 43 22 55 43 33 38 56 46 31 17 19 31 31 30 35 37 13 23 12 22 8 46 60 31 32 70 58 53 64 12 30 34 26 59 43 34 5 11 38 69 125 165 188 96 64 43 31 62 141 128 52 74 88 94 47 42 60 60 81 50 54 48 36 27 37 46 51 58
48 38 42 61 26 24 30 42 47 43 37 22 11 28 52 60 82 78 54 15 35 59 79 27 26 51 109 131 59 60 15 40 62 9 43 41 44 75 41 39 21 37 28 21 39 69 78 54 26 36 38 24 30 47 30 28 30 35 28 34 66 27 35 57 34 49 37 43 47 32 51 82 114 136 153 85 35 38 24 6 94 90 85 87 57 48 35 79 109 98 55 39 40 33 31 19 23 32 31 55
50 37 44 73 52 51 43 39 55 32 27 49 63 62 75 102 131 91 53 47 53 49 63 48 27 16 34 42 14 35 0 6 49 8 29 20 92 107 52 10 32 12 1 26 66 93 91 63 16 17 55 30 47 15 26 45 21 16 5 8 38 24 53 74 37 48 31 28 29 18 23 24 14 16 9 16 0 46 22 20 62 60 68 69 52 42 33 65 73 63 40 42 43 36 48 49 43 36 24 85
72 36 41 94 75 57 52 73 55 26 0 0 16 13 33 82 82 42 16 53 58 47 49 51 34 16 25 21 32 50 19 14 54 26 16 34 116 120 52 18 30 22 11 0 27 91 104 62 7 0 29 32 73 39 39 52 28 21 15 12 14 5 31 28 30 49 42 39 41 52 73 69 49 34 19 40 15 49 34 49 62 34 33 39 76 88 61 38 39 40 30 37 46 61 76 56 37 45 32 96
73 26 18 68 63 58 51 61 6 43 53 52 59 42 24 39 71 53 25 53 42 40 28 12 0 6 37 20 28 27 23 28 47 40 26 90 89 73 4 12 44 8 20 29 10 23 51 65 50 36 30 32 45 48 21 24 21 26 36 36 15 11 35 17 20 44 43 30 12 16 52 64 44 28 35 33 20 12 25 40 81 43 37 33 104 144 111 41 26 38 21 7 22 61 66 8 22 60 61 68
34 9 7 49 57 71 41 4 37 62 43 11 14 17 19 39 94 83 44 44 22 31 26 6 13 34 78 48 30 13 44 67 32 25 26 65 13 22 26 68 32 25 56 29 0 58 96 79 38 64 60 13 0 17 16 24 43 54 67 65 21 21 48 29 39 62 62 57 35 14 29 41 33 33 45 50 42 35 52 56 36 34 51 23 60 105 99 40 64 71 42 19 26 55 64 23 39 59 67 24
10 4 43 113 95 63 33 31 74 66 45 40 47 33 22 36 74 65 41 45 35 42 55 47 18 37 91 76 32 0 28 40 40 35 69 34 4 30 81 103 75 19 70 95 55 46 29 2 20 71 116 46 54 60 81 70 56 76 87 86 29 19 30 10 17 43 40 57 71 42 19 13 31 60 57 82 30 35 37 50 0 13 45 18 13 46 51 16 38 40 16 14 16 8 34 62 67 32 43 10
18 17 67 135 96 53 53 93 70 44 40 68 77 57 49 65 74 72 62 52 49 51 77 65 34 50 119 134 68 15 26 12 32 58 128 77 68 65 48 35 63 6 40 23 0 35 64 42 16 46 85 33 52 44 41 18 20 46 57 71 29 26 33 22 44 71 44 51 92 70 25 5 31 58 51 82 26 19 24 41 23 23 52 55 29 42 30 11 23 36 25 46 54 14 32 98 76 21 55 68
23 34 47 61 40 68 87 91 67 41 39 55 46 30 37 55 75 80 64 20 20 39 84 66 54 66 140 172 90 31 37 14 0 36 98 74 75 81 18 34 62 16 86 83 11 29 59 61 38 44 40 15 6 13 0 7 16 32 24 38 10 24 42 47 70 102 52 34 84 79 39 24 57 40 27 48 42 10 18 7 38 26 58 87 42 32 11 10 27 58 52 74 89 36 27 80 75 40 105 152
38 29 21 6 88 141 100 25 52 57 26 30 13 6 10 28 46 55 48 14 17 43 43 48 39 56 83 103 61 50 37 30 17 22 39 73 14 19 27 47 35 60 197 245 127 37 33 44 26 42 69 42 40 27 29 44 52 58 59 43 29 36 38 20 44 46 12 4 52 73 45 25 51 32 0 42 60 49 20 12 48 29 24 75 16 29 34 18 43 102 118 94 67 29 19 57 64 95 123 118
43 19 24 35 96 104 64 28 63 61 24 30 20 17 18 32 26 40 49 30 28 32 15 16 31 21 6 20 19 39 34 33 56 59 43 49 5 28 27 34 11 92 246 255 136 84 83 58 24 9 24 23 46 34 32 52 36 49 48 21 10 30 31 1 27 24 9 19 40 25 19 50 40 44 17 36 38 44 48 62 47 28 29 88 75 92 94 71 64 123 156 107 45 52 89 97 95 93 89 71
14 39 87 72 47 3 7 49 59 57 25 39 35 30 20 23 54 48 42 18 11 15 16 43 60 44 1 6 29 54 37 39 49 69 42 43 31 66 34 13 51 85 204 217 94 33 48 53 54 62 56 6 35 74 81 65 55 55 49 32 25 39 39 16 60 98 88 44 33 38 37 42 50 73 47 44 40 69 94 109 47 29 20 51 57 51 50 31 5 42 106 86 26 84 170 160 117 84 55 41
27 24 37 22 47 45 31 26 36 45 28 54 51 36 12 4 10 27 67 85 76 39 0 9 76 77 27 16 31 43 19 34 57 72 20 14 30 83 52 39 47 5 94 158 80 31 77 135 108 80 59 16 28 43 72 106 92 61 51 60 58 49 49 50 24 97 86 5 0 55 57 10 54 76 34 9 3 38 43 27 26 21 12 9 20 0 21 27 23 19 86 114 78 129 210 201 95 50 21 23
