133 65 12 34 45 75 51 17 21 38 57 50 41 63 72 44 49 58 47 33 79 136 74 50 34 0 40 95 47 71 78 33 46 65 58 123 110 104 92 97 69 43 64 54 28 24 14 23 17 2 1 24 0 35 72 51 46 64 106 15 38 65 60 54 45 50 83 34 18 59 14 98 42 39 55 45 35 47 63 65 72 112 133 104 63 52 69 59 26 29 18 29 42 52 72 69 18 21 28 36
96 51 32 76 91 101 63 27 2 51 71 44 43 82 78 28 28 38 34 54 58 101 54 32 34 58 39 14 18 102 126 90 60 75 1 93 69 60 96 112 78 41 37 41 32 16 7 19 0 19 15 21 24 84 105 67 36 16 57 17 18 55 84 68 53 54 53 77 126 100 21 58 54 120 140 79 32 36 64 95 121 87 56 36 26 52 39 28 37 86 87 51 27 34 43 15 13 11 14 22
62 36 38 84 93 86 55 36 33 82 80 36 40 83 87 56 21 43 55 68 59 104 104 38 30 89 65 52 53 94 110 88 94 110 78 166 149 87 107 110 100 90 61 52 44 25 26 32 39 42 16 30 31 59 90 111 44 10 54 67 18 37 83 53 84 91 48 127 240 155 71 87 5 14 73 94 24 6 49 69 86 91 50 45 38 78 86 53 44 26 37 92 89 32 32 62 41 27 17 19
26 11 12 32 30 23 25 39 70 87 63 20 10 16 23 36 32 58 75 56 47 95 142 25 31 57 45 77 61 76 124 121 73 56 99 113 130 51 53 59 75 116 83 42 20 9 25 21 29 31 6 14 28 90 100 51 12 9 45 82 11 17 69 48 101 126 59 112 235 150 109 148 118 37 38 118 95 58 49 35 124 132 65 78 57 27 59 16 50 112 131 104 65 52 61 47 58 35 11 1
38 39 41 35 31 27 47 73 114 123 108 80 51 18 13 42 37 46 56 85 43 70 125 52 41 56 18 53 80 112 132 99 53 26 52 46 81 43 51 47 37 85 61 26 6 0 17 17 22 17 19 26 0 61 91 23 13 43 37 56 12 22 55 48 112 148 81 69 150 106 104 157 175 130 17 29 78 69 14 9 95 114 68 46 82 127 165 86 22 17 12 40 57 53 60 57 56 37 15 3
35 53 56 35 45 45 49 47 73 92 98 83 58 39 44 65 62 43 38 143 52 30 52 73 59 78 22 72 161 160 73 15 32 41 0 40 49 54 62 36 34 38 27 30 29 16 24 35 52 18 26 47 0 37 88 42 28 74 38 38 46 59 44 29 102 130 78 42 70 61 74 96 109 116 22 23 49 67 61 82 52 83 97 45 48 113 116 74 26 35 23 21 27 39 64 63 45 38 32 29
64 79 67 36 81 105 93 53 40 51 65 61 41 39 58 72 77 51 45 126 54 5 4 36 76 68 26 78 152 135 40 14 40 66 15 61 29 51 53 52 46 13 16 32 34 27 19 29 18 16 14 25 24 112 124 16 16 60 31 26 69 87 48 26 49 62 28 33 22 28 59 41 43 66 57 112 71 67 98 122 140 122 96 129 51 9 16 75 103 72 21 16 37 51 50 22 23 22 26 33
83 85 53 16 96 153 145 87 56 45 59 65 33 13 22 30 35 29 51 62 76 52 68 52 77 59 54 70 63 67 29 14 16 49 82 97 47 51 20 52 64 27 41 39 28 32 16 16 10 21 17 24 8 62 94 60 59 87 58 33 71 86 50 35 12 17 0 51 21 31 89 50 0 54 60 124 90 59 58 82 232 222 61 119 37 24 84 100 99 53 7 21 39 35 40 37 21 18 22 33
75 66 63 22 65 94 64 44 30 19 9 73 47 30 34 12 21 53 78 27 109 75 63 94 136 91 55 58 36 53 31 38 17 59 48 106 28 51 27 45 71 21 60 35 29 22 0 0 14 10 33 23 7 8 22 71 94 69 34 67 90 78 75 73 32 22 19 34 46 27 69 69 7 54 34 88 38 59 52 35 181 239 58 36 10 29 51 49 64 115 112 54 40 18 31 22 31 40 23 39
43 61 89 88 79 48 12 12 35 36 28 44 33 39 54 42 48 84 128 88 97 49 21 113 204 122 23 60 92 100 78 34 52 43 28 92 50 65 59 50 69 19 31 22 21 23 10 14 16 21 45 46 43 33 13 33 16 16 5 99 108 90 104 101 88 33 50 39 64 13 29 31 36 30 36 101 32 132 163 13 64 166 83 76 38 32 51 51 57 63 33 32 33 18 17 31 48 54 32 42
34 31 65 94 82 38 18 39 22 42 53 16 27 52 63 59 57 96 144 124 91 54 0 100 103 99 13 37 76 114 184 156 47 51 51 72 28 55 86 25 91 51 31 45 38 32 19 16 20 25 22 8 20 31 30 58 113 76 0 49 25 21 88 127 74 52 93 3 39 35 55 21 0 91 0 6 72 124 90 55 19 56 35 76 53 10 62 132 90 83 41 67 63 42 16 28 20 32 20 41
47 23 85 101 121 91 62 79 65 88 111 31 47 52 32 27 55 104 134 124 96 67 20 69 102 109 38 34 56 67 147 143 74 72 50 54 3 44 113 41 108 74 17 33 17 11 14 16 23 46 43 23 26 28 30 53 100 76 22 34 34 4 22 56 63 50 95 45 71 50 64 39 43 66 16 56 52 35 29 10 41 52 42 36 32 10 39 47 12 37 21 38 50 54 49 53 39 44 27 49
81 42 112 63 103 94 60 73 79 92 117 29 52 44 18 24 61 99 95 91 82 31 32 35 89 53 36 55 84 44 93 149 145 102 49 115 85 79 105 22 74 68 22 47 34 18 17 14 15 42 42 33 36 38 44 52 39 34 29 0 49 24 2 40 78 62 46 51 87 105 123 85 63 69 24 40 40 3 9 40 64 55 43 26 72 92 119 83 38 64 50 27 47 46 57 49 71 55 12 19
91 42 70 4 71 83 38 40 65 70 90 17 44 47 45 70 99 86 45 57 85 25 58 33 92 57 71 44 61 10 37 108 131 118 62 146 154 127 130 31 60 70 44 57 56 39 36 31 35 34 18 17 26 47 77 77 16 33 78 0 78 51 11 43 77 60 0 32 80 149 155 96 57 84 69 26 26 24 37 67 94 59 26 13 66 71 104 80 19 34 34 35 84 74 74 52 55 41 5 22
62 44 33 33 108 105 42 36 89 99 110 46 52 52 64 88 121 88 43 53 93 66 99 61 105 75 70 6 59 36 27 21 53 91 38 83 134 120 175 103 80 73 34 4 17 23 44 55 57 47 38 45 32 37 65 47 36 66 128 45 74 50 47 76 60 19 1 79 88 91 71 82 89 102 127 72 76 74 38 31 46 79 70 60 104 97 101 35 16 40 45 78 127 117 80 39 41 47 40 79
54 69 15 58 102 83 49 79 74 100 116 63 53 51 65 79 80 79 64 46 58 65 94 63 69 54 62 26 102 67 44 10 16 61 24 68 143 72 128 74 60 58 39 2 28 31 38 39 32 23 25 35 1 0 43 29 36 84 164 109 73 29 43 54 20 10 34 54 19 38 55 125 148 57 78 56 87 110 72 43 24 54 68 124 169 101 86 49 25 67 60 92 119 127 72 19 22 35 36 77
46 89 60 44 68 55 44 61 53 46 74 49 54 88 102 64 34 14 79 79 65 78 49 66 31 56 25 40 115 71 52 19 15 72 36 106 176 34 46 13 4 51 38 47 28 30 30 25 22 3 1 22 10 3 35 45 36 68 130 59 59 31 20 50 23 27 32 31 5 36 36 125 135 25 51 24 70 90 71 58 56 54 70 82 152 97 77 79 62 102 97 49 89 81 34 17 31 40 20 33
15 86 71 38 48 42 42 60 40 14 39 45 89 141 152 107 8 22 84 117 92 91 69 73 32 47 53 38 75 46 43 31 39 46 46 95 157 11 33 18 8 39 24 39 33 33 24 13 24 47 52 42 28 55 104 103 72 37 41 61 50 31 42 54 59 31 30 53 30 36 0 38 52 29 99 72 50 39 37 45 78 111 98 44 92 123 170 142 159 162 151 51 37 37 33 25 84 72 21 10
6 54 26 11 46 45 30 33 10 18 68 57 62 111 171 181 130 65 13 27 34 55 35 1 0 22 30 79 41 96 31 6 89 55 33 124 128 87 28 7 39 48 28 42 45 38 19 6 16 32 50 57 22 20 107 182 147 55 14 117 81 46 58 47 7 43 70 54 6 56 39 36 79 90 120 99 104 156 140 72 64 41 60 124 121 30 55 63 129 148 173 69 55 50 53 68 61 69 39 36
52 54 5 15 71 59 32 38 20 30 72 49 61 135 216 232 173 91 40 9 10 25 29 17 57 72 28 83 16 142 97 50 83 31 63 55 55 56 61 53 82 74 53 56 58 44 26 24 44 64 56 28 0 14 111 182 128 52 36 145 94 36 28 21 11 8 30 53 16 67 68 70 62 62 49 56 73 144 137 59 56 69 59 71 41 20 68 14 22 40 84 31 81 69 28 33 50 51 30 48
96 99 40 25 54 36 24 48 58 72 109 75 86 158 219 208 123 70 102 50 42 39 49 69 122 122 63 50 22 121 161 82 29 0 66 32 30 43 71 74 65 52 40 30 33 21 18 33 69 64 48 56 56 45 64 82 43 25 71 115 73 21 6 34 65 37 36 58 16 62 73 72 80 28 1 61 55 61 58 42 36 32 6 46 34 41 96 58 30 37 103 70 65 45 54 83 123 81 31 64
119 141 72 19 31 26 17 27 54 98 161 116 83 108 143 126 73 30 94 63 65 59 35 40 90 101 41 48 42 123 151 63 22 11 64 82 60 70 51 54 34 23 25 8 19 16 23 47 58 34 23 69 82 32 17 35 24 35 105 77 49 27 17 68 86 74 49 35 0 51 82 75 98 30 0 54 44 41 44 49 53 38 0 11 10 41 80 68 53 41 107 89 9 13 102 141 105 82 65 123
114 140 80 38 65 62 34 20 27 57 126 112 95 103 111 82 25 34 110 131 104 85 39 33 77 88 25 59 42 120 105 70 67 71 95 47 42 13 50 64 52 39 48 26 46 47 46 60 52 73 43 17 18 29 52 63 40 32 83 45 30 39 35 69 96 52 13 39 11 44 57 63 70 47 48 48 22 48 77 87 97 74 17 64 63 58 44 72 104 73 43 44 26 62 112 110 34 54 70 125
66 97 64 59 96 76 36 25 21 38 111 116 105 106 119 104 78 94 120 173 128 119 67 45 72 80 76 69 53 59 39 49 107 132 59 34 10 51 51 49 64 46 55 28 52 49 34 35 52 72 53 43 42 29 37 50 41 5 36 34 32 66 64 69 58 101 105 101 36 55 56 41 63 30 42 41 29 55 67 64 84 74 23 69 78 78 48 102 136 155 40 11 38 55 49 63 72 78 57 67
48 67 38 50 56 40 21 53 47 45 80 86 70 77 87 98 106 120 77 154 80 62 64 26 27 52 50 84 40 20 50 48 116 124 30 7 51 37 21 38 66 27 25 37 33 50 34 66 72 82 63 16 19 0 17 43 66 81 100 35 33 35 81 69 73 104 145 151 62 54 32 35 60 20 20 41 39 43 45 24 43 48 0 41 29 78 19 80 92 109 42 24 29 17 17 72 139 105 56 32
41 58 47 54 40 30 14 24 47 26 50 69 57 33 24 48 76 84 68 146 88 53 54 50 52 52 41 116 61 25 43 82 94 95 17 12 37 37 11 11 43 64 32 18 48 53 80 115 147 103 24 83 74 52 59 89 65 32 33 64 26 56 63 40 18 81 147 152 51 34 8 12 51 21 20 24 13 23 32 9 39 55 39 54 59 95 59 90 32 57 39 39 25 36 52 67 80 93 77 47
45 58 73 74 32 41 40 27 42 40 48 47 57 58 39 43 33 65 87 134 97 55 35 38 35 26 10 101 50 14 6 46 28 24 0 42 63 49 60 56 0 47 26 56 95 30 68 116 122 57 62 54 49 33 18 64 106 100 67 39 44 52 41 33 55 80 95 86 17 38 27 30 41 29 35 28 5 22 48 38 13 32 41 24 43 68 63 63 40 28 20 31 0 0 29 20 58 85 87 68
33 40 76 67 0 22 37 14 52 49 34 16 42 61 34 25 34 90 118 96 75 58 25 11 25 25 0 42 25 36 45 62 45 16 17 75 116 40 100 63 44 56 3 8 31 37 60 22 52 42 78 17 34 38 30 77 117 136 83 23 49 45 30 46 76 65 51 56 28 61 33 23 55 56 77 67 22 21 54 63 84 87 81 44 48 60 65 50 50 22 32 82 43 27 35 24 46 44 32 28
56 58 103 86 3 29 42 21 54 21 4 19 56 55 26 38 74 113 113 47 39 46 24 12 31 55 53 41 38 48 64 61 43 9 9 28 101 0 100 18 69 22 35 96 29 30 51 63 85 155 73 62 49 30 33 47 73 63 24 56 28 50 24 42 46 41 36 53 26 43 7 8 65 71 109 110 45 7 25 40 71 67 40 24 19 34 38 32 21 14 17 61 35 15 21 33 59 50 26 10
75 70 112 101 35 56 55 48 54 32 37 60 88 87 58 59 80 88 76 45 45 40 20 21 35 59 76 50 44 24 47 69 88 99 98 45 69 0 83 16 118 41 27 61 16 91 61 30 10 127 104 59 32 0 0 7 63 84 65 50 34 30 15 33 38 36 24 35 13 32 0 6 40 43 92 116 66 21 21 24 44 50 13 20 22 40 43 50 47 64 47 47 17 16 31 47 71 90 72 30
56 35 56 52 19 41 28 43 65 60 82 87 79 68 37 21 49 46 43 70 73 48 21 21 44 40 37 30 37 38 76 140 200 233 225 148 82 52 40 39 49 12 23 102 127 141 77 119 60 111 182 111 81 30 0 5 68 122 114 20 42 12 20 34 30 45 38 49 44 75 22 2 30 15 47 82 69 53 47 28 63 82 35 25 30 34 37 47 36 54 56 78 60 65 62 41 49 75 62 19
77 38 34 28 17 41 21 53 62 36 71 100 70 25 3 17 30 30 26 78 79 55 33 26 33 27 22 51 66 70 64 111 147 165 159 147 73 113 5 62 27 46 16 45 119 100 26 105 107 47 47 120 105 62 12 0 39 42 43 30 17 27 40 37 34 67 60 57 54 104 60 35 57 20 22 46 54 65 57 18 47 77 31 1 21 21 38 52 62 34 34 91 89 100 92 50 59 63 45 22
86 54 48 47 39 56 32 81 78 19 69 90 57 43 87 103 92 50 50 63 68 63 45 45 47 52 51 44 97 88 56 39 46 41 44 63 32 94 0 64 20 58 53 50 187 233 211 110 137 127 105 82 72 55 9 11 56 59 41 31 21 24 57 73 70 47 67 56 49 85 72 49 82 21 26 24 64 84 31 10 36 65 4 65 78 77 75 89 84 63 50 84 52 67 80 39 51 74 59 37
38 28 8 30 40 48 83 131 130 58 77 81 73 107 195 237 171 115 84 76 91 101 68 41 26 45 51 24 49 80 37 33 24 88 79 42 0 71 30 45 51 31 80 119 201 255 233 172 252 200 62 194 166 107 59 24 32 53 44 29 12 19 71 106 97 65 36 2 46 71 43 49 81 58 14 78 55 97 72 51 90 103 32 47 62 59 52 74 45 24 5 51 42 30 37 44 42 51 42 34
21 35 0 27 42 13 68 79 135 77 86 69 60 101 188 230 161 106 61 30 29 37 22 20 65 71 69 47 58 114 76 95 72 101 80 90 65 86 76 68 17 55 108 150 255 253 211 225 235 194 144 218 232 144 26 62 68 61 25 20 43 64 85 85 63 77 103 55 64 45 38 72 96 77 16 66 15 82 66 47 100 70 21 45 111 106 38 3 44 54 32 49 49 32 24 40 55 44 40 50
33 61 32 37 53 17 56 32 67 49 77 55 40 55 100 117 97 63 45 36 41 42 35 55 58 41 22 30 49 74 65 87 89 99 83 72 59 77 103 95 60 56 111 113 246 189 133 247 247 103 128 241 255 131 38 100 75 50 0 18 89 131 133 110 51 51 119 74 53 47 77 83 40 28 49 62 71 125 70 53 39 10 40 60 90 72 42 37 45 53 52 64 58 31 16 29 59 34 31 50
44 81 73 35 37 26 45 19 54 51 79 58 54 50 47 32 18 13 22 45 91 102 58 36 46 51 33 62 86 53 77 66 94 77 83 34 5 22 79 138 201 149 122 234 255 145 185 189 173 154 98 141 169 93 80 32 16 54 58 69 82 60 45 43 36 31 87 39 34 44 67 54 23 11 33 31 60 60 2 21 48 16 90 101 74 39 58 92 34 0 29 77 68 16 7 32 52 31 26 37
38 85 100 51 38 46 41 24 59 57 77 65 88 82 47 12 24 43 49 46 86 102 44 3 9 53 49 81 96 42 81 36 92 39 57 33 47 58 58 108 161 168 109 255 241 209 245 149 100 63 170 61 55 85 84 30 11 89 119 111 71 15 27 78 76 75 75 16 45 49 28 30 58 56 15 54 49 36 32 85 122 57 83 91 84 52 49 62 35 5 38 57 53 25 12 9 40 41 36 27
31 70 76 64 70 96 83 63 20 31 55 49 88 91 65 46 46 62 55 25 29 28 3 15 33 54 31 66 68 34 63 26 48 33 41 8 61 106 56 33 71 103 125 95 164 255 180 208 255 0 249 239 200 166 167 166 119 145 117 89 67 35 73 148 150 100 51 7 46 66 36 44 70 75 48 90 46 58 37 34 115 77 42 38 75 55 28 45 41 50 57 10 32 49 25 0 41 74 71 43
51 58 19 34 62 100 89 62 21 39 56 30 52 54 52 63 52 47 41 32 32 11 12 79 114 71 9 48 42 30 39 33 57 39 32 11 31 33 24 74 169 246 230 143 248 235 179 243 241 247 248 244 243 155 150 84 21 29 4 26 65 53 66 114 89 51 71 64 30 35 43 68 23 11 46 44 14 102 63 1 57 72 27 50 149 126 38 28 56 72 55 0 53 77 49 41 78 135 134 94
70 75 0 27 45 121 60 70 23 79 82 66 38 23 56 70 60 35 39 66 44 62 76 94 119 91 12 77 38 36 44 78 54 53 64 67 68 47 38 138 220 255 193 242 248 233 176 241 206 255 206 253 250 209 175 126 76 46 54 73 76 59 60 90 83 58 100 67 27 22 46 51 21 24 34 43 82 105 70 45 110 104 92 57 168 140 47 47 53 44 38 36 86 115 67 42 89 109 121 112
80 79 20 69 82 121 53 50 0 76 118 96 50 28 56 88 66 55 62 45 106 105 89 58 46 69 63 72 22 48 22 80 30 50 28 23 50 98 126 130 163 240 255 110 43 249 69 253 240 83 255 221 249 156 120 204 141 95 51 42 21 31 71 112 86 44 26 30 57 50 39 50 95 86 62 45 56 32 10 58 107 52 47 15 78 78 37 13 46 37 34 40 86 101 50 29 42 45 62 88
33 31 16 69 86 97 49 42 85 81 56 30 48 65 48 45 100 121 91 85 68 47 0 33 85 100 93 58 6 82 88 112 124 75 17 55 88 109 69 98 48 184 227 236 255 215 251 252 255 0 229 255 195 186 207 162 92 77 52 93 70 72 91 95 39 31 29 53 29 22 91 179 138 43 0 10 30 21 20 66 125 76 74 39 92 132 120 74 33 29 20 15 48 69 58 70 57 50 47 55
32 32 36 52 54 46 30 26 28 46 62 38 27 15 0 44 95 149 161 59 57 60 64 85 90 45 34 85 38 45 87 98 106 92 94 62 32 65 49 221 147 255 255 187 228 255 195 128 213 228 249 255 241 248 245 245 237 178 81 102 56 49 63 57 37 32 65 112 19 0 82 134 65 0 69 135 78 39 44 35 29 52 67 34 94 133 94 33 91 84 50 20 38 59 61 72 59 70 58 23
36 48 56 33 23 12 23 26 24 41 74 88 96 64 33 89 114 101 114 32 43 60 57 33 54 57 50 58 31 11 20 39 62 22 90 30 30 62 120 251 239 201 94 255 231 231 255 142 64 174 230 255 255 247 255 248 253 173 59 91 63 49 44 33 51 31 39 90 41 38 81 79 25 10 111 143 40 10 49 55 22 68 115 102 112 112 73 19 83 92 60 37 56 68 51 28 10 31 34 14
23 46 56 28 30 24 38 47 56 69 77 84 83 36 22 93 56 6 46 64 44 58 43 59 86 117 99 16 57 64 4 74 86 9 94 37 54 27 148 125 255 253 254 255 238 252 251 183 236 251 244 236 234 238 255 233 171 108 24 62 71 65 54 56 62 47 3 17 56 76 76 81 39 34 55 37 0 9 54 101 62 53 103 111 59 52 78 55 7 50 47 37 47 50 51 45 33 22 22 37
46 62 56 40 60 44 33 41 89 101 74 78 88 35 10 47 51 50 152 75 81 82 123 118 104 67 54 34 118 85 8 103 148 59 61 3 51 64 131 29 135 69 90 255 255 237 239 192 255 203 245 235 211 224 219 143 55 51 35 67 101 98 78 92 99 71 18 0 59 67 23 13 24 43 80 83 67 48 45 78 62 25 33 40 4 20 63 50 30 63 50 41 36 27 55 83 93 57 36 48
39 42 23 26 64 44 13 22 69 91 45 46 69 35 29 56 70 71 124 58 47 84 104 127 100 70 42 13 58 45 23 14 120 57 54 70 69 37 21 97 193 219 255 244 211 251 247 246 237 56 255 243 251 255 196 69 32 55 54 40 63 58 41 71 91 62 60 16 29 46 64 86 37 3 38 73 64 55 51 53 81 76 41 34 57 80 65 30 79 68 22 26 43 34 59 85 89 65 42 34
60 27 21 43 46 31 20 17 57 62 26 9 37 41 22 31 41 31 4 53 37 27 48 42 61 48 91 39 30 38 11 25 90 61 69 74 105 96 54 169 159 94 197 150 250 255 239 247 254 183 230 226 225 255 232 120 68 15 36 54 40 34 37 32 41 52 54 32 49 73 98 116 43 8 35 24 66 63 38 46 83 122 129 120 146 153 97 13 65 98 0 46 39 55 53 54 32 39 0 59
80 57 44 46 36 17 23 48 16 30 52 99 82 61 21 16 67 71 23 83 59 58 44 45 14 40 71 31 10 33 27 12 9 17 50 85 118 81 79 141 173 65 238 255 234 193 187 212 75 156 117 138 96 177 245 237 82 38 42 40 59 69 57 45 48 26 37 49 108 98 57 12 46 47 17 55 66 72 55 28 52 91 137 175 178 146 109 70 44 74 33 36 58 58 51 38 37 0 38 24
70 55 35 34 38 28 47 97 59 61 102 170 106 78 50 48 87 123 80 134 76 88 64 77 115 69 36 16 2 27 86 119 109 70 7 127 151 158 140 135 79 38 197 193 255 247 238 73 58 166 215 110 229 101 167 81 15 71 120 75 46 17 22 69 84 53 46 14 47 51 32 1 40 63 28 47 51 100 117 81 23 39 77 131 119 96 108 111 80 50 63 61 92 57 71 89 24 1 87 75
86 67 35 36 54 39 40 85 95 85 103 117 52 39 45 47 65 132 141 160 62 88 109 122 128 50 44 44 54 37 57 69 79 48 50 119 105 38 94 100 57 75 255 113 232 246 251 255 239 167 108 101 168 45 16 125 48 61 50 42 96 72 12 10 38 73 102 64 39 79 82 84 79 89 88 22 20 88 119 101 77 58 36 59 39 52 89 82 75 83 123 109 112 145 191 154 84 59 10 60
45 29 6 18 38 15 4 41 89 92 101 52 19 13 37 19 20 84 152 133 34 76 155 141 91 48 78 9 50 84 92 67 55 54 56 138 68 54 46 39 30 115 193 174 236 209 125 223 252 218 239 255 237 128 64 207 60 54 0 36 105 76 28 41 95 107 92 65 0 85 109 170 95 111 110 69 57 91 104 94 98 71 23 49 30 47 72 46 35 57 94 133 79 116 154 91 68 86 0 26
34 28 29 53 66 45 50 93 110 122 140 69 45 40 70 34 4 35 116 83 32 81 168 125 59 68 125 32 72 119 109 83 86 95 120 58 16 0 63 66 67 132 189 15 97 255 216 250 253 177 138 215 210 148 75 140 77 90 23 107 127 79 84 137 173 148 125 150 40 93 73 162 28 83 40 108 93 91 78 57 77 59 14 69 48 37 48 36 22 9 19 98 34 14 33 23 30 81 90 34
50 31 32 50 45 27 48 92 93 92 134 95 39 39 85 50 24 26 75 49 54 89 135 88 68 86 102 46 57 69 41 47 80 149 179 152 102 75 95 92 37 70 32 128 99 255 209 255 242 255 255 254 255 255 245 228 225 234 118 199 123 32 56 109 120 84 92 153 39 62 30 138 85 159 85 127 110 108 78 49 76 71 19 79 51 21 25 30 24 41 42 30 43 40 50 68 86 59 117 32
52 13 2 16 9 0 30 70 30 15 87 99 9 14 72 46 46 38 54 37 72 87 88 57 39 83 67 66 72 78 32 36 74 99 92 54 72 33 114 140 143 223 255 239 191 254 255 234 253 250 253 222 234 255 235 232 251 208 30 151 108 60 92 106 52 17 48 113 20 44 20 120 156 220 154 71 60 88 61 40 29 46 0 57 44 27 33 37 50 54 61 0 77 36 28 98 61 5 101 86
78 67 41 68 55 38 37 70 55 76 74 104 37 18 29 40 55 71 58 56 70 27 92 70 75 103 27 79 123 124 98 113 110 105 83 13 131 44 74 136 115 206 255 253 246 255 242 230 253 239 254 153 184 211 86 255 251 255 151 161 169 205 227 243 155 79 86 188 107 98 69 53 79 107 65 48 8 17 48 27 14 15 24 30 51 62 35 29 27 35 53 64 46 40 62 37 58 40 28 91
22 24 44 87 90 58 26 42 55 64 93 147 109 59 54 54 83 109 81 75 79 44 97 150 124 145 59 6 16 50 59 43 95 81 76 48 141 34 49 71 10 118 145 49 248 226 242 255 253 252 230 216 249 254 16 255 247 240 250 246 247 222 255 247 211 121 85 141 87 91 63 37 5 52 50 64 27 15 23 0 23 32 41 27 61 81 50 16 14 39 65 74 73 92 125 134 149 100 75 69
52 69 68 10 33 92 86 64 67 46 43 57 30 6 36 52 37 78 76 86 87 34 22 108 142 134 111 70 46 35 38 24 30 67 91 28 55 0 55 80 98 161 82 110 70 255 255 236 255 213 255 253 233 253 255 213 255 250 247 255 253 255 212 182 150 110 72 72 49 72 60 31 38 51 32 53 34 36 51 39 14 27 39 7 71 120 114 69 19 34 41 50 78 105 104 120 134 112 100 22
44 74 122 66 61 60 22 7 35 48 58 68 33 38 39 27 46 35 37 27 49 42 48 146 112 27 16 57 66 72 73 75 61 70 97 77 165 144 81 25 44 66 56 152 56 199 226 234 251 255 255 241 219 254 243 226 250 253 223 98 195 244 158 58 60 89 78 33 20 44 58 54 63 37 4 39 43 48 40 20 23 35 50 3 63 100 101 58 42 38 32 68 119 120 43 26 67 118 133 57
49 75 119 45 15 16 33 82 90 84 48 50 0 49 35 28 52 19 82 70 84 72 65 99 112 42 12 30 0 11 16 25 24 5 36 45 149 154 76 112 147 132 129 250 117 255 248 238 225 235 252 255 255 241 234 155 232 229 255 168 209 162 57 12 85 113 102 69 74 70 83 114 83 42 10 49 55 52 30 11 37 51 79 40 78 77 66 34 42 48 59 123 155 126 29 0 35 99 103 105
32 56 76 26 18 46 72 109 123 93 39 59 6 63 27 26 93 40 116 82 60 38 36 30 42 37 33 69 20 39 44 56 58 42 53 53 133 143 36 71 146 49 148 242 85 186 248 238 240 255 217 245 250 255 216 0 58 58 195 217 122 36 0 51 83 72 59 92 142 113 89 127 91 55 32 56 43 39 33 45 36 40 65 45 74 71 66 62 59 86 97 145 111 84 54 43 62 68 43 102
58 36 41 83 82 39 9 36 70 58 36 51 6 63 36 39 78 27 90 81 57 51 49 45 62 45 5 53 73 87 83 67 47 73 79 85 119 145 76 77 36 0 153 250 120 55 77 255 248 108 87 0 67 118 163 23 87 79 201 120 68 40 74 78 29 18 4 63 124 98 44 61 33 22 31 58 29 14 5 26 48 32 27 10 28 37 34 45 80 122 120 143 58 57 94 70 41 21 12 36
60 76 76 113 92 50 11 12 41 79 105 90 30 65 35 17 61 13 51 75 70 88 80 90 93 110 53 35 44 35 50 25 12 46 56 111 108 111 92 89 59 64 188 200 157 77 14 179 116 85 80 70 44 71 118 18 72 31 53 41 70 117 81 64 53 66 38 55 84 74 17 16 33 27 43 69 39 26 18 43 60 39 18 4 18 33 17 22 49 104 104 135 43 62 112 41 31 35 74 25
55 76 63 74 80 77 47 57 84 116 126 85 57 24 47 42 62 16 37 82 35 45 58 37 77 112 55 20 35 27 78 30 26 21 46 101 88 25 29 66 22 48 29 11 32 42 5 62 22 106 142 91 35 27 50 23 74 41 80 52 39 44 43 37 58 36 45 67 49 71 40 11 36 56 26 66 43 34 21 31 39 55 55 25 41 49 10 15 50 122 136 130 78 84 67 24 36 120 64 48
55 30 33 99 112 83 42 48 82 134 141 86 48 14 41 52 61 67 65 47 18 40 54 41 88 90 25 48 44 43 70 77 52 32 35 9 48 14 44 21 11 78 63 45 46 51 26 37 42 89 56 57 0 49 42 27 35 25 23 38 48 68 84 93 26 23 50 34 52 50 33 2 19 38 12 21 10 22 7 3 13 50 62 41 40 32 13 28 83 185 207 148 60 52 33 0 101 120 42 7
38 5 30 128 146 104 38 16 117 133 104 63 46 6 22 51 62 91 71 25 43 58 51 37 51 51 20 53 63 74 76 87 71 45 21 33 44 23 21 11 63 78 34 62 80 68 42 22 23 56 41 114 49 64 21 24 55 96 59 70 50 37 50 78 76 62 52 24 57 42 17 16 49 51 44 38 40 44 12 3 28 67 67 53 40 18 21 38 69 69 84 107 76 27 22 72 48 84 94 68
22 19 19 67 96 107 72 56 144 142 72 22 25 9 13 32 53 77 77 53 79 55 36 32 21 37 48 25 69 97 99 71 43 47 42 88 63 39 37 64 47 38 10 42 41 33 34 46 89 65 26 56 49 58 41 20 34 100 71 61 55 31 22 41 66 56 35 77 115 94 20 46 44 29 53 69 86 68 23 29 45 66 43 40 36 22 46 58 68 34 20 16 52 56 50 86 76 61 76 40
10 51 35 27 43 69 50 53 117 139 66 2 5 22 25 26 47 69 102 89 75 30 31 41 29 31 34 0 38 70 70 51 57 90 100 54 34 16 59 62 19 16 22 28 24 51 37 44 83 101 92 77 67 70 61 11 23 49 22 0 59 69 34 7 32 35 29 78 115 94 24 56 47 29 51 65 78 57 13 21 35 47 26 29 33 34 70 82 30 44 50 0 68 125 111 108 106 51 46 7
5 58 64 61 45 35 8 20 76 73 19 16 31 36 32 46 56 67 88 78 59 46 55 51 52 31 10 32 37 47 25 45 91 116 87 42 8 17 37 27 39 18 35 60 66 73 21 25 62 80 63 70 10 12 33 60 98 81 37 0 55 77 47 0 23 39 60 37 56 33 19 34 56 51 43 43 46 47 15 12 43 60 59 51 36 35 60 71 67 79 112 56 140 153 93 87 66 52 75 57
22 36 65 91 48 33 28 36 52 36 2 38 44 35 30 52 53 49 37 42 51 62 48 37 57 47 26 60 66 65 48 61 67 60 18 74 56 70 34 29 32 26 40 84 73 40 18 62 124 82 22 73 39 44 32 54 94 90 49 35 47 61 79 38 0 26 80 54 40 24 27 23 32 36 9 38 45 56 33 24 44 60 79 57 30 30 31 33 60 93 140 53 152 173 92 61 76 70 60 49
43 32 88 134 61 34 24 0 34 75 61 47 10 24 34 31 27 29 4 25 39 35 0 13 25 42 31 13 51 65 87 62 50 19 10 75 117 91 47 9 42 50 19 58 79 80 87 103 156 126 62 71 53 69 39 3 7 30 0 49 33 45 101 71 28 38 70 76 21 32 33 43 52 48 10 75 75 60 23 14 9 18 49 28 12 28 15 10 31 59 107 6 98 110 42 42 38 59 48 49
60 72 75 120 62 34 57 36 54 82 108 8 30 29 56 32 26 29 13 87 14 0 69 25 18 0 39 41 12 46 77 79 50 52 48 63 74 75 62 16 20 33 47 91 176 205 126 50 58 64 31 0 0 31 29 7 16 71 58 38 37 40 72 92 68 55 40 37 8 46 58 41 50 78 38 74 45 28 5 13 10 11 14 2 26 27 21 0 31 48 34 6 46 37 31 42 38 50 45 50
69 84 55 29 7 66 144 141 81 66 44 10 46 64 58 62 46 62 69 117 49 31 108 160 46 0 66 133 69 0 11 89 80 77 70 78 73 70 80 65 2 6 37 74 109 123 59 25 45 70 68 38 22 29 42 50 79 79 50 33 21 30 65 64 90 55 33 24 37 58 58 22 11 39 40 84 36 0 5 25 54 49 22 0 35 16 5 18 65 62 27 8 47 43 22 24 53 61 54 59
31 45 75 101 121 107 80 43 77 67 33 5 58 88 82 103 98 82 88 75 75 69 97 153 87 32 41 61 47 42 43 44 51 57 58 72 75 70 62 26 24 28 72 104 64 53 37 64 27 42 56 52 30 10 15 32 40 45 61 57 6 0 54 78 37 43 58 30 27 14 41 48 25 22 48 101 59 11 34 31 35 71 60 38 81 46 10 22 53 57 41 68 109 98 36 13 18 20 8 15
53 23 43 77 123 87 58 68 96 108 86 3 60 67 65 65 59 66 108 30 34 13 52 79 57 25 26 40 42 45 40 26 54 58 40 29 32 55 68 35 33 39 74 136 70 29 43 66 19 24 25 22 40 73 79 57 16 24 60 87 61 38 56 75 79 75 65 41 46 34 38 41 23 5 48 102 87 63 109 77 68 124 110 44 55 41 23 19 50 47 27 68 108 119 74 66 66 61 45 53
35 41 53 35 55 34 26 42 74 73 56 4 50 26 7 23 33 47 82 41 10 2 48 37 26 25 37 57 47 18 13 20 42 47 35 26 13 23 58 61 56 65 81 179 140 79 96 59 61 58 37 7 18 70 78 34 15 23 39 61 68 36 13 34 101 76 27 19 31 53 38 31 19 14 54 77 67 66 129 85 60 115 121 44 22 27 44 33 36 31 9 36 56 74 57 69 67 56 38 49
60 73 58 33 42 33 24 17 36 19 14 54 56 10 0 66 105 68 35 74 28 50 48 0 28 52 38 27 32 32 27 11 18 10 19 56 54 28 30 27 22 45 60 132 114 64 101 48 53 23 38 66 49 27 38 54 54 50 41 41 63 51 27 55 98 89 50 37 19 54 59 63 38 39 42 35 37 51 97 42 0 58 107 66 41 37 57 49 15 27 29 40 37 28 11 14 43 28 10 27
68 61 25 59 94 103 98 78 56 38 45 92 72 26 3 86 108 75 48 75 26 42 35 2 27 52 41 51 59 32 31 44 57 30 18 54 75 67 58 33 9 31 67 81 89 79 117 69 90 48 82 138 94 18 15 53 56 18 2 5 44 69 42 32 73 61 45 26 14 38 37 5 28 45 23 11 33 58 89 48 16 98 125 59 39 33 46 48 24 35 45 33 29 17 21 22 41 25 10 34
68 70 18 54 76 96 98 60 45 30 43 40 63 45 32 41 42 29 50 25 26 36 48 20 56 73 34 35 68 68 65 57 67 64 46 48 65 87 88 45 30 33 87 74 128 153 150 79 61 53 77 87 56 43 48 34 20 4 32 29 20 42 37 25 1 10 46 33 32 42 53 6 18 65 42 22 29 43 75 69 50 161 162 56 45 44 37 32 9 24 46 32 40 34 51 49 37 21 8 37
59 47 56 62 51 45 32 4 14 34 20 9 54 37 20 14 9 0 16 21 68 51 39 78 107 41 27 116 99 69 70 69 72 80 49 79 67 69 74 47 38 92 123 77 92 120 70 55 10 20 24 13 24 21 47 43 24 47 62 39 62 75 53 27 33 38 26 53 24 121 137 27 29 81 0 31 32 12 57 45 66 129 79 59 52 56 53 26 20 25 31 22 23 28 29 50 31 32 29 26
6 25 84 124 77 4 0 33 38 59 67 63 77 33 16 24 32 2 9 23 74 60 54 98 110 45 22 108 122 99 67 36 49 51 48 122 73 43 16 37 79 107 162 48 40 94 36 60 26 64 97 62 44 34 51 53 69 75 80 11 34 25 17 23 29 20 1 12 81 193 202 98 50 40 17 48 50 12 27 10 42 58 14 37 65 72 61 54 44 50 34 18 15 14 18 25 32 48 61 63
46 59 70 72 60 43 52 79 80 64 42 13 35 45 72 90 23 38 50 33 59 63 57 67 53 49 52 96 89 66 60 68 45 36 57 95 51 22 2 39 68 62 64 8 32 61 84 127 79 94 134 94 69 54 60 85 67 55 77 2 78 56 49 72 38 44 47 0 51 100 136 125 50 16 59 71 74 56 58 43 55 44 6 25 49 58 32 34 56 69 35 27 33 33 46 32 43 73 98 101
84 134 126 63 23 14 11 14 35 51 72 53 87 115 108 71 13 46 56 32 38 49 43 36 50 56 50 66 81 75 63 69 36 25 74 26 34 38 49 53 70 87 87 52 36 9 80 145 129 77 97 83 82 56 38 77 74 57 100 25 123 80 81 120 63 38 54 13 29 18 29 52 58 64 102 66 49 60 61 49 76 85 58 26 11 28 1 0 36 56 15 21 44 52 73 44 48 74 92 90
49 94 110 90 65 41 39 61 48 71 99 63 80 103 86 51 38 33 25 35 32 22 28 50 56 51 33 27 59 61 38 34 21 11 75 24 47 57 67 67 49 49 74 11 13 72 140 222 161 75 72 69 87 60 28 55 50 37 90 13 76 22 63 126 62 28 64 69 51 37 14 0 50 98 82 38 11 28 27 29 70 92 72 26 0 23 10 3 42 60 19 24 49 62 89 65 57 62 60 51
46 33 16 17 35 47 54 66 53 51 71 47 73 73 32 11 58 74 69 68 27 6 23 47 42 41 36 3 12 15 29 63 47 19 56 60 47 48 40 80 96 58 17 12 32 82 149 200 144 75 59 43 59 47 39 62 21 0 45 14 53 16 73 109 33 41 89 102 53 80 83 50 54 94 53 46 30 27 27 47 76 75 41 25 10 33 29 17 56 75 47 41 49 59 88 88 87 70 54 47
29 28 23 15 25 59 83 80 71 56 56 26 73 86 44 39 66 108 99 83 28 22 35 29 47 29 34 9 27 37 61 98 73 35 36 44 35 52 53 85 82 79 35 117 85 32 81 116 85 46 40 35 38 10 25 54 46 8 39 67 85 68 114 94 16 41 70 85 67 120 152 111 83 88 77 78 54 26 36 62 98 76 17 25 28 48 48 15 39 68 74 56 36 28 48 74 93 67 51 58
46 30 32 37 39 63 83 75 60 81 92 37 76 97 62 66 86 76 37 56 41 50 55 40 7 2 44 37 48 41 57 92 57 33 28 0 37 85 107 82 53 35 28 97 60 40 26 62 58 37 55 88 80 5 8 37 37 2 27 87 79 77 138 99 14 64 93 102 81 95 141 122 68 56 95 80 43 15 48 71 102 85 13 25 38 65 73 19 34 75 109 85 40 12 16 56 65 37 28 47
27 37 19 20 15 8 30 30 11 22 44 28 54 61 52 42 53 55 49 21 54 89 107 82 26 6 51 27 48 36 52 58 30 16 39 41 76 94 87 61 28 26 15 10 29 60 73 66 51 52 84 109 76 25 10 20 2 7 43 45 49 40 103 64 24 88 73 77 107 78 63 85 51 17 50 51 14 15 23 30 66 74 12 34 28 63 53 18 25 92 88 79 63 24 23 41 56 35 30 39
47 67 44 29 24 19 35 36 22 15 30 10 27 40 41 27 34 77 78 18 50 126 161 118 42 37 60 24 39 42 45 37 18 53 104 78 58 35 30 32 54 39 48 70 55 24 40 86 101 81 61 42 23 22 25 19 22 32 49 62 41 24 66 42 19 39 32 69 87 28 17 62 50 19 32 28 12 20 12 3 30 42 19 13 4 8 25 3 0 33 57 60 63 49 55 48 58 65 76 75
33 64 55 54 61 41 38 54 38 20 45 31 45 72 78 41 71 98 103 52 47 60 77 55 43 40 39 24 37 43 23 16 43 91 141 105 78 45 36 45 40 53 72 75 50 32 55 94 82 53 25 17 35 65 66 40 40 44 40 69 47 17 28 17 0 59 64 37 40 57 57 27 61 56 56 30 17 23 11 4 12 13 27 9 19 2 27 3 69 43 54 31 43 49 76 79 68 46 57 91
20 41 37 51 69 38 27 67 36 23 62 54 68 112 111 38 24 41 79 80 70 34 43 57 37 27 19 54 69 57 10 5 49 74 100 65 63 54 55 69 42 58 53 24 11 27 43 44 46 17 11 42 84 110 99 69 63 57 44 86 101 60 63 65 41 70 82 65 52 72 85 64 72 85 68 35 37 49 38 31 23 18 43 15 27 15 38 31 46 27 55 23 52 37 39 53 35 5 16 59
39 48 29 17 35 23 14 53 37 27 66 50 68 133 140 51 4 40 78 59 46 30 47 52 53 41 23 70 84 85 46 33 44 51 67 30 25 28 54 84 72 46 25 24 30 33 45 60 70 40 23 34 63 92 91 68 65 58 48 78 128 70 95 129 93 68 78 80 51 44 63 73 63 66 29 13 50 75 62 43 28 41 62 29 21 28 30 55 42 86 113 51 88 65 36 46 36 59 88 94
46 59 44 14 31 44 25 33 25 13 47 27 52 134 169 107 18 43 61 30 29 42 85 101 77 63 24 33 40 94 118 104 61 45 67 45 33 31 61 85 74 46 34 48 57 55 69 94 76 59 29 3 13 54 67 41 57 64 51 57 104 23 58 125 88 79 86 48 6 25 37 20 41 47 13 7 35 48 49 40 26 48 63 56 83 108 42 49 51 124 108 13 46 46 24 29 24 35 64 86
35 32 40 38 61 73 44 41 19 3 33 15 28 88 134 112 70 66 70 48 47 43 81 107 84 73 44 35 24 87 155 143 54 20 58 63 46 33 52 57 58 52 43 35 32 37 46 55 53 47 34 19 26 55 57 28 58 83 59 70 103 13 19 93 81 61 74 49 11 15 18 17 37 48 28 27 22 8 24 32 31 42 44 52 146 190 67 40 26 77 49 12 49 52 42 44 44 4 7 54
36 0 11 45 74 72 48 66 58 37 64 41 27 42 73 71 48 55 67 49 51 44 62 66 81 78 90 102 69 86 144 124 31 1 63 79 42 13 35 39 45 34 26 25 26 28 39 53 58 44 49 67 75 73 58 36 39 77 45 85 119 36 4 68 60 55 78 52 24 39 37 31 49 46 27 37 30 5 18 21 40 40 26 10 135 191 69 48 46 37 0 30 66 55 62 77 84 47 32 44
40 15 85 11 56 46 49 95 118 80 56 56 22 39 52 49 51 40 28 32 39 31 28 43 46 86 120 99 90 107 91 71 13 22 42 36 29 33 26 33 26 24 19 53 57 52 36 56 48 65 43 69 35 74 61 29 37 58 48 78 110 50 47 44 40 81 26 65 34 53 72 37 44 40 36 17 13 16 14 37 37 33 14 19 49 65 64 27 49 31 21 5 35 35 22 32 48 48 44 61
54 31 71 84 72 10 33 109 130 61 10 17 14 56 69 55 49 32 17 28 48 47 39 45 35 51 71 66 81 100 64 25 49 45 50 34 31 46 50 65 37 35 31 61 57 41 15 28 1 4 6 26 34 57 67 33 73 75 56 70 83 30 42 42 47 42 32 44 57 81 86 61 43 22 12 9 28 37 18 18 23 26 18 25 23 12 21 20 60 28 40 37 65 44 36 42 54 49 71 71
53 48 18 76 57 57 110 134 53 23 23 59 54 75 72 53 68 42 21 39 73 76 60 55 38 31 37 41 69 88 49 10 29 26 35 26 28 39 33 38 14 15 16 53 58 51 32 49 45 24 35 30 54 36 55 12 61 61 66 85 82 32 46 36 52 9 49 21 58 69 66 66 43 15 12 23 51 63 36 22 18 21 22 45 28 2 20 48 68 65 34 88 21 72 16 27 20 11 79 63
78 78 1 39 30 103 165 120 56 57 91 134 113 126 139 143 93 62 37 56 94 96 73 61 50 36 36 35 53 71 51 39 39 40 58 60 66 71 49 41 27 21 12 41 46 45 34 58 60 31 45 37 61 26 49 12 33 35 73 102 89 44 56 35 46 3 62 22 40 31 39 66 39 21 35 51 64 71 53 47 28 24 19 59 52 35 46 73 95 94 84 81 21 74 47 16 30 19 129 99
