19 26 30 30 33 38 34 26 24 27 22 31 20 23 51 31 26 19 38 51 36 29 32 24 24 26 27 4 8 33 24 13 37 39 28 18 17 9 1 5 22 24 28 33 48 70 61 25 7 47 34 26 16 20 3 26 57 61 36 6 28 73 62 10 6 27 27 16 43 23 26 41 44 28 34 56 67 79 98 110 41 15 39 55 28 102 124 76 35 36 38 10 26 39 71 73 34 17 10 10
13 29 36 24 15 16 14 7 22 32 29 23 0 6 55 63 24 30 56 63 36 20 23 21 14 11 18 11 17 31 22 21 32 31 21 17 24 21 12 12 23 17 10 5 13 34 29 0 1 28 24 35 64 73 46 42 48 43 41 48 66 82 57 10 20 62 67 45 64 47 50 53 27 34 39 37 52 87 106 97 42 13 19 34 13 49 77 45 20 17 12 1 19 36 47 39 30 19 3 0
9 30 41 30 19 20 25 24 36 54 59 49 19 15 53 66 25 30 49 54 36 23 21 17 26 12 19 21 30 40 32 40 45 41 29 27 37 35 21 16 20 12 5 2 18 50 60 41 15 27 23 18 51 58 55 57 73 48 37 40 51 75 72 37 84 138 138 102 105 70 52 29 30 30 17 2 17 54 73 66 40 24 17 26 8 0 40 40 47 61 47 27 23 42 21 0 22 29 10 0
1 9 22 30 27 21 21 25 38 59 79 84 68 52 48 43 46 30 20 23 30 32 25 12 33 14 13 11 23 39 32 36 46 42 27 22 28 21 4 0 17 11 10 14 36 74 93 81 29 26 18 0 22 26 46 55 62 47 38 30 39 81 93 55 86 126 113 97 121 91 74 42 33 14 4 24 51 58 58 66 77 67 36 34 33 0 32 34 29 72 67 47 37 79 52 3 8 35 23 3
22 12 25 55 60 32 10 9 19 38 63 74 73 61 45 43 88 57 18 4 17 27 18 7 34 21 18 9 24 48 37 28 42 41 28 21 24 18 7 6 18 12 11 12 23 48 57 43 22 11 8 0 33 38 48 42 10 24 53 77 90 102 85 43 32 44 16 34 90 65 57 31 32 18 23 68 100 71 30 23 48 43 2 7 44 22 53 46 22 41 28 29 35 79 62 32 10 40 31 8
46 31 45 83 91 55 21 12 18 29 43 36 33 32 30 56 110 87 42 11 12 14 9 9 22 17 21 12 25 47 34 23 35 34 22 17 25 26 22 26 19 15 16 16 18 31 33 16 15 13 17 12 19 19 29 30 21 30 60 99 109 81 51 44 56 59 29 67 123 72 54 25 24 30 31 54 87 70 22 0 2 21 3 7 34 33 72 93 82 39 2 14 29 38 27 25 45 59 44 22
32 26 35 56 62 44 25 18 30 32 36 16 12 11 7 43 81 75 43 19 25 25 18 21 8 0 7 0 4 16 13 22 35 28 9 3 15 19 15 17 16 14 18 21 23 35 37 22 16 22 24 19 0 0 9 24 57 56 48 56 63 32 19 51 48 64 36 70 109 48 46 31 16 33 20 21 61 78 63 58 53 69 57 48 33 33 59 107 101 50 19 21 38 29 33 42 74 64 48 37
25 27 26 22 20 24 28 29 26 25 31 17 21 16 0 16 34 38 21 17 42 50 37 34 27 11 14 7 1 5 16 48 67 52 24 13 24 26 18 15 12 8 10 11 11 20 22 9 12 11 8 26 9 23 20 22 43 60 37 17 25 9 2 38 68 85 40 46 67 19 56 69 31 43 21 11 42 56 52 65 87 68 41 42 31 42 42 87 81 64 58 35 43 34 52 55 71 48 36 39
23 24 20 10 2 6 23 39 34 42 24 28 21 8 25 22 21 29 12 34 64 40 22 26 23 16 15 24 20 40 24 59 60 49 42 31 17 18 20 10 6 8 7 4 9 18 19 14 6 9 13 18 24 27 23 16 33 23 10 15 56 62 32 43 53 48 22 9 46 29 77 48 24 22 26 26 19 49 23 30 63 68 60 43 3 31 54 59 60 64 62 46 57 20 37 58 50 30 15 18
24 31 34 25 13 10 21 35 43 47 31 37 33 20 28 18 34 29 4 20 42 25 17 18 7 16 19 14 22 75 54 36 29 32 40 36 20 16 16 8 8 9 8 5 9 16 17 12 13 12 11 11 11 11 14 18 30 11 14 50 117 134 78 43 0 0 14 40 69 34 50 33 22 50 54 33 26 42 29 29 34 67 78 64 27 54 55 33 43 54 62 60 64 47 52 60 44 28 18 22
22 39 52 48 30 19 23 33 46 53 43 40 31 21 30 28 33 19 1 23 43 39 43 37 22 25 27 21 36 101 85 34 22 32 48 42 19 10 12 7 6 8 8 8 12 18 20 17 15 10 8 10 10 13 27 43 37 20 32 50 87 117 94 65 55 51 53 51 50 36 49 58 74 112 86 33 33 31 30 19 19 72 103 94 42 45 43 37 22 29 32 41 39 70 78 77 45 34 28 32
20 43 65 65 46 30 28 34 38 49 47 32 14 12 32 47 22 8 3 35 55 58 65 50 43 22 24 32 38 78 83 50 40 47 55 41 13 4 9 8 8 10 13 16 21 27 30 31 18 9 7 13 17 20 34 52 28 31 62 54 37 63 74 64 74 83 82 53 33 41 36 37 110 131 72 14 37 26 36 22 34 41 47 69 53 49 32 33 38 31 13 19 14 92 103 97 54 45 39 39
21 44 67 69 53 35 29 31 29 35 38 23 12 19 32 45 28 16 11 37 52 51 54 35 25 5 15 28 23 36 64 54 39 41 45 32 9 3 9 7 12 13 17 21 25 27 30 33 25 15 9 14 17 16 19 25 2 26 89 95 66 74 68 40 38 51 64 53 41 45 35 34 67 76 27 1 41 24 34 33 16 34 46 72 61 60 55 74 57 50 29 33 27 117 104 83 57 48 38 33
22 38 55 58 47 33 26 25 25 22 27 18 23 37 28 26 50 44 26 39 51 44 44 32 4 7 20 22 21 24 61 54 16 20 29 25 9 7 11 6 9 9 11 14 14 11 11 15 22 17 12 12 15 16 14 10 4 36 105 113 81 80 72 50 62 49 53 60 57 30 40 59 31 35 18 20 46 22 13 23 64 43 7 42 106 146 81 15 27 37 37 41 41 115 71 39 50 39 25 16
15 23 32 37 36 31 27 25 21 18 30 18 21 35 19 16 58 63 38 41 54 41 35 33 24 27 21 15 29 23 57 51 19 24 35 29 12 8 13 8 10 9 10 13 9 2 2 7 12 16 14 8 10 20 23 18 21 52 110 107 70 63 63 63 64 50 49 62 65 8 40 56 52 37 27 38 46 40 9 17 50 48 13 28 70 100 41 0 16 36 41 27 30 87 37 18 40 28 12 4
5 7 13 20 28 32 31 29 16 23 41 17 5 17 11 23 50 65 38 36 50 29 13 14 56 36 6 2 29 8 37 41 45 48 53 39 13 6 13 12 19 17 20 23 19 11 11 17 7 18 16 2 0 15 24 20 21 51 109 118 93 76 52 41 47 43 31 27 44 7 81 96 77 37 18 30 43 72 35 38 37 53 35 35 33 36 14 22 60 73 64 18 16 67 29 33 35 23 8 1
21 30 17 21 15 39 27 16 15 25 43 37 7 17 0 14 25 39 28 22 32 16 4 26 39 28 7 12 28 10 4 37 36 60 75 61 31 11 10 15 19 20 22 24 25 25 24 23 21 22 18 12 13 20 22 18 22 60 92 92 64 69 43 43 41 31 18 15 36 106 94 91 61 15 8 32 66 154 116 38 37 48 89 92 72 13 19 44 90 127 92 35 8 53 52 37 45 37 22 19
33 33 24 25 23 34 32 32 3 25 41 34 20 31 17 13 14 15 4 9 34 41 45 64 34 19 15 18 13 7 8 8 19 29 36 33 20 10 10 14 17 19 22 24 23 20 16 14 14 15 12 9 12 22 27 27 25 43 59 64 54 74 48 42 51 43 31 27 40 92 71 60 27 10 35 78 103 149 106 55 7 53 94 101 73 50 37 37 88 110 89 51 32 47 48 48 48 44 31 22
59 41 33 26 25 10 16 24 9 23 36 45 50 31 30 17 18 14 11 20 39 63 89 110 48 24 23 20 5 24 42 24 32 21 15 18 18 12 9 12 12 15 18 20 20 16 11 8 4 7 9 9 12 17 19 17 22 27 29 32 31 59 39 35 38 31 22 18 26 54 30 14 22 19 31 54 70 90 52 27 9 63 75 65 33 58 53 46 26 36 54 66 83 66 53 51 45 47 42 33
41 13 13 14 28 6 21 35 25 18 28 62 73 15 24 22 11 15 25 26 21 38 74 97 90 57 30 12 7 32 56 52 47 25 11 16 21 13 8 11 7 9 12 14 14 13 11 9 3 9 15 18 16 12 6 2 15 20 20 19 11 37 22 26 15 13 11 16 30 51 45 36 46 41 21 20 45 56 28 13 36 59 46 19 0 29 44 48 32 17 31 56 99 75 61 55 43 42 44 40
33 5 6 10 28 7 19 30 18 11 21 53 64 8 20 22 14 20 31 29 16 23 45 56 99 74 28 5 16 23 28 47 38 19 9 16 20 14 12 17 10 10 9 8 9 10 11 12 10 13 18 19 17 12 9 9 16 15 15 20 19 44 24 22 25 22 18 18 27 31 42 41 36 27 14 35 70 50 28 32 52 44 41 22 22 14 29 35 32 18 30 48 89 71 64 61 64 45 40 39
42 25 21 20 24 11 15 20 1 12 20 28 36 24 30 21 30 31 27 25 29 32 29 25 48 49 22 11 31 28 23 48 40 30 24 25 23 18 18 24 19 16 12 9 7 8 10 11 10 8 8 8 7 8 16 25 21 9 5 23 39 69 38 24 22 23 21 18 21 6 29 35 32 12 14 58 82 20 13 44 64 40 44 39 55 29 39 44 66 60 57 57 76 76 92 113 92 52 39 44
15 23 22 23 18 32 40 50 19 25 26 21 23 48 38 30 43 44 23 10 23 22 6 3 24 40 42 29 26 32 42 53 46 42 35 27 20 17 18 21 21 19 16 13 11 11 12 12 12 9 8 8 6 6 15 27 21 7 1 21 39 68 36 23 7 19 32 39 43 15 48 58 49 31 31 63 77 17 26 48 65 47 35 34 48 54 61 63 87 62 20 4 2 20 46 86 79 33 30 52
6 30 28 26 7 35 45 58 56 39 33 33 31 62 35 43 67 76 46 18 24 16 0 10 57 69 78 45 0 15 44 37 32 32 25 13 6 9 13 13 17 17 17 16 16 16 16 16 20 19 22 25 19 11 13 20 15 8 6 18 22 45 21 18 30 46 60 61 49 0 19 24 32 32 33 45 68 41 55 39 49 49 24 25 29 70 69 63 44 29 4 29 36 41 26 42 38 0 12 54
31 42 63 62 31 15 27 42 43 52 50 40 33 63 35 44 88 88 41 33 35 43 23 44 61 68 66 40 16 24 37 32 28 3 0 3 5 7 13 14 20 15 10 11 17 21 15 7 17 20 26 28 20 8 7 14 14 7 5 10 11 10 18 31 51 69 72 55 40 0 11 0 30 50 63 43 22 98 53 29 22 25 16 10 31 50 54 58 36 7 24 56 89 54 45 43 33 4 30 48
15 25 45 54 39 26 27 30 51 50 41 32 18 30 4 20 67 65 32 19 31 49 47 58 51 58 55 32 20 45 73 75 25 10 8 19 21 19 20 19 14 24 28 18 2 0 7 18 13 14 18 21 15 7 8 14 9 7 8 11 12 9 10 14 46 44 50 56 46 1 38 68 81 68 57 50 44 90 55 38 25 34 30 27 36 20 42 70 66 53 20 28 37 75 70 64 52 28 56 73
28 20 15 18 23 30 39 45 59 61 49 31 22 34 16 25 47 53 52 33 34 36 47 48 34 20 11 17 44 85 99 82 51 37 28 31 32 27 26 27 32 23 15 15 19 17 9 1 11 10 11 13 11 9 11 16 11 13 11 9 10 14 14 10 0 0 10 32 42 35 94 145 124 33 0 45 72 51 27 47 60 67 42 19 19 0 23 55 43 44 27 38 39 70 66 65 49 34 63 79
35 29 19 23 38 40 32 27 48 59 44 20 24 45 39 33 26 37 71 62 50 24 39 41 26 24 30 29 21 35 68 88 77 54 22 7 10 14 20 31 22 27 34 34 26 15 13 16 13 11 9 9 10 12 15 17 19 20 12 3 6 19 25 22 5 17 19 16 33 63 100 112 92 57 14 17 41 37 30 16 46 58 42 32 45 4 28 30 14 13 50 69 76 33 38 54 37 32 61 72
86 73 43 28 37 35 22 20 49 47 31 25 42 46 52 54 28 20 48 55 58 32 45 51 38 23 20 18 4 15 65 111 85 72 42 27 33 27 18 22 37 33 32 34 30 21 17 18 13 12 10 8 9 11 14 15 20 20 12 1 3 16 24 22 37 44 33 20 38 80 74 47 52 73 54 26 20 14 19 14 15 6 10 38 53 16 35 45 57 60 82 73 70 41 57 70 38 42 68 71
131 111 57 22 27 28 18 24 40 22 14 36 60 36 56 82 79 41 18 22 44 38 35 35 40 14 4 12 21 41 71 90 131 109 53 12 12 18 29 55 69 40 16 18 29 27 15 4 8 12 13 9 8 10 12 11 13 15 12 6 3 7 12 13 28 17 10 19 39 71 44 23 45 43 35 52 61 47 31 60 43 7 39 96 68 17 12 39 61 84 59 30 13 63 69 57 34 45 65 58
85 86 57 42 59 47 11 1 7 6 7 23 43 14 47 72 110 77 17 6 31 45 18 6 29 49 62 43 16 23 45 52 43 66 60 46 44 20 0 8 57 49 41 32 15 0 2 15 3 13 18 14 10 12 13 12 15 13 13 10 5 3 11 22 23 8 6 18 22 46 18 22 35 52 44 47 72 116 67 69 61 29 100 167 101 63 12 12 21 34 14 6 0 36 32 23 36 50 64 48
43 52 33 32 64 59 21 8 2 34 38 22 29 13 50 53 88 86 27 12 33 59 21 4 32 63 72 39 19 45 63 46 2 40 46 37 40 25 19 45 62 46 35 35 29 13 0 0 1 14 23 20 15 16 17 17 23 17 13 11 6 5 21 42 14 14 21 23 15 49 36 55 36 42 42 51 47 70 11 53 43 6 68 109 44 85 49 35 40 12 29 50 60 13 19 42 54 70 80 59
18 25 33 34 42 60 50 16 36 47 60 40 32 39 23 13 36 26 23 24 32 52 57 67 68 49 30 13 16 59 78 54 26 27 41 44 57 60 29 67 68 8 32 38 74 33 0 15 2 20 25 22 24 20 13 15 23 23 17 8 10 23 30 29 6 0 70 95 82 42 87 64 32 32 60 63 18 32 58 130 114 32 17 45 51 37 24 37 28 27 24 28 35 29 30 46 52 63 69 65
21 19 33 46 44 41 38 30 23 32 46 30 26 34 17 8 4 7 20 26 24 32 55 87 73 44 9 14 3 38 37 24 60 86 41 23 100 94 36 71 32 55 81 56 51 21 50 17 20 26 24 20 21 15 14 24 18 16 10 8 18 31 30 20 0 33 104 129 88 49 77 68 35 36 55 55 24 39 94 165 131 49 10 15 29 28 12 18 43 39 27 21 26 25 26 38 11 31 49 54
44 38 40 35 18 17 32 40 31 32 38 22 20 30 17 11 14 20 34 34 19 1 23 51 52 56 39 50 13 38 32 37 90 98 40 36 122 53 39 96 142 83 115 52 74 77 28 35 29 30 24 19 19 12 12 24 16 17 13 9 15 27 28 20 13 57 95 112 66 37 53 61 18 35 69 86 67 35 54 66 56 18 0 1 29 39 16 17 28 43 47 44 43 31 14 9 6 35 69 88
13 23 27 14 11 39 61 55 34 26 27 13 15 31 25 26 34 38 42 36 33 10 23 24 13 38 42 41 16 34 41 49 91 90 60 60 113 100 67 216 136 81 94 55 133 48 26 36 18 29 24 14 15 13 8 10 12 19 17 6 2 10 18 20 31 45 52 65 59 27 28 30 14 21 39 61 67 27 41 18 16 27 32 24 40 41 7 3 14 37 41 26 18 18 24 36 14 36 68 93
9 22 37 41 49 72 72 45 14 5 11 7 14 28 23 29 19 27 29 25 46 38 66 52 16 11 21 22 41 27 31 31 36 93 126 130 151 152 50 158 95 52 78 40 72 53 45 35 15 36 31 12 14 24 18 9 9 14 13 6 6 14 15 11 25 20 35 57 94 40 29 15 1 12 32 55 66 31 41 10 25 47 53 33 44 53 26 22 51 77 76 44 16 7 20 43 49 46 51 63
13 2 9 26 34 33 20 1 9 4 17 19 21 22 7 11 16 26 25 19 43 27 68 55 22 12 47 64 90 21 7 12 47 82 126 163 211 108 242 236 172 79 176 67 30 46 35 0 37 54 45 24 28 40 38 30 17 16 13 17 32 41 29 9 20 20 50 67 108 55 61 51 45 39 32 20 10 9 44 51 6 14 22 17 41 70 58 50 62 87 91 64 33 13 18 39 55 26 2 0
23 12 17 33 43 51 52 42 24 19 33 33 28 21 3 8 31 28 29 39 64 16 46 30 7 27 68 80 89 26 4 11 59 73 110 181 255 92 247 242 243 255 237 250 40 116 43 32 48 54 46 39 43 42 36 38 24 25 22 24 36 47 39 24 29 47 69 73 85 67 95 96 42 38 46 43 26 40 42 48 22 11 18 12 20 46 43 35 29 35 29 21 20 24 45 75 67 33 6 6
8 23 37 36 39 58 59 35 31 23 35 34 30 25 15 28 26 12 22 65 109 43 58 34 21 53 57 46 59 62 45 36 58 106 111 159 255 252 94 255 252 241 217 70 49 117 50 41 38 34 33 43 47 27 13 23 21 30 30 19 15 24 34 38 35 70 85 85 70 82 111 107 99 72 60 50 34 67 46 49 66 41 39 17 0 16 31 39 29 28 27 36 49 46 45 58 51 25 12 26
7 31 42 38 35 31 35 23 28 37 41 36 20 37 19 23 23 6 15 38 68 51 63 42 29 57 61 34 58 0 23 50 97 113 196 254 255 255 98 92 179 210 87 177 127 87 62 30 33 43 23 45 33 8 25 19 15 18 8 15 6 19 14 17 14 42 91 81 16 72 68 90 80 77 68 54 53 81 76 27 52 66 32 18 29 13 15 54 54 45 45 67 83 61 36 34 30 72 73 36
14 27 39 47 45 36 33 28 52 69 77 66 36 43 18 18 31 24 22 20 33 19 31 8 18 32 56 61 80 35 104 81 54 110 238 255 218 109 138 125 69 51 92 220 123 51 25 48 42 50 38 10 36 36 32 26 19 12 10 24 18 12 9 22 0 34 74 67 30 50 51 39 48 34 46 75 88 117 56 25 53 35 23 29 86 43 28 36 53 55 34 19 43 60 33 0 18 61 82 73
52 43 35 36 27 21 17 25 54 76 86 69 34 39 15 17 34 41 32 18 26 28 48 33 31 39 38 55 83 42 86 25 7 10 126 143 61 150 124 249 105 29 120 62 50 34 41 44 49 47 57 18 25 68 52 37 16 12 20 31 35 25 27 34 8 49 92 111 77 20 30 45 66 60 56 55 69 136 66 48 47 38 38 56 97 70 35 26 53 60 51 39 39 34 19 12 0 36 69 82
71 58 42 32 17 26 12 17 39 56 63 49 22 36 22 30 27 37 23 19 35 50 75 74 59 66 11 19 84 97 89 67 77 194 255 230 207 134 189 236 255 230 51 122 89 36 19 29 36 21 49 49 11 61 54 32 33 31 33 28 32 23 16 5 36 64 96 123 105 62 45 64 80 83 59 35 50 97 68 67 67 78 54 68 59 93 37 15 48 52 55 60 55 35 33 55 34 67 86 86
47 53 54 49 37 64 31 22 35 39 41 38 22 40 27 38 27 29 0 6 24 34 50 61 70 69 23 21 39 79 0 0 78 184 211 150 75 137 143 249 202 247 79 49 30 46 48 42 24 8 24 33 41 26 27 20 38 21 14 25 29 19 7 4 0 11 14 31 73 152 90 52 9 4 0 28 74 46 62 76 53 42 18 32 32 97 54 27 27 17 6 19 50 58 42 30 73 97 96 73
36 47 51 45 34 79 42 34 32 24 23 31 21 33 16 31 55 52 6 8 19 24 25 39 41 31 54 69 30 93 24 29 36 63 91 107 139 243 255 255 255 194 49 55 62 20 64 2 49 42 50 23 116 39 32 44 66 32 10 46 39 27 10 32 93 60 34 37 63 153 75 33 87 74 48 55 88 37 69 53 80 37 56 45 56 77 77 69 52 28 25 69 108 88 44 25 42 61 55 32
47 45 40 32 13 61 24 32 31 10 6 24 18 27 16 44 92 98 39 26 28 38 32 41 55 40 57 53 20 73 55 81 82 84 125 170 255 253 254 209 227 119 223 97 102 5 80 37 9 7 53 18 81 35 13 18 110 90 45 64 24 27 1 19 62 27 24 42 31 63 57 71 65 68 48 21 29 30 74 50 78 30 66 29 13 10 25 26 23 13 34 88 104 53 9 12 27 34 28 22
45 37 37 39 14 50 3 19 37 8 1 24 22 35 38 80 110 127 62 33 28 45 37 41 44 63 62 47 64 61 29 56 43 30 61 84 206 181 194 254 255 245 255 83 0 83 152 84 7 3 104 96 51 84 54 35 89 105 55 48 0 38 14 15 33 31 44 42 2 0 50 69 44 45 58 40 5 1 17 19 41 3 29 8 0 41 47 36 0 21 41 57 69 57 36 28 50 42 31 34
6 42 34 35 56 31 16 29 51 23 14 35 38 51 33 51 70 79 59 55 50 9 32 14 31 80 47 17 62 68 46 73 43 11 32 54 120 119 113 201 216 255 217 138 77 33 98 95 45 94 239 221 134 106 118 112 141 59 27 56 24 34 10 28 26 26 47 51 0 31 61 35 0 48 91 49 9 33 50 20 30 22 50 51 78 46 79 71 30 17 31 62 37 60 56 25 27 24 25 42
9 36 33 31 41 44 30 50 56 37 36 50 34 34 14 32 43 52 36 38 49 21 37 6 5 44 31 24 69 71 42 52 36 44 48 9 72 63 167 121 234 158 222 217 255 105 36 30 122 198 190 186 163 23 61 96 105 46 0 35 17 23 26 28 33 10 42 59 49 53 60 16 15 30 59 44 8 22 21 23 16 8 13 31 58 31 73 84 32 26 58 74 51 34 38 25 40 39 33 34
44 54 54 52 47 73 29 33 56 39 43 56 34 36 23 41 63 73 66 64 71 42 53 25 9 38 71 110 124 71 15 12 0 45 90 17 17 24 240 219 255 228 242 253 243 252 61 76 198 255 123 130 168 71 88 66 63 47 48 86 47 38 28 41 45 20 37 58 53 42 47 39 53 23 27 26 13 57 33 51 24 29 0 15 32 21 61 70 45 22 48 57 53 13 35 54 61 67 54 37
35 34 45 60 64 118 54 41 61 41 45 57 32 45 46 66 73 81 84 77 65 23 40 39 2 15 84 160 143 54 7 21 34 46 80 46 33 60 181 243 229 233 255 237 238 253 113 136 191 206 169 244 255 255 211 106 58 65 136 204 144 95 18 22 58 48 43 59 38 33 36 59 46 35 42 30 20 100 68 89 55 83 42 67 73 68 75 55 47 17 17 30 43 22 36 58 75 92 83 59
26 21 24 32 35 102 58 62 64 52 68 70 23 30 40 65 56 50 58 57 45 1 23 48 15 2 42 90 67 18 15 36 9 21 33 19 19 15 17 109 255 234 239 190 255 255 255 253 93 56 144 248 226 224 211 167 110 88 120 220 174 85 37 2 41 42 53 52 54 30 23 21 5 41 86 78 51 105 54 73 33 55 35 92 95 77 52 22 31 44 34 28 27 57 51 33 44 72 73 51
47 46 26 3 0 38 30 62 41 45 82 84 17 12 22 45 49 31 39 41 39 5 24 51 49 25 19 20 13 28 49 47 29 40 7 0 66 61 51 47 233 255 254 171 104 125 220 255 253 104 90 140 233 255 255 231 164 133 140 242 215 55 111 29 60 67 110 78 92 40 54 38 91 71 53 28 17 65 50 95 57 29 22 85 81 64 46 45 31 81 72 33 11 86 92 49 22 53 60 44
29 46 25 7 11 20 19 49 16 16 59 75 20 20 18 22 37 32 49 38 35 13 28 47 54 31 20 18 28 61 81 70 27 49 60 41 40 37 120 104 196 177 241 245 229 215 255 241 239 165 132 86 134 186 174 223 151 105 201 247 251 30 127 10 66 67 86 65 43 16 33 36 80 54 32 32 48 58 34 54 71 17 26 52 35 45 48 56 46 65 68 34 14 71 103 72 45 71 75 60
8 39 28 32 56 28 1 3 15 0 26 56 26 38 23 3 26 48 81 57 42 29 48 66 68 38 28 35 35 38 49 55 38 4 63 83 19 41 146 135 124 89 224 255 244 255 255 235 255 236 233 166 121 207 130 255 237 111 255 211 255 57 166 59 105 86 46 79 20 47 23 32 41 41 29 17 31 33 41 70 69 35 75 68 42 79 82 65 52 15 37 41 35 33 66 53 51 69 67 50
18 34 44 37 55 35 19 0 6 17 10 31 33 43 21 25 44 65 78 66 47 44 57 70 62 43 36 25 24 37 0 26 26 8 49 97 42 46 70 71 109 93 112 217 255 245 237 231 253 248 249 252 246 255 45 40 104 101 255 249 255 135 200 113 78 69 41 64 60 59 33 39 46 37 27 29 36 32 36 55 50 55 75 82 73 84 97 88 44 18 10 25 36 5 41 45 26 57 55 25
39 55 57 41 51 31 27 8 13 28 10 8 6 27 23 35 43 50 55 47 30 23 36 54 57 29 17 7 11 42 10 27 57 17 26 66 49 35 21 2 76 93 103 209 232 252 255 252 233 235 254 249 255 236 213 242 243 210 172 255 240 220 255 227 114 96 125 87 112 75 52 43 52 55 53 45 42 45 40 28 25 21 46 71 54 32 54 92 88 71 38 6 6 8 44 24 39 43 35 29
40 59 50 24 27 10 23 12 21 50 30 7 8 40 50 65 65 45 33 34 33 28 34 50 48 27 23 15 9 41 9 1 49 17 13 43 80 66 46 37 30 72 88 198 165 255 246 230 255 255 225 252 231 255 255 255 229 238 255 233 44 255 214 255 105 100 149 63 90 71 58 43 36 48 57 41 33 60 65 32 19 44 61 53 28 9 25 60 67 65 59 42 25 5 24 14 22 28 24 22
40 61 44 18 23 10 38 28 25 68 56 24 35 64 68 72 64 27 6 20 39 42 47 59 59 46 45 35 17 50 26 1 27 37 35 24 62 45 45 67 29 45 39 135 61 252 230 255 237 237 255 252 245 237 237 247 167 244 255 224 250 168 172 194 50 74 76 6 0 25 25 22 32 40 50 31 16 55 77 44 48 131 134 54 19 37 34 11 9 29 59 68 50 26 16 0 0 22 27 5
26 53 33 15 25 15 50 35 37 85 78 46 69 85 75 70 36 14 2 13 25 31 45 64 59 44 31 30 34 92 89 63 14 64 69 23 34 18 33 68 69 67 41 115 56 211 221 245 217 234 202 252 248 255 226 247 255 255 223 83 228 210 228 207 78 102 69 62 37 36 48 55 55 60 72 56 33 56 71 42 66 170 177 77 27 46 38 1 1 38 60 40 27 51 39 0 38 61 56 28
14 51 32 18 29 15 53 32 7 48 45 20 58 61 47 46 46 55 58 42 21 16 35 57 106 87 48 36 36 71 48 8 10 63 73 38 38 39 55 78 37 40 16 61 52 83 130 91 189 255 255 205 255 200 251 186 227 238 213 255 227 234 196 106 58 53 38 79 87 12 27 35 11 23 42 39 26 35 30 0 40 108 135 86 31 11 14 20 16 52 75 47 10 40 51 56 57 41 17 7
26 74 56 42 44 21 60 36 20 54 52 34 79 65 51 62 75 102 106 69 33 26 33 37 50 61 35 31 31 52 33 12 27 44 44 37 27 41 50 57 35 18 15 15 34 51 88 60 222 255 246 219 255 244 225 78 160 244 208 243 194 125 92 46 36 13 16 48 83 10 14 14 28 44 49 42 50 63 46 10 8 36 71 69 28 0 8 24 22 48 82 75 30 47 57 92 65 47 25 23
26 81 64 46 39 7 48 23 20 49 48 31 71 39 19 37 72 100 100 62 38 41 36 16 26 62 40 24 6 14 16 31 38 23 14 32 16 41 51 57 35 2 42 13 13 73 25 37 255 226 255 249 245 201 136 33 127 237 255 242 130 80 71 74 68 46 37 34 64 52 39 32 71 81 58 30 44 66 44 4 1 16 45 48 28 28 30 12 32 55 75 63 46 95 77 64 63 78 74 63
45 34 9 9 31 7 36 41 29 29 27 35 29 6 6 2 47 75 66 28 19 37 50 53 46 18 8 22 26 18 28 54 43 31 19 6 20 42 41 57 31 35 19 40 27 74 49 44 241 247 255 242 232 125 171 111 110 195 255 244 82 53 50 48 50 26 20 21 35 34 79 78 45 59 85 62 13 49 33 11 14 29 31 49 54 89 67 29 6 22 19 33 36 104 59 36 46 74 101 96
34 28 2 0 17 33 57 59 43 22 18 27 12 15 20 32 57 63 47 22 13 18 36 58 29 16 11 17 19 19 33 54 46 31 36 77 115 45 48 42 13 7 16 46 33 80 79 60 109 255 211 215 255 245 210 117 53 90 143 179 105 57 16 5 15 20 10 15 33 26 49 65 28 40 68 65 23 20 31 53 52 60 56 60 69 87 75 61 31 20 9 19 15 45 22 36 25 19 33 56
19 54 59 26 12 49 74 103 75 31 32 46 11 33 26 46 53 43 22 16 34 40 27 16 12 44 55 36 27 41 42 26 23 36 76 155 205 59 74 46 39 19 33 42 17 36 55 26 20 240 156 209 243 253 144 37 31 48 43 48 83 105 75 42 21 43 19 25 32 14 6 27 49 34 43 81 88 42 50 82 95 89 69 49 58 48 49 63 81 58 45 39 36 25 4 19 11 34 49 43
14 70 101 64 15 44 57 108 84 32 45 68 18 47 22 41 96 82 35 0 22 55 46 18 6 47 78 73 58 46 27 5 15 54 97 144 167 41 68 52 51 50 60 50 39 25 49 39 20 139 104 216 191 150 46 0 49 69 32 0 85 131 101 50 34 33 0 10 10 19 27 46 56 37 36 98 144 70 59 78 99 83 58 31 50 23 31 64 98 84 64 35 49 30 13 6 22 64 78 56
43 61 73 58 31 52 48 92 90 41 55 77 30 65 45 66 97 102 67 18 11 28 27 16 0 0 37 76 75 43 31 44 34 52 68 71 62 6 25 47 32 73 78 61 71 15 13 21 30 46 80 177 140 65 28 60 86 59 10 4 109 121 101 98 87 43 0 16 0 37 74 73 13 33 46 88 122 51 43 62 70 61 50 41 71 43 45 73 78 73 48 13 38 23 32 38 49 55 50 51
43 35 33 37 32 35 45 92 79 39 37 41 4 35 37 60 74 77 63 47 42 32 17 13 56 60 61 52 38 23 9 0 24 16 27 40 32 24 11 53 164 178 101 36 48 5 38 94 102 33 13 51 117 85 36 44 64 48 56 113 208 176 122 106 91 41 23 40 9 20 46 15 0 31 42 52 76 52 39 42 50 53 54 59 76 52 35 41 46 54 32 11 34 9 27 52 73 87 67 39
8 20 34 46 37 1 33 83 97 79 66 55 30 40 53 66 79 68 42 31 46 55 50 46 40 54 46 23 28 52 47 19 11 10 27 45 45 47 23 54 122 140 78 51 64 21 37 69 78 64 40 27 48 32 30 57 56 40 37 59 103 95 72 56 68 54 71 91 74 52 64 33 18 39 31 23 55 90 53 23 30 41 45 52 45 39 20 12 37 61 27 7 35 25 32 38 74 115 92 34
10 43 76 95 83 15 45 78 66 72 62 50 37 26 39 38 29 50 39 14 21 41 37 21 34 14 10 31 47 41 30 27 32 48 51 35 24 25 20 34 65 75 31 39 51 22 39 48 63 46 13 44 44 54 70 66 69 39 21 20 21 29 50 65 37 48 69 74 72 36 53 48 34 46 32 14 43 111 58 13 2 18 22 33 17 41 37 30 74 104 41 2 47 82 86 61 61 75 50 28
26 30 37 73 75 53 58 42 30 11 38 46 43 16 20 33 24 35 32 25 20 4 0 14 17 10 20 54 84 83 53 24 33 33 36 35 18 1 6 25 23 22 16 22 37 33 18 14 19 22 28 40 59 76 80 77 43 12 18 13 2 41 125 77 19 33 61 29 60 18 68 73 51 66 18 32 53 68 41 9 2 6 32 18 20 54 55 52 97 152 81 17 72 139 114 53 38 53 49 35
76 21 29 64 90 16 35 40 14 11 26 24 31 44 54 46 43 55 75 68 34 20 28 31 37 28 31 69 128 151 106 44 0 6 30 41 28 13 20 40 27 27 20 21 32 33 27 30 37 38 36 34 36 41 41 37 7 3 41 54 29 46 99 79 29 47 84 73 92 55 90 82 77 86 37 26 38 46 43 30 33 18 28 18 14 30 24 24 109 125 99 46 85 55 47 17 0 43 67 63
96 37 34 54 71 11 31 41 37 43 42 34 29 54 70 63 39 43 69 66 34 45 74 68 78 42 32 67 101 94 67 49 46 50 56 52 34 15 14 24 24 26 18 17 30 37 41 50 78 70 50 28 19 30 49 62 63 56 77 76 35 34 40 48 10 24 61 79 91 83 119 107 86 92 53 18 28 33 59 73 60 30 28 25 21 24 18 21 75 91 93 49 53 7 21 8 12 63 84 67
49 54 41 36 7 22 31 33 45 49 42 39 13 14 36 45 41 64 83 66 37 38 56 59 55 23 11 30 39 29 32 51 78 70 60 50 37 20 5 0 27 26 15 13 31 46 53 61 80 74 56 31 19 32 58 78 73 56 48 40 25 45 18 33 40 33 41 54 40 49 83 72 66 71 51 9 22 21 58 86 57 33 28 31 29 33 38 41 37 85 78 35 10 41 67 43 31 60 64 42
41 75 77 53 3 36 48 56 31 40 35 32 12 4 30 27 22 83 103 83 70 45 30 48 64 41 10 8 49 87 72 33 9 17 27 34 35 28 13 0 12 21 24 34 54 56 36 21 38 51 58 49 33 24 22 23 38 34 23 22 40 77 39 44 71 55 42 45 14 19 42 27 40 43 38 3 16 8 26 52 27 21 17 14 6 9 23 21 16 51 44 17 5 48 76 42 4 15 21 27
30 31 50 23 3 5 24 39 30 49 47 29 32 27 59 24 14 58 53 50 85 73 39 52 16 38 44 21 1 12 40 60 10 25 34 29 22 20 18 15 47 36 8 0 15 34 33 30 45 64 82 82 68 48 30 18 30 39 27 20 41 65 44 45 54 50 45 53 34 28 38 20 23 25 27 9 21 14 8 30 61 63 56 50 29 18 32 26 14 0 16 24 53 18 43 28 14 13 15 32
45 33 35 11 25 71 71 52 29 49 58 30 39 10 62 30 34 36 11 13 54 56 31 32 55 32 24 39 47 42 51 70 72 70 54 31 21 26 27 22 3 21 32 44 64 60 30 4 19 29 38 36 29 21 11 2 13 22 10 9 32 28 36 39 40 48 50 54 52 33 35 20 26 25 24 20 28 33 10 36 64 62 53 59 33 3 15 13 25 1 27 61 93 27 39 46 49 50 46 47
51 68 35 11 36 176 144 74 33 46 71 48 48 0 59 61 14 17 19 24 26 24 27 38 35 48 62 66 54 40 36 40 71 59 38 27 40 56 47 26 11 31 43 55 77 83 66 51 30 35 38 36 34 33 27 20 23 25 17 30 56 22 33 24 23 36 39 40 57 40 51 45 40 35 25 26 25 38 7 38 71 61 54 77 55 14 26 30 18 29 35 70 72 42 38 51 42 62 67 61
54 75 34 52 45 166 158 73 34 57 63 36 47 11 65 79 32 20 35 59 52 34 30 33 45 60 75 72 44 16 15 29 43 42 58 58 38 41 53 46 28 38 42 28 23 40 39 12 15 25 19 19 18 30 45 23 34 25 30 45 53 58 54 39 20 23 13 46 39 72 90 55 50 24 21 11 0 22 0 20 34 38 31 39 22 47 44 39 39 32 28 30 29 24 21 22 22 37 49 49
60 70 24 9 20 87 100 64 49 53 43 14 56 44 69 71 39 41 81 111 78 34 19 15 39 69 81 56 28 24 34 40 27 37 67 76 47 28 31 30 40 34 29 16 2 9 20 17 37 46 38 32 20 19 31 18 11 13 19 28 53 86 82 46 15 0 4 46 64 62 87 76 32 22 28 16 2 30 3 19 42 25 13 30 14 21 15 18 32 40 36 25 27 36 26 4 9 23 36 39
40 61 46 20 34 28 56 69 74 59 44 19 70 50 32 43 42 35 80 113 73 26 13 5 37 74 82 44 19 32 45 39 0 17 53 57 33 24 31 31 11 19 43 50 26 11 27 46 48 56 45 39 24 15 35 40 32 33 37 39 54 78 73 40 27 11 24 48 77 45 58 54 45 45 65 58 34 37 18 43 60 28 14 33 15 4 8 31 33 32 21 12 23 40 35 16 15 26 37 41
22 54 74 62 46 12 48 77 82 65 58 36 78 47 19 68 73 36 52 81 61 46 55 54 63 77 74 48 29 29 28 20 3 32 43 16 0 6 15 7 0 24 68 77 34 0 6 25 29 38 26 23 13 3 31 55 39 34 44 55 51 49 54 53 10 14 24 38 69 63 69 69 45 45 73 76 46 23 16 55 73 40 28 37 16 0 15 47 35 16 8 21 35 36 32 32 20 24 29 32
29 40 52 62 14 9 45 56 68 67 54 16 45 34 13 60 88 44 39 55 49 55 83 97 95 69 51 52 46 27 16 19 51 59 49 24 15 21 23 20 11 34 63 61 31 14 17 19 23 37 26 28 24 9 30 57 42 33 38 44 33 25 31 34 33 26 11 25 43 74 86 113 67 61 70 59 44 24 14 24 62 31 24 28 21 9 20 31 24 17 22 39 44 32 24 25 12 9 6 5
46 40 35 67 19 41 57 42 33 59 43 9 45 64 34 23 61 52 54 55 42 39 62 87 87 45 25 42 50 34 32 48 50 41 27 25 27 12 4 17 27 32 40 42 44 54 47 23 16 36 25 31 39 23 29 47 45 38 32 22 20 33 33 12 6 10 45 107 107 95 44 44 35 31 29 23 61 88 88 59 40 12 13 24 42 37 40 29 17 34 44 36 26 27 32 35 25 15 6 3
25 31 20 50 17 23 22 16 30 53 31 34 85 112 83 36 34 64 78 72 57 38 39 63 57 36 25 32 37 33 37 50 91 93 71 49 43 30 23 36 41 34 33 37 45 56 44 14 16 33 10 12 30 21 21 31 30 23 20 19 29 52 62 48 24 4 41 78 85 89 66 61 61 38 21 14 57 70 71 38 36 13 24 32 46 33 48 49 40 69 87 69 38 26 38 53 48 35 24 23
89 112 94 98 68 45 47 76 83 68 17 36 73 78 60 21 10 57 73 65 61 38 22 39 44 51 48 31 18 17 17 15 76 108 82 25 18 41 53 57 47 38 39 44 50 66 76 71 59 67 27 16 37 34 33 42 44 26 26 37 34 35 52 65 24 6 52 50 67 85 80 44 58 19 10 30 70 57 76 81 49 30 45 36 23 0 26 55 75 105 141 141 89 32 24 49 51 38 28 29
168 187 135 106 75 7 98 151 94 81 60 32 11 12 20 19 26 63 78 65 31 15 22 3 24 51 66 55 33 8 0 10 51 73 19 8 23 16 42 50 30 23 39 29 41 104 110 65 65 72 57 38 42 46 38 32 30 42 45 51 73 0 65 58 39 9 45 69 43 62 72 11 45 35 0 38 36 48 77 79 35 29 53 55 16 11 43 56 87 101 135 120 82 13 16 37 40 24 16 23
121 128 54 35 12 18 75 94 62 79 83 50 14 17 34 34 48 73 72 64 42 18 13 0 16 28 42 45 37 27 26 31 58 22 4 36 89 20 36 36 22 8 41 58 53 62 47 22 46 83 81 49 40 38 30 30 24 42 63 79 93 24 82 87 42 32 45 39 19 47 56 4 43 66 2 45 17 10 50 28 14 15 47 60 34 28 45 43 37 43 45 25 20 20 35 38 28 23 21 26
58 48 0 11 2 66 75 71 124 145 99 44 51 58 48 59 57 62 41 46 54 30 18 16 13 20 33 35 29 40 61 68 61 5 0 61 131 95 115 101 77 48 59 56 31 25 25 31 79 142 138 78 44 25 4 0 8 20 45 61 67 24 39 39 19 30 35 25 21 35 43 34 43 63 20 47 24 30 47 21 9 12 40 54 36 30 33 21 17 21 9 6 11 34 29 15 14 22 28 27
54 31 8 55 36 82 56 51 140 158 67 9 67 63 25 64 79 59 11 21 54 37 20 24 25 43 55 36 20 48 85 94 54 40 23 65 89 141 158 120 63 68 89 68 38 38 30 22 67 132 128 72 53 44 22 14 13 18 33 43 53 50 25 5 13 23 23 31 42 31 41 84 64 35 53 44 55 79 55 50 30 27 36 36 18 12 15 8 26 29 24 46 38 40 14 5 17 35 44 35
33 24 38 59 37 62 59 73 78 86 49 37 61 38 22 71 115 76 8 11 51 41 25 26 64 91 94 64 54 87 111 103 52 56 45 53 26 71 78 38 15 45 81 66 45 47 31 18 20 56 47 20 32 40 22 9 12 24 38 38 51 80 52 26 63 47 12 10 36 38 56 111 69 2 31 16 66 68 40 23 42 36 34 28 11 5 14 24 29 28 18 37 31 41 24 22 46 70 83 73
0 12 32 20 11 46 88 118 78 35 61 96 56 27 51 67 108 76 17 18 55 63 62 58 57 76 64 45 63 86 77 57 68 35 42 44 22 5 22 16 32 45 71 64 46 37 33 52 69 56 39 39 55 55 34 16 3 26 41 31 30 48 36 21 20 33 40 60 88 79 43 25 0 13 59 51 43 0 49 68 33 27 27 32 24 14 26 52 46 43 23 16 22 45 37 20 22 49 70 68
36 55 49 36 25 34 63 92 86 23 48 94 51 18 36 40 74 65 35 35 57 78 96 86 77 81 54 51 91 93 66 66 82 32 31 48 42 26 29 38 31 50 88 93 74 46 35 66 70 23 16 48 56 41 28 19 17 30 42 41 36 19 20 15 25 26 36 43 44 49 46 31 35 33 28 59 84 66 86 54 23 13 15 31 33 16 24 58 63 51 36 16 23 26 26 13 28 57 86 97
88 95 69 90 73 38 25 49 42 22 33 70 65 16 4 37 65 73 60 52 50 69 92 75 75 69 33 38 81 66 42 75 80 57 30 58 38 65 21 4 7 41 85 87 69 51 47 81 72 10 17 69 66 36 31 33 20 17 27 49 61 25 33 31 11 10 43 57 20 3 24 35 43 34 37 56 57 80 47 24 25 7 3 24 29 6 10 47 56 28 22 10 13 0 9 29 23 53 88 108
91 72 62 67 91 78 35 35 53 30 13 32 24 34 27 27 83 87 74 35 11 30 49 40 33 45 34 42 69 90 49 55 61 43 40 56 60 37 10 0 1 30 41 41 57 70 61 46 39 5 63 112 136 47 30 28 7 0 6 44 90 41 73 85 48 34 42 58 44 17 5 2 14 42 51 35 19 9 8 17 48 55 36 8 2 8 10 14 41 32 22 17 19 22 22 20 17 41 61 64
50 27 18 36 79 78 33 28 60 41 24 39 30 45 38 34 69 81 81 58 41 49 45 16 32 64 53 47 90 139 87 55 44 18 8 23 30 21 25 41 31 31 26 31 46 45 32 28 26 25 94 134 121 34 28 48 59 37 23 38 82 46 90 106 50 33 36 48 35 14 8 9 17 39 48 41 33 24 26 40 102 99 70 39 35 41 39 37 34 30 28 29 30 27 18 10 7 31 51 53
38 21 17 33 69 64 22 20 53 47 39 52 43 59 45 29 26 49 72 77 83 98 84 45 39 76 63 48 85 137 85 50 43 16 13 35 35 15 21 50 54 27 9 26 48 41 32 43 48 57 101 121 74 18 37 87 119 84 41 26 59 29 75 84 52 31 29 36 24 11 13 19 18 28 35 40 39 28 31 52 87 83 57 37 45 55 48 39 18 17 19 23 26 23 12 3 17 40 59 60
50 51 58 59 66 44 10 24 34 43 48 64 54 67 41 13 27 51 76 85 93 108 93 52 44 66 54 46 61 85 53 64 65 36 38 67 59 18 11 39 58 25 5 26 55 53 52 71 77 75 81 90 37 18 47 105 140 104 50 17 42 11 47 42 52 31 25 29 19 11 18 26 25 23 24 36 38 23 25 50 30 34 23 17 35 46 35 21 9 6 4 8 14 17 14 10 12 34 52 53
