29 39 27 154 138 119 30 77 85 6 31 50 20 64 41 7 40 37 0 70 73 50 74 80 67 51 17 45 51 89 104 71 52 79 120 29 82 61 84 75 65 162 167 67 66 119 144 79 32 31 30 14 48 48 37 13 39 48 56 38 8 14 52 79 62 41 79 95 70 7 84 112 129 29 32 69 23 9 37 45 30 12 46 72 37 20 28 16 8 40 58 60 78 54 65 83 95 108 148 136
0 31 88 176 170 139 28 92 54 18 76 87 37 53 33 54 110 83 103 55 67 71 73 54 54 17 5 26 13 66 120 78 42 62 72 39 91 83 71 0 21 92 60 38 77 149 167 81 44 45 37 33 38 25 39 48 65 60 66 72 68 66 59 43 41 72 116 93 58 1 96 198 211 94 63 77 44 34 52 58 44 45 70 74 16 12 38 46 46 39 68 96 95 30 30 128 163 113 116 102
24 36 92 93 126 107 8 98 74 102 173 136 82 89 12 11 88 45 68 11 32 67 77 43 22 31 48 39 31 71 117 73 53 33 28 35 94 98 129 64 65 144 76 50 74 173 207 109 49 54 43 73 65 52 88 122 96 56 31 42 68 82 62 25 18 92 147 98 66 11 81 217 219 119 82 67 43 31 31 33 13 37 68 75 12 24 56 75 49 26 32 63 95 63 21 86 173 72 73 80
76 0 79 43 10 31 48 67 40 72 130 111 132 176 69 50 123 75 25 89 78 89 111 80 12 30 48 63 96 58 66 106 43 19 68 56 53 17 101 127 55 60 17 34 42 71 112 101 44 49 37 89 77 70 103 130 110 51 5 8 41 70 67 43 29 55 82 53 77 58 64 133 160 114 105 58 33 23 11 6 23 33 48 64 16 26 41 57 53 51 9 0 21 32 39 77 111 39 123 181
30 20 73 16 19 4 40 72 78 49 60 70 123 167 84 104 164 101 18 123 73 40 58 56 39 49 48 40 86 71 74 111 70 19 63 74 87 79 52 42 36 2 17 34 54 51 53 48 61 63 53 83 54 47 67 78 71 36 17 23 36 48 48 34 0 21 69 40 24 26 66 138 124 111 121 47 33 49 47 38 28 14 25 65 51 42 26 22 49 57 23 59 57 12 36 23 86 28 98 107
37 28 44 11 26 15 54 43 53 38 41 40 61 105 76 108 142 66 37 60 31 22 54 99 81 51 50 30 26 41 49 41 30 37 63 51 45 94 11 0 46 49 91 50 63 97 86 36 63 54 61 60 23 21 35 46 32 28 41 54 46 35 30 25 28 28 53 46 36 53 92 123 95 75 89 9 21 74 95 90 49 6 0 26 52 65 91 114 72 53 28 82 74 21 89 24 16 9 55 55
76 71 21 0 59 56 35 23 10 41 59 38 1 29 28 29 69 16 46 6 19 48 71 116 133 83 103 125 73 35 32 73 125 157 136 49 61 97 30 6 55 65 100 94 98 146 175 158 49 11 40 30 13 18 20 30 26 28 49 65 56 45 47 49 47 66 74 70 44 39 79 111 60 27 62 0 17 67 93 94 38 18 30 22 28 0 24 43 46 18 53 102 81 54 164 71 29 46 15 19
105 66 59 63 76 92 60 0 10 34 60 68 11 9 24 25 31 19 59 25 41 59 34 30 46 121 156 115 57 63 53 93 184 249 246 88 108 54 45 35 21 74 85 92 102 206 255 212 74 3 41 34 41 44 25 23 7 5 24 47 48 46 52 55 61 78 47 42 33 20 52 81 51 18 82 34 37 55 68 69 11 4 22 0 26 56 176 252 120 0 9 62 82 101 234 136 60 103 32 74
33 43 114 144 116 69 32 22 20 48 21 82 29 34 44 33 48 0 38 31 67 94 42 0 5 72 91 24 89 83 62 53 83 135 169 125 112 0 58 33 10 100 90 70 129 190 196 143 82 45 22 20 19 22 30 32 9 37 60 18 32 44 41 52 48 40 26 10 32 15 22 42 24 36 57 56 53 61 42 38 16 8 12 81 73 112 218 255 139 82 77 48 79 81 173 110 113 77 77 97
33 0 95 167 112 61 43 42 22 32 50 65 30 31 55 48 30 12 17 14 67 80 58 19 23 52 51 21 142 153 93 76 83 57 66 53 50 30 18 54 112 126 108 118 81 91 85 81 51 33 20 9 0 8 20 21 26 43 49 21 39 59 30 14 34 39 37 35 72 42 13 8 3 7 39 58 58 48 30 40 68 61 4 14 29 143 226 201 101 39 16 53 76 47 77 101 163 89 85 86
91 13 82 148 82 55 53 23 2 21 92 94 24 40 26 33 53 35 44 51 82 68 29 43 87 106 112 72 133 109 56 103 82 26 3 7 36 65 24 63 170 123 135 139 50 12 20 43 2 11 39 56 41 19 9 3 3 9 17 13 33 52 49 60 58 71 58 43 90 71 37 24 48 15 16 22 36 38 41 65 100 85 28 66 80 143 133 67 71 85 69 108 96 94 65 140 232 112 114 96
80 47 46 114 99 76 70 29 2 41 122 160 33 103 30 70 99 34 20 5 96 243 135 68 146 62 42 69 151 130 29 29 99 77 18 6 66 54 80 60 89 31 82 70 74 60 77 55 44 18 12 17 5 1 32 67 43 24 34 24 32 4 19 43 65 114 103 41 51 43 44 57 47 30 32 14 40 74 107 131 159 107 35 81 69 76 54 48 43 83 59 56 31 95 60 136 213 74 97 78
51 128 64 119 142 85 74 67 27 41 90 149 36 141 55 113 124 66 69 56 31 158 114 109 143 27 14 77 114 109 61 79 122 110 33 20 76 31 96 54 87 36 54 41 116 133 93 16 6 0 10 21 18 18 27 31 17 4 37 30 67 33 65 62 34 120 133 46 15 5 28 52 83 110 126 56 46 64 75 57 86 81 53 91 75 60 25 30 58 44 33 49 49 110 66 108 151 29 74 72
54 215 103 75 86 50 57 75 59 30 50 93 47 104 35 74 89 22 42 142 79 59 74 112 89 7 0 49 34 35 30 58 108 74 23 54 75 44 57 30 65 57 48 75 116 137 78 42 7 18 27 22 26 46 41 9 13 33 69 36 52 36 92 78 48 94 99 40 33 37 52 48 60 88 96 14 33 81 93 46 43 59 49 61 63 50 28 45 51 27 36 49 58 99 67 84 137 48 95 113
22 143 55 41 53 48 42 59 78 41 47 80 76 61 19 52 76 42 67 134 124 73 93 69 5 35 37 78 31 18 16 42 70 39 19 80 76 61 43 4 50 65 59 94 60 37 19 39 45 40 36 31 35 50 43 13 12 42 61 43 15 14 82 97 80 61 51 30 48 58 72 57 64 69 66 0 30 87 113 73 55 77 72 46 58 40 25 43 63 63 50 25 28 73 77 109 136 75 100 130
10 21 5 116 149 102 31 44 58 40 37 81 79 39 27 85 126 47 59 50 104 68 89 79 7 87 50 54 18 23 30 58 49 41 22 73 67 52 69 0 36 38 53 83 45 0 35 63 82 37 12 19 21 18 21 24 22 27 22 54 9 2 41 69 69 35 40 34 27 12 41 53 91 109 131 57 63 71 92 73 86 129 112 20 31 38 40 41 64 75 52 52 67 79 58 98 128 82 83 116
63 4 31 117 133 86 43 19 24 32 51 26 51 15 53 103 167 70 48 0 60 52 88 125 109 129 63 23 28 45 81 74 79 86 98 72 57 54 114 2 22 32 27 51 23 64 77 79 54 22 9 25 31 18 20 37 39 34 8 47 32 52 34 21 50 47 82 73 63 45 67 85 107 97 132 60 6 42 88 87 103 114 58 15 44 51 31 42 51 66 57 77 110 77 62 113 99 71 61 82
42 27 11 35 65 37 5 20 27 22 59 56 77 40 87 101 169 115 53 35 45 33 71 102 135 104 45 47 82 94 106 113 142 201 217 176 64 53 151 50 31 19 12 73 65 82 70 65 31 21 20 31 39 37 35 37 65 58 4 31 57 97 26 53 102 59 67 70 95 88 103 95 103 114 116 64 40 38 57 106 107 75 31 13 39 73 66 35 23 40 64 81 110 79 60 96 90 79 66 60
43 38 20 28 54 49 50 83 72 59 91 76 59 0 48 34 120 99 22 85 56 23 34 51 57 50 43 34 44 42 12 4 80 198 255 255 95 57 146 48 64 59 55 114 73 39 16 26 23 21 27 40 43 33 25 24 48 34 40 31 25 83 67 106 153 67 28 68 69 58 57 70 106 194 236 165 61 27 49 90 103 83 54 52 90 117 85 35 33 23 41 23 55 60 60 79 72 80 70 42
82 37 35 52 32 13 16 14 11 22 56 51 53 17 106 127 62 42 0 91 44 0 7 52 42 69 109 62 16 21 39 100 177 238 254 215 68 39 113 61 48 71 66 111 59 27 25 48 25 18 25 40 39 21 15 23 53 45 87 58 46 67 80 87 106 106 52 62 25 79 50 10 43 86 170 148 27 48 107 65 50 78 38 19 90 133 122 127 153 112 90 13 26 59 61 42 49 66 66 42
81 46 50 74 73 72 66 41 40 55 53 34 51 37 115 169 121 90 85 129 77 49 73 144 148 78 71 52 42 40 18 58 74 106 124 69 21 25 40 2 10 33 0 26 10 20 27 25 12 18 22 23 25 29 33 34 31 43 33 66 111 88 37 38 125 104 57 86 75 92 126 167 121 1 15 39 10 94 147 48 0 43 28 5 65 140 173 193 125 114 102 30 37 90 89 39 33 46 53 50
70 84 55 34 63 78 50 28 55 56 31 16 36 48 73 126 111 73 111 111 86 71 69 99 71 44 80 82 71 74 60 88 77 84 81 11 17 62 53 27 83 98 23 35 22 33 33 12 0 21 23 3 6 34 40 22 5 12 0 84 79 63 25 55 45 61 54 31 53 39 158 252 211 97 82 40 51 140 178 112 84 110 124 71 30 89 133 89 93 121 108 64 53 96 93 40 30 33 39 45
38 68 45 10 32 56 45 31 31 21 24 35 29 58 28 57 55 9 66 74 69 53 58 84 53 21 24 12 22 64 70 67 60 47 42 41 50 94 79 60 108 123 49 72 49 30 25 19 0 14 17 8 11 23 21 7 34 36 63 88 35 37 47 76 50 52 59 104 124 10 86 232 151 120 158 48 39 75 70 30 93 136 172 98 12 77 145 94 58 85 37 35 29 69 80 50 35 34 30 24
30 35 53 47 31 55 81 65 25 15 58 90 45 77 16 22 46 0 42 60 38 22 103 203 167 78 28 21 36 64 73 73 59 21 19 110 100 117 98 85 99 105 38 92 77 32 18 23 10 0 6 31 35 15 6 15 29 55 98 23 65 73 61 62 121 112 48 116 129 41 39 150 91 38 131 87 135 156 111 52 89 195 247 151 51 78 115 77 119 118 18 35 27 52 56 33 40 39 26 4
22 40 44 91 62 80 90 82 31 3 71 120 97 71 46 48 75 78 119 48 58 32 87 161 131 42 45 45 59 66 74 61 65 68 66 77 89 104 131 131 115 65 67 79 37 8 16 13 21 10 12 0 29 32 29 24 28 71 82 47 45 55 85 87 107 65 54 93 66 56 77 145 139 24 53 40 72 68 60 65 77 128 158 189 91 41 37 83 138 139 66 48 41 26 57 32 50 44 29 48
79 42 58 58 57 43 105 91 32 45 53 98 122 91 50 60 64 127 169 55 70 70 65 42 0 4 79 79 37 0 7 25 52 59 61 12 47 64 66 78 66 33 35 45 24 11 17 14 14 24 32 15 24 27 25 22 63 94 128 45 15 46 81 143 71 43 76 95 68 125 58 120 139 0 39 63 71 60 74 127 155 167 149 89 34 50 110 169 159 88 17 57 46 55 54 43 53 68 69 69
82 18 80 22 43 84 93 70 72 45 51 67 129 82 32 39 26 129 178 45 53 78 91 81 58 67 117 114 79 34 23 30 53 81 106 34 87 90 37 31 27 21 17 17 20 26 31 30 16 28 22 17 14 32 38 38 51 116 178 55 90 94 114 109 129 123 46 71 13 126 0 0 113 35 116 107 99 58 61 54 36 118 205 127 67 38 95 169 127 54 51 74 57 73 59 48 67 88 91 58
64 80 32 108 51 91 63 67 65 34 112 45 70 45 48 39 75 109 127 43 72 70 68 89 109 135 169 156 103 45 28 40 27 40 46 7 64 87 41 25 41 52 34 11 19 33 36 39 56 43 9 18 5 16 9 0 66 124 98 27 134 114 104 67 58 135 108 121 107 109 112 71 11 28 109 80 109 49 71 6 111 71 82 35 63 62 64 95 103 71 115 43 52 76 77 60 38 58 90 71
3 35 64 1 61 74 60 30 41 78 131 74 99 131 152 77 55 63 95 70 96 52 13 34 64 108 149 153 91 26 7 20 69 63 48 82 106 119 70 29 72 87 57 15 16 27 29 37 45 25 0 42 41 53 65 63 78 98 48 72 173 119 33 77 61 72 58 163 144 168 92 100 57 82 45 51 82 17 64 42 91 26 21 20 56 68 33 48 39 24 50 0 52 105 120 141 116 90 106 79
0 37 25 104 98 0 29 103 118 156 53 31 24 51 102 69 1 27 92 90 115 98 70 77 73 70 68 88 56 39 57 77 112 64 3 46 42 56 38 26 75 84 57 23 24 32 36 46 46 26 3 33 26 38 95 113 78 53 96 41 136 90 28 135 159 89 241 237 151 114 21 176 160 168 29 75 67 47 83 91 78 38 33 47 55 86 57 48 57 50 32 38 63 68 49 112 129 63 65 26
82 37 47 79 101 60 13 17 31 84 63 73 25 25 111 143 58 36 77 97 142 149 114 92 64 47 40 76 42 49 107 146 81 51 32 75 85 74 34 56 68 63 45 32 37 41 39 41 39 32 23 37 40 68 168 188 52 35 175 84 144 132 73 102 63 51 255 232 81 67 34 238 246 210 62 84 50 65 88 71 63 43 43 40 2 19 28 13 27 40 4 30 9 0 27 96 77 21 58 37
65 85 120 92 46 78 72 37 41 21 94 34 11 92 209 214 61 16 67 108 119 82 40 35 26 18 46 133 110 96 109 104 79 67 82 92 117 83 18 72 72 55 39 39 42 34 21 13 9 18 20 23 29 52 144 134 35 8 86 86 55 118 38 13 76 82 217 130 70 39 161 244 247 138 42 50 55 94 166 157 101 66 69 83 55 60 87 59 100 107 41 11 0 38 167 213 109 41 58 3
85 83 92 127 15 89 73 99 109 0 18 14 8 104 184 133 18 1 117 36 74 73 8 39 14 27 40 122 174 174 91 79 111 144 73 24 91 61 69 138 118 48 17 58 51 30 45 17 18 9 35 24 36 50 48 125 112 72 22 13 42 87 11 48 213 255 189 69 77 63 130 105 98 58 114 64 71 117 121 141 105 94 99 74 54 40 57 35 53 72 32 49 51 114 212 246 124 18 48 10
95 66 63 46 80 106 72 23 0 10 51 71 63 85 98 72 26 81 142 38 66 71 68 38 62 33 38 35 155 181 96 104 222 194 107 18 95 82 108 202 164 65 36 58 53 48 57 59 29 42 60 73 51 90 141 158 171 133 41 61 111 88 95 83 226 244 124 80 75 86 35 54 40 146 185 61 52 66 25 76 69 119 95 55 120 100 70 61 61 79 97 102 85 67 109 155 98 38 40 12
83 85 98 122 131 88 53 72 75 119 93 116 92 80 68 51 48 33 53 90 128 74 45 57 42 52 99 59 104 109 80 102 215 240 233 127 138 55 24 92 95 16 15 22 26 52 51 57 28 33 29 63 10 54 167 137 28 20 60 20 39 52 96 119 87 142 57 69 48 97 43 163 150 255 242 109 79 91 48 143 126 151 82 27 116 71 35 44 18 54 100 69 61 31 36 67 77 55 41 43
62 92 121 167 65 21 16 86 58 66 10 86 85 95 90 52 21 0 4 62 61 61 49 145 94 55 43 27 5 45 113 113 73 116 109 65 99 61 34 68 66 45 47 23 13 49 52 31 38 30 36 75 21 0 79 17 82 54 42 73 153 151 19 147 65 121 69 64 34 65 42 147 145 178 224 80 168 91 121 110 76 36 18 46 112 47 63 83 31 83 78 18 38 70 85 82 58 46 46 40
45 63 71 83 47 172 173 93 24 53 23 91 81 66 69 75 63 60 41 35 20 27 51 125 99 25 35 41 52 60 71 38 73 98 46 98 135 97 50 48 65 77 54 21 0 22 59 39 33 27 45 67 77 49 100 53 102 70 76 24 107 36 138 160 160 156 99 106 75 79 51 51 0 56 126 80 181 158 189 127 70 27 81 185 196 73 82 92 33 88 50 47 79 121 139 124 51 68 111 34
116 79 65 140 59 140 81 78 91 103 63 67 96 55 3 17 65 69 48 52 78 6 57 71 96 18 95 34 124 94 32 67 129 95 0 97 123 71 19 22 41 49 23 17 2 4 53 54 70 67 48 28 71 73 104 78 110 127 126 209 215 158 242 250 254 243 200 198 89 74 60 43 44 110 132 39 126 46 100 65 63 55 106 217 197 50 39 63 7 49 36 104 105 62 31 10 88 149 234 120
124 130 68 96 83 182 13 0 30 76 142 87 91 58 42 84 135 167 145 105 92 29 74 81 62 0 93 20 151 131 48 114 198 116 10 122 176 138 63 43 74 65 49 42 35 34 45 47 52 63 20 33 66 73 77 57 84 123 239 255 193 230 255 159 120 132 144 118 26 57 58 43 82 177 121 76 105 81 95 70 107 88 102 209 160 23 18 58 20 45 67 121 135 109 91 71 63 97 155 99
34 52 38 23 127 132 0 74 40 0 91 23 60 103 112 88 105 88 70 79 69 75 51 104 38 0 81 27 85 77 40 110 146 85 20 79 121 112 75 84 88 66 56 24 29 56 38 32 110 102 16 63 55 45 44 40 3 106 251 234 216 251 251 122 33 17 50 13 52 149 102 3 54 158 124 71 161 212 254 133 90 43 70 222 158 40 54 87 90 81 72 16 39 94 124 99 71 25 9 31
9 29 29 72 174 99 8 189 119 12 2 40 63 78 66 62 42 41 21 54 45 68 47 125 58 49 63 69 75 32 3 38 52 60 32 14 40 58 67 91 82 56 43 26 37 87 57 66 155 164 73 108 109 98 68 84 21 84 246 255 250 251 241 100 127 60 80 38 111 148 133 23 83 115 56 82 116 177 213 123 138 84 88 220 136 66 47 102 80 75 48 38 55 56 57 72 67 89 46 31
48 52 65 103 185 105 88 137 42 86 79 24 24 39 120 106 100 122 176 45 93 34 38 142 147 95 89 95 77 53 30 2 33 47 45 37 40 51 94 155 110 58 59 32 40 56 83 85 107 144 103 107 137 118 55 117 80 154 234 250 229 207 64 27 93 43 60 40 70 60 68 29 88 24 16 102 58 110 137 94 193 156 177 183 101 38 28 98 61 12 57 101 163 174 165 157 133 92 72 44
50 68 118 131 126 37 70 115 49 128 26 54 27 69 158 181 121 67 45 50 80 8 35 120 194 100 81 119 83 81 73 3 37 55 62 43 24 37 86 135 74 41 52 29 20 47 79 50 37 57 41 32 133 104 0 90 109 211 244 225 255 234 34 96 61 59 51 31 48 49 62 33 35 26 75 75 18 112 106 14 102 84 127 158 84 29 46 92 95 44 73 34 68 95 107 113 126 107 129 58
33 72 124 105 64 36 38 127 103 129 33 37 81 87 166 101 28 95 38 50 17 113 86 42 72 29 19 54 25 93 130 66 53 60 84 91 60 35 51 80 65 36 21 20 0 65 62 72 93 9 51 45 75 80 45 35 214 207 255 235 238 190 78 54 176 147 84 68 44 0 19 56 60 0 5 12 70 85 76 73 121 115 64 104 16 24 81 32 23 46 73 41 72 102 91 70 78 96 100 28
0 14 31 27 57 99 91 106 115 104 83 69 96 79 163 110 27 69 93 41 77 121 18 18 120 134 89 59 26 130 134 62 70 67 118 177 151 65 14 11 47 32 37 51 34 56 0 51 89 48 85 65 80 30 20 19 215 228 245 252 200 119 74 132 190 205 131 83 82 91 75 33 22 72 81 41 58 52 99 149 190 155 44 68 36 47 91 58 85 128 124 101 59 113 161 126 85 86 21 12
64 53 39 40 74 44 72 14 105 116 158 135 67 27 56 44 1 79 168 70 72 46 110 161 123 109 54 80 110 200 117 56 79 62 55 80 119 128 99 66 14 20 20 0 9 47 51 134 131 23 36 63 64 0 53 116 251 229 156 246 116 80 72 161 143 148 116 110 121 107 67 34 12 30 27 94 65 50 88 131 206 192 127 62 92 77 50 54 73 112 104 90 11 126 216 119 71 85 22 51
83 146 137 107 139 101 129 92 144 162 187 30 21 43 124 100 47 70 67 91 125 94 224 199 80 43 18 96 139 204 77 58 66 82 66 62 113 140 87 19 55 73 54 60 52 42 47 84 83 27 33 84 158 65 72 153 187 208 66 91 90 96 47 82 11 83 119 69 60 91 104 95 89 78 63 122 39 25 52 71 106 159 154 42 59 105 95 64 75 67 31 20 0 100 160 88 54 53 57 95
97 255 237 123 182 245 185 155 105 124 99 17 12 62 79 88 122 92 38 128 255 204 196 131 45 60 67 87 58 134 36 53 42 67 72 87 117 112 96 109 86 65 22 163 118 40 22 55 35 12 28 1 51 66 87 80 97 211 190 57 64 54 64 0 45 81 136 112 122 128 95 60 39 54 64 86 64 77 76 39 24 28 57 93 36 41 77 65 67 65 56 56 37 0 28 134 116 26 67 126
180 230 255 144 197 245 154 67 7 39 36 109 56 60 8 8 132 137 117 142 148 139 88 167 93 96 126 81 66 83 44 53 40 22 71 0 62 138 169 100 40 28 16 90 76 66 40 63 5 21 31 96 103 126 98 122 59 87 35 65 99 28 32 41 161 188 222 185 151 93 49 43 38 24 5 102 59 54 33 25 8 43 34 131 66 51 70 73 84 102 102 41 99 29 45 155 125 30 83 67
111 71 90 220 255 236 78 27 0 99 99 70 40 102 69 73 113 97 53 149 47 27 35 234 111 61 87 105 175 143 116 88 88 25 64 62 55 79 48 26 8 32 105 121 129 40 64 52 11 68 85 74 5 69 131 226 191 130 90 87 85 65 89 103 191 198 204 198 110 29 52 120 141 127 82 116 59 57 45 14 58 69 74 121 98 50 63 52 83 111 77 60 119 124 110 106 89 43 88 45
16 21 144 255 239 117 53 22 117 79 96 86 29 95 96 31 69 68 85 123 122 217 5 141 63 45 34 126 204 223 176 121 167 71 123 162 66 1 14 124 94 34 23 95 176 200 229 207 47 52 29 140 88 198 146 187 81 20 79 128 88 98 114 172 120 139 99 128 132 103 89 104 99 52 3 60 95 134 117 39 36 48 33 28 61 69 69 26 90 107 37 77 111 115 81 86 95 92 75 147
66 112 194 182 77 89 104 66 105 141 56 27 133 158 77 70 82 155 48 112 153 138 94 115 108 27 15 73 35 191 234 89 1 12 98 104 48 20 76 115 86 56 91 216 225 251 214 237 234 136 83 89 87 145 175 210 234 135 48 71 156 141 30 112 161 189 112 62 107 95 39 33 58 58 65 98 82 76 116 105 19 32 19 40 34 25 32 90 81 83 47 130 150 95 35 113 170 200 116 235
107 120 255 249 163 141 115 52 72 86 19 15 45 65 68 76 191 143 76 83 113 149 157 116 52 76 142 95 38 106 162 99 115 172 169 100 54 78 203 240 120 69 147 193 232 248 220 255 238 211 189 143 94 127 204 246 242 127 63 20 89 48 50 117 79 63 74 26 72 65 50 79 75 64 55 63 44 39 89 78 5 49 33 24 23 41 46 82 103 61 43 28 45 59 8 12 136 187 86 97
58 52 193 115 167 221 202 35 0 33 45 93 45 69 80 93 173 79 72 112 101 40 0 19 60 115 218 194 75 48 78 92 138 193 166 210 255 255 236 198 121 138 244 221 237 245 223 255 254 244 162 255 206 255 241 237 195 95 136 77 135 28 80 69 49 0 93 64 66 61 66 51 82 99 95 79 38 36 83 61 58 126 83 1 46 116 123 47 9 94 226 117 92 188 193 86 116 152 72 86
73 21 69 73 41 63 71 62 61 111 88 66 16 149 98 78 104 88 82 64 129 131 71 94 161 159 87 79 66 51 42 90 155 245 196 129 205 220 118 48 108 188 255 255 255 255 234 247 249 218 117 244 249 241 177 119 59 36 50 48 218 78 31 116 135 115 184 117 74 65 73 43 35 67 85 104 72 71 99 68 89 136 95 71 59 49 65 48 53 108 190 94 158 255 238 86 45 61 45 116
105 53 65 45 47 54 103 85 75 86 80 105 90 240 89 69 82 31 65 32 132 152 117 118 108 73 30 39 101 89 136 85 89 173 170 62 227 255 179 144 175 248 255 245 253 243 240 252 179 229 121 255 229 252 191 142 170 57 32 131 252 142 30 130 119 133 132 91 109 96 67 52 51 62 76 128 96 75 81 56 60 118 84 152 94 58 45 55 47 60 65 36 166 158 111 69 0 17 86 91
91 36 32 14 50 175 189 104 18 5 63 86 98 125 117 6 107 17 5 65 34 31 55 117 81 33 83 50 140 134 158 116 15 64 99 78 130 215 210 191 146 143 186 250 255 255 249 195 98 227 200 255 244 255 171 126 177 132 92 152 187 149 38 130 31 8 2 46 88 128 100 93 85 64 56 122 117 65 77 77 58 68 69 198 153 110 60 26 46 48 103 21 90 70 55 147 96 0 110 57
78 47 113 188 156 44 31 54 69 59 72 40 0 21 68 53 112 111 109 74 44 54 148 224 151 82 46 83 112 62 163 132 29 103 154 128 107 112 180 253 239 215 249 255 210 222 255 194 90 247 225 255 235 200 67 24 50 54 82 38 88 43 62 109 26 24 45 8 95 131 126 93 101 63 24 73 94 29 68 141 76 41 92 171 146 70 41 35 67 80 44 0 38 72 117 191 94 20 50 53
62 45 132 254 175 42 42 56 32 72 120 116 54 59 108 137 66 108 91 146 153 164 140 133 85 41 73 226 158 26 158 192 43 120 128 135 158 89 134 228 255 248 251 237 131 136 222 255 132 255 255 255 171 126 53 46 89 47 57 15 116 49 85 38 52 41 42 33 125 167 110 91 98 63 6 25 82 16 53 145 58 58 94 55 173 229 213 155 116 63 6 70 56 120 193 161 100 95 52 64
119 42 82 174 73 81 118 61 35 124 235 253 131 85 88 91 125 115 39 93 126 134 85 29 61 30 108 216 150 106 158 104 105 209 166 152 198 90 94 173 240 255 228 249 242 251 242 249 192 227 240 253 134 105 101 91 54 57 61 88 146 68 58 9 111 97 92 93 150 154 50 39 43 59 51 42 86 20 29 63 45 97 90 9 173 255 208 154 87 81 83 104 43 81 109 24 28 95 86 102
145 29 51 69 5 75 129 65 26 122 252 255 99 59 88 88 45 51 46 6 60 32 109 86 36 73 210 255 142 64 79 28 37 214 255 234 172 53 54 86 79 188 235 182 179 192 252 255 204 145 136 196 158 141 118 84 132 163 137 200 249 198 97 30 93 104 144 89 123 85 33 13 2 43 87 67 71 23 35 24 21 111 101 37 85 160 146 161 21 55 120 136 176 116 33 32 58 78 79 67
138 107 131 41 68 169 219 135 49 97 182 174 61 48 87 78 38 59 108 113 175 98 149 173 29 45 109 248 179 74 110 100 96 167 230 175 44 26 58 22 0 53 165 124 128 121 247 245 250 149 60 89 132 118 85 104 133 199 234 246 205 112 40 81 79 83 110 107 90 76 67 70 36 26 46 28 30 39 83 76 39 62 53 26 0 42 47 86 13 12 90 128 213 155 66 84 69 36 42 21
87 111 114 33 61 160 200 118 6 16 49 50 32 23 34 21 66 55 42 96 198 146 150 255 136 144 40 115 76 66 148 168 82 21 55 58 7 95 81 1 68 40 80 105 86 83 193 243 255 170 65 41 74 51 48 117 110 146 236 216 154 92 61 151 97 90 85 152 73 91 94 93 69 47 40 12 8 44 91 98 44 0 16 41 65 74 8 65 45 79 100 82 37 59 71 28 0 6 41 62
55 24 14 81 29 57 102 103 85 83 79 65 86 53 42 52 55 69 42 7 131 64 81 226 128 164 52 131 91 110 170 248 187 81 69 70 56 151 80 41 112 119 88 168 97 98 91 162 136 84 62 65 75 51 61 112 82 70 148 119 110 164 110 121 27 54 89 119 39 58 110 58 49 91 110 62 15 25 42 54 28 56 84 6 111 151 35 78 92 132 91 168 85 65 84 57 92 123 100 95
28 28 37 74 37 30 71 134 172 187 146 142 109 48 78 116 86 44 117 67 73 65 111 131 63 107 133 125 62 100 149 172 174 60 19 59 44 74 99 91 111 104 99 166 102 105 45 99 45 72 13 41 70 90 66 101 140 75 37 60 93 109 73 76 30 9 48 54 56 141 180 71 13 71 104 51 24 32 38 71 78 56 95 18 67 122 73 100 69 91 110 238 250 192 93 171 190 106 135 35
66 50 39 53 23 34 58 77 123 134 86 82 62 29 52 108 69 70 112 113 54 28 91 102 129 201 207 156 100 164 169 163 211 138 81 41 30 26 101 123 54 62 81 151 119 78 50 75 59 54 40 100 81 72 67 98 157 136 37 74 133 129 106 96 143 69 18 80 61 191 216 66 34 70 68 35 21 66 52 60 91 35 56 12 94 158 89 158 81 121 122 155 255 134 68 161 123 16 25 0
44 54 81 96 64 67 50 15 46 92 86 31 75 80 111 138 141 83 92 107 60 45 85 56 245 233 174 91 27 137 83 119 225 202 167 113 163 84 99 107 61 85 75 148 129 81 54 10 74 61 105 187 118 86 97 103 121 119 106 40 186 191 171 109 121 66 5 119 74 70 87 62 98 136 124 100 48 73 25 5 55 22 40 60 96 139 90 96 89 108 115 125 71 14 41 70 81 33 44 34
33 38 73 79 58 73 65 30 26 37 73 5 129 95 140 165 134 85 185 147 71 40 100 132 112 109 136 121 56 155 62 105 176 102 156 154 155 82 81 26 41 135 48 53 44 148 149 4 87 33 46 131 114 111 89 24 15 76 67 124 133 234 126 32 83 104 100 115 68 33 65 33 150 141 104 86 50 76 40 5 3 36 32 74 5 50 120 33 53 136 9 12 43 77 12 17 1 16 44 65
49 31 56 51 41 62 74 75 43 46 74 25 161 118 105 81 50 0 90 94 73 56 71 72 46 43 65 65 60 96 89 42 9 38 105 96 105 56 10 62 27 116 61 92 74 144 155 33 89 65 65 110 93 82 78 53 34 22 7 54 56 57 120 0 98 39 37 18 0 55 122 49 40 88 158 187 142 104 76 35 49 66 10 77 59 132 164 0 6 82 59 37 29 45 64 28 10 7 19 75
35 32 75 57 37 30 50 96 76 72 74 138 217 151 44 3 43 30 34 83 67 59 58 48 35 31 27 49 123 44 167 89 42 117 162 149 102 78 28 117 77 190 171 74 18 87 144 28 89 84 79 112 110 70 47 42 49 45 57 99 40 113 139 59 75 26 25 111 95 82 73 119 64 126 207 198 93 30 55 48 66 87 16 9 0 52 62 35 32 59 50 39 43 31 48 30 37 35 26 39
43 34 61 27 25 20 43 114 147 76 26 180 198 102 30 95 148 126 59 62 59 53 33 40 48 65 56 47 99 0 161 207 209 255 182 165 129 67 0 125 91 136 169 119 44 41 71 39 55 111 144 149 111 51 37 43 81 125 177 139 82 252 159 165 47 110 23 74 62 29 0 144 180 166 151 138 75 84 103 50 106 126 76 87 103 91 43 59 40 52 25 55 64 73 49 72 49 73 75 37
77 41 42 22 76 87 77 118 203 149 28 63 53 67 133 230 230 170 109 28 54 43 0 24 71 89 67 24 78 91 141 238 252 234 121 180 118 30 5 89 101 74 112 158 83 65 51 86 60 120 144 124 95 68 51 13 51 138 226 120 154 208 91 101 58 138 13 71 108 99 69 165 116 80 37 80 89 188 200 108 62 76 36 112 151 110 69 41 22 30 59 92 78 84 67 73 83 84 95 63
79 47 57 46 114 127 81 154 227 192 68 16 0 58 118 185 123 112 71 62 61 18 2 33 69 109 79 141 160 238 92 97 137 175 192 142 71 51 76 110 128 30 89 153 106 71 80 83 0 71 75 91 68 85 40 28 19 76 152 125 155 85 78 47 164 209 93 129 102 102 150 168 104 75 101 45 113 232 255 143 66 89 30 63 97 76 39 61 84 56 47 32 48 31 32 21 29 37 57 48
50 58 89 71 83 100 73 109 173 126 64 95 26 26 33 67 25 98 85 45 52 35 18 46 71 85 103 202 221 212 64 19 90 120 185 75 1 69 72 97 60 25 43 95 137 115 78 105 18 81 86 86 65 55 66 85 53 54 80 127 138 74 100 64 180 233 105 68 11 0 78 112 129 158 178 97 100 200 220 134 114 146 126 112 136 127 129 153 135 66 2 18 27 45 26 20 10 19 16 55
53 50 98 38 33 0 33 44 69 57 46 124 6 0 15 77 89 104 89 46 27 37 41 36 51 86 107 120 93 74 61 36 91 80 59 93 19 100 67 82 12 61 95 131 169 143 105 158 98 195 191 117 48 10 74 101 103 115 96 85 86 95 107 86 73 126 30 77 91 99 100 31 131 115 107 74 25 40 32 9 60 132 125 7 57 173 206 137 146 121 75 63 54 95 92 76 57 73 90 46
128 26 21 0 108 50 75 33 1 113 56 114 93 91 54 206 212 51 58 81 4 37 81 0 8 23 31 81 73 14 49 62 51 58 21 103 53 84 46 61 29 26 49 107 131 122 68 39 67 177 184 144 75 9 59 74 30 57 80 52 92 105 43 121 110 86 87 168 25 166 255 148 101 58 104 162 101 50 49 65 44 29 66 40 52 76 127 168 63 124 143 59 43 92 149 132 78 79 70 97
104 88 60 89 84 32 27 74 94 84 48 144 73 84 99 199 203 102 27 5 25 39 32 55 123 127 24 24 79 105 130 79 29 42 74 13 73 83 51 19 27 47 94 132 65 43 53 65 148 155 101 127 102 41 78 122 119 131 128 48 76 72 0 41 62 37 58 112 8 197 251 166 123 98 164 167 48 4 91 127 73 39 60 37 8 29 83 136 38 87 93 17 6 21 46 30 75 91 76 62
64 103 14 119 30 91 20 98 168 87 25 61 13 107 124 45 48 60 111 127 135 131 80 60 138 129 25 41 71 71 134 160 88 72 55 40 130 80 113 88 31 54 59 95 58 55 76 115 137 140 103 147 153 114 125 147 150 156 110 50 65 105 89 67 93 94 160 155 56 156 152 32 54 60 153 172 60 14 99 115 99 34 33 38 13 9 59 111 37 42 38 111 165 153 77 66 96 88 116 94
122 110 19 99 28 115 48 82 152 30 73 163 43 20 123 151 158 113 95 61 56 62 39 60 123 156 107 70 27 18 127 165 96 79 26 141 154 52 185 224 39 60 44 88 73 85 91 109 131 155 123 73 65 53 78 81 47 57 48 94 92 99 89 118 10 86 61 23 48 139 147 111 84 52 81 163 132 101 116 111 57 48 87 85 57 13 74 103 38 48 47 146 225 181 74 77 96 31 60 212
95 33 35 43 36 54 71 74 79 54 48 71 69 44 140 255 222 97 91 130 135 104 41 31 38 27 36 73 72 47 140 143 56 16 23 111 134 85 230 239 57 87 96 138 77 79 82 68 102 113 98 20 32 20 57 64 16 91 109 118 74 84 19 112 6 130 90 95 92 169 171 122 87 49 23 149 192 186 118 74 81 70 81 37 41 8 86 73 41 85 80 68 126 77 39 76 94 65 101 118
29 0 51 17 49 0 53 79 46 48 24 2 108 68 67 140 71 46 146 14 104 125 63 74 134 107 90 84 52 26 111 151 89 79 15 53 154 146 201 169 70 99 143 184 196 171 110 12 16 46 54 51 45 56 127 99 49 97 188 123 71 120 60 132 21 184 105 161 131 118 94 78 50 50 44 95 147 149 73 74 113 75 0 69 60 20 117 67 65 67 116 144 112 72 62 98 97 113 124 35
77 89 86 29 19 5 75 77 44 62 27 121 170 20 0 45 44 114 106 33 159 121 54 81 101 60 23 135 75 7 59 105 124 132 86 72 119 120 122 114 76 66 119 190 243 237 144 49 42 56 36 36 57 67 97 88 26 79 75 110 141 106 159 79 6 103 0 17 45 59 91 134 111 68 30 45 99 82 52 55 105 75 5 57 95 54 109 96 98 125 153 106 107 108 88 45 48 69 69 20
126 99 14 11 33 50 76 37 10 40 60 123 128 71 76 0 15 103 32 115 108 94 106 156 112 66 112 160 139 64 31 31 55 139 158 86 32 23 32 65 42 29 107 160 184 186 109 90 149 126 61 39 69 86 87 105 61 66 28 68 147 82 99 14 37 112 69 104 118 82 117 146 60 33 51 43 61 62 31 57 104 127 91 42 14 10 89 100 143 189 190 54 44 67 79 31 57 76 44 39
7 37 25 58 67 74 102 107 56 53 37 99 11 103 44 54 29 84 28 43 66 22 110 172 163 41 93 196 223 46 12 136 131 112 101 117 107 55 62 25 68 8 32 33 43 85 46 89 175 124 51 19 45 85 85 100 172 129 133 102 95 75 62 87 105 72 26 52 110 106 112 42 64 58 116 59 18 71 60 149 206 126 62 71 26 18 69 50 87 147 176 80 55 51 59 46 92 99 28 48
44 59 59 53 88 95 51 3 74 81 109 94 117 90 0 85 129 77 70 30 22 43 85 79 77 124 51 111 135 56 133 253 176 103 123 248 224 40 81 3 73 40 75 102 111 121 31 39 142 85 47 36 73 134 145 120 121 89 103 84 103 117 79 28 16 51 60 36 67 64 78 46 59 87 171 147 110 82 64 107 119 136 121 161 69 31 71 75 85 108 136 115 94 79 66 74 119 115 19 45
49 44 40 7 46 57 46 43 58 91 107 122 168 140 66 101 131 0 49 106 15 93 36 48 51 160 90 36 69 36 144 255 148 89 120 226 223 83 163 36 161 106 62 81 90 103 51 65 105 54 36 30 71 114 140 88 44 89 92 52 211 232 115 12 79 137 110 31 56 72 71 104 54 61 73 92 128 38 74 67 22 153 143 141 92 63 60 67 80 61 64 51 21 27 37 60 108 103 15 35
61 76 49 10 20 26 70 112 97 39 72 76 104 53 103 78 78 3 89 127 157 133 21 149 73 121 133 38 91 39 78 152 118 105 129 97 94 117 241 164 239 149 14 42 62 72 65 85 114 101 91 65 88 59 93 62 0 104 115 41 145 168 100 88 125 160 157 101 68 81 60 101 29 35 0 32 88 52 77 72 84 125 95 74 84 31 16 76 45 30 71 61 29 24 49 56 92 98 47 68
63 156 118 50 10 11 59 68 36 47 95 102 31 18 25 0 46 33 101 128 141 134 7 129 82 95 83 116 157 88 84 116 111 119 162 45 0 54 126 116 153 127 30 88 62 9 23 67 112 152 164 128 132 30 62 62 49 127 145 167 112 128 172 131 37 47 129 137 22 36 39 68 42 76 45 66 70 129 71 97 171 112 75 8 53 43 40 69 44 18 85 75 50 17 37 14 6 28 14 44
111 178 82 69 130 144 78 7 22 37 49 106 35 57 48 35 163 146 21 147 45 103 42 77 71 150 22 110 103 60 136 125 64 73 115 67 16 56 23 57 54 85 11 97 101 55 108 114 97 141 130 130 103 44 44 48 43 107 98 130 166 172 120 86 40 39 65 105 8 50 87 106 87 114 70 44 40 88 37 72 187 92 61 0 69 105 87 82 38 42 92 78 44 51 27 1 0 35 41 56
154 140 94 81 184 190 118 63 83 63 28 51 99 115 59 153 247 200 105 148 71 54 80 57 78 104 85 6 46 41 77 77 14 58 40 70 61 43 46 40 44 53 39 66 113 124 216 183 76 81 56 78 59 75 38 36 73 37 76 17 71 81 14 6 112 127 95 98 28 84 205 163 154 76 16 17 0 6 26 62 78 77 82 34 78 157 138 49 39 64 60 98 36 50 90 105 97 143 165 125
151 130 176 118 103 121 123 151 160 154 73 222 250 206 67 124 126 72 130 162 141 52 36 92 66 66 143 13 62 59 31 6 44 52 0 88 120 47 41 14 75 67 105 69 119 146 235 155 21 68 58 54 99 156 66 46 67 84 138 138 93 79 59 98 75 92 98 108 53 109 255 169 161 86 46 77 74 23 64 72 0 72 57 51 88 154 145 85 27 32 18 60 15 31 74 87 122 155 173 136
124 67 89 63 41 131 95 60 182 182 89 195 175 158 41 82 104 119 99 28 73 113 24 32 100 56 60 7 0 33 74 71 62 100 84 84 103 132 129 63 10 50 53 67 7 82 154 162 109 24 98 87 15 80 155 85 39 81 95 175 116 119 74 27 105 105 83 65 47 87 174 168 89 93 60 79 88 12 31 21 51 117 5 15 56 51 5 11 50 12 47 36 31 42 54 57 48 51 44 68
76 84 89 84 117 174 101 73 110 92 114 64 96 121 41 117 224 165 17 39 81 59 20 57 76 41 41 94 27 65 144 137 119 153 167 82 15 60 114 96 79 55 33 66 78 55 83 62 0 73 113 61 81 109 138 129 98 83 107 167 168 180 111 1 0 97 55 45 42 16 0 36 81 68 41 77 92 64 130 157 118 128 11 65 122 105 57 69 42 0 35 25 18 11 33 53 41 26 14 45
77 118 96 64 157 127 59 103 124 13 39 40 48 71 78 130 210 108 31 19 32 41 55 64 78 48 104 130 63 93 151 137 118 146 193 185 94 21 59 63 42 27 80 122 148 39 74 74 27 86 38 0 49 82 44 35 59 51 64 181 144 81 91 50 66 216 183 157 48 45 81 122 127 20 35 87 66 52 153 208 130 58 33 114 109 77 85 103 65 34 26 76 46 12 43 54 23 16 33 22
93 100 103 88 151 109 54 112 148 46 57 156 80 53 98 59 75 0 89 74 155 235 188 128 101 68 134 98 80 86 76 46 55 96 102 75 61 48 101 109 70 57 71 163 75 85 72 118 130 12 0 63 94 72 28 47 50 46 33 160 138 57 121 88 115 252 253 182 14 73 137 140 99 0 80 88 54 30 120 183 82 0 56 97 49 27 72 88 57 51 55 89 56 28 56 47 22 27 72 84
85 22 74 156 192 217 119 75 96 103 173 161 90 44 73 14 40 16 99 86 179 240 219 182 189 140 143 80 109 109 64 33 57 81 72 12 36 40 62 112 43 13 89 107 3 21 43 82 104 22 87 96 136 91 44 69 49 22 87 55 144 144 214 129 50 178 180 70 3 99 52 67 137 97 208 106 71 34 92 158 71 31 118 74 51 74 90 50 17 35 116 59 37 40 85 89 30 40 93 180
107 18 45 105 86 222 169 101 120 114 47 56 66 69 20 36 127 122 57 34 77 111 91 139 201 111 23 72 118 147 87 54 82 106 96 76 85 15 43 66 54 0 65 18 53 19 131 121 15 79 87 136 101 77 82 73 34 15 74 49 123 126 199 106 66 142 100 102 33 109 128 138 139 115 253 84 9 55 85 114 77 21 112 68 103 190 176 70 16 109 222 91 98 119 164 163 109 87 114 177
107 66 54 43 4 92 92 118 142 110 30 8 75 124 20 46 126 148 145 141 116 77 57 140 178 63 11 22 16 82 106 41 24 50 55 7 51 29 60 161 147 52 51 31 67 81 139 123 54 92 111 99 89 94 129 104 74 107 113 90 22 65 93 86 124 183 54 112 37 67 222 200 67 59 152 72 26 85 91 63 68 39 68 86 136 234 219 96 53 130 191 178 181 198 213 180 133 92 89 126
0 76 96 70 66 75 29 35 95 90 113 84 113 176 39 51 105 145 171 153 69 16 40 159 206 122 89 50 10 83 136 61 20 8 71 47 108 97 45 94 68 51 63 71 18 15 12 35 129 122 147 52 55 91 149 100 95 80 68 21 34 93 88 69 116 115 28 76 42 59 173 226 139 127 130 101 54 124 125 57 66 72 43 111 113 152 146 67 36 57 75 245 231 181 124 69 27 11 29 69
99 184 125 10 50 113 148 167 48 62 177 140 70 150 73 68 0 90 176 169 72 19 17 82 226 217 150 79 51 108 115 84 105 0 61 54 102 136 97 80 91 106 119 146 72 81 50 103 195 148 172 32 24 86 137 77 74 85 142 6 33 20 50 67 81 41 41 53 88 95 73 241 196 164 113 67 0 67 82 15 42 52 14 115 84 49 59 66 72 66 0 141 109 139 95 7 32 57 108 147
