26 25 41 55 52 51 59 61 63 52 53 57 53 47 35 16 5 21 29 41 50 41 53 94 73 39 23 13 24 0 3 30 29 42 39 25 32 47 35 8 34 38 16 0 17 40 31 12 45 70 54 45 10 25 31 16 42 46 22 35 26 55 63 47 53 73 51 79 155 36 54 65 58 98 73 39 11 60 43 59 69 70 57 35 30 37 32 18 11 20 34 41 32 18 14 20 23 29 31 27
33 28 53 97 123 121 91 55 50 44 47 49 43 42 36 20 7 30 32 29 43 48 49 64 103 74 27 10 21 34 31 36 48 51 39 28 33 36 34 36 57 54 34 33 56 53 25 13 27 38 30 48 48 41 32 19 13 15 0 22 29 58 59 34 48 71 48 48 108 54 42 41 75 91 58 22 12 60 44 49 61 57 40 20 14 23 30 29 42 32 29 39 46 39 21 9 21 20 14 7
15 15 52 115 159 164 126 79 34 33 37 32 22 26 28 17 11 45 42 25 43 59 47 35 95 88 35 13 10 46 29 17 4 16 20 29 38 22 14 35 44 43 36 61 96 72 30 29 27 23 30 86 138 98 50 18 24 26 13 30 27 37 34 8 23 48 29 9 59 71 40 28 58 52 32 14 28 60 43 40 56 50 38 25 18 23 37 49 40 24 15 29 52 63 58 48 43 38 28 19
26 35 66 97 109 109 98 79 41 40 40 29 15 22 32 28 16 51 47 25 36 49 37 26 48 64 45 28 15 26 15 13 39 59 65 66 59 21 0 13 56 62 57 77 101 59 4 2 43 31 34 94 175 125 61 15 15 29 33 44 30 28 44 38 11 30 15 2 48 67 51 32 20 10 25 36 51 47 25 26 46 42 40 38 31 26 37 53 48 38 27 21 23 32 43 51 50 49 43 37
87 97 109 96 62 48 57 62 35 28 25 16 3 10 24 27 32 51 39 17 16 16 18 35 16 26 40 37 47 35 53 76 90 105 98 77 59 37 25 33 73 87 87 93 101 65 20 13 21 20 9 30 90 58 27 0 4 21 38 47 33 20 44 46 24 27 17 24 65 40 57 40 10 5 46 73 65 30 7 22 23 17 17 19 12 4 10 25 37 37 29 13 0 0 13 26 21 28 33 29
55 63 70 55 27 23 38 46 26 11 7 9 2 4 16 23 53 52 31 14 9 0 9 49 111 87 70 41 47 20 35 52 53 63 64 51 43 53 62 58 17 30 39 46 50 40 23 15 24 51 46 38 48 32 33 28 10 17 32 38 28 3 23 20 31 17 14 37 61 17 49 43 17 20 62 88 60 40 27 49 62 52 43 40 36 32 38 48 12 16 17 12 10 14 18 20 8 20 29 27
35 35 41 41 41 60 82 86 44 19 18 33 31 24 28 34 51 43 25 23 27 9 10 45 96 81 47 18 33 52 65 69 36 30 43 47 40 59 71 50 37 27 34 41 32 30 30 20 14 48 45 37 13 9 15 9 0 4 24 28 25 5 45 56 38 13 18 33 27 16 27 36 21 34 56 71 42 72 69 79 64 51 35 28 28 31 33 33 22 23 21 19 21 24 20 12 12 22 29 28
34 24 18 14 20 47 71 73 48 18 18 42 42 26 21 25 29 24 16 31 47 27 10 28 55 71 33 7 13 70 72 61 38 13 26 42 35 59 80 56 46 14 18 30 14 13 23 12 40 54 33 31 0 11 16 4 5 15 37 32 20 4 69 104 61 29 35 31 0 25 5 21 25 43 47 49 25 95 93 82 62 50 35 28 31 35 30 22 18 21 20 15 17 25 28 26 2 8 12 12
40 33 36 43 34 16 15 31 21 0 27 43 48 18 19 33 39 17 25 25 31 37 16 24 42 43 38 15 23 49 56 71 60 41 40 30 9 55 49 52 40 29 14 11 14 7 7 22 30 34 29 15 5 8 15 18 7 20 29 24 15 25 61 96 60 33 30 31 8 24 0 13 24 32 31 16 34 53 44 57 35 35 26 22 42 62 46 12 2 0 0 35 47 23 32 33 11 14 22 29
49 60 57 53 61 55 29 8 13 8 17 17 25 6 30 51 69 57 36 22 14 53 28 24 41 45 46 23 32 67 71 69 73 46 28 21 17 39 36 37 35 26 12 11 17 10 6 17 17 23 22 15 11 15 20 21 11 28 42 39 32 36 52 67 80 71 55 28 13 40 31 13 19 16 12 0 16 39 30 28 15 15 19 30 45 56 60 60 34 15 16 39 59 14 26 24 28 28 31 35
68 77 57 42 57 56 28 10 6 26 15 8 21 0 29 43 50 66 46 30 7 59 38 30 33 39 52 38 47 84 78 55 51 34 17 24 41 23 28 33 36 27 15 17 26 20 12 18 2 7 10 10 12 15 16 13 12 30 58 74 61 40 42 58 124 114 81 36 21 28 42 11 15 10 16 1 1 25 23 15 18 13 22 39 37 29 47 79 78 39 28 23 45 0 18 20 21 18 17 18
74 66 36 21 25 7 0 5 17 48 28 33 54 7 21 19 2 37 51 49 24 38 31 34 22 19 40 43 52 75 59 32 26 28 25 51 78 24 28 34 35 28 15 17 29 26 17 19 3 3 4 7 11 13 10 6 9 24 65 100 81 40 41 75 79 70 58 51 42 9 42 34 11 15 39 23 0 14 23 21 26 17 23 37 28 13 32 70 104 64 32 10 20 9 31 40 27 26 28 32
55 44 25 24 31 20 16 34 42 57 32 52 82 25 24 15 21 32 64 72 68 31 43 57 30 11 22 32 43 49 31 26 44 39 36 71 105 45 31 23 30 24 11 11 23 23 14 16 12 9 8 11 16 16 13 11 7 23 56 81 74 52 52 69 14 21 41 58 47 0 33 42 13 16 44 35 8 13 18 19 29 19 20 31 31 26 40 63 82 66 32 21 15 46 49 58 18 21 30 41
93 69 42 26 20 21 18 11 51 43 22 38 67 27 30 27 30 8 21 31 55 10 40 54 54 31 22 24 39 34 20 44 68 37 21 56 96 70 39 14 27 25 14 12 23 23 15 16 12 8 6 11 15 14 13 13 6 26 36 35 45 61 55 35 18 35 52 46 27 17 55 69 32 19 34 36 28 24 11 12 53 38 29 33 36 33 37 46 28 34 21 31 17 59 38 44 36 39 50 64
37 7 9 22 18 29 51 51 40 28 28 25 40 21 28 28 49 33 24 30 54 37 71 76 60 53 33 20 39 31 12 51 71 27 12 38 64 79 45 20 25 28 21 19 27 25 16 17 8 4 5 11 12 8 6 8 7 18 18 11 21 40 37 18 21 34 45 31 17 56 83 99 49 30 32 38 42 25 2 18 66 44 31 35 34 25 28 42 17 13 16 27 17 38 16 31 29 27 30 39
36 3 38 82 54 28 48 65 30 27 52 34 31 22 26 20 29 44 28 27 29 34 63 58 43 57 37 15 36 26 0 37 70 31 27 41 40 75 43 28 18 25 22 20 26 22 12 11 11 8 11 16 14 6 3 5 7 4 9 16 13 5 13 28 15 19 37 36 21 60 49 57 51 37 37 41 41 13 0 27 45 20 13 28 32 23 37 65 52 23 28 25 21 19 11 40 36 28 21 21
44 17 81 150 176 5 39 46 40 40 57 55 31 35 45 28 36 31 24 16 25 54 60 37 25 43 34 19 46 47 19 40 56 37 37 42 44 102 85 37 40 27 17 15 14 10 12 18 11 13 13 11 14 20 21 18 13 12 12 13 18 23 28 31 26 33 38 33 27 24 23 21 29 64 39 54 77 29 7 23 43 18 14 24 18 19 44 70 61 39 22 25 36 40 41 42 42 31 17 8
13 0 72 149 175 71 54 48 54 48 24 6 25 57 73 74 48 31 25 36 52 68 62 38 17 42 48 43 69 60 18 27 37 19 26 44 51 103 89 55 56 48 38 29 21 14 12 12 13 16 16 14 16 21 22 19 14 14 15 17 18 19 18 17 18 44 56 41 25 27 29 25 50 68 54 69 92 59 27 29 60 47 51 53 29 14 31 55 58 36 22 28 38 39 41 47 36 29 21 18
27 1 36 86 100 84 46 43 57 51 13 0 33 55 64 91 43 17 14 36 53 57 48 31 22 42 47 40 61 57 25 36 40 20 30 54 51 77 53 33 42 41 34 22 14 12 11 10 18 20 19 14 14 16 16 14 7 8 10 13 15 14 10 7 13 56 80 62 41 40 39 29 31 41 56 63 70 52 19 19 44 49 70 74 41 13 20 37 46 23 10 16 21 15 16 25 30 28 28 31
32 13 24 54 58 59 22 7 30 36 35 41 42 22 22 53 23 9 12 26 29 30 34 31 17 29 31 21 42 54 44 67 51 30 39 65 53 56 25 18 35 35 26 11 3 7 11 11 19 21 19 13 9 9 9 6 3 3 4 10 17 21 22 22 19 57 85 82 67 58 46 31 10 23 68 62 36 22 0 10 22 33 60 72 47 21 18 23 47 27 17 24 26 19 20 30 34 34 37 41
69 43 24 29 34 29 49 44 0 19 55 60 30 17 24 22 12 21 39 39 22 23 39 47 46 47 41 20 24 31 22 39 47 30 35 59 52 60 39 49 63 55 38 18 6 5 8 9 14 18 18 12 8 9 10 9 13 9 7 13 24 35 42 45 52 62 78 90 91 82 66 55 27 35 83 77 44 31 18 32 37 34 45 52 41 31 30 26 44 29 23 30 36 33 34 41 36 36 36 37
38 35 51 67 73 35 42 23 4 30 59 41 19 54 74 37 13 32 58 58 34 29 46 57 69 52 34 8 10 20 10 17 46 34 30 39 35 52 39 55 67 52 34 20 10 3 1 4 7 13 16 12 11 15 19 20 19 13 9 13 23 35 41 43 36 23 21 35 49 50 45 42 34 28 53 70 66 60 55 62 55 36 26 24 24 36 48 47 43 34 25 25 30 33 29 25 26 24 21 19
42 27 50 47 45 31 21 16 34 57 58 30 32 70 80 51 23 21 37 49 36 27 38 50 39 17 8 7 34 59 44 36 36 38 32 28 22 40 17 23 35 18 10 16 16 5 0 2 3 10 14 12 10 15 20 22 15 10 7 11 20 25 24 21 40 29 21 26 42 58 64 63 31 17 12 47 68 59 62 66 54 35 20 11 11 32 53 57 53 50 40 32 39 48 40 24 19 17 14 11
34 13 50 39 30 44 0 2 54 73 57 38 51 50 35 38 36 5 4 27 29 19 27 41 36 17 23 42 77 90 46 9 10 29 33 31 28 46 12 5 15 0 0 20 28 12 0 3 3 10 14 10 7 10 15 17 11 9 9 15 21 21 13 5 21 26 23 19 32 56 67 62 48 33 6 42 62 39 47 53 52 41 31 18 10 24 44 48 42 44 37 29 42 60 54 33 25 25 23 20
17 24 49 52 28 50 23 27 71 78 73 53 39 57 4 0 22 26 8 25 30 15 41 62 58 49 50 57 50 67 31 6 13 15 35 74 89 57 29 33 49 24 13 14 7 5 11 13 1 10 12 6 6 13 14 8 3 9 11 15 28 0 16 1 21 39 40 45 41 54 65 42 47 61 67 55 38 30 33 37 43 41 41 40 32 18 11 12 29 28 27 16 11 70 60 26 22 28 24 34
24 50 58 57 30 23 40 65 57 75 81 60 25 11 0 21 22 34 13 18 40 55 69 55 56 64 68 53 23 45 32 27 23 14 28 79 116 96 58 46 48 27 20 21 12 7 10 10 14 13 10 9 13 17 15 8 11 16 18 19 27 3 24 16 15 31 37 46 38 40 69 77 91 70 53 48 42 33 36 47 47 32 37 58 57 33 21 30 41 41 48 40 13 38 29 21 15 20 20 26
57 85 79 89 84 38 57 74 50 65 75 63 32 2 44 88 64 30 0 17 50 52 46 29 4 45 80 71 31 53 54 62 34 10 9 59 111 102 58 32 25 12 15 21 14 10 14 15 19 8 1 6 15 16 12 8 14 20 22 20 23 10 33 38 16 18 24 40 35 24 75 121 115 55 16 31 54 52 44 48 38 23 22 38 42 28 17 19 39 49 59 44 7 22 11 11 12 13 18 14
56 55 46 65 108 64 54 57 68 67 64 60 49 14 60 75 65 25 5 22 23 5 5 13 11 49 88 85 40 44 35 43 40 13 0 31 72 64 24 1 10 3 10 18 13 13 19 20 18 4 0 7 14 13 11 13 26 30 32 26 18 12 31 47 21 13 24 54 62 24 58 103 83 36 9 28 49 45 38 43 44 42 29 15 17 28 25 12 26 51 54 26 0 35 24 14 24 20 31 13
42 15 12 14 70 64 51 76 108 96 81 68 59 30 55 31 26 43 68 53 13 6 27 43 44 47 56 52 18 25 12 20 35 24 15 29 48 35 7 0 18 12 17 21 13 14 19 18 20 12 10 15 15 10 12 20 34 38 41 33 14 12 20 42 24 17 38 80 105 39 32 48 39 34 34 35 29 21 26 39 41 40 28 15 18 31 30 18 35 58 57 30 7 39 36 47 40 32 50 19
51 34 38 14 31 41 37 77 94 80 68 47 31 43 83 76 13 9 46 52 22 11 18 31 37 23 18 20 9 34 19 16 22 27 29 37 44 32 15 15 17 10 14 17 12 15 21 16 16 17 19 17 10 4 9 17 13 21 33 33 12 17 15 39 29 25 38 63 103 45 38 42 29 29 27 26 31 37 36 30 27 14 18 45 60 51 39 37 54 62 62 54 24 24 30 85 44 32 58 16
61 59 44 28 20 38 39 46 33 25 37 27 1 45 96 124 83 23 39 69 64 51 34 38 44 41 37 30 23 61 38 13 22 26 23 25 33 29 21 24 13 7 11 15 13 18 20 11 6 15 19 14 7 7 11 15 5 16 36 43 21 29 13 37 28 36 37 27 65 27 45 57 31 19 10 21 44 55 40 20 24 11 30 83 114 99 69 57 45 45 46 53 31 21 22 89 45 30 63 12
72 68 19 29 36 77 90 58 19 20 60 67 25 61 83 116 89 40 47 46 36 50 41 28 54 67 64 43 38 94 78 46 38 29 10 4 17 23 19 22 25 18 20 22 18 19 16 1 1 14 20 14 12 18 23 21 29 39 59 64 35 38 9 28 19 48 52 18 42 3 27 40 22 21 26 36 40 34 23 16 11 10 32 83 124 121 81 44 15 21 19 27 26 33 25 70 54 37 71 14
97 73 21 4 35 44 83 65 20 35 80 76 6 21 42 82 70 29 0 16 41 31 17 25 44 71 50 44 72 85 73 44 30 22 13 10 13 15 17 17 14 18 21 21 22 24 21 16 16 24 19 19 22 27 38 33 38 44 52 87 72 11 0 52 37 71 75 20 36 2 16 16 19 44 30 34 3 32 19 20 12 10 9 43 103 82 67 22 9 10 9 14 20 19 28 51 45 43 43 22
88 80 39 25 43 28 53 42 27 45 90 85 14 10 10 31 42 16 1 23 46 35 22 33 62 55 15 19 61 70 54 29 25 23 27 34 33 23 15 12 12 13 13 16 23 28 24 16 9 23 27 25 20 19 26 25 22 6 34 48 102 34 42 63 54 41 57 58 72 0 0 11 0 14 21 27 13 20 18 24 21 13 11 16 56 29 48 35 33 37 37 33 38 51 52 42 29 33 22 28
92 85 43 32 54 29 51 53 16 33 73 78 32 30 28 36 33 20 15 33 50 40 32 46 78 52 3 19 67 73 59 45 18 16 22 32 28 14 10 17 12 9 6 7 14 19 13 2 7 11 13 8 7 13 20 24 31 37 23 74 97 102 69 76 24 27 54 51 81 56 38 3 0 8 28 37 42 31 29 28 39 28 25 14 30 7 31 29 41 42 39 24 28 64 70 33 49 48 0 31
59 63 42 54 81 32 24 13 2 6 23 28 15 28 41 45 35 27 18 26 38 32 28 41 72 60 23 38 80 82 71 61 14 15 27 41 34 17 14 26 13 13 10 9 13 18 14 7 19 12 14 12 18 26 18 18 51 75 74 76 107 125 102 94 54 38 59 49 58 49 55 51 20 21 22 36 50 58 43 25 42 35 18 13 18 39 47 33 42 31 27 13 10 54 72 36 93 89 11 52
27 35 28 50 77 41 57 60 65 55 40 26 25 34 51 48 21 17 7 10 22 21 17 23 74 80 48 48 77 75 51 21 17 28 50 66 55 30 19 24 13 17 19 17 18 22 25 24 10 9 28 23 18 17 0 6 44 95 83 56 55 119 82 111 64 83 98 30 11 52 93 103 74 65 24 32 41 90 64 35 22 28 4 8 0 78 83 70 37 21 28 26 10 25 40 21 88 105 51 99
29 28 19 27 37 28 96 123 78 73 51 29 31 23 37 25 10 14 9 11 27 31 24 23 5 28 14 29 84 113 101 66 26 34 44 43 28 11 7 11 13 19 20 13 9 10 14 16 27 30 59 40 21 26 30 66 11 66 47 55 62 201 139 240 142 82 80 82 78 58 65 131 115 102 36 24 15 75 53 29 9 35 37 38 7 88 92 85 65 55 73 84 57 34 35 38 40 68 70 123
40 32 32 38 24 4 58 53 48 68 65 49 54 33 49 37 16 24 19 15 27 35 33 32 31 54 30 25 58 77 71 47 41 41 30 8 0 0 0 8 20 22 20 14 10 13 15 15 17 13 38 14 0 12 25 74 129 104 118 68 172 239 162 255 218 171 124 68 72 85 40 41 79 77 36 12 0 20 14 7 20 40 74 58 17 56 67 64 44 39 51 60 37 6 14 44 42 27 46 90
65 38 34 44 35 23 67 35 3 42 55 44 49 19 38 28 21 29 18 3 9 20 25 30 46 69 41 18 23 27 35 35 52 55 43 16 0 3 12 14 28 29 27 27 33 42 46 44 39 27 55 40 31 41 29 60 166 101 101 84 209 255 132 251 253 229 150 25 13 63 30 23 29 43 47 26 6 2 14 22 36 28 69 31 2 11 41 46 45 39 35 36 24 9 37 91 94 16 16 44
73 33 19 33 27 72 67 47 8 41 57 29 18 22 61 47 34 36 14 18 22 20 40 32 62 98 64 33 22 29 0 14 29 32 39 40 29 17 24 42 46 43 31 37 33 32 43 26 15 13 18 21 10 71 0 79 61 76 33 124 241 244 162 242 255 242 141 40 53 25 60 42 56 0 43 16 44 62 54 19 19 26 17 4 5 13 28 48 48 28 20 25 20 26 82 151 152 78 23 16
65 29 13 37 37 29 49 25 10 63 111 95 57 28 77 96 73 61 47 38 50 23 41 28 64 93 68 50 50 48 30 25 22 27 19 9 9 13 24 41 49 50 31 19 9 35 42 23 21 10 34 25 4 53 0 66 31 77 129 217 238 247 231 255 236 199 66 20 49 32 68 43 65 5 36 29 34 22 25 32 19 21 13 8 14 19 27 42 48 19 11 36 44 34 70 141 144 80 34 27
81 54 34 56 60 15 57 33 51 89 120 102 74 49 81 79 53 47 56 40 53 15 42 40 61 92 71 58 65 30 13 0 29 47 31 5 10 18 18 24 30 32 22 15 6 55 61 59 35 59 52 68 40 40 43 71 102 51 239 255 249 255 242 239 153 130 6 29 52 38 55 29 47 44 44 29 17 16 30 40 62 48 24 12 15 9 4 13 25 12 7 33 50 27 26 67 87 53 43 61
74 66 47 51 52 36 71 52 39 86 103 54 18 14 56 45 17 40 65 46 29 4 26 37 56 101 80 73 108 44 13 0 41 77 68 34 29 28 13 7 24 34 41 38 10 40 30 35 48 36 57 36 27 72 20 106 141 77 238 240 221 255 255 233 85 105 54 106 89 63 25 2 33 65 36 30 21 28 35 35 56 41 26 34 47 36 21 24 25 32 20 19 38 32 16 25 33 13 20 48
70 85 75 56 43 79 79 62 41 65 68 32 21 25 56 31 26 59 63 43 4 24 42 69 92 130 97 96 161 91 28 23 63 96 89 50 33 29 18 10 16 53 69 50 19 56 73 75 60 96 85 84 72 73 24 123 104 142 168 255 230 221 242 179 27 70 85 91 32 35 13 48 41 51 4 37 42 30 20 28 31 25 32 64 84 63 37 37 36 32 12 3 22 33 35 43 66 30 10 14
88 116 110 78 50 89 64 48 35 23 24 31 46 28 32 3 6 57 88 100 54 62 23 23 89 91 62 71 136 95 26 31 100 99 80 45 21 24 27 19 13 102 142 108 68 68 75 25 23 41 113 72 58 91 52 246 213 255 231 233 238 246 232 72 66 50 58 43 40 77 34 33 38 45 0 26 45 53 40 30 43 30 30 55 67 42 27 41 43 14 6 27 41 41 48 61 93 53 25 19
73 100 90 68 45 38 36 31 32 51 84 88 64 20 47 57 58 78 95 84 32 29 12 42 44 10 20 40 51 58 31 58 102 62 42 33 22 34 41 20 50 107 100 46 24 28 115 97 68 32 49 26 50 54 112 245 194 123 185 252 246 214 137 55 49 92 171 135 88 55 45 61 52 60 27 16 32 65 63 43 38 20 15 35 42 23 29 66 62 19 25 63 74 76 84 80 54 30 25 35
44 65 52 52 48 0 41 52 17 48 79 67 42 15 52 59 8 38 101 105 63 31 28 78 69 12 53 58 0 12 23 67 64 6 0 23 33 53 56 19 82 106 84 50 39 5 119 125 131 10 55 103 234 240 253 255 255 255 242 233 13 97 59 0 22 57 127 93 70 32 76 99 94 69 41 28 28 37 45 56 34 22 25 48 48 19 22 61 65 19 20 46 59 93 118 97 36 23 30 46
42 41 26 32 52 38 60 43 23 20 49 47 16 40 73 50 16 23 73 81 61 67 20 91 144 100 68 64 3 23 3 28 28 23 56 43 12 36 48 23 61 98 74 32 43 53 77 80 111 90 100 105 244 253 238 182 230 255 248 252 132 128 118 26 64 50 121 78 59 55 93 92 53 29 34 36 9 11 41 49 31 21 41 72 74 58 49 47 47 16 20 39 48 17 44 58 35 45 23 41
54 33 16 23 46 68 48 29 62 33 28 55 67 60 69 92 104 77 54 33 36 36 38 57 90 63 73 65 0 25 34 34 29 40 93 86 28 12 15 13 28 61 75 67 96 123 147 110 180 138 142 133 168 121 91 132 155 206 200 255 163 200 163 86 89 64 76 52 52 118 107 54 8 4 21 28 8 6 29 43 29 22 37 81 114 104 69 45 36 19 37 41 25 22 8 19 63 62 27 37
35 19 23 27 34 71 41 47 94 92 48 27 58 58 28 27 77 65 32 28 63 55 97 52 0 26 78 80 40 29 39 65 58 31 45 39 7 1 14 34 24 111 108 128 121 253 244 163 137 123 152 132 210 214 153 196 173 255 238 255 0 87 94 55 49 19 24 23 54 134 101 30 3 10 28 41 38 31 34 43 39 32 24 54 104 105 66 43 35 16 38 40 26 67 35 53 89 77 27 27
16 12 36 47 49 49 42 62 72 58 26 33 64 40 7 23 0 29 38 60 86 73 113 46 0 79 95 57 83 48 17 45 40 8 11 21 26 28 18 25 84 143 164 140 193 229 196 71 82 43 154 178 247 255 214 254 206 246 255 213 126 39 37 38 56 15 49 37 55 61 48 20 25 28 30 42 53 42 24 20 64 56 18 9 48 61 47 50 37 2 15 33 40 71 59 82 97 84 30 24
32 29 57 77 91 25 37 37 23 25 35 50 56 47 38 37 11 33 44 51 43 35 53 13 33 105 74 6 73 76 42 23 26 32 47 41 37 28 7 16 91 176 160 110 186 244 212 117 97 178 255 235 254 218 126 223 255 255 193 81 11 25 53 15 61 24 58 50 36 11 3 21 51 51 45 46 49 36 17 12 67 61 20 0 25 40 37 50 70 27 29 52 56 24 46 76 86 83 37 31
48 55 93 101 103 0 25 25 23 45 66 46 18 31 33 0 31 18 11 12 13 9 19 13 32 40 32 18 45 40 53 37 37 56 57 25 18 13 0 21 29 138 63 60 60 187 197 247 255 230 251 247 163 245 252 241 210 244 219 93 79 0 18 62 30 15 30 62 37 47 3 20 63 63 63 57 44 35 31 29 31 31 14 13 39 45 31 28 15 24 89 145 132 31 13 8 61 70 36 34
47 54 93 79 70 7 36 58 58 32 33 46 28 9 17 32 30 0 0 9 52 16 35 39 37 21 23 43 31 0 22 25 21 48 53 36 49 44 19 40 86 99 51 55 60 78 142 253 250 176 169 252 248 244 252 245 253 226 152 89 0 35 54 78 57 36 38 74 58 74 15 24 53 40 43 45 35 38 42 28 10 12 19 34 46 42 30 21 17 20 65 92 78 42 25 29 42 56 29 32
48 30 51 28 40 49 64 93 65 51 30 25 37 47 59 75 59 25 14 35 99 14 42 42 38 56 20 8 28 34 36 16 25 57 69 62 82 79 64 105 113 125 44 12 35 150 210 229 247 255 241 225 255 140 178 243 194 79 16 49 40 46 40 60 85 35 37 45 52 45 25 55 56 24 24 38 43 60 59 24 25 26 41 51 41 33 38 41 20 16 51 60 53 83 32 22 38 54 28 34
45 34 17 12 35 61 58 37 42 60 58 26 2 9 29 40 41 20 7 28 52 47 38 48 39 31 39 40 30 39 47 31 57 67 82 71 88 31 57 101 167 118 86 69 30 189 248 255 255 240 254 244 255 233 248 254 180 52 0 17 36 61 19 36 71 46 21 28 54 37 10 38 46 9 29 55 57 68 60 46 56 59 56 36 20 9 65 59 42 75 41 21 76 83 41 35 31 20 20 34
72 51 32 26 21 12 12 19 46 62 56 23 4 10 13 6 40 73 100 101 80 46 22 17 18 23 41 47 44 59 64 44 30 70 92 61 153 112 99 192 186 133 67 57 16 123 211 148 124 223 248 247 209 254 251 176 86 123 87 33 64 97 23 32 73 64 36 45 35 31 8 36 27 20 35 51 34 79 67 43 54 58 51 26 7 8 51 66 57 86 56 29 60 66 38 37 27 27 32 41
69 46 26 22 24 30 49 71 82 62 39 30 42 58 59 52 90 143 172 140 87 49 26 11 2 23 69 105 103 85 63 41 58 69 62 147 223 255 238 236 206 119 135 113 27 125 128 76 95 246 253 255 140 40 143 107 45 90 50 9 80 124 44 37 61 56 27 46 21 35 25 46 25 13 13 32 8 63 49 30 14 25 25 10 0 9 19 49 62 59 36 29 42 28 7 12 34 48 61 64
50 41 28 27 50 78 87 81 95 59 35 39 47 44 49 63 59 89 102 75 47 48 45 26 36 34 57 87 82 60 63 82 48 82 73 118 252 224 255 236 236 140 255 253 115 43 138 229 201 225 67 246 246 94 183 136 81 35 10 10 45 78 43 12 31 15 0 37 40 55 69 80 68 12 4 29 12 27 19 21 12 18 17 15 18 46 25 58 80 45 33 58 64 29 6 15 34 57 72 65
46 47 50 59 71 68 42 13 42 44 46 43 33 26 35 49 35 40 49 45 41 56 57 32 7 12 18 20 19 21 43 72 90 66 42 99 179 247 255 252 230 167 255 212 32 65 107 255 253 255 8 255 255 208 122 63 36 28 72 60 3 8 40 31 27 13 25 61 85 68 104 112 91 24 39 50 39 10 20 36 41 30 17 22 40 72 39 59 70 49 51 71 68 43 29 33 58 80 90 75
38 33 45 66 65 40 26 30 30 45 40 25 38 71 77 57 31 32 44 40 21 29 36 16 3 48 65 53 57 69 62 48 37 45 24 68 72 47 212 167 246 175 71 198 144 109 157 236 220 255 249 231 255 142 96 62 43 5 14 33 49 48 45 12 11 21 40 45 56 3 47 60 49 12 57 51 46 19 50 60 45 31 24 38 57 64 30 19 28 49 60 49 39 39 39 34 28 46 53 43
31 19 20 32 34 32 56 91 80 67 37 16 38 73 67 35 41 54 78 65 33 47 74 65 31 59 52 31 44 59 46 29 31 28 44 48 72 177 120 250 206 156 81 112 255 198 253 255 235 250 255 237 212 158 73 60 50 22 36 52 49 10 23 30 37 72 62 41 39 2 50 70 29 0 33 31 32 34 62 64 48 37 38 54 65 48 40 12 22 51 59 48 49 51 43 37 28 39 47 46
40 31 15 1 3 24 55 77 91 72 55 48 47 42 37 34 38 65 97 76 33 47 74 60 60 49 20 15 38 41 30 35 66 56 40 51 40 132 88 203 255 253 73 91 228 255 255 249 252 228 224 222 197 149 104 59 66 43 72 77 54 27 52 25 31 78 36 11 17 27 83 107 69 10 8 20 23 42 52 51 54 37 29 32 36 19 55 35 38 42 41 59 80 62 33 31 46 51 56 57
46 47 20 13 31 16 16 64 70 70 77 55 61 44 37 13 22 44 73 55 13 22 46 32 42 47 17 7 44 19 26 51 63 88 55 18 6 179 100 166 226 255 7 109 245 224 255 218 243 190 222 166 97 138 75 48 60 61 75 84 50 31 40 14 14 48 38 13 26 42 61 95 65 39 33 30 49 16 12 20 26 50 33 33 31 33 79 107 93 55 23 44 56 18 16 41 56 64 56 30
47 45 27 30 52 44 34 54 51 64 60 50 51 70 63 44 31 51 61 45 9 36 35 0 28 52 34 16 47 21 13 14 58 43 49 1 58 173 33 248 222 213 119 73 198 255 255 212 243 193 215 134 80 84 40 9 39 37 46 56 30 18 30 7 9 57 50 9 9 26 32 42 38 32 30 27 32 11 5 14 53 63 81 80 90 41 90 156 153 62 20 31 10 12 22 23 30 29 24 15
20 21 20 22 28 25 13 5 15 45 43 49 45 85 74 57 34 50 48 32 10 51 53 18 30 64 50 21 44 27 24 14 20 13 44 65 79 87 71 232 242 255 241 145 97 235 207 192 156 146 153 102 54 52 15 0 32 32 35 39 13 2 18 4 21 70 66 22 10 19 19 20 17 25 18 25 36 47 38 40 73 67 67 60 70 34 60 154 153 48 44 65 1 37 45 23 24 20 26 39
9 19 34 26 7 12 15 0 0 23 27 30 26 53 54 51 42 42 48 33 27 46 79 82 58 78 55 17 28 18 38 45 40 48 32 75 100 110 138 0 97 230 216 255 93 104 85 33 0 34 33 57 12 48 14 28 42 43 40 41 21 11 27 18 35 71 71 38 24 28 33 40 24 31 13 31 56 95 78 65 66 64 16 14 21 54 22 93 85 23 69 100 14 53 47 35 36 41 55 72
23 32 44 30 9 28 45 26 11 15 26 15 15 10 32 46 53 33 55 47 58 30 68 91 74 75 50 21 22 1 32 55 82 41 30 41 55 19 70 72 49 60 157 138 84 96 55 94 15 59 39 56 7 31 1 22 52 43 26 35 41 41 45 26 22 61 69 39 26 41 48 41 37 45 28 45 65 95 68 50 58 61 14 18 43 80 14 40 32 14 60 83 14 40 16 28 44 53 59 57
49 46 42 23 13 39 52 29 19 24 53 48 48 15 27 37 45 27 52 57 75 30 39 50 51 44 36 36 44 13 36 55 9 13 37 23 39 30 45 52 32 33 72 52 57 10 20 27 38 45 38 26 25 35 37 50 58 37 5 17 43 48 39 10 2 49 65 34 23 47 49 21 34 47 46 56 61 60 38 31 64 52 33 23 63 42 8 21 21 17 35 55 34 42 5 19 56 55 42 23
65 65 55 31 21 39 47 30 21 41 71 80 70 43 31 28 34 49 53 53 49 42 27 23 22 12 17 40 66 41 53 54 31 15 24 49 24 14 47 21 0 11 34 37 27 21 26 39 25 0 7 0 17 27 13 5 42 33 4 7 22 21 20 8 7 27 43 36 28 36 39 25 39 37 40 43 52 31 24 31 54 40 26 14 43 4 20 39 35 21 11 33 51 51 30 34 68 50 30 21
44 59 57 32 17 27 36 34 31 53 59 69 47 51 33 30 40 88 66 46 8 46 27 22 15 0 2 29 66 51 59 45 25 33 55 52 16 53 67 42 16 17 35 46 37 35 51 44 30 3 16 42 59 90 36 13 10 27 15 8 1 0 15 31 23 1 12 41 36 17 26 48 57 30 21 19 41 15 18 30 24 34 12 25 32 26 56 74 58 23 0 6 33 38 52 57 68 40 25 38
28 26 29 23 12 18 27 23 20 27 35 41 44 6 32 60 47 46 46 48 51 49 40 31 36 30 17 19 35 38 31 30 17 38 46 49 23 57 66 53 29 40 35 48 38 51 36 32 31 18 40 70 76 139 70 27 23 21 13 28 27 11 20 23 28 13 7 22 33 26 40 77 95 85 43 2 3 26 43 52 35 19 29 37 17 18 52 78 58 18 0 10 25 44 66 78 74 34 20 37
21 17 20 22 17 18 21 17 12 23 34 44 58 25 34 39 42 11 7 44 75 68 44 31 37 39 27 17 24 29 23 22 15 32 38 29 5 18 36 47 27 25 19 26 24 27 15 10 18 25 40 35 14 68 57 53 27 29 19 26 26 18 28 26 26 38 44 48 49 40 41 58 85 81 59 39 42 53 65 79 55 36 31 35 24 13 17 25 31 17 17 25 26 40 69 89 60 29 22 42
19 14 17 26 28 22 20 22 33 46 58 72 94 62 56 42 28 33 39 45 48 41 20 0 10 28 34 37 51 55 45 39 23 27 32 24 22 8 21 44 39 22 18 18 28 20 18 15 11 32 44 26 0 12 30 37 62 61 42 37 28 15 18 7 42 66 69 55 49 43 31 26 45 48 52 67 80 74 75 92 71 47 24 30 48 48 40 43 44 39 38 28 16 30 61 79 37 19 26 49
23 19 19 28 30 18 16 29 43 40 37 45 70 50 68 75 63 44 21 16 32 44 33 13 16 21 23 36 55 54 39 34 29 20 27 36 66 32 28 45 45 24 26 22 40 25 38 44 56 43 21 12 10 13 37 41 42 39 27 39 41 30 34 29 71 82 68 42 34 33 23 16 25 20 32 68 90 73 59 72 73 47 8 9 49 68 68 78 73 59 41 18 5 24 51 57 16 11 30 56
31 31 25 25 25 9 5 27 43 26 7 5 26 20 74 117 111 50 11 22 29 19 35 71 81 51 21 23 38 29 16 20 22 12 24 44 78 41 32 48 37 21 27 22 35 22 45 60 65 35 11 38 70 61 50 37 14 6 2 33 47 35 43 46 72 77 61 36 23 20 29 46 51 29 23 52 75 58 44 56 66 46 8 0 28 41 37 44 53 49 40 21 8 24 43 43 11 13 35 56
36 44 35 30 33 16 6 25 46 42 33 27 37 21 65 101 78 57 47 48 29 4 16 51 72 43 15 19 36 30 22 29 19 15 27 42 50 26 30 54 35 29 31 26 28 25 45 63 49 35 31 69 99 87 35 15 31 18 6 31 44 34 42 44 39 51 50 36 21 14 33 68 65 41 20 28 45 42 45 65 54 50 36 29 35 34 23 18 19 37 55 45 18 15 28 32 24 27 42 53
25 42 36 36 54 43 22 29 43 61 61 47 51 27 41 40 13 23 29 34 44 48 27 0 14 19 16 18 31 35 32 36 29 23 24 35 21 21 31 47 35 37 30 30 22 33 43 57 71 62 39 32 35 66 22 29 36 31 12 20 39 55 75 70 24 33 32 27 28 26 30 46 42 39 25 15 16 20 38 66 53 58 66 63 53 53 51 41 28 48 69 57 20 6 22 35 45 44 50 50
3 27 26 35 67 63 34 30 54 78 68 37 44 37 47 26 0 5 24 35 34 26 18 14 33 59 57 34 29 38 43 45 38 23 13 28 8 28 31 30 27 33 19 23 10 32 34 44 65 69 41 4 0 57 14 30 45 47 18 8 27 64 92 78 38 34 19 17 38 46 28 11 22 42 41 19 1 0 17 46 66 66 75 67 46 52 65 56 60 62 67 50 16 8 32 52 58 55 56 50
7 31 45 48 89 51 29 43 63 70 63 42 31 37 39 32 20 34 37 43 15 28 23 20 50 81 84 48 22 28 32 22 16 16 10 13 24 21 16 22 21 23 31 41 45 38 26 18 37 33 33 23 8 38 20 35 47 37 10 4 16 64 91 56 25 29 33 36 72 33 11 16 23 37 52 28 32 0 11 22 39 42 61 62 29 54 48 49 46 48 58 39 18 21 26 48 32 34 36 47
40 63 68 54 77 42 25 41 50 44 36 30 30 30 26 21 23 38 44 34 8 14 12 0 2 17 40 53 42 20 12 18 2 11 19 34 47 36 16 10 8 20 36 42 36 26 22 23 34 22 16 19 25 39 22 17 28 35 28 25 23 46 64 32 14 37 52 47 72 38 12 6 19 20 17 10 38 18 29 17 17 28 44 40 18 36 41 33 32 49 67 51 24 37 32 36 44 41 35 41
31 60 62 40 52 28 18 32 47 31 20 24 27 20 12 9 12 13 27 22 13 5 13 8 6 4 19 40 36 14 11 27 16 24 31 46 59 44 17 6 4 16 26 26 21 19 25 33 51 31 14 19 36 27 31 21 5 13 16 24 35 48 65 39 11 37 43 25 47 48 52 57 46 38 7 1 35 44 47 25 6 20 33 29 24 26 47 35 28 43 61 64 36 60 55 64 74 60 35 23
10 42 44 27 34 25 14 19 44 36 28 24 22 19 19 21 21 0 17 24 33 14 31 36 33 36 30 15 6 9 17 20 43 38 29 34 48 42 27 24 46 43 33 19 13 17 27 33 57 44 30 35 44 8 27 20 21 24 22 19 25 19 43 36 8 32 39 33 49 57 58 59 83 75 25 5 16 34 47 40 21 23 30 30 36 14 40 39 49 53 61 69 36 44 23 34 56 51 32 19
31 53 44 29 30 33 20 17 30 43 43 24 12 20 35 41 55 39 46 34 43 36 49 36 0 9 11 0 2 24 38 36 43 34 20 21 37 38 32 34 75 74 61 38 21 23 34 43 46 39 34 45 53 6 17 6 17 23 32 29 36 7 34 44 29 30 20 21 30 39 34 32 80 73 27 6 9 20 39 46 39 21 26 31 40 3 20 42 42 62 63 46 30 40 5 0 13 30 34 31
50 56 35 24 21 35 25 23 23 47 52 27 7 13 28 35 59 74 73 34 28 50 55 16 30 23 15 11 9 7 8 12 32 28 18 21 33 28 16 16 32 50 59 47 34 40 60 75 50 32 21 34 47 27 27 21 8 0 12 41 91 56 58 49 62 48 29 42 60 93 96 93 48 34 10 14 34 25 41 48 41 15 24 33 44 24 25 72 66 103 80 13 34 70 46 26 37 54 49 30
39 38 16 17 10 29 23 24 18 36 46 35 18 12 16 20 34 65 67 37 14 43 43 13 16 0 0 14 32 33 33 38 24 23 15 18 27 22 11 13 3 21 33 32 35 49 64 70 41 26 25 38 42 50 38 47 37 11 14 48 114 64 44 22 11 17 18 48 70 111 95 65 28 8 8 30 65 26 39 49 36 12 27 26 34 49 29 88 128 151 102 4 53 71 48 41 69 77 56 22
28 29 13 22 11 26 17 19 5 14 29 41 37 25 20 24 20 43 51 52 16 26 25 24 17 4 2 21 41 38 14 0 17 13 4 6 20 25 28 40 39 35 24 18 28 42 38 23 4 14 46 66 53 63 31 47 37 23 32 47 88 21 19 25 37 44 30 37 43 89 68 23 27 4 19 43 76 11 27 46 34 15 29 10 9 46 7 67 121 128 85 7 80 56 21 33 42 58 49 27
55 46 23 32 36 15 13 18 9 5 17 31 30 31 33 29 10 31 58 50 29 8 0 28 35 33 19 15 27 26 9 0 7 30 17 12 25 42 66 69 55 41 32 24 18 23 25 13 4 12 35 49 39 29 30 28 28 15 33 48 50 40 24 35 53 59 38 15 27 25 9 2 42 46 24 19 51 3 55 43 32 8 21 25 0 28 6 18 44 77 30 0 71 49 18 13 20 21 25 32
66 69 40 29 30 27 40 43 25 25 30 28 24 33 36 24 22 26 46 45 30 8 0 26 44 33 12 11 36 47 35 23 34 55 47 44 39 29 43 52 38 25 33 44 26 9 21 42 27 21 27 34 35 43 49 43 35 23 23 14 33 64 44 14 21 21 25 43 55 29 9 17 43 53 40 26 37 9 50 51 20 19 36 32 19 56 64 61 37 40 24 19 37 32 32 11 14 22 34 41
50 60 27 7 19 37 52 41 30 36 39 26 16 27 32 16 12 14 32 30 26 23 9 16 25 27 21 26 48 55 44 37 47 48 26 23 19 5 18 32 27 40 68 72 34 9 30 62 48 41 37 31 34 60 82 83 62 31 28 25 27 37 29 25 40 50 54 53 34 18 9 16 29 55 75 71 62 50 47 39 32 38 36 17 30 70 114 85 78 71 44 42 12 14 23 13 35 35 34 33
58 63 30 20 42 59 57 30 16 24 33 25 10 14 23 19 12 20 36 24 25 43 27 6 11 32 40 35 33 30 32 43 59 47 9 5 17 16 22 21 17 71 110 80 26 15 34 42 41 45 45 31 25 55 91 101 57 18 19 28 19 7 12 47 106 127 110 58 4 22 27 9 22 57 99 101 74 82 47 34 69 59 30 1 31 54 116 64 72 73 6 9 15 44 29 30 56 43 24 14
62 64 38 36 48 44 35 16 8 8 21 25 9 6 25 42 34 25 37 28 23 39 29 12 32 49 46 26 12 9 22 43 54 56 24 13 24 25 22 3 11 74 112 72 18 14 26 18 27 31 32 18 11 36 64 68 39 17 13 16 32 46 60 101 134 117 90 69 28 63 75 59 18 49 85 64 10 41 29 42 76 66 43 21 43 27 81 25 63 66 5 32 54 102 70 43 41 39 32 23
28 35 20 21 20 4 7 10 12 6 19 30 18 13 35 59 30 1 16 22 9 13 19 27 45 51 43 32 32 28 20 21 41 56 31 10 9 15 26 20 23 54 83 69 29 14 25 32 46 32 21 13 14 32 41 30 36 25 18 27 55 55 73 156 200 102 47 75 34 37 36 39 45 77 110 73 0 28 49 78 42 50 58 51 54 12 47 0 13 29 36 77 34 57 45 4 19 43 60 56
21 30 15 17 19 7 12 14 10 10 27 42 36 31 37 40 8 0 29 27 3 13 23 24 28 36 37 47 63 56 27 6 39 49 24 10 12 20 46 59 33 32 48 55 29 10 25 48 70 44 25 19 19 29 32 22 29 31 18 24 53 21 14 111 125 36 4 58 20 37 43 44 16 48 87 68 7 15 33 38 28 36 52 48 49 23 42 0 6 33 61 104 52 36 31 22 21 48 67 62
40 43 19 19 31 26 16 0 1 12 36 52 51 46 30 7 8 37 80 52 15 38 41 10 13 23 29 44 66 64 37 19 25 25 5 12 25 24 39 49 25 14 21 26 7 0 16 38 71 46 28 18 9 13 25 28 32 62 31 6 56 42 0 24 42 24 34 65 5 41 38 0 9 31 68 70 36 35 39 10 49 39 37 26 38 44 58 12 55 66 39 74 83 43 1 18 30 41 46 40
61 58 51 45 44 39 21 1 5 34 65 76 70 55 37 22 22 81 119 99 70 60 45 21 13 9 8 22 49 62 43 14 15 8 11 25 40 14 32 34 9 8 23 20 19 26 21 30 43 35 21 34 49 21 47 42 46 62 47 29 38 37 12 0 24 25 50 50 15 10 23 13 5 32 51 72 61 34 33 30 39 22 40 53 54 51 34 30 73 72 43 24 33 41 32 16 23 31 13 15
35 46 52 44 31 22 15 9 36 58 78 82 72 59 44 33 33 65 87 79 60 52 52 51 35 33 29 30 41 49 37 19 12 10 21 39 55 26 37 35 31 27 37 32 33 40 32 39 52 47 31 37 50 26 52 42 49 66 47 19 20 20 7 4 29 25 31 27 9 13 28 29 31 40 37 46 38 22 33 36 28 15 35 47 47 39 15 8 31 30 24 9 29 52 35 27 15 24 11 15
26 35 38 29 17 14 17 20 48 59 67 61 48 36 27 22 32 36 44 49 42 35 44 61 51 53 47 34 28 32 33 28 20 18 28 46 61 30 40 37 37 26 29 23 27 35 24 26 43 44 26 25 38 22 50 35 28 52 40 14 15 20 19 27 35 34 26 22 28 34 42 54 56 45 22 24 20 12 28 33 13 6 27 41 51 51 33 34 23 17 33 10 30 62 26 25 33 44 31 37
46 32 14 6 12 22 27 27 40 44 43 34 19 9 4 3 25 19 22 33 33 25 30 45 50 55 49 31 20 24 33 36 36 27 28 39 50 23 38 39 32 15 13 7 14 24 10 9 23 30 13 8 24 17 48 29 3 36 37 20 26 33 33 41 31 44 37 38 58 57 51 70 61 42 14 19 22 12 20 18 12 8 21 33 55 71 68 83 45 30 59 20 32 68 13 17 41 50 34 37
