27 38 78 68 42 52 20 119 61 75 35 55 67 42 50 57 38 37 49 15 48 95 97 75 54 51 45 33 5 0 96 96 25 39 59 66 3 59 71 63 61 35 38 32 25 20 42 16 12 0 6 45 129 86 85 70 19 29 35 47 11 30 38 10 35 55 77 70 54 97 59 17 13 32 73 19 37 98 76 34 61 91 83 56 56 35 61 56 65 103 134 192 93 42 38 40 25 63 58 75
14 26 72 78 63 45 30 129 77 93 70 37 39 26 84 51 55 23 35 0 18 63 58 36 71 82 51 68 80 20 63 82 54 44 35 12 10 11 39 45 30 58 56 30 53 38 41 63 44 13 26 34 57 64 105 90 19 10 9 32 27 58 39 46 32 69 88 75 50 60 19 0 56 79 122 16 24 78 52 17 16 50 57 87 98 65 62 80 107 93 95 102 44 43 103 85 47 73 67 71
74 79 89 70 77 44 28 66 51 135 116 28 76 46 111 85 69 8 38 61 90 72 26 10 41 59 26 83 119 57 90 97 43 55 24 61 84 64 48 57 66 28 30 38 58 44 65 101 89 31 40 76 52 41 72 57 37 32 63 47 46 74 65 31 24 39 30 22 27 44 17 5 82 68 104 24 51 64 29 33 46 71 73 125 102 59 39 88 105 106 65 21 49 42 90 83 70 102 91 64
67 91 71 8 41 38 47 28 28 125 122 40 86 43 107 94 42 19 33 93 167 135 84 49 74 67 18 56 61 51 137 125 106 106 57 82 112 119 177 215 110 22 24 69 84 47 76 129 88 66 66 183 171 67 27 13 40 130 148 132 0 14 76 43 24 26 31 19 14 38 34 15 39 35 66 46 71 37 0 0 53 69 66 100 37 31 39 94 153 153 103 57 78 32 50 51 103 171 137 43
160 189 145 32 34 18 42 18 28 41 68 42 20 0 50 23 45 85 33 33 124 142 134 62 27 55 33 74 61 37 85 63 22 60 158 187 245 174 223 161 77 78 68 84 121 84 99 144 170 222 137 201 191 69 49 76 46 72 135 92 0 174 33 65 106 50 47 10 0 39 42 1 65 78 58 34 54 58 60 78 110 117 114 109 44 80 93 96 119 76 77 101 52 17 70 65 69 191 160 10
143 141 101 25 40 11 28 29 54 37 62 80 87 41 27 24 59 100 45 27 79 92 114 52 40 84 34 45 55 27 35 66 42 36 94 123 164 163 198 104 40 89 74 54 84 121 171 107 88 241 165 151 121 35 42 58 93 166 125 16 81 250 182 133 138 75 109 56 28 70 68 58 68 59 59 69 106 81 43 23 28 44 57 45 67 136 128 76 118 95 97 147 81 17 25 29 84 234 255 143
77 52 39 28 68 33 19 37 34 27 39 69 178 128 22 46 46 35 63 77 64 55 103 95 117 153 95 71 78 68 34 47 68 51 37 78 56 131 113 46 55 75 42 30 31 90 180 42 32 139 107 77 49 53 123 144 125 167 147 7 148 247 201 43 31 42 164 111 56 41 19 95 80 14 64 57 128 104 75 72 80 97 89 41 144 181 130 69 70 91 62 97 97 37 7 25 39 128 211 158
20 14 40 59 98 59 31 62 54 12 35 68 216 195 76 77 65 14 97 92 15 26 103 122 177 177 119 63 47 100 81 44 99 98 83 69 9 64 64 51 78 102 38 41 38 22 98 7 38 24 24 28 8 55 151 177 158 137 132 55 69 165 208 141 93 75 169 107 93 69 10 123 140 70 154 30 61 40 31 41 109 127 89 5 154 155 85 52 96 84 31 39 63 58 71 69 30 20 94 79
51 64 135 76 114 79 74 89 74 51 48 49 106 201 160 164 82 35 72 22 8 6 41 67 101 121 70 34 38 148 124 47 48 107 59 10 48 61 56 103 150 82 40 74 44 2 29 14 45 2 0 37 44 13 47 135 155 115 83 18 108 149 186 253 154 189 188 122 171 144 91 168 165 151 201 36 28 39 12 40 73 108 115 94 97 126 58 15 77 125 65 46 88 94 93 73 11 5 48 96
71 112 138 78 61 46 41 78 82 46 20 52 44 167 184 129 45 7 49 38 61 27 48 25 44 64 15 23 68 170 165 68 47 62 34 1 73 90 65 120 122 39 16 26 20 23 15 0 21 28 24 16 18 28 56 93 89 57 20 32 42 15 15 126 58 97 132 146 91 177 134 123 90 58 112 56 32 55 113 151 130 95 105 148 151 135 46 0 89 109 52 40 53 35 51 62 66 88 76 58
65 98 86 32 25 46 52 50 32 35 37 27 27 87 162 61 16 49 43 48 91 60 71 45 31 51 28 60 82 117 140 76 40 58 75 38 102 89 42 92 65 8 37 16 0 30 7 10 2 45 46 9 6 35 47 39 40 16 23 72 17 31 100 161 184 201 202 147 125 143 91 48 23 20 8 17 11 15 99 186 179 98 61 90 115 150 88 10 38 64 27 4 10 26 58 52 76 92 71 47
92 83 79 36 42 55 80 18 35 61 39 4 32 23 94 80 61 64 0 36 42 37 86 76 53 28 14 23 4 3 62 78 52 83 106 75 142 110 75 99 23 2 58 36 8 29 10 29 5 36 40 21 20 28 22 12 34 34 9 22 22 22 53 24 98 123 140 98 210 155 93 49 84 66 30 104 87 12 35 138 199 160 93 48 34 78 60 19 55 51 20 32 85 130 113 32 44 23 47 83
53 21 60 85 54 52 94 56 8 38 6 43 51 48 3 29 63 24 16 104 93 33 56 0 44 6 38 51 39 51 68 82 139 124 72 54 128 78 60 55 22 0 24 29 23 27 13 13 17 22 21 24 33 27 17 18 3 7 77 142 66 48 132 91 71 53 18 30 134 198 169 77 50 68 48 38 4 56 87 55 84 87 43 40 51 54 32 46 16 27 51 88 106 110 102 68 32 15 41 76
69 24 47 116 29 23 21 28 70 65 54 43 62 127 83 24 57 100 98 62 95 33 41 6 57 15 39 20 2 69 85 93 123 99 25 34 96 41 52 66 29 5 0 12 17 12 13 8 19 18 10 14 29 31 28 33 4 42 81 172 124 72 47 13 45 108 70 23 23 126 160 86 8 19 33 53 69 77 66 33 49 78 36 40 55 36 6 32 52 35 22 27 56 86 77 37 4 38 39 26
79 63 54 82 29 64 24 41 42 37 92 43 70 106 105 0 12 152 166 49 54 47 29 35 44 32 62 66 18 62 58 43 110 137 97 69 61 9 21 58 27 15 8 9 6 4 13 21 9 12 9 13 24 24 21 29 28 16 38 79 24 23 78 78 173 218 105 6 44 105 130 78 64 82 53 24 83 72 85 65 72 123 83 53 38 49 63 85 100 99 65 12 15 61 71 51 0 30 35 31
88 123 101 27 22 82 37 37 20 6 50 56 35 13 41 32 50 123 167 110 2 65 62 68 43 30 51 108 55 63 47 21 80 155 149 70 20 4 11 51 27 17 20 8 7 18 13 22 0 3 9 23 27 8 0 14 19 0 23 39 48 0 38 63 136 209 137 104 93 79 87 100 93 65 40 19 69 68 167 136 115 103 38 41 69 114 118 84 61 51 33 15 32 60 67 76 54 26 41 72
74 104 103 3 45 9 2 0 28 105 60 63 51 0 36 38 48 132 205 178 66 96 81 78 47 19 45 52 3 82 122 91 37 62 67 32 34 0 7 34 24 35 47 29 1 11 27 17 8 5 10 17 8 0 2 22 31 19 34 41 74 41 66 61 69 93 91 121 81 81 106 84 32 43 107 130 198 176 245 213 123 90 57 40 65 102 110 108 118 112 111 108 86 69 82 107 88 27 36 92
53 61 43 64 30 20 80 36 65 118 89 140 67 50 31 14 51 108 181 202 109 72 76 43 84 70 65 14 15 58 81 62 0 24 45 26 29 4 12 25 20 33 40 26 11 19 28 21 18 15 17 23 21 13 15 24 29 27 27 6 21 46 130 152 114 92 36 87 80 34 65 63 48 115 243 255 221 182 236 166 69 75 82 68 68 54 62 87 163 206 180 104 129 91 84 116 92 47 41 71
32 32 60 114 24 76 111 104 66 98 130 178 52 64 24 22 66 114 94 91 86 53 71 21 88 76 99 36 41 16 31 17 27 39 56 35 19 7 22 22 17 31 29 17 17 21 17 14 28 25 23 24 27 27 23 19 12 14 10 0 10 66 129 106 115 166 124 130 115 48 93 102 108 189 254 226 143 74 108 90 7 45 69 54 63 27 30 54 65 89 68 61 139 145 99 75 63 68 65 55
37 90 122 110 25 54 45 75 87 78 145 133 41 53 29 53 123 89 25 25 53 82 117 36 82 26 74 54 51 30 92 103 43 44 59 40 1 0 11 3 11 25 17 12 27 29 17 19 28 28 22 16 19 25 21 11 12 13 16 27 35 87 105 38 79 208 188 106 136 182 242 219 96 110 161 96 115 12 118 149 90 101 66 21 55 43 52 59 53 29 106 207 131 145 123 44 65 90 81 42
65 157 145 121 97 60 101 107 69 22 71 62 83 141 120 155 113 52 137 165 16 43 158 131 56 12 36 27 25 33 90 124 47 49 74 75 31 24 33 20 8 18 12 16 38 41 30 35 22 26 21 11 11 21 23 16 11 11 17 22 11 50 91 57 28 53 71 56 85 67 98 186 163 73 12 109 127 144 105 29 52 74 59 69 123 100 82 70 41 105 150 209 156 103 35 51 71 76 58 35
33 55 68 52 84 74 132 135 90 44 42 62 102 174 115 143 122 63 163 163 15 56 132 109 68 111 100 34 17 21 34 88 61 48 55 64 22 18 23 19 16 17 15 20 32 30 24 26 18 23 22 15 15 24 30 28 9 5 11 9 0 10 55 44 12 72 129 80 85 120 121 159 163 102 92 145 255 245 215 97 67 76 44 66 83 52 50 64 59 75 115 120 107 81 72 48 59 63 79 100
65 46 50 8 34 69 74 79 61 42 39 92 103 152 86 91 66 73 126 64 8 32 63 70 110 176 160 66 49 60 66 108 99 63 41 52 22 24 25 33 24 15 17 23 17 12 12 10 20 21 22 22 24 27 29 28 20 14 22 20 36 22 42 16 54 92 109 49 33 98 82 50 67 65 29 49 165 179 162 95 45 66 25 57 59 68 78 79 44 70 91 45 43 39 75 78 36 29 57 90
121 168 78 32 32 50 45 17 54 39 51 112 110 120 60 25 16 18 77 42 40 18 39 49 79 101 118 70 72 78 59 23 73 33 6 33 22 26 17 26 20 6 16 26 13 10 19 17 24 21 21 25 28 25 20 18 14 12 21 10 45 28 54 33 42 113 151 114 53 98 100 57 61 57 27 21 18 36 65 24 69 87 8 15 23 100 123 91 16 39 58 43 26 62 115 136 109 53 36 47
140 141 88 38 0 52 53 80 133 102 68 85 71 75 54 83 98 68 110 118 64 60 45 82 51 22 53 61 114 112 42 14 61 34 22 64 16 23 15 27 24 8 6 21 27 19 17 24 17 18 22 25 21 13 11 14 17 14 11 13 23 32 32 25 39 114 180 179 97 129 117 125 122 77 30 52 10 39 86 70 112 113 45 27 24 61 85 63 48 75 135 98 27 46 93 152 177 140 95 58
73 38 12 29 44 60 49 54 104 80 43 40 42 47 70 139 150 111 88 90 56 36 63 89 51 47 92 120 173 151 87 63 71 46 39 41 24 24 33 34 26 20 19 19 22 34 35 20 25 21 17 14 9 4 7 13 12 15 17 18 24 32 37 36 25 72 144 148 70 92 101 108 103 48 11 58 44 66 105 85 82 72 32 80 52 15 16 55 94 195 237 175 49 50 35 75 109 88 78 37
80 44 35 58 58 27 30 33 18 55 44 26 69 30 18 70 102 108 56 34 22 32 82 78 54 115 172 165 152 96 70 73 24 15 24 0 21 16 42 36 35 23 24 23 15 26 29 8 23 18 13 10 6 2 5 11 22 30 33 28 24 26 30 33 4 16 68 72 43 76 93 68 75 56 45 70 40 33 56 20 38 33 4 78 71 32 31 83 138 200 211 177 100 63 11 27 50 41 35 0
55 65 69 78 50 37 66 78 42 48 61 29 56 23 37 10 74 125 100 43 16 77 75 56 51 135 176 129 82 35 57 77 64 62 63 24 43 30 53 54 52 27 33 45 25 11 14 9 10 8 11 15 14 9 8 10 24 31 34 27 20 20 23 24 9 28 59 44 54 68 63 19 8 9 39 82 59 16 36 12 46 71 43 62 69 58 76 99 93 85 114 136 165 112 85 54 52 65 41 61
81 97 78 76 27 34 33 42 62 0 47 47 43 35 127 58 72 80 93 59 23 100 36 70 84 83 73 48 43 25 45 42 83 85 75 51 43 32 38 50 48 36 48 59 38 19 20 24 8 6 8 14 15 12 10 11 10 15 18 18 20 26 28 27 18 36 25 0 19 25 68 105 53 23 53 110 107 24 34 20 11 31 29 37 43 12 74 123 48 53 131 175 193 133 136 61 49 95 61 171
68 70 47 52 26 54 40 86 75 39 77 86 104 23 76 58 78 8 35 71 48 85 25 120 127 38 17 33 54 41 41 26 26 41 46 55 32 27 8 2 13 32 43 38 32 30 28 28 24 15 8 6 7 8 11 17 17 19 20 22 27 34 33 29 34 56 59 58 67 0 0 32 40 41 77 101 129 92 134 110 38 33 78 159 140 20 20 55 54 65 141 211 169 94 123 78 41 87 44 161
49 47 46 37 48 80 52 119 40 57 63 63 127 40 74 104 91 38 60 116 89 52 52 114 97 17 51 72 62 52 61 57 34 46 57 65 48 61 44 10 0 26 24 17 31 29 19 29 42 28 13 7 6 10 17 25 32 33 31 28 27 28 24 17 41 57 74 97 85 31 41 59 37 52 78 64 105 94 156 121 67 50 52 124 89 51 72 96 55 55 97 148 122 47 124 124 59 85 59 103
19 22 48 26 82 112 51 90 37 27 43 33 54 11 75 42 21 53 81 117 81 2 61 43 42 4 86 74 18 16 32 25 44 38 39 31 39 94 118 79 21 31 17 22 47 27 10 41 50 35 21 15 15 17 24 31 29 31 30 23 18 16 11 6 9 42 78 86 40 39 104 112 81 31 27 36 92 41 84 62 27 85 73 85 11 80 119 95 71 94 113 71 79 6 121 109 61 81 100 87
27 16 20 30 67 70 79 44 62 28 114 82 7 18 51 55 39 69 85 98 63 29 93 47 38 15 79 28 54 79 108 85 61 69 58 93 65 60 82 67 30 14 9 45 48 26 0 38 49 31 19 24 36 37 27 18 18 21 27 30 25 14 8 9 18 16 51 75 28 21 78 89 50 47 36 38 67 13 45 35 37 104 94 72 74 102 60 31 84 150 125 31 32 28 93 72 7 56 97 22
33 31 28 38 58 76 61 45 101 35 106 90 70 29 70 116 64 103 73 121 28 43 139 124 169 126 85 0 130 193 193 148 74 41 80 133 133 62 0 46 71 37 45 48 46 0 34 12 30 23 24 38 50 46 30 17 15 18 24 29 26 20 20 24 0 31 38 60 154 78 25 21 19 52 74 55 88 62 105 61 32 55 47 63 63 48 21 48 113 118 76 60 70 51 82 79 30 47 73 21
46 51 43 42 51 85 47 58 45 41 96 69 61 49 79 113 86 137 61 63 51 63 145 128 154 222 54 43 115 133 135 98 16 0 53 109 150 70 63 48 58 78 55 53 21 28 15 39 44 36 32 38 45 41 31 23 22 22 25 27 23 18 18 22 26 30 49 100 185 118 64 36 39 74 98 56 62 57 117 74 27 36 5 0 8 26 34 73 148 119 60 62 52 62 93 93 91 49 45 46
72 69 61 35 49 82 44 73 60 89 88 68 55 131 132 99 42 215 143 71 131 75 32 79 123 166 0 55 86 83 96 78 81 82 52 57 101 127 142 95 78 54 53 5 15 23 50 58 52 41 32 31 32 29 24 22 22 22 25 26 20 13 11 15 25 25 62 130 98 78 87 88 57 70 82 58 23 20 77 70 52 70 37 8 29 56 54 61 178 228 112 40 65 37 37 145 142 56 14 41
85 65 63 23 56 72 54 87 83 110 114 92 28 84 139 130 114 158 155 127 54 80 57 76 117 26 41 30 76 82 95 95 0 103 81 53 40 116 10 81 131 114 71 6 72 54 25 50 34 28 26 30 31 24 15 10 13 15 21 26 23 16 15 18 48 101 121 157 119 82 74 116 40 55 71 89 37 42 69 79 63 57 34 30 53 44 51 91 118 103 56 57 102 72 54 77 113 66 45 90
62 34 41 25 70 75 74 98 107 74 65 48 52 64 109 37 96 66 114 107 79 69 21 42 129 25 83 36 23 21 64 45 23 126 121 65 89 206 204 255 251 255 110 70 53 0 18 15 48 37 28 26 26 21 16 13 17 19 25 29 26 18 16 19 47 93 106 109 116 67 42 40 30 46 54 72 38 58 56 51 42 37 26 21 36 11 34 96 115 99 66 59 112 108 64 24 36 36 12 37
44 18 23 54 85 80 72 79 71 77 82 65 82 45 78 12 97 37 126 90 78 28 38 48 149 83 62 64 86 97 183 141 86 127 155 136 186 255 254 104 231 129 235 130 105 105 89 76 66 49 32 26 26 24 22 21 23 24 27 29 25 18 18 22 44 54 71 74 51 50 56 4 59 46 38 33 45 53 35 11 40 66 79 63 73 31 16 29 76 70 79 54 9 77 110 63 103 127 58 18
55 32 26 89 92 75 48 37 36 68 61 78 77 12 30 28 82 60 113 121 140 135 115 99 156 92 91 37 92 16 52 10 108 91 71 28 19 216 224 218 156 193 69 2 69 27 27 44 44 35 29 34 39 34 23 16 15 16 20 24 24 23 28 35 32 64 67 76 4 49 68 36 115 71 65 57 116 95 68 35 49 64 77 76 105 61 30 28 36 43 38 80 89 129 65 19 40 127 87 35
54 33 20 82 36 68 62 82 65 43 31 16 53 17 5 72 51 90 43 100 249 247 226 63 85 80 84 45 32 3 129 125 135 65 145 239 233 255 231 194 154 251 231 255 75 78 65 44 30 2 39 45 64 49 32 26 36 1 15 39 29 34 43 18 35 46 71 75 8 81 70 102 80 122 59 74 180 150 103 49 29 28 47 60 87 73 55 28 23 14 37 57 83 89 38 0 40 70 38 46
70 42 34 57 29 42 51 56 65 46 27 39 33 58 8 85 32 65 26 52 154 176 196 43 36 47 57 70 70 31 73 81 123 55 74 255 228 218 252 87 231 200 255 249 242 196 165 98 49 32 45 61 65 53 46 40 19 42 31 22 45 48 28 26 11 36 48 83 40 108 83 92 47 75 41 83 130 115 68 34 12 26 41 38 42 40 54 66 66 42 23 0 24 10 30 70 102 81 21 6
93 73 77 56 34 17 32 21 7 38 82 99 38 58 2 78 35 71 57 50 61 60 123 31 69 35 51 107 101 118 117 89 34 26 39 226 255 248 255 223 255 255 152 207 233 190 102 97 54 56 64 75 52 30 32 34 26 38 43 36 35 39 34 24 26 28 49 54 76 51 78 75 25 25 40 69 87 68 44 26 29 70 93 82 50 34 49 82 88 82 42 13 108 116 93 45 37 36 55 87
90 63 54 35 44 51 63 41 41 29 55 53 61 73 55 56 62 108 128 139 115 59 95 56 71 46 53 134 195 158 43 31 55 131 66 151 249 230 247 251 237 198 37 66 254 193 127 75 80 31 17 4 14 17 14 9 25 16 28 42 31 22 33 44 18 3 10 27 87 10 66 64 64 20 51 35 107 82 58 15 62 71 65 73 81 76 56 59 86 113 74 13 42 78 109 86 62 67 129 179
194 122 35 8 24 70 77 65 47 31 30 35 86 75 94 32 92 94 52 40 50 25 58 67 57 82 110 72 134 244 215 110 84 84 79 48 161 255 249 222 255 229 239 154 227 150 121 93 20 10 75 55 52 28 11 17 24 47 34 36 61 41 33 85 20 42 1 70 79 49 63 50 39 56 103 22 41 23 49 76 68 67 55 62 83 67 48 61 106 67 42 66 50 52 47 38 117 109 154 195
121 92 47 68 66 86 58 53 46 111 134 157 142 89 110 59 140 141 83 46 58 49 46 43 45 104 115 46 116 138 106 93 124 112 58 70 119 170 255 243 184 254 203 255 181 255 171 233 102 51 60 52 84 89 61 37 34 52 50 41 42 38 35 47 0 67 37 75 43 38 68 43 0 51 89 58 60 74 48 41 14 30 63 94 139 96 79 99 71 30 59 121 60 45 31 63 60 81 115 143
81 62 28 49 29 29 18 52 78 131 126 129 99 57 69 39 144 124 75 39 31 35 32 22 29 86 113 45 45 31 27 15 93 55 34 59 43 76 154 251 192 255 159 228 181 239 104 171 74 81 63 90 66 56 48 27 28 15 43 53 20 20 29 0 9 72 80 106 86 82 138 109 50 67 70 42 27 97 138 141 87 59 69 99 181 113 71 65 16 0 45 77 51 66 30 52 34 77 69 54
33 12 4 56 72 59 35 56 97 114 101 64 57 25 44 33 107 55 43 67 75 83 68 39 31 95 97 52 63 32 33 73 73 35 28 85 45 119 162 226 255 210 243 201 220 168 8 18 35 103 58 116 34 15 40 37 28 28 48 79 82 56 40 46 22 54 41 140 110 126 123 85 53 26 41 28 42 118 195 160 108 72 75 75 156 103 136 192 73 12 18 4 37 80 39 64 20 73 43 25
31 16 35 72 196 109 46 41 50 72 59 90 42 42 53 81 168 102 76 55 111 162 140 68 35 62 45 56 50 49 48 61 21 28 52 50 54 148 189 203 247 205 254 250 239 163 87 4 101 96 63 76 63 48 78 98 90 73 85 124 110 117 132 92 63 19 41 100 118 99 60 29 22 69 76 107 65 98 113 85 57 43 47 47 134 75 99 126 57 23 44 6 23 62 102 43 56 13 43 2
78 48 73 135 202 117 62 65 82 60 48 58 70 66 74 134 241 158 116 17 56 124 129 55 29 32 35 56 50 46 56 44 56 60 81 54 63 83 85 80 77 255 215 254 244 215 238 95 144 34 33 88 51 58 114 142 139 85 51 123 99 158 233 78 19 50 65 50 44 74 72 81 92 106 108 119 87 71 84 105 82 62 60 58 64 34 45 27 0 34 83 44 17 45 81 64 61 25 31 4
92 41 58 135 163 107 85 113 78 54 65 99 36 101 91 103 207 105 100 0 18 55 63 22 44 0 17 78 65 72 131 144 109 102 129 93 86 55 47 31 61 254 221 250 255 195 255 140 121 33 40 39 61 53 88 177 143 71 56 64 96 157 221 81 43 63 57 28 12 49 36 53 93 49 51 90 123 98 88 125 131 78 39 38 3 76 143 116 110 107 53 8 16 65 91 101 90 82 76 92
115 44 27 85 125 71 18 10 26 8 16 87 46 119 98 62 76 0 50 10 38 87 75 48 80 14 14 67 18 66 160 187 77 36 54 99 0 43 70 51 107 96 255 252 183 163 214 207 150 132 63 10 69 67 105 196 204 112 42 62 101 113 154 80 65 21 42 55 6 62 63 13 61 41 103 169 168 117 65 86 83 26 9 72 87 170 165 59 18 64 57 36 32 14 56 136 137 146 114 153
71 30 19 65 167 131 55 8 20 51 48 54 71 0 36 83 21 8 67 27 32 124 103 72 25 20 31 87 22 76 96 56 23 31 64 16 93 18 36 33 122 227 228 255 206 183 255 227 190 152 11 79 18 46 71 82 98 106 73 253 203 93 166 131 26 80 43 3 24 60 51 78 19 14 85 165 134 116 53 40 21 19 36 76 72 97 102 49 29 51 33 17 68 44 90 150 166 170 94 106
31 38 29 14 80 65 40 24 75 83 32 44 89 47 86 79 10 56 116 60 0 59 55 76 134 100 43 68 33 87 98 85 41 35 50 69 60 49 42 0 57 233 215 212 255 235 255 219 239 41 99 93 89 112 86 184 120 66 59 201 255 94 100 70 0 24 58 80 49 32 67 41 20 10 43 133 134 154 93 55 58 38 19 41 73 82 82 54 47 74 54 20 68 39 62 54 92 108 35 24
30 61 57 15 2 21 47 59 113 126 88 90 36 64 91 36 32 109 174 121 65 82 96 138 169 148 64 32 33 46 41 37 21 36 34 18 38 42 72 48 63 121 186 228 249 183 247 195 241 146 15 90 30 39 41 187 72 15 109 148 255 132 65 58 81 62 28 43 40 9 106 103 86 103 113 188 212 176 101 74 94 73 31 29 35 45 62 66 67 94 70 42 53 32 46 7 45 96 71 57
35 61 69 62 19 54 56 30 97 108 98 62 29 31 55 37 8 89 126 52 53 88 85 60 128 198 144 34 62 74 51 0 30 107 137 97 139 95 112 98 40 0 10 117 242 248 197 255 255 164 88 58 87 65 57 169 132 100 186 250 239 231 178 127 176 170 76 32 49 20 126 101 103 87 36 103 203 152 77 61 74 64 35 57 48 54 38 16 50 97 97 92 43 3 21 2 18 90 98 79
31 35 26 0 60 87 55 15 44 71 34 30 36 59 55 53 44 44 61 4 8 53 61 32 50 107 91 23 11 63 90 50 23 68 141 220 141 63 39 124 158 116 105 124 254 252 254 212 165 251 73 207 121 108 104 178 214 219 136 255 255 245 174 92 155 178 128 100 114 110 67 113 88 24 45 7 107 68 15 37 64 17 14 49 47 47 25 42 71 93 98 94 75 26 45 35 56 74 63 110
59 57 37 0 28 60 51 40 72 70 52 34 25 50 63 71 85 65 44 47 51 33 67 128 75 47 30 16 14 1 31 82 75 29 58 114 76 83 53 77 80 45 36 0 123 255 227 197 219 146 137 221 90 82 116 177 255 243 42 205 231 239 119 110 178 142 169 202 215 200 83 113 136 65 108 103 17 17 17 50 74 28 8 19 25 38 37 51 50 53 63 34 87 43 70 70 49 75 29 92
48 116 124 51 7 55 53 33 74 92 83 48 55 52 45 52 87 91 56 77 79 17 47 124 99 70 92 100 121 72 38 67 128 146 108 38 38 124 110 147 116 85 85 95 75 122 241 215 255 212 98 230 157 122 107 240 234 253 141 202 176 216 193 252 248 183 250 255 255 199 88 88 75 57 76 51 13 15 34 62 96 60 43 59 71 51 38 34 43 27 33 4 42 10 40 32 41 69 6 45
14 112 143 90 27 89 74 38 50 84 31 3 81 72 34 0 24 37 44 57 84 34 48 77 48 68 84 18 74 125 87 44 140 255 218 84 28 53 44 88 108 26 60 54 141 164 56 240 247 254 104 250 234 196 75 226 199 155 226 231 51 219 213 255 249 255 246 201 165 47 72 20 63 111 45 87 86 61 25 55 87 51 34 94 148 116 79 42 22 27 34 79 83 86 128 102 83 92 77 88
20 47 50 61 43 103 76 57 77 29 2 100 124 0 48 155 151 84 71 19 72 104 175 202 165 65 46 54 96 90 97 181 36 122 131 126 75 70 137 168 70 18 0 58 66 97 117 238 255 254 165 255 247 207 255 224 245 251 255 248 255 204 255 254 248 231 245 113 56 35 12 42 65 52 49 89 135 0 60 23 83 57 1 55 125 122 93 33 69 101 60 129 167 139 138 85 137 70 56 0
58 60 32 28 18 70 36 22 67 34 26 101 104 68 131 124 112 86 106 30 83 155 195 154 118 71 66 62 44 43 62 129 62 94 54 83 62 31 96 99 52 85 53 83 186 100 94 90 255 224 236 172 190 255 255 254 227 158 226 241 250 244 238 233 254 255 166 138 64 45 63 86 114 73 17 67 90 30 97 30 63 99 23 29 43 56 58 13 69 111 37 75 199 135 91 43 53 23 59 31
90 115 82 35 12 48 16 7 82 89 117 170 169 150 127 103 16 75 92 38 68 137 147 91 54 60 84 104 38 31 51 93 79 86 40 71 80 49 79 57 34 87 57 16 166 55 29 58 193 255 255 202 246 255 163 239 255 207 255 238 255 222 255 246 207 163 147 159 77 55 47 87 164 111 53 34 85 36 60 24 27 102 32 58 44 53 64 43 88 110 66 71 154 116 78 69 54 75 53 42
109 114 78 49 45 63 40 63 111 122 143 204 255 200 63 93 24 105 86 80 73 81 72 68 30 69 109 151 57 38 36 38 125 29 13 81 67 59 117 85 46 54 25 10 6 49 79 148 98 184 255 249 255 219 113 255 255 255 252 242 108 20 121 157 105 31 169 164 89 46 12 59 97 64 73 134 98 52 30 115 46 91 4 89 101 102 87 65 73 74 92 99 65 94 99 134 92 136 19 24
70 54 54 76 84 100 103 50 56 58 86 125 203 149 56 57 13 90 38 62 116 64 66 76 60 18 72 166 52 24 34 2 93 13 5 43 48 21 120 121 67 32 51 100 48 78 115 214 66 69 141 255 240 255 210 253 211 251 240 244 255 169 128 42 192 44 64 58 24 56 50 41 32 18 75 202 108 66 62 130 89 68 46 113 122 123 115 84 46 30 84 79 93 107 68 103 35 67 27 26
48 36 25 77 73 62 60 22 9 0 28 73 21 107 99 62 39 87 69 39 104 39 33 70 76 30 45 95 126 63 38 1 87 41 54 43 50 3 86 90 33 30 39 125 141 42 70 102 134 28 127 234 249 255 250 211 190 245 255 240 189 31 82 0 143 30 88 38 73 56 45 37 60 75 80 92 33 47 49 56 26 57 68 78 95 124 94 101 57 28 85 53 17 57 53 45 26 48 24 7
57 57 37 77 62 45 58 47 25 46 82 46 61 119 147 107 112 96 118 92 91 22 3 63 61 39 44 96 110 70 50 37 68 82 108 29 52 27 86 80 25 28 38 71 101 18 15 63 121 34 127 251 225 243 222 170 214 221 223 101 179 37 116 137 50 16 109 28 91 77 14 2 93 115 78 3 0 22 37 26 27 20 63 56 49 81 57 97 40 30 98 24 10 43 68 26 30 40 41 10
72 71 61 51 57 68 106 128 131 122 100 8 162 110 81 35 80 7 40 132 108 84 42 72 96 92 69 85 65 19 0 4 15 51 79 18 70 68 93 102 79 95 50 36 37 72 52 78 54 32 96 253 253 255 222 255 248 52 156 119 42 46 0 98 92 138 2 24 38 112 105 45 46 66 62 23 72 53 63 81 101 10 77 121 65 42 23 35 29 36 87 8 93 104 110 45 42 40 65 32
44 16 37 20 66 54 48 71 126 135 119 58 92 31 24 31 74 44 24 78 13 1 28 108 169 155 91 45 127 49 8 9 44 49 45 32 73 52 27 48 27 144 106 86 2 30 79 79 37 52 9 0 103 250 253 211 137 113 181 153 18 22 65 82 50 76 93 29 74 72 114 83 96 73 39 1 74 57 89 138 113 20 42 82 32 14 52 49 43 39 49 32 121 154 142 74 54 33 54 31
46 8 54 115 197 122 32 27 96 110 107 97 86 63 49 18 34 70 29 70 94 65 41 54 110 93 46 36 79 57 41 30 27 53 39 36 74 98 89 82 19 57 60 28 15 29 34 10 21 48 49 72 81 136 117 88 133 120 126 62 211 94 16 74 82 68 36 61 89 97 126 123 113 89 42 0 51 40 28 23 32 68 92 102 89 70 91 44 38 40 36 88 53 126 147 124 124 81 72 64
62 36 30 150 232 152 66 61 63 89 103 86 64 44 48 0 21 81 73 122 114 86 49 43 64 51 41 76 10 38 49 27 31 91 105 92 105 118 133 84 54 30 81 15 52 43 4 44 50 42 34 86 97 121 65 0 6 81 64 99 179 133 40 24 69 36 42 26 43 56 73 153 175 136 77 49 66 75 61 47 91 156 173 147 125 106 126 65 20 49 39 102 13 74 116 138 120 66 31 55
144 119 3 96 136 91 67 90 93 58 39 55 8 57 94 25 17 34 60 165 67 67 27 10 50 37 33 42 29 28 33 0 22 78 146 178 167 91 103 56 97 104 114 78 129 69 31 74 67 33 42 26 87 38 68 67 88 84 15 58 43 119 121 47 49 91 31 30 29 18 75 147 169 114 69 84 65 53 36 45 90 99 144 141 98 78 113 52 25 61 29 66 40 56 74 95 88 37 0 56
133 117 48 33 28 15 68 89 65 27 20 40 51 67 90 69 59 57 30 119 86 59 31 47 93 65 53 61 108 73 27 23 36 50 86 111 113 65 68 53 128 104 132 77 129 90 18 58 76 30 29 44 47 9 29 66 128 143 17 34 19 143 163 116 107 101 56 73 56 51 79 119 115 63 50 84 92 45 11 36 41 14 39 104 41 20 58 40 42 58 28 41 49 52 51 69 84 35 24 49
25 56 68 47 22 24 58 69 48 16 50 108 83 31 39 62 113 127 59 93 111 80 40 61 111 111 96 69 142 60 19 55 71 53 33 40 40 45 104 108 97 88 92 45 48 70 25 89 115 52 85 9 26 42 69 51 66 72 60 127 116 110 106 98 106 50 16 37 79 58 73 65 50 44 69 108 89 61 71 129 112 49 23 67 12 0 30 16 46 69 23 28 58 72 56 66 79 44 24 27
22 33 66 63 36 68 75 68 33 35 65 87 62 50 49 46 123 130 68 60 62 46 27 5 32 36 31 65 70 46 35 82 144 147 84 47 39 53 81 104 49 60 59 65 67 110 56 142 155 73 106 0 2 115 174 170 112 20 17 77 127 70 56 57 31 14 30 49 68 54 71 47 35 54 75 89 26 14 66 149 126 64 19 55 26 23 46 24 29 63 27 44 87 96 51 31 58 52 31 13
17 21 43 83 20 53 67 77 39 39 28 15 30 96 83 35 23 91 31 16 44 53 32 36 73 57 34 55 22 27 45 72 133 207 176 80 40 42 13 85 0 66 46 68 213 255 104 122 89 60 117 75 71 151 134 135 132 53 77 79 114 57 46 49 2 52 88 87 32 58 79 67 91 54 9 26 9 27 42 55 74 94 85 99 61 58 69 40 31 49 36 73 97 97 48 4 65 89 79 54
85 53 7 103 74 133 130 88 102 49 23 54 82 121 89 81 57 74 48 70 15 73 97 53 0 23 48 33 101 46 50 25 114 192 239 117 26 47 13 102 159 28 34 75 132 108 75 83 77 73 92 97 109 121 76 82 0 0 65 68 90 82 84 92 70 81 86 75 38 80 87 63 33 33 12 34 31 48 78 93 3 106 128 114 68 74 88 63 59 39 36 79 65 65 52 14 32 65 63 40
99 79 17 71 31 97 149 129 94 34 19 63 59 59 26 75 53 75 20 58 39 98 111 112 58 50 39 9 51 42 88 49 64 68 175 118 41 81 41 61 67 49 71 29 88 83 80 90 62 69 80 95 154 112 70 45 34 32 68 66 67 82 82 91 90 31 32 40 81 88 73 38 97 100 59 47 47 30 54 61 3 95 82 63 58 84 83 51 50 30 34 72 36 30 39 20 40 57 57 42
101 59 30 42 29 58 114 109 69 60 55 54 27 57 29 70 66 52 21 69 30 50 75 71 81 55 26 35 0 37 98 57 34 2 92 108 107 117 75 76 82 18 35 54 67 79 80 79 87 68 56 62 95 65 52 40 32 50 82 73 35 36 71 115 88 22 24 44 92 74 41 28 80 110 79 38 40 0 52 91 51 95 42 38 58 62 39 20 15 36 42 68 40 25 23 26 51 48 53 58
27 9 87 93 74 15 51 75 52 80 81 56 35 99 62 72 26 46 30 74 71 33 41 78 94 91 58 39 33 22 77 65 44 32 52 61 97 47 28 98 135 54 102 188 101 100 110 132 110 62 32 47 16 28 38 74 23 43 62 44 4 10 77 136 142 95 63 70 67 66 16 30 88 98 48 15 67 19 46 54 35 78 41 60 69 36 21 50 1 60 55 62 53 37 26 49 46 30 46 69
68 15 98 125 68 38 63 62 39 49 100 38 5 97 70 75 43 89 48 38 111 109 116 97 134 137 103 40 34 72 83 88 53 47 46 76 18 76 63 67 101 105 147 142 131 85 100 157 146 58 29 72 37 22 34 63 50 68 60 15 24 15 63 125 160 117 70 80 31 62 59 57 81 91 46 58 96 41 37 0 11 51 82 173 99 89 46 109 20 54 57 40 2 47 63 34 24 62 62 54
89 50 94 87 60 67 103 106 40 25 51 58 13 73 40 84 113 157 68 14 81 113 125 113 131 162 114 29 24 117 106 89 50 48 41 100 99 100 58 85 135 38 20 70 31 9 37 127 103 52 21 86 124 61 2 39 63 82 69 16 46 34 59 88 106 88 65 48 22 55 70 56 88 89 50 50 71 59 91 42 89 79 103 195 54 66 72 134 30 76 31 15 55 112 121 68 50 59 61 47
44 67 87 39 46 81 90 59 64 44 33 74 8 51 37 116 135 141 47 27 64 60 71 118 140 131 76 32 44 119 66 66 54 90 59 75 63 18 13 118 130 62 43 72 46 42 31 54 58 21 14 56 94 50 23 44 58 78 73 26 50 40 44 41 69 69 69 43 44 63 77 51 50 67 56 46 38 56 122 82 160 132 88 145 25 57 94 201 63 117 48 21 95 124 136 107 92 65 67 45
5 59 84 60 87 76 37 4 96 108 82 86 9 35 38 97 69 47 14 83 112 92 95 150 147 94 54 47 78 86 0 0 56 152 97 59 66 85 56 79 134 103 81 35 63 88 87 60 40 55 58 18 16 7 31 47 21 34 52 52 39 51 56 38 40 73 106 107 115 100 65 20 85 72 33 37 56 72 81 13 100 101 79 125 55 84 144 247 80 111 69 17 54 52 80 118 70 51 88 90
33 53 64 81 112 43 3 23 11 44 49 43 24 46 64 85 63 47 49 103 102 110 97 70 55 42 59 47 100 100 38 18 48 70 27 73 90 77 32 88 78 48 110 137 132 107 96 61 64 139 123 35 43 32 36 66 76 55 62 91 18 35 23 0 2 57 61 40 42 72 66 55 69 81 52 60 65 44 38 30 55 44 71 90 20 41 151 192 90 75 75 6 14 25 23 59 106 85 80 53
88 92 63 45 66 27 34 67 39 31 31 10 38 39 53 61 56 48 59 58 26 50 64 31 54 69 109 79 91 54 32 8 28 91 83 49 35 53 32 83 53 19 127 201 75 35 58 69 56 76 66 27 30 50 76 86 78 43 37 81 25 56 42 8 35 123 119 58 36 58 40 26 61 53 19 58 84 57 32 49 73 54 39 17 10 11 98 110 27 11 64 40 84 149 90 63 0 38 39 41
109 112 72 34 49 52 96 113 94 54 48 23 72 78 98 129 127 100 78 30 0 0 21 28 57 70 108 117 97 42 56 47 52 100 121 47 73 52 0 35 76 84 172 203 85 55 71 86 66 31 53 68 31 77 133 117 88 73 50 47 36 49 36 21 43 101 90 31 51 62 65 72 62 60 62 107 80 29 10 41 44 63 29 24 73 44 67 77 40 50 98 89 120 169 81 38 0 80 41 42
82 60 43 59 78 60 112 143 98 66 68 37 76 87 101 147 162 124 65 3 37 54 57 58 54 77 103 138 110 79 104 78 53 113 156 35 112 84 20 46 84 105 137 124 147 120 89 85 41 56 89 106 52 62 74 67 83 104 75 22 48 40 36 47 72 76 64 30 92 56 47 58 85 61 82 150 112 60 21 13 35 50 42 55 43 7 48 57 21 57 80 71 74 99 52 70 9 116 50 52
25 34 30 72 49 29 42 87 63 42 38 18 28 43 40 89 117 111 59 9 40 52 43 65 61 75 110 127 102 72 110 71 2 72 98 25 49 58 72 53 20 27 44 98 106 111 83 38 24 59 99 74 53 53 29 24 54 81 73 32 29 7 42 79 75 60 46 69 51 36 15 28 46 24 36 108 148 112 78 54 29 40 39 45 49 30 43 100 80 77 55 65 2 85 120 171 22 84 0 96
40 24 34 54 45 15 54 79 79 59 48 0 34 17 6 28 75 95 106 93 38 36 44 65 56 49 57 91 78 80 92 55 4 22 47 0 49 19 60 52 26 41 8 29 34 31 51 31 33 82 99 23 36 57 40 8 0 14 51 76 51 33 53 84 57 17 3 56 84 58 18 21 32 28 38 82 95 73 75 77 46 32 20 47 60 76 81 102 131 98 61 55 21 54 145 157 54 105 1 71
48 86 84 42 91 41 67 105 93 86 95 50 62 42 45 42 67 102 155 182 45 44 64 75 37 18 43 63 83 75 85 56 43 36 38 27 53 9 37 22 84 102 27 21 37 12 35 16 17 68 119 79 93 60 41 30 28 20 35 71 41 56 56 53 21 19 13 25 71 73 56 47 85 79 67 74 52 32 33 26 55 44 34 39 12 23 46 74 71 67 34 49 43 30 116 82 65 117 23 48
64 135 135 60 100 54 67 78 78 83 100 100 27 20 39 35 57 89 118 161 17 45 61 57 57 49 53 76 69 71 68 75 79 79 38 49 27 34 52 42 48 79 36 36 68 37 28 16 9 42 122 152 140 82 64 61 69 54 39 28 24 69 63 36 49 78 81 51 82 79 56 22 79 93 94 100 62 50 48 31 43 37 47 60 65 40 35 48 83 25 29 79 0 25 144 62 29 86 23 20
26 33 72 67 51 56 101 57 38 62 70 115 75 57 67 76 43 77 63 104 17 68 73 61 50 49 1 66 46 84 58 88 21 34 17 47 22 34 48 54 45 56 44 38 56 37 0 3 57 57 81 100 50 63 64 23 14 38 54 22 53 77 61 44 88 59 21 0 47 67 69 50 58 95 115 122 51 29 28 16 40 57 79 59 66 12 50 124 74 53 42 58 47 37 90 128 32 62 21 18
132 85 93 118 80 70 92 51 44 82 67 106 139 59 22 12 6 45 18 59 32 65 56 38 80 62 24 65 111 73 52 33 51 32 50 57 52 11 36 86 69 20 0 24 53 91 54 63 68 50 43 74 24 77 119 102 15 37 68 41 83 79 39 29 33 33 35 45 108 164 160 108 106 118 119 133 57 37 30 13 24 31 60 71 102 41 28 48 20 11 53 54 90 32 61 156 74 51 19 47
112 88 83 96 81 62 74 61 34 70 59 107 122 67 69 48 59 80 64 112 115 94 68 27 41 56 62 100 186 88 106 78 163 101 97 62 52 8 52 166 190 106 59 107 96 135 105 93 62 38 37 100 65 34 41 56 51 53 70 38 53 86 61 52 62 78 76 59 75 161 181 127 69 47 32 74 30 43 49 40 26 36 67 78 44 31 50 67 28 82 80 26 84 47 62 197 82 23 16 93
44 37 78 78 40 43 97 57 45 56 43 101 14 39 131 122 131 122 116 170 180 113 70 4 33 104 71 138 122 38 46 68 132 88 86 63 38 19 34 171 178 122 84 148 68 69 59 44 29 22 41 135 160 75 26 25 17 36 61 21 0 100 128 132 137 112 84 68 45 111 138 110 86 55 32 73 18 31 53 64 70 62 72 83 0 32 63 57 100 159 139 69 24 61 99 161 79 13 38 154
30 54 47 48 54 78 118 109 57 47 24 74 80 22 59 20 45 89 65 98 72 65 76 63 82 104 61 63 32 32 23 94 60 44 26 73 104 130 124 117 102 66 64 77 45 36 12 15 25 22 41 98 182 105 80 53 0 4 40 38 51 129 154 112 115 100 30 12 21 64 86 91 88 78 66 59 40 13 23 64 70 63 45 41 62 87 35 0 84 160 164 123 67 48 35 114 95 105 63 92
26 13 42 59 14 46 121 91 42 48 35 91 110 46 68 33 27 19 3 61 90 35 70 103 79 112 89 73 45 58 68 119 42 27 32 90 114 142 136 119 47 45 70 102 84 72 44 59 76 56 25 67 102 64 52 41 32 57 98 87 77 105 90 48 38 57 38 59 79 105 100 85 109 68 31 33 44 26 11 21 33 22 28 46 46 56 17 0 33 99 86 62 40 90 72 105 98 84 36 88
54 19 38 52 4 23 82 56 68 65 27 68 110 73 118 123 93 81 43 33 98 41 94 112 62 87 81 51 42 74 100 110 40 11 21 62 51 67 54 22 18 47 83 116 102 76 37 67 125 99 37 74 50 43 27 16 58 96 127 104 85 76 45 29 81 105 90 109 117 126 107 87 99 65 37 43 55 41 36 54 57 28 38 64 33 47 51 73 110 75 6 30 12 80 90 172 148 97 26 87
136 114 73 68 87 79 71 85 46 48 7 39 86 37 60 75 122 138 72 0 77 62 129 128 51 48 47 18 36 78 108 80 84 39 53 81 50 74 70 37 33 71 95 110 91 51 4 47 62 51 15 78 60 94 105 93 48 94 115 92 83 62 30 47 114 118 72 60 44 44 31 20 56 46 40 47 46 34 52 94 104 62 67 87 29 62 103 148 174 81 8 93 41 62 65 193 200 126 30 80
