46 14 20 26 4 17 40 25 27 27 25 13 31 1 15 54 55 34 30 63 38 29 32 65 83 52 28 18 17 31 48 51 30 19 7 13 29 29 27 38 23 8 24 73 10 16 19 28 18 27 34 32 22 15 15 18 6 22 25 18 19 29 55 87 103 112 63 31 57 47 14 21 20 14 17 27 29 18 11 11 15 33 21 11 23 11 0 16 44 50 48 36 26 23 22 19 25 25 26 29
23 20 42 49 23 17 29 25 32 22 24 36 25 14 10 15 27 12 9 30 20 6 15 53 90 58 37 31 25 28 37 39 38 21 10 17 28 42 90 150 135 67 50 84 16 30 30 6 4 7 9 6 3 5 14 22 27 29 21 19 28 28 24 28 61 76 48 25 40 33 13 21 27 31 33 30 22 16 14 17 24 43 30 14 22 15 6 21 38 42 40 30 21 17 13 7 15 18 21 24
28 33 42 41 26 14 16 22 26 14 19 43 8 21 20 10 22 15 15 24 34 6 12 49 77 55 48 47 31 22 37 55 36 16 13 29 36 52 120 199 171 113 53 62 38 47 30 32 3 2 1 1 3 10 20 27 37 34 25 27 41 38 20 11 7 32 39 33 35 29 19 21 28 26 19 18 29 37 23 0 17 40 31 11 15 16 12 21 24 27 29 28 28 27 22 16 14 20 27 31
33 30 17 16 28 22 9 13 9 11 15 22 0 21 39 45 50 41 33 26 55 24 29 64 62 32 25 35 27 17 26 39 41 22 21 30 18 9 35 70 73 24 39 81 26 31 32 0 14 14 15 18 20 21 21 20 20 25 23 25 36 35 27 29 9 23 36 30 17 17 21 17 22 24 21 23 41 53 29 0 5 32 31 14 16 23 23 25 6 7 10 16 23 25 19 12 20 28 37 41
22 22 7 12 38 31 7 6 4 18 20 4 23 24 38 53 50 38 24 17 54 33 37 64 69 28 15 34 41 29 15 5 28 24 30 27 9 6 14 12 36 30 14 20 10 9 13 44 20 20 20 22 23 20 15 10 2 11 15 21 35 35 29 32 52 43 33 13 0 4 19 14 16 33 44 40 36 36 29 17 13 37 43 31 30 39 38 33 34 31 32 38 44 43 35 29 21 29 39 42
35 36 20 16 28 19 6 15 16 31 33 13 47 26 18 23 8 9 13 28 56 39 25 31 37 23 31 46 35 15 8 7 9 18 31 20 8 43 82 82 38 8 31 59 27 24 31 8 20 17 15 13 14 14 14 13 9 15 21 40 68 71 53 43 51 41 31 21 17 29 34 23 13 15 20 24 22 20 26 35 34 45 48 38 34 40 41 33 17 12 11 17 22 21 16 14 23 29 36 39
38 35 23 18 19 14 13 22 30 39 46 39 31 13 10 16 6 11 21 48 49 39 20 19 6 12 31 34 10 0 12 28 32 31 34 14 0 45 95 93 43 23 6 10 24 18 11 14 15 14 12 11 11 14 18 21 18 24 31 54 85 87 63 48 21 22 23 29 48 63 59 45 22 1 0 14 20 12 17 36 50 42 35 25 18 25 32 28 19 12 10 15 18 16 16 18 24 27 30 33
7 6 11 25 35 33 24 19 34 40 53 56 0 0 17 40 52 43 32 44 20 29 30 42 49 35 31 30 25 32 46 50 64 49 45 30 18 59 95 81 57 19 6 10 13 15 21 11 7 10 13 14 14 16 19 21 13 22 28 42 61 56 37 28 15 16 8 12 42 67 70 67 39 22 25 41 27 0 7 44 58 37 22 12 4 12 26 27 32 23 17 17 15 10 9 13 20 20 22 24
12 21 63 89 33 42 50 29 38 34 44 45 13 6 25 40 61 62 40 2 31 31 36 40 42 43 32 27 43 61 75 87 83 64 63 47 28 67 112 104 30 1 9 33 26 14 13 9 13 13 6 8 22 24 16 16 17 5 19 35 26 25 34 30 32 24 23 28 42 65 71 55 37 29 33 30 42 0 4 33 40 14 0 17 42 38 31 41 35 9 3 15 19 16 12 6 25 21 13 6
23 41 86 102 55 48 52 36 26 23 36 35 85 26 12 31 46 33 21 23 25 38 38 31 15 34 41 32 29 40 48 47 50 35 21 23 44 64 56 32 31 11 13 20 13 14 21 14 12 16 11 11 21 21 16 20 17 7 18 27 15 20 42 52 59 58 58 48 35 40 48 43 30 19 15 19 40 33 27 25 20 12 8 20 29 21 26 52 37 10 9 28 26 14 17 25 20 19 14 10
46 51 70 64 51 43 50 41 22 15 19 18 81 39 28 39 23 10 18 52 27 44 41 29 33 41 39 16 0 16 32 25 13 21 14 20 42 35 9 5 26 21 21 18 10 18 25 17 13 20 17 15 21 19 16 23 14 15 32 39 23 17 34 48 74 75 78 67 41 28 23 13 21 15 4 8 16 43 38 17 8 12 16 25 27 16 23 51 51 19 20 48 49 27 14 12 33 32 25 17
57 45 41 27 52 46 45 29 16 12 19 28 28 51 61 47 25 23 33 55 45 64 74 75 68 57 45 25 4 12 26 23 16 22 27 33 34 22 17 27 19 22 28 28 23 21 21 17 18 23 18 16 23 21 16 21 15 21 36 41 28 19 30 46 71 54 46 43 33 25 15 0 27 31 29 33 12 46 56 48 16 19 23 35 43 30 22 33 23 4 8 28 30 22 16 12 46 42 31 18
40 41 47 43 76 58 36 11 1 10 34 52 49 62 62 42 37 38 32 29 71 83 91 96 49 51 65 70 43 12 7 17 43 9 13 37 41 49 51 31 17 18 23 31 29 15 11 20 24 24 15 14 25 24 15 15 18 18 17 18 18 21 40 65 58 27 8 9 12 18 21 14 0 9 19 32 0 18 29 33 25 33 40 50 57 40 20 18 15 16 23 25 27 48 69 71 25 26 22 14
19 38 55 54 60 42 24 13 9 14 32 37 98 51 36 46 60 58 57 65 128 109 75 54 3 32 65 79 50 0 0 31 55 6 8 37 44 61 62 22 19 18 14 18 21 8 5 24 26 24 13 12 24 23 12 10 14 15 9 10 19 21 35 61 44 22 16 24 21 19 23 24 21 23 31 44 30 24 16 13 23 43 55 57 51 31 15 17 11 7 5 6 23 52 51 21 0 8 17 20
17 32 38 37 20 21 23 29 38 26 28 25 81 35 33 59 75 67 88 136 160 114 57 28 0 30 43 44 36 2 11 76 86 48 26 28 36 51 50 28 18 24 13 7 15 11 8 22 23 24 15 12 20 17 8 9 10 17 12 14 25 23 31 59 54 34 34 43 33 19 16 15 24 23 22 19 30 16 2 0 21 41 48 43 35 20 12 17 33 21 15 20 38 56 38 0 2 13 24 27
21 27 23 30 8 27 32 39 55 38 40 47 32 37 54 62 50 29 62 138 110 68 31 27 15 44 31 22 42 34 47 113 140 101 38 11 34 50 42 37 13 31 20 4 16 21 14 16 19 24 18 13 16 11 5 10 15 20 8 4 18 26 47 87 85 47 25 24 16 7 8 9 19 23 19 0 28 21 19 15 23 33 29 21 22 18 11 13 20 21 27 25 19 32 51 55 22 28 30 26
21 30 25 1 36 39 45 40 55 64 54 31 28 46 52 42 19 31 48 41 97 41 25 41 24 46 32 7 57 52 67 107 129 94 57 36 41 64 66 44 27 26 18 9 9 17 21 18 18 15 14 16 15 11 10 13 15 22 16 10 15 23 39 60 67 41 16 0 33 17 16 23 37 48 38 0 99 80 68 52 31 32 44 60 59 38 19 12 17 19 25 29 3 41 71 69 25 24 24 28
60 55 40 14 39 38 46 49 55 61 60 48 38 36 35 32 71 116 104 76 108 53 26 21 0 21 44 27 82 63 50 75 80 62 52 57 74 92 82 50 26 26 20 11 10 17 23 23 15 12 12 15 15 12 12 15 26 26 15 8 15 16 16 23 19 18 16 4 25 8 9 16 28 31 28 19 120 105 71 34 15 24 51 81 88 64 31 13 7 5 10 15 14 47 54 28 14 20 26 29
53 64 65 42 42 27 32 39 63 56 46 37 29 30 44 60 94 92 98 102 70 55 71 35 0 10 44 38 85 61 32 42 39 31 37 52 69 80 63 28 17 19 17 11 9 14 20 24 16 13 14 18 19 17 17 21 36 36 25 17 20 17 13 19 20 27 27 9 15 2 0 0 17 30 40 38 78 58 33 16 17 22 41 65 72 51 21 3 2 12 26 23 23 34 37 16 23 33 38 34
58 85 88 48 15 7 27 45 65 54 41 34 40 59 86 105 44 0 40 98 56 54 58 47 10 18 14 39 67 63 55 62 31 24 26 31 34 40 32 10 5 11 15 14 12 14 20 25 14 11 12 16 17 15 16 19 24 31 25 17 16 16 22 37 50 49 36 17 21 25 20 7 14 30 39 31 18 8 15 30 32 24 20 23 23 17 12 11 20 22 38 38 32 20 24 21 36 43 40 26
32 86 116 90 44 31 20 4 11 14 13 15 32 56 67 64 66 15 0 6 16 33 7 88 81 80 16 58 36 27 25 18 28 26 30 30 22 24 25 16 0 6 14 18 17 16 19 24 11 8 8 12 12 10 10 13 11 15 9 5 11 12 15 25 44 49 46 41 41 56 52 35 14 13 10 16 15 30 42 53 32 27 22 17 13 16 26 37 34 12 24 50 40 19 12 11 28 32 28 16
56 76 70 41 8 35 49 42 22 27 26 28 45 65 65 51 62 33 22 16 20 41 0 35 49 43 0 54 28 29 30 19 17 20 33 36 23 17 18 12 0 0 7 12 12 8 9 14 15 12 12 16 16 14 14 18 24 20 8 8 24 26 16 13 35 52 66 71 48 52 39 22 7 11 11 19 29 42 42 39 24 33 40 40 34 29 33 38 18 8 40 87 37 14 9 18 21 22 23 24
28 40 44 45 15 40 54 57 42 34 26 27 40 54 60 59 98 62 36 21 0 29 57 32 61 24 23 56 41 37 22 15 15 14 22 25 15 13 15 11 8 4 3 6 5 1 2 6 17 14 15 20 22 20 21 25 36 35 23 19 31 37 39 47 53 59 63 69 33 32 15 0 7 30 40 27 32 28 25 22 27 34 38 36 29 25 26 28 13 29 80 129 29 20 25 36 25 17 18 29
19 35 58 78 34 36 49 67 50 35 31 44 55 58 67 80 118 113 37 16 5 14 71 52 103 32 75 69 69 65 40 43 25 13 11 12 10 18 32 33 25 16 9 8 7 3 4 9 11 9 11 16 19 18 20 24 27 36 30 19 19 31 59 91 68 49 33 42 17 32 20 3 17 44 50 26 43 38 38 34 33 28 17 6 4 14 27 36 35 51 93 143 28 43 43 34 26 8 3 15
42 77 70 36 67 58 37 27 29 52 57 40 53 56 37 56 100 102 34 35 35 29 60 2 35 34 101 104 92 63 56 59 35 35 29 19 15 21 29 34 23 15 18 20 10 9 16 18 23 17 2 0 12 17 17 24 30 36 25 22 0 32 58 78 63 55 23 14 36 29 3 3 8 40 37 26 44 49 41 52 52 34 23 19 19 31 38 30 30 41 41 28 26 38 44 39 17 21 20 15
37 56 61 50 77 50 20 7 36 49 57 46 54 50 15 11 30 46 29 54 43 14 40 25 36 52 86 51 47 49 59 70 64 54 41 29 19 14 17 23 20 11 12 14 7 11 24 28 12 11 4 6 17 17 12 18 24 25 15 18 3 25 27 29 25 36 44 34 18 15 13 3 3 19 17 14 32 38 26 20 17 26 41 38 17 12 23 27 30 29 18 5 12 29 33 23 13 30 42 36
23 19 31 45 78 55 40 33 24 23 34 31 39 44 14 0 24 15 16 49 40 9 38 77 68 99 81 4 7 34 47 59 76 64 48 36 25 15 11 12 13 10 22 30 23 17 16 10 10 16 17 23 30 22 14 19 28 27 14 12 0 10 8 12 31 26 37 28 5 22 38 15 14 14 17 18 20 29 31 20 8 4 14 23 22 25 26 17 8 22 31 32 35 41 33 19 39 39 34 26
50 24 21 24 51 43 47 44 50 30 25 8 9 34 37 35 39 3 6 46 60 36 38 84 66 142 131 42 14 21 36 66 47 46 35 22 21 28 28 21 11 11 26 38 31 20 13 2 12 20 25 33 37 25 17 26 24 29 22 13 1 0 6 24 43 26 21 16 11 28 42 31 34 26 37 36 18 31 56 54 37 9 0 16 40 58 55 37 10 25 41 52 61 59 36 11 20 14 8 7
55 33 21 5 27 30 40 31 27 38 72 72 59 52 24 4 26 0 17 65 95 63 20 39 52 84 53 23 39 47 19 1 33 40 26 2 7 37 50 38 15 7 13 21 18 19 23 20 7 13 18 28 33 22 19 32 21 25 20 14 19 8 10 28 28 27 18 21 31 21 21 45 48 28 40 49 32 48 76 71 35 19 19 31 36 41 43 37 30 24 17 22 40 49 34 10 13 27 43 51
38 40 33 9 30 27 23 9 39 45 54 36 30 40 37 45 56 38 39 66 86 50 13 33 53 73 58 51 28 29 46 61 64 67 43 5 1 31 46 36 15 7 12 20 17 17 19 15 6 10 16 28 36 25 22 38 46 31 13 9 42 32 27 37 39 28 5 16 43 30 23 57 54 21 27 51 57 71 78 56 25 22 36 48 37 22 13 5 13 18 18 14 15 25 36 41 30 28 27 26
63 77 67 33 48 23 3 0 22 31 32 17 31 45 35 48 81 65 39 50 58 22 15 54 66 47 30 52 16 23 56 57 65 63 45 18 8 17 24 22 18 12 20 30 25 20 16 7 16 19 26 41 48 32 22 33 45 33 25 32 79 57 38 39 43 20 4 17 36 39 45 62 52 16 15 43 62 71 65 41 33 25 39 56 52 37 23 10 10 23 32 25 16 19 34 47 53 33 15 12
75 93 79 48 68 39 24 37 33 45 41 29 53 56 22 25 42 39 19 48 61 14 8 45 36 16 27 79 30 28 51 24 17 16 17 19 15 8 9 15 28 16 17 24 23 26 32 29 25 28 35 51 55 32 13 19 3 20 49 76 122 73 29 19 5 2 29 43 24 27 53 58 43 13 9 31 47 52 47 36 14 8 21 37 33 28 33 36 56 38 17 11 20 27 21 9 6 10 22 34
51 57 39 13 54 65 72 75 53 57 42 46 79 86 53 28 51 72 31 54 35 44 28 18 12 0 34 53 35 44 48 25 10 18 39 46 9 17 12 10 19 23 16 10 19 24 27 35 27 37 31 46 22 43 52 25 23 10 71 120 91 56 26 22 4 19 28 30 28 22 31 56 51 14 17 36 29 32 41 28 16 19 24 18 5 14 31 36 25 11 1 8 23 26 11 0 0 6 17 26
44 62 55 28 32 55 73 73 37 33 22 34 48 72 63 49 74 63 47 56 29 42 53 11 9 25 46 22 0 34 55 30 34 34 40 49 23 34 25 16 14 16 8 5 18 25 27 34 26 21 34 19 28 13 33 44 29 19 51 85 52 32 27 38 52 33 18 26 36 27 32 57 62 25 27 42 30 27 38 33 24 23 31 34 28 30 34 27 3 15 25 21 10 7 18 30 17 17 18 21
64 89 92 61 41 46 46 30 25 17 14 25 3 40 50 37 67 45 34 36 33 36 63 53 32 28 26 18 8 19 35 31 34 36 31 37 13 22 17 11 17 31 36 36 35 27 23 31 20 20 24 68 24 44 19 23 3 23 51 89 58 38 43 58 55 39 36 56 55 23 18 50 78 49 47 53 34 24 29 24 28 32 46 50 36 29 30 25 23 23 21 14 9 14 28 40 29 21 14 13
74 78 70 43 78 71 66 55 40 44 51 52 5 48 64 38 38 54 32 36 52 29 31 92 82 41 10 33 50 40 39 40 27 45 37 40 12 15 22 28 17 13 13 38 73 73 42 20 3 37 49 64 126 65 31 2 15 51 72 103 82 50 34 30 46 40 51 80 81 47 37 65 72 57 53 50 37 34 32 18 23 33 54 54 26 10 19 30 43 25 6 4 18 34 40 39 42 37 32 31
17 25 45 64 175 117 54 19 35 54 66 54 19 63 82 53 40 87 71 67 47 42 30 100 75 40 3 29 55 49 48 30 21 44 27 37 22 27 40 47 32 28 25 42 68 67 49 41 48 16 68 117 119 7 101 99 0 61 82 68 85 96 83 52 48 25 15 38 60 51 44 60 46 40 32 25 29 44 44 28 16 20 40 49 27 10 15 25 21 20 19 20 24 31 39 43 11 14 17 19
47 23 13 29 145 90 37 19 18 38 42 21 23 52 68 53 67 91 88 67 8 72 99 125 32 14 14 71 73 28 29 22 29 45 8 28 39 53 66 64 38 26 9 7 18 20 23 38 13 23 64 105 86 71 134 46 125 37 25 87 208 163 83 61 59 34 15 22 30 14 11 32 44 33 17 13 25 38 39 33 19 5 17 42 44 30 20 12 13 22 33 36 31 25 21 20 16 21 26 28
40 16 10 36 85 60 30 22 30 38 32 13 60 51 55 65 77 61 55 32 2 80 117 123 34 31 63 134 100 26 39 40 58 70 19 38 58 75 92 91 91 53 14 22 59 70 56 49 35 40 68 125 255 116 18 14 101 137 202 139 212 183 106 55 100 74 59 65 51 10 3 38 63 41 28 41 49 31 23 37 34 6 8 37 49 38 22 9 23 24 27 30 28 22 12 4 22 20 16 14
57 33 26 49 17 25 25 28 34 32 25 16 96 54 46 76 69 37 25 12 38 63 55 69 47 71 97 124 70 31 64 40 62 81 25 36 47 61 87 95 93 90 79 68 52 26 15 27 104 177 255 251 189 133 73 127 23 80 210 166 255 233 174 161 133 82 55 74 73 28 17 53 71 45 45 80 84 38 19 47 49 17 12 34 39 28 20 15 15 19 21 18 13 13 20 27 42 31 17 10
46 53 51 59 14 39 62 37 43 26 34 39 52 30 39 50 58 38 21 39 59 15 27 34 54 76 63 24 43 29 31 49 42 47 6 41 21 28 42 58 77 84 87 92 119 71 39 47 134 205 237 230 155 213 66 148 117 91 99 248 251 249 255 248 178 54 28 147 62 37 43 52 53 20 50 96 81 36 12 42 44 24 15 39 23 23 21 34 35 33 22 8 10 25 34 32 27 27 27 29
48 62 46 22 53 53 71 60 39 27 30 30 52 35 43 56 42 26 22 46 4 2 46 56 115 51 66 56 53 21 59 50 40 56 17 38 31 24 30 41 57 84 60 73 64 42 20 84 187 245 255 251 255 166 0 133 163 157 135 253 224 243 251 254 157 40 42 144 59 40 28 51 25 0 29 72 68 32 10 35 29 24 24 44 23 26 30 46 44 38 27 20 29 40 34 18 0 12 31 40
39 57 43 13 40 49 91 101 57 35 21 25 68 50 33 29 39 39 41 32 2 12 89 133 160 35 51 69 76 23 64 46 46 75 29 47 63 56 44 50 49 34 63 33 87 99 156 139 168 208 224 213 159 75 156 179 168 156 165 226 255 253 250 198 124 9 0 50 0 42 32 36 26 35 54 38 39 47 29 12 19 29 37 48 18 21 27 42 51 48 39 31 33 37 29 15 3 13 24 31
69 45 13 19 0 56 95 74 65 47 37 43 74 34 7 9 55 67 82 55 121 67 81 105 136 34 27 55 84 34 39 35 49 90 19 38 50 52 15 26 35 30 18 24 85 129 148 146 121 165 204 254 255 230 255 75 216 185 230 255 255 253 235 115 117 99 94 85 1 46 63 50 54 68 71 23 26 43 35 16 35 52 58 58 18 18 19 25 31 36 34 22 14 17 26 31 47 31 13 6
109 108 87 69 2 24 60 50 56 63 84 81 68 12 17 56 38 25 50 64 170 116 89 87 75 31 28 58 55 34 25 25 5 73 3 41 44 71 42 84 45 107 60 46 102 38 32 201 216 255 255 227 255 147 34 161 80 243 253 255 250 231 107 132 201 151 61 73 74 132 116 5 58 35 40 27 43 18 20 52 66 78 77 71 30 28 20 17 10 15 16 10 6 13 27 38 52 34 13 5
84 64 26 22 95 108 95 45 28 37 67 60 40 9 42 79 66 32 57 80 65 38 29 40 47 30 49 75 27 29 35 28 8 77 9 36 13 22 0 52 55 71 31 28 143 99 117 255 255 231 243 249 242 255 236 255 160 237 255 247 240 251 136 93 149 107 12 45 55 80 90 10 37 17 31 24 57 24 23 55 71 75 70 68 34 33 23 19 25 21 17 17 22 25 24 21 14 17 22 25
45 41 16 11 70 71 55 9 5 5 30 16 10 24 63 55 10 8 63 82 21 9 23 57 72 57 52 64 52 40 36 45 14 58 12 44 62 62 55 90 52 71 50 86 34 79 104 179 244 255 243 255 212 56 66 103 224 248 255 137 92 65 31 17 73 67 33 71 62 48 44 1 31 31 42 10 55 39 28 29 47 46 42 50 23 26 21 23 36 29 24 25 29 27 20 13 5 12 20 25
27 31 33 54 23 52 66 32 22 33 65 37 26 63 106 69 1 5 43 28 38 38 62 110 110 92 37 31 103 62 21 61 12 23 0 37 115 113 115 120 67 32 27 78 68 96 108 118 221 245 223 188 253 212 255 239 252 255 255 153 104 100 40 18 52 29 3 37 64 84 56 5 43 25 27 0 53 27 12 17 26 24 23 37 14 19 20 29 15 16 18 18 16 16 21 27 33 22 10 6
81 66 30 8 28 55 64 64 54 40 55 34 2 71 151 140 71 57 53 37 14 17 51 92 95 77 52 43 77 49 3 63 38 45 23 45 71 153 237 228 149 56 0 4 30 57 90 112 207 241 127 129 250 255 238 242 245 250 157 58 106 102 60 43 27 2 21 15 75 81 29 15 22 53 16 51 28 35 31 11 27 33 45 42 24 22 32 34 20 9 10 11 2 6 24 34 44 26 18 19
54 53 30 11 30 57 53 34 20 38 70 48 0 37 107 119 60 50 101 85 41 55 43 14 43 51 44 40 52 71 26 79 55 73 56 39 83 159 244 231 173 63 23 29 45 0 190 242 255 186 129 228 199 253 249 254 231 155 148 145 46 24 41 17 35 40 53 37 50 61 6 3 11 43 21 67 52 57 55 43 45 60 70 54 34 39 49 42 34 16 11 16 15 17 18 13 36 35 40 42
52 55 41 29 51 84 79 49 50 64 77 57 25 28 49 52 15 28 89 89 82 78 32 39 33 35 44 49 21 73 39 109 77 63 126 126 112 149 224 152 139 82 109 86 59 11 223 233 220 115 43 123 248 255 207 251 253 222 110 0 67 76 75 72 28 57 61 39 20 42 1 16 5 28 10 57 56 67 63 48 33 50 55 31 16 36 52 41 30 17 18 26 29 38 48 46 43 45 44 40
65 51 33 26 41 67 66 41 7 15 14 20 38 47 48 54 20 20 41 48 56 69 59 49 41 51 39 67 0 110 47 91 43 127 220 249 121 217 246 189 231 236 244 191 89 86 240 240 255 247 233 208 215 248 247 239 239 119 74 31 49 42 70 20 28 44 38 16 11 31 14 36 15 27 3 29 41 70 69 47 25 28 24 6 1 25 42 32 13 15 24 22 10 21 51 70 70 60 37 21
77 44 29 34 35 37 30 12 26 39 25 10 16 6 5 33 40 19 30 47 12 76 136 1 35 8 98 0 51 55 89 40 27 57 162 208 252 238 241 255 251 247 173 255 253 224 241 144 65 239 239 67 255 255 255 246 255 128 43 84 27 34 43 80 50 36 23 6 33 30 22 33 33 51 28 18 23 66 80 64 40 28 21 18 20 33 37 25 45 51 57 43 17 18 44 62 72 67 40 19
67 31 33 58 58 50 43 29 33 49 31 12 18 13 18 54 41 58 74 112 59 69 131 4 63 37 117 69 56 16 85 125 174 169 246 144 255 253 255 182 230 162 150 202 235 255 196 185 68 255 251 167 239 220 196 246 255 173 86 90 40 55 39 42 62 42 30 21 59 36 26 26 45 67 54 19 7 40 60 56 29 16 16 27 35 41 36 19 17 20 28 22 5 4 10 8 32 50 38 17
67 32 34 55 51 54 61 49 41 50 31 19 35 37 36 55 67 106 111 151 115 52 64 19 103 63 139 127 100 0 109 207 186 190 249 216 178 241 246 255 255 255 113 230 255 241 255 173 168 179 255 253 243 168 196 241 231 174 134 106 78 29 27 42 55 62 49 43 53 34 21 25 42 47 44 20 15 29 33 28 12 9 12 16 24 40 40 20 4 10 24 30 26 27 23 7 12 38 27 6
113 70 53 45 28 40 59 47 53 69 61 51 62 64 61 74 78 81 90 126 106 79 79 17 57 36 95 93 102 20 112 150 72 102 234 243 255 248 220 253 228 215 123 255 237 248 227 172 234 141 251 255 185 150 177 176 99 81 79 106 81 80 60 43 51 85 65 54 27 20 8 23 33 15 16 22 45 51 33 19 24 28 25 11 12 40 49 28 19 29 45 49 39 36 31 17 33 47 22 0
117 164 108 16 54 55 39 49 66 67 98 94 43 30 46 37 51 13 37 57 38 71 85 19 8 0 54 56 56 45 14 66 86 67 126 237 247 245 255 183 254 162 165 221 236 255 253 245 196 229 230 241 213 148 119 103 17 17 59 60 91 71 78 48 39 41 48 75 12 41 49 52 40 19 18 32 73 57 40 28 33 42 31 10 13 38 46 33 27 53 60 45 33 44 48 42 46 57 53 32
91 144 113 39 26 53 46 30 27 51 74 67 37 22 33 49 28 11 22 20 16 76 111 65 31 21 51 60 2 75 41 36 59 53 84 254 237 224 239 253 253 255 233 255 254 232 250 255 246 250 255 213 240 132 82 33 19 22 37 35 48 52 58 41 6 19 38 61 18 37 54 68 40 24 22 30 68 55 39 24 23 32 29 16 19 38 44 36 34 39 45 35 90 123 119 65 49 60 57 38
55 83 90 79 21 29 26 19 10 42 56 57 60 48 44 63 51 37 43 51 43 54 83 98 73 44 59 64 72 83 35 51 0 42 82 247 255 255 255 241 136 248 213 233 255 211 255 202 217 254 239 162 174 109 27 0 45 46 37 33 30 41 38 32 14 13 21 40 46 48 44 42 34 22 19 18 54 47 36 20 33 36 30 17 15 27 38 41 61 44 35 9 100 150 151 72 26 35 35 22
26 43 66 70 24 25 41 51 42 48 53 67 82 77 56 43 43 45 49 59 50 19 28 78 94 35 31 50 94 50 0 52 0 44 58 41 29 70 229 255 230 255 240 117 247 255 224 251 109 243 229 61 55 100 47 0 37 28 22 26 35 24 14 14 36 22 19 30 70 54 33 21 36 28 21 10 42 40 35 21 33 36 37 31 25 24 31 38 64 55 44 10 68 104 108 51 10 19 22 18
13 53 62 16 15 45 82 83 69 42 46 61 58 60 48 9 1 39 32 18 41 43 37 63 90 32 5 43 19 52 23 51 36 16 49 19 28 72 246 250 249 236 255 149 247 235 255 196 230 255 245 95 103 49 38 61 29 8 18 28 67 28 25 33 42 33 32 32 73 50 48 60 66 56 43 23 46 41 38 27 22 32 44 48 41 31 28 31 33 45 50 41 50 61 56 34 24 29 34 37
19 47 50 6 24 28 51 60 55 21 27 37 23 37 48 18 13 52 31 17 64 74 48 55 62 37 13 33 46 73 62 102 87 35 65 49 19 55 135 106 125 245 248 44 234 255 237 255 163 179 143 55 70 83 78 72 56 34 45 47 93 44 49 67 67 46 35 35 74 58 66 85 92 78 64 43 57 42 37 31 43 45 43 34 25 23 29 35 30 36 37 41 35 38 34 34 23 24 28 34
31 28 31 34 30 8 11 33 39 17 14 24 33 51 60 47 62 101 68 29 54 55 30 39 42 33 15 22 90 63 56 127 142 55 42 32 32 99 80 24 66 214 170 64 252 249 238 243 104 92 35 52 29 63 53 55 50 49 48 36 58 24 26 53 74 45 30 38 61 44 42 53 70 57 51 40 55 34 29 28 54 49 33 11 4 16 34 43 52 37 29 17 27 25 33 31 15 12 16 24
37 32 28 40 11 27 37 47 47 35 15 25 64 77 62 54 103 176 129 20 10 45 49 53 70 47 15 47 39 60 57 107 100 34 56 33 19 37 6 14 53 36 49 93 246 210 114 135 70 53 28 31 6 9 41 22 18 43 33 17 15 3 0 30 37 27 33 44 32 1 0 18 27 17 21 22 44 21 18 22 23 29 24 11 12 28 42 44 54 36 39 12 41 26 38 21 27 22 26 37
45 13 19 46 7 28 57 61 51 17 20 50 64 69 63 43 93 133 108 30 52 73 79 67 74 36 16 29 1 67 64 48 44 50 90 64 30 19 0 25 59 0 9 107 118 86 94 0 37 4 58 32 0 16 46 15 21 44 45 37 40 30 17 23 31 23 17 26 31 12 1 14 22 25 21 27 10 28 28 26 20 19 10 26 17 25 19 28 36 16 16 7 24 28 39 21 18 19 24 32
36 26 27 19 12 22 51 64 38 21 20 23 23 43 52 32 6 35 45 38 44 75 64 24 34 24 24 40 6 48 41 42 33 74 126 84 44 43 20 27 77 62 24 70 54 121 118 31 38 27 42 28 19 29 35 22 18 32 37 31 23 10 5 13 11 25 34 45 47 19 1 18 35 34 30 38 16 27 30 36 14 23 27 46 33 34 23 29 20 18 30 18 23 17 30 21 12 13 18 25
26 33 29 0 26 20 33 39 27 5 21 47 35 18 22 26 28 19 19 35 13 59 54 8 22 26 30 47 22 40 21 38 63 95 125 73 31 30 3 0 12 39 40 35 63 139 132 58 43 53 22 24 41 42 35 46 34 20 17 18 10 6 11 14 13 30 29 34 46 23 5 26 25 23 21 33 12 23 28 38 12 28 38 60 48 50 39 45 27 16 18 10 30 27 30 14 9 8 12 18
30 33 33 24 45 33 20 11 22 4 27 59 45 19 13 13 57 47 40 38 28 76 90 59 45 40 30 43 41 47 17 38 75 67 68 41 35 50 40 42 27 61 48 77 48 93 14 8 44 60 10 27 41 42 46 69 56 14 0 7 8 18 31 29 30 36 19 20 47 34 10 22 44 43 33 32 6 15 7 0 24 35 36 52 41 48 39 43 39 24 15 3 33 36 36 23 18 16 19 25
32 27 36 61 43 35 19 13 15 20 28 19 17 45 52 18 47 79 85 54 71 85 86 65 46 39 27 35 46 44 15 41 43 30 19 6 19 48 56 60 46 23 59 50 78 28 3 35 32 42 13 37 27 27 44 60 49 12 2 10 8 17 35 38 33 41 29 30 50 39 14 15 13 23 21 28 25 59 54 33 40 43 32 40 28 35 20 18 31 36 33 12 29 21 29 35 31 28 29 35
20 14 22 52 18 17 16 29 15 13 17 16 27 70 90 66 74 119 106 41 60 47 37 34 22 29 36 38 39 28 8 35 67 82 75 43 32 50 61 56 52 38 54 92 68 40 0 27 21 23 24 39 21 16 27 29 22 16 19 19 6 4 20 33 34 41 36 27 24 21 22 28 26 31 22 27 24 56 44 16 48 50 38 45 34 41 21 13 24 33 30 9 29 15 12 15 28 24 24 30
28 24 12 16 24 27 26 40 31 12 21 38 41 57 78 78 76 105 74 26 36 35 28 44 33 42 60 51 39 21 3 20 46 69 68 42 20 27 52 63 41 22 63 95 93 59 35 22 28 24 34 26 32 26 17 18 17 28 28 19 13 8 15 31 36 30 29 16 0 13 35 36 12 5 0 19 21 46 41 30 62 66 53 56 41 48 31 24 28 35 25 6 35 22 12 14 20 15 14 22
60 56 19 0 65 66 50 51 49 43 41 23 4 22 43 34 44 66 48 49 46 52 28 38 72 70 82 63 45 26 5 5 34 33 26 24 10 7 48 88 62 36 33 95 61 84 68 55 45 36 39 10 47 44 20 29 34 41 25 12 23 27 25 36 31 17 24 25 12 29 45 24 26 6 0 26 22 32 30 37 83 86 67 58 33 38 24 22 30 51 47 19 37 22 29 52 21 15 15 22
91 103 69 63 76 56 44 23 42 50 31 15 28 34 33 43 52 50 54 46 61 42 41 44 64 65 50 24 8 16 23 22 32 40 61 79 18 5 33 80 60 14 30 69 62 93 82 54 49 35 29 7 45 40 34 34 41 48 44 20 43 34 37 38 23 33 16 10 34 31 15 24 31 34 26 26 4 20 22 24 70 62 43 30 26 14 5 12 35 24 23 15 4 26 72 95 74 15 11 49
55 108 95 88 51 31 11 5 14 30 26 18 24 31 47 76 72 37 20 28 76 73 63 50 57 51 33 15 0 19 35 38 34 35 50 77 43 34 30 39 9 2 45 81 93 66 38 43 28 26 28 17 21 11 15 29 39 37 34 31 51 49 42 34 24 25 12 10 21 13 5 18 44 60 56 50 19 25 27 40 75 51 30 32 37 23 23 46 36 28 21 0 18 22 72 115 83 32 32 67
75 125 93 76 21 33 17 17 12 20 20 21 24 24 42 74 54 25 20 38 81 63 50 45 44 53 56 55 11 24 33 36 26 23 28 48 39 40 22 5 26 30 54 64 95 40 1 31 43 29 20 38 27 27 22 25 30 39 52 62 43 38 35 37 29 19 12 13 15 14 22 37 40 60 52 51 35 46 48 70 91 51 25 37 47 30 34 68 66 46 27 0 42 19 45 81 67 33 40 70
111 134 93 62 29 67 68 65 26 12 7 20 30 24 25 38 34 16 27 48 73 34 19 25 34 59 81 88 24 22 27 35 36 34 29 29 28 39 35 25 24 53 63 47 46 24 5 46 62 39 16 60 40 49 37 29 17 28 46 66 26 23 22 28 26 17 15 15 18 35 53 55 34 41 23 30 35 54 50 65 70 35 9 19 31 18 21 52 76 40 24 30 61 35 25 27 12 0 9 33
48 60 55 29 23 52 57 43 61 40 41 65 76 68 62 63 41 12 18 50 90 54 27 20 34 45 55 58 16 16 28 44 38 36 28 17 25 30 34 35 29 29 6 20 41 104 50 6 54 42 14 62 27 34 29 27 9 3 8 34 14 25 16 6 17 20 22 19 26 49 55 38 29 29 15 27 26 39 29 34 61 46 29 31 44 44 48 67 48 8 14 66 55 52 34 17 13 14 25 38
42 25 32 29 49 71 57 27 34 22 34 55 53 46 51 55 36 18 38 81 127 90 56 40 40 30 25 25 30 24 24 29 31 23 19 16 35 22 21 27 27 52 47 52 16 94 63 26 58 48 1 43 25 33 26 15 13 15 16 19 8 14 10 3 18 30 33 31 42 53 41 19 12 13 20 42 24 34 32 32 27 32 23 15 22 31 39 52 43 9 21 77 26 36 33 23 17 27 32 29
63 18 10 27 36 61 30 9 32 21 34 47 37 38 54 59 34 31 57 83 109 69 48 44 37 30 29 24 66 36 21 19 38 26 27 29 50 22 32 63 91 78 45 40 19 78 46 19 62 55 0 24 33 41 35 18 30 49 52 24 15 8 13 15 25 35 32 38 57 54 42 48 31 14 24 49 21 37 46 36 24 36 32 22 25 36 55 76 66 35 28 52 11 16 20 22 42 57 54 39
70 35 29 53 17 35 2 12 44 26 32 42 38 52 73 75 60 41 35 31 46 19 16 25 29 33 41 26 82 38 30 41 33 21 24 23 37 4 38 101 105 61 14 12 28 57 22 12 38 55 1 18 24 25 38 38 45 61 56 18 33 27 27 18 27 29 19 32 60 53 55 93 89 41 30 46 11 31 39 14 16 28 29 25 31 45 76 112 75 41 17 18 20 21 23 28 48 66 59 38
57 31 32 71 8 24 17 5 41 33 27 43 26 55 58 49 36 40 37 37 4 22 21 10 13 7 25 11 33 27 27 37 36 37 17 31 55 30 27 44 35 6 15 51 61 58 47 26 43 57 50 26 38 3 4 40 46 19 6 21 37 33 24 22 29 31 30 19 42 13 31 78 69 27 14 36 46 37 23 13 19 42 31 5 47 53 68 98 72 42 23 0 16 25 32 6 11 26 46 60
32 44 30 36 39 37 8 8 20 16 29 64 46 42 21 9 24 48 50 28 7 30 40 30 12 11 35 27 20 14 28 60 86 78 60 48 24 11 36 43 26 9 25 51 48 40 34 19 26 32 48 38 39 18 27 36 43 19 4 12 23 23 19 18 31 32 34 33 59 26 13 24 35 22 28 50 65 60 37 9 16 25 11 0 44 40 32 41 53 40 32 18 46 50 43 15 0 24 55 68
32 27 30 18 25 31 34 10 23 12 27 66 54 36 16 14 40 71 70 30 32 49 49 24 26 20 36 39 17 28 48 88 91 92 97 82 17 12 55 53 34 20 28 34 19 21 35 34 25 19 40 30 25 24 48 38 33 21 13 18 25 24 20 17 28 28 27 23 40 23 12 8 28 36 46 56 69 70 45 12 14 28 27 12 38 17 14 33 76 67 43 15 50 55 47 30 37 44 47 44
47 37 41 21 6 17 45 38 65 47 41 54 51 46 49 60 107 107 76 23 55 75 78 57 15 6 15 30 16 41 33 40 74 59 57 82 58 61 63 29 45 32 31 25 10 24 44 40 23 25 37 18 23 24 38 25 18 20 26 35 38 32 22 15 15 22 28 18 14 17 27 28 42 47 41 37 46 49 35 21 14 31 38 21 31 9 27 64 105 95 53 8 38 37 32 29 40 37 28 20
44 78 60 37 27 15 15 65 43 42 34 20 24 28 32 32 32 40 44 38 80 66 38 8 31 35 43 58 56 78 38 15 31 50 56 84 49 36 48 70 50 41 41 34 24 39 43 18 8 36 41 19 43 27 12 4 10 14 24 35 35 25 15 12 8 20 39 43 28 42 53 43 56 50 34 31 38 27 16 24 32 37 40 24 33 16 37 68 79 77 51 17 43 31 25 29 28 45 63 68
39 62 70 66 31 16 19 46 29 57 68 50 66 68 61 40 40 33 31 34 52 44 41 43 29 42 47 46 58 73 44 38 80 50 3 45 52 70 68 75 63 52 42 25 18 44 49 17 19 46 38 10 42 27 14 22 18 11 13 22 21 11 11 20 27 21 36 58 49 82 90 64 78 69 52 54 58 26 3 19 68 81 92 62 46 18 38 64 39 38 35 22 42 30 43 63 47 42 42 48
41 21 56 53 23 30 65 35 22 53 66 42 70 77 78 63 44 34 36 52 43 37 25 21 36 50 59 55 87 78 57 81 84 50 13 51 29 65 81 75 60 52 37 9 4 47 72 49 48 48 36 8 27 28 44 56 38 19 15 27 29 20 29 51 56 29 31 58 43 84 94 62 73 68 49 51 58 25 0 16 74 100 121 86 56 27 50 72 35 24 33 28 34 20 55 91 103 59 25 28
38 24 33 0 40 55 92 67 45 57 46 7 37 54 78 85 73 53 44 65 47 55 35 16 16 33 58 70 118 70 25 51 69 39 29 69 13 52 70 32 31 38 37 13 9 58 91 73 60 40 42 25 27 34 67 67 54 30 27 46 52 43 55 84 70 40 42 65 30 59 61 25 35 34 12 10 27 12 0 19 46 62 80 58 55 48 68 73 47 31 49 48 36 8 46 83 88 47 23 36
35 87 98 7 72 69 70 19 25 63 52 0 18 23 51 88 76 58 44 35 48 71 76 53 32 23 55 107 77 57 34 19 26 76 74 44 19 59 52 24 6 50 52 36 11 52 73 85 49 38 20 0 34 36 48 56 45 33 45 74 42 36 41 56 44 5 16 44 34 68 58 35 40 34 9 19 5 17 27 23 34 27 35 42 31 33 59 83 33 28 30 41 38 26 47 94 103 52 34 45
18 114 103 13 52 33 19 39 39 82 77 0 24 23 44 43 64 39 17 13 40 84 104 90 71 54 60 75 25 17 34 58 43 62 60 35 46 71 65 28 29 60 63 54 27 44 44 48 26 18 15 16 30 20 20 28 26 22 41 69 42 51 48 32 23 3 12 33 32 69 53 28 40 39 19 30 34 44 58 56 43 29 30 32 19 20 46 70 25 10 1 6 21 46 80 104 102 61 25 12
27 68 75 51 32 9 13 50 50 69 71 7 59 41 44 19 25 39 50 47 37 60 81 85 76 58 52 52 0 0 35 76 47 40 41 23 52 55 56 27 29 41 46 55 39 35 24 25 38 31 34 48 26 10 3 11 16 14 31 48 25 63 74 45 10 30 42 39 33 67 49 36 25 27 9 14 34 37 50 50 48 32 33 39 27 16 22 29 0 3 18 18 15 46 80 80 74 67 37 9
22 10 56 117 90 30 4 13 8 7 37 62 123 70 24 0 17 59 89 86 40 35 38 43 54 39 33 45 16 23 47 79 43 31 31 24 34 24 29 28 20 15 20 42 44 32 23 30 40 47 62 78 33 22 9 5 11 17 40 50 12 49 71 49 23 59 56 31 25 58 27 12 36 35 11 8 28 23 30 27 30 45 70 64 24 5 28 58 34 40 60 50 18 25 38 17 26 50 45 26
67 57 65 90 86 24 5 43 37 13 12 56 82 49 23 42 51 61 55 57 30 43 29 14 26 19 14 32 15 22 35 62 48 39 28 40 27 22 18 35 27 12 19 40 50 32 27 34 5 34 59 71 31 34 20 2 4 30 71 84 25 24 29 18 86 111 87 50 50 81 37 15 18 17 0 13 36 48 61 57 61 53 47 32 13 16 35 43 38 14 18 28 29 58 84 71 19 29 22 15
43 66 118 125 65 25 28 29 48 62 73 102 78 46 16 34 52 40 10 19 7 42 23 1 19 34 45 64 38 26 20 42 54 44 28 52 41 45 28 37 28 17 28 36 47 29 32 37 6 29 37 24 6 26 30 17 20 51 85 94 36 16 10 16 69 100 85 43 21 41 16 17 42 36 20 55 59 87 95 83 26 17 13 17 40 79 93 77 57 29 20 25 29 53 82 88 62 34 4 0
38 41 95 119 6 25 68 59 85 98 100 90 58 35 29 42 28 30 9 22 0 32 15 2 37 67 88 111 83 56 28 40 47 44 45 60 63 59 44 37 30 25 33 21 28 19 38 45 30 36 24 0 6 24 42 45 51 71 68 60 27 22 15 29 38 66 66 38 7 24 19 39 43 28 6 51 15 44 35 5 34 77 102 72 37 48 72 72 31 31 34 38 42 53 69 80 74 39 16 14
23 27 36 90 9 40 51 83 81 74 79 64 55 25 26 28 30 37 19 34 7 42 27 18 35 58 70 94 76 53 20 26 38 46 71 68 79 59 56 42 47 42 41 8 10 8 41 53 25 29 24 6 39 41 53 59 68 81 49 29 16 24 7 13 19 16 9 6 4 35 22 26 17 4 0 60 16 62 52 17 29 68 82 44 14 35 56 43 47 48 38 37 53 59 44 30 40 27 33 39
13 8 16 42 18 23 50 94 82 39 29 54 58 40 29 30 23 17 40 52 24 46 36 21 27 24 9 43 39 29 15 10 8 21 52 76 73 65 63 57 62 44 29 0 17 36 74 80 44 45 53 29 20 6 35 56 84 107 72 21 27 39 23 12 0 10 10 0 8 73 76 10 7 24 33 32 41 55 48 29 13 34 34 22 35 35 34 42 59 51 39 29 25 21 13 4 12 13 8 0
25 35 35 36 10 32 56 78 59 30 30 54 58 46 42 43 27 3 15 43 45 83 65 36 38 28 0 16 7 9 17 29 24 29 51 70 67 65 66 63 55 35 24 4 25 34 60 64 38 28 27 14 36 41 55 48 85 80 36 0 19 48 43 26 2 15 28 37 76 135 121 43 30 32 26 15 14 18 11 0 26 36 42 40 39 32 28 29 53 44 32 22 19 23 27 30 26 27 22 13
39 66 59 31 2 44 62 57 29 20 32 52 54 53 59 63 50 13 15 44 52 91 67 31 42 41 19 35 19 17 29 45 38 32 40 49 46 47 52 49 44 37 42 35 36 27 47 64 65 48 31 9 42 63 70 44 47 32 14 7 22 47 43 16 14 26 49 70 101 138 111 36 22 17 14 18 25 29 28 26 10 7 27 50 38 33 33 29 40 33 25 18 18 24 34 43 33 34 32 27
48 82 72 33 3 52 64 43 10 16 35 48 46 54 72 79 69 37 39 54 39 64 45 21 20 34 27 46 23 14 21 34 48 33 29 30 24 25 29 27 30 44 68 68 39 11 35 77 97 86 58 9 26 55 77 57 12 6 23 33 23 31 34 8 26 40 66 73 72 82 63 11 31 23 25 41 50 44 37 37 36 22 53 101 81 82 87 82 29 23 20 22 25 26 28 30 26 29 31 32
