36 40 27 21 30 28 37 67 64 27 35 22 20 12 38 69 43 23 32 25 18 34 29 13 13 10 26 36 15 0 4 21 32 20 10 4 0 0 13 30 37 19 8 13 18 14 8 6 1 9 12 6 6 13 15 10 5 6 7 10 16 23 29 32 43 42 50 62 39 30 60 63 40 23 8 12 28 40 52 58 52 4 10 43 34 19 23 20 30 25 23 21 13 9 21 39 38 37 38 40
18 23 16 21 34 28 33 63 59 36 47 23 23 30 57 76 38 10 12 13 23 48 39 19 9 18 25 23 14 6 11 22 24 15 10 10 7 4 12 24 24 10 3 8 13 9 5 5 9 14 16 13 11 11 10 7 4 8 11 13 22 33 33 25 10 29 38 32 4 8 49 54 21 24 38 21 24 34 46 50 44 19 19 31 24 20 23 17 29 26 28 30 24 16 20 32 40 36 36 43
69 59 38 31 27 0 0 21 48 39 54 26 29 44 62 62 19 0 9 16 33 61 58 49 29 42 31 22 34 32 12 5 14 8 7 13 15 13 18 27 31 23 22 28 26 14 4 3 15 15 17 19 16 10 7 9 8 10 10 11 23 36 37 29 24 44 53 49 16 4 38 52 47 43 67 19 7 10 16 14 29 33 33 27 27 34 33 23 15 16 24 35 35 25 21 25 15 5 4 17
53 38 16 17 25 9 18 61 38 25 42 23 32 40 41 28 28 27 43 35 25 27 20 26 38 46 29 31 65 59 18 2 34 23 15 16 15 11 16 25 32 29 34 41 36 20 7 4 14 9 10 16 15 8 9 18 17 9 4 8 16 23 34 43 46 42 48 74 54 11 20 39 44 18 46 8 7 14 22 24 14 29 27 17 22 27 18 8 21 22 31 45 47 34 24 22 29 13 9 23
53 37 14 11 15 0 12 58 42 7 16 12 30 28 21 9 18 31 53 42 24 9 0 8 29 39 31 40 67 53 25 29 75 56 36 22 10 3 9 21 19 15 16 22 20 10 7 11 13 6 4 8 8 5 11 22 25 9 5 15 13 4 18 45 51 37 33 73 81 42 32 39 25 0 34 43 37 24 27 34 33 37 28 18 22 22 16 16 24 21 27 37 36 21 8 5 23 5 0 3
15 15 8 15 27 22 40 87 56 3 2 6 30 25 21 19 11 21 40 42 45 38 16 27 51 64 61 51 41 19 15 40 77 60 41 27 15 9 20 37 38 24 12 8 4 0 5 15 16 10 5 3 2 3 10 19 24 12 14 25 15 0 5 33 54 50 30 48 71 62 53 43 23 10 59 117 82 28 13 12 42 34 25 18 16 25 41 53 17 15 20 31 32 21 14 14 47 33 19 15
22 33 31 31 37 31 46 88 64 13 15 17 40 35 33 32 34 36 42 40 49 41 15 26 65 76 74 50 22 10 19 34 36 31 28 28 23 23 38 57 68 49 30 20 12 4 5 12 16 16 11 3 1 7 13 16 20 18 20 20 13 6 14 29 41 43 16 17 34 31 37 41 20 23 60 163 118 57 35 16 16 11 16 9 0 16 52 64 23 22 29 41 44 37 35 39 51 46 34 21
47 60 53 39 34 24 37 75 64 26 35 35 52 46 40 34 23 27 30 24 32 25 7 28 37 46 49 32 20 34 46 37 1 6 17 27 27 27 41 60 67 51 38 32 24 12 5 6 14 19 16 5 4 13 18 16 17 22 19 8 7 20 32 36 32 31 8 17 25 7 25 61 44 42 50 170 128 78 53 15 14 20 39 26 0 20 61 63 16 15 20 29 27 17 15 20 39 41 33 17
43 9 52 25 38 14 21 58 34 15 33 34 37 49 30 25 16 25 14 9 26 28 17 19 18 30 25 15 35 71 73 48 17 17 28 27 32 30 19 38 23 19 25 36 33 15 0 0 18 18 11 11 18 14 9 16 25 30 43 0 16 36 39 40 28 26 15 29 26 2 23 58 48 24 39 74 79 63 37 5 6 10 31 27 4 23 52 45 22 20 22 27 28 23 18 17 40 36 29 20
41 2 33 11 37 23 21 39 12 0 21 20 11 18 16 29 18 16 4 8 41 64 55 38 40 23 7 21 68 101 77 30 16 17 26 23 33 34 14 20 11 10 17 27 25 13 7 10 11 10 3 4 12 9 7 15 20 47 76 27 17 21 33 47 45 30 17 42 38 0 14 53 38 14 15 24 12 8 19 22 36 14 16 30 27 23 23 15 8 9 16 29 33 27 25 33 50 46 40 34
65 33 55 30 51 40 34 40 19 4 19 23 14 15 19 34 26 20 19 27 47 71 67 41 29 11 4 27 62 74 52 23 16 17 22 16 33 46 25 21 20 20 24 27 18 5 5 13 10 9 2 1 9 6 3 12 34 63 90 45 18 15 30 44 37 27 9 24 23 0 7 31 21 7 10 18 12 17 42 60 48 27 11 22 39 32 13 7 21 18 19 31 37 25 26 46 66 58 48 41
53 44 66 40 42 32 34 44 53 25 23 37 42 41 36 35 25 25 43 52 37 38 46 40 11 10 27 56 67 54 37 32 23 26 25 9 25 46 29 22 28 30 31 26 11 0 0 8 15 15 8 8 14 7 1 7 32 38 43 21 12 23 33 29 50 64 43 33 40 45 55 49 28 15 13 23 27 26 30 34 42 51 28 12 33 39 24 21 50 39 25 32 41 27 27 56 68 55 42 34
28 31 49 33 32 29 38 48 69 37 20 34 44 46 49 40 19 14 37 50 23 9 29 47 40 33 44 74 88 69 44 31 31 39 38 14 21 36 18 11 21 23 23 18 6 0 2 10 14 17 13 15 20 12 3 7 26 16 8 17 27 52 57 34 21 43 26 16 28 40 44 25 27 15 6 13 24 25 23 27 43 59 33 15 38 42 25 29 58 48 28 33 49 32 26 55 40 31 25 28
35 29 28 27 34 35 38 37 58 39 17 20 21 29 52 49 26 12 17 30 21 11 24 43 76 55 37 36 39 34 24 19 25 37 44 26 31 43 26 22 31 28 23 16 9 6 9 12 9 12 10 14 22 15 6 11 23 15 8 35 35 55 58 27 20 31 18 26 38 32 28 18 6 13 14 20 32 30 29 42 42 36 16 25 58 49 25 35 52 53 33 32 48 27 10 36 11 6 12 27
42 27 12 20 28 27 24 19 43 38 16 14 9 18 48 40 26 23 18 24 36 34 26 27 64 52 28 3 0 3 13 16 15 23 31 21 34 51 42 48 53 43 27 16 12 13 14 13 10 12 8 10 18 14 8 14 16 11 2 36 21 36 43 13 27 33 14 17 28 23 24 18 10 23 21 20 26 15 5 15 37 28 13 27 56 51 34 40 41 54 34 22 33 14 1 32 15 7 8 22
45 33 17 30 34 30 32 35 35 36 14 14 13 20 40 16 8 30 31 32 55 59 35 21 30 35 31 22 29 44 41 25 17 13 12 2 20 43 43 56 58 43 21 9 10 17 19 17 17 16 9 8 15 11 7 15 28 20 7 46 32 53 68 42 31 46 16 0 5 24 36 22 23 24 8 5 23 23 16 27 39 46 34 22 34 45 40 36 25 47 26 6 18 9 10 52 40 22 11 14
40 18 12 34 51 46 35 33 42 39 31 20 15 16 17 14 17 30 38 23 48 46 39 19 21 33 37 31 34 43 40 27 20 29 31 9 14 33 30 39 38 21 8 11 19 20 16 14 10 13 13 7 4 7 11 11 33 38 14 39 42 85 113 87 68 36 3 0 9 25 28 22 23 25 17 4 3 15 24 24 55 69 59 28 21 41 45 28 22 16 38 0 28 19 36 67 58 26 52 12
51 22 7 25 44 42 29 22 37 38 33 24 20 23 26 25 1 23 37 18 35 35 41 33 15 19 32 43 34 16 10 16 34 48 64 52 47 39 13 14 34 22 14 19 25 21 12 6 10 19 25 21 16 13 11 9 32 52 33 21 44 111 130 88 43 38 29 24 28 36 36 31 21 26 27 22 18 20 23 25 41 44 35 23 29 43 38 18 14 15 37 6 61 77 86 86 51 27 43 28
38 18 6 16 27 24 19 18 29 33 32 26 21 22 24 24 7 32 44 13 15 13 33 40 24 25 38 55 51 30 16 15 19 52 89 82 64 40 10 15 25 17 12 16 21 18 11 6 5 15 22 20 15 12 10 8 29 43 35 0 35 89 82 42 45 58 63 57 55 58 51 38 32 38 44 42 28 12 5 7 25 14 8 17 35 46 41 32 16 21 34 8 71 106 109 82 52 37 36 51
22 22 25 25 17 8 11 21 12 21 28 27 25 24 24 22 40 63 67 22 11 3 25 37 33 35 37 44 59 64 46 21 37 81 115 86 49 26 3 11 15 9 4 5 9 12 14 15 6 10 10 8 10 14 15 12 21 13 24 4 47 55 27 18 56 66 61 44 38 43 36 18 9 16 31 41 33 18 17 26 23 9 5 18 27 27 32 43 20 26 31 6 47 76 85 58 50 41 26 56
23 31 39 38 29 20 19 23 0 12 24 29 30 28 23 18 53 76 81 39 30 16 28 31 27 23 19 25 42 55 47 30 52 90 107 68 46 47 31 27 9 9 7 5 7 11 15 17 15 13 9 9 16 24 21 14 11 0 23 26 65 49 23 38 69 75 60 27 11 19 27 23 9 13 24 34 30 20 23 33 32 27 30 33 19 3 9 30 23 35 45 29 30 32 51 43 36 29 14 40
23 23 25 32 43 48 39 27 7 17 26 28 27 21 9 0 31 56 68 39 40 26 28 22 27 14 15 31 32 22 26 44 43 61 65 40 51 74 54 37 13 20 23 20 15 13 12 10 17 16 14 16 22 26 18 6 7 5 23 31 45 31 15 21 65 74 63 30 8 14 35 48 33 31 31 33 29 24 22 24 30 39 50 50 33 15 13 22 32 54 72 67 34 9 30 32 22 17 20 25
31 24 17 22 41 54 45 27 19 24 27 28 29 25 12 0 22 42 50 21 27 20 24 17 30 23 30 44 37 16 18 37 41 42 41 26 36 47 24 17 24 33 37 29 19 14 12 9 14 16 16 15 16 18 15 9 12 17 25 52 42 28 19 8 36 40 38 28 21 25 33 38 24 24 26 31 41 50 47 40 24 32 40 43 47 46 35 21 25 54 72 75 33 9 33 32 17 14 43 22
56 49 36 26 30 38 33 20 19 22 26 33 43 48 41 31 40 51 46 9 13 11 23 22 26 31 37 40 38 30 19 10 18 17 26 21 21 17 9 30 34 41 40 26 14 12 15 15 16 19 18 11 7 13 21 25 18 22 31 98 83 64 61 49 28 21 22 37 55 57 41 24 29 30 30 34 48 60 51 34 26 25 19 21 43 60 41 8 2 31 46 56 23 18 51 44 14 12 60 20
77 67 24 22 7 20 13 9 25 27 18 16 29 35 34 38 49 49 38 22 20 30 34 29 22 16 21 38 46 35 19 11 2 15 37 46 25 0 0 20 24 25 24 22 18 14 12 12 18 16 17 23 31 33 24 12 14 8 24 67 61 55 84 68 44 34 64 52 68 52 25 34 24 47 33 47 35 51 49 39 22 21 11 12 43 71 51 7 0 17 34 33 31 44 46 27 0 7 18 27
53 33 6 33 30 18 4 25 40 30 12 13 34 41 29 22 25 22 19 23 36 46 40 28 23 20 20 24 27 26 26 27 17 21 27 32 32 28 25 25 37 43 36 16 6 10 12 8 12 11 12 18 26 30 26 20 3 7 5 14 17 46 85 61 35 38 74 50 47 29 20 48 76 63 26 40 29 28 24 24 27 16 12 27 48 53 36 18 22 20 19 21 23 25 25 24 13 13 16 21
52 41 27 50 53 30 4 29 58 53 43 47 61 53 26 11 8 5 10 27 43 50 51 51 40 30 18 13 21 31 33 28 39 33 21 14 23 37 39 30 33 46 40 14 4 16 20 12 9 8 8 12 16 19 21 21 25 35 35 35 33 52 78 65 19 33 73 38 24 10 18 61 97 59 18 44 40 20 12 18 22 13 9 17 24 23 17 12 25 15 9 20 29 16 9 21 29 23 17 15
34 49 43 27 33 32 7 14 44 47 42 40 42 29 15 16 16 10 11 18 18 19 36 59 53 35 15 14 38 58 50 28 14 18 22 26 30 28 18 7 29 37 36 24 20 26 25 16 12 9 7 8 7 6 9 14 12 12 23 46 42 17 19 39 32 39 68 29 20 12 16 49 64 32 4 32 37 17 22 33 37 40 31 17 19 32 33 22 18 20 21 33 41 23 7 16 43 39 30 22
10 30 39 6 16 38 29 32 42 34 15 3 5 9 24 48 35 18 7 5 0 0 13 37 50 37 22 25 50 72 66 46 30 14 5 12 18 14 13 18 35 28 24 27 27 23 17 14 16 12 10 11 7 3 6 12 22 7 17 56 75 37 14 46 62 52 64 26 34 32 15 21 30 23 12 21 24 14 34 44 39 38 32 26 32 42 40 29 25 36 40 36 33 30 26 28 43 49 48 38
7 2 35 17 22 35 38 53 53 38 14 5 11 16 26 47 45 21 5 14 27 30 29 31 43 43 41 39 42 49 51 50 75 40 14 18 26 22 19 24 24 10 5 13 16 11 10 17 15 12 13 19 18 11 10 16 8 3 9 41 84 60 4 12 56 42 52 20 42 48 21 12 26 48 58 51 47 30 43 32 22 6 8 33 45 33 22 23 27 32 35 21 11 35 61 58 24 38 46 39
9 0 42 37 25 18 18 27 33 33 27 25 23 10 7 21 45 27 18 34 56 59 44 30 27 35 45 47 37 24 20 24 51 47 52 64 63 41 13 0 11 10 12 14 14 12 14 19 13 9 14 25 26 17 12 15 5 16 21 32 74 57 0 7 31 30 52 21 40 48 27 23 36 63 77 61 60 40 48 23 28 11 15 44 57 41 27 29 19 10 22 16 0 34 71 57 4 20 29 26
20 0 73 65 41 28 19 9 17 32 42 41 27 7 12 39 43 35 33 41 51 46 26 9 0 9 29 47 44 22 5 1 26 43 56 52 40 31 24 17 19 35 45 37 26 22 20 16 11 7 13 27 29 17 9 9 9 20 19 12 40 24 0 44 27 40 72 33 37 39 26 33 44 53 48 23 31 24 48 31 35 31 30 38 47 47 37 27 16 0 20 28 3 26 53 24 0 13 20 18
20 40 78 52 40 26 29 36 19 21 14 4 10 32 46 48 66 31 35 27 30 48 25 1 11 13 44 13 41 58 25 11 3 3 12 21 16 9 20 41 57 66 94 36 35 18 28 18 14 0 10 15 11 3 4 7 1 13 35 30 37 12 24 50 31 41 55 59 47 29 22 24 43 21 5 10 26 35 32 27 24 22 26 13 20 42 37 35 26 30 27 17 10 12 18 21 0 10 20 23
27 54 88 44 21 14 28 39 21 36 35 15 12 38 63 71 56 47 63 6 20 40 35 39 17 24 60 19 48 63 46 38 24 20 10 0 0 12 41 64 55 52 69 18 30 22 27 11 18 4 14 18 13 9 5 10 37 38 31 37 63 22 19 41 38 27 40 67 63 26 2 4 22 32 40 40 42 45 40 30 14 7 22 26 25 23 16 33 24 34 39 34 26 21 17 13 18 21 25 24
29 54 84 39 23 20 28 30 22 38 41 32 39 57 54 35 37 55 82 8 31 39 31 28 35 38 66 12 42 47 39 24 35 39 31 17 21 45 64 69 43 36 49 5 16 13 19 8 17 8 20 25 23 29 20 34 27 72 51 33 65 28 15 10 38 18 18 41 48 29 17 21 33 50 57 47 46 56 57 47 46 50 53 26 19 37 33 32 34 44 49 44 35 27 22 17 34 32 27 23
20 26 51 30 35 30 23 14 37 44 46 44 45 43 23 0 0 17 27 9 38 54 57 23 14 17 43 0 42 49 51 32 0 5 6 5 15 27 27 16 28 29 46 8 7 3 11 14 6 5 18 18 11 26 12 42 6 143 141 55 50 36 34 0 19 23 22 19 22 32 40 42 55 48 37 32 43 58 57 47 51 53 53 28 32 61 58 51 57 58 51 37 25 24 27 29 37 31 23 19
19 1 18 12 26 16 13 21 63 61 54 37 15 1 5 16 56 56 10 37 28 42 66 19 3 13 37 6 39 41 51 43 30 18 8 9 18 26 29 29 25 25 42 18 16 14 16 22 22 26 34 25 9 31 10 54 56 229 249 108 40 32 53 25 16 44 64 55 40 38 46 52 53 31 17 25 40 44 41 38 28 15 36 54 56 47 42 68 73 67 51 28 13 14 23 30 30 25 19 18
38 9 17 7 12 0 13 45 66 54 37 22 9 4 9 18 34 41 0 44 30 50 85 68 21 31 36 15 20 14 23 32 35 24 12 7 5 9 20 31 33 22 30 22 31 36 25 23 32 37 40 29 19 57 32 88 138 227 249 120 23 3 34 36 14 33 55 57 35 16 26 50 54 30 16 23 30 30 41 57 67 72 90 75 44 25 22 47 64 62 49 29 14 11 15 18 23 20 19 20
51 24 32 18 21 5 14 39 37 32 20 14 27 40 27 2 9 30 0 16 28 36 31 53 60 47 14 14 16 18 16 26 23 39 45 30 12 11 23 33 36 22 25 23 28 34 18 19 23 22 18 13 19 78 50 110 176 125 137 75 13 1 18 27 12 15 18 13 1 0 12 32 46 31 19 20 26 34 50 65 92 118 121 60 20 28 24 19 36 42 41 31 21 17 16 15 18 19 20 22
45 25 38 29 41 24 9 5 7 28 29 17 29 56 48 15 17 41 20 0 51 62 23 78 140 91 14 21 26 33 7 2 17 57 75 47 16 17 34 43 31 24 30 24 13 14 3 15 40 32 21 17 34 104 70 130 177 31 36 33 23 36 34 24 47 52 40 18 17 36 42 32 18 17 17 24 38 49 46 37 39 53 63 34 22 37 27 18 13 23 30 29 25 24 25 24 16 18 19 21
29 8 17 35 27 19 16 4 4 29 36 45 21 31 31 46 82 60 17 34 91 78 56 94 151 127 31 8 15 46 41 9 35 67 120 48 21 14 55 40 31 15 37 14 10 40 29 36 69 93 61 48 152 159 85 155 190 110 85 10 22 49 37 33 77 102 55 13 27 45 53 49 32 33 36 19 38 27 26 16 12 13 7 25 31 40 55 18 13 24 28 24 24 29 28 22 12 13 16 18
41 28 35 37 14 8 26 36 9 37 50 43 18 20 32 48 69 70 27 3 34 46 32 38 45 41 9 6 12 29 43 51 53 52 67 34 26 20 53 38 15 1 34 38 34 32 18 56 110 91 72 94 219 239 74 154 170 201 126 44 34 22 33 22 74 78 33 4 16 37 53 48 50 51 47 25 20 14 16 9 13 9 10 48 59 44 48 34 20 34 38 28 25 28 19 2 13 14 16 17
57 49 52 47 23 13 23 31 44 23 6 1 31 43 27 0 3 33 38 31 54 75 61 38 0 0 13 6 25 43 51 55 36 26 14 35 37 23 45 36 0 11 35 24 23 22 6 41 57 63 28 67 255 255 35 107 104 218 169 88 10 0 27 19 23 36 39 49 46 43 50 35 38 32 19 13 5 25 29 20 9 14 15 42 52 31 27 30 35 39 29 12 12 26 27 15 2 3 5 7
54 49 55 69 74 66 45 25 40 69 96 61 41 21 46 56 50 33 14 2 8 34 58 65 12 16 43 3 21 52 51 28 32 38 10 48 31 9 32 36 21 27 29 15 22 18 15 67 103 47 58 42 15 35 91 125 179 134 113 166 81 14 15 52 69 52 36 25 0 12 78 103 67 44 14 20 18 52 44 24 17 38 30 18 18 10 10 23 51 38 18 7 11 21 24 22 0 0 2 6
42 43 52 80 111 112 78 45 45 57 77 56 52 31 37 30 44 24 23 31 24 17 14 6 23 20 45 0 0 29 40 23 22 47 15 45 25 18 45 57 22 0 0 25 33 0 25 130 192 160 75 60 111 83 5 29 122 108 82 136 61 24 41 79 64 50 48 48 14 18 69 75 67 44 11 21 22 48 38 28 32 48 41 15 4 0 5 36 67 42 24 27 28 15 1 0 8 9 12 14
42 52 54 63 84 82 54 33 42 56 77 74 62 37 34 36 38 24 17 16 22 41 54 51 55 17 14 2 5 23 35 25 16 47 24 41 31 29 29 26 3 0 7 33 32 9 52 146 161 92 15 59 167 197 68 135 147 147 16 68 72 18 24 53 53 35 25 30 22 40 73 53 41 33 12 13 15 15 14 36 34 23 28 23 9 0 0 46 75 42 20 25 32 22 9 6 11 12 12 12
31 51 50 43 50 42 17 5 32 42 58 78 60 38 24 34 35 30 20 15 28 51 70 77 86 42 12 28 22 34 40 15 34 54 38 30 24 17 0 0 22 29 33 39 42 52 86 116 48 7 56 117 173 147 63 95 213 255 127 69 59 44 39 31 32 24 11 17 32 64 83 45 64 59 36 22 33 0 0 44 38 9 21 25 12 5 8 41 56 31 8 9 31 49 50 43 13 13 12 10
2 32 40 41 57 51 24 12 23 29 39 74 54 35 14 28 36 37 40 53 64 60 60 75 76 70 42 53 17 28 43 12 21 28 18 0 9 25 29 55 46 17 4 29 49 60 77 79 52 88 133 93 145 35 72 137 255 230 136 79 72 83 48 44 31 38 22 15 31 68 85 47 57 48 24 13 50 10 11 65 55 25 36 26 14 31 31 36 23 18 7 10 42 78 78 54 25 24 23 23
10 28 4 17 30 56 52 38 39 30 26 53 40 28 14 29 45 33 43 38 43 57 109 89 83 43 48 41 18 16 16 1 13 37 11 44 42 61 39 55 47 46 13 37 66 39 4 80 167 171 159 75 118 45 216 255 255 184 61 65 83 72 55 33 27 44 21 38 24 58 84 30 30 22 15 36 20 18 21 50 53 3 28 21 33 43 40 20 4 14 15 17 42 71 66 39 22 36 43 39
43 36 0 10 19 30 25 24 45 46 45 60 35 22 13 33 39 41 36 14 8 55 128 124 44 18 31 56 24 22 33 21 53 66 73 81 96 59 35 48 73 71 90 42 78 59 82 135 178 169 86 134 191 121 209 235 194 216 69 47 70 80 56 30 31 34 9 45 24 44 63 32 0 13 29 49 25 12 0 2 28 27 30 37 22 25 36 29 0 10 18 21 25 32 38 40 46 45 38 28
31 40 33 76 74 45 14 10 35 39 36 49 29 24 15 27 28 32 22 21 9 46 90 87 28 16 24 79 34 36 63 48 89 120 106 69 79 97 95 112 127 113 50 67 11 62 195 255 154 40 71 52 112 131 224 255 144 124 19 15 65 76 56 59 59 49 21 73 37 32 30 23 18 42 51 58 32 26 7 5 2 45 26 41 15 13 28 31 18 17 23 29 23 17 30 51 52 38 23 16
25 44 44 78 63 33 17 29 22 20 14 35 34 43 27 23 35 19 6 53 48 47 38 26 34 34 26 90 42 61 97 70 120 239 246 213 91 96 73 131 46 234 244 251 255 247 55 234 251 185 150 156 155 74 83 192 150 42 25 32 57 53 56 78 113 106 83 132 81 55 27 25 27 27 14 22 12 19 0 0 0 48 35 32 24 21 21 31 50 35 24 24 25 25 32 43 34 16 6 11
34 51 34 46 31 21 18 29 21 21 16 41 42 52 33 27 47 27 8 58 61 52 31 19 29 39 26 81 44 75 105 68 95 180 190 255 154 134 83 127 80 201 255 204 231 249 148 200 242 207 243 227 234 224 226 255 214 161 144 142 89 67 69 69 90 98 90 122 75 45 6 0 43 24 9 43 58 63 27 7 12 46 63 26 35 25 12 34 60 50 31 15 17 29 34 29 29 13 4 11
21 41 25 42 41 39 21 9 18 24 26 48 35 34 21 30 37 44 30 43 42 37 31 17 27 41 36 68 38 54 67 42 45 81 80 126 78 53 89 101 70 213 238 245 255 206 252 241 200 56 242 255 253 252 255 246 255 255 167 209 133 85 55 41 55 74 84 95 69 49 23 19 36 14 0 43 65 71 31 9 16 40 74 26 32 14 2 34 50 59 49 25 22 41 49 41 39 27 16 13
11 28 11 27 26 29 22 21 19 20 23 50 39 36 29 48 42 57 50 39 37 17 23 15 41 51 58 65 36 21 28 44 52 40 11 34 53 32 108 28 27 80 105 195 255 255 229 252 253 247 250 255 217 234 215 235 246 181 94 144 105 63 28 28 28 40 56 45 43 30 30 39 45 34 14 31 35 47 25 13 16 37 46 32 31 17 10 30 53 66 63 42 36 47 48 35 27 28 25 18
6 35 32 51 34 22 20 33 31 20 18 57 62 67 61 79 75 67 54 45 52 16 30 39 55 57 75 68 40 7 20 78 100 76 44 73 58 0 83 4 14 50 101 165 107 119 221 255 217 203 252 246 238 235 170 243 252 89 97 73 52 53 50 59 42 43 56 29 38 25 44 67 48 54 35 24 4 18 8 2 23 40 13 42 42 37 33 30 71 72 62 45 38 34 16 0 0 14 25 23
22 56 51 47 34 11 29 31 45 24 7 71 71 62 65 69 55 26 34 78 52 49 44 44 46 60 73 66 65 26 28 136 164 130 113 53 53 46 135 71 83 121 134 132 255 199 249 229 255 236 230 241 252 255 211 250 224 73 144 38 82 96 94 77 73 79 69 43 29 40 59 68 59 46 38 38 28 14 16 30 57 38 30 42 56 55 49 47 79 73 74 36 25 11 17 0 7 25 39 13
49 55 37 31 13 14 24 25 30 25 17 50 27 31 51 49 27 9 23 51 35 36 42 38 16 20 30 34 72 57 49 113 129 106 106 76 94 89 170 123 85 70 51 91 98 104 243 233 191 248 248 238 223 238 255 246 236 65 132 108 149 172 127 81 93 97 83 51 35 47 63 68 48 37 34 39 36 26 26 35 54 37 29 42 56 58 55 54 51 40 41 48 33 27 26 27 34 31 36 21
60 39 22 23 0 31 25 24 31 23 33 55 11 7 30 23 23 16 30 24 11 11 24 10 3 14 28 15 54 46 45 75 60 40 40 26 44 30 93 72 59 97 103 14 59 152 147 253 126 242 229 255 126 232 255 239 231 131 95 137 207 192 115 29 59 84 90 66 49 55 65 64 26 23 26 34 36 31 27 29 35 22 16 24 33 36 39 43 35 15 11 53 32 23 15 37 34 15 13 6
44 19 19 31 0 39 15 10 34 14 52 89 39 10 22 13 3 10 29 4 5 14 39 22 15 52 78 35 26 3 26 54 41 25 22 21 32 17 67 74 72 91 48 103 105 61 152 139 148 243 255 199 255 213 255 252 209 2 48 165 202 150 31 9 38 69 82 57 31 29 33 30 30 37 45 49 48 43 38 34 32 26 22 20 18 19 30 43 38 11 10 44 28 11 8 31 31 19 20 10
28 15 27 43 0 33 2 0 29 27 91 111 54 21 29 17 3 17 30 1 9 23 47 32 25 71 101 64 23 0 22 44 21 12 19 31 28 15 42 53 72 94 93 176 255 165 58 113 193 242 211 255 241 255 221 240 120 28 1 45 118 64 8 10 44 55 53 40 40 53 58 51 29 44 54 49 41 36 29 20 20 23 23 15 3 3 22 42 38 17 27 31 31 13 27 36 39 51 64 43
16 20 34 54 27 45 24 14 38 72 139 104 38 24 36 16 18 28 28 7 14 27 38 29 27 49 67 73 34 8 23 28 24 18 36 60 46 49 53 46 12 30 62 174 255 225 42 112 250 255 249 234 253 177 249 225 151 4 31 6 24 11 0 38 26 19 19 41 78 97 82 56 19 36 43 32 23 23 15 1 2 12 19 12 1 2 19 38 34 28 45 29 30 15 35 30 23 47 69 46
8 25 34 61 68 69 57 37 47 84 135 73 26 28 38 18 11 17 7 11 22 42 42 44 23 24 29 79 35 18 33 48 47 26 34 59 47 89 95 72 44 0 26 169 215 194 106 205 245 210 255 158 154 190 47 204 84 92 62 20 57 39 42 34 19 11 22 60 91 80 35 0 28 43 44 33 33 43 35 14 6 18 30 31 27 28 36 45 30 41 57 47 28 20 24 17 11 26 48 35
5 29 31 64 93 79 65 30 35 48 86 40 29 38 42 28 27 26 5 18 23 40 26 33 16 15 21 92 31 20 56 102 108 61 38 43 20 87 99 68 74 72 136 218 255 241 199 250 248 123 219 165 170 100 101 60 131 118 76 56 68 52 69 68 37 36 56 92 104 75 31 3 29 40 37 28 39 58 49 22 3 14 27 35 37 37 36 34 26 48 62 70 33 33 21 18 34 34 51 51
11 40 46 77 111 78 84 52 21 60 30 38 28 45 67 43 39 41 21 14 16 25 48 48 19 30 50 58 41 30 60 105 118 79 32 54 22 105 56 75 135 115 207 250 252 255 221 255 253 201 255 242 239 242 93 134 87 143 62 54 61 60 75 78 54 54 83 93 62 53 56 38 56 38 21 26 47 62 55 41 30 24 29 30 19 19 31 36 29 42 51 42 20 6 10 19 19 31 42 28
41 54 58 93 115 62 66 55 37 59 20 27 24 43 57 30 45 49 31 25 22 21 34 27 37 39 40 34 25 29 55 83 88 75 51 60 34 108 51 38 148 104 166 230 255 238 248 252 252 255 231 255 240 255 246 117 139 89 69 13 59 59 42 56 65 44 56 69 51 48 59 52 40 39 37 35 34 33 30 26 33 35 48 49 30 21 29 33 36 22 21 27 28 36 40 29 16 14 28 22
46 53 51 70 86 41 50 47 34 45 8 21 22 37 40 13 48 53 38 33 26 20 31 25 14 19 20 18 21 33 44 50 68 54 38 36 20 78 44 36 138 114 141 255 243 206 255 235 201 243 252 255 212 234 255 158 93 30 79 54 74 56 33 60 59 15 6 23 19 19 33 39 35 41 44 38 27 20 23 29 37 46 64 66 44 32 40 47 35 8 16 41 56 85 99 77 33 16 36 44
7 23 15 7 28 19 38 26 28 43 23 37 25 24 19 5 38 46 34 30 22 18 38 43 15 18 24 30 36 41 47 53 60 30 20 25 16 48 52 76 62 90 107 83 34 76 50 255 239 241 245 224 253 255 144 67 52 29 18 54 11 27 82 135 92 40 23 40 40 31 40 53 42 38 34 29 25 27 38 49 33 37 51 54 39 38 56 68 35 15 34 49 35 51 71 50 17 0 26 43
19 29 24 11 40 45 60 47 37 56 52 60 26 11 8 19 19 31 26 25 14 8 31 41 31 22 21 25 19 12 26 51 44 28 32 43 34 52 71 101 80 89 87 92 41 78 58 146 124 228 255 248 241 169 67 20 16 36 15 98 50 60 86 89 78 39 23 36 32 13 12 25 34 30 26 22 18 21 37 54 27 18 19 20 16 31 58 74 33 20 40 42 7 11 34 23 14 0 35 53
11 6 8 7 36 26 27 26 34 46 50 58 22 10 16 49 15 26 23 25 13 0 12 17 13 5 10 19 9 0 2 28 29 35 37 39 23 51 74 92 58 58 84 25 23 30 25 75 29 107 212 247 205 107 61 51 54 50 45 57 49 52 47 44 63 43 31 33 30 14 10 20 20 24 30 27 13 5 19 40 32 14 6 5 6 23 49 62 40 31 44 43 16 21 43 39 7 0 30 37
25 21 26 16 38 30 28 28 27 23 26 46 26 22 24 58 36 37 25 28 20 4 9 6 12 12 21 32 31 20 20 29 28 31 18 30 8 36 55 72 67 45 24 9 30 0 75 1 8 0 98 124 76 16 0 27 39 34 43 12 45 30 6 12 41 36 21 12 17 21 25 33 31 31 35 37 28 17 21 35 39 23 18 18 13 20 34 39 42 44 54 50 27 20 27 27 30 28 39 30
38 50 54 18 35 48 52 43 36 18 17 45 38 34 20 43 61 50 27 29 28 18 22 16 32 28 23 23 29 36 37 35 34 22 7 49 25 32 36 59 54 61 33 2 58 29 38 21 54 16 41 25 12 3 19 21 10 29 25 31 95 68 23 10 31 32 12 0 9 33 47 55 57 42 34 44 51 47 43 44 36 27 30 31 21 17 20 18 10 34 60 62 45 30 32 39 26 25 20 0
18 40 38 23 28 41 41 37 17 25 21 19 36 47 38 28 63 51 14 12 21 14 14 33 37 51 34 19 19 19 37 39 26 31 8 29 24 20 20 35 39 39 55 17 64 11 22 30 91 52 35 35 54 64 43 37 27 59 40 23 62 73 36 16 38 43 17 0 12 36 49 64 50 42 46 64 77 68 47 32 20 20 22 42 39 27 28 12 8 36 50 34 14 12 17 19 23 10 2 7
10 16 11 8 22 29 23 21 27 40 43 37 43 56 51 35 39 36 24 32 47 45 37 33 60 59 31 27 19 23 23 5 10 29 15 34 28 25 21 27 29 36 40 0 29 1 25 42 70 40 33 35 46 50 35 38 49 48 16 0 23 34 22 23 35 30 14 8 25 38 34 29 42 47 54 57 51 38 27 23 44 17 0 6 33 52 57 26 25 21 21 22 14 4 10 25 38 26 18 21
20 27 29 35 42 34 25 31 54 67 78 73 69 87 98 88 33 38 63 77 85 82 75 60 80 54 25 60 41 43 35 23 14 20 0 26 44 55 38 24 37 49 40 5 32 38 55 62 19 0 5 16 35 59 80 116 137 91 39 20 26 30 27 27 26 14 13 20 20 21 23 20 15 24 30 27 20 15 14 13 26 21 13 28 41 51 62 40 24 19 20 24 19 12 22 41 49 39 32 32
27 53 68 63 49 31 23 32 24 26 39 41 31 42 67 77 67 65 110 119 111 97 101 98 67 41 38 109 64 37 21 27 57 47 9 32 42 41 20 8 49 56 35 17 42 67 60 42 52 33 33 26 21 30 51 93 116 60 22 25 42 63 67 51 26 17 32 38 11 4 30 51 47 46 42 41 49 58 55 45 29 59 88 105 72 30 24 13 36 56 63 43 18 10 14 19 38 32 25 24
46 78 85 62 43 32 23 22 21 17 28 38 26 16 36 65 44 12 46 43 39 19 23 29 60 69 87 142 67 26 6 9 46 50 28 45 27 8 7 31 67 67 42 28 40 68 59 40 20 16 32 33 28 31 39 69 50 24 19 27 39 70 86 65 42 39 62 68 30 10 36 64 48 41 32 30 37 44 41 32 11 34 73 114 97 58 59 60 39 56 63 48 26 16 15 17 19 18 14 11
57 75 64 38 33 34 21 6 13 19 27 40 39 17 22 60 63 11 26 7 27 11 0 0 49 83 89 93 30 22 27 24 23 36 22 41 24 10 17 45 61 60 48 37 35 55 72 79 21 15 24 16 15 24 24 37 56 65 75 58 32 46 67 58 52 51 70 82 57 26 22 34 42 42 44 41 33 28 33 43 52 48 51 70 54 31 51 64 53 35 30 42 41 25 22 33 19 22 22 18
32 42 35 24 28 27 10 0 18 42 37 36 49 34 30 67 71 38 55 18 54 46 21 11 23 41 26 18 2 13 32 31 66 76 41 35 15 11 8 12 22 17 29 32 31 29 53 70 41 27 20 3 14 40 38 36 38 64 80 56 21 22 44 52 46 49 55 64 56 26 9 18 31 35 44 46 30 14 23 45 32 31 25 31 25 31 65 72 64 38 26 37 38 21 13 21 27 34 38 34
16 32 43 50 52 36 19 18 21 55 33 9 29 24 16 50 36 38 72 19 55 51 23 12 26 17 0 17 37 23 20 17 90 113 72 36 0 5 12 15 8 0 25 43 47 20 25 28 71 55 43 22 35 59 40 19 11 34 48 35 13 10 24 38 39 47 42 40 39 19 12 35 39 34 40 47 32 9 11 33 17 23 18 28 43 63 75 47 15 18 22 25 27 31 33 33 26 36 41 38
33 29 25 31 50 64 55 37 53 37 25 4 22 27 35 21 10 9 67 110 78 50 43 20 34 46 17 17 57 85 79 68 106 104 56 6 10 27 22 16 6 38 40 27 38 30 7 12 76 74 64 12 45 50 25 20 3 0 7 60 17 23 15 37 31 30 33 0 23 47 54 70 62 31 0 84 47 33 50 38 33 35 44 23 23 56 54 37 12 19 23 19 17 23 31 35 30 44 55 54
60 42 24 30 59 75 55 22 42 52 63 38 34 25 43 46 0 22 110 147 92 53 62 63 36 30 57 60 40 104 168 139 72 46 4 0 31 42 20 7 42 48 24 41 47 14 18 28 49 61 69 19 22 18 12 21 19 23 27 49 17 31 27 28 23 16 28 10 39 40 36 54 44 25 2 62 54 61 70 50 28 47 71 40 3 7 22 44 33 29 23 21 28 38 41 37 42 54 62 60
15 39 68 84 85 64 22 0 37 57 75 45 29 16 43 57 9 47 118 126 54 17 48 74 68 46 87 84 40 86 151 117 30 13 7 31 50 29 8 15 34 30 0 27 38 16 47 45 26 41 61 26 8 2 12 28 33 36 40 37 24 30 29 15 0 2 18 6 22 17 5 7 36 31 18 19 34 54 40 6 12 33 68 64 45 39 39 59 42 27 11 11 28 43 39 27 25 34 41 40
40 58 63 44 22 19 31 41 21 37 56 36 34 23 39 39 55 63 89 79 23 2 27 45 43 35 47 33 39 36 29 17 11 13 36 64 55 17 4 24 41 47 31 40 56 80 104 78 16 18 32 22 8 8 24 33 41 37 42 25 31 24 26 8 22 54 68 43 41 51 42 21 0 9 26 0 50 98 85 55 20 27 45 47 53 51 23 17 40 22 4 6 27 43 36 19 14 22 31 34
38 43 41 35 36 44 46 41 13 27 50 42 49 36 35 21 33 32 46 51 33 22 18 5 9 41 57 20 57 54 28 31 23 14 23 42 42 27 18 18 26 27 40 18 30 74 61 33 16 10 10 21 12 13 28 38 52 60 56 11 25 31 39 13 19 56 71 60 45 57 57 36 33 62 82 21 61 94 68 39 30 39 39 17 21 28 6 5 35 23 11 13 30 43 36 23 7 15 27 36
51 39 22 16 33 59 69 66 43 50 60 36 32 19 27 21 12 14 29 44 47 45 30 7 0 47 97 25 25 50 63 55 40 21 13 13 16 27 31 19 35 21 44 22 31 56 17 15 32 29 14 36 27 18 26 44 64 92 77 5 17 45 59 28 28 44 55 82 65 63 70 67 53 77 95 42 63 73 47 26 23 38 35 13 27 38 14 13 20 15 9 9 18 26 24 16 2 9 21 34
39 35 24 16 24 45 59 61 55 56 56 23 17 9 27 29 41 38 37 39 46 54 47 32 37 61 119 44 30 46 63 51 38 24 21 16 9 25 41 32 31 26 34 25 39 42 12 28 57 54 20 51 52 31 21 38 60 88 74 23 27 43 51 43 37 34 26 64 48 51 64 62 59 71 81 59 62 52 31 16 23 30 26 17 39 38 0 0 13 10 4 0 2 9 10 6 14 17 28 40
34 29 18 10 18 32 36 30 24 30 42 27 35 30 40 32 46 36 20 12 21 34 30 17 30 26 69 25 51 39 21 24 25 10 14 23 25 43 53 36 26 44 30 24 44 40 30 42 73 62 11 51 69 44 14 22 47 58 53 47 47 29 27 52 50 43 14 34 18 41 59 41 29 32 40 49 49 33 19 10 20 26 25 22 42 35 11 37 22 18 10 2 2 8 11 10 14 14 22 33
15 14 18 33 51 55 39 21 18 26 34 32 22 20 32 48 63 70 66 13 22 34 27 11 23 5 15 60 88 65 30 17 46 48 9 30 52 42 60 50 45 47 57 15 34 39 30 43 61 40 6 35 53 49 13 22 38 42 15 48 36 19 24 47 58 41 49 57 31 13 18 20 5 19 32 46 50 31 14 16 27 29 5 22 18 27 31 30 35 24 24 36 39 26 16 15 14 10 11 15
37 28 25 38 57 59 39 16 43 31 24 22 14 9 26 51 75 78 79 38 51 51 30 8 2 16 21 53 98 75 25 17 87 91 48 49 49 29 45 37 53 46 43 21 21 20 27 48 31 19 0 12 32 29 12 28 64 53 6 19 21 32 38 42 55 46 57 59 31 15 18 12 10 19 23 31 43 40 28 27 22 25 3 19 11 18 21 21 14 19 27 31 26 18 16 19 8 9 14 21
54 33 14 16 32 40 31 18 24 34 46 46 34 21 21 28 53 48 54 31 53 49 25 6 6 33 16 20 66 54 13 21 121 117 59 29 12 0 23 26 40 35 36 61 39 17 23 38 23 15 1 1 29 22 16 27 42 43 15 23 35 56 53 32 29 32 49 50 32 33 39 25 11 17 14 19 42 53 40 28 32 36 15 29 13 10 8 8 4 10 17 18 15 10 7 5 0 2 9 17
42 25 9 5 12 19 23 25 24 45 52 35 20 25 34 35 56 44 51 36 61 59 45 41 37 44 22 12 32 27 15 33 12 40 41 55 61 40 23 0 24 18 19 79 48 13 17 22 40 30 18 3 37 24 21 22 11 22 26 33 34 44 39 18 17 20 30 23 12 29 35 9 15 23 18 23 53 69 48 22 48 53 35 50 28 15 7 5 12 1 0 11 21 17 7 1 15 9 6 10
32 30 29 26 19 17 29 45 45 38 28 21 21 25 30 33 27 16 25 9 30 26 22 31 61 40 36 40 29 27 43 57 70 61 28 21 34 37 36 27 37 18 1 50 24 1 12 20 44 41 31 6 25 11 23 41 40 20 20 12 4 8 18 16 23 21 22 13 15 49 59 28 26 33 25 25 53 70 49 19 40 48 37 60 43 30 21 20 23 4 1 21 31 20 14 20 44 27 11 9
49 45 39 28 16 19 48 79 79 32 5 24 41 30 21 26 23 20 36 23 42 40 43 58 70 29 26 35 18 29 65 77 68 46 16 17 45 61 64 68 59 41 22 36 22 12 16 20 27 40 36 13 8 0 27 76 81 27 19 7 9 17 33 35 34 30 27 18 24 63 74 41 32 35 19 11 33 51 39 21 22 29 22 54 45 38 32 35 31 23 25 32 25 9 13 31 51 31 11 6
53 39 25 15 11 21 54 88 100 51 11 9 22 26 32 42 24 23 39 23 45 50 59 75 75 40 18 12 12 30 53 59 53 33 20 27 45 42 30 39 57 58 58 33 34 29 17 14 10 30 28 27 11 2 23 81 75 18 27 20 33 46 58 51 39 36 35 22 18 45 51 18 32 33 16 6 20 34 32 28 28 28 14 43 35 28 23 26 29 36 39 31 22 23 33 42 45 32 21 19
29 18 13 19 26 32 47 65 51 57 46 24 19 31 32 20 28 23 29 5 25 35 47 62 78 67 34 17 35 44 30 20 11 1 7 24 37 25 10 27 44 56 66 10 21 25 9 9 3 18 14 36 25 15 10 56 50 4 29 17 27 44 59 50 20 27 41 41 43 74 86 60 34 36 25 16 26 35 36 40 53 45 19 39 25 13 6 7 18 34 36 25 34 63 75 67 49 46 45 47
13 5 0 27 30 39 32 43 18 21 27 37 43 38 23 10 0 0 21 51 59 42 24 20 52 78 73 47 46 52 33 6 1 14 32 4 21 29 30 31 40 37 27 26 29 22 23 39 45 53 71 38 46 15 34 43 2 16 33 25 16 47 71 56 30 53 62 39 47 109 131 89 63 55 15 21 11 9 15 35 41 33 22 32 30 21 18 0 1 12 15 8 20 61 75 53 26 27 34 43
10 15 20 50 49 52 31 28 26 31 39 48 51 45 32 21 8 20 44 68 71 50 24 9 34 67 76 60 55 51 32 12 6 19 37 10 28 37 38 39 47 40 27 22 26 23 29 49 80 104 107 39 43 39 61 45 13 13 44 62 35 22 46 69 49 50 57 51 53 87 103 77 59 68 43 50 25 9 12 35 42 33 20 28 26 24 30 11 7 4 7 8 12 29 38 28 0 1 10 21
35 42 35 47 43 57 44 38 33 40 50 57 57 50 40 32 33 39 43 43 41 38 28 17 25 58 73 64 53 40 25 20 26 35 48 15 27 30 26 23 34 30 20 18 22 19 23 41 68 95 97 27 42 52 77 56 20 7 38 66 36 6 28 62 33 10 17 33 29 32 40 35 43 60 49 69 52 32 25 39 41 33 19 23 22 26 45 37 23 8 12 24 19 11 15 18 6 9 18 31
60 64 43 36 28 57 57 54 32 41 53 59 56 48 40 36 44 44 29 8 6 24 35 32 32 55 64 55 41 23 16 25 43 49 57 19 26 24 15 9 12 15 16 22 27 17 11 23 31 40 53 22 52 48 72 71 24 9 22 34 19 17 35 43 49 16 25 54 49 36 41 45 39 44 30 65 71 60 37 32 39 33 19 22 19 27 54 53 31 17 26 41 32 17 19 26 12 14 22 33
