11 46 93 65 22 66 33 5 90 158 74 123 173 232 150 143 112 174 93 72 180 209 158 89 67 112 116 54 116 109 32 30 38 72 14 100 73 90 77 111 218 215 64 121 243 182 116 85 37 64 97 19 73 93 31 7 65 113 53 16 56 69 111 122 65 52 45 41 129 164 112 109 84 110 5 39 155 99 20 23 81 127 122 40 84 98 78 102 96 70 57 74 36 27 127 115 139 93 111 64
54 0 55 60 28 71 88 81 164 142 49 29 53 144 84 113 104 94 31 70 61 123 122 64 131 159 102 61 134 218 98 70 33 81 92 192 164 113 55 74 92 59 42 69 141 156 128 119 83 67 99 55 81 136 129 91 156 153 46 40 88 71 28 44 73 52 52 5 7 155 116 42 74 148 92 4 76 80 78 91 63 90 61 150 86 25 52 67 121 70 7 46 64 51 117 138 88 34 39 49
60 11 75 32 0 53 129 154 137 115 85 73 48 100 84 110 31 41 37 88 41 154 194 116 84 105 34 58 31 114 88 121 110 57 45 138 183 137 96 130 70 28 85 46 157 86 69 121 50 52 138 110 47 75 124 77 164 199 72 21 59 58 0 43 100 89 94 108 0 143 84 88 113 123 50 65 135 90 62 32 95 144 67 157 93 79 129 89 21 34 60 149 188 144 109 30 101 56 17 63
102 90 86 54 68 91 88 61 55 74 90 130 67 51 95 82 80 114 108 93 60 112 122 48 76 73 10 78 6 44 111 131 55 39 50 66 125 126 122 138 61 91 140 118 44 71 88 98 65 11 74 87 117 168 190 53 77 85 83 75 81 118 76 19 46 61 109 87 115 128 99 105 168 130 4 158 149 31 67 106 104 135 57 53 86 87 92 79 56 64 116 152 207 241 255 101 107 125 54 68
103 78 25 50 45 29 52 68 12 10 35 98 50 55 147 139 104 82 51 59 47 42 44 49 97 114 86 66 55 86 121 104 100 66 62 61 114 99 93 106 70 54 88 147 80 105 67 55 100 55 88 48 108 137 157 33 85 91 65 5 87 104 104 105 95 63 8 25 133 120 103 114 152 103 6 182 196 118 139 118 108 142 97 46 104 95 58 51 35 33 78 61 139 162 194 51 99 180 122 118
94 54 30 100 71 65 106 100 88 61 105 139 72 79 127 137 106 46 7 46 16 23 26 52 89 112 112 2 59 78 45 107 165 83 21 46 115 91 40 13 1 48 126 72 67 71 43 50 101 76 98 47 137 151 128 34 110 126 123 29 131 139 176 133 66 79 0 75 55 89 71 108 106 64 63 100 111 108 160 158 99 105 58 63 70 80 72 45 52 61 70 16 82 23 51 36 155 194 112 97
87 98 124 98 22 29 89 114 82 71 107 155 91 85 100 97 68 41 24 24 15 39 41 35 88 71 56 6 73 68 39 155 240 194 71 34 44 74 91 92 108 44 18 45 0 35 64 92 66 63 88 52 113 120 61 27 84 133 116 44 237 250 255 169 50 160 154 62 15 75 191 218 106 41 77 67 58 51 87 107 94 40 13 82 45 37 60 84 85 103 80 17 53 3 42 102 169 159 84 88
79 106 151 84 65 56 37 61 76 61 13 85 48 39 74 36 39 44 47 0 50 46 56 51 29 36 32 79 71 45 94 201 255 193 81 112 64 7 43 144 196 153 11 27 54 35 90 96 61 54 62 31 51 77 29 64 47 53 90 83 217 208 255 156 31 186 255 128 91 87 177 211 143 67 66 104 77 40 34 29 36 53 96 86 25 37 45 64 117 115 67 5 21 43 79 94 70 75 49 66
46 99 51 57 80 72 44 52 80 52 34 49 26 93 100 59 37 40 25 26 93 89 62 66 56 74 105 110 84 68 129 180 177 134 27 71 52 72 64 103 142 146 88 10 69 43 28 38 75 102 33 41 40 74 104 158 87 61 70 49 103 108 137 104 43 140 184 162 161 103 30 52 106 97 41 42 77 128 85 34 70 74 155 130 44 57 68 70 112 106 29 85 29 43 87 85 35 109 47 68
79 124 80 25 20 36 28 18 33 37 29 38 68 74 130 70 46 94 94 31 98 96 71 76 84 79 154 115 57 160 208 122 97 80 45 0 54 169 203 121 44 42 24 0 61 24 7 20 54 91 22 24 76 101 94 215 166 78 49 35 36 41 33 86 111 132 120 76 99 100 42 25 61 56 0 0 45 153 82 44 73 91 130 123 46 57 93 72 80 105 50 152 46 38 39 105 113 157 58 163
53 116 121 42 36 71 68 41 0 7 43 57 48 67 54 41 82 146 194 70 113 87 55 83 63 38 60 46 41 204 234 50 0 79 0 188 115 133 159 45 9 25 46 34 54 12 18 41 14 44 8 4 49 70 44 166 144 73 20 18 18 26 27 84 236 203 151 97 61 68 47 36 18 39 72 92 127 122 10 0 68 68 75 47 6 70 81 24 75 109 58 133 83 104 42 58 66 206 75 60
38 80 123 93 107 83 56 79 46 22 44 66 15 58 68 90 64 145 138 114 161 50 114 69 112 109 27 74 52 32 80 67 73 28 90 115 79 57 52 52 30 48 70 41 30 15 47 62 61 31 22 44 48 70 34 25 63 78 46 62 69 35 109 145 153 255 255 194 62 109 125 56 31 12 48 0 76 40 105 185 132 25 52 61 49 94 75 111 57 161 181 139 130 152 97 50 72 123 87 38
47 80 152 196 217 90 0 46 30 19 36 121 91 46 101 22 76 40 73 72 138 111 160 128 106 157 17 70 132 110 55 10 82 81 12 61 36 63 78 75 47 32 39 29 30 40 72 73 56 14 13 48 19 54 109 87 50 51 10 52 51 8 35 36 67 161 153 183 108 192 191 76 54 51 85 9 69 0 78 87 131 72 108 68 52 110 126 157 133 128 101 38 106 134 76 0 62 106 105 54
51 85 98 96 114 61 24 73 123 65 25 95 59 113 153 101 155 76 58 43 65 103 210 204 132 125 34 111 142 113 19 37 115 110 5 10 47 61 112 105 53 21 32 52 45 34 57 73 60 43 19 24 0 0 66 71 64 76 75 120 96 153 87 58 72 37 13 121 117 158 118 47 6 16 64 79 84 11 72 45 78 44 54 63 86 94 180 198 174 98 57 57 58 43 33 48 95 187 113 49
21 77 95 100 94 98 99 96 120 66 17 42 0 193 168 204 203 101 95 44 16 94 148 208 112 106 31 68 36 74 66 121 83 121 114 30 55 61 85 53 39 22 37 56 28 1 16 42 31 27 14 16 55 102 93 28 43 117 164 151 44 121 69 45 70 87 165 153 121 147 115 101 125 76 84 112 30 2 57 48 126 127 110 55 89 89 167 96 110 69 83 136 70 36 56 93 143 93 45 44
33 60 116 201 155 104 92 74 66 93 78 74 65 213 181 198 132 78 35 70 51 73 101 124 39 66 0 65 10 25 63 121 58 88 148 70 53 42 43 49 32 23 26 31 12 6 12 18 21 34 51 4 45 178 193 111 40 85 111 103 13 53 67 38 64 62 187 88 84 136 136 185 216 150 161 159 50 70 96 39 145 116 132 55 84 58 108 61 79 73 101 125 71 94 151 128 73 51 72 0
23 38 94 126 53 24 31 18 42 156 190 54 106 125 171 90 117 82 93 94 83 130 123 36 1 38 90 100 61 68 64 87 66 95 117 51 26 25 36 33 41 31 6 21 6 18 39 49 30 39 23 24 26 94 190 154 84 47 73 88 24 101 164 140 80 44 62 51 60 75 67 88 117 117 197 237 109 117 97 0 90 79 90 123 101 80 102 105 115 98 105 143 52 100 173 154 83 63 29 1
52 47 42 47 16 42 45 0 73 90 86 20 106 41 108 59 82 162 134 72 80 120 88 35 43 92 112 132 74 52 81 97 134 86 57 30 35 37 34 42 41 44 29 42 21 29 42 43 37 5 40 27 46 70 57 85 103 154 92 85 80 83 126 100 109 147 117 96 75 71 44 40 24 30 173 172 62 64 51 13 120 38 144 98 60 111 88 155 136 131 121 105 68 74 115 125 83 59 37 31
115 62 14 51 56 84 99 92 108 113 44 59 80 23 66 54 8 163 64 25 24 18 57 33 110 110 144 50 25 14 115 154 147 82 44 54 63 60 28 33 33 44 36 52 29 31 37 34 38 0 29 26 128 151 40 17 201 193 56 27 96 71 89 92 78 144 31 30 28 52 74 79 41 9 99 90 67 71 58 3 79 0 54 39 58 112 107 97 51 148 142 16 53 92 69 13 25 54 52 9
82 66 17 73 128 187 140 43 109 182 105 89 35 51 74 54 26 110 114 91 23 29 114 213 241 191 63 60 26 10 68 28 77 67 64 74 59 62 29 32 25 25 20 50 31 23 24 24 20 47 45 5 41 47 69 96 144 115 104 55 104 86 38 34 56 32 32 15 44 133 48 101 82 49 24 36 69 76 91 4 43 116 155 136 85 5 63 29 61 65 55 13 80 50 15 56 21 14 42 97
9 58 42 80 68 99 77 13 107 179 139 48 15 62 98 54 60 95 68 79 26 36 172 245 194 100 110 131 159 95 75 26 94 94 83 64 28 36 20 34 29 15 11 60 48 25 14 15 16 34 33 40 39 5 39 41 68 56 90 3 81 144 91 59 49 31 51 73 94 135 68 61 42 65 21 42 39 55 88 52 31 169 223 207 183 67 68 41 66 76 87 51 49 39 8 18 17 16 52 115
68 73 33 85 34 33 48 43 90 105 55 14 3 56 76 53 86 109 141 73 56 81 50 67 96 81 46 146 182 208 186 65 115 80 52 33 17 21 13 33 39 24 22 77 66 38 17 12 22 23 44 29 0 33 81 113 40 67 60 25 159 180 107 69 79 52 71 47 28 87 61 92 31 48 23 62 48 75 57 56 3 163 196 207 196 55 48 56 64 75 139 160 83 70 73 69 39 75 78 32
61 109 107 160 63 47 72 66 53 50 0 49 36 49 57 49 108 180 193 107 99 119 170 188 158 145 180 98 115 161 183 86 44 11 10 10 26 28 27 41 40 34 29 69 57 43 28 16 10 9 25 10 0 71 101 150 82 137 120 121 201 118 56 86 105 131 60 69 17 32 91 157 111 68 2 90 116 122 64 31 19 117 68 155 184 45 71 74 89 73 133 157 41 32 87 63 26 25 33 47
89 76 75 202 120 58 57 60 49 64 69 117 136 60 105 70 133 140 171 101 98 102 140 135 82 67 98 33 37 62 107 32 31 27 51 35 45 37 37 40 32 36 24 45 31 37 36 22 20 13 6 51 36 53 38 89 101 147 157 166 211 127 62 96 129 141 70 93 40 69 108 255 206 144 22 152 196 156 128 68 88 74 0 110 176 78 84 87 52 34 109 156 71 81 165 114 75 84 89 85
82 44 54 80 81 46 50 68 51 58 102 96 104 37 92 106 127 74 99 137 200 167 84 41 87 83 58 1 76 89 144 86 189 148 102 51 66 45 33 22 28 29 47 10 27 37 33 39 23 10 24 7 37 36 17 28 44 92 70 91 167 125 116 125 98 92 54 76 11 18 116 247 212 150 44 162 154 79 229 110 82 49 63 24 122 66 98 68 42 8 70 60 0 28 118 83 38 25 70 71
9 56 105 40 34 49 85 62 50 57 87 63 64 0 124 90 136 4 91 69 43 112 156 142 57 72 97 66 94 100 192 169 232 179 89 127 72 38 34 44 44 40 41 22 26 20 17 30 33 20 24 18 24 20 38 23 40 19 50 22 135 64 101 105 29 98 36 98 41 37 33 127 114 108 25 111 53 78 137 109 29 58 82 1 67 47 107 48 12 21 39 46 67 86 115 127 66 49 81 75
187 102 67 86 105 69 65 67 39 25 102 103 64 13 135 142 116 11 52 62 110 158 116 26 21 25 82 108 94 52 122 117 164 99 62 162 90 45 15 47 85 76 36 30 33 38 36 34 32 26 26 31 25 18 61 24 41 31 107 50 81 19 33 57 5 70 71 191 153 121 49 54 42 42 40 24 25 59 62 62 3 76 106 40 86 93 129 12 0 34 39 57 81 74 69 120 50 28 36 22
243 204 85 74 59 94 86 29 98 13 84 81 50 79 32 41 25 119 93 117 135 99 130 140 63 27 45 122 134 70 75 67 136 45 58 80 64 44 13 81 176 149 51 26 22 44 44 23 17 21 25 24 36 32 53 26 27 70 150 77 111 146 90 49 50 24 83 205 214 70 0 68 49 25 74 43 122 96 65 0 82 96 56 32 62 116 183 121 27 34 48 76 44 31 30 60 77 56 47 32
156 132 36 51 32 26 66 44 76 25 81 43 87 191 81 61 111 164 34 65 40 42 169 211 118 75 8 63 113 95 57 34 89 48 51 11 46 55 35 92 161 135 48 32 18 22 24 19 17 22 22 0 39 40 19 25 20 51 111 47 154 226 131 25 44 71 84 12 74 22 8 135 194 136 91 133 181 173 157 67 80 57 15 66 54 63 88 86 78 33 21 53 31 40 39 34 40 32 24 27
91 49 37 29 69 9 64 40 28 45 68 26 109 139 98 63 229 221 121 122 33 26 98 130 124 148 52 48 85 134 100 61 22 78 45 42 67 67 41 45 73 92 101 121 92 40 20 37 43 38 25 0 39 36 0 29 16 37 95 138 113 93 20 35 82 52 68 45 86 81 78 186 222 155 38 95 96 97 141 70 120 73 34 84 61 37 21 40 70 41 9 17 33 45 42 51 32 34 34 65
175 72 134 104 175 85 106 121 92 115 75 71 162 139 164 116 177 164 153 136 48 17 38 53 65 165 113 85 63 150 157 129 54 112 65 82 65 50 29 23 63 129 207 204 152 72 30 38 53 42 22 3 39 23 12 31 9 33 99 226 76 26 30 121 117 33 29 31 8 78 130 107 109 95 37 64 61 39 86 29 92 83 80 48 48 40 22 19 30 50 50 29 32 21 28 49 56 53 46 95
189 28 93 56 163 132 86 95 79 134 65 41 68 81 154 129 112 41 60 80 54 60 102 37 75 198 179 144 55 137 180 177 57 65 71 85 59 39 17 31 59 144 227 167 112 65 34 29 39 28 10 19 37 9 29 25 22 13 64 149 76 102 178 143 100 53 68 98 67 90 146 67 28 64 42 53 40 57 80 63 110 160 191 49 40 48 60 45 16 52 97 71 41 14 30 24 36 20 0 51
101 15 27 48 160 152 48 69 48 89 35 2 32 42 104 96 85 48 65 16 50 92 118 70 101 226 242 120 58 94 161 138 50 33 46 56 59 72 81 68 55 75 89 81 60 61 37 31 37 21 50 3 29 14 5 35 19 9 57 34 61 138 106 92 111 60 89 135 117 137 102 65 99 93 15 18 51 41 89 34 106 170 165 71 32 32 82 82 41 57 80 66 43 24 14 40 51 48 23 7
145 117 168 139 124 195 104 88 93 70 110 142 131 144 112 185 102 26 68 55 104 70 81 62 101 153 171 58 97 130 136 113 61 16 41 62 66 89 93 79 42 28 39 42 72 103 114 59 34 50 72 10 12 15 21 34 39 26 53 45 15 55 28 39 74 86 47 36 22 2 12 49 109 105 58 116 113 78 55 13 67 55 46 48 64 42 60 62 63 18 34 48 27 30 53 76 104 79 100 17
112 42 62 84 59 141 42 73 26 44 167 92 80 122 144 230 53 0 47 58 88 58 55 70 42 62 20 19 176 201 131 55 92 10 61 30 25 38 66 40 44 58 59 65 135 135 139 80 25 18 21 16 26 25 36 49 35 32 57 82 26 48 55 88 103 57 66 98 15 25 21 17 4 39 86 162 153 107 46 0 103 90 58 32 50 70 84 43 31 22 36 31 25 43 56 70 70 64 84 65
26 45 62 79 85 97 0 49 2 64 141 19 29 27 49 57 22 9 38 73 46 47 7 60 44 80 77 50 145 219 112 165 191 38 116 88 88 45 74 46 38 101 71 100 183 128 74 57 45 18 12 50 63 63 82 90 37 40 55 69 16 19 43 49 54 19 202 253 13 50 42 62 78 62 94 63 71 58 54 24 22 46 67 69 64 90 137 126 87 45 0 8 56 44 72 207 171 21 93 0
58 116 134 140 171 123 76 86 125 100 54 55 119 94 34 42 46 39 68 125 105 111 50 126 138 175 87 75 185 255 221 230 217 32 112 178 162 105 88 69 46 80 18 92 135 102 37 43 48 33 28 33 15 29 62 54 26 34 47 32 25 27 56 19 89 63 207 204 65 126 86 75 91 27 64 45 69 53 49 38 42 86 120 98 29 36 90 85 62 62 22 9 64 74 89 189 200 80 91 111
121 106 123 147 150 118 144 62 66 36 39 61 162 140 43 40 35 38 69 73 121 174 140 190 247 247 218 80 119 172 152 170 123 28 77 163 85 127 90 48 110 82 21 105 50 100 92 88 122 60 53 48 22 21 51 48 22 29 44 24 66 79 102 57 99 103 165 89 67 114 134 80 152 54 63 66 32 0 4 57 96 128 151 123 26 27 66 41 24 5 32 67 58 17 33 123 155 92 255 243
14 24 121 183 89 127 223 139 88 83 105 24 59 68 51 39 61 82 87 31 89 191 172 209 216 255 235 80 27 34 137 143 128 114 132 171 90 225 209 112 148 107 65 123 26 150 159 114 141 31 46 52 42 25 45 50 42 35 33 17 57 57 51 38 49 56 112 48 31 65 98 53 130 65 84 66 33 28 57 90 75 72 130 189 92 32 37 30 14 28 40 11 0 26 68 116 54 88 207 246
79 26 127 252 64 56 166 211 131 113 87 73 27 51 61 57 35 58 46 11 32 134 101 178 151 224 255 130 16 37 133 143 109 74 81 122 115 253 248 110 116 96 58 101 48 210 178 84 73 0 49 32 18 16 41 35 31 17 11 20 56 55 36 68 29 47 126 101 47 68 35 82 48 28 73 12 57 107 149 82 31 64 139 183 81 48 58 26 10 41 33 17 60 71 31 38 76 61 155 164
19 42 177 137 72 74 26 87 54 86 25 133 37 20 78 92 91 116 114 77 39 75 59 122 95 182 248 193 34 10 77 94 89 24 91 94 98 249 252 115 43 45 59 81 46 83 72 91 97 36 57 21 12 40 49 51 52 36 41 47 64 64 64 88 37 73 121 110 68 83 22 111 32 21 44 26 45 71 107 121 72 63 76 101 49 35 34 46 67 75 52 42 46 77 7 30 71 99 206 98
54 70 88 92 131 129 47 11 21 55 86 88 13 29 79 126 192 255 255 128 153 198 163 113 44 117 154 138 20 30 20 69 126 131 255 253 251 254 255 154 15 29 54 85 54 8 19 94 137 84 79 44 63 63 39 57 56 54 50 43 81 32 12 107 45 104 88 53 110 60 53 71 57 46 66 34 19 21 52 70 106 78 35 39 37 42 23 27 69 108 52 22 27 79 91 112 76 67 101 72
10 86 52 106 175 123 81 46 97 89 171 160 119 116 139 146 175 206 147 39 154 250 227 142 93 173 232 165 20 80 60 53 105 34 150 252 255 203 255 189 38 83 71 65 134 105 102 96 26 107 111 49 66 59 34 13 6 22 7 5 107 96 52 160 152 208 133 56 165 92 59 19 59 29 44 44 57 66 56 31 31 109 107 55 28 42 33 36 104 111 4 78 103 89 28 6 65 48 54 154
72 123 40 82 109 21 49 76 101 107 83 140 187 111 89 129 136 104 11 23 56 108 95 85 99 185 217 93 4 79 97 71 97 87 137 255 247 249 255 140 71 132 189 137 254 61 67 31 22 77 56 27 57 44 64 78 46 84 73 47 90 114 45 100 178 219 168 83 154 143 36 12 77 36 28 11 18 63 87 79 83 86 63 48 51 45 17 5 13 59 16 216 219 116 17 97 143 77 9 76
67 66 18 89 134 75 77 81 96 70 8 121 127 76 82 131 95 116 103 195 86 64 69 89 228 255 136 27 43 47 0 23 188 255 230 255 255 254 217 169 194 219 95 30 147 166 166 86 89 40 63 59 118 127 45 16 66 92 106 110 45 78 45 93 42 96 117 69 84 119 31 51 66 44 62 70 68 95 70 17 11 67 75 7 0 59 76 9 25 46 21 195 255 154 0 33 107 68 35 55
53 37 35 57 66 44 37 56 55 54 30 90 68 73 36 60 0 76 113 210 126 156 198 130 209 221 74 68 119 145 64 82 222 246 221 221 255 241 224 202 194 235 76 77 117 238 173 50 97 48 155 60 32 85 40 116 213 141 88 118 38 48 31 71 0 49 82 65 52 52 46 83 105 47 39 58 64 110 94 47 38 45 48 15 41 120 153 88 44 74 82 107 196 165 71 32 90 91 76 37
67 62 97 93 80 52 17 64 74 202 169 89 156 158 53 90 23 92 60 124 97 190 241 109 52 91 54 76 101 176 122 112 195 147 130 44 97 204 255 204 221 255 210 83 141 247 255 49 93 4 68 48 65 88 70 167 255 191 80 88 84 84 63 72 81 87 60 64 62 45 53 102 120 54 47 63 28 58 86 104 115 126 93 13 42 128 173 125 72 68 76 49 69 106 118 64 56 101 83 36
178 100 73 72 114 102 38 89 96 210 226 85 100 131 146 104 41 103 13 70 19 100 146 50 36 94 101 53 76 116 63 84 150 117 124 32 82 193 248 248 219 242 237 199 169 203 186 32 24 21 23 56 106 78 63 47 99 153 82 51 104 106 101 102 140 85 2 31 62 85 49 122 192 102 88 119 66 54 49 64 116 124 103 52 64 62 91 120 75 38 59 112 24 40 69 31 50 126 98 79
195 115 24 0 87 85 56 69 48 87 87 95 43 78 182 135 46 39 31 14 74 128 90 45 100 166 97 53 120 126 38 78 165 120 100 80 143 183 210 245 253 255 145 241 246 113 114 18 17 73 93 49 101 31 52 33 10 64 0 64 28 32 96 73 88 51 21 49 93 78 11 89 147 77 71 104 84 109 93 43 48 69 60 60 37 38 39 74 67 43 60 40 41 50 56 40 128 156 52 75
115 86 19 18 97 73 99 50 44 77 34 123 101 54 219 114 73 108 84 28 129 170 107 54 109 123 140 39 78 74 25 76 122 21 48 69 109 47 120 234 243 255 221 225 247 120 178 128 76 38 49 77 65 101 169 194 138 99 82 103 61 0 48 30 38 44 118 139 76 72 55 70 125 52 38 41 58 125 130 93 58 28 1 36 93 61 32 68 61 55 46 31 89 105 101 119 183 163 0 65
36 62 33 20 64 6 52 31 80 81 75 61 28 9 122 12 115 110 109 98 139 58 2 31 63 106 118 98 44 17 51 117 82 47 145 174 125 23 119 255 227 197 212 232 232 128 150 108 73 12 64 15 56 187 255 223 157 83 167 237 231 110 70 4 61 90 183 205 117 61 56 120 109 89 87 52 34 76 96 94 79 67 28 24 111 87 43 45 23 15 68 100 139 151 147 128 124 83 36 19
82 27 30 108 131 0 2 136 99 27 85 57 54 49 61 44 30 81 119 99 89 94 73 31 87 128 130 192 113 36 94 193 180 139 137 131 60 76 167 251 210 247 255 255 135 69 78 65 64 55 75 188 169 213 252 114 102 93 95 189 77 69 30 65 151 139 204 158 52 123 175 91 65 79 61 78 53 53 49 40 30 46 28 20 88 102 78 62 66 31 72 76 63 71 96 82 31 1 40 32
70 45 58 155 136 75 58 85 120 65 79 96 131 103 71 45 62 66 78 132 71 34 15 50 115 154 179 108 113 89 73 95 87 36 23 111 164 242 252 228 113 249 242 245 247 244 198 85 206 123 121 174 120 127 128 34 94 187 191 215 114 107 151 215 239 155 127 48 0 132 222 121 34 68 25 107 71 44 51 58 61 23 0 18 16 10 2 19 11 22 61 62 76 59 46 49 68 53 18 163
57 85 117 255 171 144 161 49 100 54 62 54 100 115 102 96 160 149 82 144 108 70 12 70 174 214 164 89 126 121 56 47 108 92 81 119 158 193 232 247 85 255 251 183 255 239 247 167 253 232 228 150 245 248 197 108 255 247 109 31 50 88 206 225 181 204 173 61 39 118 160 99 67 88 29 108 70 46 79 102 100 48 19 41 4 17 68 136 83 52 64 40 33 39 51 38 43 52 66 165
0 105 157 236 160 193 224 56 163 20 97 64 79 77 63 135 203 158 52 110 121 114 34 24 151 167 101 135 128 55 23 130 240 255 215 194 133 85 142 255 72 239 255 239 227 217 255 223 249 255 177 173 255 232 213 135 253 250 147 225 242 255 226 148 6 45 126 137 101 81 113 97 99 64 17 62 89 105 107 73 63 51 34 20 4 27 86 143 79 30 64 46 14 45 87 49 0 24 132 93
12 88 124 183 169 169 151 86 178 34 159 105 108 95 69 69 85 77 51 98 64 78 71 45 15 95 163 73 50 27 33 171 247 242 182 255 185 55 0 100 0 122 145 214 57 197 255 210 253 84 210 120 159 200 246 224 233 227 244 255 252 173 194 150 88 173 158 79 105 105 106 107 98 62 72 67 112 134 109 43 30 30 26 16 52 36 33 43 45 60 107 87 73 71 71 48 9 23 69 56
62 75 84 231 168 138 113 81 149 35 147 127 119 133 89 67 19 71 140 118 129 135 93 66 17 113 169 37 51 78 150 195 168 85 87 93 180 113 31 95 57 59 22 70 248 200 253 230 24 70 0 104 218 238 255 229 255 246 242 255 244 194 192 161 169 188 165 0 100 127 108 130 93 94 174 71 93 108 67 38 40 17 9 47 89 67 37 30 41 87 175 116 127 89 55 83 138 123 34 60
97 122 156 195 132 77 91 73 104 100 25 86 88 142 169 141 113 116 142 106 146 169 129 62 168 159 110 15 93 148 179 167 101 43 31 53 152 193 223 252 248 72 28 100 124 242 255 225 255 28 231 236 255 210 61 71 245 243 238 239 250 255 164 134 150 166 162 48 115 88 115 131 100 104 209 57 69 97 65 37 45 39 0 64 36 42 65 71 33 53 132 109 112 100 75 113 154 153 104 69
96 113 251 146 2 43 91 92 84 150 18 48 87 123 201 225 187 91 23 46 29 66 88 146 160 123 45 14 102 139 134 96 49 53 62 83 106 158 249 254 210 0 141 121 144 31 138 244 254 170 244 240 226 134 135 180 255 238 234 255 242 231 57 0 42 50 67 70 117 108 84 160 82 0 114 57 138 145 82 58 21 34 6 71 29 41 111 99 68 79 155 142 94 53 114 107 32 66 108 63
5 140 196 95 39 62 91 109 127 44 101 66 57 179 154 116 157 67 40 16 61 69 132 119 33 45 15 28 56 42 36 25 71 90 103 109 82 96 159 177 100 28 51 61 126 170 216 255 177 255 210 220 97 240 234 230 242 255 248 255 248 87 78 40 19 78 79 30 77 52 62 142 91 0 74 66 153 174 96 26 38 49 44 27 36 21 84 47 79 99 73 151 22 51 124 91 62 59 99 53
169 210 255 113 144 178 149 104 75 91 148 162 53 35 47 98 137 70 27 62 46 41 96 130 75 107 93 96 71 38 55 83 88 57 26 17 79 141 146 182 156 58 77 141 141 99 119 169 217 242 255 71 64 242 248 244 216 248 255 192 72 40 3 119 55 81 43 94 115 64 89 176 122 39 61 68 61 60 39 9 58 83 91 1 60 78 102 110 167 140 126 103 60 1 59 76 117 54 33 8
229 181 166 255 187 244 251 186 88 68 215 176 117 122 65 44 106 107 137 139 126 35 92 89 91 117 110 81 36 16 55 104 126 88 46 16 164 255 202 229 236 89 92 124 82 48 56 149 235 219 247 178 200 251 255 243 61 107 79 139 0 88 101 43 118 45 82 111 131 85 73 181 169 64 39 78 44 44 53 39 51 111 107 3 25 86 39 120 121 60 76 62 121 78 8 121 132 67 17 27
139 73 105 72 195 255 199 33 31 45 96 16 155 255 232 125 121 112 85 201 163 77 51 67 40 64 80 39 9 10 41 76 100 106 101 55 186 224 136 157 162 31 36 26 54 40 52 136 240 90 225 243 250 230 225 100 80 11 90 84 68 125 148 0 89 99 168 19 131 104 125 192 185 98 72 70 79 158 141 29 11 93 93 35 24 113 39 169 144 0 38 36 186 161 69 102 149 120 56 51
51 34 108 119 50 38 76 130 117 20 27 111 163 150 73 0 39 108 70 132 95 79 58 27 33 43 72 33 37 56 61 63 51 80 102 54 148 127 51 85 68 6 25 18 17 25 64 94 119 59 243 247 252 249 151 65 170 103 140 55 30 65 25 83 87 228 66 99 225 199 127 159 122 23 35 30 58 142 120 9 18 83 78 42 18 101 38 178 164 27 33 76 77 118 89 65 107 130 83 59
30 23 91 3 138 241 108 39 110 133 75 73 53 60 108 84 43 105 76 46 41 58 41 18 35 25 47 73 51 48 77 104 76 45 46 94 57 84 78 94 86 44 85 24 33 47 85 70 60 38 195 255 174 237 50 72 134 77 87 65 74 42 79 99 140 209 45 132 237 217 121 107 46 0 30 53 61 93 50 0 21 68 24 82 40 46 29 119 133 43 76 127 30 39 75 31 66 93 6 19
43 33 53 93 76 126 101 99 43 8 131 70 38 40 91 70 22 129 152 38 15 45 6 42 58 26 59 40 34 30 69 87 73 77 71 58 13 91 139 112 78 46 46 5 50 71 72 62 40 133 150 205 68 148 15 86 55 152 61 100 146 46 126 70 113 84 30 7 119 96 92 125 113 47 77 99 57 27 16 28 55 38 35 71 85 81 95 91 91 81 100 110 55 31 42 53 43 29 10 36
98 83 44 106 67 101 86 66 59 29 95 85 86 26 86 33 17 47 27 39 0 34 27 16 89 35 50 36 26 27 50 60 27 67 98 79 41 136 228 159 103 46 16 20 78 36 14 53 63 205 191 187 74 70 80 108 50 177 106 120 15 91 10 84 42 0 58 38 111 135 120 151 85 18 26 63 36 2 21 55 33 27 72 55 45 65 125 55 53 56 58 65 76 36 28 66 57 5 42 82
81 142 168 101 86 58 32 65 20 183 72 135 84 69 97 136 67 24 0 50 11 36 104 77 61 79 110 150 81 59 69 95 104 101 123 110 54 91 199 138 142 61 73 61 189 80 73 44 2 134 249 255 133 5 115 72 83 77 81 28 69 126 70 50 66 15 66 59 95 142 93 79 69 35 19 35 30 26 45 45 35 67 116 100 19 47 98 43 36 70 87 56 56 35 55 82 64 22 44 90
48 71 122 82 181 144 124 149 121 235 108 19 117 103 39 15 30 23 65 31 50 77 86 30 23 70 67 105 83 87 122 113 99 48 50 53 11 18 137 116 109 71 64 183 166 105 57 64 74 80 166 234 120 41 127 98 88 114 57 56 41 75 43 32 111 63 48 39 86 80 47 4 46 59 47 27 13 17 28 16 32 57 77 110 58 81 99 80 64 116 101 26 45 56 48 26 53 59 26 74
43 45 65 99 133 104 157 141 85 157 75 41 66 102 16 7 69 59 18 7 0 123 162 66 91 200 216 112 58 23 118 130 62 33 51 64 35 10 58 26 61 32 58 116 119 64 96 57 79 8 61 135 93 59 50 57 79 92 28 28 81 121 41 42 60 59 27 70 100 80 49 35 19 35 33 15 15 20 16 22 33 56 45 48 55 94 113 93 104 112 50 19 88 76 19 16 48 83 23 63
103 91 79 161 98 85 177 138 42 77 73 75 53 66 105 77 41 53 0 60 0 136 217 93 40 154 209 74 54 9 44 53 68 75 100 103 93 74 65 31 60 79 30 46 86 179 190 40 64 1 78 61 34 28 23 90 34 88 55 84 172 187 138 70 45 58 53 43 46 62 56 80 76 63 53 35 53 60 33 55 90 108 84 65 49 59 68 56 55 40 10 27 38 2 0 43 47 59 23 39
160 112 92 188 84 39 107 104 18 40 75 34 0 81 160 100 50 56 71 50 96 182 205 75 73 144 189 68 57 30 0 41 125 115 90 49 48 73 83 94 91 104 29 97 98 151 133 38 66 8 94 69 30 80 39 74 8 59 117 115 160 221 230 164 91 79 147 0 33 46 92 99 102 82 70 35 51 63 31 67 107 93 82 144 89 36 9 38 83 50 49 64 9 20 49 61 61 34 30 24
166 132 100 73 39 0 15 0 44 18 29 25 29 56 71 75 64 87 69 13 134 200 143 50 120 185 149 59 102 93 46 68 137 129 16 36 14 62 25 40 24 66 44 106 37 38 52 104 128 49 38 84 60 81 63 91 45 30 135 121 131 132 227 195 112 89 117 54 31 50 69 83 50 32 47 23 38 27 22 41 60 79 81 109 88 53 44 113 117 54 37 53 32 63 119 104 40 36 73 19
122 92 156 7 33 4 25 0 111 82 10 72 64 31 43 63 96 44 59 4 133 122 18 7 42 56 100 101 155 133 49 39 81 62 0 64 74 134 72 42 14 52 67 98 63 15 30 210 135 138 53 61 75 76 88 90 109 35 100 114 110 56 110 148 65 75 31 30 6 32 62 42 45 42 58 19 20 27 29 26 26 45 70 63 65 34 77 146 94 12 16 6 23 64 106 95 49 27 13 17
51 58 88 15 34 23 77 77 145 85 29 17 106 101 69 69 18 58 108 9 57 13 0 63 49 32 162 171 165 134 27 17 18 39 41 91 112 255 250 197 70 99 105 78 100 70 1 163 38 113 99 50 94 69 81 103 189 63 117 43 84 60 122 88 46 67 32 82 76 70 102 95 19 6 47 62 58 40 38 40 25 56 93 81 73 37 53 79 47 17 71 15 32 83 131 138 132 88 20 40
30 53 45 47 26 26 41 54 109 99 88 18 59 43 46 158 130 156 74 54 134 147 155 83 43 98 124 122 70 8 39 0 5 59 125 157 135 255 255 177 37 129 151 92 69 140 54 134 68 68 78 78 73 46 158 69 125 17 100 9 2 21 105 68 71 68 58 40 52 25 39 43 30 3 44 91 80 46 38 37 16 38 38 51 37 42 20 20 16 58 125 49 32 77 126 128 80 57 14 20
8 13 93 29 72 131 115 96 94 90 0 74 84 50 10 127 125 128 29 100 94 88 127 62 47 76 89 17 9 38 64 78 39 12 37 71 48 133 175 143 57 130 147 148 31 156 97 125 19 99 145 72 45 67 77 198 236 73 37 54 5 36 49 123 156 151 96 37 66 83 121 133 82 56 54 65 44 40 41 18 47 55 39 57 64 74 45 45 31 70 94 58 22 44 78 63 50 57 61 102
25 40 145 114 169 203 164 81 43 84 42 59 63 91 33 101 94 52 26 91 50 56 93 78 0 56 47 0 41 64 73 73 52 21 25 59 31 47 73 34 42 19 32 140 15 114 66 87 97 182 89 96 154 234 142 246 216 126 66 49 25 30 39 159 197 186 63 53 46 19 44 82 89 57 29 51 41 43 53 47 54 52 47 40 69 29 20 45 72 69 76 89 49 47 89 96 76 47 25 96
74 79 155 219 226 212 151 56 50 85 102 10 38 123 62 68 94 43 79 52 86 124 145 88 10 61 88 29 91 132 74 58 39 45 47 89 75 48 71 27 100 66 95 152 30 69 31 75 150 147 35 32 173 255 69 187 80 49 70 21 105 120 132 85 147 117 28 79 119 63 4 15 57 31 1 48 49 40 46 61 50 46 33 31 64 9 17 96 111 80 119 118 73 64 119 144 144 91 49 53
126 34 93 81 68 95 46 16 15 35 37 95 126 143 48 11 49 47 130 26 100 100 132 35 27 103 59 31 119 165 161 68 40 24 7 87 105 46 80 67 123 124 157 101 31 83 59 95 50 9 50 81 105 73 22 87 63 5 71 62 112 140 182 64 100 52 41 83 248 255 105 24 45 51 9 22 16 21 19 13 29 51 40 90 106 46 11 109 137 88 152 102 57 54 94 100 144 132 135 36
107 49 53 111 107 104 88 88 92 108 91 249 230 162 112 80 120 48 73 36 60 61 55 26 68 118 47 13 103 159 145 97 66 74 78 40 69 34 48 64 93 100 160 61 66 75 52 128 127 58 101 127 105 29 28 82 114 17 112 120 86 127 70 82 63 105 50 78 211 168 37 20 86 77 17 36 41 30 15 13 28 20 48 101 117 57 30 69 85 57 76 95 65 60 78 74 80 87 52 36
98 47 82 90 40 46 48 26 39 58 38 251 255 129 146 129 126 80 46 93 119 117 129 117 105 153 94 68 80 91 91 60 76 93 119 68 38 35 27 157 150 148 162 118 84 85 46 108 227 159 43 101 59 40 71 85 104 49 136 112 100 101 13 64 109 144 69 33 59 35 0 13 64 65 64 56 65 56 33 24 15 32 55 62 88 86 42 33 51 53 39 41 34 92 96 66 48 45 21 15
51 59 86 58 37 80 81 43 40 63 44 182 216 76 89 47 41 72 47 79 137 183 194 160 63 110 52 75 74 62 71 73 46 24 35 142 105 43 26 149 95 36 84 205 46 93 93 62 117 103 65 34 0 26 108 156 207 145 163 95 166 120 75 27 166 153 50 40 83 130 107 76 37 40 74 31 37 41 30 26 38 37 49 38 72 106 56 53 59 75 39 35 30 86 69 52 78 108 102 55
46 87 16 5 72 146 112 60 33 39 49 52 65 51 96 147 61 156 195 112 127 132 92 51 55 78 79 170 111 60 52 11 54 69 99 186 137 92 104 113 98 65 48 133 225 156 107 76 50 39 99 59 43 56 76 105 147 137 117 93 121 30 113 43 102 114 39 55 101 167 136 97 17 23 39 2 2 25 44 51 27 30 54 38 54 89 24 32 22 29 9 35 59 57 21 35 73 97 102 44
18 114 53 80 59 70 100 134 120 72 84 63 36 45 43 136 90 172 170 64 33 12 24 75 122 76 86 173 67 64 139 110 44 56 110 84 118 141 113 72 30 48 56 140 123 76 102 138 86 33 15 41 29 59 113 180 224 187 82 113 131 32 52 0 102 141 82 74 98 134 84 86 33 57 37 35 24 33 42 38 10 39 60 18 14 75 37 58 28 57 71 87 139 97 50 49 53 28 50 42
74 109 96 179 85 33 77 99 73 79 123 161 95 58 8 33 11 112 51 51 40 31 44 69 89 86 86 141 100 78 80 72 130 134 92 56 208 255 230 159 100 55 60 64 73 27 65 51 19 23 88 95 47 34 43 93 147 166 132 60 129 52 55 84 155 143 75 54 101 117 19 31 29 74 42 59 57 50 25 3 36 55 63 44 20 52 29 81 13 101 142 94 122 81 51 33 16 10 69 56
126 108 127 162 64 8 40 34 0 71 146 163 52 23 34 53 141 211 91 60 53 69 62 39 27 60 65 85 108 91 44 45 137 188 93 46 122 206 255 169 98 68 46 44 55 91 78 75 40 39 108 123 92 72 19 13 71 116 136 28 105 60 61 137 140 101 82 58 94 92 1 50 51 88 52 26 56 66 34 20 47 61 70 98 62 37 0 29 7 92 116 59 68 49 41 45 18 38 108 54
161 98 80 39 43 61 71 37 38 49 102 100 21 39 73 96 211 239 153 51 45 62 67 78 74 47 84 69 30 73 116 102 91 74 74 92 41 117 140 106 65 88 152 55 42 52 115 171 195 133 0 112 59 58 55 62 94 93 57 96 88 67 8 86 74 27 68 58 86 94 44 136 166 168 106 0 35 58 29 31 40 70 58 79 63 77 47 68 60 68 37 21 44 30 13 37 24 0 47 0
135 61 48 29 43 50 43 35 61 58 27 61 0 45 73 68 145 96 37 13 48 73 88 80 50 67 109 58 79 89 95 89 90 121 95 161 110 176 212 110 43 100 200 62 27 29 88 149 213 148 7 102 48 45 51 131 175 143 53 79 72 78 24 63 40 56 95 66 84 102 77 155 165 175 97 7 7 32 29 29 39 38 36 60 62 72 13 79 82 109 44 24 31 27 7 46 33 22 34 7
110 45 41 58 80 49 30 26 50 30 14 41 23 51 69 46 139 74 75 37 23 47 75 29 4 12 53 107 94 73 46 17 136 146 112 175 136 220 249 120 15 68 71 72 67 89 94 42 90 122 72 129 63 31 19 93 133 165 109 47 58 171 87 52 71 94 88 51 50 92 46 111 75 101 82 44 36 33 25 32 17 35 37 56 53 71 19 45 49 97 87 15 27 23 30 50 92 71 45 22
32 73 67 21 47 86 103 59 49 45 62 59 37 20 39 30 114 76 157 110 63 30 83 130 109 70 46 119 49 23 50 79 52 81 86 167 125 176 196 90 32 66 29 79 103 146 132 58 11 85 112 111 63 79 65 55 99 124 105 49 100 228 84 22 78 86 62 3 10 55 27 58 36 67 98 102 70 30 17 28 19 33 29 46 33 59 55 76 9 30 70 41 47 32 45 99 119 82 40 25
96 60 20 39 78 45 66 87 18 47 74 69 34 11 39 59 76 108 201 112 109 40 76 219 242 110 12 51 59 45 45 48 17 52 54 128 82 64 61 20 23 45 80 73 132 149 92 79 60 103 179 129 26 19 39 29 15 22 170 179 49 110 95 74 53 31 48 0 32 63 93 82 55 54 70 65 22 0 20 46 23 31 40 74 38 24 28 41 32 31 69 82 45 34 8 72 89 39 43 35
49 91 84 60 66 42 50 30 23 58 31 51 26 40 64 88 104 155 205 65 130 104 87 169 164 110 101 51 68 11 31 83 91 103 34 61 60 47 41 51 35 49 98 59 145 130 28 71 44 57 84 32 48 121 103 28 15 33 105 115 39 80 79 69 66 25 59 36 37 36 69 24 3 11 44 57 31 20 28 23 35 32 43 74 45 33 38 32 8 48 98 80 45 81 60 80 60 0 58 58
19 80 118 99 90 61 52 23 60 113 27 59 32 67 100 123 102 104 147 27 88 95 75 80 66 53 86 12 66 16 40 93 192 199 82 33 29 29 21 35 53 85 87 93 154 123 26 102 116 174 163 82 77 118 92 87 124 81 57 55 9 55 74 30 48 34 54 95 69 78 87 51 32 25 27 20 11 33 55 47 31 24 28 30 31 65 74 55 45 89 142 91 85 105 125 133 91 8 51 51
72 64 84 80 99 89 49 0 62 153 47 77 38 56 106 120 86 84 153 55 60 68 97 105 73 47 52 42 110 85 82 81 111 142 80 42 26 34 42 49 36 69 79 130 144 103 28 117 95 98 110 143 83 52 62 156 153 106 39 44 50 49 29 28 36 52 28 67 58 62 53 44 50 45 36 23 18 34 42 29 10 9 31 15 18 51 47 43 29 28 44 37 53 47 91 141 120 50 43 92
50 33 75 64 58 48 31 15 71 178 57 74 26 7 45 30 58 114 187 56 24 48 108 127 116 60 10 59 104 100 89 54 26 54 52 65 50 55 70 65 73 44 68 95 92 69 28 138 81 39 60 137 55 75 70 40 55 4 30 73 33 26 23 6 31 64 12 11 56 46 48 61 75 67 47 28 26 42 52 51 21 9 37 10 5 35 57 112 112 77 20 37 29 19 36 100 85 66 60 206
21 66 111 104 48 14 86 97 145 137 71 62 15 43 60 36 27 84 133 23 1 39 97 65 92 102 77 56 50 16 90 65 45 60 70 83 64 81 87 93 71 77 62 42 28 63 113 207 136 69 119 45 72 105 46 5 62 44 49 41 34 14 20 17 50 78 19 123 136 125 128 72 82 72 42 65 41 41 63 54 32 28 28 30 3 10 46 136 170 114 43 16 73 36 44 64 42 64 101 179
21 70 115 101 49 44 162 211 141 112 69 110 76 90 99 72 29 14 63 100 97 80 73 82 146 194 141 66 83 39 59 60 20 46 53 63 50 62 63 79 66 47 41 66 62 61 79 166 78 20 44 116 52 94 18 62 106 92 121 37 45 1 66 64 25 125 63 101 159 143 92 48 52 45 10 42 41 40 43 27 37 33 44 69 53 32 6 43 59 41 8 0 55 16 21 35 17 17 22 74
65 56 51 52 66 110 223 243 97 65 74 167 113 74 53 14 0 65 118 118 54 87 71 59 144 181 136 23 38 34 52 65 47 81 72 67 58 63 61 94 62 19 4 39 40 27 16 75 41 19 82 153 66 58 21 39 28 49 114 32 61 33 116 107 66 156 97 66 126 120 67 42 59 96 71 73 33 1 13 39 17 16 39 86 92 77 36 55 138 134 94 45 69 22 32 48 41 22 4 42
61 48 38 38 59 113 232 252 85 25 25 114 50 49 115 141 52 27 54 134 76 49 29 93 95 89 131 48 18 48 78 45 42 80 51 30 26 32 33 85 135 88 49 49 51 68 56 80 3 19 140 166 107 46 63 13 0 29 85 65 77 87 121 103 6 13 11 0 36 74 95 86 112 94 10 28 65 59 26 8 50 48 58 80 61 36 0 26 133 138 91 22 44 25 65 96 58 34 15 58
